81 173 50
80 173 50
79 173 50
78 173 50
77 173 50
76 173 50
75 173 50
74 173 50
73 173 50
72 173 50
71 173 50
70 173 50
69 173 50
68 173 50
67 173 50
66 173 50
65 173 50
64 173 50
63 173 50
62 173 50
61 173 50
60 173 50
59 173 50
58 173 50
57 173 50
56 173 50
55 173 50
54 173 50
53 173 50
52 173 50
51 173 50
51 173 50
50 173 50
50 173 50
50 173 50
49 173 50
49 173 50
49 173 50
49 173 50
49 173 50
48 173 50
48 173 50
48 173 50
48 173 50
48 173 50
48 173 50
48 173 50
47 173 50
47 173 50
47 173 50
47 173 50
47 173 50
47 173 50
47 173 50
47 173 50
47 173 50
46 173 50
46 173 50
46 173 50
46 173 50
46 173 50
46 173 50
46 173 50
46 173 50
46 173 50
46 173 50
46 173 50
45 173 50
45 173 50
45 173 50
45 173 50
45 173 50
45 173 50
45 173 50
45 173 50
45 173 50
45 173 50
45 173 50
45 173 50
45 173 50
44 173 50
44 173 50
44 173 50
44 173 50
44 173 50
44 173 50
44 173 50
44 173 50
44 173 50
44 173 50
44 173 50
44 173 50
44 173 50
44 173 50
44 173 50
43 173 50
43 173 50
43 173 50
43 173 50
43 173 50
43 173 50
43 173 50
43 173 50
43 173 50
43 173 50
43 173 50
43 173 50
43 173 50
43 173 50
43 173 50
43 173 50
43 173 50
43 173 50
42 173 50
42 173 50
42 173 50
42 173 50
42 173 50
42 173 50
42 173 50
42 173 50
42 173 50
42 173 50
42 173 50
42 173 50
42 173 50
42 173 50
42 173 50
42 173 50
42 173 50
42 173 50
42 173 50
42 173 50
42 173 50
41 173 50
41 173 50
41 173 50
41 173 50
41 173 50
41 173 50
41 173 50
41 173 50
41 173 50
41 173 50
41 173 50
41 173 50
41 173 50
41 173 50
41 173 50
41 173 50
41 173 50
41 173 50
41 173 50
41 173 50
41 173 50
41 173 50
41 173 50
41 173 50
41 173 50
41 173 50
40 173 50
40 173 50
40 173 50
40 173 50
40 173 50
40 173 50
40 173 50
40 173 50
40 173 50
40 173 50
40 173 50
40 173 50
40 173 50
40 173 50
40 173 50
40 173 50
40 173 50
40 173 50
40 173 50
40 173 50
40 173 50
40 173 50
40 173 50
40 173 50
40 173 50
40 173 50
40 173 50
40 173 50
40 173 50
40 173 50
40 173 50
39 173 50
39 173 50
39 173 50
39 173 50
39 173 50
39 173 50
39 173 50
39 173 50
39 173 50
39 173 50
39 173 50
39 173 50
39 173 50
39 173 50
39 173 50
39 173 50
39 173 50
39 173 50
39 173 50
39 173 50
39 173 50
39 173 50
39 173 50
39 173 50
39 173 50
39 173 50
39 173 50
39 173 50
39 173 50
39 173 50
39 173 50
39 173 50
39 173 50
39 173 50
39 173 50
39 173 50
39 173 50
38 173 50
38 173 50
38 173 50
38 173 50
38 173 50
38 173 50
38 173 50
38 173 50
38 173 50
38 173 50
38 173 50
38 173 50
38 173 50
38 173 50
38 173 50
38 173 50
38 173 50
38 173 50
38 173 50
38 173 50
38 173 50
38 173 50
38 173 50
38 173 50
38 173 50
38 173 50
38 173 50
38 173 50
38 173 50
38 173 50
38 173 50
38 173 50
38 173 50
38 173 50
38 173 50
38 173 50
38 173 50
38 173 50
38 173 50
38 173 50
38 173 50
38 173 50
38 173 50
37 173 50
37 173 50
37 173 50
37 173 50
37 173 50
37 173 50
37 173 50
37 173 50
37 173 50
37 173 50
37 173 50
37 173 50
37 173 50
37 173 50
37 173 50
37 173 50
37 173 50
37 173 50
37 173 50
37 173 50
37 173 50
37 173 50
37 173 50
37 173 50
37 173 50
37 173 50
37 173 50
37 173 50
37 173 50
37 173 50
37 173 50
37 173 50
37 173 50
37 173 50
37 173 50
37 173 50
37 173 50
37 173 50
37 173 50
37 173 50
37 173 50
37 173 50
37 173 50
37 173 50
37 173 50
37 173 50
37 173 50
37 173 50
36 173 50
36 173 50
36 173 50
36 173 50
36 173 50
36 173 50
36 173 50
36 173 50
36 173 50
36 173 50
36 173 50
36 173 50
36 173 50
36 173 50
36 173 50
36 173 50
36 173 50
36 173 50
36 173 50
36 173 50
36 173 50
36 173 50
36 173 50
36 173 50
36 173 50
36 173 50
36 173 50
36 173 50
36 173 50
36 173 50
36 173 50
36 173 50
36 173 50
36 173 50
36 173 50
36 173 50
36 173 50
36 173 50
36 173 50
36 173 50
36 173 50
36 173 50
36 173 50
36 173 50
36 173 50
36 173 50
36 173 50
36 173 50
36 173 50
36 173 50
35 173 50
35 173 50
35 173 50
35 173 50
35 173 50
35 173 50
35 173 50
35 173 50
35 173 50
35 173 50
35 173 50
35 173 50
35 173 50
35 173 50
35 173 50
35 173 50
35 173 50
35 173 50
35 173 50
35 173 50
35 173 50
35 173 50
35 173 50
35 173 50
35 173 50
35 173 50
35 173 50
35 173 50
35 173 50
35 173 50
35 173 50
35 173 50
35 173 50
35 173 50
35 173 50
35 173 50
35 173 50
35 173 50
35 173 50
35 173 50
35 173 50
35 173 50
35 173 50
35 173 50
35 173 50
35 173 50
35 173 50
35 173 50
35 173 50
34 173 50
34 173 50
34 173 50
34 173 50
34 173 50
34 173 50
34 173 50
34 173 50
34 173 50
34 173 50
34 173 50
34 173 50
34 173 50
34 173 50
34 173 50
34 173 50
34 173 50
34 173 50
34 173 50
34 173 50
34 173 50
34 173 50
34 173 50
34 173 50
34 173 50
34 173 50
34 173 50
34 173 50
34 173 50
34 173 50
34 173 50
34 173 50
34 173 50
34 173 50
34 173 50
34 173 50
34 173 50
34 173 50
34 173 50
34 173 50
34 173 50
34 173 50
34 173 50
34 173 50
34 173 50
33 173 50
33 173 50
33 173 50
33 173 50
33 173 50
33 173 50
33 173 50
33 173 50
33 173 50
33 173 50
33 173 50
33 173 50
33 173 50
33 173 50
33 173 50
33 173 50
33 173 50
33 173 50
33 173 50
33 173 50
33 173 50
33 173 50
33 173 50
33 173 50
33 173 50
33 173 50
33 173 50
33 173 50
33 173 50
33 173 50
33 173 50
33 173 50
33 173 50
33 173 50
33 173 50
33 173 50
33 173 50
33 173 50
33 173 50
32 173 50
32 173 50
32 173 50
32 173 50
32 173 50
32 173 50
32 173 50
32 173 50
32 173 50
32 173 50
32 173 50
32 173 50
32 173 50
32 173 50
32 173 50
32 173 50
32 173 50
32 173 50
32 173 50
32 173 50
32 173 50
32 173 50
32 173 50
32 173 50
32 173 50
32 173 50
32 173 50
32 173 50
32 173 50
32 173 50
32 173 50
32 173 50
32 172 1550
32 171 50
32 171 50
32 171 50
32 171 50
32 171 50
32 171 50
32 171 50
32 171 50
32 171 50
32 171 50
32 171 50
32 171 50
32 171 50
32 171 50
32 171 50
32 171 50
32 171 50
32 171 50
32 171 50
32 171 50
32 171 50
32 171 50
32 171 50
32 171 50
32 171 50
32 171 50
32 171 50
32 170 50
32 170 50
32 170 50
32 170 50
32 170 50
32 170 50
32 170 50
32 170 50
32 170 50
32 170 50
32 170 50
32 170 50
32 170 50
32 170 50
32 170 50
32 170 50
32 170 50
32 170 50
32 170 50
32 170 50
32 170 50
32 170 50
32 170 50
32 170 50
32 169 50
32 169 50
32 169 50
32 169 50
32 169 50
32 169 50
32 169 50
32 169 50
32 169 50
32 169 50
32 169 50
32 169 50
32 169 50
32 169 50
32 169 50
32 169 50
32 169 50
32 169 50
32 169 50
32 169 50
32 169 50
32 169 50
32 168 50
32 168 50
32 168 50
32 168 50
32 168 50
32 168 50
32 168 50
32 168 50
32 168 50
32 168 50
32 168 50
32 168 50
32 168 50
32 168 50
32 168 50
32 168 50
32 168 50
32 168 50
32 168 50
32 168 50
32 168 50
32 167 50
32 167 50
32 167 50
32 167 50
32 167 50
32 167 50
32 167 50
32 167 50
32 167 50
32 167 50
32 167 50
32 167 50
32 167 50
32 167 50
32 167 50
32 167 50
32 167 50
32 167 50
32 167 50
32 167 50
32 167 50
32 166 50
32 166 50
32 166 50
32 166 50
32 166 50
32 166 50
32 166 50
32 166 50
32 166 50
32 166 50
32 166 50
32 166 50
32 166 50
32 166 50
32 166 50
32 166 50
32 166 50
32 166 50
32 166 50
32 166 50
32 166 50
32 166 50
32 166 50
32 165 50
32 165 50
32 165 50
32 165 50
32 165 50
32 165 50
32 165 50
32 165 50
32 165 50
32 165 50
32 165 50
32 165 50
32 165 50
32 165 50
32 165 50
32 165 50
32 165 50
32 165 50
32 165 50
32 165 50
32 165 50
32 165 50
32 165 50
32 165 50
32 165 50
32 165 50
32 165 50
32 164 50
32 164 50
32 164 50
32 164 50
32 164 50
32 164 50
32 164 50
32 164 50
32 164 50
32 164 50
32 164 50
32 164 50
32 164 50
32 164 50
32 164 50
32 164 50
32 164 50
32 164 50
32 164 50
32 164 50
32 164 50
32 164 50
32 164 50
32 164 50
32 164 50
32 164 50
32 164 50
32 164 50
32 164 50
32 164 50
32 164 50
32 164 50
32 164 50
32 163 50
32 163 50
32 163 50
32 163 50
32 163 50
32 163 50
32 163 50
32 163 50
32 163 50
32 163 50
32 163 50
32 163 50
32 163 50
32 163 50
32 163 50
32 163 50
32 163 50
32 163 50
32 163 50
32 163 50
32 163 50
32 163 50
32 163 50
32 163 50
32 163 50
32 163 50
32 163 50
32 163 50
32 163 50
32 163 50
32 163 50
32 163 50
32 163 50
32 163 50
32 163 50
32 163 50
32 163 50
32 163 50
32 163 50
32 163 50
32 163 50
32 162 50
32 162 50
32 162 50
32 162 50
32 162 50
32 162 50
32 162 50
32 162 50
32 162 50
32 162 50
32 162 50
32 162 50
32 162 50
32 162 50
32 162 50
32 162 50
32 162 50
32 162 50
32 162 50
32 162 50
32 162 50
32 162 50
32 162 50
32 162 50
32 162 50
32 162 50
32 162 50
32 162 50
32 162 50
32 162 50
32 162 50
32 162 50
32 162 50
32 162 50
32 162 50
32 162 50
32 162 50
32 162 50
32 162 50
32 162 50
32 162 50
32 162 50
32 162 50
32 162 50
32 162 50
32 162 50
32 162 50
32 162 50
32 162 50
32 162 50
32 161 50
32 161 50
32 161 50
32 161 50
32 161 50
32 161 50
32 161 50
32 161 50
32 161 50
32 161 50
32 161 50
32 161 50
32 161 50
32 161 50
32 161 50
32 161 50
32 161 50
32 161 50
32 161 50
32 161 50
32 161 50
32 161 50
32 161 50
32 161 50
32 161 50
32 161 50
32 161 50
32 161 50
32 161 50
32 161 50
32 161 50
32 161 50
32 161 50
32 161 50
32 161 50
32 161 50
32 161 50
32 161 50
32 161 50
32 161 50
32 161 50
32 161 50
32 161 50
32 161 50
32 161 50
32 161 50
32 161 50
32 161 50
32 161 50
32 161 50
32 161 50
32 161 50
32 161 50
32 161 50
32 161 50
32 161 50
32 161 50
32 161 50
32 161 50
32 160 50
32 160 50
32 160 50
32 160 50
32 160 50
32 160 50
32 160 50
32 160 50
32 160 50
32 160 50
32 160 50
32 160 50
32 160 50
32 160 50
32 160 50
32 160 50
32 160 50
32 160 50
32 160 50
32 160 50
32 160 50
32 160 50
32 160 50
32 160 50
32 160 50
32 160 50
32 160 50
32 160 50
32 160 50
32 160 50
32 160 50
32 160 50
32 160 50
32 160 50
32 160 50
32 160 50
32 160 50
32 160 50
32 160 50
32 160 50
32 160 50
32 160 50
32 160 50
32 160 50
32 160 50
32 160 50
32 160 50
32 160 50
32 160 50
32 160 50
32 160 50
32 160 50
32 160 50
32 160 50
32 160 50
32 160 50
32 160 50
32 160 50
32 160 50
32 160 50
32 160 50
32 160 50
32 160 50
32 160 50
32 160 50
32 160 50
32 160 50
32 160 50
32 159 50
32 159 50
32 159 50
32 159 50
32 159 50
32 159 50
32 159 50
32 159 50
32 159 50
32 159 50
32 159 50
32 159 50
32 159 50
32 159 50
32 159 50
32 159 50
32 159 50
32 159 50
32 159 50
32 159 50
32 159 50
32 159 50
32 159 50
32 159 50
32 159 50
32 159 50
32 159 50
32 159 50
32 159 50
32 159 50
32 159 50
32 159 50
32 159 50
32 159 50
32 159 50
32 159 50
32 159 50
32 159 50
32 159 50
32 159 50
32 159 50
32 159 50
32 159 50
32 159 50
32 159 50
32 159 50
32 159 50
32 159 50
32 159 50
32 159 50
32 159 50
32 159 50
32 159 50
32 159 50
32 159 50
32 159 50
32 159 50
32 159 50
32 159 50
32 159 50
32 159 50
32 159 50
32 159 50
32 159 50
32 159 50
32 159 50
32 159 50
32 159 50
32 159 50
32 159 50
32 159 50
32 159 50
32 159 50
32 159 50
32 158 50
32 158 50
32 158 50
32 158 50
32 158 50
32 158 50
32 158 50
32 158 50
32 158 50
32 158 50
32 158 50
32 158 50
32 158 50
32 158 50
32 158 50
32 158 50
32 158 50
32 158 50
32 158 50
32 158 50
32 158 50
32 158 50
32 158 50
32 158 50
32 158 50
32 158 50
32 158 50
32 158 50
32 158 50
32 158 50
32 158 50
32 158 50
32 158 50
32 158 50
32 158 50
32 158 50
32 158 50
32 158 50
32 158 50
32 158 50
32 158 50
32 158 50
32 158 50
32 158 50
32 158 50
32 158 50
32 158 50
32 158 50
32 158 50
32 158 50
32 158 50
32 158 50
32 158 50
32 158 50
32 158 50
32 158 50
32 158 50
32 158 50
32 158 50
32 158 50
32 158 50
32 158 50
32 158 50
32 158 50
32 158 50
32 158 50
32 158 50
32 158 50
32 158 50
32 158 50
32 158 50
32 158 50
32 158 50
32 158 50
32 158 50
32 158 50
32 158 50
32 157 50
32 157 50
32 157 50
32 157 50
32 157 50
32 157 50
32 157 50
32 157 50
32 157 50
32 157 50
32 157 50
32 157 50
32 157 50
32 157 50
32 157 50
32 157 50
32 157 50
32 157 50
32 157 50
32 157 50
32 157 50
32 157 50
32 157 50
32 157 50
32 157 50
32 157 50
32 157 50
32 157 50
32 157 50
32 157 50
32 157 50
32 157 50
32 157 50
32 157 50
32 157 50
32 157 50
32 157 50
32 157 50
32 157 50
32 157 50
32 157 50
32 157 50
32 157 50
32 157 50
32 157 50
32 157 50
32 157 50
32 157 50
32 157 50
32 157 50
32 157 50
32 157 50
32 157 50
32 157 50
32 157 50
32 157 50
32 157 50
32 157 50
32 157 50
32 157 50
32 157 50
32 157 50
32 157 50
32 157 50
32 157 50
32 157 50
32 157 50
32 157 50
32 157 50
32 157 50
32 157 50
32 157 50
32 157 50
32 157 50
32 157 50
32 157 50
32 156 50
32 156 50
32 156 50
32 156 50
32 156 50
32 156 50
32 156 50
32 156 50
32 156 50
32 156 50
32 156 50
32 156 50
32 156 50
32 156 50
32 156 50
32 156 50
32 156 50
32 156 50
32 156 50
32 156 50
32 156 50
32 156 50
32 156 50
32 156 50
32 156 50
32 156 50
32 156 50
32 156 50
32 156 50
32 156 50
32 156 50
32 156 50
32 156 50
32 156 50
32 156 50
32 156 50
32 156 50
32 156 50
32 156 50
32 156 50
32 156 50
32 156 50
32 156 50
32 156 50
32 156 50
32 156 50
32 156 50
32 156 50
32 156 50
32 156 50
32 156 50
32 156 50
32 156 50
32 156 50
32 156 50
32 156 50
32 156 50
32 156 50
32 156 50
32 156 50
32 156 50
32 156 50
32 156 50
32 156 50
32 156 50
32 156 50
32 156 50
32 156 50
32 156 50
32 156 50
32 156 50
32 156 50
32 156 50
32 155 50
32 155 50
32 155 50
32 155 50
32 155 50
32 155 50
32 155 50
32 155 50
32 155 50
32 155 50
32 155 50
32 155 50
32 155 50
32 155 50
32 155 50
32 155 50
32 155 50
32 155 50
32 155 50
32 155 50
32 155 50
32 155 50
32 155 50
32 155 50
32 155 50
32 155 50
32 155 50
32 155 50
32 155 50
32 155 50
32 155 50
32 155 50
32 155 50
32 155 50
32 155 50
32 155 50
32 155 50
32 155 50
32 155 50
32 155 50
32 155 50
32 155 50
32 155 50
32 155 50
32 155 50
32 155 50
32 155 50
32 155 50
32 155 50
32 155 50
32 155 50
32 155 50
32 155 50
32 155 50
32 155 50
32 155 50
32 155 50
32 155 50
32 155 50
32 155 50
32 155 50
32 155 50
32 155 50
32 155 50
32 155 50
32 155 50
32 154 50
32 154 50
32 154 50
32 154 50
32 154 50
32 154 50
32 154 50
32 154 50
32 154 50
32 154 50
32 154 50
32 154 50
32 154 50
32 154 50
32 154 50
32 154 50
32 154 50
32 154 50
32 154 50
32 154 50
32 154 50
32 154 50
32 154 50
32 154 50
32 154 50
32 154 50
32 154 50
32 154 50
32 154 50
32 154 50
32 154 50
32 154 50
32 154 50
32 154 50
32 154 50
32 154 50
32 154 50
32 154 50
32 154 50
32 154 50
32 154 50
32 154 50
32 154 50
32 154 50
32 154 50
32 154 50
32 154 50
32 154 50
32 154 50
32 154 50
32 154 50
32 154 50
32 154 50
32 154 50
32 154 50
32 154 50
32 154 50
32 154 50
32 153 50
32 153 50
32 153 50
32 153 50
32 153 50
32 153 50
32 153 50
32 153 50
32 153 50
32 153 50
32 153 50
32 153 50
32 153 50
32 153 50
32 153 50
32 153 50
32 153 50
32 153 50
32 153 50
32 153 50
32 153 50
32 153 50
32 153 50
32 153 50
32 153 50
32 153 50
32 153 50
32 153 50
32 153 50
32 153 50
32 153 50
32 153 50
32 153 50
32 153 50
32 153 50
32 153 50
32 153 50
32 153 50
32 153 50
32 153 50
32 153 50
32 153 50
32 153 50
32 153 50
32 153 50
32 153 50
32 153 50
32 153 50
32 152 50
32 152 50
32 152 50
32 152 50
32 152 50
32 152 50
32 152 50
32 152 50
32 152 50
32 152 50
32 152 50
32 152 50
32 152 50
32 152 50
32 152 50
32 152 50
32 152 50
32 152 50
32 152 50
32 152 50
32 152 50
32 152 50
32 152 50
32 152 50
32 152 50
32 152 50
32 152 50
32 152 50
32 152 50
32 152 50
32 152 50
32 152 50
32 152 50
32 152 50
32 152 50
32 152 50
32 152 50
32 151 50
32 151 50
32 151 50
32 151 50
32 151 50
32 151 50
32 151 50
32 151 50
32 151 50
32 151 50
32 151 50
32 151 50
32 151 50
32 151 50
32 151 50
32 151 50
32 151 50
32 151 50
32 151 50
32 151 50
32 151 50
32 151 50
32 151 50
32 151 50
32 151 50
32 151 50
32 150 50
32 150 50
32 150 50
32 150 50
32 150 50
32 150 50
32 150 50
32 150 50
32 150 50
32 150 50
32 150 50
32 150 50
32 150 50
32 150 50
32 150 50
32 150 50
32 150 50
32 150 50
32 149 50
32 149 50
32 149 50
32 149 50
32 149 50
32 149 50
32 149 50
32 149 50
32 149 50
32 149 50
32 149 50
32 148 50
32 148 50
32 148 50
32 148 50
32 148 50
32 148 50
32 148 50
32 147 50
32 147 50
32 147 50
32 147 50
32 146 50
32 146 50
32 145 50
32 144 50
32 143 50
32 142 50
32 141 50
32 140 50
32 139 50
32 138 50
32 137 50
32 136 50
32 135 50
32 134 50
32 133 50
32 132 50
32 131 50
32 130 50
32 129 50
32 128 50
32 127 50
32 126 50
32 125 50
32 124 50
32 123 50
32 122 50
32 122 50
32 121 50
32 121 50
32 121 50
32 120 50
32 120 50
32 120 50
32 120 50
32 119 50
32 119 50
32 119 50
32 119 50
32 119 50
32 119 50
32 119 50
32 118 50
32 118 50
32 118 50
32 118 50
32 118 50
32 118 50
32 118 50
32 118 50
32 118 50
32 118 50
32 117 50
32 117 50
32 117 50
32 117 50
32 117 50
32 117 50
32 117 50
32 117 50
32 117 50
32 117 50
32 117 50
32 117 50
32 117 50
32 116 50
32 116 50
32 116 50
32 116 50
32 116 50
32 116 50
32 116 50
32 116 50
32 116 50
32 116 50
32 116 50
32 116 50
32 116 50
32 116 50
32 116 50
32 115 50
32 115 50
32 115 50
32 115 50
32 115 50
32 115 50
32 115 50
32 115 50
32 115 50
32 115 50
32 115 50
32 115 50
32 115 50
32 115 50
32 115 50
32 115 50
32 114 50
32 114 50
32 114 50
32 114 50
32 114 50
32 114 50
32 114 50
32 114 50
32 114 50
32 114 50
32 114 50
32 114 50
32 114 50
32 114 50
32 114 50
32 114 50
32 113 50
32 113 50
32 113 50
32 113 50
32 113 50
32 113 50
32 113 50
32 113 50
32 113 50
32 113 50
32 113 50
32 113 50
32 113 50
32 113 50
32 113 50
32 113 50
32 112 50
32 112 50
32 112 50
32 112 50
32 112 50
32 112 50
32 112 50
32 112 50
32 112 50
32 112 50
32 112 50
32 112 50
32 112 50
32 112 50
32 112 50
32 111 50
32 111 50
32 111 50
32 111 50
32 111 50
32 111 50
32 111 50
32 111 50
32 111 50
32 111 50
32 111 50
32 111 50
32 111 50
32 111 50
32 110 50
32 110 50
32 110 50
32 110 50
32 110 50
32 110 50
32 110 50
32 110 50
32 110 50
32 110 50
32 110 50
32 110 50
32 110 50
32 110 50
32 109 50
32 109 50
32 109 50
32 109 50
32 109 50
32 109 50
32 109 50
32 109 50
32 109 50
32 109 50
32 109 50
32 109 50
32 109 50
32 109 50
32 109 50
32 108 50
32 108 50
32 108 50
32 108 50
32 108 50
32 108 50
32 108 50
32 108 50
32 108 50
32 108 50
32 108 50
32 108 50
32 108 50
32 108 50
32 108 50
32 107 50
32 107 50
32 107 50
32 107 50
32 107 50
32 107 50
32 107 50
32 107 50
32 107 50
32 107 50
32 107 50
32 107 50
32 107 50
32 107 50
32 107 50
32 106 50
32 106 50
32 106 50
32 106 50
32 106 50
32 106 50
32 106 50
32 106 50
32 106 50
32 106 50
32 106 50
32 106 50
32 106 50
32 105 50
32 105 50
32 105 50
32 105 50
32 105 50
32 105 50
32 105 50
32 105 50
32 105 50
32 105 50
32 105 50
32 105 50
32 104 50
32 104 50
32 104 50
32 104 50
32 104 50
32 104 50
32 104 50
32 104 50
32 104 50
32 104 50
32 103 50
32 103 50
32 103 50
32 103 50
32 103 50
32 103 50
32 103 50
32 103 50
32 102 50
32 102 50
32 102 50
32 102 50
32 102 50
32 102 50
32 101 50
32 101 50
32 101 50
32 101 50
32 101 50
32 100 50
32 100 50
32 100 50
32 100 50
32 100 50
32 99 50
32 99 50
32 99 50
32 99 50
32 99 50
32 98 50
32 98 50
32 98 50
32 98 50
32 98 50
32 97 50
32 97 50
32 97 50
32 97 50
32 97 50
32 97 50
32 96 50
32 96 50
32 96 50
32 96 50
32 96 50
32 96 50
32 96 50
32 95 50
32 95 50
32 95 50
32 95 50
32 95 50
32 95 50
32 95 50
32 94 50
32 94 50
32 94 50
32 94 50
32 94 50
32 94 50
32 94 50
32 94 50
32 93 50
32 93 50
32 93 50
32 93 50
32 93 50
32 93 50
32 93 50
32 93 50
32 93 50
32 92 50
32 92 50
32 92 50
32 92 50
32 92 50
32 92 50
32 92 50
32 92 50
32 92 50
32 92 50
32 91 50
32 91 50
32 91 50
32 91 50
32 91 50
32 91 50
32 91 50
32 91 50
32 91 50
32 91 50
32 91 50
32 90 50
32 90 50
32 90 50
32 90 50
32 90 50
32 90 50
32 90 50
32 90 50
32 90 50
32 90 50
32 90 50
32 90 50
32 90 50
32 89 50
32 89 50
32 89 50
32 89 50
32 89 50
32 89 50
32 89 50
32 89 50
32 89 50
32 89 50
32 89 50
32 89 50
32 89 50
32 89 50
32 89 50
32 89 50
32 89 50
32 88 50
32 88 50
32 88 50
32 88 50
32 88 50
32 88 50
32 88 50
32 88 50
32 88 50
32 88 50
32 88 50
32 88 50
32 88 50
32 88 50
32 88 50
32 88 50
32 88 50
32 88 50
32 88 50
32 88 50
32 88 50
32 88 50
32 88 50
32 87 50
32 87 50
32 87 50
32 87 50
32 87 50
32 87 50
32 87 50
32 87 50
32 87 50
32 87 50
32 87 50
32 87 50
32 87 50
32 87 50
32 87 50
32 87 50
32 87 50
32 87 50
32 87 50
32 87 50
32 87 50
32 87 50
32 87 50
32 87 50
32 87 50
32 87 50
32 87 50
32 87 50
32 87 50
32 87 50
32 87 50
32 86 50
32 86 50
32 86 50
32 86 50
32 86 50
32 86 50
32 86 50
32 86 50
32 86 50
32 86 50
32 86 50
32 86 50
32 86 50
32 86 50
32 86 50
32 86 50
32 86 50
32 86 50
32 86 50
32 86 50
32 86 50
32 86 50
32 86 50
32 86 50
32 86 50
32 86 50
32 86 50
32 86 50
32 86 50
32 86 50
32 86 50
32 86 50
32 86 50
32 86 50
32 86 50
32 86 50
32 86 50
32 86 50
32 86 50
32 86 50
32 86 50
32 85 50
32 85 50
32 85 50
32 85 50
32 85 50
32 85 50
32 85 50
32 85 50
32 85 50
32 85 50
32 85 50
32 85 50
32 85 50
32 85 50
32 85 50
32 85 50
32 85 50
32 85 50
32 85 50
32 85 50
32 85 50
32 85 50
32 85 50
32 85 50
32 85 50
32 85 50
32 85 50
32 85 50
32 85 50
32 85 50
32 85 50
32 85 50
32 85 50
32 85 50
32 85 50
32 85 50
32 85 50
32 85 50
32 85 50
32 85 50
32 85 50
32 85 50
32 85 50
32 85 50
32 85 50
32 85 50
32 85 50
32 85 50
32 85 50
32 85 50
32 84 50
32 84 50
32 84 50
32 84 50
32 84 50
32 84 50
32 84 50
32 84 50
32 84 50
32 84 50
32 84 50
32 84 50
32 84 50
32 84 50
32 84 50
32 84 50
32 84 50
32 84 50
32 84 50
32 84 50
32 84 50
32 84 50
32 84 50
32 84 50
32 84 50
32 84 50
32 84 50
32 84 50
32 84 50
32 84 50
32 84 50
32 84 50
32 84 50
32 84 50
32 84 50
32 84 50
32 84 50
32 84 50
32 84 50
32 84 50
32 84 50
32 84 50
32 84 50
32 84 50
32 84 50
32 84 50
32 84 50
32 84 50
32 84 50
32 84 50
32 84 50
32 84 50
32 84 50
32 84 50
32 84 50
32 84 50
32 84 50
32 83 50
32 83 50
32 83 50
32 83 50
32 83 50
32 83 50
32 83 50
32 83 50
32 83 50
32 83 50
32 83 50
32 83 50
32 83 50
32 83 50
32 83 50
32 83 50
32 83 50
32 83 50
32 83 50
32 83 50
32 83 50
32 83 50
32 83 50
32 83 50
32 83 50
32 83 50
32 83 50
32 83 50
32 83 50
32 83 50
32 83 50
32 83 50
32 83 50
32 83 50
32 83 50
32 83 50
32 83 50
32 83 50
32 83 50
32 83 50
32 83 50
32 83 50
32 83 50
32 83 50
32 83 50
32 83 50
32 83 50
32 83 50
32 83 50
32 83 50
32 83 50
32 83 50
32 83 50
32 83 50
32 83 50
32 83 50
32 83 50
32 83 50
32 83 50
32 83 50
32 83 50
32 83 50
32 82 50
32 82 50
32 82 50
32 82 50
32 82 50
32 82 50
32 82 50
32 82 50
32 82 50
32 82 50
32 82 50
32 82 50
32 82 50
32 82 50
32 82 50
32 82 50
32 82 50
32 82 50
32 82 50
32 82 50
32 82 50
32 82 50
32 82 50
32 82 50
32 82 50
32 82 50
32 82 50
32 82 50
32 82 50
32 82 50
32 82 50
32 82 50
32 82 50
32 82 50
32 82 50
32 82 50
32 82 50
32 82 50
32 82 50
32 82 50
32 82 50
32 82 50
32 82 50
32 82 50
32 82 50
32 82 50
32 82 50
32 82 50
32 82 50
32 82 50
32 82 50
32 82 50
32 82 50
32 82 50
32 82 50
32 82 50
32 82 50
32 82 50
32 82 50
32 82 50
32 82 50
32 82 50
32 82 50
32 82 50
32 81 50
32 81 50
32 81 50
32 81 50
32 81 50
32 81 50
32 81 50
32 81 50
32 81 50
32 81 50
32 81 50
32 81 50
32 81 50
32 81 50
32 81 50
32 81 50
32 81 50
32 81 50
32 81 50
32 81 50
32 81 50
32 81 50
32 81 50
32 81 50
32 81 50
32 81 50
32 81 50
32 81 50
32 81 50
32 81 50
32 81 50
32 81 50
32 81 50
32 81 50
32 81 50
32 81 50
32 81 50
32 81 50
32 81 50
32 81 50
32 81 50
32 81 50
32 81 50
32 81 50
32 81 50
32 81 50
32 81 50
32 81 50
32 81 50
32 81 50
32 81 50
32 81 50
32 81 50
32 81 50
32 81 50
32 81 50
32 81 50
32 81 50
32 81 50
32 81 50
32 81 50
32 81 50
32 81 50
32 81 50
32 81 50
32 80 50
32 80 50
32 80 50
32 80 50
32 80 50
32 80 50
32 80 50
32 80 50
32 80 50
32 80 50
32 80 50
32 80 50
32 80 50
32 80 50
32 80 50
32 80 50
32 80 50
32 80 50
32 80 50
32 80 50
32 80 50
32 80 50
32 80 50
32 80 50
32 80 50
32 80 50
32 80 50
32 80 50
32 80 50
32 80 50
32 80 50
32 80 50
32 80 50
32 80 50
32 80 50
32 80 50
32 80 50
32 80 50
32 80 50
32 80 50
32 80 50
32 80 50
32 80 50
32 80 50
32 80 50
32 80 50
32 80 50
32 80 50
32 80 50
32 80 50
32 80 50
32 80 50
32 80 50
32 80 50
32 80 50
32 80 50
32 80 50
32 80 50
32 80 50
32 80 50
32 80 50
32 80 50
32 80 50
32 80 50
32 80 50
32 79 50
32 79 50
32 79 50
32 79 50
32 79 50
32 79 50
32 79 50
32 79 50
32 79 50
32 79 50
32 79 50
32 79 50
32 79 50
32 79 50
32 79 50
32 79 50
32 79 50
32 79 50
32 79 50
32 79 50
32 79 50
32 79 50
32 79 50
32 79 50
32 79 50
32 79 50
32 79 50
32 79 50
32 79 50
32 79 50
32 79 50
32 79 50
32 79 50
32 79 50
32 79 50
32 79 50
32 79 50
32 79 50
32 79 50
32 79 50
32 79 50
32 79 50
32 79 50
32 79 50
32 79 50
32 79 50
32 79 50
32 79 50
32 79 50
32 79 50
32 79 50
32 79 50
32 79 50
32 79 50
32 79 50
32 79 50
32 79 50
32 79 50
32 79 50
32 79 50
32 79 50
32 79 50
32 79 50
32 79 50
32 78 50
32 78 50
32 78 50
32 78 50
32 78 50
32 78 50
32 78 50
32 78 50
32 78 50
32 78 50
32 78 50
32 78 50
32 78 50
32 78 50
32 78 50
32 78 50
32 78 50
32 78 50
32 78 50
32 78 50
32 78 50
32 78 50
32 78 50
32 78 50
32 78 50
32 78 50
32 78 50
32 78 50
32 78 50
32 78 50
32 78 50
32 78 50
32 78 50
32 78 50
32 78 50
32 78 50
32 78 50
32 78 50
32 78 50
32 78 50
32 78 50
32 78 50
32 78 50
32 78 50
32 78 50
32 78 50
32 78 50
32 78 50
32 78 50
32 78 50
32 78 50
32 78 50
32 78 50
32 78 50
32 78 50
32 78 50
32 78 50
32 78 50
32 78 50
32 78 50
32 78 50
32 78 50
32 78 50
32 78 50
32 77 50
32 77 50
32 77 50
32 77 50
32 77 50
32 77 50
32 77 50
32 77 50
32 77 50
32 77 50
32 77 50
32 77 50
32 77 50
32 77 50
32 77 50
32 77 50
32 77 50
32 77 50
32 77 50
32 77 50
32 77 50
32 77 50
32 77 50
32 77 50
32 77 50
32 77 50
32 77 50
32 77 50
32 77 50
32 77 50
32 77 50
32 77 50
32 77 50
32 77 50
32 77 50
32 77 50
32 77 50
32 77 50
32 77 50
32 77 50
32 77 50
32 77 50
32 77 50
32 77 50
32 77 50
32 77 50
32 77 50
32 77 50
32 77 50
32 77 50
32 77 50
32 77 50
32 77 50
32 77 50
32 77 50
32 77 50
32 77 50
32 77 50
32 77 50
32 77 50
32 77 50
32 77 50
32 77 50
32 76 50
32 76 50
32 76 50
32 76 50
32 76 50
32 76 50
32 76 50
32 76 50
32 76 50
32 76 50
32 76 50
32 76 50
32 76 50
32 76 50
32 76 50
32 76 50
32 76 50
32 76 50
32 76 50
32 76 50
32 76 50
32 76 50
32 76 50
32 76 50
32 76 50
32 76 50
32 76 50
32 76 50
32 76 50
32 76 50
32 76 50
32 76 50
32 76 50
32 76 50
32 76 50
32 76 50
32 76 50
32 76 50
32 76 50
32 76 50
32 76 50
32 76 50
32 76 50
32 76 50
32 76 50
32 76 50
32 76 50
32 76 50
32 76 50
32 76 50
32 76 50
32 76 50
32 76 50
32 76 50
32 76 50
32 76 50
32 76 50
32 76 50
32 76 50
32 76 50
32 76 50
32 76 50
32 76 50
32 75 50
32 75 50
32 75 50
32 75 50
32 75 50
32 75 50
32 75 50
32 75 50
32 75 50
32 75 50
32 75 50
32 75 50
32 75 50
32 75 50
32 75 50
32 75 50
32 75 50
32 75 50
32 75 50
32 75 50
32 75 50
32 75 50
32 75 50
32 75 50
32 75 50
32 75 50
32 75 50
32 75 50
32 75 50
32 75 50
32 75 50
32 75 50
32 75 50
32 75 50
32 75 50
32 75 50
32 75 50
32 75 50
32 75 50
32 75 50
32 75 50
32 75 50
32 75 50
32 75 50
32 75 50
32 75 50
32 75 50
32 75 50
32 75 50
32 75 50
32 75 50
32 75 50
32 75 50
32 75 50
32 75 50
32 75 50
32 75 50
32 75 50
32 75 50
32 75 50
32 75 50
32 75 50
32 75 50
32 74 50
32 74 50
32 74 50
32 74 50
32 74 50
32 74 50
32 74 50
32 74 50
32 74 50
32 74 50
32 74 50
32 74 50
32 74 50
32 74 50
32 74 50
32 74 50
32 74 50
32 74 50
32 74 50
32 74 50
32 74 50
32 74 50
32 74 50
32 74 50
32 74 50
32 74 50
32 74 50
32 74 50
32 74 50
32 74 50
32 74 50
32 74 50
32 74 50
32 74 50
32 74 50
32 74 50
32 74 50
32 74 50
32 74 50
32 74 50
32 74 50
32 74 50
32 74 50
32 74 50
32 74 50
32 74 50
32 74 50
32 74 50
32 74 50
32 74 50
32 74 50
32 74 50
32 74 50
32 74 50
32 74 50
32 74 50
32 74 50
32 74 50
32 74 50
32 74 50
32 74 50
32 73 50
32 73 50
32 73 50
32 73 50
32 73 50
32 73 50
32 73 50
32 73 50
32 73 50
32 73 50
32 73 50
32 73 50
32 73 50
32 73 50
32 73 50
32 73 50
32 73 50
32 73 50
32 73 50
32 73 50
32 73 50
32 73 50
32 73 50
32 73 50
32 73 50
32 73 50
32 73 50
32 73 50
32 73 50
32 73 50
32 73 50
32 73 50
32 73 50
32 73 50
32 73 50
32 73 50
32 73 50
32 73 50
32 73 50
32 73 50
32 73 50
32 73 50
32 73 50
32 73 50
32 73 50
32 73 50
32 73 50
32 73 50
32 73 50
32 73 50
32 73 50
32 73 50
32 73 50
32 73 50
32 73 50
32 73 50
32 73 50
32 72 50
32 72 50
32 72 50
32 72 50
32 72 50
32 72 50
32 72 50
32 72 50
32 72 50
32 72 50
32 72 50
32 72 50
32 72 50
32 72 50
32 72 50
32 72 50
32 72 50
32 72 50
32 72 50
32 72 50
32 72 50
32 72 50
32 72 50
32 72 50
32 72 50
32 72 50
32 72 50
32 72 50
32 72 50
32 72 50
32 72 50
32 72 50
32 72 50
32 72 50
32 72 50
32 72 50
32 72 50
32 72 50
32 72 50
32 72 50
32 72 50
32 72 50
32 72 50
32 72 50
32 72 50
32 72 50
32 72 50
32 72 50
32 72 50
32 72 50
32 72 50
32 72 50
32 71 50
32 71 50
32 71 50
32 71 50
32 71 50
32 71 50
32 71 50
32 71 50
32 71 50
32 71 50
32 71 50
32 71 50
32 71 50
32 71 50
32 71 50
32 71 50
32 71 50
32 71 50
32 71 50
32 71 50
32 71 50
32 71 50
32 71 50
32 71 50
32 71 50
32 71 50
32 71 50
32 71 50
32 71 50
32 71 50
32 71 50
32 71 50
32 71 50
32 71 50
32 71 50
32 71 50
32 71 50
32 71 50
32 71 50
32 71 50
32 71 50
32 71 50
32 71 50
32 71 50
32 71 50
32 70 50
32 70 50
32 70 50
32 70 50
32 70 50
32 70 50
32 70 50
32 70 50
32 70 50
32 70 50
32 70 50
32 70 50
32 70 50
32 70 50
32 70 50
32 70 50
32 70 50
32 70 50
32 70 50
32 70 50
32 70 50
32 70 50
32 70 50
32 70 50
32 70 50
32 70 50
32 70 50
32 70 50
32 70 50
32 70 50
32 70 50
32 70 50
32 70 50
32 70 50
32 70 50
32 70 50
32 70 50
32 69 50
32 69 50
32 69 50
32 69 50
32 69 50
32 69 50
32 69 50
32 69 50
32 69 50
32 69 50
32 69 50
32 69 50
32 69 50
32 69 50
32 69 50
32 69 50
32 69 50
32 69 50
32 69 50
32 69 50
32 69 50
32 69 50
32 69 50
32 69 50
32 69 50
32 69 50
32 69 50
32 69 50
32 69 50
32 69 50
32 68 50
32 68 50
32 68 50
32 68 50
32 68 50
32 68 50
32 68 50
32 68 50
32 68 50
32 68 50
32 68 50
32 68 50
32 68 50
32 68 50
32 68 50
32 68 50
32 68 50
32 68 50
32 68 50
32 68 50
32 68 50
32 68 50
32 68 50
32 67 50
32 67 50
32 67 50
32 67 50
32 67 50
32 67 50
32 67 50
32 67 50
32 67 50
32 67 50
32 67 50
32 67 50
32 67 50
32 67 50
32 67 50
32 67 50
32 67 50
32 66 50
32 66 50
32 66 50
32 66 50
32 66 50
32 66 50
32 66 50
32 66 50
32 66 50
32 66 50
32 66 50
32 66 50
32 66 50
32 65 50
32 65 50
32 65 50
32 65 50
32 65 50
32 65 50
32 65 50
32 65 50
32 65 50
32 65 50
32 64 50
32 64 50
32 64 50
32 64 50
32 64 50
32 64 50
32 64 50
32 63 50
32 63 50
32 63 50
32 63 50
32 63 50
32 62 50
32 62 50
32 62 50
32 61 50
32 61 50
32 60 50
32 60 50
32 59 50
32 58 50
32 57 50
32 56 50
32 55 50
32 54 50
32 53 50
32 52 50
32 51 50
32 50 50
32 49 50
32 48 50
32 47 50
32 46 50
32 45 50
32 44 50
82 173 50
83 173 50
84 173 50
85 173 50
86 173 50
87 173 50
88 173 50
89 173 50
90 173 50
91 173 50
92 173 50
93 173 50
94 173 50
95 173 50
96 173 50
97 173 50
98 173 50
99 173 50
100 173 50
100 173 50
101 173 50
101 173 50
101 173 50
101 173 50
101 173 50
102 173 50
102 173 50
102 173 50
102 173 50
102 173 50
102 173 50
102 173 50
102 173 50
103 173 50
103 173 50
103 173 50
103 173 50
103 173 50
103 173 50
103 173 50
103 173 50
103 173 50
103 173 50
103 173 50
103 173 50
103 173 50
104 173 50
104 173 50
104 173 50
104 173 50
104 173 50
104 173 50
104 173 50
104 173 50
104 173 50
104 173 50
104 173 50
104 173 50
104 173 50
104 173 50
104 173 50
104 173 50
104 173 50
104 173 50
105 173 50
105 173 50
105 173 50
105 173 50
105 173 50
105 173 50
105 173 50
105 173 50
105 173 50
105 173 50
105 173 50
105 173 50
105 173 50
105 173 50
105 173 50
105 173 50
105 173 50
105 173 50
105 173 50
105 173 50
105 173 50
105 173 50
105 173 50
105 173 50
106 173 50
106 173 50
106 173 50
106 173 50
106 173 50
106 173 50
106 173 50
106 173 50
106 173 50
106 173 50
106 173 50
106 173 50
106 173 50
106 173 50
106 173 50
106 173 50
106 173 50
106 173 50
106 173 50
106 173 50
106 173 50
106 173 50
106 173 50
106 173 50
106 173 50
106 173 50
106 173 50
106 173 50
106 173 50
107 173 50
107 173 50
107 173 50
107 173 50
107 173 50
107 173 50
107 173 50
107 173 50
107 173 50
107 173 50
107 173 50
107 173 50
107 173 50
107 173 50
107 173 50
107 173 50
107 173 50
107 173 50
107 173 50
107 173 50
107 173 50
107 173 50
107 173 50
107 173 50
107 173 50
107 173 50
107 173 50
107 173 50
107 173 50
107 173 50
107 173 50
107 173 50
107 173 50
107 173 50
108 173 50
108 173 50
108 173 50
108 173 50
108 173 50
108 173 50
108 173 50
108 173 50
108 173 50
108 173 50
108 173 50
108 173 50
108 173 50
108 173 50
108 173 50
108 173 50
108 173 50
108 173 50
108 173 50
108 173 50
108 173 50
108 173 50
108 173 50
108 173 50
108 173 50
108 173 50
108 173 50
108 173 50
108 173 50
108 173 50
108 173 50
108 173 50
108 173 50
108 173 50
108 173 50
108 173 50
108 173 50
108 173 50
108 173 50
109 173 50
109 173 50
109 173 50
109 173 50
109 173 50
109 173 50
109 173 50
109 173 50
109 173 50
109 173 50
109 173 50
109 173 50
109 173 50
109 173 50
109 173 50
109 173 50
109 173 50
109 173 50
109 173 50
109 173 50
109 173 50
109 173 50
109 173 50
109 173 50
109 173 50
109 173 50
109 173 50
109 173 50
109 173 50
109 173 50
109 173 50
109 173 50
109 173 50
109 173 50
109 173 50
109 173 50
109 173 50
109 173 50
109 173 50
109 173 50
109 173 50
109 173 50
109 173 50
109 173 50
109 173 50
110 173 50
110 173 50
110 173 50
110 173 50
110 173 50
110 173 50
110 173 50
110 173 50
110 173 50
110 173 50
110 173 50
110 173 50
110 173 50
110 173 50
110 173 50
110 173 50
110 173 50
110 173 50
110 173 50
110 173 50
110 173 50
110 173 50
110 173 50
110 173 50
110 173 50
110 173 50
110 173 50
110 173 50
110 173 50
110 173 50
110 173 50
110 173 50
110 173 50
110 173 50
110 173 50
110 173 50
110 173 50
110 173 50
110 173 50
110 173 50
110 173 50
110 173 50
110 173 50
110 173 50
110 173 50
110 173 50
110 173 50
110 173 50
110 173 50
110 173 50
110 173 50
111 173 50
111 173 50
111 173 50
111 173 50
111 173 50
111 173 50
111 173 50
111 173 50
111 173 50
111 173 50
111 173 50
111 173 50
111 173 50
111 173 50
111 173 50
111 173 50
111 173 50
111 173 50
111 173 50
111 173 50
111 173 50
111 173 50
111 173 50
111 173 50
111 173 50
111 173 50
111 173 50
111 173 50
111 173 50
111 173 50
111 173 50
111 173 50
111 173 50
111 173 50
111 173 50
111 173 50
111 173 50
111 173 50
111 173 50
111 173 50
111 173 50
111 173 50
111 173 50
111 173 50
111 173 50
111 173 50
111 173 50
111 173 50
111 173 50
111 173 50
111 173 50
111 173 50
111 173 50
111 173 50
111 173 50
111 173 50
112 173 50
112 173 50
112 173 50
112 173 50
112 173 50
112 173 50
112 173 50
112 173 50
112 173 50
112 173 50
112 173 50
112 173 50
112 173 50
112 173 50
112 173 50
112 173 50
112 173 50
112 173 50
112 173 50
112 173 50
112 173 50
112 173 50
112 173 50
112 173 50
112 173 50
112 173 50
112 173 50
112 173 50
112 173 50
112 173 50
112 173 50
112 173 50
112 173 50
112 173 50
112 173 50
112 173 50
112 173 50
112 173 50
112 173 50
112 173 50
112 173 50
112 173 50
112 173 50
112 173 50
112 173 50
112 173 50
112 173 50
112 173 50
112 173 50
112 173 50
112 173 50
112 173 50
112 173 50
112 173 50
112 173 50
112 173 50
112 173 50
112 173 50
112 173 50
112 173 50
113 173 50
113 173 50
113 173 50
113 173 50
113 173 50
113 173 50
113 173 50
113 173 50
113 173 50
113 173 50
113 173 50
113 173 50
113 173 50
113 173 50
113 173 50
113 173 50
113 173 50
113 173 50
113 173 50
113 173 50
113 173 50
113 173 50
113 173 50
113 173 50
113 173 50
113 173 50
113 173 50
113 173 50
113 173 50
113 173 50
113 173 50
113 173 50
113 173 50
113 173 50
113 173 50
113 173 50
113 173 50
113 173 50
113 173 50
113 173 50
113 173 50
113 173 50
113 173 50
113 173 50
113 173 50
113 173 50
113 173 50
113 173 50
113 173 50
113 173 50
113 173 50
113 173 50
113 173 50
113 173 50
113 173 50
113 173 50
113 173 50
113 173 50
113 173 50
113 173 50
113 173 50
113 173 50
114 173 50
114 173 50
114 173 50
114 173 50
114 173 50
114 173 50
114 173 50
114 173 50
114 173 50
114 173 50
114 173 50
114 173 50
114 173 50
114 173 50
114 173 50
114 173 50
114 173 50
114 173 50
114 173 50
114 173 50
114 173 50
114 173 50
114 173 50
114 173 50
114 173 50
114 173 50
114 173 50
114 173 50
114 173 50
114 173 50
114 173 50
114 173 50
114 173 50
114 173 50
114 173 50
114 173 50
114 173 50
114 173 50
114 173 50
114 173 50
114 173 50
114 173 50
114 173 50
114 173 50
114 173 50
114 173 50
114 173 50
114 173 50
114 173 50
114 173 50
114 173 50
114 173 50
114 173 50
114 173 50
114 173 50
114 173 50
114 173 50
114 173 50
114 173 50
114 173 50
114 173 50
114 173 50
115 173 50
115 173 50
115 173 50
115 173 50
115 173 50
115 173 50
115 173 50
115 173 50
115 173 50
115 173 50
115 173 50
115 173 50
115 173 50
115 173 50
115 173 50
115 173 50
115 173 50
115 173 50
115 173 50
115 173 50
115 173 50
115 173 50
115 173 50
115 173 50
115 173 50
115 173 50
115 173 50
115 173 50
115 173 50
115 173 50
115 173 50
115 173 50
115 173 50
115 173 50
115 173 50
115 173 50
115 173 50
115 173 50
115 173 50
115 173 50
115 173 50
115 173 50
115 173 50
115 173 50
115 173 50
115 173 50
115 173 50
115 173 50
115 173 50
115 173 50
115 173 50
115 173 50
115 173 50
115 173 50
115 173 50
115 173 50
115 173 50
115 173 50
115 173 50
115 173 50
116 173 50
116 173 50
116 173 50
116 173 50
116 173 50
116 173 50
116 173 50
116 173 50
116 173 50
116 173 50
116 173 50
116 173 50
116 173 50
116 173 50
116 173 50
116 173 50
116 173 50
116 173 50
116 173 50
116 173 50
116 173 50
116 173 50
116 173 50
116 173 50
116 173 50
116 173 50
116 173 50
116 173 50
116 173 50
116 173 50
116 173 50
116 173 50
116 173 50
116 173 50
116 173 50
116 173 50
116 173 50
116 173 50
116 173 50
116 173 50
116 173 50
116 173 50
116 173 50
116 173 50
116 173 50
116 173 50
116 173 50
116 173 50
116 173 50
116 173 50
116 173 50
116 173 50
116 173 50
116 173 50
116 173 50
116 173 50
117 173 50
117 173 50
117 173 50
117 173 50
117 173 50
117 173 50
117 173 50
117 173 50
117 173 50
117 173 50
117 173 50
117 173 50
117 173 50
117 173 50
117 173 50
117 173 50
117 173 50
117 173 50
117 173 50
117 173 50
117 173 50
117 173 50
117 173 50
117 173 50
117 173 50
117 173 50
117 173 50
117 173 50
117 173 50
117 173 50
117 173 50
117 173 50
117 173 50
117 173 50
117 173 50
117 173 50
117 173 50
117 173 50
117 173 50
117 173 50
117 173 50
117 173 50
117 173 50
117 173 50
117 173 50
117 173 50
117 173 50
117 173 50
117 173 50
117 173 50
117 173 50
118 173 50
118 173 50
118 173 50
118 173 50
118 173 50
118 173 50
118 173 50
118 173 50
118 173 50
118 173 50
118 173 50
118 173 50
118 173 50
118 173 50
118 173 50
118 173 50
118 173 50
118 173 50
118 173 50
118 173 50
118 173 50
118 173 50
118 173 50
118 173 50
118 173 50
118 173 50
118 173 50
118 173 50
118 173 50
118 173 50
118 173 50
118 173 50
118 173 50
118 173 50
118 173 50
118 173 50
118 173 50
118 173 50
118 173 50
118 173 50
118 173 50
118 173 50
118 173 50
118 173 50
118 173 50
118 173 50
118 173 50
119 173 50
119 173 50
119 173 50
119 173 50
119 173 50
119 173 50
119 173 50
119 173 50
119 173 50
119 173 50
119 173 50
119 173 50
119 173 50
119 173 50
119 173 50
119 173 50
119 173 50
119 173 50
119 173 50
119 173 50
119 173 50
119 173 50
119 173 50
119 173 50
119 173 50
119 173 50
119 173 50
119 173 50
119 173 50
119 173 50
119 173 50
119 173 50
119 173 50
119 173 50
119 173 50
119 173 50
119 173 50
119 173 50
119 173 50
119 173 50
119 173 50
119 173 50
120 173 50
120 173 50
120 173 50
120 173 50
120 173 50
120 173 50
120 173 50
120 173 50
120 173 50
120 173 50
120 173 50
120 173 50
120 173 50
120 173 50
120 173 50
120 173 50
120 173 50
120 173 50
120 173 50
120 173 50
120 173 50
120 173 50
120 173 50
120 173 50
120 173 50
120 173 50
120 173 50
120 173 50
120 173 50
120 173 50
120 173 50
120 173 50
120 173 50
120 173 50
120 173 50
120 173 50
120 173 50
120 173 50
121 173 50
121 173 50
121 173 50
121 173 50
121 173 50
121 173 50
121 173 50
121 173 50
121 173 50
121 173 50
121 173 50
121 173 50
121 173 50
121 173 50
121 173 50
121 173 50
121 173 50
121 173 50
121 173 50
121 173 50
121 173 50
121 173 50
121 173 50
121 173 50
121 173 50
121 173 50
121 173 50
121 173 50
121 173 50
121 173 50
121 173 50
121 173 50
121 173 50
121 173 50
121 173 50
122 173 50
122 173 50
122 173 50
122 173 50
122 173 50
122 173 50
122 173 50
122 173 50
122 173 50
122 173 50
122 173 50
122 173 50
122 173 50
122 173 50
122 173 50
122 173 50
122 173 50
122 173 50
122 173 50
122 173 50
122 173 50
122 173 50
122 173 50
122 173 50
122 173 50
122 173 50
122 173 50
122 173 50
122 173 50
122 173 50
122 173 50
123 173 50
123 173 50
123 173 50
123 173 50
123 173 50
123 173 50
123 173 50
123 173 50
123 173 50
123 173 50
123 173 50
123 173 50
123 173 50
123 173 50
123 173 50
123 173 50
123 173 50
123 173 50
123 173 50
123 173 50
123 173 50
123 173 50
123 173 50
123 173 50
123 173 50
123 173 50
123 173 50
124 173 50
124 173 50
124 173 50
124 173 50
124 173 50
124 173 50
124 173 50
124 173 50
124 173 50
124 173 50
124 173 50
124 173 50
124 173 50
124 173 50
124 173 50
124 173 50
124 173 50
124 173 50
124 173 50
124 173 50
124 173 50
124 173 50
124 173 50
125 173 50
125 173 50
125 173 50
125 173 50
125 173 50
125 173 50
125 173 50
125 173 50
125 173 50
125 173 50
125 173 50
125 173 50
125 173 50
125 173 50
125 173 50
125 173 50
125 173 50
125 173 50
125 173 50
126 173 50
126 173 50
126 173 50
126 173 50
126 173 50
126 173 50
126 173 50
126 173 50
126 173 50
126 173 50
126 173 50
126 173 50
126 173 50
126 173 50
126 173 50
127 173 50
127 173 50
127 173 50
127 173 50
127 173 50
127 173 50
127 173 50
127 173 50
127 173 50
127 173 50
128 173 50
128 173 50
128 173 50
128 173 50
128 173 50
128 173 50
128 173 50
129 173 50
129 173 50
129 173 50
129 173 50
130 173 50
130 173 50
130 173 50
131 173 50
131 173 50
132 173 50
132 173 50
133 173 50
134 173 50
135 173 50
136 173 50
137 173 50
138 173 50
139 173 50
140 173 50
140 173 50
141 173 50
141 173 50
141 173 50
142 173 50
142 173 50
142 173 50
142 173 50
142 173 50
143 173 50
143 173 50
143 173 50
143 173 50
143 173 50
143 173 50
143 173 50
144 173 50
144 173 50
144 173 50
144 173 50
144 173 50
144 173 50
144 173 50
144 173 50
144 173 50
144 173 50
145 173 50
145 173 50
145 173 50
145 173 50
145 173 50
145 173 50
145 173 50
145 173 50
145 173 50
145 173 50
145 173 50
145 173 50
146 173 50
146 173 50
146 173 50
146 173 50
146 173 50
146 173 50
146 173 50
146 173 50
146 173 50
146 173 50
146 173 50
146 173 50
146 173 50
146 173 50
147 173 50
147 173 50
147 173 50
147 173 50
147 173 50
147 173 50
147 173 50
147 173 50
147 173 50
147 173 50
147 173 50
147 173 50
147 173 50
147 173 50
147 173 50
148 173 50
148 173 50
148 173 50
148 173 50
148 173 50
148 173 50
148 173 50
148 173 50
148 173 50
148 173 50
148 173 50
148 173 50
148 173 50
148 173 50
148 173 50
149 173 50
149 173 50
149 173 50
149 173 50
149 173 50
149 173 50
149 173 50
149 173 50
149 173 50
149 173 50
149 173 50
149 173 50
149 173 50
149 173 50
150 173 50
150 173 50
150 173 50
150 173 50
150 173 50
150 173 50
150 173 50
150 173 50
150 173 50
150 173 50
150 173 50
150 173 50
151 173 50
151 173 50
151 173 50
151 173 50
151 173 50
151 173 50
151 173 50
151 173 50
151 173 50
151 173 50
152 173 50
152 173 50
152 173 50
152 173 50
152 173 50
152 173 50
152 173 50
152 173 50
152 173 50
152 172 400
152 172 50
152 171 50
152 171 50
152 171 50
152 171 50
152 171 50
152 171 50
152 171 50
152 171 50
152 171 50
152 170 50
152 170 50
152 170 50
152 170 50
152 170 50
152 170 50
152 170 50
152 170 50
152 169 50
152 169 50
152 169 50
152 169 50
152 169 50
152 169 50
152 169 50
152 168 50
152 168 50
152 168 50
152 168 50
152 168 50
152 168 50
152 168 50
152 167 50
152 167 50
152 167 50
152 167 50
152 167 50
152 167 50
152 166 50
152 166 50
152 166 50
152 166 50
152 166 50
152 166 50
152 165 50
152 165 50
152 165 50
152 165 50
152 165 50
152 165 50
152 164 50
152 164 50
152 164 50
152 164 50
152 164 50
152 164 50
152 163 50
152 163 50
152 163 50
152 163 50
152 163 50
152 163 50
152 162 50
152 162 50
152 162 50
152 162 50
152 162 50
152 162 50
152 162 50
152 161 50
152 161 50
152 161 50
152 161 50
152 161 50
152 161 50
152 161 50
152 160 50
152 160 50
152 160 50
152 160 50
152 160 50
152 160 50
152 160 50
152 160 50
152 159 50
152 159 50
152 159 50
152 159 50
152 159 50
152 159 50
152 159 50
152 159 50
152 158 50
152 158 50
152 158 50
152 158 50
152 158 50
152 158 50
152 158 50
152 158 50
152 157 50
152 157 50
152 157 50
152 157 50
152 157 50
152 157 50
152 157 50
152 156 50
152 156 50
152 156 50
152 156 50
152 156 50
152 155 50
152 155 50
152 155 50
152 154 50
152 154 50
152 153 50
152 153 50
152 152 50
152 151 50
152 150 50
152 149 50
152 148 50
152 147 50
152 146 50
152 145 50
152 144 50
152 143 50
152 142 50
152 141 50
152 140 50
152 139 50
152 138 50
152 138 50
152 137 50
152 137 50
152 137 50
152 136 50
152 136 50
152 136 50
152 136 50
152 135 50
152 135 50
152 135 50
152 135 50
152 135 50
152 134 50
152 134 50
152 134 50
152 134 50
152 134 50
152 134 50
152 134 50
152 133 50
152 133 50
152 133 50
152 133 50
152 133 50
152 133 50
152 133 50
152 133 50
151 133 350
151 133 50
151 133 50
151 133 50
150 133 50
150 133 50
150 133 50
150 133 50
150 133 50
150 133 50
150 133 50
150 133 50
150 133 50
150 133 50
150 133 50
150 133 50
149 133 50
149 133 50
149 133 50
149 133 50
149 133 50
149 133 50
149 133 50
149 133 50
149 133 50
149 133 50
149 133 50
149 133 50
148 133 50
148 133 50
148 133 50
148 133 50
148 133 50
148 133 50
148 133 50
148 133 50
148 133 50
148 133 50
148 133 50
148 133 50
147 133 50
147 133 50
147 133 50
147 133 50
147 133 50
147 133 50
147 133 50
147 133 50
147 133 50
146 133 50
146 133 50
146 133 50
146 133 50
146 133 50
146 133 50
146 133 50
145 133 50
145 133 50
145 133 50
145 133 50
145 133 50
144 133 50
144 133 50
144 133 50
143 133 50
143 133 50
142 133 50
142 133 50
141 133 50
140 133 50
139 133 50
138 133 50
138 132 50
138 131 50
138 130 50
138 130 50
138 129 50
138 129 50
138 128 50
138 128 50
138 128 50
138 127 50
138 127 50
138 127 50
138 127 50
138 127 50
138 126 50
138 126 50
138 126 50
138 126 50
138 126 50
138 126 50
138 126 50
138 126 50
138 125 50
138 125 50
138 125 50
138 125 50
138 125 50
138 125 50
138 125 50
138 125 50
138 125 50
138 125 50
138 125 50
138 125 50
138 125 50
138 124 50
138 124 50
138 124 50
138 124 50
138 124 50
138 124 50
138 124 50
138 124 50
138 124 50
138 124 50
138 124 50
138 124 50
138 124 50
138 124 50
138 124 50
138 124 50
138 124 50
138 124 50
138 124 50
138 124 50
138 123 50
138 123 50
138 123 50
138 123 50
138 123 50
138 123 50
138 123 50
138 123 50
138 123 50
138 123 50
138 123 50
138 123 50
138 123 50
138 123 50
138 123 50
138 123 50
138 123 50
138 123 50
138 123 50
138 123 50
138 123 50
138 123 50
138 123 50
138 123 50
138 123 50
138 123 50
138 123 50
138 123 50
138 122 50
138 122 50
138 122 50
138 122 50
138 122 50
138 122 50
138 122 50
138 122 50
138 122 50
138 122 50
138 122 50
138 122 50
138 122 50
138 122 50
138 122 50
138 122 50
138 122 50
138 122 50
138 122 50
138 122 50
138 122 50
138 122 50
138 122 50
138 122 50
138 122 50
138 122 50
138 122 50
138 122 50
138 122 50
138 122 50
138 122 50
138 122 50
138 122 50
138 122 50
138 122 50
138 122 50
138 122 50
138 121 50
138 121 50
138 121 50
138 121 50
138 121 50
138 121 50
138 121 50
138 121 50
138 121 50
138 121 50
138 121 50
138 121 50
138 121 50
138 121 50
138 121 50
138 121 50
138 121 50
138 121 50
138 121 50
138 121 50
138 121 50
138 121 50
138 121 50
138 121 50
138 121 50
138 121 50
138 121 50
138 121 50
138 121 50
138 121 50
138 121 50
138 121 50
138 121 50
138 121 50
138 121 50
138 121 50
138 121 50
138 121 50
138 121 50
138 121 50
138 121 50
138 121 50
138 121 50
138 121 50
138 121 50
138 121 50
138 120 50
138 120 50
138 120 50
138 120 50
138 120 50
138 120 50
138 120 50
138 120 50
138 120 50
138 120 50
138 120 50
138 120 50
138 120 50
138 120 50
138 120 50
138 120 50
138 120 50
138 120 50
138 120 50
138 120 50
138 120 50
138 120 50
138 120 50
138 120 50
138 120 50
138 120 50
138 120 50
138 120 50
138 120 50
138 120 50
138 120 50
138 120 50
138 120 50
138 120 50
138 120 50
138 120 50
138 120 50
138 120 50
138 120 50
138 120 50
138 120 50
138 120 50
138 120 50
138 120 50
138 120 50
138 120 50
138 120 50
138 120 50
138 120 50
138 120 50
138 120 50
138 120 50
138 120 50
138 120 50
138 119 50
138 119 50
138 119 50
138 119 50
138 119 50
138 119 50
138 119 50
138 119 50
138 119 50
138 119 50
138 119 50
138 119 50
138 119 50
138 119 50
138 119 50
138 119 50
138 119 50
138 119 50
138 119 50
138 119 50
138 119 50
138 119 50
138 119 50
138 119 50
138 119 50
138 119 50
138 119 50
138 119 50
138 119 50
138 119 50
138 119 50
138 119 50
138 119 50
138 119 50
138 119 50
138 119 50
138 119 50
138 119 50
138 119 50
138 119 50
138 119 50
138 119 50
138 119 50
138 119 50
138 119 50
138 119 50
138 119 50
138 119 50
138 119 50
138 119 50
138 119 50
138 119 50
138 119 50
138 119 50
138 119 50
138 119 50
138 119 50
138 119 50
138 119 50
138 119 50
138 119 50
138 118 50
138 118 50
138 118 50
138 118 50
138 118 50
138 118 50
138 118 50
138 118 50
138 118 50
138 118 50
138 118 50
138 118 50
138 118 50
138 118 50
138 118 50
138 118 50
138 118 50
138 118 50
138 118 50
138 118 50
138 118 50
138 118 50
138 118 50
138 118 50
138 118 50
138 118 50
138 118 50
138 118 50
138 118 50
138 118 50
138 118 50
138 118 50
138 118 50
138 118 50
138 118 50
138 118 50
138 118 50
138 118 50
138 118 50
138 118 50
138 118 50
138 118 50
138 118 50
138 118 50
138 118 50
138 118 50
138 118 50
138 118 50
138 118 50
138 118 50
138 118 50
138 118 50
138 118 50
138 118 50
138 118 50
138 118 50
138 118 50
138 118 50
138 118 50
138 118 50
138 118 50
138 118 50
138 118 50
138 118 50
138 118 50
138 118 50
138 118 50
138 117 50
138 117 50
138 117 50
138 117 50
138 117 50
138 117 50
138 117 50
138 117 50
138 117 50
138 117 50
138 117 50
138 117 50
138 117 50
138 117 50
138 117 50
138 117 50
138 117 50
138 117 50
138 117 50
138 117 50
138 117 50
138 117 50
138 117 50
138 117 50
138 117 50
138 117 50
138 117 50
138 117 50
138 117 50
138 117 50
138 117 50
138 117 50
138 117 50
138 117 50
138 117 50
138 117 50
138 117 50
138 117 50
138 117 50
138 117 50
138 117 50
138 117 50
138 117 50
138 117 50
138 117 50
138 117 50
138 117 50
138 117 50
138 117 50
138 117 50
138 117 50
138 117 50
138 117 50
138 117 50
138 117 50
138 117 50
138 117 50
138 117 50
138 117 50
138 117 50
138 117 50
138 117 50
138 117 50
138 117 50
138 117 50
138 117 50
138 117 50
138 117 50
138 117 50
138 117 50
138 116 50
138 116 50
138 116 50
138 116 50
138 116 50
138 116 50
138 116 50
138 116 50
138 116 50
138 116 50
138 116 50
138 116 50
138 116 50
138 116 50
138 116 50
138 116 50
138 116 50
138 116 50
138 116 50
138 116 50
138 116 50
138 116 50
138 116 50
138 116 50
138 116 50
138 116 50
138 116 50
138 116 50
138 116 50
138 116 50
138 116 50
138 116 50
138 116 50
138 116 50
138 116 50
138 116 50
138 116 50
138 116 50
138 116 50
138 116 50
138 116 50
138 116 50
138 116 50
138 116 50
138 116 50
138 116 50
138 116 50
138 116 50
138 116 50
138 116 50
138 116 50
138 116 50
138 116 50
138 116 50
138 116 50
138 116 50
138 116 50
138 116 50
138 116 50
138 116 50
138 116 50
138 116 50
138 116 50
138 116 50
138 116 50
138 116 50
138 116 50
138 116 50
138 116 50
138 116 50
138 116 50
138 116 50
138 115 50
138 115 50
138 115 50
138 115 50
138 115 50
138 115 50
138 115 50
138 115 50
138 115 50
138 115 50
138 115 50
138 115 50
138 115 50
138 115 50
138 115 50
138 115 50
138 115 50
138 115 50
138 115 50
138 115 50
138 115 50
138 115 50
138 115 50
138 115 50
138 115 50
138 115 50
138 115 50
138 115 50
138 115 50
138 115 50
138 115 50
138 115 50
138 115 50
138 115 50
138 115 50
138 115 50
138 115 50
138 115 50
138 115 50
138 115 50
138 115 50
138 115 50
138 115 50
138 115 50
138 115 50
138 115 50
138 115 50
138 115 50
138 115 50
138 115 50
138 115 50
138 115 50
138 115 50
138 115 50
138 115 50
138 115 50
138 115 50
138 115 50
138 115 50
138 115 50
138 115 50
138 115 50
138 115 50
138 115 50
138 115 50
138 115 50
138 115 50
138 115 50
138 115 50
138 115 50
138 115 50
138 114 50
138 114 50
138 114 50
138 114 50
138 114 50
138 114 50
138 114 50
138 114 50
138 114 50
138 114 50
138 114 50
138 114 50
138 114 50
138 114 50
138 114 50
138 114 50
138 114 50
138 114 50
138 114 50
138 114 50
138 114 50
138 114 50
138 114 50
138 114 50
138 114 50
138 114 50
138 114 50
138 114 50
138 114 50
138 114 50
138 114 50
138 114 50
138 114 50
138 114 50
138 114 50
138 114 50
138 114 50
138 114 50
138 114 50
138 114 50
138 114 50
138 114 50
138 114 50
138 114 50
138 114 50
138 114 50
138 114 50
138 114 50
138 114 50
138 114 50
138 114 50
138 114 50
138 114 50
138 114 50
138 114 50
138 114 50
138 114 50
138 114 50
138 114 50
138 114 50
138 114 50
138 114 50
138 114 50
138 114 50
138 114 50
138 114 50
138 114 50
138 114 50
138 113 50
138 113 50
138 113 50
138 113 50
138 113 50
138 113 50
138 113 50
138 113 50
138 113 50
138 113 50
138 113 50
138 113 50
138 113 50
138 113 50
138 113 50
138 113 50
138 113 50
138 113 50
138 113 50
138 113 50
138 113 50
138 113 50
138 113 50
138 113 50
138 113 50
138 113 50
138 113 50
138 113 50
138 113 50
138 113 50
138 113 50
138 113 50
138 113 50
138 113 50
138 113 50
138 113 50
138 113 50
138 113 50
138 113 50
138 113 50
138 113 50
138 113 50
138 113 50
138 113 50
138 113 50
138 113 50
138 113 50
138 113 50
138 113 50
138 113 50
138 113 50
138 113 50
138 113 50
138 113 50
138 113 50
138 113 50
138 113 50
138 113 50
138 113 50
138 113 50
138 113 50
138 113 50
138 113 50
138 113 50
138 112 50
138 112 50
138 112 50
138 112 50
138 112 50
138 112 50
138 112 50
138 112 50
138 112 50
138 112 50
138 112 50
138 112 50
138 112 50
138 112 50
138 112 50
138 112 50
138 112 50
138 112 50
138 112 50
138 112 50
138 112 50
138 112 50
138 112 50
138 112 50
138 112 50
138 112 50
138 112 50
138 112 50
138 112 50
138 112 50
138 112 50
138 112 50
138 112 50
138 112 50
138 112 50
138 112 50
138 112 50
138 112 50
138 112 50
138 112 50
138 112 50
138 112 50
138 112 50
138 112 50
138 112 50
138 112 50
138 112 50
138 112 50
138 112 50
138 112 50
138 112 50
138 112 50
138 112 50
138 112 50
138 112 50
138 112 50
138 112 50
138 112 50
138 111 50
138 111 50
138 111 50
138 111 50
138 111 50
138 111 50
138 111 50
138 111 50
138 111 50
138 111 50
138 111 50
138 111 50
138 111 50
138 111 50
138 111 50
138 111 50
138 111 50
138 111 50
138 111 50
138 111 50
138 111 50
138 111 50
138 111 50
138 111 50
138 111 50
138 111 50
138 111 50
138 111 50
138 111 50
138 111 50
138 111 50
138 111 50
138 111 50
138 111 50
138 111 50
138 111 50
138 111 50
138 111 50
138 111 50
138 111 50
138 111 50
138 111 50
138 111 50
138 111 50
138 111 50
138 111 50
138 111 50
138 111 50
138 111 50
138 111 50
138 111 50
138 111 50
138 110 50
138 110 50
138 110 50
138 110 50
138 110 50
138 110 50
138 110 50
138 110 50
138 110 50
138 110 50
138 110 50
138 110 50
138 110 50
138 110 50
138 110 50
138 110 50
138 110 50
138 110 50
138 110 50
138 110 50
138 110 50
138 110 50
138 110 50
138 110 50
138 110 50
138 110 50
138 110 50
138 110 50
138 110 50
138 110 50
138 110 50
138 110 50
138 110 50
138 110 50
138 110 50
138 110 50
138 110 50
138 110 50
138 110 50
138 110 50
138 110 50
138 110 50
138 110 50
138 110 50
138 110 50
138 109 50
138 109 50
138 109 50
138 109 50
138 109 50
138 109 50
138 109 50
138 109 50
138 109 50
138 109 50
138 109 50
138 109 50
138 109 50
138 109 50
138 109 50
138 109 50
138 109 50
138 109 50
138 109 50
138 109 50
138 109 50
138 109 50
138 109 50
138 109 50
138 109 50
138 109 50
138 109 50
138 109 50
138 109 50
138 109 50
138 109 50
138 109 50
138 109 50
138 109 50
138 109 50
138 109 50
138 109 50
138 109 50
138 109 50
138 108 50
138 108 50
138 108 50
138 108 50
138 108 50
138 108 50
138 108 50
138 108 50
138 108 50
138 108 50
138 108 50
138 108 50
138 108 50
138 108 50
138 108 50
138 108 50
138 108 50
138 108 50
138 108 50
138 108 50
138 108 50
138 108 50
138 108 50
138 108 50
138 108 50
138 108 50
138 108 50
138 108 50
138 108 50
138 108 50
138 108 50
138 108 50
138 107 50
138 107 50
138 107 50
138 107 50
138 107 50
138 107 50
138 107 50
138 107 50
138 107 50
138 107 50
138 107 50
138 107 50
138 107 50
138 107 50
138 107 50
138 107 50
138 107 50
138 107 50
138 107 50
138 107 50
138 107 50
138 107 50
138 107 50
138 107 50
138 107 50
138 107 50
138 106 50
138 106 50
138 106 50
138 106 50
138 106 50
138 106 50
138 106 50
138 106 50
138 106 50
138 106 50
138 106 50
138 106 50
138 106 50
138 106 50
138 106 50
138 106 50
138 106 50
138 106 50
138 106 50
138 106 50
138 105 50
138 105 50
138 105 50
138 105 50
138 105 50
138 105 50
138 105 50
138 105 50
138 105 50
138 105 50
138 105 50
138 105 50
138 105 50
138 105 50
138 105 50
138 104 50
138 104 50
138 104 50
138 104 50
138 104 50
138 104 50
138 104 50
138 104 50
138 104 50
138 104 50
138 103 50
138 103 50
138 103 50
138 103 50
138 103 50
138 103 50
138 103 50
138 102 50
138 102 50
138 102 50
138 102 50
138 102 50
138 101 50
138 101 50
138 101 50
138 100 50
138 100 50
138 99 50
138 99 50
138 98 50
138 97 50
138 96 50
138 95 50
138 94 50
138 93 50
138 92 50
138 91 50
138 90 50
138 89 50
138 88 50
138 87 50
138 86 50
138 85 50
138 84 50
138 83 50
138 82 50
138 81 50
138 80 50
138 79 50
138 78 50
138 77 50
139 77 50
140 77 50
141 77 50
142 77 50
143 77 50
144 77 50
145 77 50
146 77 50
147 77 50
148 77 50
148 77 50
149 77 50
149 77 50
150 77 50
150 77 50
151 77 50
151 77 50
151 77 50
152 77 50
152 77 50
152 77 50
153 77 50
153 77 50
153 77 50
154 77 50
154 77 50
155 77 50
155 77 50
156 77 50
156 77 50
157 77 50
157 77 50
158 77 50
159 77 50
159 77 50
160 77 50
160 77 50
161 77 50
161 77 50
162 77 50
162 77 50
163 77 50
163 77 50
164 77 50
164 77 50
165 77 50
165 77 50
166 77 50
166 77 50
167 77 50
167 77 50
168 77 50
168 77 50
169 77 50
169 77 50
170 77 50
170 77 50
170 77 50
171 77 50
171 77 50
171 77 50
171 77 50
172 77 50
172 77 50
172 77 50
172 77 50
172 77 50
172 77 50
173 77 50
173 77 50
173 77 50
173 77 50
173 77 50
173 77 50
173 77 50
173 77 50
173 77 50
174 77 50
174 77 50
174 77 50
174 77 50
174 77 50
174 77 50
174 77 50
174 77 50
174 77 50
174 77 50
174 77 50
174 77 50
174 77 50
174 77 50
175 77 50
175 77 50
175 77 50
175 77 50
175 77 50
175 77 50
175 77 50
175 77 50
175 77 50
175 77 50
175 77 50
175 77 50
175 77 50
175 77 50
175 77 50
175 77 50
175 77 50
175 77 50
176 77 50
176 77 50
176 77 50
176 77 50
176 77 50
176 77 50
176 77 50
176 77 50
176 77 50
176 77 50
176 77 50
176 77 50
176 77 50
176 77 50
176 77 50
176 77 50
176 77 50
176 77 50
176 77 50
176 77 50
176 77 50
176 77 50
177 77 50
177 77 50
177 77 50
177 77 50
177 77 50
177 77 50
177 77 50
177 77 50
177 77 50
177 77 50
177 77 50
177 77 50
177 77 50
177 77 50
177 77 50
177 77 50
177 77 50
177 77 50
177 77 50
177 77 50
177 77 50
177 77 50
177 77 50
177 77 50
177 77 50
177 77 50
178 77 50
178 77 50
178 77 50
178 77 50
178 77 50
178 77 50
178 77 50
178 77 50
178 77 50
178 77 50
178 77 50
178 77 50
178 77 50
178 77 50
178 77 50
178 77 50
178 77 50
178 77 50
178 77 50
178 77 50
178 77 50
178 77 50
178 77 50
178 77 50
178 77 50
178 77 50
178 77 50
178 77 50
179 77 50
179 77 50
179 77 50
179 77 50
179 77 50
179 77 50
179 77 50
179 77 50
179 77 50
179 77 50
179 77 50
179 77 50
179 77 50
179 77 50
179 77 50
179 77 50
179 77 50
179 77 50
179 77 50
179 77 50
179 77 50
179 77 50
179 77 50
179 77 50
179 77 50
179 77 50
179 77 50
179 77 50
179 77 50
180 77 50
180 77 50
180 77 50
180 77 50
180 77 50
180 77 50
180 77 50
180 77 50
180 77 50
180 77 50
180 77 50
180 77 50
180 77 50
180 77 50
180 77 50
180 77 50
180 77 50
180 77 50
180 77 50
180 77 50
180 77 50
180 77 50
180 77 50
180 77 50
180 77 50
180 77 50
180 77 50
180 77 50
181 77 50
181 77 50
181 77 50
181 77 50
181 77 50
181 77 50
181 77 50
181 77 50
181 77 50
181 77 50
181 77 50
181 77 50
181 77 50
181 77 50
181 77 50
181 77 50
181 77 50
181 77 50
181 77 50
181 77 50
181 77 50
181 77 50
181 77 50
181 77 50
181 77 50
182 77 50
182 77 50
182 77 50
182 77 50
182 77 50
182 77 50
182 77 50
182 77 50
182 77 50
182 77 50
182 77 50
182 77 50
182 77 50
182 77 50
182 77 50
182 77 50
182 77 50
182 77 50
182 77 50
183 77 50
183 77 50
183 77 50
183 77 50
183 77 50
183 77 50
183 77 50
183 77 50
183 77 50
183 77 50
183 77 50
183 77 50
183 77 50
184 77 50
184 77 50
184 77 50
184 77 50
184 77 50
184 77 50
184 77 50
184 77 50
185 77 50
185 77 50
185 77 50
185 77 50
186 77 50
186 77 50
186 76 50
186 76 50
186 76 50
186 75 50
186 75 50
186 75 50
186 74 50
186 74 50
186 74 50
186 74 50
186 73 50
186 73 50
186 73 50
186 73 50
186 72 50
186 72 50
186 72 50
186 72 50
186 71 50
186 71 50
186 71 50
186 70 50
186 70 50
186 70 50
186 69 50
186 69 50
186 68 50
186 68 50
186 67 50
186 67 50
186 66 50
186 66 50
186 65 50
186 65 50
186 64 50
186 63 50
186 62 50
186 61 50
186 60 50
186 59 50
186 58 50
186 57 50
186 56 50
185 56 50
184 56 50
183 56 50
182 56 50
181 56 50
180 56 50
179 56 50
178 56 50
177 56 50
176 56 50
175 56 50
174 56 50
173 56 50
172 56 50
171 56 50
170 56 50
169 56 50
168 56 50
167 56 50
166 56 50
165 56 50
164 56 50
163 56 50
162 56 50
161 56 50
160 56 50
159 56 50
159 55 50
159 54 50
159 53 50
159 52 50
159 51 50
159 50 50
159 49 50
159 48 50
159 47 50
159 46 50
159 46 50
159 45 50
159 45 50
159 44 50
159 44 50
159 44 50
159 43 50
159 43 50
159 43 50
159 43 50
159 42 50
159 42 50
159 42 50
159 42 50
159 42 50
159 41 50
159 41 50
159 41 50
159 41 50
159 41 50
159 41 50
159 40 50
159 40 50
159 40 50
159 40 50
159 40 50
159 40 50
159 40 50
159 40 50
159 39 50
159 39 50
159 39 50
159 39 50
159 39 50
159 39 50
159 39 50
159 39 50
159 39 50
159 39 50
159 39 50
159 38 50
159 38 50
159 38 50
159 38 50
159 38 50
159 38 50
159 38 50
159 38 50
159 38 50
159 38 50
159 38 50
159 38 50
159 38 50
159 38 50
159 37 50
159 37 50
159 37 50
159 37 50
159 37 50
159 37 50
159 37 50
159 37 50
159 37 50
159 37 50
159 37 50
159 37 50
159 37 50
159 37 50
159 37 50
159 37 50
159 37 50
159 36 50
159 36 50
159 36 50
159 36 50
159 36 50
159 36 50
159 36 50
159 36 50
159 36 50
159 36 50
159 36 50
159 36 50
159 36 50
159 36 50
159 36 50
159 36 50
159 36 50
159 36 50
159 36 50
159 36 50
159 35 50
159 35 50
159 35 50
159 35 50
159 35 50
159 35 50
159 35 50
159 35 50
159 35 50
159 35 50
159 35 50
159 35 50
159 35 50
159 35 50
159 35 50
159 35 50
159 35 50
159 35 50
159 35 50
159 35 50
159 35 50
159 35 50
159 34 50
159 34 50
159 34 50
159 34 50
159 34 50
159 34 50
159 34 50
159 34 50
159 34 50
159 34 50
159 34 50
159 34 50
159 34 50
159 34 50
159 34 50
159 34 50
159 34 50
159 34 50
159 34 50
159 34 50
159 34 50
159 34 50
159 34 50
159 33 50
159 33 50
159 33 50
159 33 50
159 33 50
159 33 50
159 33 50
159 33 50
159 33 50
159 33 50
159 33 50
159 33 50
159 33 50
159 33 50
159 33 50
159 33 50
159 33 50
159 33 50
159 33 50
159 33 50
159 33 50
159 33 50
159 33 50
159 33 50
159 32 50
159 32 50
159 32 50
159 32 50
159 32 50
159 32 50
159 32 50
159 32 50
159 32 50
159 32 50
159 32 50
159 32 50
159 32 50
159 32 50
159 32 50
159 32 50
159 32 50
159 32 50
159 32 50
159 32 50
159 32 50
159 32 50
159 32 50
159 32 50
159 31 50
159 31 50
159 31 50
159 31 50
159 31 50
159 31 50
159 31 50
159 31 50
159 31 50
159 31 50
159 31 50
159 31 50
159 31 50
159 31 50
159 31 50
159 31 50
159 31 50
159 31 50
159 31 50
159 31 50
159 31 50
159 31 50
159 31 50
159 31 50
159 30 50
159 30 50
159 30 50
159 30 50
159 30 50
159 30 50
159 30 50
159 30 50
159 30 50
159 30 50
159 30 50
159 30 50
159 30 50
159 30 50
159 30 50
159 30 50
159 30 50
159 30 50
159 30 50
159 30 50
159 30 50
159 30 50
159 30 50
159 29 50
159 29 50
159 29 50
159 29 50
159 29 50
159 29 50
159 29 50
159 29 50
159 29 50
159 29 50
159 29 50
159 29 50
159 29 50
159 29 50
159 29 50
159 29 50
159 29 50
159 29 50
159 29 50
159 29 50
159 28 50
159 28 50
159 28 50
159 28 50
159 28 50
159 28 50
159 28 50
159 28 50
159 28 50
159 28 50
159 28 50
159 28 50
159 28 50
159 28 50
159 28 50
159 28 50
159 27 50
159 27 50
159 27 50
159 27 50
159 27 50
159 27 50
159 27 50
159 27 50
159 27 50
159 27 50
159 27 50
159 26 50
159 26 50
159 26 50
159 26 50
159 26 50
159 26 50
159 26 50
159 25 50
159 25 50
159 25 50
159 25 50
159 24 50
159 24 50
159 24 50
159 23 50
159 23 50
159 22 50
159 21 50
159 20 50
159 19 50
159 18 50
153 133 50
153 133 50
153 133 50
153 133 50
153 133 50
153 133 50
154 133 50
154 133 50
154 133 50
154 133 50
155 133 50
155 133 50
155 133 50
156 133 50
156 133 50
157 133 50
158 133 50
159 133 50
160 133 50
161 133 50
162 133 50
163 133 50
164 133 50
165 133 50
166 133 50
167 133 50
168 133 50
169 133 50
169 133 50
170 133 50
170 133 50
171 133 50
171 133 50
171 133 50
171 133 50
172 133 50
172 133 50
172 133 50
172 133 50
172 133 50
173 133 50
173 133 50
173 133 50
173 133 50
173 133 50
173 133 50
174 133 50
174 133 50
174 133 50
174 133 50
174 133 50
174 133 50
175 133 50
175 133 50
175 133 50
175 133 50
175 133 50
175 133 50
175 133 50
176 133 50
176 133 50
176 133 50
176 133 50
176 133 50
176 133 50
176 133 50
177 133 50
177 133 50
177 133 50
177 133 50
177 133 50
177 133 50
178 133 50
178 133 50
178 133 50
178 133 50
178 133 50
178 133 50
179 133 50
179 133 50
179 133 50
179 133 50
179 133 50
179 133 50
180 133 50
180 133 50
180 133 50
180 133 50
180 133 50
180 133 50
181 133 50
181 133 50
181 133 50
181 133 50
181 133 50
181 133 50
182 133 50
182 133 50
182 133 50
182 133 50
182 133 50
182 133 50
183 133 50
183 133 50
183 133 50
183 133 50
183 133 50
183 133 50
184 133 50
184 133 50
184 133 50
184 133 50
184 133 50
184 133 50
185 133 50
185 133 50
185 133 50
185 133 50
185 133 50
186 133 50
186 133 50
186 133 50
186 133 50
187 133 50
187 133 50
187 133 50
188 133 50
188 133 50
189 133 50
189 133 50
190 133 50
191 133 50
191 134 50
191 135 50
191 135 50
191 136 50
191 136 50
191 136 50
191 137 50
191 137 50
191 137 50
191 137 50
191 138 50
191 138 50
191 138 50
191 138 50
191 138 50
191 138 50
191 139 50
191 139 50
191 139 50
191 139 50
191 139 50
191 139 50
191 139 50
191 139 50
191 139 50
191 140 50
191 140 50
191 140 50
191 140 50
191 140 50
191 140 50
191 140 50
191 140 50
191 140 50
191 140 50
191 140 50
191 140 50
191 141 50
191 141 50
191 141 50
191 141 50
191 141 50
191 141 50
191 141 50
191 141 50
191 141 50
191 141 50
191 141 50
191 141 50
191 141 50
191 141 50
191 141 50
191 141 50
191 141 50
191 142 50
191 142 50
191 142 50
191 142 50
191 142 50
191 142 50
191 142 50
191 142 50
191 142 50
191 142 50
191 142 50
191 142 50
191 142 50
191 142 50
191 142 50
191 142 50
191 142 50
191 142 50
191 142 50
191 142 50
191 142 50
191 143 50
191 143 50
191 143 50
191 143 50
191 143 50
191 143 50
191 143 50
191 143 50
191 143 50
191 143 50
191 143 50
191 143 50
191 143 50
191 143 50
191 143 50
191 143 50
191 143 50
191 143 50
191 143 50
191 143 50
191 143 50
191 143 50
191 143 50
191 143 50
191 143 50
191 143 50
191 144 50
191 144 50
191 144 50
191 144 50
191 144 50
191 144 50
191 144 50
191 144 50
191 144 50
191 144 50
191 144 50
191 144 50
191 144 50
191 144 50
191 144 50
191 144 50
191 144 50
191 144 50
191 144 50
191 144 50
191 144 50
191 144 50
191 144 50
191 144 50
191 144 50
191 144 50
191 144 50
191 144 50
191 144 50
191 144 50
191 144 50
191 145 50
191 145 50
191 145 50
191 145 50
191 145 50
191 145 50
191 145 50
191 145 50
191 145 50
191 145 50
191 145 50
191 145 50
191 145 50
191 145 50
191 145 50
191 145 50
191 145 50
191 145 50
191 145 50
191 145 50
191 145 50
191 145 50
191 145 50
191 145 50
191 145 50
191 145 50
191 145 50
191 145 50
191 145 50
191 145 50
191 145 50
191 145 50
191 145 50
191 146 50
191 146 50
191 146 50
191 146 50
191 146 50
191 146 50
191 146 50
191 146 50
191 146 50
191 146 50
191 146 50
191 146 50
191 146 50
191 146 50
191 146 50
191 146 50
191 146 50
191 146 50
191 146 50
191 146 50
191 146 50
191 146 50
191 146 50
191 146 50
191 146 50
191 146 50
191 146 50
191 146 50
191 146 50
191 146 50
191 146 50
191 146 50
191 146 50
191 146 50
191 147 50
191 147 50
191 147 50
191 147 50
191 147 50
191 147 50
191 147 50
191 147 50
191 147 50
191 147 50
191 147 50
191 147 50
191 147 50
191 147 50
191 147 50
191 147 50
191 147 50
191 147 50
191 147 50
191 147 50
191 147 50
191 147 50
191 147 50
191 147 50
191 147 50
191 147 50
191 147 50
191 147 50
191 147 50
191 147 50
191 147 50
191 147 50
191 148 50
191 148 50
191 148 50
191 148 50
191 148 50
191 148 50
191 148 50
191 148 50
191 148 50
191 148 50
191 148 50
191 148 50
191 148 50
191 148 50
191 148 50
191 148 50
191 148 50
191 148 50
191 148 50
191 148 50
191 148 50
191 148 50
191 148 50
191 148 50
191 148 50
191 148 50
191 148 50
191 148 50
191 149 50
191 149 50
191 149 50
191 149 50
191 149 50
191 149 50
191 149 50
191 149 50
191 149 50
191 149 50
191 149 50
191 149 50
191 149 50
191 149 50
191 149 50
191 149 50
191 149 50
191 149 50
191 149 50
191 149 50
191 149 50
191 149 50
191 150 50
191 150 50
191 150 50
191 150 50
191 150 50
191 150 50
191 150 50
191 150 50
191 150 50
191 150 50
191 150 50
191 150 50
191 150 50
191 150 50
191 150 50
191 150 50
191 151 50
191 151 50
191 151 50
191 151 50
191 151 50
191 151 50
191 151 50
191 151 50
191 151 50
191 151 50
191 151 50
191 152 50
191 152 50
191 152 50
191 152 50
191 152 50
191 152 50
191 152 50
191 152 50
191 153 50
191 153 50
191 153 50
191 153 50
191 153 50
191 154 50
191 154 50
191 154 50
191 155 50
191 155 50
191 156 50
191 156 50
191 157 50
191 158 50
191 159 50
191 160 50
191 161 50
191 162 50
191 163 50
191 164 50
191 165 50
191 166 50
191 167 50
191 168 50
191 169 50
191 170 50
191 171 50
12 76 50
13 76 50
14 76 50
15 76 50
16 76 50
16 76 50
17 76 50
17 76 50
18 76 50
18 76 50
18 76 50
18 76 50
19 76 50
19 76 50
19 76 50
19 76 50
19 76 50
19 76 50
20 76 50
20 76 50
20 76 50
20 76 50
20 76 50
20 76 50
20 76 50
21 76 50
21 76 50
21 76 50
21 76 50
21 76 50
21 76 50
21 76 50
21 76 50
21 76 50
22 76 50
22 76 50
22 76 50
22 76 50
22 76 50
22 76 50
22 76 50
22 76 50
22 76 50
22 76 50
23 76 50
23 76 50
23 76 50
23 76 50
23 76 50
23 76 50
23 76 50
23 76 50
23 76 50
23 76 50
23 76 50
24 76 50
24 76 50
24 76 50
24 76 50
24 76 50
24 76 50
24 76 50
24 76 50
24 76 50
24 76 50
24 76 50
24 76 50
25 76 50
25 76 50
25 76 50
25 76 50
25 76 50
25 76 50
25 76 50
25 76 50
25 76 50
25 76 50
25 76 50
25 76 50
25 76 50
26 76 50
26 76 50
26 76 50
26 76 50
26 76 50
26 76 50
26 76 50
26 76 50
26 76 50
26 76 50
26 76 50
26 76 50
26 76 50
26 76 50
26 76 50
27 76 50
27 76 50
27 76 50
27 76 50
27 76 50
27 76 50
27 76 50
27 76 50
27 76 50
27 76 50
27 76 50
27 76 50
27 76 50
27 76 50
27 76 50
27 76 50
27 76 50
27 76 50
27 76 50
28 76 50
28 76 50
28 76 50
28 76 50
28 76 50
28 76 50
28 76 50
28 76 50
28 76 50
28 76 50
28 76 50
28 76 50
28 76 50
28 76 50
28 76 50
28 76 50
28 76 50
28 76 50
28 76 50
28 76 50
28 76 50
28 76 50
28 76 50
28 76 50
29 76 50
29 76 50
29 76 50
29 76 50
29 76 50
29 76 50
29 76 50
29 76 50
29 76 50
29 76 50
29 76 50
29 76 50
29 76 50
29 76 50
29 76 50
29 76 50
29 76 50
29 76 50
29 76 50
29 76 50
29 76 50
29 76 50
29 76 50
29 76 50
29 76 50
29 76 50
29 76 50
29 76 50
29 76 50
29 76 50
29 76 50
29 76 50
29 76 50
30 76 50
30 76 50
30 76 50
30 76 50
30 76 50
30 76 50
30 76 50
30 76 50
30 76 50
30 76 50
30 76 50
30 76 50
30 76 50
30 76 50
30 76 50
30 76 50
30 76 50
30 76 50
30 76 50
30 76 50
30 76 50
30 76 50
30 76 50
30 76 50
30 76 50
30 76 50
30 76 50
30 76 50
30 76 50
30 76 50
30 76 50
30 76 50
30 76 50
30 76 50
30 76 50
30 76 50
30 76 50
30 76 50
30 76 50
30 76 50
30 76 50
30 76 50
30 76 50
31 76 50
31 76 50
31 76 50
31 76 50
31 76 50
31 76 50
31 76 50
31 76 50
31 76 50
31 76 50
31 76 50
31 76 50
31 76 50
31 76 50
31 76 50
31 76 50
31 76 50
31 76 50
31 76 50
31 76 50
31 76 50
31 76 50
31 76 50
31 76 50
31 76 50
31 76 50
31 76 50
31 76 50
31 76 50
31 76 50
31 76 50
31 76 50
31 76 50
31 76 50
31 76 50
31 76 50
31 76 50
31 76 50
31 76 50
31 76 50
31 76 50
31 76 50
31 76 50
31 76 50
31 76 50
31 76 50
31 76 50
31 76 50
31 76 50
31 76 50
31 76 50
31 76 50
31 76 50
31 76 50
