98 46 120
99 46 120
100 46 120
101 46 120
102 46 120
103 46 120
104 46 120
105 46 120
106 46 120
107 46 120
108 46 120
109 46 120
110 46 120
111 46 120
112 46 120
113 46 120
113 47 120
113 48 120
113 49 120
113 50 120
113 51 120
113 52 120
113 53 120
113 54 120
113 55 120
113 56 120
113 57 120
113 58 120
113 59 120
113 60 120
113 61 120
113 62 120
113 63 120
113 64 120
113 65 120
113 66 120
113 67 120
113 68 120
113 69 120
26 45 120
27 45 120
28 45 120
29 45 120
30 45 120
31 45 120
32 45 120
33 45 120
34 45 120
35 45 120
36 45 120
37 45 120
38 45 120
39 45 120
40 45 120
41 45 120
41 45 120
42 45 120
42 45 120
43 45 120
43 45 120
44 45 120
44 45 120
44 45 120
45 45 240
45 45 120
46 45 240
46 45 120
46 45 120
47 45 360
47 45 120
48 45 360
48 45 120
49 45 360
49 45 120
50 45 360
50 45 120
50 45 120
50 46 480
50 46 120
50 47 480
50 47 120
50 48 480
50 48 120
50 49 480
50 49 120
50 50 480
50 51 480
50 52 480
50 53 120
50 53 120
50 53 120
50 53 120
50 54 360
50 55 360
50 56 360
50 57 120
50 57 120
50 58 120
50 58 120
50 59 120
50 60 120
50 61 120
50 62 120
57 14 120
56 14 120
55 14 120
54 14 120
53 14 120
52 14 120
51 14 120
50 14 120
50 15 120
50 16 120
50 17 120
50 18 120
50 19 120
50 20 120
50 21 120
50 22 120
50 23 120
50 24 120
50 24 120
50 25 120
50 25 120
50 26 120
50 26 120
50 27 120
50 27 120
50 27 120
50 28 240
50 28 120
50 29 240
50 29 120
50 30 240
50 30 120
50 30 120
50 31 360
50 31 120
50 32 360
50 32 120
50 33 360
50 33 120
50 34 360
50 34 120
50 35 360
50 35 120
50 36 360
50 36 120
50 37 360
50 37 120
50 38 360
50 39 360
50 40 360
50 40 120
50 41 360
50 41 120
50 42 360
50 42 120
50 43 360
50 43 120
50 44 360
50 44 120
114 46 360
115 46 360
116 46 360
117 46 120
118 46 120
119 46 120
120 46 120
121 46 120
122 46 120
123 46 120
124 46 120
125 46 120
126 46 120
127 46 120
128 46 120
129 46 120
129 46 120
130 46 120
130 46 120
131 46 120
131 46 120
131 46 120
132 46 240
132 46 120
133 46 240
133 46 120
133 46 120
133 46 120
134 46 480
134 46 120
134 46 120
135 46 600
135 46 120
135 46 120
136 46 720
136 46 120
136 46 120
136 46 120
137 46 960
137 46 120
137 46 120
138 46 1080
138 46 120
138 46 120
139 46 1200
139 46 120
139 46 120
140 46 1320
140 46 120
140 46 120
141 46 1440
141 46 120
141 46 120
141 46 120
142 46 1680
142 46 120
143 46 1680
143 46 120
143 46 120
144 46 1800
144 46 120
144 46 120
145 46 1920
145 46 120
145 46 120
146 46 2040
146 46 120
147 46 2040
147 46 120
147 46 120
148 46 2160
148 46 120
148 46 120
148 46 120
149 46 2400
149 46 120
149 46 120
150 46 2520
150 46 120
150 46 120
151 46 2640
151 46 120
151 46 120
151 46 120
152 46 2880
152 46 120
152 46 120
153 46 3000
153 46 120
153 46 120
154 46 3120
154 46 120
154 46 120
155 46 3240
155 46 120
155 46 120
156 46 3360
156 46 120
157 46 3360
157 46 120
158 46 3360
158 46 120
159 46 3360
159 46 120
160 46 3360
161 46 3360
162 46 3360
163 46 120
163 46 120
163 46 120
163 46 120
163 46 120
163 46 120
163 46 120
163 46 120
163 46 120
163 46 120
163 46 120
163 46 120
163 46 120
163 46 120
163 46 120
163 46 120
163 46 120
163 46 120
163 46 120
163 46 120
163 46 120
163 46 120
164 46 2520
165 46 2520
166 46 2520
167 46 120
167 46 120
167 46 120
167 46 120
167 46 120
167 46 120
167 46 120
167 46 120
167 46 120
167 46 120
167 46 120
167 46 120
168 46 1320
169 46 1320
170 46 1320
171 46 120
171 46 120
171 46 120
171 46 120
171 46 120
171 46 120
171 46 120
172 46 720
172 46 120
173 46 720
174 46 720
175 46 720
176 46 120
176 46 120
176 46 120
176 46 120
176 46 120
176 45 480
176 44 480
176 43 480
176 42 120
176 42 120
176 41 120
176 41 120
176 40 120
176 39 120
176 38 120
176 37 120
176 36 120
176 35 120
176 34 120
176 33 120
176 32 120
176 31 120
176 30 120
176 29 120
176 28 120
176 27 120
176 26 120
177 26 120
178 26 120
179 26 120
180 26 120
181 26 120
182 26 120
183 26 120
184 26 120
185 26 120
186 26 120
187 26 120
188 26 120
189 26 120
190 26 120
191 26 120
192 26 120
192 27 120
192 28 120
192 29 120
192 30 120
192 31 120
192 32 120
192 33 120
192 34 120
192 35 120
192 36 120
192 37 120
192 38 120
192 39 120
192 40 120
192 41 120
192 42 120
192 43 120
192 43 120
192 44 120
192 44 120
192 45 120
192 45 120
192 46 120
192 46 120
192 47 120
192 47 120
192 47 120
192 48 240
192 48 120
192 48 120
192 49 360
192 49 120
192 50 360
192 50 120
192 50 120
192 51 480
192 51 120
192 51 120
192 52 600
192 52 120
192 52 120
192 53 720
192 53 120
192 53 120
192 53 120
192 54 960
192 54 120
192 54 120
192 55 1080
192 55 120
192 55 120
192 56 1200
192 56 120
192 57 1200
192 57 120
192 58 1200
192 58 120
192 59 1200
192 60 1200
192 61 1200
192 62 120
192 62 120
192 62 120
192 62 120
192 62 120
192 62 120
192 62 120
192 62 120
192 63 840
192 64 840
192 65 840
192 66 120
192 66 120
192 66 120
192 66 120
192 67 360
192 68 360
192 69 360
192 70 120
192 70 120
192 71 120
192 72 120
192 73 120
192 74 120
192 75 120
192 76 120
192 77 120
192 78 120
192 79 120
192 80 120
192 81 120
192 82 120
192 83 120
192 84 120
192 85 120
192 86 120
192 87 120
192 88 120
191 88 120
190 88 120
189 88 120
188 88 120
187 88 120
186 88 120
185 88 120
184 88 120
183 88 120
183 88 120
182 88 120
182 88 120
181 88 120
181 88 120
181 88 120
180 88 240
180 88 120
179 88 240
179 88 120
179 88 120
178 88 360
178 88 120
177 88 360
177 88 120
176 88 360
176 88 120
175 88 360
175 88 120
174 88 360
174 88 120
174 88 120
173 88 480
173 88 120
172 88 480
172 88 120
171 88 480
171 88 120
170 88 480
170 88 120
170 88 120
169 88 600
169 88 120
168 88 600
168 88 120
167 88 600
167 88 120
166 88 600
166 88 120
165 88 600
165 88 120
165 88 120
164 88 720
164 88 120
163 88 720
163 88 120
163 88 120
162 88 840
162 88 120
162 88 120
161 88 960
161 88 120
161 88 120
161 88 120
160 88 1200
160 88 120
160 88 120
159 88 1320
159 88 120
159 88 120
159 88 120
158 88 1560
158 88 120
158 88 120
157 88 1680
157 88 120
157 88 120
157 88 120
157 89 1920
157 90 1920
157 91 1920
157 92 120
157 92 120
157 92 120
157 92 120
157 92 120
157 92 120
157 92 120
157 92 120
157 92 120
157 92 120
157 92 120
157 92 120
157 92 120
157 92 120
157 93 1560
157 93 120
157 94 1560
157 94 120
157 95 1560
157 95 120
157 96 1560
157 96 120
157 97 1560
157 97 120
157 98 1560
157 98 120
157 99 1560
157 100 1560
157 101 1560
157 102 120
157 102 120
157 102 120
157 102 120
157 102 120
157 102 120
157 102 120
157 102 120
157 102 120
157 102 120
157 103 1080
157 104 1080
157 105 1080
157 106 120
157 106 120
157 106 120
157 106 120
157 106 120
157 106 120
157 107 600
157 108 600
157 109 600
157 110 120
157 110 120
157 111 120
157 112 120
157 113 120
157 114 120
157 115 120
157 116 120
157 117 120
157 118 120
157 119 120
156 119 120
155 119 120
154 119 120
153 119 120
152 119 120
151 119 120
150 119 120
149 119 120
148 119 120
147 119 120
146 119 120
145 119 120
144 119 120
143 119 120
142 119 120
141 119 120
140 119 120
139 119 120
138 119 120
137 119 120
136 119 120
135 119 120
134 119 120
133 119 120
132 119 120
131 119 120
130 119 120
129 119 120
128 119 120
127 119 120
126 119 120
125 119 120
125 119 120
125 120 120
125 121 120
125 122 120
125 123 120
125 124 120
125 125 120
125 126 120
125 127 120
125 128 120
125 129 120
125 130 120
125 131 120
125 132 120
125 133 120
125 134 120
125 135 120
125 136 120
125 137 120
125 138 120
125 138 120
125 139 120
125 139 120
125 140 120
125 140 120
125 140 120
125 141 240
125 141 120
125 142 240
125 142 120
125 142 120
125 143 360
125 143 120
125 144 360
125 144 120
125 144 120
125 145 480
125 145 120
125 146 480
125 146 120
125 147 480
125 147 120
125 148 480
125 148 120
125 149 480
125 149 120
125 150 480
125 150 120
125 151 480
125 151 120
125 152 480
125 152 120
125 153 480
125 153 120
125 154 480
125 155 480
125 156 480
125 157 120
125 157 120
125 157 120
125 158 240
125 158 120
125 159 240
125 159 120
125 160 240
125 160 120
125 161 240
125 161 120
125 162 240
125 162 120
125 163 240
125 163 120
125 164 240
125 164 120
125 165 240
125 165 120
125 166 240
125 166 120
125 167 240
125 167 120
53 160 240
52 160 240
51 160 240
50 160 120
49 160 120
48 160 120
47 160 120
46 160 120
45 160 120
44 160 120
43 160 120
42 160 120
42 159 120
42 158 120
42 157 120
42 156 120
42 155 120
42 154 120
42 153 120
42 152 120
42 151 120
42 150 120
42 149 120
42 148 120
42 147 120
42 146 120
42 145 120
42 144 120
42 143 120
42 142 120
42 141 120
42 140 120
42 139 120
42 138 120
42 137 120
42 136 120
42 135 120
42 134 120
42 133 120
42 132 120
42 131 120
42 130 120
42 129 120
42 128 120
42 127 120
42 126 120
42 125 120
42 124 120
42 123 120
42 122 120
42 121 120
42 120 120
42 119 120
42 118 120
42 117 120
42 116 120
42 115 120
42 114 120
42 113 120
42 112 120
42 111 120
42 110 120
42 109 120
42 108 120
42 107 120
42 106 120
42 105 120
42 104 120
42 103 120
42 102 120
42 101 120
42 100 120
42 99 120
42 98 120
42 97 120
