146 72 120
146 72 120
146 72 120
146 72 120
146 72 120
146 72 120
146 72 120
146 72 120
146 72 120
146 72 120
147 72 1080
147 72 120
148 72 1080
149 72 1080
150 72 1080
151 72 120
151 72 120
151 72 120
151 72 120
151 72 120
151 72 120
151 72 120
152 72 720
152 72 120
153 72 720
154 72 720
155 72 720
156 72 120
156 72 120
156 72 120
156 72 120
156 73 360
156 73 120
156 74 360
156 74 120
156 74 120
156 75 480
156 75 120
156 75 120
156 76 600
156 76 120
156 76 120
156 77 720
156 77 120
156 77 120
156 78 840
156 78 120
156 78 120
156 79 960
156 79 120
156 79 120
156 80 1080
156 80 120
156 80 120
156 81 1200
156 81 120
156 81 120
156 82 1320
156 82 120
156 82 120
156 83 1440
156 83 120
156 84 1440
156 84 120
156 85 1440
156 85 120
156 85 120
156 86 1560
156 86 120
156 87 1560
156 87 120
156 87 120
156 88 1680
156 88 120
156 89 1680
156 89 120
156 89 120
156 90 1800
156 90 120
156 90 120
156 91 1920
156 91 120
156 91 120
156 92 2040
156 92 120
156 92 120
156 93 2160
156 93 120
156 93 120
156 94 2280
156 94 120
156 94 120
156 95 2400
156 95 120
156 95 120
156 96 2520
156 96 120
156 96 120
156 97 2640
156 97 120
156 98 2640
156 98 120
156 98 120
156 99 2760
156 100 2760
156 101 2760
156 102 120
156 102 120
156 102 120
156 102 120
156 102 120
156 102 120
156 102 120
156 102 120
156 102 120
156 102 120
156 102 120
156 102 120
156 102 120
156 102 120
156 102 120
156 102 120
156 102 120
156 102 120
156 102 120
156 102 120
156 102 120
156 102 120
156 103 2520
156 104 2520
156 105 2520
156 106 120
156 106 120
156 106 120
156 106 120
156 106 120
156 106 120
156 106 120
156 106 120
156 106 120
156 106 120
156 106 120
156 106 120
156 106 120
156 106 120
156 106 120
156 106 120
156 106 120
156 106 120
156 107 2040
156 108 2040
156 109 2040
156 110 120
156 110 120
156 110 120
156 110 120
156 110 120
156 110 120
156 110 120
156 110 120
156 110 120
156 110 120
156 110 120
156 110 120
156 110 120
156 110 120
156 110 120
156 111 1680
156 112 1680
156 113 1680
156 114 120
156 114 120
156 114 120
156 114 120
156 114 120
156 114 120
156 114 120
156 114 120
156 114 120
156 114 120
156 114 120
156 114 120
156 114 120
156 115 1440
156 116 1440
156 117 1440
156 118 120
156 118 120
156 118 120
156 118 120
156 118 120
156 118 120
156 118 120
156 118 120
156 118 120
156 118 120
156 119 1080
156 120 1080
156 121 1080
156 122 120
156 122 120
156 122 120
156 122 120
156 122 120
156 122 120
156 122 120
156 123 720
156 123 120
156 124 720
156 125 720
156 126 720
156 127 120
156 127 120
156 127 120
156 127 120
156 127 120
156 128 480
156 128 120
156 129 480
156 129 120
156 130 480
156 130 120
156 131 480
156 131 120
156 132 480
156 132 120
156 133 480
156 133 120
156 134 480
156 134 120
156 135 480
156 135 120
156 136 480
156 137 480
156 138 480
156 139 120
156 139 120
156 139 120
156 140 240
156 140 120
156 141 240
156 142 240
156 143 240
156 144 120
156 144 120
156 145 120
156 145 120
145 72 120
145 72 120
145 72 120
145 72 120
145 72 120
145 72 120
145 72 120
145 72 120
145 72 120
145 72 120
144 72 1080
144 72 120
143 72 1080
143 72 120
142 72 1080
142 72 120
142 72 120
141 72 1200
141 72 120
140 72 1200
140 72 120
139 72 1200
139 72 120
139 72 120
138 72 1320
138 72 120
137 72 1320
137 72 120
137 72 120
136 72 1440
136 72 120
135 72 1440
135 72 120
135 72 120
135 71 1560
135 70 1560
135 69 1560
135 68 120
135 68 120
135 68 120
135 68 120
135 68 120
135 68 120
135 68 120
135 68 120
135 67 840
135 66 840
135 65 840
135 64 120
135 64 120
135 64 120
135 64 120
135 63 360
135 62 360
135 61 360
135 60 120
135 60 120
135 59 120
135 59 120
135 58 120
135 58 120
135 57 120
135 57 120
135 56 120
135 56 120
135 55 120
135 55 120
135 54 120
135 54 120
135 53 120
135 52 120
135 51 120
135 51 120
135 50 120
135 50 120
135 49 120
135 49 120
135 48 120
135 48 120
135 47 120
135 47 120
135 46 120
135 46 120
135 45 120
135 45 120
135 44 120
135 44 120
135 43 120
135 43 120
134 43 120
134 43 120
133 43 120
133 43 120
132 43 120
132 43 120
131 43 120
131 43 120
131 43 120
130 43 240
130 43 120
129 43 240
129 43 120
128 43 240
128 43 120
127 43 240
127 43 120
127 43 120
126 43 360
126 43 120
125 43 360
125 43 120
124 43 360
124 43 120
123 43 360
123 43 120
122 43 360
121 43 360
120 43 360
119 43 120
119 43 120
118 43 120
118 43 120
117 43 120
116 43 120
115 43 120
114 43 120
113 43 120
112 43 120
111 43 120
110 43 120
109 43 120
108 43 120
107 43 120
106 43 120
105 43 120
104 43 120
103 43 120
102 43 120
101 43 120
100 43 120
99 43 120
98 43 120
97 43 120
96 43 120
95 43 120
94 43 120
93 43 120
92 43 120
92 42 120
92 41 120
92 40 120
92 39 120
92 38 120
92 37 120
92 36 120
92 35 120
92 34 120
92 33 120
92 32 120
92 31 120
92 30 120
92 29 120
92 28 120
92 27 120
92 26 120
92 25 120
92 24 120
92 23 120
92 22 120
92 21 120
92 20 120
92 19 120
92 18 120
92 17 120
92 16 120
92 15 120
91 15 120
90 15 120
89 15 120
88 15 120
87 15 120
86 15 120
85 15 120
84 15 120
83 15 120
82 15 120
81 15 120
80 15 120
79 15 120
78 15 120
77 15 120
76 15 120
75 15 120
74 15 120
73 15 120
72 15 120
71 15 120
70 15 120
69 15 120
68 15 120
67 15 120
67 16 120
67 17 120
67 18 120
67 19 120
67 20 120
67 21 120
67 21 120
67 22 120
67 22 120
67 23 120
67 23 120
67 24 120
67 24 120
67 25 120
67 25 120
67 26 120
67 26 120
67 27 120
67 28 120
67 29 120
67 30 120
67 31 120
136 43 120
137 43 120
138 43 120
139 43 120
140 43 120
141 43 120
142 43 120
143 43 120
144 43 120
145 43 120
146 43 120
147 43 120
148 43 120
149 43 120
150 43 120
151 43 120
152 43 120
153 43 120
154 43 120
155 43 120
156 43 120
157 43 120
158 43 120
159 43 120
160 43 120
161 43 120
162 43 120
163 43 120
164 43 120
165 43 120
166 43 120
167 43 120
168 43 120
169 43 120
170 43 120
171 43 120
172 43 120
173 43 120
174 43 120
175 43 120
176 43 120
177 43 120
178 43 120
179 43 120
180 43 120
181 43 120
182 43 120
183 43 120
184 43 120
185 43 120
186 43 120
187 43 120
188 43 120
188 42 120
188 41 120
188 40 120
188 39 120
188 38 120
188 37 120
188 36 120
188 35 120
188 34 120
188 33 120
188 32 120
188 31 120
188 30 120
188 29 120
188 28 120
188 27 120
188 26 120
188 25 120
188 24 120
196 117 120
195 117 120
194 117 120
193 117 120
192 117 120
191 117 120
190 117 120
189 117 120
188 117 120
187 117 120
186 117 120
185 117 120
184 117 120
183 117 120
182 117 120
182 117 120
181 117 120
181 117 120
180 117 120
180 117 120
180 117 120
179 117 240
179 117 120
178 117 240
178 117 120
178 117 120
177 117 360
177 117 120
177 117 120
176 117 480
176 117 120
176 117 120
175 117 600
175 117 120
175 117 120
174 117 720
174 117 120
174 117 120
173 117 840
173 117 120
173 117 120
172 117 960
172 117 120
172 117 120
171 117 1080
171 117 120
171 117 120
170 117 1200
170 117 120
169 117 1200
169 117 120
169 117 120
168 117 1320
168 117 120
167 117 1320
167 117 120
166 117 1320
166 117 120
165 117 1320
164 117 1320
163 117 1320
162 117 120
162 117 120
162 117 120
162 117 120
162 117 120
162 117 120
162 117 120
162 117 120
162 117 120
162 117 120
162 117 120
161 117 1200
161 117 120
160 117 1200
160 117 120
159 117 1200
158 117 1200
158 117 120
157 117 1200
157 117 120
195 118 1200
195 119 1200
195 120 1200
195 121 120
195 122 120
195 123 120
195 124 120
195 125 120
195 126 120
195 127 120
195 128 120
195 129 120
195 130 120
195 131 120
195 132 120
195 133 120
195 134 120
195 135 120
195 136 120
195 137 120
195 138 120
195 139 120
195 140 120
195 141 120
195 142 120
195 143 120
195 144 120
195 145 120
195 146 120
195 147 120
195 148 120
195 149 120
195 150 120
195 151 120
195 152 120
195 153 120
195 154 120
195 155 120
195 156 120
195 157 120
195 158 120
195 159 120
195 160 120
195 161 120
195 162 120
195 163 120
195 164 120
195 165 120
195 166 120
195 167 120
195 168 120
195 169 120
195 170 120
81 160 120
82 160 120
83 160 120
84 160 120
85 160 120
86 160 120
87 160 120
88 160 120
89 160 120
90 160 120
91 160 120
92 160 120
93 160 120
94 160 120
95 160 120
96 160 120
97 160 120
98 160 120
99 160 120
100 160 120
101 160 120
102 160 120
103 160 120
104 160 120
105 160 120
106 160 120
107 160 120
108 160 120
109 160 120
110 160 120
111 160 120
112 160 120
113 160 120
114 160 120
115 160 120
116 160 120
117 160 120
118 160 120
119 160 120
120 160 120
121 160 120
122 160 120
123 160 120
124 160 120
125 160 120
126 160 120
127 160 120
128 160 120
129 160 120
130 160 120
131 160 120
131 160 120
132 160 120
132 160 120
133 160 120
133 160 120
134 160 120
134 160 120
134 160 120
135 160 240
135 160 120
136 160 240
136 160 120
136 160 120
137 160 360
137 160 120
137 160 120
138 160 480
138 160 120
138 160 120
139 160 600
139 160 120
140 160 600
140 160 120
141 160 600
141 160 120
141 160 120
142 160 720
142 160 120
143 160 720
143 160 120
144 160 720
144 160 120
144 160 120
145 160 840
145 160 120
146 160 840
146 160 120
147 160 840
147 160 120
147 160 120
148 160 960
148 160 120
149 160 960
149 160 120
149 160 120
150 160 1080
150 160 120
151 160 1080
151 160 120
152 160 1080
152 160 120
152 160 120
153 160 1200
153 160 120
154 160 1200
154 160 120
155 160 1200
155 160 120
155 160 120
156 160 1320
156 160 120
156 159 1320
156 158 1320
156 157 1320
156 156 120
156 156 120
156 156 120
156 156 120
156 156 120
156 156 120
156 156 120
156 155 720
156 154 720
156 153 720
156 152 120
156 152 120
156 152 120
156 151 240
156 151 120
156 150 240
156 150 120
156 149 240
156 148 240
156 147 240
156 146 120
156 146 120
99 159 120
99 158 120
99 157 120
99 156 120
99 155 120
99 154 120
99 153 120
99 152 120
99 151 120
99 150 120
99 149 120
99 148 120
99 147 120
99 146 120
99 145 120
99 144 120
99 143 120
99 142 120
99 141 120
99 140 120
99 139 120
99 138 120
99 137 120
99 136 120
99 135 120
99 134 120
99 133 120
99 132 120
99 131 120
99 130 120
