50 172 50
51 172 50
52 172 50
53 172 50
54 172 50
55 172 50
56 172 50
57 172 50
58 172 50
58 172 50
59 172 50
59 172 50
60 172 50
60 172 50
61 172 50
61 172 50
62 172 50
62 172 50
62 172 50
63 172 50
63 172 50
63 172 50
64 172 50
64 172 50
64 172 50
64 172 50
65 172 50
65 172 50
65 172 50
65 172 50
65 172 50
66 172 50
66 172 50
66 172 50
66 172 50
66 172 50
66 172 50
66 172 50
66 172 50
67 172 50
67 172 50
67 172 50
67 172 50
67 172 50
67 172 50
67 172 50
67 172 50
67 172 50
67 172 50
67 172 50
68 172 50
68 172 50
68 172 50
68 172 50
68 172 50
68 172 50
68 172 50
68 172 50
68 172 50
68 172 50
68 172 50
68 172 50
68 172 50
68 172 50
68 172 50
69 172 50
69 172 50
69 172 50
69 172 50
69 172 50
69 172 50
69 172 50
69 172 50
69 172 50
69 172 50
69 172 50
69 172 50
69 172 50
69 172 50
69 172 50
69 172 50
69 172 50
69 172 50
69 172 50
69 172 50
69 172 50
70 172 50
70 172 50
70 172 50
70 172 50
70 172 50
70 172 50
70 172 50
70 172 50
70 172 50
70 172 50
70 172 50
70 172 50
70 172 50
70 172 50
70 172 50
70 172 50
70 172 50
70 172 50
70 172 50
70 172 50
70 172 50
70 172 50
70 172 50
70 172 50
70 172 50
70 172 50
70 172 50
70 172 50
71 172 50
71 172 50
71 172 50
71 172 50
71 172 50
71 172 50
71 172 50
71 172 50
71 172 50
71 172 50
71 172 50
71 172 50
71 172 50
71 172 50
71 172 50
71 172 50
71 172 50
71 172 50
71 172 50
71 172 50
71 172 50
71 172 50
71 172 50
71 172 50
71 172 50
71 172 50
71 172 50
71 172 50
71 172 50
71 172 50
71 172 50
71 172 50
71 172 50
71 172 50
71 172 50
72 172 50
72 172 50
72 172 50
72 172 50
72 172 50
72 172 50
72 172 50
72 172 50
72 172 50
72 172 50
72 172 50
72 172 50
72 172 50
72 172 50
72 172 50
72 172 50
72 172 50
72 172 50
72 172 50
72 172 50
72 172 50
72 172 50
72 172 50
72 172 50
72 172 50
72 172 50
72 172 50
72 172 50
72 172 50
72 172 50
72 172 50
72 172 50
72 172 50
72 172 50
72 172 50
72 172 50
72 172 50
72 172 50
72 172 50
72 172 50
72 172 50
72 172 50
72 172 50
73 172 50
73 172 50
73 172 50
73 172 50
73 172 50
73 172 50
73 172 50
73 172 50
73 172 50
73 172 50
73 172 50
73 172 50
73 172 50
73 172 50
73 172 50
73 172 50
73 172 50
73 172 50
73 172 50
73 172 50
73 172 50
73 172 50
73 172 50
73 172 50
73 172 50
73 172 50
73 172 50
73 172 50
73 172 50
73 172 50
73 172 50
73 172 50
73 172 50
73 172 50
73 172 50
73 172 50
73 172 50
73 172 50
73 172 50
73 172 50
73 172 50
73 172 50
73 172 50
73 172 50
73 172 50
73 172 50
73 172 50
73 172 50
73 172 50
74 172 50
74 172 50
74 172 50
74 172 50
74 172 50
74 172 50
74 172 50
74 172 50
74 172 50
74 172 50
74 172 50
74 172 50
74 172 50
74 172 50
74 172 50
74 172 50
74 172 50
74 172 50
74 172 50
74 172 50
74 172 50
74 172 50
74 172 50
74 172 50
74 172 50
74 172 50
74 172 50
74 172 50
74 172 50
74 172 50
74 172 50
74 172 50
74 172 50
74 172 50
74 172 50
74 172 50
74 172 50
74 172 50
74 172 50
74 172 50
74 172 50
74 172 50
74 172 50
74 172 50
74 172 50
74 172 50
74 172 50
74 172 50
74 172 50
74 172 50
74 172 50
74 172 50
74 172 50
74 172 50
74 172 50
75 172 50
75 172 50
75 172 50
75 172 50
75 172 50
75 172 50
75 172 50
75 172 50
75 172 50
75 172 50
75 172 50
75 172 50
75 172 50
75 172 50
75 172 50
75 172 50
75 172 50
75 172 50
75 172 50
75 172 50
75 172 50
75 172 50
75 172 50
75 172 50
75 172 50
75 172 50
75 172 50
75 172 50
75 172 50
75 172 50
75 172 50
75 172 50
75 172 50
75 172 50
75 172 50
75 172 50
75 172 50
75 172 50
75 172 50
75 172 50
75 172 50
75 172 50
75 172 50
75 172 50
75 172 50
75 172 50
75 172 50
75 172 50
75 172 50
75 172 50
75 172 50
75 172 50
75 172 50
75 172 50
75 172 50
75 172 50
75 172 50
75 172 50
76 172 50
76 172 50
76 172 50
76 172 50
76 172 50
76 172 50
76 172 50
76 172 50
76 172 50
76 172 50
76 172 50
76 172 50
76 172 50
76 172 50
76 172 50
76 172 50
76 172 50
76 172 50
76 172 50
76 172 50
76 172 50
76 172 50
76 172 50
76 172 50
76 172 50
76 172 50
76 172 50
76 172 50
76 172 50
76 172 50
76 172 50
76 172 50
76 172 50
76 172 50
76 172 50
76 172 50
76 172 50
76 172 50
76 172 50
76 172 50
76 172 50
76 172 50
76 172 50
76 172 50
76 172 50
76 172 50
76 172 50
76 172 50
76 172 50
76 172 50
76 172 50
76 172 50
76 172 50
76 172 50
76 172 50
76 172 50
76 172 50
76 172 50
76 172 50
76 172 50
77 172 50
77 172 50
77 172 50
77 172 50
77 172 50
77 172 50
77 172 50
77 172 50
77 172 50
77 172 50
77 172 50
77 172 50
77 172 50
77 172 50
77 172 50
77 172 50
77 172 50
77 172 50
77 172 50
77 172 50
77 172 50
77 172 50
77 172 50
77 172 50
77 172 50
77 172 50
77 172 50
77 172 50
77 172 50
77 172 50
77 172 50
77 172 50
77 172 50
77 172 50
77 172 50
77 172 50
77 172 50
77 172 50
77 172 50
77 172 50
77 172 50
77 172 50
77 172 50
77 172 50
77 172 50
77 172 50
77 172 50
77 172 50
77 172 50
77 172 50
77 172 50
77 172 50
77 172 50
77 172 50
77 172 50
77 172 50
77 172 50
77 172 50
77 172 50
78 172 50
78 172 50
78 172 50
78 172 50
78 172 50
78 172 50
78 172 50
78 172 50
78 172 50
78 172 50
78 172 50
78 172 50
78 172 50
78 172 50
78 172 50
78 172 50
78 172 50
78 172 50
78 172 50
78 172 50
78 172 50
78 172 50
78 172 50
78 172 50
78 172 50
78 172 50
78 172 50
78 172 50
78 172 50
78 172 50
78 172 50
78 172 50
78 172 50
78 172 50
78 172 50
78 172 50
78 172 50
78 172 50
78 172 50
78 172 50
78 172 50
78 172 50
78 172 50
78 172 50
78 172 50
78 172 50
78 172 50
78 172 50
78 172 50
78 172 50
78 172 50
78 172 50
78 172 50
78 172 50
78 172 50
78 172 50
78 172 50
79 172 50
79 172 50
79 172 50
79 172 50
79 172 50
79 172 50
79 172 50
79 172 50
79 172 50
79 172 50
79 172 50
79 172 50
79 172 50
79 172 50
79 172 50
79 172 50
79 172 50
79 172 50
79 172 50
79 172 50
79 172 50
79 172 50
79 172 50
79 172 50
79 172 50
79 172 50
79 172 50
79 172 50
79 172 50
79 172 50
79 172 50
79 172 50
79 172 50
79 172 50
79 172 50
79 172 50
79 172 50
79 172 50
79 172 50
79 172 50
79 172 50
79 172 50
79 172 50
79 172 50
79 172 50
79 172 50
79 172 50
79 172 50
79 172 50
79 172 50
79 172 50
79 172 50
79 172 50
79 172 50
80 172 50
80 172 50
80 172 50
80 172 50
80 172 50
80 172 50
80 172 50
80 172 50
80 172 50
80 172 50
80 172 50
80 172 50
80 172 50
80 172 50
80 172 50
80 172 50
80 172 50
80 172 50
80 172 50
80 172 50
80 172 50
80 172 50
80 172 50
80 172 50
80 172 50
80 172 50
80 172 50
80 172 50
80 172 50
80 172 50
80 172 50
80 172 50
80 172 50
80 172 50
80 172 50
80 172 50
80 172 50
80 172 50
80 172 50
80 172 50
80 172 50
80 172 50
80 172 50
80 172 50
80 172 50
80 172 50
80 172 50
80 172 50
80 172 50
81 172 50
81 172 50
81 172 50
81 172 50
81 172 50
81 172 50
81 172 50
81 172 50
81 172 50
81 172 50
81 172 50
81 172 50
81 172 50
81 172 50
81 172 50
81 172 50
81 172 50
81 172 50
81 172 50
81 172 50
81 172 50
81 172 50
81 172 50
81 172 50
81 172 50
81 172 50
81 172 50
81 172 50
81 172 50
81 172 50
81 172 50
81 172 50
81 172 50
81 172 50
81 172 50
81 172 50
81 172 50
81 172 50
81 172 50
81 172 50
81 172 50
81 172 50
81 172 50
82 172 50
82 172 50
82 172 50
82 172 50
82 172 50
82 172 50
82 172 50
82 172 50
82 172 50
82 172 50
82 172 50
82 172 50
82 172 50
82 172 50
82 172 50
82 172 50
82 172 50
82 172 50
82 172 50
82 172 50
82 172 50
82 172 50
82 172 50
82 172 50
82 172 50
82 172 50
82 172 50
82 172 50
82 172 50
82 172 50
82 172 50
82 172 50
82 172 50
82 172 50
82 172 50
82 172 50
82 172 50
83 172 50
83 172 50
83 172 50
83 172 50
83 172 50
83 172 50
83 172 50
83 172 50
83 172 50
83 172 50
83 172 50
83 172 50
83 172 50
83 172 50
83 172 50
83 172 50
83 172 50
83 172 50
83 172 50
83 172 50
83 172 50
83 172 50
83 172 50
83 172 50
83 172 50
83 172 50
83 172 50
83 172 50
83 172 50
83 172 50
83 172 50
84 172 50
84 172 50
84 172 50
84 172 50
84 172 50
84 172 50
84 172 50
84 172 50
84 172 50
84 172 50
84 172 50
84 172 50
84 172 50
84 172 50
84 172 50
84 172 50
84 172 50
84 172 50
84 172 50
84 172 50
84 172 50
84 172 50
84 172 50
84 172 50
84 172 50
84 172 50
85 172 50
85 172 50
85 172 50
85 172 50
85 172 50
85 172 50
85 172 50
85 172 50
85 172 50
85 172 50
85 172 50
85 172 50
85 172 50
85 172 50
85 172 50
85 172 50
85 172 50
85 172 50
85 172 50
85 172 50
85 172 50
86 172 50
86 172 50
86 172 50
86 172 50
86 172 50
86 172 50
86 172 50
86 172 50
86 172 50
86 172 50
86 172 50
86 172 50
86 172 50
86 172 50
86 172 50
86 172 50
86 172 50
87 172 50
87 172 50
87 172 50
87 172 50
87 172 50
87 172 50
87 172 50
87 172 50
87 172 50
87 172 50
87 172 50
87 172 50
87 172 50
87 172 50
88 172 50
88 172 50
88 172 50
88 172 50
88 172 50
88 172 50
88 172 50
88 172 50
88 172 50
88 172 50
88 172 50
88 172 50
89 172 50
89 172 50
89 172 50
89 172 50
89 172 50
89 172 50
89 172 50
89 172 50
89 172 50
89 172 50
90 172 50
90 172 50
90 172 50
90 172 50
90 172 50
90 172 50
90 172 50
90 172 50
91 172 50
91 172 50
91 172 50
91 172 50
91 172 50
91 172 50
91 172 50
92 172 50
92 172 50
92 172 50
92 172 50
92 172 50
92 172 50
92 172 50
93 172 50
93 172 50
93 172 50
93 172 50
93 172 50
93 172 50
94 172 50
94 172 50
94 172 50
94 172 50
94 172 50
94 172 50
95 172 50
95 172 50
95 172 50
95 172 50
95 172 50
96 172 50
96 172 50
96 172 50
96 172 50
96 172 50
97 172 50
97 172 50
97 172 50
97 172 50
98 172 50
98 172 50
98 172 50
99 172 50
99 172 50
99 172 50
100 172 50
100 172 50
101 172 50
101 172 50
102 172 50
102 172 50
103 172 50
103 172 50
104 172 50
104 172 50
105 172 50
105 172 50
106 172 50
106 172 50
107 172 50
107 172 50
108 172 50
108 172 50
109 172 50
109 172 50
110 172 50
110 172 50
110 172 50
111 172 50
111 172 50
111 172 50
112 172 50
112 172 50
112 172 50
113 172 50
113 172 50
113 172 50
113 172 50
114 172 50
114 172 50
114 172 50
114 172 50
114 172 50
115 172 50
115 172 50
115 172 50
115 172 50
115 172 50
115 172 50
116 172 50
116 172 50
116 172 50
116 172 50
116 172 50
116 172 50
116 172 50
116 172 50
117 172 50
117 172 50
117 172 50
117 172 50
117 172 50
117 172 50
117 172 50
117 172 50
117 172 50
118 172 50
118 172 50
118 172 50
118 172 50
118 172 50
118 172 50
118 172 50
118 172 50
118 172 50
118 172 50
118 172 50
119 172 50
119 172 50
119 172 50
119 172 50
119 172 50
119 172 50
119 172 50
119 172 50
119 172 50
119 172 50
119 172 50
119 172 50
120 172 50
120 172 50
120 172 50
120 172 50
120 172 50
120 172 50
120 172 50
120 172 50
120 172 50
120 172 50
120 172 50
120 172 50
120 172 50
121 172 50
121 172 50
121 172 50
121 172 50
121 172 50
121 172 50
121 172 50
121 172 50
121 172 50
121 172 50
121 172 50
121 172 50
121 172 50
122 172 50
122 172 50
122 172 50
122 172 50
122 172 50
122 172 50
122 172 50
122 172 50
122 172 50
122 172 50
122 172 50
122 172 50
122 172 50
122 172 50
123 172 50
123 172 50
123 172 50
123 172 50
123 172 50
123 172 50
123 172 50
123 172 50
123 172 50
123 172 50
123 172 50
123 172 50
123 172 50
123 172 50
124 172 50
124 172 50
124 172 50
124 172 50
124 172 50
124 172 50
124 172 50
124 172 50
124 172 50
124 172 50
124 172 50
124 172 50
124 172 50
124 172 50
125 172 50
125 172 50
125 172 50
125 172 50
125 172 50
125 172 50
125 172 50
125 172 50
125 172 50
125 172 50
125 172 50
125 172 50
125 172 50
126 172 50
126 172 50
126 172 50
126 172 50
126 172 50
126 172 50
126 172 50
126 172 50
126 172 50
126 172 50
126 172 50
127 172 50
127 172 50
127 172 50
127 172 50
127 172 50
127 172 50
127 172 50
127 172 50
127 172 50
127 172 50
128 172 50
128 172 50
128 172 50
128 172 50
128 172 50
128 172 50
128 172 50
128 172 50
129 172 50
129 172 50
129 172 50
129 172 50
129 172 50
129 172 50
130 172 50
130 172 50
130 172 50
130 172 50
130 172 50
131 172 50
131 172 50
131 172 50
132 172 50
132 172 50
132 172 50
133 172 50
133 172 50
134 172 50
134 172 50
135 172 50
136 172 50
137 172 50
138 172 50
139 172 50
140 172 50
141 172 50
142 172 50
143 172 50
144 172 50
145 172 50
146 172 50
147 172 50
147 172 50
148 172 50
148 172 50
149 172 50
149 172 50
150 172 50
150 172 50
151 172 50
151 172 50
152 172 50
152 172 50
153 172 50
153 172 50
154 172 50
154 172 50
155 172 50
155 172 50
156 172 50
156 172 50
157 172 50
157 172 50
158 172 50
158 172 50
158 172 50
159 172 50
159 172 50
159 172 50
160 172 50
160 172 50
160 172 50
161 172 50
161 172 50
161 172 50
162 172 50
162 172 50
163 172 50
163 172 50
164 172 50
164 172 50
165 172 50
166 172 50
167 172 50
168 172 50
169 172 50
170 172 50
171 172 50
172 172 50
173 172 50
174 172 50
175 172 50
176 172 50
177 172 50
178 172 50
179 172 50
180 172 50
180 173 50
180 174 50
180 175 50
180 176 50
180 177 50
180 178 50
180 179 50
180 180 50
180 181 50
180 182 50
180 183 50
180 184 50
180 185 50
180 186 50
180 187 50
180 188 50
180 189 50
180 190 50
98 171 50
98 171 50
98 171 50
98 171 50
98 170 50
98 170 50
98 170 50
98 170 50
98 170 50
98 169 50
98 169 50
98 169 50
98 169 50
98 169 50
98 169 50
98 168 50
98 168 50
98 168 50
98 168 50
98 168 50
98 168 50
98 167 50
98 167 50
98 167 50
98 167 50
98 167 50
98 167 50
98 167 50
98 166 50
98 166 50
98 166 50
98 166 50
98 166 50
98 166 50
98 166 50
98 165 50
98 165 50
98 165 50
98 165 50
98 165 50
98 165 50
98 165 50
98 164 50
98 164 50
98 164 50
98 164 50
98 164 50
98 164 50
98 163 50
98 163 50
98 163 50
98 163 50
98 163 50
98 163 50
98 162 50
98 162 50
98 162 50
98 162 50
98 162 50
98 161 50
98 161 50
98 161 50
98 161 50
98 161 50
98 160 50
98 160 50
98 160 50
98 160 50
98 159 50
98 159 50
98 159 50
98 159 50
98 158 50
98 158 50
98 158 50
98 157 50
98 157 50
98 157 50
98 156 50
98 156 50
98 155 50
98 155 50
98 154 50
98 154 50
98 153 50
98 152 50
98 151 50
98 150 50
98 149 50
98 148 50
98 147 50
98 146 50
98 145 50
98 144 50
98 143 50
98 142 50
98 141 50
98 140 50
98 139 50
98 138 50
98 137 50
98 136 50
197 74 50
196 74 50
195 74 50
194 74 50
193 74 50
192 74 50
191 74 50
190 74 50
189 74 50
188 74 50
187 74 50
186 74 50
185 74 50
184 74 50
183 74 50
182 74 50
181 74 50
180 74 50
180 75 50
180 76 50
180 77 50
180 78 50
180 79 50
180 80 50
180 81 50
180 81 50
180 82 50
180 82 50
180 83 50
180 83 50
180 84 50
180 84 50
180 84 50
180 85 50
180 85 50
180 85 50
180 86 50
180 86 50
180 86 50
180 86 50
180 87 50
180 87 50
180 87 50
180 87 50
180 88 50
180 88 50
180 88 50
180 88 50
180 88 50
180 89 50
180 89 50
180 89 50
180 89 50
180 89 50
180 90 50
180 90 50
180 90 50
180 90 50
180 90 50
180 90 50
180 91 50
180 91 50
180 91 50
180 91 50
180 91 50
180 91 50
180 92 50
180 92 50
180 92 50
180 92 50
180 92 50
180 92 50
180 92 50
180 92 50
180 93 50
180 93 50
180 93 50
180 93 50
180 93 50
180 93 50
180 93 50
180 93 50
180 93 50
180 94 50
180 94 50
180 94 50
180 94 50
180 94 50
180 94 50
180 94 50
180 94 50
180 94 50
180 94 50
180 94 50
180 95 50
180 95 50
180 95 50
180 95 50
180 95 50
180 95 50
180 95 50
180 95 50
180 95 50
180 95 50
180 95 50
180 95 50
180 95 50
180 95 50
180 96 50
180 96 50
180 96 50
180 96 50
180 96 50
180 96 50
180 96 50
180 96 50
180 96 50
180 96 50
180 96 50
180 96 50
180 96 50
180 96 50
180 96 50
180 96 50
180 97 50
180 97 50
180 97 50
180 97 50
180 97 50
180 97 50
180 97 50
180 97 50
180 97 50
180 97 50
180 97 50
180 97 50
180 97 50
180 97 50
180 97 50
180 97 50
180 97 50
180 97 50
180 97 50
180 98 50
180 98 50
180 98 50
180 98 50
180 98 50
180 98 50
180 98 50
180 98 50
180 98 50
180 98 50
180 98 50
180 98 50
180 98 50
180 98 50
180 98 50
180 98 50
180 98 50
180 98 50
180 98 50
180 98 50
180 98 50
180 99 50
180 99 50
180 99 50
180 99 50
180 99 50
180 99 50
180 99 50
180 99 50
180 99 50
180 99 50
180 99 50
180 99 50
180 99 50
180 99 50
180 99 50
180 99 50
180 99 50
180 99 50
180 99 50
180 99 50
180 99 50
180 99 50
180 100 50
180 100 50
180 100 50
180 100 50
180 100 50
180 100 50
180 100 50
180 100 50
180 100 50
180 100 50
180 100 50
180 100 50
180 100 50
180 100 50
180 100 50
180 100 50
180 100 50
180 100 50
180 100 50
180 100 50
180 100 50
180 100 50
180 100 50
180 101 50
180 101 50
180 101 50
180 101 50
180 101 50
180 101 50
180 101 50
180 101 50
180 101 50
180 101 50
180 101 50
180 101 50
180 101 50
180 101 50
180 101 50
180 101 50
180 101 50
180 101 50
180 101 50
180 101 50
180 101 50
180 101 50
180 101 50
180 102 50
180 102 50
180 102 50
180 102 50
180 102 50
180 102 50
180 102 50
180 102 50
180 102 50
180 102 50
180 102 50
180 102 50
180 102 50
180 102 50
180 102 50
180 102 50
180 102 50
180 102 50
180 102 50
180 102 50
180 102 50
180 102 50
180 103 50
180 103 50
180 103 50
180 103 50
180 103 50
180 103 50
180 103 50
180 103 50
180 103 50
180 103 50
180 103 50
180 103 50
180 103 50
180 103 50
180 103 50
180 103 50
180 103 50
180 103 50
180 103 50
180 103 50
180 103 50
180 104 50
180 104 50
180 104 50
180 104 50
180 104 50
180 104 50
180 104 50
180 104 50
180 104 50
180 104 50
180 104 50
180 104 50
180 104 50
180 104 50
180 104 50
180 104 50
180 104 50
180 104 50
180 104 50
180 105 50
180 105 50
180 105 50
180 105 50
180 105 50
180 105 50
180 105 50
180 105 50
180 105 50
180 105 50
180 105 50
180 105 50
180 105 50
180 105 50
180 105 50
180 105 50
180 106 50
180 106 50
180 106 50
180 106 50
180 106 50
180 106 50
180 106 50
180 106 50
180 106 50
180 106 50
180 106 50
180 106 50
180 106 50
180 107 50
180 107 50
180 107 50
180 107 50
180 107 50
180 107 50
180 107 50
180 107 50
180 107 50
180 107 50
180 107 50
180 108 50
180 108 50
180 108 50
180 108 50
180 108 50
180 108 50
180 108 50
180 108 50
180 108 50
180 109 50
180 109 50
180 109 50
180 109 50
180 109 50
180 109 50
180 109 50
180 109 50
180 110 50
180 110 50
180 110 50
180 110 50
180 110 50
180 110 50
180 110 50
180 111 50
180 111 50
180 111 50
180 111 50
180 111 50
180 111 50
180 112 50
180 112 50
180 112 50
180 112 50
180 112 50
180 112 50
180 113 50
180 113 50
180 113 50
180 113 50
180 113 50
180 113 50
180 114 50
180 114 50
180 114 50
180 114 50
180 114 50
180 114 50
180 115 50
180 115 50
180 115 50
180 115 50
180 115 50
180 115 50
180 115 50
180 116 50
180 116 50
180 116 50
180 116 50
180 116 50
180 116 50
180 116 50
180 117 50
180 117 50
180 117 50
180 117 50
180 117 50
180 117 50
180 117 50
180 117 50
180 118 50
180 118 50
180 118 50
180 118 50
180 118 50
180 118 50
180 118 50
180 118 50
180 118 50
180 119 50
180 119 50
180 119 50
180 119 50
180 119 50
180 119 50
180 119 50
180 119 50
180 119 50
180 120 50
180 120 50
180 120 50
180 120 50
180 120 50
180 120 50
180 120 50
180 120 50
180 120 50
180 120 50
180 121 50
180 121 50
180 121 50
180 121 50
180 121 50
180 121 50
180 121 50
180 121 50
180 121 50
180 121 50
180 122 50
180 122 50
180 122 50
180 122 50
180 122 50
180 122 50
180 122 50
180 122 50
180 122 50
180 122 50
180 122 50
180 123 50
180 123 50
180 123 50
180 123 50
180 123 50
180 123 50
180 123 50
180 123 50
180 123 50
180 123 50
180 123 50
180 123 50
180 124 50
180 124 50
180 124 50
180 124 50
180 124 50
180 124 50
180 124 50
180 124 50
180 124 50
180 124 50
180 124 50
180 124 50
180 124 50
180 125 50
180 125 50
180 125 50
180 125 50
180 125 50
180 125 50
180 125 50
180 125 50
180 125 50
180 125 50
180 125 50
180 125 50
180 125 50
180 125 50
180 126 50
180 126 50
180 126 50
180 126 50
180 126 50
180 126 50
180 126 50
180 126 50
180 126 50
180 126 50
180 126 50
180 126 50
180 126 50
180 126 50
180 126 50
180 127 50
180 127 50
180 127 50
180 127 50
180 127 50
180 127 50
180 127 50
180 127 50
180 127 50
180 127 50
180 127 50
180 127 50
180 127 50
180 127 50
180 127 50
180 127 50
180 128 50
180 128 50
180 128 50
180 128 50
180 128 50
180 128 50
180 128 50
180 128 50
180 128 50
180 128 50
180 128 50
180 128 50
180 128 50
180 128 50
180 128 50
180 128 50
180 129 50
180 129 50
180 129 50
180 129 50
180 129 50
180 129 50
180 129 50
180 129 50
180 129 50
180 129 50
180 129 50
180 129 50
180 129 50
180 129 50
180 129 50
180 129 50
180 129 50
180 130 50
180 130 50
180 130 50
180 130 50
180 130 50
180 130 50
180 130 50
180 130 50
180 130 50
180 130 50
180 130 50
180 130 50
180 130 50
180 130 50
180 130 50
180 130 50
180 130 50
180 131 50
180 131 50
180 131 50
180 131 50
180 131 50
180 131 50
180 131 50
180 131 50
180 131 50
180 131 50
180 131 50
180 131 50
180 131 50
180 131 50
180 131 50
180 131 50
180 131 50
180 132 50
180 132 50
180 132 50
180 132 50
180 132 50
180 132 50
180 132 50
180 132 50
180 132 50
180 132 50
180 132 50
180 132 50
180 132 50
180 132 50
180 132 50
180 133 50
180 133 50
180 133 50
180 133 50
180 133 50
180 133 50
180 133 50
180 133 50
180 133 50
180 133 50
180 133 50
180 133 50
180 133 50
180 134 50
180 134 50
180 134 50
180 134 50
180 134 50
180 134 50
180 134 50
180 134 50
180 134 50
180 134 50
180 134 50
180 135 50
180 135 50
180 135 50
180 135 50
180 135 50
180 135 50
180 135 50
180 135 50
180 136 50
180 136 50
180 136 50
180 136 50
180 136 50
180 136 50
180 137 50
180 137 50
180 137 50
180 137 50
180 138 50
180 138 50
180 138 50
180 139 50
180 139 50
180 140 50
180 141 50
180 142 50
180 143 50
180 144 50
180 145 50
180 146 50
180 147 50
180 148 50
180 149 50
180 150 50
180 151 50
180 151 50
180 152 50
180 152 50
180 153 50
180 153 50
180 153 50
180 154 50
180 154 50
180 154 50
180 155 50
180 155 50
180 155 50
180 155 50
180 156 50
180 156 50
180 156 50
180 156 50
180 157 50
180 157 50
180 157 50
180 157 50
180 158 50
180 158 50
180 158 50
180 158 50
180 158 50
180 159 50
180 159 50
180 159 50
180 159 50
180 159 50
180 160 50
180 160 50
180 160 50
180 160 50
180 161 50
180 161 50
180 161 50
180 161 50
180 162 50
180 162 50
180 162 50
180 162 50
180 163 50
180 163 50
180 163 50
180 164 50
180 164 50
180 165 50
180 165 50
180 166 50
180 167 50
180 168 50
180 169 50
180 170 50
180 171 50
49 172 50
48 172 50
47 172 50
46 172 50
45 172 50
44 172 50
43 172 50
42 172 50
41 172 50
40 172 50
39 172 50
38 172 50
37 172 50
36 172 50
35 172 50
34 172 50
33 172 50
32 172 50
31 172 50
30 172 50
30 172 50
29 172 50
29 172 50
28 172 50
28 172 50
28 172 50
27 172 50
27 172 50
27 172 50
27 172 50
26 172 50
26 172 50
26 172 50
26 172 50
26 172 50
25 172 50
25 172 50
25 172 50
25 172 50
25 172 50
25 172 50
25 172 50
24 172 50
24 172 50
24 172 50
24 172 50
24 172 50
24 172 50
24 172 50
24 172 50
24 172 50
24 172 50
23 172 50
23 172 50
23 172 50
23 172 50
23 172 50
23 172 50
23 172 50
23 172 50
23 172 50
23 172 50
23 172 50
23 172 50
23 172 50
22 172 50
22 172 50
22 172 50
22 172 50
22 172 50
22 172 50
22 172 50
22 172 50
22 172 50
22 172 50
22 172 50
22 172 50
22 172 50
22 172 50
22 172 50
22 172 50
21 172 50
21 172 50
21 172 50
21 172 50
21 172 50
21 172 50
21 172 50
21 172 50
21 172 50
21 172 50
21 172 50
21 172 50
21 172 50
21 172 50
21 172 50
21 172 50
21 172 50
21 172 50
20 172 50
20 172 50
20 172 50
20 172 50
20 172 50
20 172 50
20 172 50
20 172 50
20 172 50
20 172 50
20 172 50
20 172 50
20 172 50
20 172 50
20 172 50
20 172 50
20 172 50
20 172 50
20 172 50
20 172 50
19 172 50
19 172 50
19 172 50
19 172 50
19 172 50
19 172 50
19 172 50
19 172 50
19 172 50
19 172 50
19 172 50
19 172 50
19 172 50
19 172 50
19 172 50
19 172 50
19 172 50
19 172 50
19 172 50
19 172 50
19 172 50
18 172 50
18 172 50
18 172 50
18 172 50
18 172 50
18 172 50
18 172 50
18 172 50
18 172 50
18 172 50
18 172 50
18 172 50
18 172 50
18 172 50
18 172 50
18 172 50
18 172 50
18 172 50
18 172 50
18 172 50
18 172 50
17 172 50
17 172 50
17 172 50
17 172 50
17 172 50
17 172 50
17 172 50
17 172 50
17 172 50
17 172 50
17 172 50
17 172 50
17 172 50
17 172 50
17 172 50
17 172 50
17 172 50
17 172 50
17 172 50
17 172 50
17 172 50
16 172 50
16 172 50
16 172 50
16 172 50
16 172 50
16 172 50
16 172 50
16 172 50
16 172 50
16 172 50
16 172 50
16 172 50
16 172 50
16 172 50
16 172 50
16 172 50
16 172 50
16 172 50
16 172 50
16 172 50
15 172 50
15 172 50
15 172 50
15 172 50
15 172 50
15 172 50
15 172 50
15 172 50
15 172 50
15 172 50
15 172 50
15 172 50
15 172 50
15 172 50
15 172 50
15 172 50
15 172 50
15 172 50
15 172 50
14 172 50
14 172 50
14 172 50
14 172 50
14 172 50
14 172 50
14 172 50
14 172 50
14 172 50
14 172 50
14 172 50
14 172 50
14 172 50
14 172 50
14 172 50
14 172 50
14 172 50
14 172 50
13 172 50
13 172 50
13 172 50
13 172 50
13 172 50
13 172 50
13 172 50
13 172 50
13 172 50
13 172 50
13 172 50
13 172 50
13 172 50
13 172 50
13 172 50
13 172 50
13 172 50
12 172 50
12 172 50
12 172 50
12 172 50
12 172 50
12 172 50
12 172 50
12 172 50
12 172 50
12 172 50
12 172 50
12 172 50
12 172 50
12 172 50
12 172 50
11 172 50
11 172 50
11 172 50
11 172 50
11 172 50
11 172 50
11 172 50
11 172 50
11 172 50
11 172 50
11 172 50
11 172 50
11 172 50
11 172 50
10 172 50
10 172 50
10 172 50
10 172 50
10 172 50
10 172 50
10 172 50
10 172 50
10 172 50
10 172 50
10 172 50
10 172 50
10 172 50
9 172 50
9 172 50
9 172 50
9 172 50
9 172 50
9 172 50
9 172 50
9 172 50
9 172 50
9 172 50
9 172 50
9 172 50
8 172 50
8 172 50
8 172 50
8 172 50
8 172 50
8 172 50
8 172 50
8 172 50
8 172 50
8 172 50
8 172 50
7 172 50
7 172 50
7 172 50
7 172 50
7 172 50
7 172 50
7 172 50
7 172 50
7 172 50
7 172 50
6 172 50
6 172 50
6 172 50
6 172 50
6 172 50
6 172 50
6 172 50
6 172 50
6 172 50
6 171 400
6 171 50
6 170 50
6 170 50
6 170 50
6 170 50
6 170 50
6 170 50
6 170 50
6 170 50
6 169 50
6 169 50
6 169 50
6 169 50
6 169 50
6 169 50
6 169 50
6 169 50
6 168 50
6 168 50
6 168 50
6 168 50
6 168 50
6 168 50
6 168 50
6 168 50
6 167 50
6 167 50
6 167 50
6 167 50
6 167 50
6 167 50
6 167 50
6 167 50
6 166 50
6 166 50
6 166 50
6 166 50
6 166 50
6 166 50
6 166 50
6 165 50
6 165 50
6 165 50
6 165 50
6 165 50
6 165 50
6 165 50
6 164 50
6 164 50
6 164 50
6 164 50
6 164 50
6 164 50
6 163 50
6 163 50
6 163 50
6 163 50
6 163 50
6 162 50
6 162 50
6 162 50
6 162 50
6 161 50
6 161 50
6 161 50
6 161 50
6 160 50
6 160 50
6 160 50
6 159 50
6 159 50
6 158 50
6 158 50
6 157 50
6 156 50
6 155 50
6 154 50
6 153 50
6 152 50
6 151 50
6 150 50
6 149 50
6 148 50
6 147 50
6 146 50
6 145 50
6 144 50
6 143 50
6 142 50
6 141 50
6 140 50
6 140 50
6 139 50
6 139 50
6 138 50
6 138 50
6 138 50
6 137 50
6 137 50
6 137 50
6 137 50
6 136 50
6 136 50
6 136 50
6 136 50
6 136 50
6 136 50
6 135 50
6 135 50
6 135 50
6 135 50
6 135 50
6 135 50
6 135 50
6 135 50
6 134 50
6 134 50
6 134 50
6 134 50
6 134 50
6 134 50
6 134 50
6 134 50
6 134 50
6 134 50
6 134 50
6 133 50
6 133 50
6 133 50
6 133 50
6 133 50
6 133 50
6 133 50
6 133 50
6 133 50
6 133 50
6 133 50
6 133 50
6 133 50
6 133 50
6 132 50
6 132 50
6 132 50
6 132 50
6 132 50
6 132 50
6 132 50
6 132 50
6 132 50
6 132 50
6 132 50
6 132 50
6 132 50
6 132 50
6 132 50
6 132 50
6 132 50
6 131 50
6 131 50
6 131 50
6 131 50
6 131 50
6 131 50
6 131 50
6 131 50
6 131 50
6 131 50
6 131 50
6 131 50
6 131 50
6 131 50
6 131 50
6 131 50
6 131 50
6 131 50
6 131 50
6 131 50
6 131 50
6 130 50
6 130 50
6 130 50
6 130 50
6 130 50
6 130 50
6 130 50
6 130 50
6 130 50
6 130 50
6 130 50
6 130 50
6 130 50
6 130 50
6 130 50
6 130 50
6 130 50
6 130 50
6 130 50
6 130 50
6 130 50
6 130 50
6 130 50
6 130 50
6 129 50
6 129 50
6 129 50
6 129 50
6 129 50
6 129 50
6 129 50
6 129 50
6 129 50
6 129 50
6 129 50
6 129 50
6 129 50
6 129 50
6 129 50
6 129 50
6 129 50
6 129 50
6 129 50
6 129 50
6 129 50
6 129 50
6 129 50
6 129 50
6 129 50
6 129 50
6 129 50
6 128 50
6 128 50
6 128 50
6 128 50
6 128 50
6 128 50
6 128 50
6 128 50
6 128 50
6 128 50
6 128 50
6 128 50
6 128 50
6 128 50
6 128 50
6 128 50
6 128 50
6 128 50
6 128 50
6 128 50
6 128 50
6 128 50
6 128 50
6 128 50
6 128 50
6 128 50
6 128 50
6 128 50
6 128 50
6 127 50
6 127 50
6 127 50
6 127 50
6 127 50
6 127 50
6 127 50
6 127 50
6 127 50
6 127 50
6 127 50
6 127 50
6 127 50
6 127 50
6 127 50
6 127 50
6 127 50
6 127 50
6 127 50
6 127 50
6 127 50
6 127 50
6 127 50
6 127 50
6 127 50
6 127 50
6 127 50
6 127 50
6 127 50
6 126 50
6 126 50
6 126 50
6 126 50
6 126 50
6 126 50
6 126 50
6 126 50
6 126 50
6 126 50
6 126 50
6 126 50
6 126 50
6 126 50
6 126 50
6 126 50
6 126 50
6 126 50
6 126 50
6 126 50
6 126 50
6 126 50
6 126 50
6 126 50
6 126 50
6 126 50
6 126 50
6 126 50
6 125 50
6 125 50
6 125 50
6 125 50
6 125 50
6 125 50
6 125 50
6 125 50
6 125 50
6 125 50
6 125 50
6 125 50
6 125 50
6 125 50
6 125 50
6 125 50
6 125 50
6 125 50
6 125 50
6 125 50
6 125 50
6 125 50
6 125 50
6 125 50
6 125 50
6 125 50
6 124 50
6 124 50
6 124 50
6 124 50
6 124 50
6 124 50
6 124 50
6 124 50
6 124 50
6 124 50
6 124 50
6 124 50
6 124 50
6 124 50
6 124 50
6 124 50
6 124 50
6 124 50
6 124 50
6 124 50
6 124 50
6 124 50
6 124 50
6 123 50
6 123 50
6 123 50
6 123 50
6 123 50
6 123 50
6 123 50
6 123 50
6 123 50
6 123 50
6 123 50
6 123 50
6 123 50
6 123 50
6 123 50
6 123 50
6 123 50
6 123 50
6 123 50
6 123 50
6 122 50
6 122 50
6 122 50
6 122 50
6 122 50
6 122 50
6 122 50
6 122 50
6 122 50
6 122 50
6 122 50
6 122 50
6 122 50
6 122 50
6 122 50
6 122 50
6 121 50
6 121 50
6 121 50
6 121 50
6 121 50
6 121 50
6 121 50
6 121 50
6 121 50
6 121 50
6 121 50
6 121 50
6 121 50
6 120 50
6 120 50
6 120 50
6 120 50
6 120 50
6 120 50
6 120 50
6 120 50
6 120 50
6 120 50
6 120 50
6 119 50
6 119 50
6 119 50
6 119 50
6 119 50
6 119 50
6 119 50
6 119 50
6 118 50
6 118 50
6 118 50
6 118 50
6 118 50
6 118 50
6 118 50
6 117 50
6 117 50
6 117 50
6 117 50
6 117 50
6 116 50
6 116 50
6 116 50
6 116 50
6 115 50
6 115 50
6 115 50
6 115 50
6 114 50
6 114 50
6 114 50
6 113 50
6 113 50
6 113 50
6 112 50
6 112 50
6 111 50
6 111 50
6 110 50
6 110 50
6 109 50
6 109 50
6 108 50
6 107 50
6 106 50
6 105 50
6 104 50
6 103 50
6 102 50
6 101 50
6 100 50
6 100 50
6 99 50
6 99 50
6 98 50
6 98 50
6 98 50
6 97 50
6 97 50
6 97 50
6 97 50
6 97 50
6 96 50
6 96 50
6 96 50
6 96 50
6 96 50
6 96 50
6 96 50
6 96 50
6 95 50
6 95 50
6 95 50
6 95 50
6 95 50
6 95 50
6 95 50
6 95 50
6 95 50
6 95 50
6 95 50
6 95 50
6 94 50
6 94 50
6 94 50
6 94 50
6 94 50
6 94 50
6 94 50
6 94 50
6 94 50
6 94 50
6 94 50
6 94 50
6 94 50
6 94 50
6 94 50
6 94 50
6 94 50
6 93 50
6 93 50
6 93 50
6 93 50
6 93 50
6 93 50
6 93 50
6 93 50
6 93 50
6 93 50
6 93 50
6 93 50
6 93 50
6 93 50
6 93 50
6 93 50
6 93 50
6 93 50
6 93 50
6 93 50
6 93 50
6 93 50
6 93 50
6 93 50
6 92 50
6 92 50
6 92 50
6 92 50
6 92 50
6 92 50
6 92 50
6 92 50
6 92 50
6 92 50
6 92 50
6 92 50
6 92 50
6 92 50
6 92 50
6 92 50
6 92 50
6 92 50
6 92 50
6 92 50
6 92 50
6 92 50
6 92 50
6 92 50
6 92 50
6 92 50
6 92 50
6 92 50
6 92 50
6 92 50
6 92 50
6 91 50
6 91 50
6 91 50
6 91 50
6 91 50
6 91 50
6 91 50
6 91 50
6 91 50
6 91 50
6 91 50
6 91 50
6 91 50
6 91 50
6 91 50
6 91 50
6 91 50
6 91 50
6 91 50
6 91 50
6 91 50
6 91 50
6 91 50
6 91 50
6 91 50
6 91 50
6 91 50
6 91 50
6 91 50
6 91 50
6 91 50
6 91 50
6 91 50
6 91 50
6 91 50
6 91 50
6 91 50
6 91 50
6 90 50
6 90 50
6 90 50
6 90 50
6 90 50
6 90 50
6 90 50
6 90 50
6 90 50
6 90 50
6 90 50
6 90 50
6 90 50
6 90 50
6 90 50
6 90 50
6 90 50
6 90 50
6 90 50
6 90 50
6 90 50
6 90 50
6 90 50
6 90 50
6 90 50
6 90 50
6 90 50
6 90 50
6 90 50
6 90 50
6 90 50
6 90 50
6 90 50
6 90 50
6 90 50
6 90 50
6 90 50
6 90 50
6 90 50
6 90 50
6 90 50
6 90 50
6 90 50
6 90 50
6 90 50
6 89 50
6 89 50
6 89 50
6 89 50
6 89 50
6 89 50
6 89 50
6 89 50
6 89 50
6 89 50
6 89 50
6 89 50
6 89 50
6 89 50
6 89 50
6 89 50
6 89 50
6 89 50
6 89 50
6 89 50
6 89 50
6 89 50
6 89 50
6 89 50
6 89 50
6 89 50
6 89 50
6 89 50
6 89 50
6 89 50
6 89 50
6 89 50
6 89 50
6 89 50
6 89 50
6 89 50
6 89 50
6 89 50
6 89 50
6 89 50
6 89 50
6 89 50
6 89 50
6 89 50
6 89 50
6 89 50
6 89 50
6 89 50
6 89 50
6 89 50
6 89 50
6 88 50
6 88 50
6 88 50
6 88 50
6 88 50
6 88 50
6 88 50
6 88 50
6 88 50
6 88 50
6 88 50
6 88 50
6 88 50
6 88 50
6 88 50
6 88 50
6 88 50
6 88 50
6 88 50
6 88 50
6 88 50
6 88 50
6 88 50
6 88 50
6 88 50
6 88 50
6 88 50
6 88 50
6 88 50
6 88 50
6 88 50
6 88 50
6 88 50
6 88 50
6 88 50
6 88 50
6 88 50
6 88 50
6 88 50
6 88 50
6 88 50
6 88 50
6 88 50
6 88 50
6 88 50
6 88 50
6 88 50
6 88 50
6 88 50
6 88 50
6 88 50
6 88 50
6 88 50
6 88 50
6 88 50
6 88 50
6 87 50
6 87 50
6 87 50
6 87 50
6 87 50
6 87 50
6 87 50
6 87 50
6 87 50
6 87 50
6 87 50
6 87 50
6 87 50
6 87 50
6 87 50
6 87 50
6 87 50
6 87 50
6 87 50
6 87 50
6 87 50
6 87 50
6 87 50
6 87 50
6 87 50
6 87 50
6 87 50
6 87 50
6 87 50
6 87 50
6 87 50
6 87 50
6 87 50
6 87 50
6 87 50
6 87 50
6 87 50
6 87 50
6 87 50
6 87 50
6 87 50
6 87 50
6 87 50
6 87 50
6 87 50
6 87 50
6 87 50
6 87 50
6 87 50
6 87 50
6 87 50
6 87 50
6 87 50
6 87 50
6 87 50
6 87 50
6 87 50
6 87 50
6 87 50
6 87 50
6 86 50
6 86 50
6 86 50
6 86 50
6 86 50
6 86 50
6 86 50
6 86 50
6 86 50
6 86 50
6 86 50
6 86 50
6 86 50
6 86 50
6 86 50
6 86 50
6 86 50
6 86 50
6 86 50
6 86 50
6 86 50
6 86 50
6 86 50
6 86 50
6 86 50
6 86 50
6 86 50
6 86 50
6 86 50
6 86 50
6 86 50
6 86 50
6 86 50
6 86 50
6 86 50
6 86 50
6 86 50
6 86 50
6 86 50
6 86 50
6 86 50
6 86 50
6 86 50
6 86 50
6 86 50
6 86 50
6 86 50
6 86 50
6 86 50
6 86 50
6 86 50
6 86 50
6 86 50
6 86 50
6 86 50
6 86 50
6 86 50
6 86 50
6 86 50
6 86 50
6 86 50
6 86 50
6 86 50
6 85 50
6 85 50
6 85 50
6 85 50
6 85 50
6 85 50
6 85 50
6 85 50
6 85 50
6 85 50
6 85 50
6 85 50
6 85 50
6 85 50
6 85 50
6 85 50
6 85 50
6 85 50
6 85 50
6 85 50
6 85 50
6 85 50
6 85 50
6 85 50
6 85 50
6 85 50
6 85 50
6 85 50
6 85 50
6 85 50
6 85 50
6 85 50
6 85 50
6 85 50
6 85 50
6 85 50
6 85 50
6 85 50
6 85 50
6 85 50
6 85 50
6 85 50
6 85 50
6 85 50
6 85 50
6 85 50
6 85 50
6 85 50
6 85 50
6 85 50
6 85 50
6 85 50
6 85 50
6 85 50
6 85 50
6 85 50
6 85 50
6 85 50
6 85 50
6 85 50
6 85 50
6 85 50
6 85 50
6 85 50
6 85 50
6 85 50
6 84 50
6 84 50
6 84 50
6 84 50
6 84 50
6 84 50
6 84 50
6 84 50
6 84 50
6 84 50
6 84 50
6 84 50
6 84 50
6 84 50
6 84 50
6 84 50
6 84 50
6 84 50
6 84 50
6 84 50
6 84 50
6 84 50
6 84 50
6 84 50
6 84 50
6 84 50
6 84 50
6 84 50
6 84 50
6 84 50
6 84 50
6 84 50
6 84 50
6 84 50
6 84 50
6 84 50
6 84 50
6 84 50
6 84 50
6 84 50
6 84 50
6 84 50
6 84 50
6 84 50
6 84 50
6 84 50
6 84 50
6 84 50
6 84 50
6 84 50
6 84 50
6 84 50
6 84 50
6 84 50
6 84 50
6 84 50
6 84 50
6 84 50
6 84 50
6 84 50
6 84 50
6 84 50
6 84 50
6 84 50
6 84 50
6 84 50
6 84 50
6 84 50
6 84 50
6 83 50
6 83 50
6 83 50
6 83 50
6 83 50
6 83 50
6 83 50
6 83 50
6 83 50
6 83 50
6 83 50
6 83 50
6 83 50
6 83 50
6 83 50
6 83 50
6 83 50
6 83 50
6 83 50
6 83 50
6 83 50
6 83 50
6 83 50
6 83 50
6 83 50
6 83 50
6 83 50
6 83 50
6 83 50
6 83 50
6 83 50
6 83 50
6 83 50
6 83 50
6 83 50
6 83 50
6 83 50
6 83 50
6 83 50
6 83 50
6 83 50
6 83 50
6 83 50
6 83 50
6 83 50
6 83 50
6 83 50
6 83 50
6 83 50
6 83 50
6 83 50
6 83 50
6 83 50
6 83 50
6 83 50
6 83 50
6 83 50
6 83 50
6 83 50
6 83 50
6 83 50
6 83 50
6 83 50
6 83 50
6 83 50
6 83 50
6 83 50
6 83 50
6 83 50
6 83 50
6 83 50
6 82 50
6 82 50
6 82 50
6 82 50
6 82 50
6 82 50
6 82 50
6 82 50
6 82 50
6 82 50
6 82 50
6 82 50
6 82 50
6 82 50
6 82 50
6 82 50
6 82 50
6 82 50
6 82 50
6 82 50
6 82 50
6 82 50
6 82 50
6 82 50
6 82 50
6 82 50
6 82 50
6 82 50
6 82 50
6 82 50
6 82 50
6 82 50
6 82 50
6 82 50
6 82 50
6 82 50
6 82 50
6 82 50
6 82 50
6 82 50
6 82 50
6 82 50
6 82 50
6 82 50
6 82 50
6 82 50
6 82 50
6 82 50
6 82 50
6 82 50
6 82 50
6 82 50
6 82 50
6 82 50
6 82 50
6 82 50
6 82 50
6 82 50
6 82 50
6 82 50
6 82 50
6 82 50
6 82 50
6 82 50
6 82 50
6 82 50
6 82 50
6 82 50
6 82 50
6 82 50
6 82 50
6 82 50
6 81 50
6 81 50
6 81 50
6 81 50
6 81 50
6 81 50
6 81 50
6 81 50
6 81 50
6 81 50
6 81 50
6 81 50
6 81 50
6 81 50
6 81 50
6 81 50
6 81 50
6 81 50
6 81 50
6 81 50
6 81 50
6 81 50
6 81 50
6 81 50
6 81 50
6 81 50
6 81 50
6 81 50
6 81 50
6 81 50
6 81 50
6 81 50
6 81 50
6 81 50
6 81 50
6 81 50
6 81 50
6 81 50
6 81 50
6 81 50
6 81 50
6 81 50
6 81 50
6 81 50
6 81 50
6 81 50
6 81 50
6 81 50
6 81 50
6 81 50
6 81 50
6 81 50
6 81 50
6 81 50
6 81 50
6 81 50
6 81 50
6 81 50
6 81 50
6 81 50
6 81 50
6 81 50
6 81 50
6 81 50
6 81 50
6 81 50
6 81 50
6 81 50
6 81 50
6 81 50
6 81 50
6 81 50
6 81 50
6 80 50
6 80 50
6 80 50
6 80 50
6 80 50
6 80 50
6 80 50
6 80 50
6 80 50
6 80 50
6 80 50
6 80 50
6 80 50
6 80 50
6 80 50
6 80 50
6 80 50
6 80 50
6 80 50
6 80 50
6 80 50
6 80 50
6 80 50
6 80 50
6 80 50
6 80 50
6 80 50
6 80 50
6 80 50
6 80 50
6 80 50
6 80 50
6 80 50
6 80 50
6 80 50
6 80 50
6 80 50
6 80 50
6 80 50
6 80 50
6 80 50
6 80 50
6 80 50
6 80 50
6 80 50
6 80 50
6 80 50
6 80 50
6 80 50
6 80 50
6 80 50
6 80 50
6 80 50
6 80 50
6 80 50
6 80 50
6 80 50
6 80 50
6 80 50
6 80 50
6 80 50
6 80 50
6 80 50
6 80 50
6 80 50
6 80 50
6 80 50
6 80 50
6 80 50
6 80 50
6 80 50
6 80 50
6 80 50
6 80 50
6 79 50
6 79 50
6 79 50
6 79 50
6 79 50
6 79 50
6 79 50
6 79 50
6 79 50
6 79 50
6 79 50
6 79 50
6 79 50
6 79 50
6 79 50
6 79 50
6 79 50
6 79 50
6 79 50
6 79 50
6 79 50
6 79 50
6 79 50
6 79 50
6 79 50
6 79 50
6 79 50
6 79 50
6 79 50
6 79 50
6 79 50
6 79 50
6 79 50
6 79 50
6 79 50
6 79 50
6 79 50
6 79 50
6 79 50
6 79 50
6 79 50
6 79 50
6 79 50
6 79 50
6 79 50
6 79 50
6 79 50
6 79 50
6 79 50
6 79 50
6 79 50
6 79 50
6 79 50
6 79 50
6 79 50
6 79 50
6 79 50
6 79 50
6 79 50
6 79 50
6 79 50
6 79 50
6 79 50
6 79 50
6 79 50
6 79 50
6 79 50
6 79 50
6 79 50
6 79 50
6 79 50
6 79 50
6 79 50
6 79 50
6 78 50
6 78 50
6 78 50
6 78 50
6 78 50
6 78 50
6 78 50
6 78 50
6 78 50
6 78 50
6 78 50
6 78 50
6 78 50
6 78 50
6 78 50
6 78 50
6 78 50
6 78 50
6 78 50
6 78 50
6 78 50
6 78 50
6 78 50
6 78 50
6 78 50
6 78 50
6 78 50
6 78 50
6 78 50
6 78 50
6 78 50
6 78 50
6 78 50
6 78 50
6 78 50
6 78 50
6 78 50
6 78 50
6 78 50
6 78 50
6 78 50
6 78 50
6 78 50
6 78 50
6 78 50
6 78 50
6 78 50
6 78 50
6 78 50
6 78 50
6 78 50
6 78 50
6 78 50
6 78 50
6 78 50
6 78 50
6 78 50
6 78 50
6 78 50
6 78 50
6 78 50
6 78 50
6 78 50
6 78 50
6 78 50
6 78 50
6 78 50
6 78 50
6 78 50
6 78 50
6 78 50
6 78 50
6 78 50
6 77 50
6 77 50
6 77 50
6 77 50
6 77 50
6 77 50
6 77 50
6 77 50
6 77 50
6 77 50
6 77 50
6 77 50
6 77 50
6 77 50
6 77 50
6 77 50
6 77 50
6 77 50
6 77 50
6 77 50
6 77 50
6 77 50
6 77 50
6 77 50
6 77 50
6 77 50
6 77 50
6 77 50
6 77 50
6 77 50
6 77 50
6 77 50
6 77 50
6 77 50
6 77 50
6 77 50
6 77 50
6 77 50
6 77 50
6 77 50
6 77 50
6 77 50
6 77 50
6 77 50
6 77 50
6 77 50
6 77 50
6 77 50
6 77 50
6 77 50
6 77 50
6 77 50
6 77 50
6 77 50
6 77 50
6 77 50
6 77 50
6 77 50
6 77 50
6 77 50
6 77 50
6 77 50
6 77 50
6 77 50
6 77 50
6 77 50
6 77 50
6 77 50
6 77 50
6 77 50
6 77 50
6 76 50
6 76 50
6 76 50
6 76 50
6 76 50
6 76 50
6 76 50
6 76 50
6 76 50
6 76 50
6 76 50
6 76 50
6 76 50
6 76 50
6 76 50
6 76 50
6 76 50
6 76 50
6 76 50
6 76 50
6 76 50
6 76 50
6 76 50
6 76 50
6 76 50
6 76 50
6 76 50
6 76 50
6 76 50
6 76 50
6 76 50
6 76 50
6 76 50
6 76 50
6 76 50
6 76 50
6 76 50
6 76 50
6 76 50
6 76 50
6 76 50
6 76 50
6 76 50
6 76 50
6 76 50
6 76 50
6 76 50
6 76 50
6 76 50
6 76 50
6 76 50
6 76 50
6 76 50
6 76 50
6 76 50
6 76 50
6 76 50
6 76 50
6 76 50
6 76 50
6 76 50
6 76 50
6 76 50
6 76 50
6 76 50
6 76 50
6 76 50
6 76 50
6 76 50
6 75 50
6 75 50
6 75 50
6 75 50
6 75 50
6 75 50
6 75 50
6 75 50
6 75 50
6 75 50
6 75 50
6 75 50
6 75 50
6 75 50
6 75 50
6 75 50
6 75 50
6 75 50
6 75 50
6 75 50
6 75 50
6 75 50
6 75 50
6 75 50
6 75 50
6 75 50
6 75 50
6 75 50
6 75 50
6 75 50
6 75 50
6 75 50
6 75 50
6 75 50
6 75 50
6 75 50
6 75 50
6 75 50
6 75 50
6 75 50
6 75 50
6 75 50
6 75 50
6 75 50
6 75 50
6 75 50
6 75 50
6 75 50
6 75 50
6 75 50
6 75 50
6 75 50
6 75 50
6 75 50
6 75 50
6 75 50
6 75 50
6 75 50
6 75 50
6 75 50
6 75 50
6 75 50
6 75 50
6 75 50
6 75 50
6 74 50
6 74 50
6 74 50
6 74 50
6 74 50
6 74 50
6 74 50
6 74 50
6 74 50
6 74 50
6 74 50
6 74 50
6 74 50
6 74 50
6 74 50
6 74 50
6 74 50
6 74 50
6 74 50
6 74 50
6 74 50
6 74 50
6 74 50
6 74 50
6 74 50
6 74 50
6 74 50
6 74 50
6 74 50
6 74 50
6 74 50
6 74 50
6 74 50
6 74 50
6 74 50
6 74 50
6 74 50
6 74 50
6 74 50
6 74 50
6 74 50
6 74 50
6 74 50
6 74 50
6 74 50
6 74 50
6 74 50
6 74 50
6 74 50
6 74 50
6 74 50
6 74 50
6 74 50
6 74 50
6 74 50
6 74 50
6 74 50
6 74 50
6 74 50
6 74 50
6 73 50
6 73 50
6 73 50
6 73 50
6 73 50
6 73 50
6 73 50
6 73 50
6 73 50
6 73 50
6 73 50
6 73 50
6 73 50
6 73 50
6 73 50
6 73 50
6 73 50
6 73 50
6 73 50
6 73 50
6 73 50
6 73 50
6 73 50
6 73 50
6 73 50
6 73 50
6 73 50
6 73 50
6 73 50
6 73 50
6 73 50
6 73 50
6 73 50
6 73 50
6 73 50
6 73 50
6 73 50
6 73 50
6 73 50
6 73 50
6 73 50
6 73 50
6 73 50
6 73 50
6 73 50
6 73 50
6 73 50
6 73 50
6 73 50
6 73 50
6 73 50
6 73 50
6 73 50
6 73 50
6 72 50
6 72 50
6 72 50
6 72 50
6 72 50
6 72 50
6 72 50
6 72 50
6 72 50
6 72 50
6 72 50
6 72 50
6 72 50
6 72 50
6 72 50
6 72 50
6 72 50
6 72 50
6 72 50
6 72 50
6 72 50
6 72 50
6 72 50
6 72 50
6 72 50
6 72 50
6 72 50
6 72 50
6 72 50
6 72 50
6 72 50
6 72 50
6 72 50
6 72 50
6 72 50
6 72 50
6 72 50
6 72 50
6 72 50
6 72 50
6 72 50
6 72 50
6 72 50
6 72 50
6 72 50
6 72 50
6 72 50
6 71 50
6 71 50
6 71 50
6 71 50
6 71 50
6 71 50
6 71 50
6 71 50
6 71 50
6 71 50
6 71 50
6 71 50
6 71 50
6 71 50
6 71 50
6 71 50
6 71 50
6 71 50
6 71 50
6 71 50
6 71 50
6 71 50
6 71 50
6 71 50
6 71 50
6 71 50
6 71 50
6 71 50
6 71 50
6 71 50
6 71 50
6 71 50
6 71 50
6 71 50
6 71 50
6 71 50
6 71 50
6 71 50
6 70 50
6 70 50
6 70 50
6 70 50
6 70 50
6 70 50
6 70 50
6 70 50
6 70 50
6 70 50
6 70 50
6 70 50
6 70 50
6 70 50
6 70 50
6 70 50
6 70 50
6 70 50
6 70 50
6 70 50
6 70 50
6 70 50
6 70 50
6 70 50
6 70 50
6 70 50
6 70 50
6 70 50
6 70 50
6 70 50
6 69 50
6 69 50
6 69 50
6 69 50
6 69 50
6 69 50
6 69 50
6 69 50
6 69 50
6 69 50
6 69 50
6 69 50
6 69 50
6 69 50
6 69 50
6 69 50
6 69 50
6 69 50
6 69 50
6 69 50
6 69 50
6 68 50
6 68 50
6 68 50
6 68 50
6 68 50
6 68 50
6 68 50
6 68 50
6 68 50
6 68 50
6 68 50
6 68 50
6 68 50
6 68 50
6 68 50
6 67 50
6 67 50
6 67 50
6 67 50
6 67 50
6 67 50
6 67 50
6 67 50
6 67 50
6 66 50
6 66 50
6 66 50
6 66 50
6 66 50
6 66 50
6 65 50
6 65 50
6 65 50
6 65 50
6 64 50
6 64 50
6 63 50
6 63 50
6 62 50
6 61 50
6 60 50
6 59 50
6 58 50
6 57 50
6 56 50
6 55 50
6 54 50
6 53 50
6 52 50
6 51 50
6 50 50
6 49 50
6 48 50
6 47 50
6 46 50
6 45 50
6 44 50
6 43 50
6 42 50
6 41 50
6 40 50
6 39 50
6 38 50
6 37 50
6 36 50
6 35 50
6 34 50
6 33 50
6 32 50
6 31 50
6 30 50
