183 89 120
182 89 120
181 89 120
180 89 120
179 89 120
178 89 120
177 89 120
176 89 120
175 89 120
174 89 120
173 89 120
172 89 120
171 89 120
170 89 120
169 89 120
169 89 120
168 89 120
168 89 120
167 89 120
167 89 120
166 89 120
166 89 120
165 89 120
165 89 120
165 89 120
165 90 240
165 91 240
165 92 240
165 93 120
165 94 120
165 95 120
165 96 120
165 97 120
165 98 120
165 99 120
165 100 120
165 101 120
165 102 120
165 103 120
165 104 120
165 105 120
165 106 120
165 107 120
165 108 120
165 109 120
165 110 120
165 111 120
165 112 120
165 113 120
165 114 120
165 115 120
165 116 120
165 117 120
165 118 120
165 119 120
165 120 120
165 121 120
165 122 120
165 123 120
165 124 120
165 125 120
165 126 120
165 127 120
165 128 120
165 128 120
165 129 120
165 129 120
165 130 120
165 130 120
165 130 120
165 131 240
165 131 120
165 131 120
165 132 360
165 132 120
165 132 120
165 133 480
165 133 120
165 133 120
165 133 120
165 134 720
165 134 120
165 134 120
165 134 120
165 134 120
165 135 1080
165 135 120
165 135 120
165 135 120
165 136 1320
165 136 120
165 136 120
165 136 120
165 136 120
165 137 1680
165 137 120
165 137 120
165 137 120
165 138 1920
165 138 120
165 138 120
165 138 120
165 139 2160
165 139 120
165 139 120
165 139 120
165 140 2400
165 140 120
165 140 120
165 141 2520
165 141 120
165 142 2520
165 142 120
165 143 2520
165 144 2520
165 145 2520
165 146 120
165 146 120
165 146 120
165 146 120
165 146 120
165 146 120
165 146 120
165 146 120
165 146 120
165 146 120
165 146 120
165 146 120
165 146 120
165 146 120
165 146 120
165 146 120
165 146 120
165 147 1920
165 148 1920
165 149 1920
165 150 120
165 150 120
165 150 120
165 150 120
165 150 120
165 150 120
165 150 120
165 150 120
165 150 120
165 151 960
165 152 960
165 153 960
165 154 120
165 154 120
165 154 120
165 154 120
122 126 360
123 126 360
124 126 360
125 126 120
126 126 120
127 126 120
128 126 120
129 126 120
130 126 120
131 126 120
132 126 120
133 126 120
134 126 120
135 126 120
135 126 120
136 126 120
136 126 120
137 126 120
137 126 120
138 126 120
138 126 120
138 126 120
139 126 240
139 126 120
140 126 240
140 126 120
140 126 120
141 126 360
141 126 120
142 126 360
142 126 120
143 126 360
143 126 120
144 126 360
144 126 120
145 126 360
145 126 120
146 126 360
146 126 120
147 126 360
147 126 120
148 126 360
148 126 120
149 126 360
150 126 360
151 126 360
152 126 120
152 126 120
153 126 120
153 126 120
154 126 120
154 126 120
155 126 120
156 126 120
157 126 120
158 126 120
159 126 120
160 126 120
161 126 120
162 126 120
163 126 120
164 126 120
121 126 120
120 126 120
119 126 120
118 126 120
117 126 120
116 126 120
115 126 120
114 126 120
113 126 120
112 126 120
111 126 120
110 126 120
109 126 120
108 126 120
107 126 120
106 126 120
105 126 120
104 126 120
103 126 120
102 126 120
101 126 120
100 126 120
99 126 120
98 126 120
98 126 120
97 126 120
97 126 120
96 126 120
96 126 120
95 126 120
95 126 120
94 126 120
94 126 120
94 126 120
93 126 240
93 126 120
93 126 120
92 126 360
92 126 120
92 126 120
91 126 480
91 126 120
91 126 120
90 126 600
90 126 120
90 126 120
90 126 120
89 126 840
89 126 120
89 126 120
89 126 120
89 126 120
88 126 1200
88 126 120
88 126 120
88 126 120
88 126 120
87 126 1560
87 126 120
87 126 120
87 126 120
87 126 120
86 126 1920
86 126 120
86 126 120
86 126 120
86 126 120
85 126 2280
85 126 120
85 126 120
85 126 120
85 126 120
84 126 2640
84 126 120
84 126 120
84 126 120
83 126 2880
83 126 120
83 126 120
83 126 120
82 126 3120
82 126 120
82 126 120
82 126 120
81 126 3360
81 126 120
81 126 120
80 126 3480
80 126 120
80 126 120
79 126 3600
79 126 120
79 126 120
78 126 3720
78 126 120
77 126 3720
76 126 3720
76 127 3720
76 128 120
76 128 120
76 128 120
76 128 120
76 128 120
76 128 120
76 128 120
76 128 120
76 128 120
76 128 120
76 128 120
76 128 120
76 128 120
76 128 120
76 128 120
76 128 120
76 128 120
76 128 120
76 128 120
76 128 120
76 128 120
76 128 120
76 128 120
76 128 120
76 128 120
76 128 120
76 128 120
76 128 120
76 128 120
76 129 3360
76 130 3360
76 131 3360
76 132 120
76 132 120
76 132 120
76 132 120
76 132 120
76 132 120
76 132 120
76 132 120
76 132 120
76 132 120
76 132 120
76 132 120
76 132 120
76 132 120
76 132 120
76 132 120
76 132 120
76 132 120
76 132 120
76 132 120
76 132 120
76 132 120
76 133 2520
76 134 2520
76 135 2520
76 136 120
76 136 120
76 136 120
76 136 120
76 136 120
76 136 120
76 136 120
76 136 120
76 137 840
76 138 840
76 139 840
76 140 120
76 140 120
76 141 120
76 142 120
76 143 120
76 144 120
76 145 120
76 146 120
76 147 120
76 148 120
76 149 120
64 35 120
63 35 120
62 35 120
61 35 120
61 35 120
60 35 120
60 35 120
59 35 120
59 35 120
58 35 120
58 35 120
57 35 120
57 35 120
56 35 120
56 35 120
56 35 120
55 35 240
55 35 120
54 35 240
54 35 120
53 35 240
53 35 120
53 35 120
52 35 360
52 35 120
51 35 360
51 35 120
50 35 360
50 35 120
49 35 360
49 35 120
48 35 360
48 35 120
47 35 360
46 35 360
45 35 360
44 35 120
44 35 120
43 35 120
43 35 120
42 35 120
42 35 120
41 35 120
40 35 120
39 35 120
38 35 120
37 35 120
36 35 120
35 35 120
34 35 120
33 35 120
32 35 120
31 35 120
30 35 120
29 35 120
28 35 120
27 35 120
26 35 120
25 35 120
24 35 120
23 35 120
22 35 120
21 35 120
20 35 120
19 35 120
18 35 120
17 35 120
16 35 120
15 35 120
14 35 120
13 35 120
12 35 120
11 35 120
10 35 120
9 35 120
8 35 120
7 35 120
7 34 120
7 33 120
7 32 120
7 31 120
7 30 120
7 29 120
7 28 120
7 27 120
7 26 120
7 25 120
7 24 120
7 23 120
7 22 120
7 21 120
7 20 120
7 19 120
7 18 120
7 17 120
7 16 120
7 15 120
7 14 120
7 13 120
7 12 120
7 11 120
7 10 120
7 9 120
7 8 120
7 7 120
7 6 120
7 5 120
7 4 120
7 3 120
7 2 120
