1 22 120
2 22 120
3 22 120
4 22 120
5 22 120
6 22 120
7 22 120
8 22 120
9 22 120
10 22 120
11 22 120
12 22 120
13 22 120
14 22 120
15 22 120
16 22 120
17 22 120
18 22 120
19 22 120
20 22 120
21 22 120
22 22 120
23 22 120
24 22 120
25 22 120
26 22 120
27 22 120
28 22 120
29 22 120
30 22 120
31 22 120
32 22 120
33 22 120
34 22 120
35 22 120
36 22 120
37 22 120
38 22 120
39 22 120
40 22 120
41 22 120
42 22 120
42 22 120
43 22 120
43 22 120
44 22 120
44 22 120
44 22 120
45 22 240
45 22 120
45 22 120
46 22 360
46 22 120
46 22 120
47 22 480
47 22 120
47 22 120
47 22 120
48 22 720
48 22 120
48 22 120
49 22 840
49 22 120
50 22 840
50 22 120
50 22 120
51 22 960
51 22 120
52 22 960
52 22 120
52 22 120
53 22 1080
53 22 120
53 22 120
54 22 1200
54 22 120
54 22 120
54 22 120
55 22 1440
55 22 120
55 22 120
55 22 120
55 22 120
56 22 1800
56 22 120
56 22 120
56 22 120
57 22 2040
57 22 120
57 22 120
57 22 120
57 22 120
58 22 2400
58 22 120
58 22 120
58 22 120
58 22 120
59 22 2760
59 22 120
59 22 120
59 22 120
59 22 120
60 22 3120
60 22 120
60 22 120
60 22 120
60 22 120
60 22 120
61 22 3600
61 22 120
61 22 120
61 22 120
62 22 3840
62 22 120
62 22 120
62 22 120
63 22 4080
63 22 120
63 22 120
64 22 4200
64 22 120
65 22 4200
66 22 4200
67 22 4200
68 22 120
68 22 120
68 22 120
68 22 120
68 22 120
68 22 120
68 22 120
68 22 120
68 22 120
68 22 120
68 22 120
68 22 120
68 22 120
68 22 120
68 22 120
68 22 120
68 22 120
68 22 120
68 22 120
68 22 120
68 22 120
68 22 120
68 22 120
68 22 120
68 22 120
68 22 120
68 22 120
68 22 120
68 22 120
68 22 120
69 22 3480
70 22 3480
71 22 3480
72 22 120
72 22 120
72 22 120
72 22 120
72 22 120
72 22 120
72 22 120
72 22 120
72 22 120
72 22 120
72 22 120
72 22 120
72 22 120
72 22 120
72 22 120
72 22 120
72 22 120
72 22 120
72 22 120
72 22 120
72 22 120
72 22 120
72 22 120
73 22 2640
74 22 2640
75 22 2640
76 22 120
76 22 120
76 22 120
76 22 120
76 22 120
76 22 120
76 22 120
76 22 120
76 22 120
76 22 120
76 22 120
76 22 120
76 22 120
76 22 120
76 22 120
76 22 120
76 22 120
76 22 120
76 22 120
76 22 120
77 22 2280
77 22 120
78 22 2280
79 22 2280
80 22 2280
81 22 120
81 22 120
81 22 120
81 22 120
81 22 120
81 22 120
81 22 120
81 22 120
81 22 120
81 22 120
81 22 120
81 22 120
81 22 120
81 22 120
81 22 120
81 22 120
82 22 1800
82 22 120
83 22 1800
83 22 120
83 22 120
84 22 1920
84 22 120
84 22 120
85 22 2040
85 22 120
86 22 2040
86 22 120
87 22 2040
88 22 2040
89 22 2040
90 22 120
90 22 120
90 22 120
90 22 120
90 22 120
90 22 120
90 22 120
90 22 120
90 22 120
90 22 120
91 22 1080
92 22 1080
93 22 1080
94 22 120
94 22 120
94 22 120
94 22 120
95 22 360
96 22 360
97 22 360
98 22 120
98 22 120
99 22 120
99 22 120
100 22 120
100 22 120
101 22 120
101 22 120
102 22 120
102 22 120
103 22 120
104 22 120
105 22 120
106 22 120
107 22 120
108 22 120
109 22 120
110 22 120
111 22 120
112 22 120
113 22 120
114 22 120
115 22 120
116 22 120
117 22 120
118 22 120
119 22 120
120 22 120
121 22 120
122 22 120
122 22 120
123 22 120
123 22 120
124 22 120
124 22 120
125 22 120
125 22 120
125 22 120
126 22 240
126 22 120
127 22 240
127 22 120
128 22 240
129 22 240
130 22 240
131 22 120
131 22 120
132 22 120
132 22 120
133 22 120
133 22 120
134 22 120
134 22 120
134 22 120
135 22 240
135 22 120
135 22 120
136 22 360
136 22 120
137 22 360
137 22 120
137 22 120
137 22 120
138 22 600
138 22 120
138 22 120
139 22 720
139 22 120
139 22 120
139 22 120
140 22 960
140 22 120
140 22 120
141 22 1080
141 22 120
141 22 120
142 22 1200
142 22 120
143 22 1200
143 22 120
144 22 1200
144 22 120
145 22 1200
146 22 1200
147 22 1200
148 22 120
148 22 120
148 22 120
148 22 120
148 22 120
148 22 120
148 22 120
148 22 120
148 22 120
148 22 120
149 22 1080
149 22 120
150 22 1080
150 22 120
150 22 120
151 22 1200
151 22 120
151 22 120
152 22 1320
152 22 120
152 22 120
153 22 1440
153 22 120
153 22 120
153 22 120
154 22 1680
154 22 120
154 22 120
155 22 1800
155 22 120
155 22 120
155 22 120
156 22 2040
156 22 120
156 22 120
156 22 120
157 22 2280
157 22 120
157 22 120
158 22 2400
158 22 120
159 22 2400
159 22 120
159 22 120
160 22 2520
160 22 120
161 22 2520
161 22 120
162 22 2520
162 22 120
163 22 2520
163 22 120
164 22 2520
164 22 120
164 22 120
165 22 2640
165 22 120
165 22 120
166 22 2760
166 22 120
166 22 120
167 22 2880
167 22 120
167 22 120
168 22 3000
168 22 120
169 22 3000
169 22 120
169 22 120
170 22 3120
170 22 120
170 22 120
171 22 3240
171 22 120
172 22 3240
173 22 3240
174 22 3240
175 22 120
175 22 120
175 22 120
175 22 120
175 22 120
175 22 120
175 22 120
175 22 120
175 22 120
175 22 120
175 22 120
175 22 120
175 22 120
175 22 120
175 22 120
175 22 120
175 22 120
175 22 120
175 22 120
175 22 120
175 22 120
175 22 120
175 22 120
176 22 2640
177 22 2640
178 22 2640
179 22 120
179 22 120
179 22 120
179 22 120
179 22 120
179 22 120
179 22 120
179 22 120
179 22 120
179 22 120
179 22 120
180 22 1200
181 22 1200
182 22 1200
183 22 120
183 22 120
183 22 120
183 22 120
183 22 120
184 22 480
185 22 480
186 22 480
187 22 120
187 22 120
187 22 120
187 22 120
188 22 360
188 22 120
189 22 360
189 22 120
190 22 360
191 22 360
192 22 360
193 22 120
193 22 120
193 22 120
194 22 240
195 22 240
196 22 240
197 22 120
197 22 120
198 22 120
199 22 120
199 23 120
199 24 120
199 25 120
199 26 120
199 27 120
199 28 120
199 29 120
199 30 120
199 31 120
199 32 120
199 33 120
199 34 120
199 35 120
199 36 120
199 37 120
199 38 120
199 39 120
199 40 120
199 41 120
199 42 120
199 43 120
199 44 120
199 45 120
199 46 120
199 47 120
199 48 120
199 49 120
199 50 120
199 51 120
199 52 120
199 53 120
199 54 120
199 55 120
199 56 120
199 57 120
199 58 120
171 188 120
172 188 120
173 188 120
174 188 120
175 188 120
176 188 120
177 188 120
178 188 120
179 188 120
180 188 120
181 188 120
182 188 120
183 188 120
183 188 120
184 188 120
184 188 120
185 188 120
185 188 120
186 188 120
186 188 120
187 188 120
187 188 120
188 188 120
188 188 120
188 188 120
189 188 240
189 188 120
190 188 240
190 188 120
191 188 240
191 188 120
192 188 240
192 188 120
193 188 240
193 188 120
193 188 120
194 188 360
194 188 120
195 188 360
195 188 120
195 188 120
196 188 480
196 188 120
196 188 120
196 188 120
197 188 720
197 188 120
197 188 120
197 188 120
198 188 960
198 188 120
198 188 120
198 188 120
199 188 1200
199 188 120
199 188 120
199 188 120
199 187 1440
199 187 120
199 187 120
199 186 1560
199 186 120
199 186 120
199 185 1680
199 185 120
199 185 120
199 184 1800
199 184 120
199 184 120
199 183 1920
199 183 120
199 183 120
199 182 2040
199 182 120
199 182 120
199 181 2160
199 181 120
199 181 120
199 180 2280
199 180 120
199 180 120
199 179 2400
199 179 120
199 178 2400
199 177 2400
199 176 2400
199 175 120
199 175 120
199 175 120
199 175 120
199 175 120
199 175 120
199 175 120
199 175 120
199 175 120
199 175 120
199 175 120
199 175 120
199 175 120
199 175 120
199 174 1560
199 173 1560
199 172 1560
199 171 120
199 171 120
199 171 120
199 171 120
199 171 120
199 171 120
199 171 120
199 170 720
199 170 120
199 169 720
199 168 720
199 167 720
199 166 120
199 166 120
199 166 120
199 166 120
199 166 120
199 166 120
199 165 600
199 165 120
199 164 600
199 164 120
199 163 600
199 162 600
199 161 600
199 160 120
199 160 120
199 160 120
199 159 240
199 159 120
199 158 240
199 158 120
199 157 240
199 156 240
199 155 240
199 155 120
199 154 240
199 154 120
199 153 240
199 153 120
199 152 240
199 152 120
199 151 240
199 151 120
199 150 240
199 150 120
199 149 240
199 149 120
199 148 240
199 148 120
199 148 120
199 147 360
199 147 120
199 147 120
199 146 480
199 146 120
199 146 120
199 145 600
199 145 120
199 145 120
199 145 120
199 144 840
199 144 120
199 144 120
199 144 120
199 143 1080
199 143 120
199 143 120
199 142 1200
199 142 120
199 142 120
199 142 120
199 141 1440
199 141 120
199 140 1440
199 140 120
199 140 120
199 139 1560
199 139 120
199 138 1560
199 138 120
199 137 1560
199 137 120
199 137 120
199 136 1680
199 136 120
199 136 120
199 135 1800
199 135 120
199 135 120
199 134 1920
199 134 120
199 134 120
199 133 2040
199 133 120
199 133 120
199 132 2160
199 132 120
199 132 120
199 131 2280
199 131 120
199 131 120
199 130 2400
199 130 120
199 129 2400
199 129 120
199 128 2400
199 127 2400
199 126 2400
199 125 120
199 125 120
199 125 120
199 125 120
199 125 120
199 125 120
199 125 120
199 125 120
199 125 120
199 125 120
199 125 120
199 125 120
199 125 120
199 125 120
199 125 120
199 125 120
199 125 120
199 125 120
199 125 120
199 125 120
199 124 2280
199 124 120
199 124 120
199 123 2400
199 123 120
199 123 120
199 122 2520
199 122 120
199 121 2520
199 121 120
199 121 120
199 120 2640
199 119 2640
199 118 2640
199 117 120
199 117 120
199 117 120
199 117 120
199 117 120
199 117 120
199 117 120
199 117 120
199 117 120
199 117 120
199 117 120
199 117 120
199 117 120
199 117 120
199 117 120
199 117 120
199 117 120
199 116 1920
199 115 1920
199 114 1920
199 113 120
199 113 120
199 113 120
199 113 120
199 113 120
199 113 120
199 113 120
199 113 120
199 113 120
199 113 120
199 113 120
199 112 1200
199 112 120
199 111 1200
199 111 120
199 110 1200
199 110 120
199 109 1200
199 108 1200
199 107 1200
199 106 120
199 106 120
199 106 120
199 106 120
199 106 120
199 105 480
199 104 480
199 103 480
199 102 120
199 101 120
199 100 120
199 99 120
199 98 120
199 97 120
199 96 120
199 95 120
199 94 120
199 93 120
199 92 120
199 91 120
199 90 120
199 89 120
199 88 120
199 87 120
199 86 120
199 85 120
199 84 120
199 83 120
199 82 120
199 81 120
199 80 120
199 79 120
199 78 120
199 77 120
199 76 120
199 75 120
199 74 120
199 73 120
199 72 120
199 71 120
199 70 120
199 69 120
199 68 120
199 67 120
199 66 120
199 65 120
199 64 120
199 63 120
199 62 120
199 61 120
199 60 120
199 59 120
