99 198 120
100 198 120
101 198 120
102 198 120
103 198 120
104 198 120
105 198 120
106 198 120
107 198 120
108 198 120
109 198 120
110 198 120
111 198 120
112 198 120
113 198 120
114 198 120
115 198 120
116 198 120
117 198 120
118 198 120
119 198 120
120 198 120
121 198 120
122 198 120
123 198 120
124 198 120
124 197 120
124 196 120
124 195 120
124 194 120
124 193 120
124 192 120
124 191 120
124 190 120
124 189 120
124 188 120
124 187 120
124 186 120
124 185 120
124 184 120
124 183 120
124 182 120
124 181 120
124 180 120
124 179 120
124 178 120
124 177 120
124 176 120
124 175 120
124 174 120
124 173 120
124 172 120
124 171 120
124 170 120
124 169 120
124 168 120
124 167 120
124 166 120
124 165 120
124 164 120
124 163 120
124 162 120
124 161 120
124 160 120
124 159 120
124 158 120
124 157 120
124 156 120
124 155 120
124 154 120
124 153 120
124 152 120
124 151 120
124 150 120
124 149 120
124 148 120
124 147 120
98 198 120
97 198 120
96 198 120
95 198 120
94 198 120
93 198 120
92 198 120
92 198 120
91 198 120
91 198 120
90 198 120
90 198 120
89 198 120
89 198 120
88 198 120
88 198 120
87 198 120
87 198 120
86 198 120
86 198 120
85 198 120
85 198 120
84 198 120
84 198 120
83 198 120
83 198 120
82 198 120
82 198 120
81 198 120
81 198 120
81 198 120
80 198 240
80 198 120
79 198 240
79 198 120
78 198 240
78 198 120
77 198 240
77 198 120
76 198 240
75 198 240
74 198 240
73 198 120
73 198 120
72 198 120
71 198 120
70 198 120
69 198 120
68 198 120
67 198 120
66 198 120
66 198 120
65 198 120
65 198 120
64 198 120
64 198 120
64 197 120
64 197 120
64 196 120
64 195 120
64 194 120
64 193 120
64 192 120
64 191 120
64 190 120
64 189 120
64 188 120
64 187 120
64 186 120
64 185 120
64 184 120
64 183 120
64 182 120
64 181 120
64 180 120
171 166 120
170 166 120
169 166 120
168 166 120
167 166 120
166 166 120
165 166 120
164 166 120
163 166 120
162 166 120
162 166 120
161 166 120
161 166 120
160 166 120
160 166 120
160 166 120
159 166 240
159 166 120
159 166 120
158 166 360
158 166 120
158 166 120
157 166 480
157 166 120
157 166 120
156 166 600
156 166 120
156 166 120
156 166 120
155 166 840
155 166 120
155 166 120
154 166 960
154 166 120
154 166 120
154 166 120
153 166 1200
153 166 120
153 166 120
153 166 120
152 166 1440
152 166 120
152 166 120
152 166 120
151 166 1680
151 166 120
151 166 120
151 166 120
150 166 1920
150 166 120
150 166 120
150 166 120
150 166 120
149 166 2280
149 166 120
149 166 120
149 166 120
148 166 2520
148 166 120
148 166 120
148 166 120
148 166 120
147 166 2880
147 166 120
147 166 120
147 166 120
146 166 3120
146 166 120
146 166 120
145 166 3240
145 166 120
145 166 120
144 166 3360
144 166 120
143 166 3360
142 166 3360
141 166 3360
140 166 120
140 166 120
140 166 120
140 166 120
140 166 120
140 166 120
140 166 120
140 166 120
140 166 120
140 166 120
140 166 120
140 166 120
140 166 120
140 166 120
140 166 120
140 166 120
140 166 120
140 166 120
140 166 120
140 166 120
140 166 120
139 166 2400
138 166 2400
137 166 2400
136 166 120
136 166 120
136 166 120
136 166 120
136 166 120
136 166 120
136 166 120
136 166 120
136 166 120
136 166 120
136 166 120
136 166 120
135 166 1320
134 166 1320
133 166 1320
132 166 120
132 166 120
132 166 120
132 166 120
132 166 120
132 166 120
132 166 120
131 166 720
131 166 120
130 166 720
129 166 720
128 166 720
127 166 120
127 166 120
127 166 120
126 166 240
125 166 240
172 166 240
173 166 120
174 166 120
175 166 120
176 166 120
177 166 120
178 166 120
179 166 120
180 166 120
181 166 120
182 166 120
183 166 120
184 166 120
185 166 120
186 166 120
187 166 120
188 166 120
189 166 120
190 166 120
191 166 120
192 166 120
193 166 120
193 166 120
194 166 120
194 166 120
194 165 120
194 165 120
194 164 120
194 164 120
194 163 120
194 163 120
194 162 120
194 162 120
194 162 120
194 161 240
194 161 120
194 160 240
194 160 120
194 160 120
194 159 360
194 159 120
194 159 120
194 158 480
194 158 120
194 158 120
194 157 600
194 157 120
194 157 120
194 157 120
194 156 840
194 156 120
194 156 120
194 155 960
194 155 120
194 155 120
194 154 1080
194 154 120
194 154 120
194 153 1200
194 153 120
194 153 120
194 152 1320
194 152 120
194 152 120
194 151 1440
194 151 120
194 151 120
194 150 1560
194 150 120
194 149 1560
194 149 120
194 149 120
194 148 1680
194 148 120
194 148 120
194 147 1800
194 147 120
194 147 120
194 146 1920
194 146 120
194 146 120
194 145 2040
194 145 120
194 145 120
194 144 2160
194 144 120
194 144 120
194 143 2280
194 143 120
194 143 120
194 142 2400
194 142 120
194 142 120
194 141 2520
194 141 120
194 141 120
194 140 2640
194 140 120
194 139 2640
194 139 120
194 138 2640
194 137 2640
194 136 2640
194 135 120
194 135 120
194 135 120
194 135 120
194 135 120
194 135 120
194 135 120
194 135 120
194 135 120
194 135 120
194 135 120
194 135 120
194 135 120
194 135 120
194 135 120
194 135 120
194 134 1800
194 133 1800
194 132 1800
194 131 120
194 131 120
194 131 120
194 131 120
194 131 120
194 130 480
194 129 480
194 128 480
194 127 120
194 126 120
194 125 120
194 124 120
194 123 120
194 122 120
194 121 120
194 120 120
194 119 120
194 118 120
194 117 120
194 116 120
194 115 120
194 114 120
194 113 120
194 112 120
194 111 120
194 110 120
194 109 120
194 108 120
194 107 120
194 106 120
194 105 120
194 104 120
194 103 120
194 102 120
194 101 120
194 100 120
194 99 120
194 98 120
194 97 120
194 96 120
194 95 120
193 95 120
192 95 120
191 95 120
190 95 120
189 95 120
188 95 120
187 95 120
186 95 120
185 95 120
184 95 120
183 95 120
182 95 120
181 95 120
180 95 120
179 95 120
178 95 120
177 95 120
176 95 120
175 95 120
174 95 120
173 95 120
172 95 120
171 95 120
170 95 120
169 95 120
168 95 120
167 95 120
166 95 120
165 95 120
164 95 120
163 95 120
162 95 120
161 95 120
160 95 120
159 95 120
158 95 120
157 95 120
156 95 120
155 95 120
154 95 120
153 95 120
152 95 120
151 95 120
150 95 120
149 95 120
148 95 120
147 95 120
146 95 120
145 95 120
144 95 120
143 95 120
142 95 120
141 95 120
140 95 120
139 95 120
139 94 120
139 93 120
139 92 120
139 91 120
139 90 120
138 90 120
137 90 120
136 90 120
135 90 120
134 90 120
133 90 120
132 90 120
131 90 120
130 90 120
129 90 120
128 90 120
127 90 120
126 90 120
126 90 120
125 90 120
125 90 120
124 90 120
124 90 120
124 90 120
123 90 240
123 90 120
122 90 240
122 90 120
122 90 120
121 90 360
121 90 120
120 90 360
120 90 120
119 90 360
119 90 120
118 90 360
117 90 360
116 90 360
115 90 120
115 90 120
114 90 120
113 90 120
112 90 120
111 90 120
110 90 120
109 90 120
108 90 120
107 90 120
106 90 120
105 90 120
104 90 120
103 90 120
102 90 120
101 90 120
101 89 120
101 88 120
77 49 120
78 49 120
79 49 120
80 49 120
81 49 120
82 49 120
83 49 120
84 49 120
85 49 120
86 49 120
87 49 120
88 49 120
89 49 120
90 49 120
91 49 120
92 49 120
93 49 120
93 49 120
94 49 120
94 49 120
95 49 120
95 49 120
96 49 120
96 49 120
96 49 120
96 48 240
96 48 120
96 47 240
96 47 120
96 46 240
96 45 240
96 44 240
96 43 120
96 42 120
96 41 120
96 40 120
96 39 120
96 38 120
96 37 120
96 36 120
96 35 120
96 34 120
96 33 120
96 32 120
96 31 120
96 30 120
96 29 120
96 28 120
140 90 120
141 90 120
142 90 120
143 90 120
144 90 120
145 90 120
146 90 120
147 90 120
147 90 120
148 90 120
148 90 120
149 90 120
149 90 120
150 90 120
150 90 120
151 90 120
151 90 120
152 90 120
152 90 120
153 90 120
153 90 120
154 90 120
154 90 120
155 90 120
155 90 120
156 90 120
156 90 120
157 90 120
157 90 120
158 90 120
158 90 120
159 90 120
159 90 120
160 90 120
160 90 120
160 89 120
160 89 120
160 88 120
160 88 120
160 88 120
160 87 240
160 87 120
160 86 240
160 86 120
160 85 240
160 85 120
160 85 120
160 84 360
160 84 120
160 83 360
160 83 120
160 83 120
160 82 480
160 82 120
160 82 120
160 81 600
160 81 120
160 81 120
160 80 720
160 80 120
160 79 720
160 79 120
160 79 120
160 78 840
160 78 120
160 78 120
160 77 960
160 77 120
160 77 120
160 76 1080
160 76 120
160 75 1080
160 75 120
160 74 1080
160 74 120
160 73 1080
160 73 120
160 72 1080
160 71 1080
160 70 1080
160 69 120
160 69 120
160 69 120
160 69 120
160 69 120
160 68 480
160 67 480
160 66 480
160 65 120
160 64 120
160 63 120
160 62 120
160 61 120
160 60 120
160 59 120
160 58 120
160 57 120
160 56 120
160 55 120
160 54 120
160 53 120
135 4 120
134 4 120
133 4 120
132 4 120
131 4 120
130 4 120
129 4 120
128 4 120
127 4 120
126 4 120
125 4 120
124 4 120
123 4 120
122 4 120
121 4 120
120 4 120
119 4 120
118 4 120
117 4 120
116 4 120
115 4 120
114 4 120
113 4 120
112 4 120
111 4 120
110 4 120
109 4 120
108 4 120
107 4 120
106 4 120
105 4 120
104 4 120
103 4 120
102 4 120
102 4 120
101 4 120
101 4 120
100 4 120
100 4 120
100 4 120
99 4 240
99 4 120
99 4 120
98 4 360
98 4 120
98 4 120
97 4 480
97 4 120
97 4 120
97 4 120
96 4 720
96 4 120
96 4 120
96 4 120
96 5 960
96 6 960
96 7 960
96 8 120
96 8 120
96 8 120
96 9 240
96 10 240
96 11 240
96 12 120
96 13 120
96 14 120
96 15 120
96 16 120
96 17 120
96 18 120
96 19 120
96 20 120
96 21 120
96 22 120
96 23 120
96 24 120
96 25 120
96 26 120
96 27 120
