135 59 120
134 59 120
133 59 120
132 59 120
131 59 120
130 59 120
129 59 120
128 59 120
127 59 120
126 59 120
125 59 120
124 59 120
123 59 120
122 59 120
121 59 120
120 59 120
119 59 120
118 59 120
117 59 120
116 59 120
115 59 120
115 59 120
114 59 120
114 59 120
113 59 120
113 59 120
113 59 120
112 59 240
112 59 120
111 59 240
111 59 120
110 59 240
110 59 120
110 59 120
109 59 360
109 59 120
108 59 360
108 59 120
107 59 360
107 59 120
107 59 120
106 59 480
106 59 120
105 59 480
105 59 120
104 59 480
104 59 120
103 59 480
103 59 120
103 59 120
102 59 600
102 59 120
101 59 600
101 59 120
101 59 120
100 59 720
100 59 120
100 59 120
99 59 840
99 59 120
98 59 840
98 59 120
98 59 120
97 59 960
97 59 120
96 59 960
96 59 120
95 59 960
94 59 960
93 59 960
92 59 120
92 59 120
92 59 120
92 59 120
92 59 120
92 59 120
92 59 120
91 59 720
90 59 720
89 59 720
88 59 120
88 59 120
88 59 120
88 59 120
88 59 120
88 59 120
87 59 600
87 59 120
86 59 600
86 59 120
85 59 600
85 59 120
84 59 600
84 59 120
83 59 600
83 59 120
82 59 600
82 59 120
81 59 600
81 59 120
80 59 600
80 59 120
80 59 120
79 59 720
79 59 120
78 59 720
77 59 720
76 59 720
75 59 120
75 59 120
75 59 120
75 59 120
75 59 120
74 59 480
74 59 120
73 59 480
73 59 120
72 59 480
72 59 120
71 59 480
71 59 120
70 59 480
70 59 120
69 59 480
69 59 120
68 59 480
68 59 120
68 59 120
67 59 600
67 59 120
66 59 600
66 59 120
66 59 120
65 59 720
65 59 120
65 59 120
64 59 840
64 59 120
64 59 120
63 59 960
63 59 120
63 59 120
62 59 1080
62 59 120
62 59 120
61 59 1200
61 59 120
61 59 120
60 59 1320
60 59 120
60 59 120
60 59 120
59 59 1560
59 59 120
59 59 120
58 59 1680
58 59 120
57 59 1680
57 59 120
57 59 120
56 59 1800
56 59 120
56 59 120
55 59 1920
55 59 120
55 59 120
54 59 2040
54 59 120
54 59 120
54 59 120
53 59 2280
53 59 120
53 59 120
52 59 2400
52 59 120
52 59 120
52 59 120
51 59 2640
51 59 120
51 59 120
51 59 120
50 59 2880
50 59 120
50 59 120
50 59 120
49 59 3120
49 59 120
49 59 120
48 59 3240
48 59 120
48 59 120
47 59 3360
47 59 120
47 59 120
46 59 3480
46 59 120
45 59 3480
45 59 120
44 59 3480
44 59 120
43 59 3480
42 59 3480
41 59 3480
40 59 120
40 59 120
40 59 120
40 59 120
40 59 120
40 59 120
40 59 120
40 59 120
40 59 120
40 59 120
40 59 120
40 59 120
40 59 120
40 59 120
40 59 120
40 59 120
40 59 120
40 59 120
40 59 120
40 59 120
40 59 120
40 59 120
40 59 120
39 59 2640
38 59 2640
37 59 2640
36 59 120
36 59 120
36 59 120
36 59 120
36 59 120
36 59 120
36 59 120
36 59 120
36 59 120
36 59 120
36 59 120
36 59 120
36 59 120
36 59 120
35 59 1560
34 59 1560
33 59 1560
32 59 120
32 59 120
32 59 120
32 59 120
32 59 120
32 59 120
32 59 120
32 59 120
32 59 120
32 59 120
31 59 1080
30 59 1080
29 59 1080
28 59 120
28 59 120
28 59 120
28 59 120
28 59 120
28 59 120
28 59 120
27 59 720
27 59 120
26 59 720
25 59 720
24 59 720
23 59 120
23 59 120
23 59 120
23 59 120
23 59 120
23 59 120
22 59 600
22 59 120
21 59 600
21 59 120
20 59 600
19 59 600
18 59 600
17 59 120
17 59 120
17 59 120
16 59 240
16 59 120
15 59 240
14 59 240
13 59 240
12 59 120
11 59 120
10 59 120
9 59 120
8 59 120
7 59 120
6 59 120
5 59 120
4 59 120
3 59 120
3 58 120
3 57 120
3 56 120
3 55 120
3 54 120
3 53 120
3 52 120
3 51 120
3 50 120
3 49 120
3 48 120
3 47 120
3 46 120
3 45 120
3 44 120
3 43 120
3 42 120
3 41 120
3 40 120
3 39 120
3 38 120
3 37 120
