175 22 120
176 22 120
177 22 120
177 23 120
177 24 120
177 25 120
177 26 120
177 27 120
177 28 120
177 29 120
177 30 120
177 31 120
177 32 120
177 33 120
177 33 120
177 34 120
177 34 120
177 35 120
177 35 120
177 36 120
177 36 120
177 37 120
177 37 120
177 37 120
177 38 240
177 38 120
177 39 240
177 39 120
177 40 240
177 40 120
177 41 240
177 41 120
177 42 240
177 42 120
177 43 240
177 43 120
177 44 240
177 44 120
177 45 240
177 46 240
177 47 240
177 48 120
177 48 120
177 49 120
177 49 120
177 50 120
177 50 120
177 51 120
177 51 120
177 52 120
177 52 120
177 53 120
177 54 120
177 55 120
177 56 120
177 57 120
177 58 120
177 59 120
177 60 120
177 61 120
177 62 120
177 63 120
177 64 120
177 65 120
177 66 120
177 67 120
177 68 120
177 69 120
177 70 120
177 71 120
177 72 120
177 73 120
177 74 120
177 75 120
177 76 120
177 77 120
167 176 120
168 176 120
169 176 120
170 176 120
171 176 120
172 176 120
173 176 120
174 176 120
175 176 120
176 176 120
177 176 120
177 175 120
177 174 120
177 173 120
177 172 120
177 171 120
177 170 120
177 169 120
177 168 120
177 167 120
177 166 120
177 165 120
177 164 120
177 163 120
177 162 120
177 161 120
177 160 120
177 159 120
177 158 120
177 158 120
177 157 120
177 157 120
177 156 120
177 156 120
177 155 120
177 155 120
177 155 120
177 154 240
177 154 120
177 153 240
177 153 120
177 153 120
177 152 360
177 152 120
177 151 360
177 151 120
177 151 120
177 150 480
177 150 120
177 149 480
177 149 120
177 148 480
177 148 120
177 148 120
177 147 600
177 147 120
177 146 600
177 146 120
177 145 600
177 145 120
177 145 120
177 144 720
177 144 120
177 143 720
177 143 120
177 142 720
177 142 120
177 142 120
177 141 840
177 141 120
177 140 840
177 140 120
177 140 120
177 139 960
177 139 120
177 139 120
177 138 1080
177 138 120
177 137 1080
177 137 120
177 137 120
177 136 1200
177 136 120
177 135 1200
177 135 120
177 134 1200
177 134 120
177 133 1200
177 133 120
177 132 1200
177 132 120
177 131 1200
177 131 120
177 130 1200
177 129 1200
177 128 1200
177 127 120
177 127 120
177 127 120
177 127 120
177 127 120
177 127 120
177 127 120
177 127 120
177 126 840
177 125 840
177 124 840
177 123 120
177 123 120
177 123 120
177 123 120
177 122 360
177 122 120
177 121 360
177 120 360
177 119 360
177 118 120
177 118 120
177 117 120
177 117 120
177 116 120
177 115 120
177 114 120
177 113 120
177 112 120
177 111 120
177 110 120
177 109 120
177 108 120
177 107 120
177 106 120
177 105 120
177 104 120
177 103 120
177 102 120
177 101 120
177 100 120
177 99 120
177 99 120
177 98 120
177 98 120
177 97 120
177 97 120
177 96 120
177 96 120
177 95 120
177 95 120
177 94 120
177 94 120
177 93 120
177 93 120
177 93 120
177 92 240
177 92 120
177 91 240
177 91 120
177 90 240
177 90 120
177 89 240
177 88 240
177 87 240
177 86 120
177 86 120
177 85 120
177 85 120
177 84 120
177 84 120
177 83 120
177 82 120
177 81 120
177 80 120
177 79 120
177 78 120
64 199 120
63 199 120
62 199 120
61 199 120
60 199 120
59 199 120
58 199 120
57 199 120
56 199 120
55 199 120
54 199 120
53 199 120
52 199 120
51 199 120
50 199 120
49 199 120
48 199 120
47 199 120
47 199 120
46 199 120
46 199 120
45 199 120
45 199 120
44 199 120
44 199 120
43 199 120
43 199 120
42 199 120
42 199 120
42 199 120
41 199 240
41 199 120
40 199 240
40 199 120
39 199 240
39 199 120
39 199 120
38 199 360
38 199 120
37 199 360
37 199 120
37 199 120
36 199 480
36 199 120
36 199 120
35 199 600
35 199 120
35 199 120
34 199 720
34 199 120
34 199 120
33 199 840
33 199 120
33 199 120
32 199 960
32 199 120
32 199 120
32 198 1080
32 197 1080
32 196 1080
32 195 120
32 195 120
32 195 120
32 195 120
32 195 120
32 195 120
32 194 600
32 194 120
32 193 600
32 192 600
32 191 600
32 190 120
32 190 120
32 190 120
32 190 120
32 190 120
32 189 480
32 189 120
32 189 120
32 188 600
32 188 120
32 187 600
32 187 120
32 187 120
32 186 720
32 186 120
32 185 720
32 185 120
32 185 120
32 184 840
32 184 120
32 184 120
32 183 960
32 183 120
32 183 120
32 182 1080
32 182 120
32 182 120
32 181 1200
32 181 120
32 180 1200
32 180 120
32 180 120
32 179 1320
32 178 1320
32 177 1320
32 176 120
32 176 120
32 176 120
32 176 120
32 176 120
32 176 120
32 176 120
32 176 120
32 176 120
32 176 120
32 175 1080
32 174 1080
32 173 1080
32 172 120
32 172 120
32 172 120
32 172 120
32 172 120
32 172 120
32 171 600
32 170 600
32 169 600
32 168 120
32 168 120
32 168 120
32 167 240
32 167 120
32 166 240
32 165 240
32 164 240
32 163 120
32 162 120
32 161 120
32 160 120
32 159 120
32 158 120
32 157 120
32 156 120
32 155 120
32 154 120
32 153 120
32 152 120
15 0 120
16 0 120
17 0 120
18 0 120
19 0 120
20 0 120
21 0 120
22 0 120
23 0 120
24 0 120
25 0 120
26 0 120
27 0 120
28 0 120
29 0 120
30 0 120
31 0 120
32 0 120
33 0 120
34 0 120
35 0 120
36 0 120
37 0 120
38 0 120
39 0 120
40 0 120
40 0 120
41 0 120
41 0 120
42 0 120
42 0 120
43 0 120
43 0 120
44 0 120
44 0 120
45 0 120
45 0 120
46 0 120
46 0 120
46 0 120
47 0 240
47 0 120
48 0 240
48 0 120
49 0 240
49 0 120
49 0 120
50 0 360
50 0 120
50 0 120
51 0 480
51 0 120
52 0 480
52 0 120
52 0 120
53 0 600
53 0 120
54 0 600
54 0 120
54 0 120
55 0 720
55 0 120
56 0 720
56 0 120
57 0 720
57 0 120
58 0 720
58 0 120
59 0 720
60 0 720
61 0 720
62 0 120
62 0 120
62 0 120
62 0 120
62 0 120
63 0 480
64 0 480
65 0 480
66 0 120
66 0 120
66 0 120
67 0 240
67 0 120
68 0 240
68 0 120
69 0 240
69 0 120
70 0 240
70 0 120
70 1 240
70 1 120
70 2 240
70 2 120
70 3 240
70 3 120
70 3 120
70 4 360
70 4 120
70 5 360
70 5 120
70 5 120
70 6 480
70 6 120
70 6 120
70 7 600
70 7 120
70 7 120
70 8 720
70 8 120
70 8 120
70 9 840
70 9 120
70 9 120
70 10 960
70 10 120
70 10 120
70 11 1080
70 11 120
70 11 120
70 12 1200
70 12 120
70 13 1200
70 13 120
70 13 120
70 14 1320
70 14 120
70 15 1320
70 15 120
70 15 120
70 16 1440
70 16 120
70 17 1440
70 17 120
70 18 1440
70 19 1440
70 20 1440
70 21 120
70 21 120
70 21 120
70 21 120
70 21 120
70 21 120
70 21 120
70 21 120
70 21 120
70 22 960
70 23 960
70 24 960
70 25 120
70 25 120
70 25 120
70 25 120
70 25 120
70 26 480
70 27 480
70 28 480
70 29 120
70 29 120
70 30 120
70 30 120
70 31 120
70 31 120
70 32 120
70 33 120
70 34 120
70 35 120
70 36 120
70 37 120
70 38 120
70 39 120
70 40 120
70 41 120
70 42 120
70 43 120
70 44 120
70 45 120
70 46 120
70 47 120
70 48 120
70 49 120
70 50 120
70 51 120
70 52 120
70 53 120
70 54 120
70 55 120
70 56 120
70 57 120
70 58 120
70 59 120
70 60 120
70 61 120
70 62 120
70 63 120
70 64 120
70 65 120
