8 179 80
7 179 80
6 179 80
5 179 80
4 179 80
3 179 80
2 179 80
2 178 80
2 177 80
2 176 80
2 175 80
2 174 80
2 173 80
2 172 80
2 171 80
2 170 80
2 169 80
2 168 80
2 167 80
2 166 80
2 165 80
2 164 80
2 163 80
2 163 80
2 162 80
2 162 80
2 162 80
2 161 80
2 161 80
2 161 80
2 161 80
2 160 80
2 160 80
2 160 80
2 160 80
2 160 80
2 159 80
2 159 80
2 159 80
2 159 80
2 159 80
2 159 80
2 158 80
2 158 80
2 158 80
2 158 80
2 158 80
2 158 80
2 157 80
2 157 80
2 157 80
2 157 80
2 157 80
2 157 80
2 157 80
2 156 80
2 156 80
2 156 80
2 156 80
2 156 80
2 156 80
2 156 80
2 156 80
2 155 80
2 155 80
2 155 80
2 155 80
2 155 80
2 155 80
2 155 80
2 155 80
2 154 80
2 154 80
2 154 80
2 154 80
2 154 80
2 154 80
2 154 80
2 154 80
2 154 80
2 153 80
2 153 80
2 153 80
2 153 80
2 153 80
2 153 80
2 153 80
2 153 80
2 153 80
2 152 80
2 152 80
2 152 80
2 152 80
2 152 80
2 152 80
2 152 80
2 152 80
2 151 80
2 151 80
2 151 80
2 151 80
2 151 80
2 151 80
2 151 80
2 151 80
2 150 80
2 150 80
2 150 80
2 150 80
2 150 80
2 150 80
2 150 80
2 149 80
2 149 80
2 149 80
2 149 80
2 149 80
2 149 80
2 149 80
2 148 80
2 148 80
2 148 80
2 148 80
2 148 80
2 148 80
2 148 80
2 147 80
2 147 80
2 147 80
2 147 80
2 147 80
2 147 80
2 147 80
2 146 80
2 146 80
2 146 80
2 146 80
2 146 80
2 146 80
2 146 80
2 145 80
2 145 80
2 145 80
2 145 80
2 145 80
2 145 80
2 144 80
2 144 80
2 144 80
2 144 80
2 144 80
2 144 80
2 143 80
2 143 80
2 143 80
2 143 80
2 143 80
2 143 80
2 142 80
2 142 80
2 142 80
2 142 80
2 142 80
2 142 80
2 141 80
2 141 80
2 141 80
2 141 80
2 141 80
2 141 80
2 140 80
2 140 80
2 140 80
2 140 80
2 140 80
2 140 80
2 140 80
2 139 80
2 139 80
2 139 80
2 139 80
2 139 80
2 139 80
2 139 80
2 138 80
2 138 80
2 138 80
2 138 80
2 138 80
2 138 80
2 138 80
2 138 80
2 137 80
2 137 80
2 137 80
2 137 80
2 137 80
2 137 80
2 137 80
2 137 80
2 137 80
2 136 80
2 136 80
2 136 80
2 136 80
2 136 80
2 136 80
2 136 80
2 136 80
2 136 80
2 136 80
2 136 80
2 135 80
2 135 80
2 135 80
2 135 80
2 135 80
2 135 80
2 135 80
2 135 80
2 135 80
2 135 80
2 135 80
2 135 80
2 134 80
2 134 80
2 134 80
2 134 80
2 134 80
2 134 80
2 134 80
2 134 80
2 134 80
2 134 80
2 134 80
2 134 80
2 134 80
2 134 80
2 133 80
2 133 80
2 133 80
2 133 80
2 133 80
2 133 80
2 133 80
2 133 80
2 133 80
2 133 80
2 133 80
2 133 80
2 133 80
2 133 80
2 133 80
2 133 80
2 132 80
2 132 80
2 132 80
2 132 80
2 132 80
2 132 80
2 132 80
2 132 80
2 132 80
2 132 80
2 132 80
2 132 80
2 132 80
2 132 80
2 132 80
2 132 80
2 132 80
2 131 80
2 131 80
2 131 80
2 131 80
2 131 80
2 131 80
2 131 80
2 131 80
2 131 80
2 131 80
2 131 80
2 131 80
2 131 80
2 131 80
2 131 80
2 131 80
2 131 80
2 131 80
2 131 80
2 130 80
2 130 80
2 130 80
2 130 80
2 130 80
2 130 80
2 130 80
2 130 80
2 130 80
2 130 80
2 130 80
2 130 80
2 130 80
2 130 80
2 130 80
2 130 80
2 130 80
2 130 80
2 130 80
2 130 80
2 130 80
2 129 80
2 129 80
2 129 80
2 129 80
2 129 80
2 129 80
2 129 80
2 129 80
2 129 80
2 129 80
2 129 80
2 129 80
2 129 80
2 129 80
2 129 80
2 129 80
2 129 80
2 129 80
2 129 80
2 129 80
2 129 80
2 129 80
2 128 80
2 128 80
2 128 80
2 128 80
2 128 80
2 128 80
2 128 80
2 128 80
2 128 80
2 128 80
2 128 80
2 128 80
2 128 80
2 128 80
2 128 80
2 128 80
2 128 80
2 128 80
2 128 80
2 128 80
2 128 80
2 128 80
2 128 80
2 127 80
2 127 80
2 127 80
2 127 80
2 127 80
2 127 80
2 127 80
2 127 80
2 127 80
2 127 80
2 127 80
2 127 80
2 127 80
2 127 80
2 127 80
2 127 80
2 127 80
2 127 80
2 127 80
2 127 80
2 127 80
2 127 80
2 127 80
2 127 80
2 126 80
2 126 80
2 126 80
2 126 80
2 126 80
2 126 80
2 126 80
2 126 80
2 126 80
2 126 80
2 126 80
2 126 80
2 126 80
2 126 80
2 126 80
2 126 80
2 126 80
2 126 80
2 126 80
2 126 80
2 126 80
2 126 80
2 126 80
2 125 80
2 125 80
2 125 80
2 125 80
2 125 80
2 125 80
2 125 80
2 125 80
2 125 80
2 125 80
2 125 80
2 125 80
2 125 80
2 125 80
2 125 80
2 125 80
2 125 80
2 125 80
2 125 80
2 125 80
2 125 80
2 125 80
2 125 80
2 124 80
2 124 80
2 124 80
2 124 80
2 124 80
2 124 80
2 124 80
2 124 80
2 124 80
2 124 80
2 124 80
2 124 80
2 124 80
2 124 80
2 124 80
2 124 80
2 124 80
2 124 80
2 124 80
2 124 80
2 124 80
2 124 80
2 123 80
2 123 80
2 123 80
2 123 80
2 123 80
2 123 80
2 123 80
2 123 80
2 123 80
2 123 80
2 123 80
2 123 80
2 123 80
2 123 80
2 123 80
2 123 80
2 123 80
2 123 80
2 123 80
2 123 80
2 123 80
2 122 80
2 122 80
2 122 80
2 122 80
2 122 80
2 122 80
2 122 80
2 122 80
2 122 80
2 122 80
2 122 80
2 122 80
2 122 80
2 122 80
2 122 80
2 122 80
2 122 80
2 122 80
2 122 80
2 121 80
2 121 80
2 121 80
2 121 80
2 121 80
2 121 80
2 121 80
2 121 80
2 121 80
2 121 80
2 121 80
2 121 80
2 121 80
2 121 80
2 121 80
2 121 80
2 121 80
2 121 80
2 120 80
2 120 80
2 120 80
2 120 80
2 120 80
2 120 80
2 120 80
2 120 80
2 120 80
2 120 80
2 120 80
2 120 80
2 120 80
2 120 80
2 120 80
2 119 80
2 119 80
2 119 80
2 119 80
2 119 80
2 119 80
2 119 80
2 119 80
2 119 80
2 119 80
2 119 80
2 119 80
2 118 80
2 118 80
2 118 80
2 118 80
2 118 80
2 118 80
2 118 80
2 118 80
2 118 80
2 117 80
2 117 80
2 117 80
2 117 80
2 117 80
2 117 80
2 117 80
2 116 80
2 116 80
2 116 80
2 116 80
2 116 80
2 115 80
2 115 80
2 115 80
2 114 80
2 114 80
2 113 80
2 113 80
2 112 80
2 111 80
2 110 80
2 109 80
2 108 80
2 107 80
2 106 80
2 105 80
2 104 80
2 103 80
2 102 80
2 101 80
2 100 80
2 99 80
2 98 80
2 97 80
2 96 80
2 95 80
2 95 80
2 94 80
2 94 80
2 94 80
2 93 80
2 93 80
2 93 80
2 93 80
2 92 80
2 92 80
2 92 80
2 92 80
2 92 80
2 91 80
2 91 80
2 91 80
2 91 80
2 91 80
2 91 80
2 90 80
2 90 80
2 90 80
2 90 80
2 90 80
2 90 80
2 90 80
2 89 80
2 89 80
2 89 80
2 89 80
2 89 80
2 89 80
2 89 80
2 88 80
2 88 80
2 88 80
2 88 80
2 88 80
2 88 80
2 88 80
2 87 80
2 87 80
2 87 80
2 87 80
2 87 80
2 87 80
2 87 80
2 86 80
2 86 80
2 86 80
2 86 80
2 86 80
2 86 80
2 85 80
2 85 80
2 85 80
2 85 80
2 85 80
2 84 80
2 84 80
2 84 80
2 84 80
2 83 80
2 83 80
2 83 80
2 82 80
2 82 80
2 81 80
2 81 80
2 80 80
2 79 80
2 78 80
2 77 80
2 76 80
2 75 80
2 74 80
2 73 80
2 72 80
2 71 80
2 70 80
2 69 80
2 68 80
2 67 80
2 66 80
2 65 80
2 64 80
2 63 80
2 62 80
2 61 80
2 60 80
2 59 80
2 58 80
2 57 80
2 56 80
2 55 80
48 98 80
47 98 80
46 98 80
45 98 80
44 98 80
44 98 80
43 98 80
43 98 80
43 98 80
42 98 80
42 98 80
42 98 80
42 98 80
41 98 80
41 98 80
41 98 80
41 98 80
41 98 80
41 98 80
40 98 80
40 98 80
40 98 80
40 98 80
40 98 80
40 98 80
40 98 80
40 98 80
39 98 80
39 98 80
39 98 80
39 98 80
39 98 80
39 98 80
39 98 80
39 98 80
39 98 80
38 98 80
38 98 80
38 98 80
38 98 80
38 98 80
38 98 80
38 98 80
38 98 80
38 98 80
38 98 80
37 98 80
37 98 80
37 98 80
37 98 80
37 98 80
37 98 80
37 98 80
37 98 80
37 98 80
36 98 80
36 98 80
36 98 80
36 98 80
36 98 80
36 98 80
36 98 80
36 98 80
35 98 80
35 98 80
35 98 80
35 98 80
35 98 80
35 98 80
35 98 80
34 98 80
34 98 80
34 98 80
34 98 80
34 98 80
33 98 80
33 98 80
33 98 80
33 98 80
32 98 80
32 98 80
31 98 80
31 98 80
30 98 80
29 98 80
28 98 80
27 98 80
26 98 80
25 98 80
24 98 80
23 98 80
22 98 80
21 98 80
20 98 80
19 98 80
18 98 80
17 98 80
16 98 80
15 98 80
14 98 80
13 98 80
12 98 80
11 98 80
10 98 80
9 98 80
8 98 80
7 98 80
6 98 80
5 98 80
4 98 80
3 98 80
131 137 80
132 137 80
133 137 80
134 137 80
135 137 80
135 137 80
136 137 80
136 137 80
136 137 80
137 137 80
137 137 80
137 137 80
137 137 80
138 137 80
138 137 80
138 137 80
138 137 80
138 137 80
139 137 80
139 137 80
139 137 80
139 137 80
139 137 80
139 137 80
139 137 80
140 137 80
140 137 80
140 137 80
140 137 80
140 137 80
140 137 80
140 137 80
140 137 80
140 137 80
141 137 80
141 137 80
141 137 80
141 137 80
141 137 80
141 137 80
141 137 80
141 137 80
141 137 80
141 137 80
141 137 80
142 137 80
142 137 80
142 137 80
142 137 80
142 137 80
142 137 80
142 137 80
142 137 80
142 137 80
142 137 80
142 137 80
142 137 80
142 137 80
142 137 80
143 137 80
143 137 80
143 137 80
143 137 80
143 137 80
143 137 80
143 137 80
143 137 80
143 137 80
143 137 80
143 137 80
143 137 80
143 137 80
143 137 80
143 137 80
143 137 80
143 137 80
144 137 80
144 137 80
144 137 80
144 137 80
144 137 80
144 137 80
144 137 80
144 137 80
144 137 80
144 137 80
144 137 80
144 137 80
144 137 80
144 137 80
144 137 80
144 137 80
144 137 80
144 137 80
144 137 80
144 137 80
145 137 80
145 137 80
145 137 80
145 137 80
145 137 80
145 137 80
145 137 80
145 137 80
145 137 80
145 137 80
145 137 80
145 137 80
145 137 80
145 137 80
145 137 80
145 137 80
145 137 80
145 137 80
145 137 80
145 137 80
145 137 80
145 137 80
146 137 80
146 137 80
146 137 80
146 137 80
146 137 80
146 137 80
146 137 80
146 137 80
146 137 80
146 137 80
146 137 80
146 137 80
146 137 80
146 137 80
146 137 80
146 137 80
146 137 80
146 137 80
146 137 80
146 137 80
146 137 80
146 137 80
146 137 80
146 137 80
147 137 80
147 137 80
147 137 80
147 137 80
147 137 80
147 137 80
147 137 80
147 137 80
147 137 80
147 137 80
147 137 80
147 137 80
147 137 80
147 137 80
147 137 80
147 137 80
147 137 80
147 137 80
147 137 80
147 137 80
147 137 80
147 137 80
147 137 80
147 137 80
147 137 80
148 137 80
148 137 80
148 137 80
148 137 80
148 137 80
148 137 80
148 137 80
148 137 80
148 137 80
148 137 80
148 137 80
148 137 80
148 137 80
148 137 80
148 137 80
148 137 80
148 137 80
148 137 80
148 137 80
148 137 80
148 137 80
148 137 80
148 137 80
148 137 80
148 137 80
148 137 80
148 137 80
149 137 80
149 137 80
149 137 80
149 137 80
149 137 80
149 137 80
149 137 80
149 137 80
149 137 80
149 137 80
149 137 80
149 137 80
149 137 80
149 137 80
149 137 80
149 137 80
149 137 80
149 137 80
149 137 80
149 137 80
149 137 80
149 137 80
149 137 80
149 137 80
149 137 80
149 137 80
149 137 80
149 137 80
149 137 80
150 137 80
150 137 80
150 137 80
150 137 80
150 137 80
150 137 80
150 137 80
150 137 80
150 137 80
150 137 80
150 137 80
150 137 80
150 137 80
150 137 80
150 137 80
150 137 80
150 137 80
150 137 80
150 137 80
150 137 80
150 137 80
150 137 80
150 137 80
150 137 80
150 137 80
150 137 80
150 137 80
150 137 80
150 137 80
150 137 80
150 137 80
150 137 80
151 137 80
151 137 80
151 137 80
151 137 80
151 137 80
151 137 80
151 137 80
151 137 80
151 137 80
151 137 80
151 137 80
151 137 80
151 137 80
151 137 80
151 137 80
151 137 80
151 137 80
151 137 80
151 137 80
151 137 80
151 137 80
151 137 80
151 137 80
151 137 80
151 137 80
151 137 80
151 137 80
151 137 80
151 137 80
151 137 80
151 137 80
151 137 80
151 137 80
151 137 80
152 137 80
152 137 80
152 137 80
152 137 80
152 137 80
152 137 80
152 137 80
152 137 80
152 137 80
152 137 80
152 137 80
152 137 80
152 137 80
152 137 80
152 137 80
152 137 80
152 137 80
152 137 80
152 137 80
152 137 80
152 137 80
152 137 80
152 137 80
152 137 80
152 137 80
152 137 80
152 137 80
152 137 80
152 137 80
152 137 80
152 137 80
152 137 80
152 137 80
152 137 80
152 137 80
152 137 80
153 137 80
153 137 80
153 137 80
153 137 80
153 137 80
153 137 80
153 137 80
153 137 80
153 137 80
153 137 80
153 137 80
153 137 80
153 137 80
153 137 80
153 137 80
153 137 80
153 137 80
153 137 80
153 137 80
153 137 80
153 137 80
153 137 80
153 137 80
153 137 80
153 137 80
153 137 80
153 137 80
153 137 80
153 137 80
153 137 80
153 137 80
153 137 80
153 137 80
153 137 80
153 137 80
153 137 80
153 137 80
154 137 80
154 137 80
154 137 80
154 137 80
154 137 80
154 137 80
154 137 80
154 137 80
154 137 80
154 137 80
154 137 80
154 137 80
154 137 80
154 137 80
154 137 80
154 137 80
154 137 80
154 137 80
154 137 80
154 137 80
154 137 80
154 137 80
154 137 80
154 137 80
154 137 80
154 137 80
154 137 80
154 137 80
154 137 80
154 137 80
154 137 80
154 137 80
154 137 80
154 137 80
154 137 80
154 137 80
154 137 80
155 137 80
155 137 80
155 137 80
155 137 80
155 137 80
155 137 80
155 137 80
155 137 80
155 137 80
155 137 80
155 137 80
155 137 80
155 137 80
155 137 80
155 137 80
155 137 80
155 137 80
155 137 80
155 137 80
155 137 80
155 137 80
155 137 80
155 137 80
155 137 80
155 137 80
155 137 80
155 137 80
155 137 80
155 137 80
155 137 80
155 137 80
155 137 80
155 137 80
155 137 80
155 137 80
155 137 80
156 137 80
156 137 80
156 137 80
156 137 80
156 137 80
156 137 80
156 137 80
156 137 80
156 137 80
156 137 80
156 137 80
156 137 80
156 137 80
156 137 80
156 137 80
156 137 80
156 137 80
156 137 80
156 137 80
156 137 80
156 137 80
156 137 80
156 137 80
156 137 80
156 137 80
156 137 80
156 137 80
156 137 80
156 137 80
156 137 80
156 137 80
156 137 80
156 137 80
156 137 80
156 137 80
157 137 80
157 137 80
157 137 80
157 137 80
157 137 80
157 137 80
157 137 80
157 137 80
157 137 80
157 137 80
157 137 80
157 137 80
157 137 80
157 137 80
157 137 80
157 137 80
157 137 80
157 137 80
157 137 80
157 137 80
157 137 80
157 137 80
157 137 80
157 137 80
157 137 80
157 137 80
157 137 80
157 137 80
157 137 80
157 137 80
157 137 80
157 137 80
158 137 80
158 137 80
158 137 80
158 137 80
158 137 80
158 137 80
158 137 80
158 137 80
158 137 80
158 137 80
158 137 80
158 137 80
158 137 80
158 137 80
158 137 80
158 137 80
158 137 80
158 137 80
158 137 80
158 137 80
158 137 80
158 137 80
158 137 80
158 137 80
158 137 80
158 137 80
158 137 80
158 137 80
159 137 80
159 137 80
159 137 80
159 137 80
159 137 80
159 137 80
159 137 80
159 137 80
159 137 80
159 137 80
159 137 80
159 137 80
159 137 80
159 137 80
159 137 80
159 137 80
159 137 80
159 137 80
159 137 80
159 137 80
159 137 80
159 137 80
159 137 80
159 137 80
160 137 80
160 137 80
160 137 80
160 137 80
160 137 80
160 137 80
160 137 80
160 137 80
160 137 80
160 137 80
160 137 80
160 137 80
160 137 80
160 137 80
160 137 80
160 137 80
160 137 80
160 137 80
160 137 80
160 137 80
161 137 80
161 137 80
161 137 80
161 137 80
161 137 80
161 137 80
161 137 80
161 137 80
161 137 80
161 137 80
161 137 80
161 137 80
161 137 80
161 137 80
161 137 80
161 137 80
162 137 80
162 137 80
162 137 80
162 137 80
162 137 80
162 137 80
162 137 80
162 137 80
162 137 80
162 137 80
162 137 80
162 137 80
162 137 80
163 137 80
163 137 80
163 137 80
163 137 80
163 137 80
163 137 80
163 137 80
163 137 80
163 137 80
163 137 80
163 137 80
164 137 80
164 137 80
164 137 80
164 137 80
164 137 80
164 137 80
164 137 80
164 137 80
164 137 80
165 137 80
165 137 80
165 137 80
165 137 80
165 137 80
165 137 80
165 137 80
166 137 80
166 137 80
166 137 80
166 137 80
166 137 80
166 137 80
167 137 80
167 137 80
167 137 80
167 137 80
168 137 80
168 137 80
168 137 80
169 137 80
169 137 80
170 137 80
171 137 80
172 137 80
173 137 80
174 137 80
175 137 80
176 137 80
177 137 80
178 137 80
179 137 80
180 137 80
181 137 80
182 137 80
183 137 80
184 137 80
185 137 80
186 137 80
187 137 80
188 137 80
189 137 80
190 137 80
191 137 80
192 137 80
192 136 80
192 135 80
192 134 80
192 133 80
192 132 80
192 131 80
192 130 80
192 129 80
192 128 80
192 127 80
192 126 80
192 125 80
192 124 80
192 123 80
192 122 80
192 121 80
192 120 80
192 119 80
192 118 80
192 117 80
192 116 80
192 115 80
192 115 80
192 114 80
192 114 80
192 113 80
192 113 80
192 113 80
192 112 80
192 112 80
192 112 80
192 112 80
192 111 80
192 111 80
192 111 80
192 111 80
192 111 80
192 111 80
192 110 80
192 110 80
192 110 80
192 110 80
192 110 80
192 110 80
192 110 80
192 110 80
192 110 80
192 109 80
192 109 80
192 109 80
192 109 80
192 109 80
192 109 80
192 109 80
192 109 80
192 109 80
192 109 80
192 109 80
192 109 80
192 109 80
192 108 80
192 108 80
192 108 80
192 108 80
192 108 80
192 108 80
192 108 80
192 108 80
192 108 80
192 108 80
192 108 80
192 108 80
192 108 80
192 108 80
192 108 80
192 108 80
192 108 80
192 107 80
192 107 80
192 107 80
192 107 80
192 107 80
192 107 80
192 107 80
192 107 80
192 107 80
192 107 80
192 107 80
192 107 80
192 107 80
192 107 80
192 107 80
192 107 80
192 107 80
192 107 80
192 107 80
192 107 80
192 107 80
192 106 80
192 106 80
192 106 80
192 106 80
192 106 80
192 106 80
192 106 80
192 106 80
192 106 80
192 106 80
192 106 80
192 106 80
192 106 80
192 106 80
192 106 80
192 106 80
192 106 80
192 106 80
192 106 80
192 106 80
192 106 80
192 106 80
192 106 80
192 106 80
192 106 80
192 105 80
192 105 80
192 105 80
192 105 80
192 105 80
192 105 80
192 105 80
192 105 80
192 105 80
192 105 80
192 105 80
192 105 80
192 105 80
192 105 80
192 105 80
192 105 80
192 105 80
192 105 80
192 105 80
192 105 80
192 105 80
192 105 80
192 105 80
192 105 80
192 105 80
192 105 80
192 105 80
192 105 80
192 105 80
192 104 80
192 104 80
192 104 80
192 104 80
192 104 80
192 104 80
192 104 80
192 104 80
192 104 80
192 104 80
192 104 80
192 104 80
192 104 80
192 104 80
192 104 80
192 104 80
192 104 80
192 104 80
192 104 80
192 104 80
192 104 80
192 104 80
192 104 80
192 104 80
192 104 80
192 104 80
192 104 80
192 104 80
192 104 80
192 104 80
192 104 80
192 104 80
192 103 80
192 103 80
192 103 80
192 103 80
192 103 80
192 103 80
192 103 80
192 103 80
192 103 80
192 103 80
192 103 80
192 103 80
192 103 80
192 103 80
192 103 80
192 103 80
192 103 80
192 103 80
192 103 80
192 103 80
192 103 80
192 103 80
192 103 80
192 103 80
192 103 80
192 103 80
192 103 80
192 103 80
192 103 80
192 103 80
192 103 80
192 103 80
192 103 80
192 103 80
192 103 80
192 102 80
192 102 80
192 102 80
192 102 80
192 102 80
192 102 80
192 102 80
192 102 80
192 102 80
192 102 80
192 102 80
192 102 80
192 102 80
192 102 80
192 102 80
192 102 80
192 102 80
192 102 80
192 102 80
192 102 80
192 102 80
192 102 80
192 102 80
192 102 80
192 102 80
192 102 80
192 102 80
192 102 80
192 102 80
192 102 80
192 102 80
192 102 80
192 102 80
192 102 80
192 102 80
192 102 80
192 102 80
192 101 80
192 101 80
192 101 80
192 101 80
192 101 80
192 101 80
192 101 80
192 101 80
192 101 80
192 101 80
192 101 80
192 101 80
192 101 80
192 101 80
192 101 80
192 101 80
192 101 80
192 101 80
192 101 80
192 101 80
192 101 80
192 101 80
192 101 80
192 101 80
192 101 80
192 101 80
192 101 80
192 101 80
192 101 80
192 101 80
192 101 80
192 101 80
192 101 80
192 101 80
192 101 80
192 101 80
192 101 80
192 101 80
192 100 80
192 100 80
192 100 80
192 100 80
192 100 80
192 100 80
192 100 80
192 100 80
192 100 80
192 100 80
192 100 80
192 100 80
192 100 80
192 100 80
192 100 80
192 100 80
192 100 80
192 100 80
192 100 80
192 100 80
192 100 80
192 100 80
192 100 80
192 100 80
192 100 80
192 100 80
192 100 80
192 100 80
192 100 80
192 100 80
192 100 80
192 100 80
192 100 80
192 100 80
192 100 80
192 100 80
192 100 80
192 100 80
192 99 80
192 99 80
192 99 80
192 99 80
192 99 80
192 99 80
192 99 80
192 99 80
192 99 80
192 99 80
192 99 80
192 99 80
192 99 80
192 99 80
192 99 80
192 99 80
192 99 80
192 99 80
192 99 80
192 99 80
192 99 80
192 99 80
192 99 80
192 99 80
192 99 80
192 99 80
192 99 80
192 99 80
192 99 80
192 99 80
192 99 80
192 99 80
192 99 80
192 99 80
192 99 80
192 99 80
192 99 80
192 98 80
192 98 80
192 98 80
192 98 80
192 98 80
192 98 80
192 98 80
192 98 80
192 98 80
192 98 80
192 98 80
192 98 80
192 98 80
192 98 80
192 98 80
192 98 80
192 98 80
192 98 80
192 98 80
192 98 80
192 98 80
192 98 80
192 98 80
192 98 80
192 98 80
192 98 80
192 98 80
192 98 80
192 98 80
192 98 80
192 98 80
192 98 80
192 98 80
192 98 80
192 98 80
192 97 80
192 97 80
192 97 80
192 97 80
192 97 80
192 97 80
192 97 80
192 97 80
192 97 80
192 97 80
192 97 80
192 97 80
192 97 80
192 97 80
192 97 80
192 97 80
192 97 80
192 97 80
192 97 80
192 97 80
192 97 80
192 97 80
192 97 80
192 97 80
192 97 80
192 97 80
192 97 80
192 97 80
192 97 80
192 97 80
192 97 80
192 97 80
192 96 80
192 96 80
192 96 80
192 96 80
192 96 80
192 96 80
192 96 80
192 96 80
192 96 80
192 96 80
192 96 80
192 96 80
192 96 80
192 96 80
192 96 80
192 96 80
192 96 80
192 96 80
192 96 80
192 96 80
192 96 80
192 96 80
192 96 80
192 96 80
192 96 80
192 96 80
192 96 80
192 96 80
192 95 80
192 95 80
192 95 80
192 95 80
192 95 80
192 95 80
192 95 80
192 95 80
192 95 80
192 95 80
192 95 80
192 95 80
192 95 80
192 95 80
192 95 80
192 95 80
192 95 80
192 95 80
192 95 80
192 95 80
192 95 80
192 95 80
192 95 80
192 95 80
192 94 80
192 94 80
192 94 80
192 94 80
192 94 80
192 94 80
192 94 80
192 94 80
192 94 80
192 94 80
192 94 80
192 94 80
192 94 80
192 94 80
192 94 80
192 94 80
192 94 80
192 94 80
192 94 80
192 94 80
192 93 80
192 93 80
192 93 80
192 93 80
192 93 80
192 93 80
192 93 80
192 93 80
192 93 80
192 93 80
192 93 80
192 93 80
192 93 80
192 93 80
192 93 80
192 93 80
192 92 80
192 92 80
192 92 80
192 92 80
192 92 80
192 92 80
192 92 80
192 92 80
192 92 80
192 92 80
192 92 80
192 92 80
192 91 80
192 91 80
192 91 80
192 91 80
192 91 80
192 91 80
192 91 80
192 91 80
192 91 80
192 90 80
192 90 80
192 90 80
192 90 80
192 90 80
192 90 80
192 90 80
192 89 80
192 89 80
192 89 80
192 89 80
192 89 80
192 89 80
192 88 80
192 88 80
192 88 80
192 88 80
192 88 80
192 87 80
192 87 80
192 87 80
192 87 80
192 86 80
192 86 80
192 86 80
192 86 80
192 85 80
192 85 80
192 85 80
192 84 80
192 84 80
192 83 80
192 83 80
192 82 80
192 82 80
192 81 80
192 80 80
192 79 80
192 78 80
192 77 80
