173 181 120
172 181 120
171 181 120
170 181 120
169 181 120
168 181 120
167 181 120
166 181 120
165 181 120
164 181 120
163 181 120
162 181 120
161 181 120
160 181 120
159 181 120
158 181 120
157 181 120
156 181 120
155 181 120
154 181 120
153 181 120
152 181 120
151 181 120
150 181 120
149 181 120
148 181 120
147 181 120
146 181 120
145 181 120
144 181 120
143 181 120
142 181 120
141 181 120
140 181 120
139 181 120
138 181 120
137 181 120
136 181 120
135 181 120
134 181 120
133 181 120
132 181 120
131 181 120
130 181 120
129 181 120
128 181 120
127 181 120
126 181 120
125 181 120
124 181 120
123 181 120
122 181 120
121 181 120
120 181 120
120 181 120
119 181 120
119 181 120
118 181 120
118 181 120
117 181 120
117 181 120
116 181 120
116 181 120
115 181 120
115 181 120
114 181 120
113 181 120
112 181 120
111 181 120
110 181 120
109 181 120
108 181 120
107 181 120
106 181 120
105 181 120
104 181 120
103 181 120
102 181 120
101 181 120
100 181 120
99 181 120
98 181 120
97 181 120
96 181 120
95 181 120
94 181 120
93 181 120
92 181 120
91 181 120
90 181 120
89 181 120
88 181 120
87 181 120
86 181 120
85 181 120
84 181 120
83 181 120
82 181 120
81 181 120
80 181 120
79 181 120
78 181 120
77 181 120
76 181 120
75 181 120
74 181 120
73 181 120
72 181 120
71 181 120
70 181 120
69 181 120
68 181 120
67 181 120
66 181 120
66 181 120
65 181 120
65 181 120
65 181 120
64 181 240
64 181 120
64 181 120
64 181 120
63 181 480
63 181 120
63 181 120
63 181 120
62 181 720
62 181 120
62 181 120
62 181 120
61 181 960
61 181 120
61 181 120
61 181 120
60 181 1200
60 181 120
60 181 120
59 181 1320
59 181 120
58 181 1320
57 181 1320
56 181 1320
55 181 120
55 181 120
55 181 120
55 181 120
55 181 120
55 181 120
55 181 120
55 181 120
54 181 840
53 181 840
52 181 840
51 181 120
51 181 120
51 181 120
51 181 120
51 181 120
50 181 480
50 181 120
49 181 480
48 181 480
47 181 480
46 181 120
46 181 120
46 181 120
45 181 240
45 181 120
44 181 240
43 181 240
42 181 240
41 181 120
41 181 120
40 181 120
40 181 120
39 181 120
39 181 120
39 181 120
38 181 240
38 181 120
38 181 120
37 181 360
37 181 120
37 181 120
36 181 480
36 181 120
36 181 120
36 181 120
36 181 120
35 181 840
35 181 120
35 181 120
35 181 120
35 181 120
35 181 120
35 182 1320
35 183 1320
35 184 1320
35 185 120
35 185 120
35 185 120
35 185 120
35 186 360
35 187 360
35 188 360
35 189 120
35 190 120
35 191 120
35 192 120
