120 32 120
119 32 120
118 32 120
117 32 120
116 32 120
115 32 120
114 32 120
113 32 120
113 32 120
112 32 120
112 32 120
112 32 120
111 32 240
111 32 120
111 32 120
110 32 360
110 32 120
110 32 120
109 32 480
109 32 120
109 32 120
108 32 600
108 32 120
107 32 600
107 32 120
106 32 600
106 32 120
105 32 600
104 32 600
103 32 600
102 32 120
102 32 120
101 32 120
100 32 120
99 32 120
98 32 120
97 32 120
96 32 120
95 32 120
94 32 120
93 32 120
92 32 120
91 32 120
90 32 120
89 32 120
88 32 120
87 32 120
86 32 120
85 32 120
84 32 120
83 32 120
82 32 120
81 32 120
80 32 120
80 32 120
79 32 120
79 32 120
78 32 120
78 32 120
78 32 120
78 32 120
77 32 360
77 32 120
77 32 120
76 32 480
76 32 120
76 32 120
76 32 120
75 32 720
75 32 120
75 32 120
75 32 120
74 32 960
74 32 120
74 32 120
74 32 120
74 32 120
73 32 1320
73 32 120
73 32 120
73 32 120
73 32 120
73 32 120
72 32 1800
72 32 120
72 32 120
72 32 120
72 32 120
71 32 2160
71 32 120
71 32 120
71 32 120
71 32 120
70 32 2520
70 32 120
70 32 120
70 32 120
70 32 120
69 32 2880
69 32 120
69 32 120
68 32 3000
68 32 120
68 32 120
67 32 3120
67 32 120
67 32 120
67 33 3240
67 34 3240
67 35 3240
67 36 120
67 36 120
67 36 120
67 36 120
67 36 120
67 36 120
67 36 120
67 36 120
67 36 120
67 36 120
67 36 120
67 36 120
67 36 120
67 36 120
67 36 120
67 36 120
67 36 120
67 36 120
67 36 120
67 36 120
67 36 120
67 36 120
67 36 120
67 36 120
67 36 120
67 36 120
67 37 3000
67 38 3000
67 39 3000
67 40 120
67 40 120
67 40 120
67 40 120
67 40 120
67 40 120
67 40 120
67 40 120
67 40 120
67 40 120
67 40 120
67 40 120
67 40 120
67 40 120
67 40 120
67 40 120
67 40 120
67 40 120
67 40 120
67 40 120
67 40 120
67 40 120
67 41 2520
67 42 2520
67 43 2520
67 44 120
67 44 120
67 44 120
67 44 120
67 44 120
67 44 120
67 44 120
67 44 120
67 44 120
67 44 120
67 44 120
67 44 120
67 44 120
67 44 120
67 44 120
67 44 120
67 45 1800
67 45 120
67 46 1800
67 46 120
67 47 1800
67 47 120
67 47 120
67 48 1920
67 48 120
67 48 120
67 49 2040
67 49 120
67 49 120
67 50 2160
67 50 120
67 50 120
67 50 120
67 51 2400
67 51 120
67 51 120
67 52 2520
67 52 120
67 53 2520
67 53 120
67 53 120
67 54 2640
67 54 120
67 55 2640
67 55 120
67 56 2640
67 56 120
67 57 2640
67 58 2640
67 59 2640
67 60 120
67 60 120
67 60 120
67 60 120
67 60 120
67 60 120
67 60 120
67 60 120
67 60 120
67 60 120
67 60 120
67 60 120
67 60 120
67 60 120
67 60 120
67 60 120
67 60 120
67 60 120
67 60 120
67 60 120
67 60 120
67 60 120
67 61 2520
67 61 120
67 61 120
67 62 2640
67 62 120
67 63 2640
67 64 2640
67 65 2640
67 66 120
67 66 120
67 66 120
67 66 120
67 66 120
67 66 120
67 66 120
67 66 120
67 66 120
67 66 120
67 66 120
67 66 120
67 66 120
67 66 120
67 66 120
67 66 120
67 67 1800
67 68 1800
67 69 1800
67 70 120
67 70 120
67 70 120
67 70 120
67 70 120
67 70 120
67 71 600
67 72 600
67 73 600
67 74 120
67 75 120
67 76 120
67 77 120
85 31 120
85 30 120
85 29 120
85 28 120
85 27 120
85 26 120
85 25 120
85 24 120
85 23 120
85 22 120
85 21 120
85 20 120
85 19 120
85 18 120
85 17 120
85 16 120
85 15 120
85 14 120
85 13 120
85 12 120
85 11 120
85 10 120
85 9 120
121 32 120
122 32 120
123 32 120
124 32 120
125 32 120
126 32 120
127 32 120
128 32 120
129 32 120
130 32 120
131 32 120
132 32 120
133 32 120
134 32 120
135 32 120
135 32 120
136 32 120
136 32 120
137 32 120
137 32 120
137 32 120
138 32 240
138 32 120
139 32 240
139 32 120
140 32 240
140 32 120
141 32 240
141 32 120
142 32 240
143 32 240
144 32 240
145 32 120
146 32 120
147 32 120
148 32 120
149 32 120
150 32 120
151 32 120
152 32 120
153 32 120
153 32 120
154 32 120
154 32 120
155 32 120
155 32 120
156 32 120
156 32 120
157 32 120
157 32 120
158 32 120
158 32 120
159 32 120
159 32 120
159 32 120
160 32 240
160 32 120
161 32 240
161 32 120
161 32 120
162 32 360
162 32 120
162 32 120
162 32 120
163 32 600
163 32 120
163 32 120
163 32 120
164 32 840
164 32 120
164 32 120
164 32 120
164 32 120
165 32 1200
165 32 120
165 32 120
165 32 120
165 32 120
165 32 120
166 32 1680
166 32 120
166 32 120
166 32 120
166 32 120
166 32 120
167 32 2160
167 32 120
167 32 120
167 32 120
167 32 120
168 32 2520
168 32 120
168 32 120
168 32 120
168 32 120
169 32 2880
169 32 120
169 32 120
169 32 120
170 32 3120
170 32 120
170 32 120
170 32 120
171 32 3360
171 32 120
171 32 120
171 32 120
172 32 3600
172 32 120
172 32 120
172 32 120
173 32 3840
173 32 120
173 32 120
174 32 3960
174 32 120
174 32 120
175 32 4080
175 32 120
175 32 120
176 32 4200
176 32 120
177 32 4200
178 32 4200
179 32 4200
180 32 120
180 32 120
180 32 120
180 32 120
180 32 120
180 32 120
180 32 120
180 32 120
180 32 120
180 32 120
180 32 120
180 32 120
180 32 120
180 32 120
180 32 120
180 32 120
180 32 120
180 32 120
180 32 120
180 32 120
180 32 120
180 32 120
180 32 120
180 32 120
180 32 120
180 32 120
180 32 120
180 32 120
180 32 120
180 32 120
181 32 3480
182 32 3480
183 32 3480
184 32 120
184 32 120
184 32 120
184 32 120
184 32 120
184 32 120
184 32 120
184 32 120
184 32 120
184 32 120
184 32 120
184 32 120
184 32 120
184 32 120
184 32 120
184 32 120
184 32 120
184 32 120
184 32 120
184 32 120
184 32 120
185 32 2400
186 32 2400
186 33 2400
186 33 120
186 34 2400
186 34 120
186 34 120
186 35 2520
186 35 120
186 35 120
186 36 2640
186 36 120
186 37 2640
186 38 2640
186 39 2640
186 40 120
186 40 120
186 40 120
186 40 120
186 40 120
186 40 120
186 40 120
186 40 120
186 40 120
186 40 120
186 40 120
186 40 120
186 40 120
186 40 120
186 40 120
186 40 120
186 40 120
186 41 1920
186 42 1920
186 43 1920
186 44 120
186 44 120
186 44 120
186 44 120
186 44 120
186 44 120
186 44 120
186 44 120
186 44 120
186 45 960
186 46 960
186 47 960
186 48 120
186 48 120
186 48 120
186 48 120
186 49 360
186 49 120
186 50 360
186 51 360
186 52 360
186 53 120
186 54 120
186 55 120
186 56 120
175 134 120
174 134 120
173 134 120
172 134 120
171 134 120
170 134 120
169 134 120
168 134 120
167 134 120
166 134 120
165 134 120
164 134 120
163 134 120
162 134 120
161 134 120
160 134 120
159 134 120
159 134 120
158 134 120
158 134 120
157 134 120
157 134 120
157 134 120
156 134 240
156 134 120
156 134 120
155 134 360
155 134 120
155 134 120
154 134 480
154 134 120
154 134 120
153 134 600
153 134 120
153 134 120
152 134 720
152 134 120
151 134 720
151 134 120
150 134 720
149 134 720
148 134 720
147 134 120
147 134 120
147 134 120
147 134 120
147 134 120
146 134 480
146 134 120
145 134 480
145 134 120
144 134 480
144 134 120
143 134 480
143 134 120
142 134 480
142 134 120
141 134 480
141 134 120
140 134 480
139 134 480
138 134 480
137 134 120
137 134 120
137 134 120
136 134 240
136 134 120
135 134 240
135 134 120
134 134 240
134 134 120
133 134 240
133 134 120
132 134 240
132 134 120
131 134 240
131 134 120
130 134 240
130 134 120
129 134 240
129 134 120
129 134 120
128 134 360
128 134 120
128 134 120
127 134 480
127 134 120
127 134 120
126 134 600
126 134 120
126 134 120
126 134 120
126 134 120
125 134 960
125 134 120
125 134 120
125 134 120
125 134 120
124 134 1320
124 134 120
124 134 120
124 134 120
124 134 120
124 134 120
123 134 1800
123 134 120
123 134 120
123 134 120
123 134 120
123 134 120
122 134 2280
122 134 120
122 134 120
122 134 120
122 134 120
122 134 120
121 134 2760
121 134 120
121 134 120
121 134 120
121 134 120
121 134 120
120 134 3240
120 134 120
120 134 120
120 134 120
120 134 120
119 134 3600
119 134 120
119 134 120
119 134 120
119 134 120
118 134 3960
118 134 120
118 134 120
118 134 120
117 134 4200
117 134 120
117 134 120
116 134 4320
115 134 4320
114 134 4320
113 134 120
113 134 120
113 134 120
113 134 120
113 134 120
113 134 120
113 134 120
113 134 120
113 134 120
113 134 120
113 134 120
113 134 120
113 134 120
113 134 120
113 134 120
113 134 120
113 134 120
113 134 120
113 134 120
113 134 120
113 134 120
113 134 120
113 134 120
113 134 120
113 134 120
113 134 120
113 134 120
113 134 120
113 134 120
113 134 120
113 134 120
112 134 3600
111 134 3600
110 134 3600
109 134 120
109 134 120
109 134 120
109 134 120
109 134 120
109 134 120
109 134 120
109 134 120
109 134 120
109 134 120
109 134 120
109 134 120
109 134 120
109 134 120
109 134 120
109 134 120
109 134 120
108 134 1920
107 134 1920
106 134 1920
105 134 120
105 134 120
105 134 120
105 134 120
105 134 120
105 134 120
105 134 120
105 134 120
105 134 120
104 134 960
103 134 960
102 134 960
101 134 120
101 134 120
101 134 120
101 134 120
100 134 360
100 134 120
99 134 360
98 134 360
98 133 360
98 132 120
98 132 120
98 131 120
98 131 120
98 130 120
98 130 120
98 129 120
98 128 120
68 170 120
68 170 120
68 170 120
68 170 120
68 170 120
68 170 120
68 170 120
68 170 120
68 170 120
68 170 120
68 170 120
68 170 120
68 170 120
68 170 120
69 170 1560
70 170 1560
71 170 1560
72 170 120
72 170 120
72 170 120
72 170 120
72 170 120
73 170 480
74 170 480
75 170 480
76 170 120
76 170 120
77 170 120
77 170 120
78 170 120
78 170 120
79 170 120
79 170 120
80 170 120
81 170 120
82 170 120
83 170 120
84 170 120
85 170 120
86 170 120
87 170 120
88 170 120
89 170 120
90 170 120
91 170 120
92 170 120
93 170 120
94 170 120
95 170 120
96 170 120
97 170 120
98 170 120
98 169 120
98 168 120
98 167 120
98 166 120
98 165 120
98 165 120
98 164 120
98 164 120
98 163 120
98 163 120
98 163 120
98 162 240
98 162 120
98 162 120
98 162 120
98 161 480
98 161 120
98 161 120
98 161 120
98 160 720
98 160 120
98 160 120
98 159 840
98 159 120
98 159 120
98 159 120
98 158 1080
98 158 120
98 158 120
98 157 1200
98 157 120
98 157 120
98 157 120
98 156 1440
98 156 120
98 156 120
98 155 1560
98 155 120
98 155 120
98 154 1680
98 154 120
98 154 120
98 154 120
98 153 1920
98 153 120
98 153 120
98 152 2040
98 152 120
98 152 120
98 151 2160
98 151 120
98 151 120
98 150 2280
98 150 120
98 150 120
98 150 120
98 149 2520
98 149 120
98 149 120
98 149 120
98 148 2760
98 148 120
98 148 120
98 147 2880
98 147 120
98 147 120
98 146 3000
98 146 120
98 146 120
98 145 3120
98 144 3120
98 143 3120
98 142 120
98 142 120
98 142 120
98 142 120
98 142 120
98 142 120
98 142 120
98 142 120
98 142 120
98 142 120
98 142 120
98 142 120
98 142 120
98 142 120
98 142 120
98 142 120
98 142 120
98 142 120
98 142 120
98 142 120
98 141 2280
98 140 2280
98 139 2280
98 138 120
98 138 120
98 138 120
98 138 120
98 138 120
98 138 120
98 137 600
98 136 600
98 135 600
