75 159 120
76 159 120
77 159 120
78 159 120
79 159 120
80 159 120
81 159 120
82 159 120
83 159 120
84 159 120
85 159 120
86 159 120
87 159 120
88 159 120
89 159 120
90 159 120
91 159 120
92 159 120
93 159 120
94 159 120
95 159 120
96 159 120
97 159 120
98 159 120
99 159 120
100 159 120
101 159 120
101 159 120
102 159 120
102 159 120
103 159 120
103 159 120
103 159 120
104 159 240
104 159 120
104 159 120
104 158 360
104 157 360
104 156 360
104 155 120
104 155 120
104 154 120
104 153 120
104 152 120
104 151 120
104 150 120
104 149 120
104 148 120
104 147 120
104 146 120
104 145 120
104 144 120
104 143 120
104 142 120
104 141 120
104 141 120
104 140 120
104 140 120
104 140 120
104 139 240
104 139 120
104 139 120
104 138 360
104 138 120
104 138 120
104 137 480
104 137 120
104 137 120
104 136 600
104 136 120
104 136 120
104 136 120
104 135 840
104 135 120
104 135 120
104 134 960
104 134 120
104 134 120
104 133 1080
104 133 120
104 132 1080
104 132 120
104 131 1080
104 130 1080
104 129 1080
104 128 120
104 128 120
104 128 120
104 128 120
104 128 120
104 128 120
104 127 600
104 127 120
104 126 600
104 126 120
104 125 600
104 125 120
104 124 600
104 124 120
104 123 600
104 123 120
104 122 600
104 122 120
104 121 600
104 121 120
104 120 600
104 120 120
104 119 600
104 118 600
104 117 600
104 116 120
104 116 120
104 116 120
104 115 240
104 114 240
104 113 240
104 112 120
104 111 120
104 110 120
104 109 120
104 108 120
104 107 120
104 106 120
104 105 120
104 104 120
104 103 120
104 102 120
104 101 120
104 100 120
104 99 120
104 99 120
104 98 120
104 98 120
104 97 120
104 97 120
104 97 120
104 96 240
104 96 120
104 95 240
104 95 120
104 95 120
104 94 360
104 94 120
104 94 120
104 93 480
104 93 120
104 93 120
104 92 600
104 92 120
104 92 120
104 91 720
104 91 120
104 91 120
104 90 840
104 90 120
104 89 840
104 89 120
104 88 840
104 87 840
104 86 840
104 85 120
104 85 120
104 85 120
104 85 120
104 85 120
104 85 120
104 84 600
104 84 120
104 83 600
104 82 600
104 81 600
104 80 120
104 80 120
104 80 120
104 80 120
104 79 360
104 79 120
104 78 360
104 78 120
104 78 120
104 77 480
104 77 120
104 76 480
104 76 120
104 76 120
104 75 600
104 75 120
104 74 600
104 74 120
104 73 600
104 73 120
104 73 120
104 72 720
104 72 120
104 71 720
104 71 120
104 70 720
104 70 120
104 69 720
104 68 720
104 67 720
104 66 120
104 66 120
104 66 120
104 66 120
104 65 360
104 64 360
104 63 360
104 62 120
104 61 120
104 60 120
104 59 120
104 58 120
104 57 120
104 56 120
104 55 120
104 54 120
104 53 120
92 158 120
92 157 120
92 156 120
92 155 120
92 154 120
92 153 120
92 152 120
92 151 120
92 150 120
92 149 120
92 148 120
92 147 120
92 146 120
92 145 120
92 144 120
92 143 120
92 142 120
92 141 120
92 140 120
92 139 120
93 139 120
94 139 120
95 139 120
96 139 120
97 139 120
97 138 120
97 137 120
97 136 120
97 135 120
97 135 120
97 134 120
97 134 120
97 133 120
97 133 120
97 133 120
97 132 240
97 132 120
97 131 240
97 131 120
97 131 120
97 130 360
97 130 120
97 129 360
97 129 120
97 128 360
97 127 360
97 126 360
97 125 120
97 125 120
97 124 120
97 124 120
97 123 120
97 123 120
97 122 120
97 122 120
97 121 120
97 121 120
97 120 120
97 120 120
97 119 120
97 119 120
97 118 120
97 118 120
97 117 120
97 116 120
97 115 120
97 114 120
97 113 120
97 112 120
97 111 120
97 110 120
97 109 120
97 108 120
97 107 120
97 106 120
152 82 120
151 82 120
150 82 120
149 82 120
148 82 120
147 82 120
146 82 120
145 82 120
144 82 120
143 82 120
142 82 120
141 82 120
140 82 120
139 82 120
138 82 120
137 82 120
136 82 120
135 82 120
134 82 120
133 82 120
132 82 120
131 82 120
130 82 120
129 82 120
128 82 120
127 82 120
127 82 120
126 82 120
126 82 120
125 82 120
125 82 120
125 82 120
124 82 240
124 82 120
124 82 120
123 82 360
123 82 120
123 82 120
122 82 480
122 82 120
121 82 480
121 82 120
121 82 120
120 82 600
120 82 120
119 82 600
119 82 120
118 82 600
118 82 120
118 82 120
117 82 720
117 82 120
116 82 720
116 82 120
116 82 120
115 82 840
115 82 120
115 82 120
114 82 960
114 82 120
114 82 120
113 82 1080
113 82 120
113 82 120
112 82 1200
111 82 1200
110 82 1200
109 82 120
109 82 120
109 82 120
109 82 120
109 82 120
109 82 120
109 82 120
108 82 720
107 82 720
106 82 720
105 82 120
105 82 120
105 82 120
105 82 120
105 82 120
153 82 480
154 82 480
155 82 480
156 82 120
157 82 120
158 82 120
159 82 120
160 82 120
160 82 120
161 82 120
161 82 120
162 82 120
162 82 120
163 82 120
163 82 120
163 82 120
164 82 240
164 82 120
164 82 120
165 82 360
165 82 120
166 82 360
166 82 120
166 82 120
167 82 480
167 82 120
167 82 120
168 82 600
168 82 120
169 82 600
170 82 600
171 82 600
172 82 120
172 82 120
172 82 120
172 82 120
173 82 360
173 82 120
174 82 360
175 82 360
176 82 360
177 82 120
177 82 120
177 82 120
178 82 240
178 82 120
179 82 240
179 82 120
180 82 240
180 82 120
181 82 240
181 82 120
182 82 240
183 82 240
184 82 240
185 82 120
186 82 120
187 82 120
188 82 120
189 82 120
190 82 120
190 83 120
190 84 120
190 85 120
190 86 120
190 87 120
190 88 120
190 89 120
190 90 120
190 91 120
190 92 120
190 93 120
190 94 120
190 95 120
190 96 120
190 97 120
190 98 120
190 99 120
190 100 120
190 101 120
190 102 120
190 103 120
190 104 120
190 105 120
190 106 120
190 107 120
190 108 120
190 109 120
190 110 120
190 111 120
190 112 120
98 139 120
99 139 120
100 139 120
101 139 120
101 139 120
102 139 120
102 139 120
103 139 120
103 139 120
103 139 120
105 139 240
105 139 120
105 139 120
106 139 360
106 139 120
106 139 120
107 139 480
107 139 120
108 139 480
108 139 120
109 139 480
109 139 120
110 139 480
110 139 120
111 139 480
111 139 120
112 139 480
113 139 480
114 139 480
115 139 120
115 139 120
115 139 120
115 139 120
116 139 360
116 139 120
116 139 120
117 139 480
117 139 120
118 139 480
118 139 120
118 139 120
119 139 600
119 139 120
119 139 120
120 139 720
120 139 120
120 139 120
121 139 840
121 139 120
122 139 840
122 139 120
122 139 120
123 139 960
123 139 120
124 139 960
124 139 120
125 139 960
125 139 120
125 139 120
126 139 1080
127 139 1080
128 139 1080
129 139 120
129 139 120
129 139 120
129 139 120
129 139 120
130 139 480
131 139 480
132 139 480
133 139 120
133 139 120
134 139 120
134 139 120
135 139 120
135 139 120
136 139 120
136 139 120
136 140 120
136 140 120
136 141 120
136 142 120
136 143 120
136 144 120
136 145 120
136 146 120
136 147 120
136 148 120
136 149 120
74 159 120
73 159 120
72 159 120
71 159 120
70 159 120
69 159 120
68 159 120
67 159 120
66 159 120
66 159 120
65 159 120
65 159 120
65 160 120
65 160 120
65 161 120
65 162 120
65 163 120
65 164 120
65 165 120
65 166 120
65 167 120
65 168 120
65 169 120
65 170 120
65 171 120
65 172 120
65 173 120
65 174 120
65 175 120
65 176 120
65 177 120
65 178 120
65 179 120
65 180 120
65 181 120
65 182 120
65 183 120
65 184 120
65 185 120
65 186 120
65 187 120
65 188 120
65 189 120
65 190 120
65 191 120
65 192 120
61 40 120
62 40 120
63 40 120
64 40 120
65 40 120
66 40 120
67 40 120
68 40 120
69 40 120
70 40 120
71 40 120
72 40 120
73 40 120
74 40 120
75 40 120
76 40 120
77 40 120
78 40 120
79 40 120
80 40 120
81 40 120
82 40 120
83 40 120
84 40 120
85 40 120
86 40 120
86 39 120
86 38 120
86 37 120
86 36 120
86 35 120
86 34 120
86 33 120
86 32 120
86 31 120
86 30 120
60 40 120
59 40 120
58 40 120
57 40 120
56 40 120
55 40 120
54 40 120
53 40 120
52 40 120
51 40 120
50 40 120
49 40 120
48 40 120
47 40 120
46 40 120
45 40 120
44 40 120
43 40 120
42 40 120
41 40 120
40 40 120
39 40 120
38 40 120
37 40 120
36 40 120
35 40 120
34 40 120
33 40 120
33 40 120
32 40 120
32 40 120
31 40 120
31 40 120
30 40 120
30 40 120
30 40 120
29 40 240
29 40 120
28 40 240
28 40 120
28 40 120
27 40 360
27 40 120
27 40 120
26 40 480
26 40 120
25 40 480
25 40 120
25 40 120
24 40 600
24 40 120
24 40 120
23 40 720
23 40 120
22 40 720
22 40 120
21 40 720
21 40 120
20 40 720
20 40 120
19 40 720
18 40 720
17 40 720
16 40 120
16 40 120
16 40 120
16 40 120
16 40 120
16 40 120
15 40 600
15 40 120
14 40 600
14 40 120
13 40 600
13 40 120
12 40 600
12 40 120
11 40 600
11 40 120
10 40 600
9 40 600
8 40 600
7 40 120
7 40 120
7 40 120
6 40 240
6 40 120
5 40 240
4 40 240
3 40 240
2 40 120
1 40 120
0 40 120
0 41 120
0 42 120
0 43 120
0 44 120
0 45 120
0 46 120
0 47 120
0 48 120
0 49 120
0 50 120
0 51 120
0 52 120
0 53 120
0 54 120
0 55 120
0 56 120
0 57 120
0 58 120
0 59 120
0 60 120
0 61 120
0 62 120
0 63 120
1 63 120
2 63 120
2 64 120
2 65 120
2 66 120
2 67 120
2 68 120
2 69 120
2 70 120
2 71 120
2 72 120
2 72 120
2 73 120
2 73 120
2 74 120
2 74 120
2 75 120
2 75 120
2 76 120
2 76 120
2 77 120
2 77 120
2 78 120
2 78 120
2 79 120
2 79 120
2 80 120
2 80 120
2 81 120
2 82 120
2 83 120
2 84 120
2 85 120
2 86 120
2 87 120
2 88 120
2 89 120
2 90 120
2 91 120
2 92 120
2 93 120
2 94 120
2 95 120
2 96 120
