118 31 120
117 31 120
116 31 120
115 31 120
114 31 120
113 31 120
112 31 120
111 31 120
110 31 120
109 31 120
108 31 120
107 31 120
106 31 120
105 31 120
104 31 120
103 31 120
102 31 120
101 31 120
100 31 120
99 31 120
98 31 120
97 31 120
96 31 120
95 31 120
94 31 120
93 31 120
92 31 120
91 31 120
91 32 120
91 33 120
91 34 120
91 35 120
91 36 120
91 37 120
91 38 120
91 39 120
91 39 120
91 40 120
91 40 120
91 41 120
91 41 120
91 41 120
91 42 240
91 42 120
91 42 120
91 42 120
91 43 480
91 43 120
91 43 120
91 43 120
91 43 120
91 44 840
91 44 120
91 44 120
91 44 120
91 44 120
91 45 1200
91 45 120
91 45 120
91 45 120
91 45 120
91 45 120
91 46 1680
91 46 120
91 46 120
91 46 120
91 46 120
91 47 2040
91 47 120
91 47 120
91 47 120
91 47 120
91 47 120
91 48 2520
91 48 120
91 48 120
91 48 120
91 48 120
91 49 2880
91 49 120
91 49 120
91 49 120
91 50 3120
91 50 120
91 50 120
91 50 120
91 51 3360
91 51 120
91 51 120
91 52 3480
91 52 120
91 52 120
91 53 3600
91 53 120
91 54 3600
91 54 120
91 55 3600
91 55 120
91 56 3600
91 56 120
91 56 120
91 57 3720
91 57 120
91 58 3720
91 58 120
91 58 120
91 59 3840
91 59 120
91 60 3840
91 60 120
91 61 3840
91 61 120
91 62 3840
91 63 3840
91 64 3840
91 65 120
91 65 120
91 65 120
91 65 120
91 65 120
91 65 120
91 65 120
91 65 120
91 65 120
91 65 120
91 65 120
91 65 120
91 65 120
91 65 120
91 65 120
91 65 120
91 65 120
91 65 120
91 65 120
91 65 120
91 65 120
91 65 120
91 65 120
91 65 120
91 66 2760
91 67 2760
91 68 2760
91 69 120
91 69 120
91 69 120
91 69 120
91 70 360
91 71 360
91 72 360
91 73 120
91 74 120
91 75 120
91 76 120
91 77 120
91 78 120
91 79 120
91 80 120
91 81 120
91 82 120
91 83 120
91 84 120
91 85 120
91 86 120
91 87 120
91 88 120
91 89 120
91 90 120
91 91 120
91 92 120
91 93 120
91 94 120
91 95 120
91 96 120
91 97 120
91 98 120
91 99 120
91 100 120
91 101 120
91 102 120
91 103 120
91 104 120
91 105 120
91 106 120
91 107 120
91 108 120
91 109 120
91 110 120
91 111 120
91 112 120
91 113 120
91 114 120
91 115 120
91 116 120
91 117 120
91 118 120
91 119 120
91 120 120
91 121 120
91 122 120
91 123 120
91 124 120
91 125 120
91 126 120
91 127 120
91 128 120
91 129 120
91 130 120
91 131 120
91 132 120
91 133 120
91 134 120
91 135 120
91 136 120
91 137 120
91 138 120
91 139 120
91 140 120
91 141 120
91 142 120
91 143 120
91 144 120
91 145 120
91 146 120
91 147 120
91 148 120
91 149 120
91 150 120
91 151 120
91 152 120
91 153 120
91 154 120
91 155 120
91 156 120
91 157 120
91 158 120
91 159 120
91 160 120
91 161 120
91 162 120
91 163 120
91 164 120
91 165 120
91 166 120
91 167 120
91 168 120
91 169 120
91 170 120
91 171 120
91 172 120
91 173 120
91 174 120
91 175 120
91 176 120
91 177 120
91 178 120
91 179 120
91 180 120
91 181 120
91 182 120
91 183 120
90 31 120
90 30 120
90 29 120
90 28 120
90 27 120
90 26 120
90 25 120
90 24 120
90 23 120
90 22 120
90 21 120
90 20 120
90 19 120
90 18 120
90 17 120
90 16 120
90 15 120
90 14 120
90 13 120
90 12 120
90 11 120
90 10 120
95 32 120
95 33 120
95 34 120
95 35 120
95 36 120
95 37 120
95 38 120
95 39 120
95 40 120
95 40 120
95 41 120
95 41 120
95 41 120
95 41 120
95 42 360
95 42 120
95 42 120
95 42 120
95 42 120
95 42 120
95 43 840
95 43 120
95 43 120
95 43 120
95 43 120
95 43 120
95 44 1320
95 44 120
95 44 120
95 44 120
95 44 120
95 44 120
95 44 120
95 45 1920
95 45 120
95 45 120
95 45 120
95 45 120
95 45 120
95 45 120
95 46 2520
95 46 120
95 46 120
95 46 120
95 46 120
95 46 120
95 47 3000
95 47 120
95 47 120
95 47 120
95 47 120
95 48 3360
95 48 120
95 48 120
95 48 120
95 48 120
95 49 3720
95 49 120
95 49 120
95 49 120
95 50 3960
95 50 120
95 50 120
95 51 4080
95 51 120
95 52 4080
95 53 4080
95 54 4080
95 55 120
95 55 120
95 55 120
95 55 120
95 55 120
95 55 120
95 55 120
95 55 120
95 55 120
95 55 120
95 55 120
95 55 120
95 55 120
95 55 120
95 55 120
95 55 120
95 55 120
95 55 120
95 55 120
95 55 120
95 55 120
95 55 120
95 55 120
95 55 120
95 55 120
95 55 120
95 55 120
95 55 120
95 55 120
95 55 120
95 55 120
95 56 3600
95 57 3600
95 58 3600
95 59 120
95 59 120
95 59 120
95 59 120
95 59 120
95 59 120
95 59 120
95 59 120
95 59 120
95 59 120
95 59 120
95 59 120
95 59 120
95 59 120
95 59 120
95 59 120
95 59 120
95 59 120
95 59 120
95 59 120
95 59 120
95 59 120
95 59 120
95 59 120
95 59 120
95 59 120
95 59 120
95 59 120
95 59 120
95 59 120
95 60 3480
95 60 120
95 61 3480
95 62 3480
95 63 3480
95 64 120
95 64 120
95 64 120
95 64 120
95 64 120
95 64 120
95 64 120
95 64 120
95 64 120
95 64 120
95 64 120
95 64 120
95 64 120
95 64 120
95 64 120
95 64 120
95 64 120
95 64 120
95 64 120
95 64 120
95 64 120
95 64 120
95 64 120
95 65 2640
95 66 2640
95 67 2640
95 68 120
95 68 120
95 68 120
95 68 120
95 68 120
95 69 480
95 70 480
95 71 480
95 72 120
95 73 120
95 74 120
95 75 120
95 76 120
95 77 120
95 78 120
95 79 120
95 80 120
95 81 120
95 82 120
95 83 120
95 84 120
95 85 120
95 86 120
95 87 120
95 88 120
96 88 120
97 88 120
98 88 120
99 88 120
100 88 120
101 88 120
102 88 120
103 88 120
104 88 120
105 88 120
106 88 120
107 88 120
108 88 120
109 88 120
110 88 120
111 88 120
112 88 120
113 88 120
114 88 120
115 88 120
116 88 120
117 88 120
118 88 120
119 88 120
120 88 120
121 88 120
122 88 120
123 88 120
124 88 120
125 88 120
126 88 120
127 88 120
128 88 120
129 88 120
130 88 120
131 88 120
132 88 120
132 89 120
132 90 120
132 91 120
132 92 120
132 93 120
133 93 120
134 93 120
135 93 120
136 93 120
137 93 120
138 93 120
139 93 120
140 93 120
141 93 120
142 93 120
143 93 120
144 93 120
145 93 120
146 93 120
147 93 120
148 93 120
149 93 120
150 93 120
151 93 120
152 93 120
153 93 120
154 93 120
155 93 120
156 93 120
157 93 120
158 93 120
159 93 120
160 93 120
161 93 120
162 93 120
163 93 120
164 93 120
165 93 120
166 93 120
167 93 120
168 93 120
169 93 120
170 93 120
171 93 120
172 93 120
173 93 120
174 93 120
175 93 120
176 93 120
177 93 120
177 92 120
178 92 120
179 92 120
180 92 120
181 92 120
182 92 120
183 92 120
184 92 120
185 92 120
186 92 120
187 92 120
187 93 120
187 94 120
187 95 120
187 96 120
187 97 120
187 98 120
187 99 120
187 99 120
187 100 120
187 100 120
187 101 120
187 101 120
187 101 120
187 102 240
187 102 120
187 102 120
187 103 360
187 103 120
187 103 120
187 104 480
187 104 120
187 105 480
187 105 120
187 106 480
187 106 120
187 107 480
187 108 480
187 109 480
187 110 120
187 110 120
187 111 120
187 112 120
187 113 120
187 114 120
187 115 120
187 116 120
187 117 120
187 118 120
187 119 120
187 120 120
187 121 120
187 122 120
187 123 120
187 124 120
187 125 120
187 126 120
187 127 120
187 128 120
187 129 120
187 130 120
187 131 120
187 132 120
187 133 120
187 134 120
94 88 120
93 88 120
92 88 120
90 88 120
89 88 120
88 88 120
87 88 120
86 88 120
85 88 120
84 88 120
83 88 120
83 89 120
83 90 120
83 91 120
83 92 120
83 93 120
83 94 120
83 95 120
83 96 120
83 97 120
83 98 120
83 99 120
83 100 120
83 101 120
83 102 120
83 103 120
83 104 120
83 105 120
83 106 120
83 107 120
83 108 120
83 109 120
83 110 120
83 111 120
83 112 120
83 113 120
83 114 120
83 115 120
83 116 120
83 117 120
83 118 120
83 119 120
83 120 120
83 121 120
83 122 120
89 10 120
88 10 120
87 10 120
86 10 120
85 10 120
84 10 120
83 10 120
82 10 120
81 10 120
80 10 120
79 10 120
78 10 120
77 10 120
76 10 120
75 10 120
74 10 120
73 10 120
72 10 120
72 10 120
71 10 120
71 10 120
70 10 120
70 10 120
69 10 120
69 10 120
68 10 120
68 10 120
67 10 120
67 10 120
66 10 120
66 10 120
65 10 120
65 10 120
64 10 120
64 10 120
63 10 120
63 10 120
62 10 120
62 10 120
61 10 120
61 10 120
60 10 120
59 10 120
58 10 120
57 10 120
56 10 120
55 10 120
54 10 120
53 10 120
52 10 120
51 10 120
50 10 120
50 10 120
49 10 120
49 10 120
48 10 120
48 10 120
48 10 120
47 10 240
47 10 120
46 10 240
46 10 120
46 10 120
45 10 360
45 10 120
44 10 360
44 10 120
44 10 120
43 10 480
43 10 120
42 10 480
42 10 120
41 10 480
41 10 120
41 10 120
40 10 600
40 10 120
39 10 600
39 10 120
39 10 120
38 10 720
38 10 120
37 10 720
37 10 120
36 10 720
36 10 120
35 10 720
35 11 720
35 12 720
35 13 120
35 13 120
35 13 120
35 14 240
35 14 120
35 15 240
35 15 120
35 16 240
35 17 240
35 18 240
35 19 120
35 19 120
35 20 120
35 20 120
35 21 120
35 21 120
35 22 120
35 22 120
35 23 120
35 23 120
35 24 120
35 24 120
35 25 120
35 26 120
35 27 120
35 28 120
35 29 120
35 30 120
35 31 120
35 32 120
35 33 120
35 34 120
35 35 120
35 36 120
35 37 120
35 38 120
35 39 120
35 40 120
35 41 120
35 42 120
35 43 120
35 44 120
6 196 120
7 196 120
8 196 120
9 196 120
10 196 120
11 196 120
12 196 120
13 196 120
14 196 120
15 196 120
16 196 120
17 196 120
18 196 120
19 196 120
20 196 120
21 196 120
22 196 120
23 196 120
24 196 120
25 196 120
26 196 120
27 196 120
28 196 120
29 196 120
30 196 120
31 196 120
32 196 120
32 196 120
33 196 120
33 196 120
33 196 120
34 196 240
34 196 120
34 196 120
34 196 120
35 196 480
35 196 120
35 196 120
35 196 120
36 196 720
36 196 120
36 196 120
36 195 840
36 195 120
36 195 120
36 194 960
36 194 120
36 193 960
36 193 120
36 193 120
36 192 1080
36 192 120
36 191 1080
36 190 1080
36 189 1080
36 188 120
36 188 120
36 188 120
36 188 120
36 188 120
36 188 120
36 188 120
36 187 720
36 186 720
36 185 720
36 184 120
36 184 120
36 184 120
36 184 120
36 184 120
36 183 480
36 183 120
36 182 480
36 182 120
36 181 480
36 181 120
36 180 480
36 180 120
36 179 480
36 179 120
36 179 120
36 178 600
36 178 120
36 178 120
36 178 120
36 177 840
36 177 120
36 177 120
36 177 120
36 176 1080
36 176 120
36 176 120
36 176 120
36 176 120
36 175 1440
36 175 120
36 175 120
36 175 120
36 175 120
36 175 120
36 174 1920
36 174 120
36 174 120
36 174 120
36 174 120
36 173 2280
36 173 120
36 173 120
36 173 120
36 173 120
36 172 2640
36 172 120
36 172 120
36 172 120
36 172 120
36 171 3000
36 171 120
36 171 120
36 171 120
36 170 3240
36 170 120
36 169 3240
36 168 3240
36 167 3240
36 166 120
36 166 120
36 166 120
36 166 120
36 166 120
36 166 120
36 166 120
36 166 120
36 166 120
36 166 120
36 166 120
36 166 120
36 166 120
36 166 120
36 166 120
36 166 120
36 166 120
36 165 1920
36 164 1920
36 163 1920
36 162 120
36 162 120
36 162 120
36 162 120
36 161 360
36 160 360
36 159 360
36 158 120
36 157 120
36 156 120
36 155 120
36 154 120
36 153 120
36 152 120
36 151 120
119 31 120
120 31 120
121 31 120
122 31 120
123 31 120
124 31 120
125 31 120
126 31 120
127 31 120
128 31 120
129 31 120
130 31 120
131 31 120
132 31 120
133 31 120
134 31 120
135 31 120
136 31 120
137 31 120
138 31 120
139 31 120
140 31 120
141 31 120
142 31 120
143 31 120
144 31 120
145 31 120
146 31 120
147 31 120
148 31 120
149 31 120
150 31 120
151 31 120
152 31 120
153 31 120
154 31 120
155 31 120
156 31 120
157 31 120
158 31 120
159 31 120
160 31 120
161 31 120
162 31 120
163 31 120
164 31 120
165 31 120
166 31 120
166 31 120
167 31 120
167 31 120
168 31 120
168 31 120
168 31 120
169 31 240
169 31 120
169 31 120
170 31 360
170 31 120
170 31 120
170 31 120
171 31 600
171 31 120
171 31 120
172 31 720
172 31 120
172 31 120
172 31 120
172 31 120
173 31 1080
173 31 120
173 31 120
173 31 120
174 31 1320
174 31 120
174 31 120
174 31 120
174 31 120
175 31 1680
175 31 120
175 31 120
175 31 120
175 31 120
175 31 120
176 31 2160
176 31 120
176 31 120
176 31 120
176 31 120
177 31 2520
177 31 120
177 31 120
177 31 120
177 31 120
177 31 120
178 31 3000
178 31 120
178 31 120
178 31 120
178 31 120
179 31 3360
179 31 120
179 31 120
179 31 120
180 31 3600
180 31 120
180 31 120
180 31 120
181 31 3840
181 31 120
181 31 120
181 30 3960
181 29 3960
181 28 3960
181 27 120
181 27 120
181 27 120
181 27 120
181 27 120
181 27 120
181 27 120
181 27 120
181 27 120
181 27 120
181 27 120
181 27 120
181 27 120
181 27 120
181 27 120
181 27 120
181 27 120
181 27 120
181 27 120
181 27 120
181 27 120
181 27 120
181 27 120
181 27 120
181 27 120
181 26 2880
181 25 2880
181 24 2880
181 23 120
181 23 120
181 23 120
181 23 120
181 23 120
181 23 120
181 23 120
181 23 120
181 23 120
181 23 120
181 23 120
181 23 120
181 23 120
181 23 120
181 23 120
181 23 120
181 23 120
181 22 1920
181 21 1920
181 20 1920
181 19 120
181 19 120
181 19 120
181 19 120
181 19 120
181 19 120
181 19 120
181 19 120
181 19 120
181 19 120
181 19 120
181 19 120
181 18 1320
181 17 1320
181 16 1320
181 15 120
181 15 120
181 15 120
181 15 120
181 15 120
181 15 120
181 15 120
181 15 120
181 15 120
181 14 960
181 13 960
181 12 960
181 11 120
181 11 120
181 10 120
181 10 120
181 9 120
181 8 120
181 7 120
181 6 120
181 5 120
181 4 120
181 3 120
181 2 120
