11 165 100
12 165 100
13 165 100
14 165 100
15 165 100
16 165 100
17 165 100
18 165 100
19 165 100
20 165 100
21 165 100
22 165 100
23 165 100
24 165 100
25 165 100
26 165 100
27 165 100
27 165 100
28 165 100
28 165 100
28 165 100
29 165 200
29 165 100
29 165 100
29 165 100
30 165 400
30 165 100
30 165 100
30 165 100
31 165 600
31 165 100
31 165 100
31 165 100
32 165 800
32 165 100
32 165 100
32 165 100
32 165 100
33 165 1100
33 165 100
33 165 100
33 165 100
33 165 100
34 165 1400
34 165 100
34 165 100
34 165 100
34 165 100
35 165 1700
35 165 100
35 165 100
35 165 100
35 165 100
35 165 100
36 165 2100
36 165 100
36 165 100
36 165 100
36 165 100
37 165 2400
37 165 100
37 165 100
37 165 100
37 165 100
37 165 100
38 165 2800
38 165 100
38 165 100
38 165 100
38 165 100
38 165 100
38 164 3200
38 164 100
38 164 100
38 164 100
38 163 3400
38 163 100
38 163 100
38 162 3500
38 162 100
38 162 100
38 162 100
38 161 3700
38 161 100
38 161 100
38 161 100
38 160 3900
38 160 100
38 160 100
38 160 100
38 159 4100
38 159 100
38 159 100
38 158 4200
38 158 100
38 157 4200
38 156 4200
38 155 4200
38 154 100
38 154 100
38 154 100
38 154 100
38 154 100
38 154 100
38 154 100
38 154 100
38 154 100
38 154 100
38 154 100
38 154 100
38 154 100
38 154 100
38 154 100
38 154 100
38 154 100
38 154 100
38 154 100
38 154 100
38 154 100
38 154 100
38 154 100
38 154 100
38 154 100
38 154 100
38 154 100
38 154 100
38 154 100
38 154 100
38 154 100
38 154 100
38 154 100
38 154 100
38 154 100
38 154 100
38 154 100
38 153 3600
38 152 3600
38 151 3600
38 150 100
38 150 100
38 150 100
38 150 100
38 150 100
38 150 100
38 150 100
38 150 100
38 150 100
38 150 100
38 150 100
38 150 100
38 150 100
38 150 100
38 150 100
38 150 100
38 150 100
38 150 100
38 150 100
38 150 100
38 150 100
38 150 100
38 150 100
38 150 100
38 150 100
38 150 100
38 150 100
38 150 100
38 150 100
38 149 2800
38 149 100
38 148 2800
38 148 100
38 147 2800
38 147 100
38 147 100
38 146 2900
38 146 100
38 145 2900
38 145 100
38 144 2900
38 143 2900
38 142 2900
38 141 100
38 141 100
38 141 100
38 141 100
38 141 100
38 141 100
38 141 100
38 141 100
38 141 100
38 141 100
38 141 100
38 141 100
38 141 100
38 141 100
38 141 100
38 141 100
38 141 100
38 141 100
38 141 100
38 141 100
38 141 100
38 141 100
38 141 100
38 140 2200
38 139 2200
38 138 2200
38 137 100
38 137 100
38 137 100
38 137 100
38 137 100
38 137 100
38 137 100
38 137 100
38 137 100
38 137 100
38 137 100
38 137 100
38 137 100
38 136 1200
38 135 1200
38 134 1200
38 133 100
38 133 100
38 133 100
38 133 100
38 133 100
38 133 100
38 132 500
38 131 500
38 130 500
38 129 100
38 129 100
38 128 100
39 165 100
39 165 100
39 165 100
39 165 100
39 165 100
39 165 100
39 165 100
39 165 100
39 165 100
39 165 100
39 165 100
39 165 100
39 165 100
39 165 100
39 165 100
39 165 100
39 165 100
39 165 100
39 165 100
39 165 100
39 165 100
39 165 100
39 165 100
39 165 100
39 165 100
39 165 100
39 165 100
39 165 100
39 165 100
39 165 100
39 165 100
39 165 100
39 165 100
39 165 100
39 165 100
39 165 100
40 165 3500
40 165 100
40 165 100
40 165 100
41 165 3700
41 165 100
41 165 100
42 165 3800
42 165 100
43 165 3800
44 165 3800
45 165 3800
46 165 100
46 165 100
46 165 100
46 165 100
46 165 100
46 165 100
46 165 100
46 165 100
46 165 100
46 165 100
46 165 100
46 165 100
46 165 100
46 165 100
46 165 100
46 165 100
46 165 100
46 165 100
46 165 100
46 165 100
46 165 100
46 165 100
46 165 100
46 165 100
46 165 100
46 165 100
46 165 100
46 165 100
46 165 100
46 165 100
46 165 100
46 165 100
46 165 100
47 165 3200
48 165 3200
49 165 3200
50 165 100
50 165 100
50 165 100
50 165 100
50 165 100
50 165 100
50 165 100
50 165 100
50 165 100
50 165 100
50 165 100
50 165 100
50 165 100
50 165 100
50 165 100
50 165 100
50 165 100
50 165 100
50 165 100
50 165 100
50 165 100
50 165 100
50 165 100
50 165 100
50 165 100
50 165 100
50 165 100
50 165 100
50 165 100
50 165 100
51 165 2900
51 165 100
52 165 2900
53 165 2900
54 165 2900
55 165 100
55 165 100
55 165 100
55 165 100
55 165 100
55 165 100
55 165 100
55 165 100
55 165 100
55 165 100
55 165 100
55 165 100
55 165 100
55 165 100
55 165 100
55 165 100
55 165 100
55 165 100
55 165 100
55 165 100
55 165 100
56 165 2000
57 165 2000
57 166 2000
57 167 100
57 167 100
57 167 100
57 167 100
57 167 100
57 167 100
57 167 100
57 168 600
57 169 600
57 170 600
57 171 100
57 171 100
57 172 100
57 172 100
57 173 100
57 174 100
57 175 100
57 176 100
57 177 100
57 178 100
57 179 100
57 180 100
57 181 100
57 182 100
57 183 100
58 183 100
59 183 100
60 183 100
61 183 100
62 183 100
63 183 100
64 183 100
65 183 100
66 183 100
67 183 100
68 183 100
69 183 100
70 183 100
71 183 100
72 183 100
73 183 100
74 183 100
75 183 100
75 182 100
75 181 100
75 180 100
75 179 100
75 178 100
75 177 100
75 176 100
75 175 100
75 174 100
75 173 100
75 172 100
75 171 100
75 170 100
75 169 100
75 168 100
75 167 100
75 166 100
75 165 100
75 164 100
75 163 100
75 162 100
75 161 100
75 160 100
75 159 100
75 158 100
75 157 100
75 156 100
75 155 100
75 154 100
75 153 100
75 152 100
21 100 100
22 100 100
23 100 100
24 100 100
25 100 100
26 100 100
27 100 100
28 100 100
29 100 100
30 100 100
31 100 100
32 100 100
33 100 100
34 100 100
35 100 100
36 100 100
37 100 100
37 100 100
38 100 100
38 100 100
38 101 100
38 101 100
38 102 100
38 102 100
38 103 100
38 104 100
38 105 100
38 106 100
38 107 100
38 108 100
38 109 100
38 110 100
38 111 100
38 112 100
38 113 100
38 114 100
38 115 100
38 116 100
38 117 100
38 118 100
38 119 100
38 120 100
38 121 100
38 122 100
38 123 100
38 124 100
38 125 100
38 126 100
38 127 100
76 152 100
77 152 100
78 152 100
79 152 100
80 152 100
81 152 100
82 152 100
83 152 100
84 152 100
85 152 100
86 152 100
87 152 100
88 152 100
89 152 100
90 152 100
90 152 100
91 152 100
91 152 100
92 152 100
92 152 100
93 152 100
93 152 100
94 152 100
94 152 100
95 152 100
95 152 100
96 152 100
96 152 100
97 152 100
97 152 100
98 152 100
98 152 100
99 152 100
99 152 100
100 152 100
100 152 100
101 152 100
101 152 100
102 152 100
102 152 100
103 152 100
103 152 100
104 152 100
104 152 100
105 152 100
106 152 100
107 152 100
108 152 100
109 152 100
109 152 100
110 152 100
110 152 100
111 152 100
111 152 100
112 152 100
112 152 100
113 152 100
113 152 100
114 152 100
114 152 100
114 152 100
115 152 200
115 152 100
116 152 200
116 152 100
116 152 100
117 152 300
117 152 100
117 152 100
118 152 400
118 152 100
119 152 400
119 152 100
119 152 100
120 152 500
120 152 100
121 152 500
121 152 100
121 152 100
122 152 600
122 152 100
123 152 600
123 152 100
123 152 100
124 152 700
124 152 100
125 152 700
125 152 100
125 152 100
125 152 100
126 152 900
126 152 100
126 152 100
126 152 100
127 152 1100
127 152 100
127 152 100
127 152 100
128 152 1300
128 152 100
128 152 100
128 152 100
128 152 100
129 152 1600
129 152 100
129 152 100
129 152 100
129 152 100
129 152 100
130 152 2000
130 152 100
130 152 100
130 152 100
131 152 2200
131 152 100
131 152 100
131 152 100
132 152 2400
132 152 100
132 152 100
132 152 100
133 152 2600
133 152 100
133 152 100
134 152 2700
134 152 100
135 152 2700
136 152 2700
137 152 2700
138 152 100
138 152 100
138 152 100
138 152 100
138 152 100
138 152 100
138 152 100
138 152 100
138 152 100
138 152 100
138 152 100
138 152 100
138 152 100
138 152 100
138 152 100
138 152 100
138 152 100
139 152 1600
140 152 1600
141 152 1600
142 152 100
142 152 100
142 152 100
142 152 100
142 152 100
143 152 400
144 152 400
145 152 400
146 152 100
146 152 100
146 152 100
147 152 200
147 152 100
148 152 200
148 152 100
149 152 200
149 152 100
150 152 200
150 152 100
151 152 200
152 152 200
152 151 200
152 150 100
152 150 100
152 150 100
152 149 200
152 149 100
152 148 200
152 148 100
152 147 200
152 147 100
152 146 200
152 146 100
152 146 100
152 145 300
152 145 100
152 144 300
152 144 100
152 143 300
152 143 100
152 142 300
152 142 100
152 141 300
152 141 100
152 141 100
152 140 400
152 140 100
152 139 400
152 139 100
152 139 100
152 138 500
152 138 100
152 138 100
152 138 100
152 137 700
152 137 100
152 137 100
152 136 800
152 136 100
152 136 100
152 136 100
152 135 1000
152 135 100
152 135 100
152 134 1100
152 134 100
152 134 100
152 133 1200
152 133 100
152 132 1200
152 132 100
152 132 100
152 131 1300
152 131 100
152 130 1300
152 129 1300
152 128 1300
152 127 100
152 127 100
152 127 100
152 127 100
152 127 100
152 127 100
152 127 100
152 126 600
152 125 600
152 124 600
152 123 100
152 123 100
152 122 100
152 122 100
152 121 100
152 121 100
153 121 100
153 121 100
154 121 100
154 121 100
155 121 100
155 121 100
156 121 100
156 121 100
156 121 100
157 121 200
157 121 100
158 121 200
158 121 100
158 121 100
159 121 300
159 121 100
159 121 100
160 121 400
160 121 100
160 121 100
160 121 100
161 121 600
161 121 100
161 121 100
162 121 700
162 121 100
162 121 100
163 121 800
163 121 100
163 121 100
164 121 900
164 121 100
164 121 100
165 121 1000
165 121 100
165 121 100
165 121 100
165 121 100
166 121 1300
166 121 100
166 121 100
166 121 100
166 121 100
167 121 1600
167 121 100
167 121 100
167 121 100
167 121 100
167 121 100
168 121 2000
168 121 100
168 121 100
168 121 100
168 121 100
168 121 100
169 121 2400
169 121 100
169 121 100
169 121 100
170 121 2600
170 121 100
170 121 100
170 121 100
171 121 2800
171 121 100
172 121 2800
173 121 2800
174 121 2800
175 121 100
175 121 100
175 121 100
175 121 100
175 121 100
175 121 100
175 121 100
175 121 100
175 121 100
175 121 100
175 121 100
175 121 100
175 121 100
175 121 100
175 121 100
175 121 100
175 121 100
175 121 100
175 121 100
175 121 100
175 121 100
175 121 100
175 121 100
176 121 2200
177 121 2200
178 121 2200
179 121 100
179 121 100
179 121 100
179 121 100
179 121 100
179 121 100
179 121 100
179 121 100
179 121 100
179 121 100
179 121 100
179 121 100
179 121 100
179 121 100
179 121 100
179 121 100
180 121 1500
180 121 100
181 121 1500
181 121 100
182 121 1500
183 121 1500
184 121 1500
185 121 100
185 121 100
185 121 100
185 121 100
185 121 100
185 121 100
185 121 100
185 121 100
185 121 100
185 121 100
185 121 100
185 121 100
185 121 100
186 121 1200
186 121 100
187 121 1200
188 121 1200
189 121 1200
190 121 100
190 121 100
190 121 100
190 121 100
190 121 100
190 121 100
190 121 100
190 121 100
190 121 100
191 121 800
192 121 800
193 121 800
194 121 100
194 121 100
194 121 100
194 121 100
194 121 100
194 121 100
195 121 500
195 121 100
196 121 500
196 121 100
197 121 500
197 121 100
197 120 500
197 120 100
197 120 100
197 119 600
197 119 100
197 118 600
197 118 100
197 118 100
197 117 700
197 117 100
197 116 700
197 115 700
197 114 700
197 113 100
197 113 100
197 113 100
197 113 100
197 113 100
197 112 400
197 111 400
197 110 400
197 109 100
197 109 100
197 109 100
197 109 100
197 108 300
197 108 100
197 107 300
197 106 300
197 105 300
197 104 100
197 104 100
197 103 100
197 103 100
197 102 100
197 101 100
197 100 100
197 99 100
197 98 100
197 97 100
197 96 100
197 95 100
197 94 100
196 94 100
195 94 100
194 94 100
193 94 100
193 94 100
192 94 100
192 94 100
191 94 100
191 94 100
191 94 100
190 94 200
190 94 100
189 94 200
189 94 100
189 94 100
189 94 100
189 93 400
189 93 100
189 93 100
189 92 500
189 92 100
189 92 100
189 91 600
189 91 100
189 91 100
189 91 100
189 90 800
189 90 100
189 90 100
189 89 900
189 89 100
189 89 100
189 88 1000
189 88 100
189 88 100
189 87 1100
189 87 100
189 87 100
189 86 1200
189 86 100
189 85 1200
189 85 100
189 84 1200
189 83 1200
189 82 1200
189 81 100
189 81 100
189 81 100
189 81 100
189 81 100
189 81 100
189 81 100
189 81 100
189 81 100
189 81 100
189 81 100
189 80 1000
189 79 1000
189 78 1000
189 77 100
189 77 100
189 77 100
189 77 100
189 77 100
189 77 100
189 77 100
189 76 600
189 75 600
189 74 600
189 73 100
189 73 100
189 72 100
189 72 100
189 71 100
189 70 100
189 69 100
189 68 100
189 67 100
189 66 100
189 65 100
189 64 100
189 63 100
189 62 100
189 61 100
188 61 100
187 61 100
186 61 100
185 61 100
184 61 100
183 61 100
182 61 100
181 61 100
180 61 100
179 61 100
178 61 100
177 61 100
176 61 100
175 61 100
174 61 100
173 61 100
172 61 100
171 61 100
170 61 100
169 61 100
168 61 100
167 61 100
166 61 100
165 61 100
164 61 100
163 61 100
162 61 100
161 61 100
161 60 100
161 59 100
161 58 100
161 57 100
161 56 100
161 55 100
161 54 100
161 53 100
161 52 100
161 51 100
161 50 100
161 49 100
161 48 100
161 47 100
161 46 100
161 45 100
161 44 100
161 43 100
161 42 100
160 42 100
159 42 100
159 42 100
158 42 100
158 42 100
157 42 100
157 42 100
157 42 100
156 42 200
156 42 100
156 42 100
155 42 300
155 42 100
154 42 300
154 42 100
153 42 300
153 42 100
152 42 300
152 42 100
151 42 300
151 42 100
151 42 100
150 42 400
150 42 100
149 42 400
149 42 100
149 42 100
148 42 500
148 42 100
148 42 100
147 42 600
147 42 100
147 42 100
146 42 700
146 42 100
146 42 100
145 42 800
145 42 100
145 42 100
144 42 900
144 42 100
143 42 900
143 42 100
142 42 900
141 42 900
140 42 900
139 42 100
139 42 100
139 42 100
139 42 100
139 42 100
139 42 100
138 42 500
137 42 500
136 42 500
135 42 100
135 42 100
135 42 100
135 42 100
135 42 100
134 42 400
133 42 400
133 43 400
133 44 100
133 44 100
133 45 100
133 45 100
133 46 100
133 47 100
133 48 100
134 48 100
135 48 100
136 48 100
137 48 100
137 48 100
138 48 100
138 48 100
139 48 100
139 48 100
139 47 100
139 47 100
139 47 100
139 46 200
139 46 100
139 45 200
139 45 100
139 45 100
139 44 300
139 44 100
139 44 100
139 43 400
139 43 100
139 41 400
139 41 100
139 41 100
139 40 500
139 40 100
139 40 100
139 39 600
139 39 100
139 39 100
139 38 700
139 38 100
139 38 100
139 38 100
139 37 900
139 37 100
139 37 100
139 37 100
139 36 1100
139 36 100
139 36 100
139 36 100
139 36 100
139 35 1400
139 35 100
139 35 100
139 35 100
139 34 1600
139 34 100
139 34 100
139 33 1700
139 33 100
139 33 100
139 32 1800
139 32 100
139 32 100
139 31 1900
139 31 100
139 30 1900
139 30 100
139 30 100
139 29 2000
139 29 100
139 29 100
139 28 2100
139 28 100
139 28 100
139 28 100
139 27 2300
139 27 100
139 27 100
139 27 100
139 26 2500
139 26 100
139 26 100
139 25 2600
139 25 100
139 25 100
139 24 2700
139 24 100
139 23 2700
139 22 2700
139 21 2700
139 20 100
139 20 100
139 20 100
139 20 100
139 20 100
139 20 100
139 20 100
139 20 100
139 20 100
139 20 100
139 20 100
139 20 100
139 20 100
139 20 100
139 20 100
139 19 1400
139 18 1400
139 17 1400
139 16 100
139 16 100
139 16 100
139 16 100
139 16 100
139 15 400
139 14 400
139 13 400
139 12 100
139 11 100
139 10 100
139 9 100
139 8 100
139 7 100
139 6 100
139 5 100
139 4 100
139 3 100
