54 2 120
55 2 120
56 2 120
57 2 120
58 2 120
59 2 120
60 2 120
61 2 120
62 2 120
63 2 120
64 2 120
65 2 120
66 2 120
67 2 120
68 2 120
69 2 120
70 2 120
71 2 120
72 2 120
73 2 120
74 2 120
75 2 120
76 2 120
77 2 120
78 2 120
79 2 120
80 2 120
81 2 120
82 2 120
83 2 120
84 2 120
85 2 120
85 2 120
86 2 120
86 2 120
87 2 120
87 2 120
87 2 120
88 2 240
88 2 120
89 2 240
89 2 120
89 2 120
90 2 360
90 2 120
90 2 120
91 2 480
91 2 120
92 2 480
92 2 120
92 2 120
93 2 600
93 2 120
94 2 600
94 2 120
95 2 600
95 2 120
95 2 120
96 2 720
96 2 120
97 2 720
97 2 120
98 2 720
98 2 120
99 2 720
99 2 120
100 2 720
100 2 120
101 2 720
101 2 120
102 2 720
103 2 720
104 2 720
105 2 120
105 2 120
105 2 120
105 2 120
106 2 360
107 2 360
108 2 360
109 2 120
109 2 120
110 2 120
111 2 120
112 2 120
113 2 120
114 2 120
115 2 120
116 2 120
117 2 120
118 2 120
119 2 120
120 2 120
121 2 120
122 2 120
122 2 120
123 2 120
123 2 120
124 2 120
124 2 120
125 2 120
125 2 120
126 2 120
126 2 120
126 2 120
127 2 240
127 2 120
128 2 240
128 2 120
128 2 120
129 2 360
129 2 120
129 2 120
130 2 480
130 2 120
130 2 120
130 2 120
131 2 720
131 2 120
131 2 120
132 2 840
132 2 120
132 2 120
132 2 120
133 2 1080
133 2 120
133 2 120
133 2 120
133 2 120
134 2 1440
134 2 120
134 2 120
134 2 120
134 2 120
135 2 1800
135 2 120
135 2 120
135 2 120
135 2 120
136 2 2160
136 2 120
136 2 120
136 2 120
136 2 120
137 2 2520
137 2 120
137 2 120
137 2 120
137 2 120
138 2 2880
138 2 120
138 2 120
138 2 120
138 2 120
139 2 3240
139 2 120
139 2 120
139 2 120
140 2 3480
140 2 120
140 2 120
140 2 120
141 2 3720
141 2 120
141 2 120
142 2 3840
142 2 120
142 2 120
143 2 3960
143 2 120
143 2 120
144 2 4080
144 2 120
144 2 120
145 2 4200
145 2 120
146 2 4200
146 2 120
147 2 4200
148 2 4200
149 2 4200
150 2 120
150 2 120
150 2 120
150 2 120
150 2 120
150 2 120
150 2 120
150 2 120
150 2 120
150 2 120
150 2 120
150 2 120
150 2 120
150 2 120
150 2 120
150 2 120
150 2 120
150 2 120
150 2 120
150 2 120
150 2 120
150 2 120
150 2 120
150 2 120
150 2 120
150 2 120
150 2 120
150 2 120
150 2 120
150 2 120
150 2 120
150 2 120
151 2 3720
152 2 3720
153 2 3720
154 2 120
154 2 120
154 2 120
154 2 120
154 2 120
154 2 120
154 2 120
154 2 120
154 2 120
154 2 120
154 2 120
154 2 120
154 2 120
154 2 120
154 2 120
154 2 120
154 2 120
154 2 120
154 2 120
154 2 120
154 2 120
154 2 120
154 2 120
154 2 120
154 2 120
154 2 120
154 2 120
154 2 120
155 2 3240
156 2 3240
157 2 3240
158 2 120
158 2 120
158 2 120
158 2 120
158 2 120
158 2 120
158 2 120
158 2 120
158 2 120
158 2 120
158 2 120
158 2 120
158 2 120
158 2 120
158 2 120
158 2 120
158 2 120
158 2 120
158 2 120
158 2 120
158 2 120
158 2 120
158 2 120
159 2 2640
160 2 2640
161 2 2640
162 2 120
162 2 120
162 2 120
162 2 120
162 2 120
162 2 120
162 2 120
162 2 120
162 2 120
162 2 120
162 2 120
162 2 120
162 2 120
162 2 120
162 2 120
162 2 120
163 2 1800
164 2 1800
165 2 1800
166 2 120
166 2 120
166 2 120
166 2 120
166 2 120
166 2 120
166 2 120
166 2 120
166 2 120
167 2 960
168 2 960
169 2 960
170 2 120
170 2 120
170 2 120
170 2 120
170 2 120
170 2 120
171 2 600
171 2 120
172 2 600
172 2 120
173 2 600
173 2 120
173 2 120
174 2 720
174 2 120
175 2 720
175 2 120
175 2 120
175 3 840
175 3 120
175 3 120
175 4 960
175 4 120
175 5 960
175 5 120
175 6 960
175 6 120
175 7 960
175 8 960
175 9 960
175 10 120
175 10 120
175 10 120
175 10 120
175 10 120
175 10 120
175 10 120
175 11 720
175 11 120
175 12 720
175 12 120
175 13 720
175 13 120
175 14 720
175 15 720
175 16 720
175 17 120
175 17 120
175 17 120
175 17 120
175 17 120
175 18 480
175 18 120
175 19 480
175 20 480
175 21 480
175 22 120
175 22 120
175 23 120
175 23 120
175 24 120
175 25 120
175 26 120
110 104 120
110 104 120
110 104 120
110 104 120
110 104 120
111 104 480
111 104 120
112 104 480
112 104 120
112 104 120
113 104 600
113 104 120
114 104 600
114 104 120
114 104 120
115 104 720
115 104 120
115 104 120
116 104 840
116 104 120
116 104 120
117 104 960
117 104 120
117 104 120
118 104 1080
118 104 120
118 104 120
119 104 1200
119 104 120
119 104 120
119 104 120
120 104 1440
120 104 120
120 104 120
121 104 1560
121 104 120
121 104 120
121 104 120
122 104 1800
122 104 120
122 104 120
122 104 120
123 104 2040
123 104 120
123 104 120
123 104 120
123 104 120
124 104 2400
124 104 120
124 104 120
124 104 120
124 104 120
125 104 2760
125 104 120
125 104 120
125 104 120
126 104 3000
126 104 120
126 104 120
126 104 120
126 104 120
127 104 3360
127 104 120
127 104 120
127 104 120
128 104 3600
128 104 120
128 104 120
128 104 120
129 104 3840
129 104 120
129 104 120
129 104 120
130 104 4080
130 104 120
130 104 120
131 104 4200
131 104 120
131 104 120
132 104 4320
132 104 120
133 104 4320
133 104 120
134 104 4320
135 104 4320
136 104 4320
137 104 120
137 104 120
137 104 120
137 104 120
137 104 120
137 104 120
137 104 120
137 104 120
137 104 120
137 104 120
137 104 120
137 104 120
137 104 120
137 104 120
137 104 120
137 104 120
137 104 120
137 104 120
137 104 120
137 104 120
137 104 120
137 104 120
137 104 120
137 104 120
137 104 120
137 104 120
137 104 120
137 104 120
137 104 120
137 104 120
137 104 120
137 104 120
138 104 3720
139 104 3720
140 104 3720
141 104 120
141 104 120
141 104 120
141 104 120
141 104 120
141 104 120
141 104 120
141 104 120
141 104 120
141 104 120
141 104 120
141 104 120
141 104 120
141 104 120
141 104 120
141 104 120
141 104 120
141 104 120
141 104 120
141 104 120
141 104 120
141 104 120
141 104 120
141 104 120
142 104 2760
143 104 2760
144 104 2760
145 104 120
145 104 120
145 104 120
145 104 120
145 104 120
145 104 120
145 104 120
145 104 120
145 104 120
145 104 120
145 104 120
145 104 120
145 104 120
145 104 120
145 104 120
145 104 120
145 104 120
145 104 120
145 104 120
146 104 2160
147 104 2160
148 104 2160
149 104 120
149 104 120
149 104 120
149 104 120
149 104 120
149 104 120
149 104 120
149 104 120
149 104 120
149 104 120
149 104 120
149 104 120
149 104 120
149 104 120
149 104 120
149 104 120
150 104 1800
150 104 120
151 104 1800
152 104 1800
153 104 1800
154 104 120
154 104 120
154 104 120
154 104 120
154 104 120
154 104 120
154 104 120
154 104 120
154 104 120
154 104 120
154 104 120
155 104 1200
156 104 1200
157 104 1200
158 104 120
158 104 120
158 104 120
158 104 120
158 104 120
158 104 120
158 104 120
159 104 720
160 104 720
161 104 720
162 104 120
162 104 120
162 104 120
162 104 120
162 104 120
163 104 480
163 104 120
164 104 480
164 104 120
165 104 480
166 104 480
167 104 480
167 104 120
168 104 480
168 104 120
169 104 480
169 104 120
170 104 480
170 104 120
170 104 120
171 104 600
171 104 120
172 104 600
172 104 120
172 104 120
173 104 720
173 104 120
174 104 720
174 104 120
174 104 120
175 104 840
175 104 120
175 103 840
175 102 840
175 101 840
175 100 120
175 100 120
175 100 120
175 100 120
175 99 360
175 99 120
175 98 360
175 97 360
175 96 360
175 95 120
175 95 120
175 94 120
175 94 120
175 93 120
175 93 120
175 92 120
175 92 120
175 91 120
175 91 120
175 91 120
175 90 240
175 90 120
175 89 240
175 89 120
175 89 120
175 88 360
175 88 120
175 87 360
175 87 120
175 87 120
175 86 480
175 86 120
175 85 480
175 85 120
175 85 120
175 84 600
175 84 120
175 83 600
175 83 120
175 83 120
175 82 720
175 82 120
175 82 120
175 81 840
175 81 120
175 81 120
175 80 960
175 80 120
175 80 120
175 80 120
175 79 1200
175 79 120
175 79 120
175 79 120
175 78 1440
175 78 120
175 78 120
175 78 120
175 77 1680
175 77 120
175 77 120
175 77 120
175 77 120
175 76 2040
175 76 120
175 76 120
175 76 120
175 76 120
175 75 2400
175 75 120
175 75 120
175 75 120
175 75 120
175 74 2760
175 74 120
175 74 120
175 74 120
175 74 120
175 73 3120
175 73 120
175 73 120
175 73 120
175 72 3360
175 72 120
175 72 120
175 71 3480
175 71 120
175 71 120
175 70 3600
175 70 120
175 70 120
175 69 3720
175 69 120
175 68 3720
175 67 3720
175 66 3720
175 65 120
175 65 120
175 65 120
175 65 120
175 65 120
175 65 120
175 65 120
175 65 120
175 65 120
175 65 120
175 65 120
175 65 120
175 65 120
175 65 120
175 65 120
175 65 120
175 65 120
175 65 120
175 65 120
175 65 120
175 65 120
175 65 120
175 65 120
175 65 120
175 65 120
175 65 120
175 65 120
175 65 120
175 65 120
175 64 3360
175 63 3360
175 62 3360
175 61 120
175 61 120
175 61 120
175 61 120
175 61 120
175 61 120
175 61 120
175 61 120
175 61 120
175 61 120
175 61 120
175 61 120
175 61 120
175 61 120
175 61 120
175 61 120
175 61 120
175 61 120
175 61 120
175 61 120
175 61 120
175 61 120
175 61 120
175 61 120
175 61 120
175 60 2880
175 59 2880
175 58 2880
175 57 120
175 57 120
175 57 120
175 57 120
175 57 120
175 57 120
175 57 120
175 57 120
175 57 120
175 57 120
175 57 120
175 57 120
175 57 120
175 57 120
175 57 120
175 57 120
175 57 120
175 57 120
175 57 120
175 57 120
175 56 2280
175 55 2280
175 54 2280
175 53 120
175 53 120
175 53 120
175 53 120
175 53 120
175 53 120
175 53 120
175 53 120
175 53 120
175 53 120
175 53 120
175 53 120
175 53 120
175 52 1440
175 51 1440
175 50 1440
175 49 120
175 49 120
175 49 120
175 49 120
175 49 120
175 48 480
175 47 480
175 46 480
175 45 120
175 45 120
175 44 120
175 44 120
175 43 120
175 42 120
175 41 120
175 40 120
175 39 120
175 38 120
175 37 120
175 36 120
175 35 120
175 34 120
175 33 120
175 32 120
175 31 120
175 30 120
175 29 120
175 28 120
175 27 120
