166 99 120
165 99 120
164 99 120
163 99 120
162 99 120
161 99 120
160 99 120
159 99 120
158 99 120
157 99 120
156 99 120
155 99 120
154 99 120
153 99 120
152 99 120
151 99 120
151 99 120
150 99 120
150 99 120
149 99 120
149 99 120
148 99 120
148 99 120
147 99 120
147 99 120
146 99 120
146 99 120
146 99 120
145 99 240
145 99 120
144 99 240
144 99 120
143 99 240
142 99 240
141 99 240
140 99 120
140 99 120
139 99 120
139 99 120
138 99 120
138 99 120
137 99 120
137 98 120
137 97 120
137 96 120
137 96 120
137 95 120
137 95 120
137 94 120
137 94 120
137 93 120
137 93 120
137 92 120
137 92 120
137 91 120
137 91 120
137 90 120
137 90 120
137 89 120
137 89 120
137 88 120
137 88 120
137 87 120
137 87 120
137 86 120
137 86 120
137 85 120
137 85 120
137 84 120
137 84 120
137 83 120
137 83 120
137 82 120
137 81 120
137 80 120
137 79 120
137 78 120
137 77 120
137 76 120
137 75 120
137 74 120
137 73 120
137 72 120
137 71 120
137 70 120
137 69 120
137 68 120
137 67 120
137 66 120
137 65 120
137 64 120
137 63 120
137 62 120
137 61 120
137 60 120
137 59 120
137 58 120
137 57 120
137 56 120
137 55 120
137 54 120
137 53 120
137 52 120
137 51 120
137 50 120
137 49 120
137 48 120
137 47 120
137 46 120
137 45 120
137 44 120
137 43 120
137 42 120
137 41 120
137 40 120
137 39 120
137 38 120
137 37 120
137 36 120
137 35 120
137 34 120
137 33 120
137 32 120
167 99 120
168 99 120
169 99 120
170 99 120
171 99 120
172 99 120
173 99 120
174 99 120
175 99 120
176 99 120
177 99 120
178 99 120
179 99 120
180 99 120
181 99 120
182 99 120
183 99 120
184 99 120
184 100 120
184 101 120
184 102 120
184 103 120
184 104 120
184 105 120
184 106 120
184 107 120
184 108 120
184 109 120
184 110 120
184 111 120
184 112 120
184 113 120
184 114 120
184 115 120
184 116 120
184 117 120
184 118 120
184 119 120
184 120 120
184 121 120
184 122 120
184 123 120
184 124 120
184 125 120
184 126 120
184 127 120
184 128 120
184 129 120
184 129 120
184 130 120
184 130 120
184 131 120
184 131 120
184 132 120
184 132 120
184 132 120
184 133 240
184 133 120
184 134 240
184 134 120
184 134 120
184 135 360
184 135 120
184 135 120
184 136 480
184 136 120
184 136 120
184 137 600
184 137 120
184 137 120
184 137 120
184 138 840
184 138 120
184 138 120
184 139 960
184 139 120
184 139 120
184 139 120
184 140 1200
184 140 120
184 140 120
184 141 1320
184 141 120
184 141 120
184 142 1440
184 142 120
184 142 120
184 143 1560
184 143 120
184 143 120
184 144 1680
184 144 120
184 145 1680
184 145 120
184 146 1680
184 146 120
184 147 1680
184 148 1680
184 149 1680
184 150 120
184 150 120
184 150 120
184 150 120
184 150 120
184 150 120
184 150 120
184 150 120
184 150 120
184 150 120
184 150 120
184 150 120
184 150 120
184 150 120
184 151 1560
184 152 1560
184 153 1560
184 154 120
184 154 120
184 154 120
184 154 120
184 154 120
184 154 120
184 154 120
184 154 120
184 154 120
184 154 120
184 154 120
184 154 120
184 154 120
184 155 1440
184 155 120
184 156 1440
184 156 120
184 156 120
184 157 1560
184 157 120
184 158 1560
184 158 120
184 159 1560
184 159 120
184 159 120
184 160 1680
184 160 120
184 161 1680
184 161 120
184 161 120
184 162 1800
184 162 120
184 163 1800
184 163 120
184 164 1800
184 165 1800
184 166 1800
184 167 120
184 167 120
184 167 120
184 167 120
184 167 120
184 167 120
184 167 120
184 167 120
184 167 120
184 167 120
184 167 120
184 167 120
184 168 1320
184 169 1320
184 170 1320
184 171 120
184 171 120
184 171 120
184 171 120
184 171 120
184 171 120
184 171 120
184 172 720
184 173 720
184 174 720
184 175 120
184 175 120
184 175 120
184 176 240
184 176 120
184 177 240
184 177 120
184 178 240
184 179 240
184 180 240
184 181 120
184 181 120
184 182 120
184 182 120
184 183 120
184 183 120
184 184 120
184 184 120
184 185 120
184 185 120
184 186 120
184 186 120
184 187 120
184 187 120
