48 147 120
49 147 120
50 147 120
51 147 120
52 147 120
53 147 120
54 147 120
55 147 120
56 147 120
57 147 120
58 147 120
59 147 120
60 147 120
61 147 120
62 147 120
63 147 120
64 147 120
65 147 120
66 147 120
67 147 120
67 147 120
68 147 120
68 147 120
69 147 120
69 147 120
70 147 120
70 147 120
70 147 120
71 147 240
71 147 120
72 147 240
72 147 120
72 147 120
73 147 360
73 147 120
74 147 360
74 147 120
74 147 120
75 147 480
75 147 120
75 147 120
76 147 600
76 147 120
77 147 600
77 147 120
77 147 120
78 147 720
78 147 120
78 147 120
79 147 840
79 147 120
79 147 120
80 147 960
80 147 120
80 147 120
81 147 1080
81 147 120
81 147 120
81 147 120
82 147 1320
82 147 120
82 147 120
83 147 1440
83 147 120
83 147 120
83 147 120
84 147 1680
84 147 120
84 147 120
85 147 1800
85 147 120
85 147 120
85 147 120
86 147 2040
86 147 120
86 147 120
86 147 120
87 147 2280
87 147 120
87 147 120
88 147 2400
88 147 120
88 147 120
88 147 120
89 147 2640
89 147 120
89 147 120
90 147 2760
90 147 120
90 147 120
90 147 120
91 147 3000
91 147 120
91 147 120
91 147 120
92 147 3240
92 147 120
92 147 120
92 147 120
93 147 3480
93 147 120
93 147 120
93 147 120
94 147 3720
94 147 120
94 147 120
94 147 120
95 147 3960
95 147 120
95 147 120
96 147 4080
96 147 120
96 147 120
97 147 4200
97 147 120
98 147 4200
98 147 120
99 147 4200
100 147 4200
101 147 4200
102 147 120
102 147 120
102 147 120
102 147 120
102 147 120
102 147 120
102 147 120
102 147 120
102 147 120
102 147 120
102 147 120
102 147 120
102 147 120
102 147 120
102 147 120
102 147 120
102 147 120
102 147 120
102 147 120
102 147 120
102 147 120
102 147 120
102 147 120
102 147 120
102 147 120
102 147 120
102 147 120
102 147 120
102 147 120
103 147 3360
104 147 3360
105 147 3360
106 147 120
106 147 120
106 147 120
106 147 120
106 147 120
106 147 120
106 147 120
106 147 120
106 147 120
106 147 120
107 147 1080
108 147 1080
109 147 1080
110 147 120
110 147 120
110 147 120
110 147 120
111 147 360
112 147 360
113 147 360
113 146 120
113 146 120
113 146 120
113 145 240
113 144 240
113 143 240
113 142 120
113 142 120
113 141 120
113 141 120
113 140 120
113 140 120
113 139 120
113 139 120
113 138 120
113 137 120
113 136 120
113 135 120
113 134 120
113 133 120
113 132 120
113 131 120
113 130 120
113 129 120
113 128 120
113 127 120
47 147 120
46 147 120
45 147 120
44 147 120
43 147 120
42 147 120
41 147 120
40 147 120
40 147 120
39 147 120
39 147 120
38 147 120
38 147 120
37 147 120
37 147 120
36 147 120
36 147 120
36 147 120
35 147 240
35 147 120
34 147 240
34 147 120
33 147 240
33 147 120
33 147 120
32 147 360
32 147 120
32 148 360
32 148 120
32 148 120
32 149 480
32 149 120
32 149 120
32 150 600
32 150 120
32 150 120
32 151 720
32 151 120
32 152 720
32 152 120
32 153 720
32 153 120
32 154 720
32 154 120
32 155 720
32 155 120
32 156 720
32 157 720
32 158 720
32 158 120
32 159 720
32 159 120
32 160 720
32 160 120
32 161 720
32 161 120
32 162 720
32 163 720
32 164 720
32 165 120
32 165 120
32 165 120
32 165 120
32 166 360
32 167 360
32 168 360
32 169 120
32 169 120
32 170 120
32 170 120
32 171 120
32 171 120
32 172 120
32 172 120
32 173 120
32 173 120
32 174 120
32 174 120
32 175 120
32 175 120
32 176 120
32 176 120
32 177 120
32 177 120
32 178 120
32 178 120
32 179 120
32 179 120
32 180 120
32 180 120
32 181 120
32 182 120
32 183 120
32 184 120
32 184 120
198 125 120
197 125 120
196 125 120
195 125 120
194 125 120
193 125 120
192 125 120
191 125 120
190 125 120
189 125 120
188 125 120
187 125 120
186 125 120
185 125 120
184 125 120
184 125 120
183 125 120
183 125 120
182 125 120
182 125 120
182 125 120
181 125 240
181 125 120
181 125 120
180 125 360
180 125 120
180 125 120
180 125 120
179 125 600
179 125 120
179 125 120
178 125 720
178 125 120
178 125 120
177 125 840
177 125 120
177 125 120
176 125 960
176 125 120
176 125 120
175 125 1080
175 125 120
175 125 120
174 125 1200
174 125 120
173 125 1200
173 125 120
172 125 1200
172 125 120
171 125 1200
171 125 120
170 125 1200
170 125 120
170 125 120
169 125 1320
169 125 120
168 125 1320
168 125 120
168 125 120
167 125 1440
167 125 120
167 125 120
166 125 1560
166 125 120
165 125 1560
165 125 120
165 125 120
164 125 1680
164 125 120
163 125 1680
162 125 1680
161 125 1680
160 125 120
160 125 120
160 125 120
160 125 120
160 125 120
160 125 120
160 125 120
160 125 120
160 125 120
160 125 120
160 125 120
160 125 120
160 125 120
159 125 1440
158 125 1440
157 125 1440
156 125 120
156 125 120
156 125 120
156 125 120
156 125 120
156 125 120
156 125 120
156 125 120
155 125 840
154 125 840
153 125 840
152 125 120
152 125 120
152 125 120
151 125 240
150 125 240
149 125 240
148 125 120
147 125 120
146 125 120
145 125 120
144 125 120
143 125 120
142 125 120
141 125 120
140 125 120
139 125 120
138 125 120
137 125 120
136 125 120
135 125 120
134 125 120
133 125 120
132 125 120
131 125 120
130 125 120
129 125 120
128 125 120
127 125 120
126 125 120
125 125 120
124 125 120
123 125 120
122 125 120
121 125 120
120 125 120
119 125 120
118 125 120
117 125 120
116 125 120
115 125 120
114 125 120
113 125 120
113 126 120
161 124 120
161 124 120
161 124 120
161 124 120
161 124 120
161 124 120
161 124 120
161 124 120
161 124 120
161 124 120
161 124 120
161 124 120
161 124 120
161 124 120
161 124 120
161 123 1680
161 123 120
161 123 120
161 122 1800
161 122 120
161 122 120
161 121 1920
161 121 120
161 121 120
161 120 2040
161 120 120
161 119 2040
161 119 120
161 118 2040
161 118 120
161 118 120
161 117 2160
161 117 120
161 116 2160
161 116 120
161 116 120
161 115 2280
161 115 120
161 114 2280
161 114 120
161 114 120
161 113 2400
161 113 120
161 113 120
161 112 2520
161 112 120
161 112 120
161 111 2640
161 111 120
161 110 2640
161 109 2640
161 108 2640
161 107 120
161 107 120
161 107 120
161 107 120
161 107 120
161 107 120
161 107 120
161 107 120
161 107 120
161 107 120
161 107 120
161 107 120
161 107 120
161 107 120
161 106 1560
161 105 1560
161 104 1560
161 103 120
161 103 120
161 103 120
161 103 120
161 103 120
161 103 120
161 102 600
161 102 120
161 101 600
161 100 600
161 99 600
161 98 120
161 98 120
161 98 120
161 98 120
161 97 360
161 96 360
161 95 360
161 94 120
161 94 120
161 93 120
161 93 120
161 92 120
161 91 120
161 90 120
161 89 120
161 88 120
161 87 120
161 86 120
161 85 120
161 84 120
161 83 120
161 82 120
161 81 120
161 80 120
161 79 120
161 78 120
161 77 120
161 76 120
161 75 120
161 74 120
161 73 120
161 72 120
93 5 120
92 5 120
91 5 120
90 5 120
89 5 120
88 5 120
88 5 120
87 5 120
87 5 120
87 5 120
86 5 240
86 5 120
86 5 120
85 5 360
85 5 120
85 5 120
84 5 480
84 5 120
84 5 120
83 5 600
83 5 120
83 5 120
82 5 720
82 5 120
82 5 120
81 5 840
81 5 120
81 5 120
80 5 960
80 5 120
79 5 960
79 5 120
78 5 960
77 5 960
76 5 960
75 5 120
75 5 120
75 5 120
75 5 120
74 5 360
73 5 360
72 5 360
71 5 120
71 5 120
70 5 120
70 5 120
69 5 120
68 5 120
67 5 120
66 5 120
65 5 120
64 5 120
64 5 120
63 5 120
63 5 120
62 5 120
62 5 120
61 5 120
61 5 120
60 5 120
60 5 120
60 5 120
59 5 240
59 5 120
58 5 240
58 5 120
57 5 240
57 5 120
57 5 120
56 5 360
56 5 120
56 5 120
55 5 480
55 5 120
55 5 120
55 5 120
54 5 720
54 5 120
54 5 120
54 5 120
53 5 960
53 5 120
53 5 120
53 5 120
53 5 120
52 5 1320
52 5 120
52 5 120
52 5 120
52 5 120
52 5 120
51 5 1800
51 5 120
51 5 120
51 5 120
51 5 120
51 5 120
50 5 2280
50 5 120
50 5 120
50 5 120
50 5 120
50 5 120
49 5 2760
49 5 120
49 5 120
49 5 120
49 5 120
48 5 3120
48 5 120
48 5 120
48 5 120
48 5 120
47 5 3480
47 5 120
47 5 120
47 5 120
46 5 3720
46 5 120
46 5 120
46 5 120
45 5 3960
45 5 120
45 5 120
44 5 4080
44 5 120
44 5 120
43 5 4200
43 5 120
43 5 120
42 5 4320
42 5 120
42 5 120
41 5 4440
41 5 120
40 5 4440
40 5 120
39 5 4440
39 5 120
38 5 4440
37 5 4440
36 5 4440
35 5 120
35 5 120
35 5 120
35 5 120
35 5 120
35 5 120
35 5 120
35 5 120
35 5 120
35 5 120
35 5 120
35 5 120
35 5 120
35 5 120
35 5 120
35 5 120
35 5 120
35 5 120
35 5 120
35 5 120
35 5 120
35 5 120
35 5 120
35 5 120
35 5 120
35 5 120
35 5 120
35 5 120
35 5 120
35 5 120
35 5 120
35 5 120
35 5 120
34 5 3840
33 5 3840
32 5 3840
31 5 120
31 5 120
31 5 120
31 5 120
31 5 120
31 5 120
31 5 120
31 5 120
31 5 120
31 5 120
31 5 120
31 5 120
31 5 120
31 5 120
31 5 120
31 5 120
31 5 120
31 5 120
31 5 120
31 5 120
31 5 120
31 5 120
30 5 2520
29 5 2520
28 5 2520
27 5 120
27 5 120
27 5 120
27 5 120
27 5 120
27 5 120
27 5 120
27 5 120
27 5 120
27 5 120
27 5 120
27 5 120
27 5 120
27 5 120
26 5 1560
25 5 1560
24 5 1560
24 5 120
23 5 1560
23 5 120
23 5 120
22 5 1680
22 5 120
22 5 120
21 5 1800
21 5 120
20 5 1800
20 5 120
20 5 120
19 5 1920
19 5 120
18 5 1920
18 5 120
18 5 120
17 5 2040
17 5 120
17 5 120
16 5 2160
16 5 120
15 5 2160
15 5 120
15 5 120
14 5 2280
14 5 120
14 5 120
13 5 2400
13 5 120
12 5 2400
11 5 2400
11 6 2400
11 7 120
11 7 120
11 7 120
11 7 120
11 7 120
11 7 120
11 7 120
11 7 120
11 7 120
11 7 120
11 7 120
11 7 120
11 7 120
11 7 120
11 7 120
11 7 120
11 7 120
11 8 1920
11 9 1920
