50 4 25
50 4 25
51 4 25
51 4 25
52 4 25
52 4 25
53 4 25
53 4 25
54 4 25
54 4 25
54 4 25
55 4 25
55 4 25
55 4 25
56 4 25
56 4 25
56 4 25
57 4 25
57 4 25
57 4 25
58 4 25
58 4 25
58 4 25
58 4 25
59 4 25
59 4 25
59 4 25
59 4 25
59 4 25
60 4 25
60 4 25
60 4 25
60 4 25
60 4 25
60 4 25
60 4 25
61 4 25
61 4 25
61 4 25
61 4 25
61 4 25
61 4 25
61 4 25
61 4 25
62 4 25
62 4 25
62 4 25
62 4 25
62 4 25
62 4 25
62 4 25
62 4 25
62 4 25
63 4 25
63 4 25
63 4 25
63 4 25
63 4 25
63 4 25
63 4 25
63 4 25
63 4 25
64 4 25
64 4 25
64 4 25
64 4 25
64 4 25
64 4 25
64 4 25
64 4 25
65 4 25
65 4 25
65 4 25
65 4 25
65 4 25
65 4 25
65 4 25
65 4 25
66 4 25
66 4 25
66 4 25
66 4 25
66 4 25
66 4 25
66 4 25
67 4 25
67 4 25
67 4 25
67 4 25
67 4 25
67 4 25
67 4 25
68 4 25
68 4 25
68 4 25
68 4 25
68 4 25
68 4 25
68 4 25
69 4 25
69 4 25
69 4 25
69 4 25
69 4 25
69 4 25
69 4 25
70 4 25
70 4 25
70 4 25
70 4 25
70 4 25
70 4 25
70 4 25
70 4 25
71 4 25
71 4 25
71 4 25
71 4 25
71 4 25
71 4 25
71 4 25
71 4 25
71 4 25
72 4 25
72 4 25
72 4 25
72 4 25
72 4 25
72 4 25
72 4 25
72 4 25
72 4 25
72 4 25
72 4 25
73 4 25
73 4 25
73 4 25
73 4 25
73 4 25
73 4 25
73 4 25
73 4 25
73 4 25
73 4 25
73 4 25
73 4 25
73 4 25
74 4 25
74 4 25
74 4 25
74 4 25
74 4 25
74 4 25
74 4 25
74 4 25
74 4 25
74 4 25
74 4 25
74 4 25
74 4 25
74 4 25
74 4 25
74 4 25
74 4 25
75 4 25
75 4 25
75 4 25
75 4 25
75 4 25
75 4 25
75 4 25
75 4 25
75 4 25
75 4 25
75 4 25
75 4 25
75 4 25
75 4 25
75 4 25
75 4 25
75 4 25
75 4 25
75 4 25
75 4 25
76 4 25
76 4 25
76 4 25
76 4 25
76 4 25
76 4 25
76 4 25
76 4 25
76 4 25
76 4 25
76 4 25
76 4 25
76 4 25
76 4 25
76 4 25
76 4 25
76 4 25
76 4 25
76 4 25
76 4 25
76 4 25
76 4 25
76 4 25
76 4 25
76 5 575
76 5 25
76 6 25
76 6 25
76 6 25
76 6 25
76 6 25
76 6 25
76 6 25
76 6 25
76 6 25
76 6 25
76 6 25
76 6 25
76 6 25
76 6 25
76 6 25
76 6 25
76 6 25
76 6 25
76 6 25
76 6 25
76 6 25
76 6 25
76 6 25
76 7 25
76 7 25
76 7 25
76 7 25
76 7 25
76 7 25
76 7 25
76 7 25
76 7 25
76 7 25
76 7 25
76 7 25
76 7 25
76 7 25
76 7 25
76 7 25
76 7 25
76 7 25
76 7 25
76 7 25
76 7 25
76 8 25
76 8 25
76 8 25
76 8 25
76 8 25
76 8 25
76 8 25
76 8 25
76 8 25
76 8 25
76 8 25
76 8 25
76 8 25
76 8 25
76 8 25
76 8 25
76 8 25
76 8 25
76 9 25
76 9 25
76 9 25
76 9 25
76 9 25
76 9 25
76 9 25
76 9 25
76 9 25
76 9 25
76 9 25
76 9 25
76 9 25
76 9 25
76 9 25
76 10 25
76 10 25
76 10 25
76 10 25
76 10 25
76 10 25
76 10 25
76 10 25
76 10 25
76 10 25
76 10 25
76 10 25
76 10 25
76 11 25
76 11 25
76 11 25
76 11 25
76 11 25
76 11 25
76 11 25
76 11 25
76 11 25
76 11 25
76 11 25
76 12 25
76 12 25
76 12 25
76 12 25
76 12 25
76 12 25
76 12 25
76 12 25
76 12 25
76 13 25
76 13 25
76 13 25
76 13 25
76 13 25
76 13 25
76 13 25
76 13 25
76 13 25
76 14 25
76 14 25
76 14 25
76 14 25
76 14 25
76 14 25
76 14 25
76 14 25
76 15 25
76 15 25
76 15 25
76 15 25
76 15 25
76 15 25
76 15 25
76 15 25
76 16 25
76 16 25
76 16 25
76 16 25
76 16 25
76 16 25
76 16 25
76 16 25
76 17 25
76 17 25
76 17 25
76 17 25
76 17 25
76 17 25
76 17 25
76 17 25
76 18 25
76 18 25
76 18 25
76 18 25
76 18 25
76 18 25
76 18 25
76 18 25
76 19 25
76 19 25
76 19 25
76 19 25
76 19 25
76 19 25
76 19 25
76 19 25
76 20 25
76 20 25
76 20 25
76 20 25
76 20 25
76 20 25
76 20 25
76 20 25
76 20 25
76 21 25
76 21 25
76 21 25
76 21 25
76 21 25
76 21 25
76 21 25
76 21 25
76 21 25
76 21 25
76 22 25
76 22 25
76 22 25
76 22 25
76 22 25
76 22 25
76 22 25
76 22 25
76 22 25
76 22 25
76 22 25
76 22 25
76 23 25
76 23 25
76 23 25
76 23 25
76 23 25
76 23 25
76 23 25
76 23 25
76 23 25
76 23 25
76 23 25
76 23 25
76 23 25
76 23 25
76 24 25
76 24 25
76 24 25
76 24 25
76 24 25
76 24 25
76 24 25
76 24 25
76 24 25
76 24 25
76 24 25
76 24 25
76 24 25
76 24 25
76 24 25
76 24 25
76 24 25
76 25 25
76 25 25
76 25 25
76 25 25
76 25 25
76 25 25
76 25 25
76 25 25
76 25 25
76 25 25
76 25 25
76 25 25
76 25 25
76 25 25
76 25 25
76 25 25
76 25 25
76 25 25
76 25 25
76 25 25
76 25 25
76 26 25
76 26 25
76 26 25
76 26 25
76 26 25
76 26 25
76 26 25
76 26 25
76 26 25
76 26 25
76 26 25
76 26 25
76 26 25
76 26 25
76 26 25
76 26 25
76 26 25
76 26 25
76 26 25
76 26 25
76 26 25
76 26 25
76 26 25
76 26 25
76 26 25
76 26 25
76 27 25
76 27 25
76 27 25
76 27 25
76 27 25
76 27 25
76 27 25
76 27 25
76 27 25
76 27 25
76 27 25
76 27 25
76 27 25
76 27 25
76 27 25
76 27 25
76 27 25
76 27 25
76 27 25
76 27 25
76 27 25
76 27 25
76 27 25
76 27 25
76 27 25
76 27 25
76 27 25
76 27 25
76 27 25
76 27 25
76 27 25
76 27 25
76 28 25
76 28 25
76 28 25
76 28 25
76 28 25
76 28 25
76 28 25
76 28 25
76 28 25
76 28 25
76 28 25
76 28 25
76 28 25
76 28 25
76 28 25
76 28 25
76 28 25
76 28 25
76 28 25
76 28 25
76 28 25
76 28 25
76 28 25
76 28 25
76 28 25
76 28 25
76 28 25
76 28 25
76 28 25
76 28 25
76 28 25
76 28 25
76 28 25
76 28 25
76 28 25
76 28 25
76 28 25
76 28 25
76 28 25
76 29 25
76 29 25
76 29 25
76 29 25
76 29 25
76 29 25
76 29 25
76 29 25
76 29 25
76 29 25
76 29 25
76 29 25
76 29 25
76 29 25
76 29 25
76 29 25
76 29 25
76 29 25
76 29 25
76 29 25
76 29 25
76 29 25
76 29 25
76 29 25
76 29 25
76 29 25
76 29 25
76 29 25
76 29 25
76 29 25
76 29 25
76 29 25
76 29 25
76 29 25
76 29 25
76 29 25
76 29 25
76 29 25
76 29 25
76 29 25
76 29 25
76 29 25
76 29 25
76 29 25
76 29 25
76 29 25
76 29 25
76 29 25
76 30 25
76 30 25
76 30 25
76 30 25
76 30 25
76 30 25
76 30 25
76 30 25
76 30 25
76 30 25
76 30 25
76 30 25
76 30 25
76 30 25
76 30 25
76 30 25
76 30 25
76 30 25
76 30 25
76 30 25
76 30 25
76 30 25
76 30 25
76 30 25
76 30 25
76 30 25
76 30 25
76 30 25
76 30 25
76 30 25
76 30 25
76 30 25
76 30 25
76 30 25
76 30 25
76 30 25
76 30 25
76 30 25
76 30 25
76 30 25
76 30 25
76 30 25
76 30 25
76 30 25
76 30 25
76 30 25
76 30 25
76 30 25
76 30 25
76 30 25
76 30 25
76 30 25
76 30 25
76 30 25
76 30 25
76 30 25
76 30 25
76 31 25
76 31 25
76 31 25
76 31 25
76 31 25
76 31 25
76 31 25
76 31 25
76 31 25
76 31 25
76 31 25
76 31 25
76 31 25
76 31 25
76 31 25
76 31 25
76 31 25
76 31 25
76 31 25
76 31 25
76 31 25
76 31 25
76 31 25
76 31 25
76 31 25
76 31 25
76 31 25
76 31 25
76 31 25
76 31 25
76 31 25
76 31 25
76 31 25
76 31 25
76 31 25
76 31 25
76 31 25
76 31 25
76 31 25
76 31 25
76 31 25
76 31 25
76 31 25
76 31 25
76 31 25
76 31 25
76 31 25
76 31 25
76 31 25
76 31 25
76 31 25
76 31 25
76 31 25
76 31 25
76 31 25
76 31 25
76 31 25
76 31 25
76 31 25
76 31 25
76 31 25
76 31 25
76 31 25
76 31 25
76 31 25
76 31 25
76 31 25
76 31 25
76 32 25
76 32 25
76 32 25
76 32 25
76 32 25
76 32 25
76 32 25
76 32 25
76 32 25
76 32 25
76 32 25
76 32 25
76 32 25
76 32 25
76 32 25
76 32 25
76 32 25
76 32 25
76 32 25
76 32 25
76 32 25
76 32 25
76 32 25
76 32 25
76 32 25
76 32 25
76 32 25
76 32 25
76 32 25
76 32 25
76 32 25
76 32 25
76 32 25
76 32 25
76 32 25
76 32 25
76 32 25
76 32 25
76 32 25
76 32 25
76 32 25
76 32 25
76 32 25
76 32 25
76 32 25
76 32 25
76 32 25
76 32 25
76 32 25
76 32 25
76 32 25
76 32 25
76 32 25
76 32 25
76 32 25
76 32 25
76 32 25
76 32 25
76 32 25
76 32 25
76 32 25
76 32 25
76 32 25
76 32 25
76 32 25
76 32 25
76 32 25
76 32 25
76 32 25
76 32 25
76 32 25
76 32 25
76 32 25
76 32 25
76 32 25
76 32 25
76 32 25
76 32 25
76 32 25
76 32 25
76 33 25
76 33 25
76 33 25
76 33 25
76 33 25
76 33 25
76 33 25
76 33 25
76 33 25
76 33 25
76 33 25
76 33 25
76 33 25
76 33 25
76 33 25
76 33 25
76 33 25
76 33 25
76 33 25
76 33 25
76 33 25
76 33 25
76 33 25
76 33 25
76 33 25
76 33 25
76 33 25
76 33 25
76 33 25
76 33 25
76 33 25
76 33 25
76 33 25
76 33 25
76 33 25
76 33 25
76 33 25
76 33 25
76 33 25
76 33 25
76 33 25
76 33 25
76 33 25
76 33 25
76 33 25
76 33 25
76 33 25
76 33 25
76 33 25
76 33 25
76 33 25
76 33 25
76 33 25
76 33 25
76 33 25
76 33 25
76 33 25
76 33 25
76 33 25
76 33 25
76 33 25
76 33 25
76 33 25
76 33 25
76 33 25
76 33 25
76 33 25
76 33 25
76 33 25
76 33 25
76 33 25
76 33 25
76 33 25
76 33 25
76 33 25
76 33 25
76 33 25
76 33 25
76 33 25
76 33 25
76 33 25
76 33 25
76 33 25
76 33 25
76 33 25
76 33 25
76 33 25
76 33 25
76 33 25
76 33 25
76 33 25
76 33 25
76 33 25
76 33 25
76 33 25
76 33 25
76 34 25
76 34 25
76 34 25
76 34 25
76 34 25
76 34 25
76 34 25
76 34 25
76 34 25
76 34 25
76 34 25
76 34 25
76 34 25
76 34 25
76 34 25
76 34 25
76 34 25
76 34 25
76 34 25
76 34 25
76 34 25
76 34 25
76 34 25
76 34 25
76 34 25
76 34 25
76 34 25
76 34 25
76 34 25
76 34 25
76 34 25
76 34 25
76 34 25
76 34 25
76 34 25
76 34 25
76 34 25
76 34 25
76 34 25
76 34 25
76 34 25
76 34 25
76 34 25
76 34 25
76 34 25
76 34 25
76 34 25
76 34 25
76 34 25
76 34 25
76 34 25
76 34 25
76 34 25
76 34 25
76 34 25
76 34 25
76 34 25
76 34 25
76 34 25
76 34 25
76 34 25
76 34 25
76 34 25
76 34 25
76 34 25
76 34 25
76 34 25
76 34 25
76 34 25
76 34 25
76 34 25
76 34 25
76 34 25
76 34 25
76 34 25
76 34 25
76 34 25
76 34 25
76 34 25
76 34 25
76 34 25
76 34 25
76 34 25
76 34 25
76 34 25
76 34 25
76 34 25
76 34 25
76 34 25
76 34 25
76 34 25
76 34 25
76 34 25
76 34 25
76 34 25
76 34 25
76 34 25
76 34 25
76 34 25
76 34 25
76 34 25
76 34 25
76 34 25
76 34 25
76 34 25
76 34 25
76 34 25
76 34 25
76 34 25
76 34 25
76 34 25
76 34 25
76 34 25
76 35 25
76 35 25
76 35 25
76 35 25
76 35 25
76 35 25
76 35 25
76 35 25
76 35 25
76 35 25
76 35 25
76 35 25
76 35 25
76 35 25
76 35 25
76 35 25
76 35 25
76 35 25
76 35 25
76 35 25
76 35 25
76 35 25
76 35 25
76 35 25
76 35 25
76 35 25
76 35 25
76 35 25
76 35 25
76 35 25
76 35 25
76 35 25
76 35 25
76 35 25
76 35 25
76 35 25
76 35 25
76 35 25
76 35 25
76 35 25
76 35 25
76 35 25
76 35 25
76 35 25
76 35 25
76 35 25
76 35 25
76 35 25
76 35 25
76 35 25
76 35 25
76 35 25
76 35 25
76 35 25
76 35 25
76 35 25
76 35 25
76 35 25
76 35 25
76 35 25
76 35 25
76 35 25
76 35 25
76 35 25
76 35 25
76 35 25
76 35 25
76 35 25
76 35 25
76 35 25
76 35 25
76 35 25
76 35 25
76 35 25
76 35 25
76 35 25
76 35 25
76 35 25
76 35 25
76 35 25
76 35 25
76 35 25
76 35 25
76 35 25
76 35 25
76 35 25
76 35 25
76 35 25
76 35 25
76 35 25
76 35 25
76 35 25
76 35 25
76 35 25
76 35 25
76 35 25
76 35 25
76 35 25
76 35 25
76 35 25
76 35 25
76 35 25
76 35 25
76 35 25
76 35 25
76 35 25
76 35 25
76 35 25
76 35 25
76 35 25
76 35 25
76 35 25
76 35 25
76 35 25
76 35 25
76 35 25
76 35 25
76 35 25
76 35 25
76 35 25
76 35 25
76 35 25
76 35 25
76 35 25
76 35 25
76 35 25
76 35 25
76 35 25
76 35 25
76 35 25
76 35 25
76 36 25
76 36 25
76 36 25
76 36 25
76 36 25
76 36 25
76 36 25
76 36 25
76 36 25
76 36 25
76 36 25
76 36 25
76 36 25
76 36 25
76 36 25
76 36 25
76 36 25
76 36 25
76 36 25
76 36 25
76 36 25
76 36 25
76 36 25
76 36 25
76 36 25
76 36 25
76 36 25
76 36 25
76 36 25
76 36 25
76 36 25
76 36 25
76 36 25
76 36 25
76 36 25
76 36 25
76 36 25
76 36 25
76 36 25
76 36 25
76 36 25
76 36 25
76 36 25
76 36 25
76 36 25
76 36 25
76 36 25
76 36 25
76 36 25
76 36 25
76 36 25
76 36 25
76 36 25
76 36 25
76 36 25
76 36 25
76 36 25
76 36 25
76 36 25
76 36 25
76 36 25
76 36 25
76 36 25
76 36 25
76 36 25
76 36 25
76 36 25
76 36 25
76 36 25
76 36 25
76 36 25
76 36 25
76 36 25
76 36 25
76 36 25
76 36 25
76 36 25
76 36 25
76 36 25
76 36 25
76 36 25
76 36 25
76 36 25
76 36 25
76 36 25
76 36 25
76 36 25
76 36 25
76 36 25
76 36 25
76 36 25
76 36 25
76 36 25
76 36 25
76 36 25
76 36 25
76 36 25
76 36 25
76 36 25
76 36 25
76 36 25
76 36 25
76 36 25
76 36 25
76 36 25
76 36 25
76 36 25
76 36 25
76 36 25
76 36 25
76 36 25
76 36 25
76 36 25
76 36 25
76 36 25
76 36 25
76 36 25
76 36 25
76 36 25
76 36 25
76 36 25
76 36 25
76 36 25
76 36 25
76 36 25
76 36 25
76 36 25
76 36 25
76 36 25
76 36 25
76 36 25
76 36 25
76 36 25
76 36 25
76 36 25
76 36 25
76 36 25
76 36 25
76 36 25
76 36 25
76 36 25
76 36 25
76 36 25
76 36 25
76 36 25
76 36 25
76 36 25
76 36 25
76 37 25
76 37 25
76 37 25
76 37 25
76 37 25
76 37 25
76 37 25
76 37 25
76 37 25
76 37 25
76 37 25
76 37 25
76 37 25
76 37 25
76 37 25
76 37 25
76 37 25
76 37 25
76 37 25
76 37 25
76 37 25
76 37 25
76 37 25
76 37 25
76 37 25
76 37 25
76 37 25
76 37 25
76 37 25
76 37 25
76 37 25
76 37 25
76 37 25
76 37 25
76 37 25
76 37 25
76 37 25
76 37 25
76 37 25
76 37 25
76 37 25
76 37 25
76 37 25
76 37 25
76 37 25
76 37 25
76 37 25
76 37 25
76 37 25
76 37 25
76 37 25
76 37 25
76 37 25
76 37 25
76 37 25
76 37 25
76 37 25
76 37 25
76 37 25
76 37 25
76 37 25
76 37 25
76 37 25
76 37 25
76 37 25
76 37 25
76 37 25
76 37 25
76 37 25
76 37 25
76 37 25
76 37 25
76 37 25
76 37 25
76 37 25
76 37 25
76 37 25
76 37 25
76 37 25
76 37 25
76 37 25
76 37 25
76 37 25
76 37 25
76 37 25
76 37 25
76 37 25
76 37 25
76 37 25
76 37 25
76 37 25
76 37 25
76 37 25
76 37 25
76 37 25
76 37 25
76 37 25
76 37 25
76 37 25
76 37 25
76 37 25
76 37 25
76 37 25
76 37 25
76 37 25
76 37 25
76 37 25
76 37 25
76 37 25
76 37 25
76 37 25
76 37 25
76 37 25
76 37 25
76 37 25
76 37 25
76 37 25
76 37 25
76 37 25
76 37 25
76 37 25
76 37 25
76 37 25
76 37 25
76 37 25
76 37 25
76 37 25
76 37 25
76 37 25
76 37 25
76 37 25
76 37 25
76 37 25
76 37 25
76 37 25
76 37 25
76 37 25
76 37 25
76 37 25
76 37 25
76 37 25
76 37 25
76 37 25
76 37 25
76 37 25
76 37 25
76 37 25
76 37 25
76 37 25
76 37 25
76 37 25
76 37 25
76 37 25
76 37 25
76 37 25
76 37 25
76 37 25
76 37 25
76 37 25
76 37 25
76 37 25
76 37 25
76 37 25
76 38 25
76 38 25
76 38 25
76 38 25
76 38 25
76 38 25
76 38 25
76 38 25
76 38 25
76 38 25
76 38 25
76 38 25
76 38 25
76 38 25
76 38 25
76 38 25
76 38 25
76 38 25
76 38 25
76 38 25
76 38 25
76 38 25
76 38 25
76 38 25
76 38 25
76 38 25
76 38 25
76 38 25
76 38 25
76 38 25
76 38 25
76 38 25
76 38 25
76 38 25
76 38 25
76 38 25
76 38 25
76 38 25
76 38 25
76 38 25
76 38 25
76 38 25
76 38 25
76 38 25
76 38 25
76 38 25
76 38 25
76 38 25
76 38 25
76 38 25
76 38 25
76 38 25
76 38 25
76 38 25
76 38 25
76 38 25
76 38 25
76 38 25
76 38 25
76 38 25
76 38 25
76 38 25
76 38 25
76 38 25
76 38 25
76 38 25
76 38 25
76 38 25
76 38 25
76 38 25
76 38 25
76 38 25
76 38 25
76 38 25
76 38 25
76 38 25
76 38 25
76 38 25
76 38 25
76 38 25
76 38 25
76 38 25
76 38 25
76 38 25
76 38 25
76 38 25
76 38 25
76 38 25
76 38 25
76 38 25
76 38 25
76 38 25
76 38 25
76 38 25
76 38 25
76 38 25
76 38 25
76 38 25
76 38 25
76 38 25
76 38 25
76 38 25
76 38 25
76 38 25
76 38 25
76 38 25
76 38 25
76 38 25
76 38 25
76 38 25
76 38 25
76 38 25
76 38 25
76 38 25
76 38 25
76 38 25
76 38 25
76 38 25
76 38 25
76 38 25
76 38 25
76 38 25
76 38 25
76 38 25
76 38 25
76 38 25
76 38 25
76 38 25
76 38 25
76 38 25
76 38 25
76 38 25
76 38 25
76 38 25
76 38 25
76 38 25
76 38 25
76 38 25
76 38 25
76 38 25
76 38 25
76 38 25
76 38 25
76 38 25
76 38 25
76 38 25
76 38 25
76 38 25
76 38 25
76 38 25
76 38 25
76 38 25
76 38 25
76 38 25
76 38 25
76 38 25
76 38 25
76 38 25
76 38 25
76 38 25
76 38 25
76 38 25
76 38 25
76 38 25
76 38 25
76 38 25
76 38 25
76 38 25
76 38 25
76 38 25
76 38 25
76 38 25
76 38 25
76 38 25
76 38 25
76 39 25
76 39 25
76 39 25
76 39 25
76 39 25
76 39 25
76 39 25
76 39 25
76 39 25
76 39 25
76 39 25
76 39 25
76 39 25
76 39 25
76 39 25
76 39 25
76 39 25
76 39 25
76 39 25
76 39 25
76 39 25
76 39 25
76 39 25
76 39 25
76 39 25
76 39 25
76 39 25
76 39 25
76 39 25
76 39 25
76 39 25
76 39 25
76 39 25
76 39 25
76 39 25
76 39 25
76 39 25
76 39 25
76 39 25
76 39 25
76 39 25
76 39 25
76 39 25
76 39 25
76 39 25
76 39 25
76 39 25
76 39 25
76 39 25
76 39 25
76 39 25
76 39 25
76 39 25
76 39 25
76 39 25
76 39 25
76 39 25
76 39 25
76 39 25
76 39 25
76 39 25
76 39 25
76 39 25
76 39 25
76 39 25
76 39 25
76 39 25
76 39 25
76 39 25
76 39 25
76 39 25
76 39 25
76 39 25
76 39 25
76 39 25
76 39 25
76 39 25
76 39 25
76 39 25
76 39 25
76 39 25
76 39 25
76 39 25
76 39 25
76 39 25
76 39 25
76 39 25
76 39 25
76 39 25
76 39 25
76 39 25
76 39 25
76 39 25
76 39 25
76 39 25
76 39 25
76 39 25
76 39 25
76 39 25
76 39 25
76 39 25
76 39 25
76 39 25
76 39 25
76 39 25
76 39 25
76 39 25
76 39 25
76 39 25
76 39 25
76 39 25
76 39 25
76 39 25
76 39 25
76 39 25
76 39 25
76 39 25
76 39 25
76 39 25
76 39 25
76 39 25
76 39 25
76 39 25
76 39 25
76 39 25
76 39 25
76 39 25
76 39 25
76 39 25
76 39 25
76 39 25
76 39 25
76 39 25
76 39 25
76 39 25
76 39 25
76 39 25
76 39 25
76 39 25
76 39 25
76 39 25
76 39 25
76 39 25
76 39 25
76 39 25
76 39 25
76 39 25
76 39 25
76 39 25
76 39 25
76 39 25
76 39 25
76 39 25
76 39 25
76 39 25
76 39 25
76 39 25
76 39 25
76 39 25
76 39 25
76 39 25
76 39 25
76 39 25
76 39 25
76 39 25
76 39 25
76 39 25
76 39 25
76 39 25
76 39 25
76 39 25
76 39 25
76 39 25
76 39 25
76 39 25
76 39 25
76 39 25
76 39 25
76 39 25
76 39 25
76 39 25
76 39 25
76 39 25
76 40 25
76 40 25
76 40 25
76 40 25
76 40 25
76 40 25
76 40 25
76 40 25
76 40 25
76 40 25
76 40 25
76 40 25
76 40 25
76 40 25
76 40 25
76 40 25
76 40 25
76 40 25
76 40 25
76 40 25
76 40 25
76 40 25
76 40 25
76 40 25
76 40 25
76 40 25
76 40 25
76 40 25
76 40 25
76 40 25
76 40 25
76 40 25
76 40 25
76 40 25
76 40 25
76 40 25
76 40 25
76 40 25
76 40 25
76 40 25
76 40 25
76 40 25
76 40 25
76 40 25
76 40 25
76 40 25
76 40 25
76 40 25
76 40 25
76 40 25
76 40 25
76 40 25
76 40 25
76 40 25
76 40 25
76 40 25
76 40 25
76 40 25
76 40 25
76 40 25
76 40 25
76 40 25
76 40 25
76 40 25
76 40 25
76 40 25
76 40 25
76 40 25
76 40 25
76 40 25
76 40 25
76 40 25
76 40 25
76 40 25
76 40 25
76 40 25
76 40 25
76 40 25
76 40 25
76 40 25
76 40 25
76 40 25
76 40 25
76 40 25
76 40 25
76 40 25
76 40 25
76 40 25
76 40 25
76 40 25
76 40 25
76 40 25
76 40 25
76 40 25
76 40 25
76 40 25
76 40 25
76 40 25
76 40 25
76 40 25
76 40 25
76 40 25
76 40 25
76 40 25
76 40 25
76 40 25
76 40 25
76 40 25
76 40 25
76 40 25
76 40 25
76 40 25
76 40 25
76 40 25
76 40 25
76 40 25
76 40 25
76 40 25
76 40 25
76 40 25
76 40 25
76 40 25
76 40 25
76 40 25
76 40 25
76 40 25
76 40 25
76 40 25
76 40 25
76 40 25
76 40 25
76 40 25
76 40 25
76 40 25
76 40 25
76 40 25
76 40 25
76 40 25
76 40 25
76 40 25
76 40 25
76 40 25
76 40 25
76 40 25
76 40 25
76 40 25
76 40 25
76 40 25
76 40 25
76 40 25
76 40 25
76 40 25
76 40 25
76 40 25
76 40 25
76 40 25
76 40 25
76 40 25
76 40 25
76 40 25
76 40 25
76 40 25
76 40 25
76 40 25
76 40 25
76 40 25
76 40 25
76 40 25
76 40 25
76 40 25
76 40 25
76 40 25
76 40 25
76 40 25
76 40 25
76 40 25
76 40 25
76 40 25
76 40 25
76 40 25
76 40 25
76 40 25
76 40 25
76 40 25
76 40 25
76 40 25
76 40 25
76 40 25
76 40 25
76 41 25
76 41 25
76 41 25
76 41 25
76 41 25
76 41 25
76 41 25
76 41 25
76 41 25
76 41 25
76 41 25
76 41 25
76 41 25
76 41 25
76 41 25
76 41 25
76 41 25
76 41 25
76 41 25
76 41 25
76 41 25
76 41 25
76 41 25
76 41 25
76 41 25
76 41 25
76 41 25
76 41 25
76 41 25
76 41 25
76 41 25
76 41 25
76 41 25
76 41 25
76 41 25
76 41 25
76 41 25
76 41 25
76 41 25
76 41 25
76 41 25
76 41 25
76 41 25
76 41 25
76 41 25
76 41 25
76 41 25
76 41 25
76 41 25
76 41 25
76 41 25
76 41 25
76 41 25
76 41 25
76 41 25
76 41 25
76 41 25
76 41 25
76 41 25
76 41 25
76 41 25
76 41 25
76 41 25
76 41 25
76 41 25
76 41 25
76 41 25
76 41 25
76 41 25
76 41 25
76 41 25
76 41 25
76 41 25
76 41 25
76 41 25
76 41 25
76 41 25
76 41 25
76 41 25
76 41 25
76 41 25
76 41 25
76 41 25
76 41 25
76 41 25
76 41 25
76 41 25
76 41 25
76 41 25
76 41 25
76 41 25
76 41 25
76 41 25
76 41 25
76 41 25
76 41 25
76 41 25
76 41 25
76 41 25
76 41 25
76 41 25
76 41 25
76 41 25
76 41 25
76 41 25
76 41 25
76 41 25
76 41 25
76 41 25
76 41 25
76 41 25
76 41 25
76 41 25
76 41 25
76 41 25
76 41 25
76 41 25
76 41 25
76 41 25
76 41 25
76 41 25
76 41 25
76 41 25
76 41 25
76 41 25
76 41 25
76 41 25
76 41 25
76 41 25
76 41 25
76 41 25
76 41 25
76 41 25
76 41 25
76 41 25
76 41 25
76 41 25
76 41 25
76 41 25
76 41 25
76 41 25
76 41 25
76 41 25
76 41 25
76 41 25
76 41 25
76 41 25
76 41 25
76 41 25
76 41 25
76 41 25
76 41 25
76 41 25
76 41 25
76 41 25
76 41 25
76 41 25
76 41 25
76 41 25
76 41 25
76 41 25
76 41 25
76 41 25
76 41 25
76 41 25
76 41 25
76 41 25
76 41 25
76 41 25
76 41 25
76 41 25
76 41 25
76 41 25
76 41 25
76 41 25
76 41 25
76 41 25
76 41 25
76 41 25
76 41 25
76 41 25
76 41 25
76 41 25
76 41 25
76 41 25
76 41 25
76 41 25
76 41 25
76 41 25
76 41 25
76 41 25
76 41 25
76 41 25
76 42 25
76 42 25
76 42 25
76 42 25
76 42 25
76 42 25
76 42 25
76 42 25
76 42 25
76 42 25
76 42 25
76 42 25
76 42 25
76 42 25
76 42 25
76 42 25
76 42 25
76 42 25
76 42 25
76 42 25
76 42 25
76 42 25
76 42 25
76 42 25
76 42 25
76 42 25
76 42 25
76 42 25
76 42 25
76 42 25
76 42 25
76 42 25
76 42 25
76 42 25
76 42 25
76 42 25
76 42 25
76 42 25
76 42 25
76 42 25
76 42 25
76 42 25
76 42 25
76 42 25
76 42 25
76 42 25
76 42 25
76 42 25
76 42 25
76 42 25
76 42 25
76 42 25
76 42 25
76 42 25
76 42 25
76 42 25
76 42 25
76 42 25
76 42 25
76 42 25
76 42 25
76 42 25
76 42 25
76 42 25
76 42 25
76 42 25
76 42 25
76 42 25
76 42 25
76 42 25
76 42 25
76 42 25
76 42 25
76 42 25
76 42 25
76 42 25
76 42 25
76 42 25
76 42 25
76 42 25
76 42 25
76 42 25
76 42 25
76 42 25
76 42 25
76 42 25
76 42 25
76 42 25
76 42 25
76 42 25
76 42 25
76 42 25
76 42 25
76 42 25
76 42 25
76 42 25
76 42 25
76 42 25
76 42 25
76 42 25
76 42 25
76 42 25
76 42 25
76 42 25
76 42 25
76 42 25
76 42 25
76 42 25
76 42 25
76 42 25
76 42 25
76 42 25
76 42 25
76 42 25
76 42 25
76 42 25
76 42 25
76 42 25
76 42 25
76 42 25
76 42 25
76 42 25
76 42 25
76 42 25
76 42 25
76 42 25
76 42 25
76 42 25
76 42 25
76 42 25
76 42 25
76 42 25
76 42 25
76 42 25
76 42 25
76 42 25
76 42 25
76 42 25
76 42 25
76 42 25
76 42 25
76 42 25
76 42 25
76 42 25
76 42 25
76 42 25
76 42 25
76 42 25
76 42 25
76 42 25
76 42 25
76 42 25
76 42 25
76 42 25
76 42 25
76 42 25
76 42 25
76 42 25
76 42 25
76 42 25
76 42 25
76 42 25
76 42 25
76 42 25
76 42 25
76 42 25
76 42 25
76 42 25
76 42 25
76 42 25
76 42 25
76 42 25
76 42 25
76 42 25
76 42 25
76 42 25
76 42 25
76 42 25
76 42 25
76 42 25
76 42 25
76 42 25
76 42 25
76 42 25
76 42 25
76 42 25
76 42 25
76 42 25
76 42 25
76 42 25
76 42 25
76 42 25
76 42 25
76 43 25
76 43 25
76 43 25
76 43 25
76 43 25
76 43 25
76 43 25
76 43 25
76 43 25
76 43 25
76 43 25
76 43 25
76 43 25
76 43 25
76 43 25
76 43 25
76 43 25
76 43 25
76 43 25
76 43 25
76 43 25
76 43 25
76 43 25
76 43 25
76 43 25
76 43 25
76 43 25
76 43 25
76 43 25
76 43 25
76 43 25
76 43 25
76 43 25
76 43 25
76 43 25
76 43 25
76 43 25
76 43 25
76 43 25
76 43 25
76 43 25
76 43 25
76 43 25
76 43 25
76 43 25
76 43 25
76 43 25
76 43 25
76 43 25
76 43 25
76 43 25
76 43 25
76 43 25
76 43 25
76 43 25
76 43 25
76 43 25
76 43 25
76 43 25
76 43 25
76 43 25
76 43 25
76 43 25
76 43 25
76 43 25
76 43 25
76 43 25
76 43 25
76 43 25
76 43 25
76 43 25
76 43 25
76 43 25
76 43 25
76 43 25
76 43 25
76 43 25
76 43 25
76 43 25
76 43 25
76 43 25
76 43 25
76 43 25
76 43 25
76 43 25
76 43 25
76 43 25
76 43 25
76 43 25
76 43 25
76 43 25
76 43 25
76 43 25
76 43 25
76 43 25
76 43 25
76 43 25
76 43 25
76 43 25
76 43 25
76 43 25
76 43 25
76 43 25
76 43 25
76 43 25
76 43 25
76 43 25
76 43 25
76 43 25
76 43 25
76 43 25
76 43 25
76 43 25
76 43 25
76 43 25
76 43 25
76 43 25
76 43 25
76 43 25
76 43 25
76 43 25
76 43 25
76 43 25
76 43 25
76 43 25
76 43 25
76 43 25
76 43 25
76 43 25
76 43 25
76 43 25
76 43 25
76 43 25
76 43 25
76 43 25
76 43 25
76 43 25
76 43 25
76 43 25
76 43 25
76 43 25
76 43 25
76 43 25
76 43 25
76 43 25
76 43 25
76 43 25
76 43 25
76 43 25
76 43 25
76 43 25
76 43 25
76 43 25
76 43 25
76 43 25
76 43 25
76 43 25
76 43 25
76 43 25
76 43 25
76 43 25
76 43 25
76 43 25
76 43 25
76 43 25
76 43 25
76 43 25
76 43 25
76 43 25
76 43 25
76 43 25
76 43 25
76 43 25
76 43 25
76 43 25
76 43 25
76 43 25
76 43 25
76 43 25
76 43 25
76 43 25
76 43 25
76 43 25
76 43 25
76 43 25
76 43 25
76 43 25
76 43 25
76 43 25
76 43 25
76 43 25
76 44 25
76 44 25
76 44 25
76 44 25
76 44 25
76 44 25
76 44 25
76 44 25
76 44 25
76 44 25
76 44 25
76 44 25
76 44 25
76 44 25
76 44 25
76 44 25
76 44 25
76 44 25
76 44 25
76 44 25
76 44 25
76 44 25
76 44 25
76 44 25
76 44 25
76 44 25
76 44 25
76 44 25
76 44 25
76 44 25
76 44 25
76 44 25
76 44 25
76 44 25
76 44 25
76 44 25
76 44 25
76 44 25
76 44 25
76 44 25
76 44 25
76 44 25
76 44 25
76 44 25
76 44 25
76 44 25
76 44 25
76 44 25
76 44 25
76 44 25
76 44 25
76 44 25
76 44 25
76 44 25
76 44 25
76 44 25
76 44 25
76 44 25
76 44 25
76 44 25
76 44 25
76 44 25
76 44 25
76 44 25
76 44 25
76 44 25
76 44 25
76 44 25
76 44 25
76 44 25
76 44 25
76 44 25
76 44 25
76 44 25
76 44 25
76 44 25
76 44 25
76 44 25
76 44 25
76 44 25
76 44 25
76 44 25
76 44 25
76 44 25
76 44 25
76 44 25
76 44 25
76 44 25
76 44 25
76 44 25
76 44 25
76 44 25
76 44 25
76 44 25
76 44 25
76 44 25
76 44 25
76 44 25
76 44 25
76 44 25
76 44 25
76 44 25
76 44 25
76 44 25
76 44 25
76 44 25
76 44 25
76 44 25
76 44 25
76 44 25
76 44 25
76 44 25
76 44 25
76 44 25
76 44 25
76 44 25
76 44 25
76 44 25
76 44 25
76 44 25
76 44 25
76 44 25
76 44 25
76 44 25
76 44 25
76 44 25
76 44 25
76 44 25
76 44 25
76 44 25
76 44 25
76 44 25
76 44 25
76 44 25
76 44 25
76 44 25
76 44 25
76 44 25
76 44 25
76 44 25
76 44 25
76 44 25
76 44 25
76 44 25
76 44 25
76 44 25
76 44 25
76 44 25
76 44 25
76 44 25
76 44 25
76 44 25
76 44 25
76 44 25
76 44 25
76 44 25
76 44 25
76 44 25
76 44 25
76 44 25
76 44 25
76 44 25
76 44 25
76 44 25
76 44 25
76 44 25
76 44 25
76 44 25
76 44 25
76 44 25
76 44 25
76 44 25
76 44 25
76 44 25
76 44 25
76 44 25
76 44 25
76 44 25
76 44 25
76 44 25
76 44 25
76 44 25
76 44 25
76 44 25
76 44 25
76 44 25
76 45 25
76 45 25
76 45 25
76 45 25
76 45 25
76 45 25
76 45 25
76 45 25
76 45 25
76 45 25
76 45 25
76 45 25
76 45 25
76 45 25
76 45 25
76 45 25
76 45 25
76 45 25
76 45 25
76 45 25
76 45 25
76 45 25
76 45 25
76 45 25
76 45 25
76 45 25
76 45 25
76 45 25
76 45 25
76 45 25
76 45 25
76 45 25
76 45 25
76 45 25
76 45 25
76 45 25
76 45 25
76 45 25
76 45 25
76 45 25
76 45 25
76 45 25
76 45 25
76 45 25
76 45 25
76 45 25
76 45 25
76 45 25
76 45 25
76 45 25
76 45 25
76 45 25
76 45 25
76 45 25
76 45 25
76 45 25
76 45 25
76 45 25
76 45 25
76 45 25
76 45 25
76 45 25
76 45 25
76 45 25
76 45 25
76 45 25
76 45 25
76 45 25
76 45 25
76 45 25
76 45 25
76 45 25
76 45 25
76 45 25
76 45 25
76 45 25
76 45 25
76 45 25
76 45 25
76 45 25
76 45 25
76 45 25
76 45 25
76 45 25
76 45 25
76 45 25
76 45 25
76 45 25
76 45 25
76 45 25
76 45 25
76 45 25
76 45 25
76 45 25
76 45 25
76 45 25
76 45 25
76 45 25
76 45 25
76 45 25
76 45 25
76 45 25
76 45 25
76 45 25
76 45 25
76 45 25
76 45 25
76 45 25
76 45 25
76 45 25
76 45 25
76 45 25
76 45 25
76 45 25
76 45 25
76 45 25
76 45 25
76 45 25
76 45 25
76 45 25
76 45 25
76 45 25
76 45 25
76 45 25
76 45 25
76 45 25
76 45 25
76 45 25
76 45 25
76 45 25
76 45 25
76 45 25
76 45 25
76 45 25
76 45 25
76 45 25
76 45 25
76 45 25
76 45 25
76 45 25
76 45 25
76 45 25
76 45 25
76 45 25
76 45 25
76 45 25
76 45 25
76 45 25
76 45 25
76 45 25
76 45 25
76 45 25
76 45 25
76 45 25
76 45 25
76 45 25
76 45 25
76 45 25
76 45 25
76 45 25
76 45 25
76 45 25
76 45 25
76 45 25
76 45 25
76 45 25
76 45 25
76 45 25
76 45 25
76 45 25
76 45 25
76 45 25
76 45 25
76 45 25
76 45 25
76 45 25
76 45 25
76 45 25
76 45 25
76 45 25
76 46 25
76 46 25
76 46 25
76 46 25
76 46 25
76 46 25
76 46 25
76 46 25
76 46 25
76 46 25
76 46 25
76 46 25
76 46 25
76 46 25
76 46 25
76 46 25
76 46 25
76 46 25
76 46 25
76 46 25
76 46 25
76 46 25
76 46 25
76 46 25
76 46 25
76 46 25
76 46 25
76 46 25
76 46 25
76 46 25
76 46 25
76 46 25
76 46 25
76 46 25
76 46 25
76 46 25
76 46 25
76 46 25
76 46 25
76 46 25
76 46 25
76 46 25
76 46 25
76 46 25
76 46 25
76 46 25
76 46 25
76 46 25
76 46 25
76 46 25
76 46 25
76 46 25
76 46 25
76 46 25
76 46 25
76 46 25
76 46 25
76 46 25
76 46 25
76 46 25
76 46 25
76 46 25
76 46 25
76 46 25
76 46 25
76 46 25
76 46 25
76 46 25
76 46 25
76 46 25
76 46 25
76 46 25
76 46 25
76 46 25
76 46 25
76 46 25
76 46 25
76 46 25
76 46 25
76 46 25
76 46 25
76 46 25
76 46 25
76 46 25
76 46 25
76 46 25
76 46 25
76 46 25
76 46 25
76 46 25
76 46 25
76 46 25
76 46 25
76 46 25
76 46 25
76 46 25
76 46 25
76 46 25
76 46 25
76 46 25
76 46 25
76 46 25
76 46 25
76 46 25
76 46 25
76 46 25
76 46 25
76 46 25
76 46 25
76 46 25
76 46 25
76 46 25
76 46 25
76 46 25
76 46 25
76 46 25
76 46 25
76 46 25
76 46 25
76 46 25
76 46 25
76 46 25
76 46 25
76 46 25
76 46 25
76 46 25
76 46 25
76 46 25
76 46 25
76 46 25
76 46 25
76 46 25
76 46 25
76 46 25
76 46 25
76 46 25
76 46 25
76 46 25
76 46 25
76 46 25
76 46 25
76 46 25
76 46 25
76 46 25
76 46 25
76 46 25
76 46 25
76 46 25
76 46 25
76 46 25
76 46 25
76 46 25
76 46 25
76 46 25
76 46 25
76 46 25
76 46 25
76 46 25
76 46 25
76 46 25
76 46 25
76 46 25
76 46 25
76 46 25
76 46 25
76 46 25
76 46 25
76 46 25
76 46 25
76 47 25
76 47 25
76 47 25
76 47 25
76 47 25
76 47 25
76 47 25
76 47 25
76 47 25
76 47 25
76 47 25
76 47 25
76 47 25
76 47 25
76 47 25
76 47 25
76 47 25
76 47 25
76 47 25
76 47 25
76 47 25
76 47 25
76 47 25
76 47 25
76 47 25
76 47 25
76 47 25
76 47 25
76 47 25
76 47 25
76 47 25
76 47 25
76 47 25
76 47 25
76 47 25
76 47 25
76 47 25
76 47 25
76 47 25
76 47 25
76 47 25
76 47 25
76 47 25
76 47 25
76 47 25
76 47 25
76 47 25
76 47 25
76 47 25
76 47 25
76 47 25
76 47 25
76 47 25
76 47 25
76 47 25
76 47 25
76 47 25
76 47 25
76 47 25
76 47 25
76 47 25
76 47 25
76 47 25
76 47 25
76 47 25
76 47 25
76 47 25
76 47 25
76 47 25
76 47 25
76 47 25
76 47 25
76 47 25
76 47 25
76 47 25
76 47 25
76 47 25
76 47 25
76 47 25
76 47 25
76 47 25
76 47 25
76 47 25
76 47 25
76 47 25
76 47 25
76 47 25
76 47 25
76 47 25
76 47 25
76 47 25
76 47 25
76 47 25
76 47 25
76 47 25
76 47 25
76 47 25
76 47 25
76 47 25
76 47 25
76 47 25
76 47 25
76 47 25
76 47 25
76 47 25
76 47 25
76 47 25
76 47 25
76 47 25
76 47 25
76 47 25
76 47 25
76 47 25
76 47 25
76 47 25
76 47 25
76 47 25
76 47 25
76 47 25
76 47 25
76 47 25
76 47 25
76 47 25
76 47 25
76 47 25
76 47 25
76 47 25
76 47 25
76 47 25
76 47 25
76 47 25
76 47 25
76 47 25
76 47 25
76 47 25
76 47 25
76 47 25
76 47 25
76 47 25
76 47 25
76 47 25
76 47 25
76 47 25
76 47 25
76 47 25
76 47 25
76 47 25
76 47 25
76 47 25
76 47 25
76 47 25
76 47 25
76 47 25
76 47 25
76 47 25
76 48 25
76 48 25
76 48 25
76 48 25
76 48 25
76 48 25
76 48 25
76 48 25
76 48 25
76 48 25
76 48 25
76 48 25
76 48 25
76 48 25
76 48 25
76 48 25
76 48 25
76 48 25
76 48 25
76 48 25
76 48 25
76 48 25
76 48 25
76 48 25
76 48 25
76 48 25
76 48 25
76 48 25
76 48 25
76 48 25
76 48 25
76 48 25
76 48 25
76 48 25
76 48 25
76 48 25
76 48 25
76 48 25
76 48 25
76 48 25
76 48 25
76 48 25
76 48 25
76 48 25
76 48 25
76 48 25
76 48 25
76 48 25
76 48 25
76 48 25
76 48 25
76 48 25
76 48 25
76 48 25
76 48 25
76 48 25
76 48 25
76 48 25
76 48 25
76 48 25
76 48 25
76 48 25
76 48 25
76 48 25
76 48 25
76 48 25
76 48 25
76 48 25
76 48 25
76 48 25
76 48 25
76 48 25
76 48 25
76 48 25
76 48 25
76 48 25
76 48 25
76 48 25
76 48 25
76 48 25
76 48 25
76 48 25
76 48 25
76 48 25
76 48 25
76 48 25
76 48 25
76 48 25
76 48 25
76 48 25
76 48 25
76 48 25
76 48 25
76 48 25
76 48 25
76 48 25
76 48 25
76 48 25
76 48 25
76 48 25
76 48 25
76 48 25
76 48 25
76 48 25
76 48 25
76 48 25
76 48 25
76 48 25
76 48 25
76 48 25
76 48 25
76 48 25
76 48 25
76 48 25
76 48 25
76 48 25
76 48 25
76 48 25
76 48 25
76 48 25
76 48 25
76 48 25
76 48 25
76 48 25
76 48 25
76 48 25
76 48 25
76 48 25
76 48 25
76 48 25
76 48 25
76 48 25
76 48 25
76 48 25
76 48 25
76 48 25
76 48 25
76 48 25
76 48 25
76 49 25
76 49 25
76 49 25
76 49 25
76 49 25
76 49 25
76 49 25
76 49 25
76 49 25
76 49 25
76 49 25
76 49 25
76 49 25
76 49 25
76 49 25
76 49 25
76 49 25
76 49 25
76 49 25
76 49 25
76 49 25
76 49 25
76 49 25
76 49 25
76 49 25
76 49 25
76 49 25
76 49 25
76 49 25
76 49 25
76 49 25
76 49 25
76 49 25
76 49 25
76 49 25
76 49 25
76 49 25
76 49 25
76 49 25
76 49 25
76 49 25
76 49 25
76 49 25
76 49 25
76 49 25
76 49 25
76 49 25
76 49 25
76 49 25
76 49 25
76 49 25
76 49 25
76 49 25
76 49 25
76 49 25
76 49 25
76 49 25
76 49 25
76 49 25
76 49 25
76 49 25
76 49 25
76 49 25
76 49 25
76 49 25
76 49 25
76 49 25
76 49 25
76 49 25
76 49 25
76 49 25
76 49 25
76 49 25
76 49 25
76 49 25
76 49 25
76 49 25
76 49 25
76 49 25
76 49 25
76 49 25
76 49 25
76 49 25
76 49 25
76 49 25
76 49 25
76 49 25
76 49 25
76 49 25
76 49 25
76 49 25
76 49 25
76 49 25
76 49 25
76 49 25
76 49 25
76 49 25
76 49 25
76 49 25
76 49 25
76 49 25
76 49 25
76 49 25
76 49 25
76 49 25
76 49 25
76 49 25
76 49 25
76 49 25
76 49 25
76 49 25
76 49 25
76 49 25
76 49 25
76 49 25
76 49 25
76 49 25
76 49 25
76 49 25
76 49 25
76 49 25
76 49 25
76 49 25
76 50 25
76 50 25
76 50 25
76 50 25
76 50 25
76 50 25
76 50 25
76 50 25
76 50 25
76 50 25
76 50 25
76 50 25
76 50 25
76 50 25
76 50 25
76 50 25
76 50 25
76 50 25
76 50 25
76 50 25
76 50 25
76 50 25
76 50 25
76 50 25
76 50 25
76 50 25
76 50 25
76 50 25
76 50 25
76 50 25
76 50 25
76 50 25
76 50 25
76 50 25
76 50 25
76 50 25
76 50 25
76 50 25
76 50 25
76 50 25
76 50 25
76 50 25
76 50 25
76 50 25
76 50 25
76 50 25
76 50 25
76 50 25
76 50 25
76 50 25
76 50 25
76 50 25
76 50 25
76 50 25
76 50 25
76 50 25
76 50 25
76 50 25
76 50 25
76 50 25
76 50 25
76 50 25
76 50 25
76 50 25
76 50 25
76 50 25
76 50 25
76 50 25
76 50 25
76 50 25
76 50 25
76 50 25
76 50 25
76 50 25
76 50 25
76 50 25
76 50 25
76 50 25
76 50 25
76 50 25
76 50 25
76 50 25
76 50 25
76 50 25
76 50 25
76 50 25
76 50 25
76 50 25
76 50 25
76 50 25
76 50 25
76 50 25
76 50 25
76 50 25
76 50 25
76 50 25
76 50 25
76 50 25
76 50 25
76 50 25
76 50 25
76 50 25
76 50 25
76 50 25
76 50 25
76 50 25
76 50 25
76 51 25
76 51 25
76 51 25
76 51 25
76 51 25
76 51 25
76 51 25
76 51 25
76 51 25
76 51 25
76 51 25
76 51 25
76 51 25
76 51 25
76 51 25
76 51 25
76 51 25
76 51 25
76 51 25
76 51 25
76 51 25
76 51 25
76 51 25
76 51 25
76 51 25
76 51 25
76 51 25
76 51 25
76 51 25
76 51 25
76 51 25
76 51 25
76 51 25
76 51 25
76 51 25
76 51 25
76 51 25
76 51 25
76 51 25
76 51 25
76 51 25
76 51 25
76 51 25
76 51 25
76 51 25
76 51 25
76 51 25
76 51 25
76 51 25
76 51 25
76 51 25
76 51 25
76 51 25
76 51 25
76 51 25
76 51 25
76 51 25
76 51 25
76 51 25
76 51 25
76 51 25
76 51 25
76 51 25
76 51 25
76 51 25
76 51 25
76 51 25
76 51 25
76 51 25
76 51 25
76 51 25
76 51 25
76 51 25
76 51 25
76 51 25
76 51 25
76 51 25
76 51 25
76 51 25
76 51 25
76 51 25
76 51 25
76 51 25
76 51 25
76 51 25
76 51 25
76 51 25
76 51 25
76 51 25
76 51 25
76 51 25
76 51 25
76 52 25
76 52 25
76 52 25
76 52 25
76 52 25
76 52 25
76 52 25
76 52 25
76 52 25
76 52 25
76 52 25
76 52 25
76 52 25
76 52 25
76 52 25
76 52 25
76 52 25
76 52 25
76 52 25
76 52 25
76 52 25
76 52 25
76 52 25
76 52 25
76 52 25
76 52 25
76 52 25
76 52 25
76 52 25
76 52 25
76 52 25
76 52 25
76 52 25
76 52 25
76 52 25
76 52 25
76 52 25
76 52 25
76 52 25
76 52 25
76 52 25
76 52 25
76 52 25
76 52 25
76 52 25
76 52 25
76 52 25
76 52 25
76 52 25
76 52 25
76 52 25
76 52 25
76 52 25
76 52 25
76 52 25
76 52 25
76 52 25
76 52 25
76 52 25
76 52 25
76 52 25
76 52 25
76 52 25
76 52 25
76 52 25
76 52 25
76 52 25
76 52 25
76 52 25
76 52 25
76 52 25
76 52 25
76 52 25
76 52 25
76 52 25
76 52 25
76 52 25
76 52 25
76 53 25
76 53 25
76 53 25
76 53 25
76 53 25
76 53 25
76 53 25
76 53 25
76 53 25
76 53 25
76 53 25
76 53 25
76 53 25
76 53 25
76 53 25
76 53 25
76 53 25
76 53 25
76 53 25
76 53 25
76 53 25
76 53 25
76 53 25
76 53 25
76 53 25
76 53 25
76 53 25
76 53 25
76 53 25
76 53 25
76 53 25
76 53 25
76 53 25
76 53 25
76 53 25
76 53 25
76 53 25
76 53 25
76 53 25
76 53 25
76 53 25
76 53 25
76 53 25
76 53 25
76 53 25
76 53 25
76 53 25
76 53 25
76 53 25
76 53 25
76 53 25
76 53 25
76 53 25
76 53 25
76 53 25
76 53 25
76 53 25
76 53 25
76 53 25
76 53 25
76 53 25
76 53 25
76 53 25
76 53 25
76 54 25
76 54 25
76 54 25
76 54 25
76 54 25
76 54 25
76 54 25
76 54 25
76 54 25
76 54 25
76 54 25
76 54 25
76 54 25
76 54 25
76 54 25
76 54 25
76 54 25
76 54 25
76 54 25
76 54 25
76 54 25
76 54 25
76 54 25
76 54 25
76 54 25
76 54 25
76 54 25
76 54 25
76 54 25
76 54 25
76 54 25
76 54 25
76 54 25
76 54 25
76 54 25
76 54 25
76 54 25
76 54 25
76 54 25
76 54 25
76 54 25
76 54 25
76 54 25
76 54 25
76 54 25
76 54 25
76 54 25
76 54 25
76 54 25
76 54 25
76 54 25
76 55 25
76 55 25
76 55 25
76 55 25
76 55 25
76 55 25
76 55 25
76 55 25
76 55 25
76 55 25
76 55 25
76 55 25
76 55 25
76 55 25
76 55 25
76 55 25
76 55 25
76 55 25
76 55 25
76 55 25
76 55 25
76 55 25
76 55 25
76 55 25
76 55 25
76 55 25
76 55 25
76 55 25
76 55 25
76 55 25
76 55 25
76 55 25
76 55 25
76 55 25
76 55 25
76 55 25
76 55 25
76 55 25
76 55 25
76 56 25
76 56 25
76 56 25
76 56 25
76 56 25
76 56 25
76 56 25
76 56 25
76 56 25
76 56 25
76 56 25
76 56 25
76 56 25
76 56 25
76 56 25
76 56 25
76 56 25
76 56 25
76 56 25
76 56 25
76 56 25
76 56 25
76 56 25
76 56 25
76 56 25
76 56 25
76 56 25
76 56 25
76 56 25
76 57 25
76 57 25
76 57 25
76 57 25
76 57 25
76 57 25
76 57 25
76 57 25
76 57 25
76 57 25
76 57 25
76 57 25
76 57 25
76 57 25
76 57 25
76 57 25
76 57 25
76 57 25
76 57 25
76 57 25
76 57 25
76 58 25
76 58 25
76 58 25
76 58 25
76 58 25
76 58 25
76 58 25
76 58 25
76 58 25
76 58 25
76 58 25
76 58 25
76 58 25
76 58 25
76 58 25
76 59 25
76 59 25
76 59 25
76 59 25
76 59 25
76 59 25
76 59 25
76 59 25
76 59 25
76 59 25
76 59 25
76 59 25
76 60 25
76 60 25
76 60 25
76 60 25
76 60 25
76 60 25
76 60 25
76 60 25
76 60 25
76 60 25
76 61 25
76 61 25
76 61 25
76 61 25
76 61 25
76 61 25
76 61 25
76 61 25
76 61 25
76 62 25
76 62 25
76 62 25
76 62 25
76 62 25
76 62 25
76 62 25
76 62 25
76 63 25
76 63 25
76 63 25
76 63 25
76 63 25
76 63 25
76 63 25
76 63 25
76 64 25
76 64 25
76 64 25
76 64 25
76 64 25
76 64 25
76 64 25
76 64 25
76 65 25
76 65 25
76 65 25
76 65 25
76 65 25
76 65 25
76 65 25
76 65 25
76 66 25
76 66 25
76 66 25
76 66 25
76 66 25
76 66 25
76 66 25
76 66 25
76 66 25
76 67 25
76 67 25
76 67 25
76 67 25
76 67 25
76 67 25
76 67 25
76 67 25
76 67 25
76 67 25
76 68 25
76 68 25
76 68 25
76 68 25
76 68 25
76 68 25
76 68 25
76 68 25
76 68 25
76 68 25
76 68 25
76 68 25
76 69 25
76 69 25
76 69 25
76 69 25
76 69 25
76 69 25
76 69 25
76 69 25
76 69 25
76 69 25
76 69 25
76 69 25
76 69 25
76 69 25
76 69 25
76 70 25
76 70 25
76 70 25
76 70 25
76 70 25
76 70 25
76 70 25
76 70 25
76 70 25
76 70 25
76 70 25
76 70 25
76 70 25
76 70 25
76 70 25
76 70 25
76 70 25
76 70 25
76 70 25
76 70 25
76 71 25
76 71 25
76 71 25
76 71 25
76 71 25
76 71 25
76 71 25
76 71 25
76 71 25
76 71 25
76 71 25
76 71 25
76 71 25
76 71 25
76 71 25
76 71 25
76 71 25
76 71 25
76 71 25
76 71 25
76 71 25
76 71 25
76 71 25
76 71 25
76 71 25
76 71 25
76 71 25
76 71 25
76 72 25
76 72 25
76 72 25
76 72 25
76 72 25
76 72 25
76 72 25
76 72 25
76 72 25
76 72 25
76 72 25
76 72 25
76 72 25
76 72 25
76 72 25
76 72 25
76 72 25
76 72 25
76 72 25
76 72 25
76 72 25
76 72 25
76 72 25
76 72 25
76 72 25
76 72 25
76 72 25
76 72 25
76 72 25
76 72 25
76 72 25
76 72 25
76 72 25
76 72 25
76 72 25
76 72 25
76 73 25
76 73 25
76 73 25
76 73 25
76 73 25
76 73 25
76 73 25
76 73 25
76 73 25
76 73 25
76 73 25
76 73 25
76 73 25
76 73 25
76 73 25
76 73 25
76 73 25
76 73 25
76 73 25
76 73 25
76 73 25
76 73 25
76 73 25
76 73 25
76 73 25
76 73 25
76 73 25
76 73 25
76 73 25
76 73 25
76 73 25
76 73 25
76 73 25
76 73 25
76 73 25
76 73 25
76 73 25
76 73 25
76 73 25
76 73 25
76 73 25
76 73 25
76 73 25
76 73 25
76 73 25
76 73 25
76 74 25
76 74 25
76 74 25
76 74 25
76 74 25
76 74 25
76 74 25
76 74 25
76 74 25
76 74 25
76 74 25
76 74 25
76 74 25
76 74 25
76 74 25
76 74 25
76 74 25
76 74 25
76 74 25
76 74 25
76 74 25
76 74 25
76 74 25
76 74 25
76 74 25
76 74 25
76 74 25
76 74 25
76 74 25
76 74 25
76 74 25
76 74 25
76 74 25
76 74 25
76 74 25
76 74 25
76 74 25
76 74 25
76 74 25
76 74 25
76 74 25
76 74 25
76 74 25
76 74 25
76 74 25
76 74 25
76 74 25
76 74 25
76 74 25
76 74 25
76 74 25
76 74 25
76 74 25
76 74 25
76 74 25
76 74 25
76 74 25
76 74 25
76 75 25
76 75 25
76 75 25
76 75 25
76 75 25
76 75 25
76 75 25
76 75 25
76 75 25
76 75 25
76 75 25
76 75 25
76 75 25
76 75 25
76 75 25
76 75 25
76 75 25
76 75 25
76 75 25
76 75 25
76 75 25
76 75 25
76 75 25
76 75 25
76 75 25
76 75 25
76 75 25
76 75 25
76 75 25
76 75 25
76 75 25
76 75 25
76 75 25
76 75 25
76 75 25
76 75 25
76 75 25
76 75 25
76 75 25
76 75 25
76 75 25
76 75 25
76 75 25
76 75 25
76 75 25
76 75 25
76 75 25
76 75 25
76 75 25
76 75 25
76 75 25
76 75 25
76 75 25
76 75 25
76 75 25
76 75 25
76 75 25
76 75 25
76 75 25
76 75 25
76 75 25
76 75 25
76 75 25
76 75 25
76 75 25
76 75 25
76 75 25
76 75 25
76 75 25
76 75 25
76 75 25
76 76 25
76 76 25
76 76 25
76 76 25
76 76 25
76 76 25
76 76 25
76 76 25
76 76 25
76 76 25
76 76 25
76 76 25
76 76 25
76 76 25
76 76 25
76 76 25
76 76 25
76 76 25
76 76 25
76 76 25
76 76 25
76 76 25
76 76 25
76 76 25
76 76 25
76 76 25
76 76 25
76 76 25
76 76 25
76 76 25
76 76 25
76 76 25
76 76 25
76 76 25
76 76 25
76 76 25
76 76 25
76 76 25
76 76 25
76 76 25
76 76 25
76 76 25
76 76 25
76 76 25
76 76 25
76 76 25
76 76 25
76 76 25
76 76 25
76 76 25
76 76 25
76 76 25
76 76 25
76 76 25
76 76 25
76 76 25
76 76 25
76 76 25
76 76 25
76 76 25
76 76 25
76 76 25
76 76 25
76 76 25
76 76 25
76 76 25
76 76 25
76 76 25
76 76 25
76 76 25
76 76 25
76 76 25
76 76 25
76 76 25
76 76 25
76 76 25
76 76 25
76 76 25
76 76 25
76 76 25
76 76 25
76 76 25
76 76 25
76 76 25
76 77 25
76 77 25
76 77 25
76 77 25
76 77 25
76 77 25
76 77 25
76 77 25
76 77 25
76 77 25
76 77 25
76 77 25
76 77 25
76 77 25
76 77 25
76 77 25
76 77 25
76 77 25
76 77 25
76 77 25
76 77 25
76 77 25
76 77 25
76 77 25
76 77 25
76 77 25
76 77 25
76 77 25
76 77 25
76 77 25
76 77 25
76 77 25
76 77 25
76 77 25
76 77 25
76 77 25
76 77 25
76 77 25
76 77 25
76 77 25
76 77 25
76 77 25
76 77 25
76 77 25
76 77 25
76 77 25
76 77 25
76 77 25
76 77 25
76 77 25
76 77 25
76 77 25
76 77 25
76 77 25
76 77 25
76 77 25
76 77 25
76 77 25
76 77 25
76 77 25
76 77 25
76 77 25
76 77 25
76 77 25
76 77 25
76 77 25
76 77 25
76 77 25
76 77 25
76 77 25
76 77 25
76 77 25
76 77 25
76 77 25
76 77 25
76 77 25
76 77 25
76 77 25
76 77 25
76 77 25
76 77 25
76 77 25
76 77 25
76 77 25
76 77 25
76 77 25
76 77 25
76 77 25
76 77 25
76 77 25
76 77 25
76 77 25
76 77 25
76 77 25
76 77 25
76 78 25
76 78 25
76 78 25
76 78 25
76 78 25
76 78 25
76 78 25
76 78 25
76 78 25
76 78 25
76 78 25
76 78 25
76 78 25
76 78 25
76 78 25
76 78 25
76 78 25
76 78 25
76 78 25
76 78 25
76 78 25
76 78 25
76 78 25
76 78 25
76 78 25
76 78 25
76 78 25
76 78 25
76 78 25
76 78 25
76 78 25
76 78 25
76 78 25
76 78 25
76 78 25
76 78 25
76 78 25
76 78 25
76 78 25
76 78 25
76 78 25
76 78 25
76 78 25
76 78 25
76 78 25
76 78 25
76 78 25
76 78 25
76 78 25
76 78 25
76 78 25
76 78 25
76 78 25
76 78 25
76 78 25
76 78 25
76 78 25
76 78 25
76 78 25
76 78 25
76 78 25
76 78 25
76 78 25
76 78 25
76 78 25
76 78 25
76 78 25
76 78 25
76 78 25
76 78 25
76 78 25
76 78 25
76 78 25
76 78 25
76 78 25
76 78 25
76 78 25
76 78 25
76 78 25
76 78 25
76 78 25
76 78 25
76 78 25
76 78 25
76 78 25
76 78 25
76 78 25
76 78 25
76 78 25
76 78 25
76 78 25
76 78 25
76 78 25
76 78 25
76 78 25
76 78 25
76 78 25
76 79 25
76 79 25
76 79 25
76 79 25
76 79 25
76 79 25
76 79 25
76 79 25
76 79 25
76 79 25
76 79 25
76 79 25
76 79 25
76 79 25
76 79 25
76 79 25
76 79 25
76 79 25
76 79 25
76 79 25
76 79 25
76 79 25
76 79 25
76 79 25
76 79 25
76 79 25
76 79 25
76 79 25
76 79 25
76 79 25
76 79 25
76 79 25
76 79 25
76 79 25
76 79 25
76 79 25
76 79 25
76 79 25
76 79 25
76 79 25
76 79 25
76 79 25
76 79 25
76 79 25
76 79 25
76 79 25
76 79 25
76 79 25
76 79 25
76 79 25
76 79 25
76 79 25
76 79 25
76 79 25
76 79 25
76 79 25
76 79 25
76 79 25
76 79 25
76 79 25
76 79 25
76 79 25
76 79 25
76 79 25
76 79 25
76 79 25
76 79 25
76 79 25
76 79 25
76 79 25
76 79 25
76 79 25
76 79 25
76 79 25
76 79 25
76 79 25
76 79 25
76 79 25
76 79 25
76 79 25
76 79 25
76 79 25
76 79 25
76 79 25
76 79 25
76 79 25
76 79 25
76 79 25
76 79 25
76 79 25
76 79 25
76 79 25
76 79 25
76 80 25
76 80 25
76 80 25
76 80 25
76 80 25
76 80 25
76 80 25
76 80 25
76 80 25
76 80 25
76 80 25
76 80 25
76 80 25
76 80 25
76 80 25
76 80 25
76 80 25
76 80 25
76 80 25
76 80 25
76 80 25
76 80 25
76 80 25
76 80 25
76 80 25
76 80 25
76 80 25
76 80 25
76 80 25
76 80 25
76 80 25
76 80 25
76 80 25
76 80 25
76 80 25
76 80 25
76 80 25
76 80 25
76 80 25
76 80 25
76 80 25
76 80 25
76 80 25
76 80 25
76 80 25
76 80 25
76 80 25
76 80 25
76 80 25
76 80 25
76 80 25
76 80 25
76 80 25
76 80 25
76 80 25
76 80 25
76 80 25
76 80 25
76 80 25
76 80 25
76 80 25
76 80 25
76 80 25
76 80 25
76 80 25
76 80 25
76 80 25
76 80 25
76 80 25
76 80 25
76 80 25
76 80 25
76 80 25
76 80 25
76 80 25
76 80 25
76 80 25
76 80 25
76 80 25
76 80 25
76 80 25
76 80 25
76 80 25
76 80 25
76 80 25
76 80 25
76 80 25
76 80 25
76 81 25
76 81 25
76 81 25
76 81 25
76 81 25
76 81 25
76 81 25
76 81 25
76 81 25
76 81 25
76 81 25
76 81 25
76 81 25
76 81 25
76 81 25
76 81 25
76 81 25
76 81 25
76 81 25
76 81 25
76 81 25
76 81 25
76 81 25
76 81 25
76 81 25
76 81 25
76 81 25
76 81 25
76 81 25
76 81 25
76 81 25
76 81 25
76 81 25
76 81 25
76 81 25
76 81 25
76 81 25
76 81 25
76 81 25
76 81 25
76 81 25
76 81 25
76 81 25
76 81 25
76 81 25
76 81 25
76 81 25
76 81 25
76 81 25
76 81 25
76 81 25
76 81 25
76 81 25
76 81 25
76 81 25
76 81 25
76 81 25
76 81 25
76 81 25
76 81 25
76 81 25
76 81 25
76 81 25
76 81 25
76 81 25
76 81 25
76 81 25
76 81 25
76 81 25
76 81 25
76 81 25
76 81 25
76 81 25
76 81 25
76 81 25
76 81 25
76 81 25
76 81 25
76 81 25
76 81 25
76 82 25
76 82 25
76 82 25
76 82 25
76 82 25
76 82 25
76 82 25
76 82 25
76 82 25
76 82 25
76 82 25
76 82 25
76 82 25
76 82 25
76 82 25
76 82 25
76 82 25
76 82 25
76 82 25
76 82 25
76 82 25
76 82 25
76 82 25
76 82 25
76 82 25
76 82 25
76 82 25
76 82 25
76 82 25
76 82 25
76 82 25
76 82 25
76 82 25
76 82 25
76 82 25
76 82 25
76 82 25
76 82 25
76 82 25
76 82 25
76 82 25
76 82 25
76 82 25
76 82 25
76 82 25
76 82 25
76 82 25
76 82 25
76 82 25
76 82 25
76 82 25
76 82 25
76 82 25
76 82 25
76 82 25
76 82 25
76 82 25
76 82 25
76 82 25
76 82 25
76 82 25
76 82 25
76 82 25
76 82 25
76 82 25
76 82 25
76 82 25
76 83 25
76 83 25
76 83 25
76 83 25
76 83 25
76 83 25
76 83 25
76 83 25
76 83 25
76 83 25
76 83 25
76 83 25
76 83 25
76 83 25
76 83 25
76 83 25
76 83 25
76 83 25
76 83 25
76 83 25
76 83 25
76 83 25
76 83 25
76 83 25
76 83 25
76 83 25
76 83 25
76 83 25
76 83 25
76 83 25
76 83 25
76 83 25
76 83 25
76 83 25
76 83 25
76 83 25
76 83 25
76 83 25
76 83 25
76 83 25
76 83 25
76 83 25
76 83 25
76 83 25
76 83 25
76 83 25
76 83 25
76 83 25
76 83 25
76 83 25
76 83 25
76 83 25
76 83 25
76 84 25
76 84 25
76 84 25
76 84 25
76 84 25
76 84 25
76 84 25
76 84 25
76 84 25
76 84 25
76 84 25
76 84 25
76 84 25
76 84 25
76 84 25
76 84 25
76 84 25
76 84 25
76 84 25
76 84 25
76 84 25
76 84 25
76 84 25
76 84 25
76 84 25
76 84 25
76 84 25
76 84 25
76 84 25
76 84 25
76 84 25
76 84 25
76 84 25
76 84 25
76 84 25
76 84 25
76 84 25
76 84 25
76 84 25
76 84 25
76 85 25
76 85 25
76 85 25
76 85 25
76 85 25
76 85 25
76 85 25
76 85 25
76 85 25
76 85 25
76 85 25
76 85 25
76 85 25
76 85 25
76 85 25
76 85 25
76 85 25
76 85 25
76 85 25
76 85 25
76 85 25
76 85 25
76 85 25
76 85 25
76 85 25
76 85 25
76 85 25
76 85 25
76 85 25
76 86 25
76 86 25
76 86 25
76 86 25
76 86 25
76 86 25
76 86 25
76 86 25
76 86 25
76 86 25
76 86 25
76 86 25
76 86 25
76 86 25
76 86 25
76 86 25
76 86 25
76 86 25
76 86 25
76 86 25
76 87 25
76 87 25
76 87 25
76 87 25
76 87 25
76 87 25
76 87 25
76 87 25
76 87 25
76 87 25
76 87 25
76 87 25
76 87 25
76 87 25
76 88 25
76 88 25
76 88 25
76 88 25
76 88 25
76 88 25
76 88 25
76 88 25
76 88 25
76 88 25
76 89 25
76 89 25
76 89 25
76 89 25
76 89 25
76 89 25
76 89 25
76 90 25
76 90 25
76 90 25
76 90 25
76 90 25
76 91 25
76 91 25
76 91 25
76 92 25
76 92 25
76 93 25
76 93 25
76 94 25
76 95 25
76 96 25
76 97 25
76 98 25
76 99 25
76 100 25
76 101 25
76 102 25
76 103 25
76 104 25
76 105 25
76 106 25
76 107 25
76 108 25
76 108 25
76 109 25
76 109 25
76 110 25
76 110 25
76 110 25
76 111 25
76 111 25
76 111 25
76 112 25
76 112 25
76 112 25
76 113 25
76 113 25
76 113 25
76 113 25
76 114 25
76 114 25
76 114 25
76 114 25
76 115 25
76 115 25
76 115 25
76 115 25
76 115 25
76 116 25
76 116 25
76 116 25
76 116 25
76 116 25
76 116 25
76 117 25
76 117 25
76 117 25
76 117 25
76 117 25
76 117 25
76 117 25
76 117 25
76 117 25
76 118 25
76 118 25
76 118 25
76 118 25
76 118 25
76 118 25
76 118 25
76 118 25
76 118 25
76 118 25
76 118 25
76 118 25
76 118 25
76 119 25
76 119 25
76 119 25
76 119 25
76 119 25
76 119 25
76 119 25
76 119 25
76 119 25
76 119 25
76 119 25
76 119 25
76 119 25
76 119 25
76 119 25
76 119 25
76 119 25
76 119 25
76 120 25
76 120 25
76 120 25
76 120 25
76 120 25
76 120 25
76 120 25
76 120 25
76 120 25
76 120 25
76 120 25
76 120 25
76 120 25
76 120 25
76 120 25
76 120 25
76 120 25
76 120 25
76 120 25
76 120 25
76 120 25
76 120 25
76 120 25
76 120 25
76 121 25
76 121 25
76 121 25
76 121 25
76 121 25
76 121 25
76 121 25
76 121 25
76 121 25
76 121 25
76 121 25
76 121 25
76 121 25
76 121 25
76 121 25
76 121 25
76 121 25
76 121 25
76 121 25
76 121 25
76 121 25
76 121 25
76 121 25
76 121 25
76 121 25
76 121 25
76 121 25
76 121 25
76 121 25
76 121 25
76 121 25
76 121 25
76 122 25
76 122 25
76 122 25
76 122 25
76 122 25
76 122 25
76 122 25
76 122 25
76 122 25
76 122 25
76 122 25
76 122 25
76 122 25
76 122 25
76 122 25
76 122 25
76 122 25
76 122 25
76 122 25
76 122 25
76 122 25
76 122 25
76 122 25
76 122 25
76 122 25
76 122 25
76 122 25
76 122 25
76 122 25
76 122 25
76 122 25
76 122 25
76 122 25
76 122 25
76 122 25
76 122 25
76 122 25
76 122 25
76 122 25
76 122 25
76 122 25
76 123 25
76 123 25
76 123 25
76 123 25
76 123 25
76 123 25
76 123 25
76 123 25
76 123 25
76 123 25
76 123 25
76 123 25
76 123 25
76 123 25
76 123 25
76 123 25
76 123 25
76 123 25
76 123 25
76 123 25
76 123 25
76 123 25
76 123 25
76 123 25
76 123 25
76 123 25
76 123 25
76 123 25
76 123 25
76 123 25
76 123 25
76 123 25
76 123 25
76 123 25
76 123 25
76 123 25
76 123 25
76 123 25
76 123 25
76 123 25
76 123 25
76 123 25
76 123 25
76 123 25
76 123 25
76 123 25
76 123 25
76 123 25
76 123 25
76 123 25
76 123 25
76 123 25
76 124 25
76 124 25
76 124 25
76 124 25
76 124 25
76 124 25
76 124 25
76 124 25
76 124 25
76 124 25
76 124 25
76 124 25
76 124 25
76 124 25
76 124 25
76 124 25
76 124 25
76 124 25
76 124 25
76 124 25
76 124 25
76 124 25
76 124 25
76 124 25
76 124 25
76 124 25
76 124 25
76 124 25
76 124 25
76 124 25
76 124 25
76 124 25
76 124 25
76 124 25
76 124 25
76 124 25
76 124 25
76 124 25
76 124 25
76 124 25
76 124 25
76 124 25
76 124 25
76 124 25
76 124 25
76 124 25
76 124 25
76 124 25
76 124 25
76 124 25
76 124 25
76 124 25
76 124 25
76 124 25
76 124 25
76 124 25
76 124 25
76 124 25
76 124 25
76 124 25
76 124 25
76 124 25
76 124 25
76 124 25
76 125 25
76 125 25
76 125 25
76 125 25
76 125 25
76 125 25
76 125 25
76 125 25
76 125 25
76 125 25
76 125 25
76 125 25
76 125 25
76 125 25
76 125 25
76 125 25
76 125 25
76 125 25
76 125 25
76 125 25
76 125 25
76 125 25
76 125 25
76 125 25
76 125 25
76 125 25
76 125 25
76 125 25
76 125 25
76 125 25
76 125 25
76 125 25
76 125 25
76 125 25
76 125 25
76 125 25
76 125 25
76 125 25
76 125 25
76 125 25
76 125 25
76 125 25
76 125 25
76 125 25
76 125 25
76 125 25
76 125 25
76 125 25
76 125 25
76 125 25
76 125 25
76 125 25
76 125 25
76 125 25
76 125 25
76 125 25
76 125 25
76 125 25
76 125 25
76 125 25
76 125 25
76 125 25
76 125 25
76 125 25
76 125 25
76 125 25
76 125 25
76 125 25
76 125 25
76 125 25
76 125 25
76 125 25
76 125 25
76 125 25
76 125 25
76 126 25
76 126 25
76 126 25
76 126 25
76 126 25
76 126 25
76 126 25
76 126 25
76 126 25
76 126 25
76 126 25
76 126 25
76 126 25
76 126 25
76 126 25
76 126 25
76 126 25
76 126 25
76 126 25
76 126 25
76 126 25
76 126 25
76 126 25
76 126 25
76 126 25
76 126 25
76 126 25
76 126 25
76 126 25
76 126 25
76 126 25
76 126 25
76 126 25
76 126 25
76 126 25
76 126 25
76 126 25
76 126 25
76 126 25
76 126 25
76 126 25
76 126 25
76 126 25
76 126 25
76 126 25
76 126 25
76 126 25
76 126 25
76 126 25
76 126 25
76 126 25
76 126 25
76 126 25
76 126 25
76 126 25
76 126 25
76 126 25
76 126 25
76 126 25
76 126 25
76 126 25
76 126 25
76 126 25
76 126 25
76 126 25
76 126 25
76 126 25
76 126 25
76 126 25
76 126 25
76 126 25
76 126 25
76 126 25
76 126 25
76 126 25
76 126 25
76 126 25
76 126 25
76 126 25
76 126 25
76 126 25
76 126 25
76 126 25
76 126 25
76 126 25
76 127 25
76 127 25
76 127 25
76 127 25
76 127 25
76 127 25
76 127 25
76 127 25
76 127 25
76 127 25
76 127 25
76 127 25
76 127 25
76 127 25
76 127 25
76 127 25
76 127 25
76 127 25
76 127 25
76 127 25
76 127 25
76 127 25
76 127 25
76 127 25
76 127 25
76 127 25
76 127 25
76 127 25
76 127 25
76 127 25
76 127 25
76 127 25
76 127 25
76 127 25
76 127 25
76 127 25
76 127 25
76 127 25
76 127 25
76 127 25
76 127 25
76 127 25
76 127 25
76 127 25
76 127 25
76 127 25
76 127 25
76 127 25
76 127 25
76 127 25
76 127 25
76 127 25
76 127 25
76 127 25
76 127 25
76 127 25
76 127 25
76 127 25
76 127 25
76 127 25
76 127 25
76 127 25
76 127 25
76 127 25
76 127 25
76 127 25
76 127 25
76 127 25
76 127 25
76 127 25
76 127 25
76 127 25
76 127 25
76 127 25
76 127 25
76 127 25
76 127 25
76 127 25
76 127 25
76 127 25
76 127 25
76 127 25
76 127 25
76 127 25
76 127 25
76 127 25
76 127 25
76 127 25
76 127 25
76 127 25
76 127 25
76 127 25
76 127 25
76 128 25
76 128 25
76 128 25
76 128 25
76 128 25
76 128 25
76 128 25
76 128 25
76 128 25
76 128 25
76 128 25
76 128 25
76 128 25
76 128 25
76 128 25
76 128 25
76 128 25
76 128 25
76 128 25
76 128 25
76 128 25
76 128 25
76 128 25
76 128 25
76 128 25
76 128 25
76 128 25
76 128 25
76 128 25
76 128 25
76 128 25
76 128 25
76 128 25
76 128 25
76 128 25
76 128 25
76 128 25
76 128 25
76 128 25
76 128 25
76 128 25
76 128 25
76 128 25
76 128 25
76 128 25
76 128 25
76 128 25
76 128 25
76 128 25
76 128 25
76 128 25
76 128 25
76 128 25
76 128 25
76 128 25
76 128 25
76 128 25
76 128 25
76 128 25
76 128 25
76 128 25
76 128 25
76 128 25
76 128 25
76 128 25
76 128 25
76 128 25
76 128 25
76 128 25
76 128 25
76 128 25
76 128 25
76 128 25
76 128 25
76 128 25
76 128 25
76 128 25
76 128 25
76 128 25
76 128 25
76 128 25
76 128 25
76 128 25
76 128 25
76 128 25
76 128 25
76 128 25
76 128 25
76 128 25
76 128 25
76 128 25
76 128 25
76 128 25
76 128 25
76 128 25
76 128 25
76 128 25
76 129 25
76 129 25
76 129 25
76 129 25
76 129 25
76 129 25
76 129 25
76 129 25
76 129 25
76 129 25
76 129 25
76 129 25
76 129 25
76 129 25
76 129 25
76 129 25
76 129 25
76 129 25
76 129 25
76 129 25
76 129 25
76 129 25
76 129 25
76 129 25
76 129 25
76 129 25
76 129 25
76 129 25
76 129 25
76 129 25
76 129 25
76 129 25
76 129 25
76 129 25
76 129 25
76 129 25
76 129 25
76 129 25
76 129 25
76 129 25
76 129 25
76 129 25
76 129 25
76 129 25
76 129 25
76 129 25
76 129 25
76 129 25
76 129 25
76 129 25
76 129 25
76 129 25
76 129 25
76 129 25
76 129 25
76 129 25
76 129 25
76 129 25
76 129 25
76 129 25
76 129 25
76 129 25
76 129 25
76 129 25
76 129 25
76 129 25
76 129 25
76 129 25
76 129 25
76 129 25
76 129 25
76 129 25
76 129 25
76 129 25
76 129 25
76 129 25
76 129 25
76 129 25
76 129 25
76 129 25
76 129 25
76 129 25
76 129 25
76 129 25
76 129 25
76 129 25
76 129 25
76 129 25
76 129 25
76 129 25
76 129 25
76 129 25
76 129 25
76 129 25
76 129 25
76 129 25
76 129 25
76 130 25
76 130 25
76 130 25
76 130 25
76 130 25
76 130 25
76 130 25
76 130 25
76 130 25
76 130 25
76 130 25
76 130 25
76 130 25
76 130 25
76 130 25
76 130 25
76 130 25
76 130 25
76 130 25
76 130 25
76 130 25
76 130 25
76 130 25
76 130 25
76 130 25
76 130 25
76 130 25
76 130 25
76 130 25
76 130 25
76 130 25
76 130 25
76 130 25
76 130 25
76 130 25
76 130 25
76 130 25
76 130 25
76 130 25
76 130 25
76 130 25
76 130 25
76 130 25
76 130 25
76 130 25
76 130 25
76 130 25
76 130 25
76 130 25
76 130 25
76 130 25
76 130 25
76 130 25
76 130 25
76 130 25
76 130 25
76 130 25
76 130 25
76 130 25
76 130 25
76 130 25
76 130 25
76 130 25
76 130 25
76 130 25
76 130 25
76 130 25
76 130 25
76 130 25
76 130 25
76 130 25
76 130 25
76 130 25
76 130 25
76 130 25
76 130 25
76 130 25
76 130 25
76 130 25
76 130 25
76 130 25
76 130 25
76 130 25
76 130 25
76 130 25
76 130 25
76 130 25
76 130 25
76 130 25
76 130 25
76 130 25
76 131 25
76 131 25
76 131 25
76 131 25
76 131 25
76 131 25
76 131 25
76 131 25
76 131 25
76 131 25
76 131 25
76 131 25
76 131 25
76 131 25
76 131 25
76 131 25
76 131 25
76 131 25
76 131 25
76 131 25
76 131 25
76 131 25
76 131 25
76 131 25
76 131 25
76 131 25
76 131 25
76 131 25
76 131 25
76 131 25
76 131 25
76 131 25
76 131 25
76 131 25
76 131 25
76 131 25
76 131 25
76 131 25
76 131 25
76 131 25
76 131 25
76 131 25
76 131 25
76 131 25
76 131 25
76 131 25
76 131 25
76 131 25
76 131 25
76 131 25
76 131 25
76 131 25
76 131 25
76 131 25
76 131 25
76 131 25
76 131 25
76 131 25
76 131 25
76 131 25
76 131 25
76 131 25
76 131 25
76 131 25
76 131 25
76 131 25
76 131 25
76 131 25
76 131 25
76 131 25
76 131 25
76 131 25
76 131 25
76 131 25
76 131 25
76 131 25
76 131 25
76 132 25
76 132 25
76 132 25
76 132 25
76 132 25
76 132 25
76 132 25
76 132 25
76 132 25
76 132 25
76 132 25
76 132 25
76 132 25
76 132 25
76 132 25
76 132 25
76 132 25
76 132 25
76 132 25
76 132 25
76 132 25
76 132 25
76 132 25
76 132 25
76 132 25
76 132 25
76 132 25
76 132 25
76 132 25
76 132 25
76 132 25
76 132 25
76 132 25
76 132 25
76 132 25
76 132 25
76 132 25
76 132 25
76 132 25
76 132 25
76 132 25
76 132 25
76 132 25
76 132 25
76 132 25
76 132 25
76 132 25
76 132 25
76 132 25
76 132 25
76 132 25
76 132 25
76 132 25
76 132 25
76 132 25
76 132 25
76 132 25
76 133 25
76 133 25
76 133 25
76 133 25
76 133 25
76 133 25
76 133 25
76 133 25
76 133 25
76 133 25
76 133 25
76 133 25
76 133 25
76 133 25
76 133 25
76 133 25
76 133 25
76 133 25
76 133 25
76 133 25
76 133 25
76 133 25
76 133 25
76 133 25
76 133 25
76 133 25
76 133 25
76 133 25
76 133 25
76 133 25
76 133 25
76 133 25
76 133 25
76 133 25
76 133 25
76 133 25
76 134 25
76 134 25
76 134 25
76 134 25
76 134 25
76 134 25
76 134 25
76 134 25
76 134 25
76 134 25
76 134 25
76 134 25
76 134 25
76 134 25
76 134 25
76 134 25
76 134 25
76 134 25
76 134 25
76 134 25
76 135 25
76 135 25
76 135 25
76 135 25
76 135 25
76 135 25
76 135 25
76 135 25
76 135 25
76 135 25
76 136 25
76 136 25
76 136 25
76 136 25
76 136 25
76 136 25
76 137 25
76 137 25
76 137 25
76 137 25
76 138 25
76 138 25
76 138 25
76 139 25
76 139 25
76 140 25
76 140 25
76 141 25
76 141 25
76 142 25
76 142 25
76 143 25
76 143 25
76 144 25
76 144 25
76 144 25
76 145 25
76 145 25
76 145 25
76 146 25
76 146 25
76 146 25
76 147 25
76 147 25
76 147 25
76 148 25
76 148 25
76 148 25
76 149 25
76 149 25
76 149 25
76 150 25
76 150 25
76 150 25
76 151 25
76 151 25
76 151 25
76 152 25
76 152 25
76 153 25
76 153 25
76 154 25
76 154 25
