79 87 50
78 87 50
77 87 50
77 87 50
76 87 50
76 87 50
75 87 50
75 87 50
75 87 50
74 87 50
74 87 50
74 87 50
74 87 50
73 87 50
73 87 50
73 87 50
73 87 50
73 87 50
72 87 50
72 87 50
72 87 50
72 87 50
72 87 50
72 87 50
72 87 50
71 87 50
71 87 50
71 87 50
71 87 50
71 87 50
71 87 50
71 87 50
71 87 50
70 87 50
70 87 50
70 87 50
70 87 50
70 87 50
70 87 50
70 87 50
70 87 50
70 87 50
69 87 50
69 87 50
69 87 50
69 87 50
69 87 50
69 87 50
69 87 50
69 87 50
69 87 50
69 87 50
69 87 50
69 87 50
68 87 50
68 87 50
68 87 50
68 87 50
68 87 50
68 87 50
68 87 50
68 87 50
68 87 50
68 87 50
68 87 50
68 87 50
68 87 50
68 87 50
67 87 50
67 87 50
67 87 50
67 87 50
67 87 50
67 87 50
67 87 50
67 87 50
67 87 50
67 87 50
67 87 50
67 87 50
67 87 50
67 87 50
67 87 50
67 87 50
67 87 50
67 87 50
66 87 50
66 87 50
66 87 50
66 87 50
66 87 50
66 87 50
66 87 50
66 87 50
66 87 50
66 87 50
66 87 50
66 87 50
66 87 50
66 87 50
66 87 50
66 87 50
66 87 50
66 87 50
66 87 50
66 87 50
66 87 50
66 87 50
66 87 50
66 87 50
65 87 50
65 87 50
65 87 50
65 87 50
65 87 50
65 87 50
65 87 50
65 87 50
65 87 50
65 87 50
65 87 50
65 87 50
65 87 50
65 87 50
65 87 50
65 87 50
65 87 50
65 87 50
65 87 50
65 87 50
65 87 50
65 87 50
65 87 50
65 87 50
65 87 50
65 87 50
65 87 50
65 87 50
65 87 50
65 87 50
65 87 50
64 87 50
64 87 50
64 87 50
64 87 50
64 87 50
64 87 50
64 87 50
64 87 50
64 87 50
64 87 50
64 87 50
64 87 50
64 87 50
64 87 50
64 87 50
64 87 50
64 87 50
64 87 50
64 87 50
64 87 50
64 87 50
64 87 50
64 87 50
64 87 50
64 87 50
64 87 50
64 87 50
64 87 50
64 87 50
64 87 50
64 87 50
64 87 50
64 87 50
64 87 50
64 87 50
64 87 50
64 87 50
64 87 50
64 87 50
63 87 50
63 87 50
63 87 50
63 87 50
63 87 50
63 87 50
63 87 50
63 87 50
63 87 50
63 87 50
63 87 50
63 87 50
63 87 50
63 87 50
63 87 50
63 87 50
63 87 50
63 87 50
63 87 50
63 87 50
63 87 50
63 87 50
63 87 50
63 87 50
63 87 50
63 87 50
63 87 50
63 87 50
63 87 50
63 87 50
63 87 50
63 87 50
63 87 50
63 87 50
63 87 50
63 87 50
63 87 50
63 87 50
63 87 50
63 87 50
63 87 50
63 87 50
63 87 50
63 87 50
63 87 50
63 87 50
63 87 50
62 87 50
62 87 50
62 87 50
62 87 50
62 87 50
62 87 50
62 87 50
62 87 50
62 87 50
62 87 50
62 87 50
62 87 50
62 87 50
62 87 50
62 87 50
62 87 50
62 87 50
62 87 50
62 87 50
62 87 50
62 87 50
62 87 50
62 87 50
62 87 50
62 87 50
62 87 50
62 87 50
62 87 50
62 87 50
62 87 50
62 87 50
62 87 50
62 87 50
62 87 50
62 87 50
62 87 50
62 87 50
62 87 50
62 87 50
62 87 50
62 87 50
62 87 50
62 87 50
62 87 50
62 87 50
62 87 50
62 87 50
62 87 50
62 87 50
62 87 50
62 87 50
62 87 50
62 87 50
62 87 50
62 87 50
62 87 50
61 87 50
61 87 50
61 87 50
61 87 50
61 87 50
61 87 50
61 87 50
61 87 50
61 87 50
61 87 50
61 87 50
61 87 50
61 87 50
61 87 50
61 87 50
61 87 50
61 87 50
61 87 50
61 87 50
61 87 50
61 87 50
61 87 50
61 87 50
61 87 50
61 87 50
61 87 50
61 87 50
61 87 50
61 87 50
61 87 50
61 87 50
61 87 50
61 87 50
61 87 50
61 87 50
61 87 50
61 87 50
61 87 50
61 87 50
61 87 50
61 87 50
61 87 50
61 87 50
61 87 50
61 87 50
61 87 50
61 87 50
61 87 50
61 87 50
61 87 50
61 87 50
61 87 50
61 87 50
61 87 50
61 87 50
61 87 50
61 87 50
61 87 50
61 87 50
61 87 50
61 87 50
61 87 50
61 87 50
60 87 50
60 87 50
60 87 50
60 87 50
60 87 50
60 87 50
60 87 50
60 87 50
60 87 50
60 87 50
60 87 50
60 87 50
60 87 50
60 87 50
60 87 50
60 87 50
60 87 50
60 87 50
60 87 50
60 87 50
60 87 50
60 87 50
60 87 50
60 87 50
60 87 50
60 87 50
60 87 50
60 87 50
60 87 50
60 87 50
60 87 50
60 87 50
60 87 50
60 87 50
60 87 50
60 87 50
60 87 50
60 87 50
60 87 50
60 87 50
60 87 50
60 87 50
60 87 50
60 87 50
60 87 50
60 87 50
60 87 50
60 87 50
60 87 50
60 87 50
60 87 50
60 87 50
60 87 50
60 87 50
60 87 50
60 87 50
60 87 50
60 87 50
60 87 50
60 87 50
60 87 50
60 87 50
60 87 50
60 87 50
60 87 50
60 87 50
60 87 50
60 87 50
60 87 50
59 87 50
59 87 50
59 87 50
59 87 50
59 87 50
59 87 50
59 87 50
59 87 50
59 87 50
59 87 50
59 87 50
59 87 50
59 87 50
59 87 50
59 87 50
59 87 50
59 87 50
59 87 50
59 87 50
59 87 50
59 87 50
59 87 50
59 87 50
59 87 50
59 87 50
59 87 50
59 87 50
59 87 50
59 87 50
59 87 50
59 87 50
59 87 50
59 87 50
59 87 50
59 87 50
59 87 50
59 87 50
59 87 50
59 87 50
59 87 50
59 87 50
59 87 50
59 87 50
59 87 50
59 87 50
59 87 50
59 87 50
59 87 50
59 87 50
59 87 50
59 87 50
59 87 50
59 87 50
59 87 50
59 87 50
59 87 50
59 87 50
59 87 50
59 87 50
59 87 50
59 87 50
59 87 50
59 87 50
59 87 50
59 87 50
59 87 50
59 87 50
59 87 50
59 87 50
59 87 50
59 87 50
59 87 50
59 87 50
58 87 50
58 87 50
58 87 50
58 87 50
58 87 50
58 87 50
58 87 50
58 87 50
58 87 50
58 87 50
58 87 50
58 87 50
58 87 50
58 87 50
58 87 50
58 87 50
58 87 50
58 87 50
58 87 50
58 87 50
58 87 50
58 87 50
58 87 50
58 87 50
58 87 50
58 87 50
58 87 50
58 87 50
58 87 50
58 87 50
58 87 50
58 87 50
58 87 50
58 87 50
58 87 50
58 87 50
58 87 50
58 87 50
58 87 50
58 87 50
58 87 50
58 87 50
58 87 50
58 87 50
58 87 50
58 87 50
58 87 50
58 87 50
58 87 50
58 87 50
58 87 50
58 87 50
58 87 50
58 87 50
58 87 50
58 87 50
58 87 50
58 87 50
58 87 50
58 87 50
58 87 50
58 87 50
58 87 50
58 87 50
58 87 50
58 87 50
58 87 50
58 87 50
58 87 50
58 87 50
58 87 50
58 87 50
58 87 50
58 87 50
58 87 50
58 87 50
57 87 50
57 87 50
57 87 50
57 87 50
57 87 50
57 87 50
57 87 50
57 87 50
57 87 50
57 87 50
57 87 50
57 87 50
57 87 50
57 87 50
57 87 50
57 87 50
57 87 50
57 87 50
57 87 50
57 87 50
57 87 50
57 87 50
57 87 50
57 87 50
57 87 50
57 87 50
57 87 50
57 87 50
57 87 50
57 87 50
57 87 50
57 87 50
57 87 50
57 87 50
57 87 50
57 87 50
57 87 50
57 87 50
57 87 50
57 87 50
57 87 50
57 87 50
57 87 50
57 87 50
57 87 50
57 87 50
57 87 50
57 87 50
57 87 50
57 87 50
57 87 50
57 87 50
57 87 50
57 87 50
57 87 50
57 87 50
57 87 50
57 87 50
57 87 50
57 87 50
57 87 50
57 87 50
57 87 50
57 87 50
57 87 50
57 87 50
57 87 50
57 87 50
57 87 50
57 87 50
57 87 50
57 87 50
57 87 50
57 87 50
57 87 50
57 87 50
57 87 50
56 87 50
56 87 50
56 87 50
56 87 50
56 87 50
56 87 50
56 87 50
56 87 50
56 87 50
56 87 50
56 87 50
56 87 50
56 87 50
56 87 50
56 87 50
56 87 50
56 87 50
56 87 50
56 87 50
56 87 50
56 87 50
56 87 50
56 87 50
56 87 50
56 87 50
56 87 50
56 87 50
56 87 50
56 87 50
56 87 50
56 87 50
56 87 50
56 87 50
56 87 50
56 87 50
56 87 50
56 87 50
56 87 50
56 87 50
56 87 50
56 87 50
56 87 50
56 87 50
56 87 50
56 87 50
56 87 50
56 87 50
56 87 50
56 87 50
56 87 50
56 87 50
56 87 50
56 87 50
56 87 50
56 87 50
56 87 50
56 87 50
56 87 50
56 87 50
56 87 50
56 87 50
56 87 50
56 87 50
56 87 50
56 87 50
56 87 50
56 87 50
56 87 50
56 87 50
56 87 50
56 87 50
56 87 50
56 87 50
56 87 50
56 87 50
55 87 50
55 87 50
55 87 50
55 87 50
55 87 50
55 87 50
55 87 50
55 87 50
55 87 50
55 87 50
55 87 50
55 87 50
55 87 50
55 87 50
55 87 50
55 87 50
55 87 50
55 87 50
55 87 50
55 87 50
55 87 50
55 87 50
55 87 50
55 87 50
55 87 50
55 87 50
55 87 50
55 87 50
55 87 50
55 87 50
55 87 50
55 87 50
55 87 50
55 87 50
55 87 50
55 87 50
55 87 50
55 87 50
55 87 50
55 87 50
55 87 50
55 87 50
55 87 50
55 87 50
55 87 50
55 87 50
55 87 50
55 87 50
55 87 50
55 87 50
55 87 50
55 87 50
55 87 50
55 87 50
55 87 50
55 87 50
55 87 50
55 87 50
55 87 50
55 87 50
55 87 50
55 87 50
55 87 50
55 87 50
55 87 50
55 87 50
55 87 50
55 87 50
55 87 50
55 87 50
55 87 50
55 87 50
55 87 50
54 87 50
54 87 50
54 87 50
54 87 50
54 87 50
54 87 50
54 87 50
54 87 50
54 87 50
54 87 50
54 87 50
54 87 50
54 87 50
54 87 50
54 87 50
54 87 50
54 87 50
54 87 50
54 87 50
54 87 50
54 87 50
54 87 50
54 87 50
54 87 50
54 87 50
54 87 50
54 87 50
54 87 50
54 87 50
54 87 50
54 87 50
54 87 50
54 87 50
54 87 50
54 87 50
54 87 50
54 87 50
54 87 50
54 87 50
54 87 50
54 87 50
54 87 50
54 87 50
54 87 50
54 87 50
54 87 50
54 87 50
54 87 50
54 87 50
54 87 50
54 87 50
54 87 50
54 87 50
54 87 50
54 87 50
54 87 50
54 87 50
54 87 50
54 87 50
54 87 50
54 87 50
54 87 50
54 87 50
54 87 50
54 87 50
54 87 50
54 87 50
54 87 50
53 87 50
53 87 50
53 87 50
53 87 50
53 87 50
53 87 50
53 87 50
53 87 50
53 87 50
53 87 50
53 87 50
53 87 50
53 87 50
53 87 50
53 87 50
53 87 50
53 87 50
53 87 50
53 87 50
53 87 50
53 87 50
53 87 50
53 87 50
53 87 50
53 87 50
53 87 50
53 87 50
53 87 50
53 87 50
53 87 50
53 87 50
53 87 50
53 87 50
53 87 50
53 87 50
53 87 50
53 87 50
53 87 50
53 87 50
53 87 50
53 87 50
53 87 50
53 87 50
53 87 50
53 87 50
53 87 50
53 87 50
53 87 50
53 87 50
53 87 50
53 87 50
53 87 50
53 87 50
53 87 50
53 87 50
53 87 50
53 87 50
53 87 50
53 87 50
53 87 50
53 87 50
53 87 50
52 87 50
52 87 50
52 87 50
52 87 50
52 87 50
52 87 50
52 87 50
52 87 50
52 87 50
52 87 50
52 87 50
52 87 50
52 87 50
52 87 50
52 87 50
52 87 50
52 87 50
52 87 50
52 87 50
52 87 50
52 87 50
52 87 50
52 87 50
52 87 50
52 87 50
52 87 50
52 87 50
52 87 50
52 87 50
52 87 50
52 87 50
52 87 50
52 87 50
52 87 50
52 87 50
52 87 50
52 87 50
52 87 50
52 87 50
52 87 50
52 87 50
52 87 50
52 87 50
52 87 50
52 87 50
52 87 50
52 87 50
52 87 50
52 87 50
52 87 50
52 87 50
52 87 50
52 87 50
52 87 50
51 87 50
51 87 50
51 87 50
51 87 50
51 87 50
51 87 50
51 87 50
51 87 50
51 87 50
51 87 50
51 87 50
51 87 50
51 87 50
51 87 50
51 87 50
51 87 50
51 87 50
51 87 50
51 87 50
51 87 50
51 87 50
51 87 50
51 87 50
51 87 50
51 87 50
51 87 50
51 87 50
51 87 50
51 87 50
51 87 50
51 87 50
51 87 50
51 87 50
51 87 50
51 87 50
51 87 50
51 87 50
51 87 50
51 87 50
51 87 50
51 87 50
51 87 50
51 87 50
51 87 50
51 87 50
51 87 50
50 87 50
50 87 50
50 87 50
50 87 50
50 87 50
50 87 50
50 87 50
50 87 50
50 87 50
50 87 50
50 87 50
50 87 50
50 87 50
50 87 50
50 87 50
50 87 50
50 87 50
50 87 50
50 87 50
50 87 50
50 87 50
50 87 50
50 87 50
50 87 50
50 87 50
50 87 50
50 87 50
50 87 50
50 87 50
50 87 50
50 87 50
50 87 50
50 87 50
50 87 50
50 87 50
50 87 50
49 87 50
49 87 50
49 87 50
49 87 50
49 87 50
49 87 50
49 87 50
49 87 50
49 87 50
49 87 50
49 87 50
49 87 50
49 87 50
49 87 50
49 87 50
49 87 50
49 87 50
49 87 50
49 87 50
49 87 50
49 87 50
49 87 50
49 87 50
49 87 50
49 87 50
49 87 50
49 87 50
49 87 50
48 87 50
48 87 50
48 87 50
48 87 50
48 87 50
48 87 50
48 87 50
48 87 50
48 87 50
48 87 50
48 87 50
48 87 50
48 87 50
48 87 50
48 87 50
48 87 50
48 87 50
48 87 50
48 87 50
48 87 50
47 87 50
47 87 50
47 87 50
47 87 50
47 87 50
47 87 50
47 87 50
47 87 50
47 87 50
47 87 50
47 87 50
47 87 50
47 87 50
47 87 50
47 87 50
47 86 700
47 85 50
47 85 50
47 85 50
47 85 50
47 85 50
47 85 50
47 85 50
47 85 50
47 85 50
47 85 50
47 84 50
47 84 50
47 84 50
47 84 50
47 84 50
47 84 50
47 84 50
47 84 50
47 83 50
47 83 50
47 83 50
47 83 50
47 83 50
47 83 50
47 82 50
47 82 50
47 82 50
47 82 50
47 82 50
47 81 50
47 81 50
47 81 50
47 81 50
47 80 50
47 80 50
47 80 50
47 79 50
47 79 50
47 78 50
47 78 50
47 77 50
47 76 50
47 75 50
47 74 50
47 73 50
47 72 50
47 71 50
47 70 50
47 69 50
47 68 50
47 67 50
47 67 50
47 66 50
47 66 50
47 65 50
47 65 50
47 65 50
113 151 100
112 151 50
111 151 50
110 151 50
109 151 50
109 151 50
108 151 50
108 151 50
107 151 50
107 151 50
107 151 50
106 151 50
106 151 50
106 151 50
106 151 50
105 151 50
105 151 50
105 151 50
105 151 50
105 151 50
104 151 50
104 151 50
104 151 50
104 151 50
104 151 50
104 151 50
103 151 50
103 151 50
103 151 50
103 151 50
103 151 50
103 151 50
103 151 50
103 151 50
102 151 50
102 151 50
102 151 50
102 151 50
102 151 50
102 151 50
102 151 50
102 151 50
102 151 50
101 151 50
101 151 50
101 151 50
101 151 50
101 151 50
101 151 50
101 151 50
101 151 50
101 151 50
100 151 50
100 151 50
100 151 50
100 151 50
100 151 50
100 151 50
100 151 50
100 151 50
100 151 50
100 151 50
99 151 50
99 151 50
99 151 50
99 151 50
99 151 50
99 151 50
99 151 50
99 151 50
99 151 50
98 151 50
98 151 50
98 151 50
98 151 50
98 151 50
98 151 50
98 151 50
98 151 50
97 151 50
97 151 50
97 151 50
97 151 50
97 151 50
97 151 50
97 151 50
96 151 50
96 151 50
96 151 50
96 151 50
96 151 50
96 151 50
95 151 50
95 151 50
95 151 50
95 151 50
95 151 50
94 151 50
94 151 50
94 151 50
94 151 50
93 151 50
93 151 50
93 151 50
92 151 50
92 151 50
91 151 50
90 151 50
89 151 50
88 151 50
87 151 50
86 151 50
85 151 50
84 151 50
83 151 50
82 151 50
81 151 50
80 151 50
79 151 50
78 151 50
77 151 50
76 151 50
75 151 50
75 151 50
74 151 50
74 151 50
74 151 50
73 151 50
73 151 50
73 151 50
73 151 50
72 151 50
72 151 50
72 151 50
72 151 50
72 151 50
72 151 50
71 151 50
71 151 50
71 151 50
71 151 50
71 151 50
71 151 50
71 151 50
71 151 50
70 151 50
70 151 50
70 151 50
70 151 50
70 151 50
70 151 50
70 151 50
70 151 50
70 151 50
70 151 50
69 151 50
69 151 50
69 151 50
69 151 50
69 151 50
69 151 50
69 151 50
69 151 50
69 151 50
69 151 50
69 151 50
69 151 50
69 151 50
69 151 50
68 151 50
68 151 50
68 151 50
68 151 50
68 151 50
68 151 50
68 151 50
68 151 50
68 151 50
68 151 50
68 151 50
68 151 50
68 151 50
68 151 50
68 151 50
68 151 50
68 151 50
68 151 50
67 151 50
67 151 50
67 151 50
67 151 50
67 151 50
67 151 50
67 151 50
67 151 50
67 151 50
67 151 50
67 151 50
67 151 50
67 151 50
67 151 50
67 151 50
67 151 50
67 151 50
67 151 50
67 151 50
67 151 50
67 151 50
67 151 50
66 151 50
66 151 50
66 151 50
66 151 50
66 151 50
66 151 50
66 151 50
66 151 50
66 151 50
66 151 50
66 151 50
66 151 50
66 151 50
66 151 50
66 151 50
66 151 50
66 151 50
66 151 50
66 151 50
66 151 50
66 151 50
66 151 50
66 151 50
66 151 50
66 151 50
66 151 50
65 151 50
65 151 50
65 151 50
65 151 50
65 151 50
65 151 50
65 151 50
65 151 50
65 151 50
65 151 50
65 151 50
65 151 50
65 151 50
65 151 50
65 151 50
65 151 50
65 151 50
65 151 50
65 151 50
65 151 50
65 151 50
65 151 50
65 151 50
65 151 50
65 151 50
65 151 50
65 151 50
65 151 50
65 151 50
65 151 50
64 151 50
64 151 50
64 151 50
64 151 50
64 151 50
64 151 50
64 151 50
64 151 50
64 151 50
64 151 50
64 151 50
64 151 50
64 151 50
64 151 50
64 151 50
64 151 50
64 151 50
64 151 50
64 151 50
64 151 50
64 151 50
64 151 50
64 151 50
64 151 50
64 151 50
64 151 50
64 151 50
64 151 50
64 151 50
64 151 50
64 151 50
64 151 50
64 151 50
64 151 50
63 151 50
63 151 50
63 151 50
63 151 50
63 151 50
63 151 50
63 151 50
63 151 50
63 151 50
63 151 50
63 151 50
63 151 50
63 151 50
63 151 50
63 151 50
63 151 50
63 151 50
63 151 50
63 151 50
63 151 50
63 151 50
63 151 50
63 151 50
63 151 50
63 151 50
63 151 50
63 151 50
63 151 50
63 151 50
63 151 50
63 151 50
63 151 50
63 151 50
63 151 50
63 151 50
63 151 50
63 151 50
62 151 50
62 151 50
62 151 50
62 151 50
62 151 50
62 151 50
62 151 50
62 151 50
62 151 50
62 151 50
62 151 50
62 151 50
62 151 50
62 151 50
62 151 50
62 151 50
62 151 50
62 151 50
62 151 50
62 151 50
62 151 50
62 151 50
62 151 50
62 151 50
62 151 50
62 151 50
62 151 50
62 151 50
62 151 50
62 151 50
62 151 50
62 151 50
62 151 50
62 151 50
62 151 50
62 151 50
62 151 50
62 151 50
62 151 50
61 151 50
61 151 50
61 151 50
61 151 50
61 151 50
61 151 50
61 151 50
61 151 50
61 151 50
61 151 50
61 151 50
61 151 50
61 151 50
61 151 50
61 151 50
61 151 50
61 151 50
61 151 50
61 151 50
61 151 50
61 151 50
61 151 50
61 151 50
61 151 50
61 151 50
61 151 50
61 151 50
61 151 50
61 151 50
61 151 50
61 151 50
61 151 50
61 151 50
61 151 50
61 151 50
61 151 50
61 151 50
61 151 50
61 151 50
61 151 50
60 151 50
60 151 50
60 151 50
60 151 50
60 151 50
60 151 50
60 151 50
60 151 50
60 151 50
60 151 50
60 151 50
60 151 50
60 151 50
60 151 50
60 151 50
60 151 50
60 151 50
60 151 50
60 151 50
60 151 50
60 151 50
60 151 50
60 151 50
60 151 50
60 151 50
60 151 50
60 151 50
60 151 50
60 151 50
60 151 50
60 151 50
60 151 50
60 151 50
60 151 50
60 151 50
60 151 50
60 151 50
60 151 50
60 151 50
60 151 50
60 151 50
59 151 50
59 151 50
59 151 50
59 151 50
59 151 50
59 151 50
59 151 50
59 151 50
59 151 50
59 151 50
59 151 50
59 151 50
59 151 50
59 151 50
59 151 50
59 151 50
59 151 50
59 151 50
59 151 50
59 151 50
59 151 50
59 151 50
59 151 50
59 151 50
59 151 50
59 151 50
59 151 50
59 151 50
59 151 50
59 151 50
59 151 50
59 151 50
59 151 50
59 151 50
59 151 50
59 151 50
59 151 50
59 151 50
59 151 50
59 151 50
58 151 50
58 151 50
58 151 50
58 151 50
58 151 50
58 151 50
58 151 50
58 151 50
58 151 50
58 151 50
58 151 50
58 151 50
58 151 50
58 151 50
58 151 50
58 151 50
58 151 50
58 151 50
58 151 50
58 151 50
58 151 50
58 151 50
58 151 50
58 151 50
58 151 50
58 151 50
58 151 50
58 151 50
58 151 50
58 151 50
58 151 50
58 151 50
58 151 50
58 151 50
58 151 50
58 151 50
58 151 50
58 151 50
58 151 50
57 151 50
57 151 50
57 151 50
57 151 50
57 151 50
57 151 50
57 151 50
57 151 50
57 151 50
57 151 50
57 151 50
57 151 50
57 151 50
57 151 50
57 151 50
57 151 50
57 151 50
57 151 50
57 151 50
57 151 50
57 151 50
57 151 50
57 151 50
57 151 50
57 151 50
57 151 50
57 151 50
57 151 50
57 151 50
57 151 50
57 151 50
57 151 50
57 151 50
57 151 50
57 151 50
57 151 50
56 151 50
56 151 50
56 151 50
56 151 50
56 151 50
56 151 50
56 151 50
56 151 50
56 151 50
56 151 50
56 151 50
56 151 50
56 151 50
56 151 50
56 151 50
56 151 50
56 151 50
56 151 50
56 151 50
56 151 50
56 151 50
56 151 50
56 151 50
56 151 50
56 151 50
56 151 50
56 151 50
56 151 50
56 151 50
56 151 50
56 151 50
56 151 50
56 151 50
56 151 50
55 151 50
55 151 50
55 151 50
55 151 50
55 151 50
55 151 50
55 151 50
55 151 50
55 151 50
55 151 50
55 151 50
55 151 50
55 151 50
55 151 50
55 151 50
55 151 50
55 151 50
55 151 50
55 151 50
55 151 50
55 151 50
55 151 50
55 151 50
55 151 50
55 151 50
55 151 50
55 151 50
55 151 50
55 151 50
55 151 50
55 151 50
54 151 50
54 151 50
54 151 50
54 151 50
54 151 50
54 151 50
54 151 50
54 151 50
54 151 50
54 151 50
54 151 50
54 151 50
54 151 50
54 151 50
54 151 50
54 151 50
54 151 50
54 151 50
54 151 50
54 151 50
54 151 50
54 151 50
54 151 50
54 151 50
54 151 50
54 151 50
54 151 50
54 151 50
53 151 50
53 151 50
53 151 50
53 151 50
53 151 50
53 151 50
53 151 50
53 151 50
53 151 50
53 151 50
53 151 50
53 151 50
53 151 50
53 151 50
53 151 50
53 151 50
53 151 50
53 151 50
53 151 50
53 151 50
53 151 50
53 151 50
53 151 50
53 151 50
52 151 50
52 151 50
52 151 50
52 151 50
52 151 50
52 151 50
52 151 50
52 151 50
52 151 50
52 151 50
52 151 50
52 151 50
52 151 50
52 151 50
52 151 50
52 151 50
52 151 50
52 151 50
52 151 50
52 151 50
51 151 50
51 151 50
51 151 50
51 151 50
51 151 50
51 151 50
51 151 50
51 151 50
51 151 50
51 151 50
51 151 50
51 151 50
51 151 50
51 151 50
51 151 50
51 151 50
51 151 50
51 150 800
51 149 50
51 149 50
51 149 50
51 149 50
51 149 50
51 149 50
51 149 50
51 149 50
51 149 50
51 149 50
51 149 50
51 149 50
51 149 50
51 149 50
51 149 50
51 149 50
51 148 50
51 148 50
51 148 50
51 148 50
51 148 50
51 148 50
51 148 50
51 148 50
51 148 50
51 148 50
51 148 50
51 148 50
51 148 50
51 148 50
51 148 50
51 148 50
51 148 50
51 147 50
51 147 50
51 147 50
51 147 50
51 147 50
51 147 50
51 147 50
51 147 50
51 147 50
51 147 50
51 147 50
51 147 50
51 147 50
51 147 50
51 147 50
51 147 50
51 147 50
51 147 50
51 146 50
51 146 50
51 146 50
51 146 50
51 146 50
51 146 50
51 146 50
51 146 50
51 146 50
51 146 50
51 146 50
51 146 50
51 146 50
51 146 50
51 146 50
51 146 50
51 146 50
51 146 50
51 146 50
51 146 50
51 145 50
51 145 50
51 145 50
51 145 50
51 145 50
51 145 50
51 145 50
51 145 50
51 145 50
51 145 50
51 145 50
51 145 50
51 145 50
51 145 50
51 145 50
51 145 50
51 145 50
51 145 50
51 145 50
51 145 50
51 145 50
51 145 50
51 144 50
51 144 50
51 144 50
51 144 50
51 144 50
51 144 50
51 144 50
51 144 50
51 144 50
51 144 50
51 144 50
51 144 50
51 144 50
51 144 50
51 144 50
51 144 50
51 144 50
51 144 50
51 144 50
51 144 50
51 144 50
51 144 50
51 144 50
51 144 50
51 144 50
51 144 50
51 144 50
51 143 50
51 143 50
51 143 50
51 143 50
51 143 50
51 143 50
51 143 50
51 143 50
51 143 50
51 143 50
51 143 50
51 143 50
51 143 50
51 143 50
51 143 50
51 143 50
51 143 50
51 143 50
51 143 50
51 143 50
51 143 50
51 143 50
51 143 50
51 143 50
51 143 50
51 143 50
51 143 50
51 143 50
51 143 50
51 143 50
51 143 50
51 143 50
51 142 50
51 142 50
51 142 50
51 142 50
51 142 50
51 142 50
51 142 50
51 142 50
51 142 50
51 142 50
51 142 50
51 142 50
51 142 50
51 142 50
51 142 50
51 142 50
51 142 50
51 142 50
51 142 50
51 142 50
51 142 50
51 142 50
51 142 50
51 142 50
51 142 50
51 142 50
51 142 50
51 142 50
51 142 50
51 142 50
51 142 50
51 142 50
51 142 50
51 142 50
51 142 50
51 142 50
51 142 50
51 142 50
51 141 50
51 141 50
51 141 50
51 141 50
51 141 50
51 141 50
51 141 50
51 141 50
51 141 50
51 141 50
51 141 50
51 141 50
51 141 50
51 141 50
51 141 50
51 141 50
51 141 50
51 141 50
51 141 50
51 141 50
51 141 50
51 141 50
51 141 50
51 141 50
51 141 50
51 141 50
51 141 50
51 141 50
51 141 50
51 141 50
51 141 50
51 141 50
51 141 50
51 141 50
51 141 50
51 141 50
51 141 50
51 141 50
51 141 50
51 141 50
51 141 50
51 141 50
51 141 50
51 141 50
51 141 50
51 140 50
51 140 50
51 140 50
51 140 50
51 140 50
51 140 50
51 140 50
51 140 50
51 140 50
51 140 50
51 140 50
51 140 50
51 140 50
51 140 50
51 140 50
51 140 50
51 140 50
51 140 50
51 140 50
51 140 50
51 140 50
51 140 50
51 140 50
51 140 50
51 140 50
51 140 50
51 140 50
51 140 50
51 140 50
51 140 50
51 140 50
51 140 50
51 140 50
51 140 50
51 140 50
51 140 50
51 140 50
51 140 50
51 140 50
51 140 50
51 140 50
51 140 50
51 140 50
51 140 50
51 140 50
51 140 50
51 140 50
51 140 50
51 140 50
51 140 50
51 140 50
51 140 50
51 139 50
51 139 50
51 139 50
51 139 50
51 139 50
51 139 50
51 139 50
51 139 50
51 139 50
51 139 50
51 139 50
51 139 50
51 139 50
51 139 50
51 139 50
51 139 50
51 139 50
51 139 50
51 139 50
51 139 50
51 139 50
51 139 50
51 139 50
51 139 50
51 139 50
51 139 50
51 139 50
51 139 50
51 139 50
51 139 50
51 139 50
51 139 50
51 139 50
51 139 50
51 139 50
51 139 50
51 139 50
51 139 50
51 139 50
51 139 50
51 139 50
51 139 50
51 139 50
51 139 50
51 139 50
51 139 50
51 139 50
51 139 50
51 139 50
51 139 50
51 139 50
51 139 50
51 139 50
51 139 50
51 139 50
51 139 50
51 139 50
51 139 50
51 138 50
51 138 50
51 138 50
51 138 50
51 138 50
51 138 50
51 138 50
51 138 50
51 138 50
51 138 50
51 138 50
51 138 50
51 138 50
51 138 50
51 138 50
51 138 50
51 138 50
51 138 50
51 138 50
51 138 50
51 138 50
51 138 50
51 138 50
51 138 50
51 138 50
51 138 50
51 138 50
51 138 50
51 138 50
51 138 50
51 138 50
51 138 50
51 138 50
51 138 50
51 138 50
51 138 50
51 138 50
51 138 50
51 138 50
51 138 50
51 138 50
51 138 50
51 138 50
51 138 50
51 138 50
51 138 50
51 138 50
51 138 50
51 138 50
51 138 50
51 138 50
51 138 50
51 138 50
51 138 50
51 138 50
51 138 50
51 138 50
51 138 50
51 138 50
51 138 50
51 138 50
51 138 50
51 138 50
51 137 50
51 137 50
51 137 50
51 137 50
51 137 50
51 137 50
51 137 50
51 137 50
51 137 50
51 137 50
51 137 50
51 137 50
51 137 50
51 137 50
51 137 50
51 137 50
51 137 50
51 137 50
51 137 50
51 137 50
51 137 50
51 137 50
51 137 50
51 137 50
51 137 50
51 137 50
51 137 50
51 137 50
51 137 50
51 137 50
51 137 50
51 137 50
51 137 50
51 137 50
51 137 50
51 137 50
51 137 50
51 137 50
51 137 50
51 137 50
51 137 50
51 137 50
51 137 50
51 137 50
51 137 50
51 137 50
51 137 50
51 137 50
51 137 50
51 137 50
51 137 50
51 137 50
51 137 50
51 137 50
51 137 50
51 137 50
51 137 50
51 137 50
51 137 50
51 137 50
51 137 50
51 137 50
51 137 50
51 137 50
51 137 50
51 137 50
51 136 50
51 136 50
51 136 50
51 136 50
51 136 50
51 136 50
51 136 50
51 136 50
51 136 50
51 136 50
51 136 50
51 136 50
51 136 50
51 136 50
51 136 50
51 136 50
51 136 50
51 136 50
51 136 50
51 136 50
51 136 50
51 136 50
51 136 50
51 136 50
51 136 50
51 136 50
51 136 50
51 136 50
51 136 50
51 136 50
51 136 50
51 136 50
51 136 50
51 136 50
51 136 50
51 136 50
51 136 50
51 136 50
51 136 50
51 136 50
51 136 50
51 136 50
51 136 50
51 136 50
51 136 50
51 136 50
51 136 50
51 136 50
51 136 50
51 136 50
51 136 50
51 136 50
51 136 50
51 136 50
51 136 50
51 136 50
51 136 50
51 136 50
51 136 50
51 136 50
51 136 50
51 136 50
51 136 50
51 136 50
51 136 50
51 136 50
51 136 50
51 135 50
51 135 50
51 135 50
51 135 50
51 135 50
51 135 50
51 135 50
51 135 50
51 135 50
51 135 50
51 135 50
51 135 50
51 135 50
51 135 50
51 135 50
51 135 50
51 135 50
51 135 50
51 135 50
51 135 50
51 135 50
51 135 50
51 135 50
51 135 50
51 135 50
51 135 50
51 135 50
51 135 50
51 135 50
51 135 50
51 135 50
51 135 50
51 135 50
51 135 50
51 135 50
51 135 50
51 135 50
51 135 50
51 135 50
51 135 50
51 135 50
51 135 50
51 135 50
51 135 50
51 135 50
51 135 50
51 135 50
51 135 50
51 135 50
51 135 50
51 135 50
51 135 50
51 135 50
51 135 50
51 135 50
51 135 50
51 135 50
51 135 50
51 135 50
51 135 50
51 135 50
51 135 50
51 135 50
51 135 50
51 135 50
51 135 50
51 134 50
51 134 50
51 134 50
51 134 50
51 134 50
51 134 50
51 134 50
51 134 50
51 134 50
51 134 50
51 134 50
51 134 50
51 134 50
51 134 50
51 134 50
51 134 50
51 134 50
51 134 50
51 134 50
51 134 50
51 134 50
51 134 50
51 134 50
51 134 50
51 134 50
51 134 50
51 134 50
51 134 50
51 134 50
51 134 50
51 134 50
51 134 50
51 134 50
51 134 50
51 134 50
51 134 50
51 134 50
51 134 50
51 134 50
51 134 50
51 134 50
51 134 50
51 134 50
51 134 50
51 134 50
51 134 50
51 134 50
51 134 50
51 134 50
51 134 50
51 134 50
51 134 50
51 134 50
51 134 50
51 134 50
51 134 50
51 134 50
51 134 50
51 134 50
51 134 50
51 134 50
51 134 50
51 134 50
51 133 50
51 133 50
51 133 50
51 133 50
51 133 50
51 133 50
51 133 50
51 133 50
51 133 50
51 133 50
51 133 50
51 133 50
51 133 50
51 133 50
51 133 50
51 133 50
51 133 50
51 133 50
51 133 50
51 133 50
51 133 50
51 133 50
51 133 50
51 133 50
51 133 50
51 133 50
51 133 50
51 133 50
51 133 50
51 133 50
51 133 50
51 133 50
51 133 50
51 133 50
51 133 50
51 133 50
51 133 50
51 133 50
51 133 50
51 133 50
51 133 50
51 133 50
51 133 50
51 133 50
51 133 50
51 133 50
51 133 50
51 133 50
51 133 50
51 133 50
51 133 50
51 133 50
51 133 50
51 133 50
51 133 50
51 133 50
51 133 50
51 132 50
51 132 50
51 132 50
51 132 50
51 132 50
51 132 50
51 132 50
51 132 50
51 132 50
51 132 50
51 132 50
51 132 50
51 132 50
51 132 50
51 132 50
51 132 50
51 132 50
51 132 50
51 132 50
51 132 50
51 132 50
51 132 50
51 132 50
51 132 50
51 132 50
51 132 50
51 132 50
51 132 50
51 132 50
51 132 50
51 132 50
51 132 50
51 132 50
51 132 50
51 132 50
51 132 50
51 132 50
51 132 50
51 132 50
51 132 50
51 132 50
51 132 50
51 132 50
51 132 50
51 132 50
51 132 50
51 132 50
51 132 50
51 132 50
51 132 50
51 132 50
51 131 50
51 131 50
51 131 50
51 131 50
51 131 50
51 131 50
51 131 50
51 131 50
51 131 50
51 131 50
51 131 50
51 131 50
51 131 50
51 131 50
51 131 50
51 131 50
51 131 50
51 131 50
51 131 50
51 131 50
51 131 50
51 131 50
51 131 50
51 131 50
51 131 50
51 131 50
51 131 50
51 131 50
51 131 50
51 131 50
51 131 50
51 131 50
51 131 50
51 131 50
51 131 50
51 131 50
51 131 50
51 131 50
51 131 50
51 131 50
51 131 50
51 131 50
51 130 50
51 130 50
51 130 50
51 130 50
51 130 50
51 130 50
51 130 50
51 130 50
51 130 50
51 130 50
51 130 50
51 130 50
51 130 50
51 130 50
51 130 50
51 130 50
51 130 50
51 130 50
51 130 50
51 130 50
51 130 50
51 130 50
51 130 50
51 130 50
51 130 50
51 130 50
51 130 50
51 130 50
51 130 50
51 130 50
51 130 50
51 130 50
51 130 50
51 129 50
51 129 50
51 129 50
51 129 50
51 129 50
51 129 50
51 129 50
51 129 50
51 129 50
51 129 50
51 129 50
51 129 50
51 129 50
51 129 50
51 129 50
51 129 50
51 129 50
51 129 50
51 129 50
51 129 50
51 129 50
51 129 50
51 129 50
51 129 50
51 129 50
51 128 50
51 128 50
51 128 50
51 128 50
51 128 50
51 128 50
51 128 50
51 128 50
51 128 50
51 128 50
51 128 50
51 128 50
51 128 50
51 128 50
51 128 50
51 128 50
51 128 50
51 127 50
51 127 50
51 127 50
51 127 50
51 127 50
51 127 50
51 127 50
51 127 50
51 127 50
51 127 50
51 127 50
51 126 50
51 126 50
51 126 50
51 126 50
51 126 50
51 126 50
51 126 50
51 125 50
51 125 50
51 125 50
51 125 50
51 125 50
51 124 50
51 124 50
51 124 50
51 123 50
51 123 50
51 122 50
51 122 50
51 121 50
51 121 50
51 120 50
51 119 50
51 118 50
51 117 50
51 116 50
51 115 50
51 115 50
114 151 50
115 151 50
116 151 50
117 151 50
118 151 50
119 151 50
120 151 50
121 151 50
122 151 50
123 151 50
124 151 50
125 151 50
126 151 50
127 151 50
128 151 50
129 151 50
129 151 50
130 151 50
130 151 50
130 151 50
131 151 50
131 151 50
131 151 50
131 151 50
132 151 50
132 151 50
132 151 50
132 151 50
132 151 50
132 151 50
133 151 50
133 151 50
133 151 50
133 151 50
133 151 50
133 151 50
133 151 50
133 151 50
133 151 50
134 151 50
134 151 50
134 151 50
134 151 50
134 151 50
134 151 50
134 151 50
134 151 50
134 151 50
134 151 50
134 151 50
134 151 50
135 151 50
135 151 50
135 151 50
135 151 50
135 151 50
135 151 50
135 151 50
135 151 50
135 151 50
135 151 50
135 151 50
135 151 50
135 151 50
135 151 50
135 151 50
135 151 50
135 151 50
136 151 50
136 151 50
136 151 50
136 151 50
136 151 50
136 151 50
136 151 50
136 151 50
136 151 50
136 151 50
136 151 50
136 151 50
136 151 50
136 151 50
136 151 50
136 151 50
136 151 50
136 151 50
136 151 50
136 151 50
136 151 50
137 151 50
137 151 50
137 151 50
137 151 50
137 151 50
137 151 50
137 151 50
137 151 50
137 151 50
137 151 50
137 151 50
137 151 50
137 151 50
137 151 50
137 151 50
137 151 50
137 151 50
137 151 50
137 151 50
137 151 50
137 151 50
137 151 50
137 151 50
137 151 50
137 151 50
138 151 50
138 151 50
138 151 50
138 151 50
138 151 50
138 151 50
138 151 50
138 151 50
138 151 50
138 151 50
138 151 50
138 151 50
138 151 50
138 151 50
138 151 50
138 151 50
138 151 50
138 151 50
138 151 50
138 151 50
138 151 50
138 151 50
138 151 50
138 151 50
138 151 50
138 151 50
138 151 50
138 151 50
138 151 50
139 151 50
139 151 50
139 151 50
139 151 50
139 151 50
139 151 50
139 151 50
139 151 50
139 151 50
139 151 50
139 151 50
139 151 50
139 151 50
139 151 50
139 151 50
139 151 50
139 151 50
139 151 50
139 151 50
139 151 50
139 151 50
139 151 50
139 151 50
139 151 50
139 151 50
139 151 50
139 151 50
139 151 50
139 151 50
139 151 50
139 151 50
140 151 50
140 151 50
140 151 50
140 151 50
140 151 50
140 151 50
140 151 50
140 151 50
140 151 50
140 151 50
140 151 50
140 151 50
140 151 50
140 151 50
140 151 50
140 151 50
140 151 50
140 151 50
140 151 50
140 151 50
140 151 50
140 151 50
140 151 50
140 151 50
140 151 50
140 151 50
140 151 50
140 151 50
140 151 50
140 151 50
140 151 50
140 151 50
140 151 50
141 151 50
141 151 50
141 151 50
141 151 50
141 151 50
141 151 50
141 151 50
141 151 50
141 151 50
141 151 50
141 151 50
141 151 50
141 151 50
141 151 50
141 151 50
141 151 50
141 151 50
141 151 50
141 151 50
141 151 50
141 151 50
141 151 50
141 151 50
141 151 50
141 151 50
141 151 50
141 151 50
141 151 50
141 151 50
141 151 50
141 151 50
141 151 50
141 151 50
141 151 50
142 151 50
142 151 50
142 151 50
142 151 50
142 151 50
142 151 50
142 151 50
142 151 50
142 151 50
142 151 50
142 151 50
142 151 50
142 151 50
142 151 50
142 151 50
142 151 50
142 151 50
142 151 50
142 151 50
142 151 50
142 151 50
142 151 50
142 151 50
142 151 50
142 151 50
142 151 50
142 151 50
142 151 50
142 151 50
142 151 50
142 151 50
142 151 50
142 151 50
142 151 50
143 151 50
143 151 50
143 151 50
143 151 50
143 151 50
143 151 50
143 151 50
143 151 50
143 151 50
143 151 50
143 151 50
143 151 50
143 151 50
143 151 50
143 151 50
143 151 50
143 151 50
143 151 50
143 151 50
143 151 50
143 151 50
143 151 50
143 151 50
143 151 50
143 151 50
143 151 50
143 151 50
143 151 50
143 151 50
143 151 50
143 151 50
143 151 50
143 151 50
144 151 50
144 151 50
144 151 50
144 151 50
144 151 50
144 151 50
144 151 50
144 151 50
144 151 50
144 151 50
144 151 50
144 151 50
144 151 50
144 151 50
144 151 50
144 151 50
144 151 50
144 151 50
144 151 50
144 151 50
144 151 50
144 151 50
144 151 50
144 151 50
144 151 50
144 151 50
144 151 50
144 151 50
144 151 50
144 151 50
144 151 50
144 151 50
145 151 50
145 151 50
145 151 50
145 151 50
145 151 50
145 151 50
145 151 50
145 151 50
145 151 50
145 151 50
145 151 50
145 151 50
145 151 50
145 151 50
145 151 50
145 151 50
145 151 50
145 151 50
145 151 50
145 151 50
145 151 50
145 151 50
145 151 50
145 151 50
145 151 50
145 151 50
145 151 50
145 151 50
145 151 50
145 151 50
146 151 50
146 151 50
146 151 50
146 151 50
146 151 50
146 151 50
146 151 50
146 151 50
146 151 50
146 151 50
146 151 50
146 151 50
146 151 50
146 151 50
146 151 50
146 151 50
146 151 50
146 151 50
146 151 50
146 151 50
146 151 50
146 151 50
146 151 50
146 151 50
146 151 50
146 151 50
146 151 50
146 151 50
147 151 50
147 151 50
147 151 50
147 151 50
147 151 50
147 151 50
147 151 50
147 151 50
147 151 50
147 151 50
147 151 50
147 151 50
147 151 50
147 151 50
147 151 50
147 151 50
147 151 50
147 151 50
147 151 50
147 151 50
147 151 50
147 151 50
147 151 50
147 151 50
147 151 50
147 151 50
148 151 50
148 151 50
148 151 50
148 151 50
148 151 50
148 151 50
148 151 50
148 151 50
148 151 50
148 151 50
148 151 50
148 151 50
148 151 50
148 151 50
148 151 50
148 151 50
148 151 50
148 151 50
148 151 50
148 151 50
148 151 50
148 151 50
148 151 50
149 151 50
149 151 50
149 151 50
149 151 50
149 151 50
149 151 50
149 151 50
149 151 50
149 151 50
149 151 50
149 151 50
149 151 50
149 151 50
149 151 50
149 151 50
149 151 50
149 151 50
149 151 50
149 151 50
149 151 50
149 151 50
150 151 50
150 151 50
150 151 50
150 151 50
150 151 50
150 151 50
150 151 50
150 151 50
150 151 50
150 151 50
150 151 50
150 151 50
150 151 50
150 151 50
150 151 50
150 151 50
150 151 50
150 151 50
150 151 50
151 151 50
151 151 50
151 151 50
151 151 50
151 151 50
151 151 50
151 151 50
151 151 50
151 151 50
151 151 50
151 151 50
151 151 50
151 151 50
151 151 50
151 151 50
151 151 50
151 151 50
151 150 800
151 150 50
151 150 50
151 150 50
151 150 50
151 149 50
151 149 50
151 149 50
151 149 50
151 149 50
151 149 50
151 149 50
151 149 50
151 149 50
151 149 50
151 149 50
151 149 50
151 149 50
151 149 50
151 149 50
151 149 50
151 149 50
151 149 50
151 149 50
151 149 50
151 149 50
151 149 50
151 148 50
151 148 50
151 148 50
151 148 50
151 148 50
151 148 50
151 148 50
151 148 50
151 148 50
151 148 50
151 148 50
151 148 50
151 148 50
151 148 50
151 148 50
151 148 50
151 148 50
151 148 50
151 148 50
151 148 50
151 148 50
151 148 50
151 148 50
151 148 50
151 148 50
151 147 50
151 147 50
151 147 50
151 147 50
151 147 50
151 147 50
151 147 50
151 147 50
151 147 50
151 147 50
151 147 50
151 147 50
151 147 50
151 147 50
151 147 50
151 147 50
151 147 50
151 147 50
151 147 50
151 147 50
151 147 50
151 147 50
151 147 50
151 147 50
151 147 50
151 147 50
151 146 50
151 146 50
151 146 50
151 146 50
151 146 50
151 146 50
151 146 50
151 146 50
151 146 50
151 146 50
151 146 50
151 146 50
151 146 50
151 146 50
151 146 50
151 146 50
151 146 50
151 146 50
151 146 50
151 146 50
151 146 50
151 146 50
151 146 50
151 146 50
151 146 50
151 146 50
151 146 50
151 145 50
151 145 50
151 145 50
151 145 50
151 145 50
151 145 50
151 145 50
151 145 50
151 145 50
151 145 50
151 145 50
151 145 50
151 145 50
151 145 50
151 145 50
151 145 50
151 145 50
151 145 50
151 145 50
151 145 50
151 145 50
151 145 50
151 145 50
151 145 50
151 145 50
151 145 50
151 144 50
151 144 50
151 144 50
151 144 50
151 144 50
151 144 50
151 144 50
151 144 50
151 144 50
151 144 50
151 144 50
151 144 50
151 144 50
151 144 50
151 144 50
151 144 50
151 144 50
151 144 50
151 144 50
151 144 50
151 144 50
151 144 50
151 144 50
151 144 50
151 144 50
151 143 50
151 143 50
151 143 50
151 143 50
151 143 50
151 143 50
151 143 50
151 143 50
151 143 50
151 143 50
151 143 50
151 143 50
151 143 50
151 143 50
151 143 50
151 143 50
151 143 50
151 143 50
151 143 50
151 143 50
151 143 50
151 143 50
151 143 50
151 142 50
151 142 50
151 142 50
151 142 50
151 142 50
151 142 50
151 142 50
151 142 50
151 142 50
151 142 50
151 142 50
151 142 50
151 142 50
151 142 50
151 142 50
151 142 50
151 142 50
151 142 50
151 142 50
151 142 50
151 141 50
151 141 50
151 141 50
151 141 50
151 141 50
151 141 50
151 141 50
151 141 50
151 141 50
151 141 50
151 141 50
151 141 50
151 141 50
151 141 50
151 141 50
151 141 50
151 141 50
151 141 50
151 140 50
151 140 50
151 140 50
151 140 50
151 140 50
151 140 50
151 140 50
151 140 50
151 140 50
151 140 50
151 140 50
151 140 50
151 140 50
151 140 50
151 140 50
151 140 50
151 139 50
151 139 50
151 139 50
151 139 50
151 139 50
151 139 50
151 139 50
151 139 50
151 139 50
151 139 50
151 139 50
151 139 50
151 139 50
151 138 50
151 138 50
151 138 50
151 138 50
151 138 50
151 138 50
151 138 50
151 138 50
151 138 50
151 138 50
151 138 50
151 137 50
151 137 50
151 137 50
151 137 50
151 137 50
151 137 50
151 137 50
151 137 50
151 137 50
151 136 50
151 136 50
151 136 50
151 136 50
151 136 50
151 136 50
151 136 50
151 135 50
151 135 50
151 135 50
151 135 50
151 135 50
151 134 50
151 134 50
151 134 50
151 134 50
151 133 50
151 133 50
151 133 50
151 132 50
151 132 50
151 131 50
151 131 50
151 130 50
151 129 50
151 128 50
152 128 50
153 128 50
154 128 50
155 128 50
156 128 50
157 128 50
158 128 50
159 128 50
160 128 50
161 128 50
161 128 50
162 128 50
162 128 50
162 128 50
163 128 50
163 128 50
163 128 50
163 128 50
164 128 50
164 128 50
164 128 50
164 128 50
164 128 50
164 128 50
165 128 50
165 128 50
165 128 50
165 128 50
165 128 50
165 128 50
165 128 50
165 128 50
165 128 50
166 128 50
166 128 50
166 128 50
166 128 50
166 128 50
166 128 50
166 128 50
166 128 50
166 128 50
166 128 50
166 128 50
166 128 50
166 128 50
166 128 50
167 128 50
167 128 50
167 128 50
167 128 50
167 128 50
167 128 50
167 128 50
167 128 50
167 128 50
167 128 50
167 128 50
167 128 50
167 128 50
167 128 50
167 128 50
167 128 50
167 128 50
167 128 50
167 128 50
168 128 50
168 128 50
168 128 50
168 128 50
168 128 50
168 128 50
168 128 50
168 128 50
168 128 50
168 128 50
168 128 50
168 128 50
168 128 50
168 128 50
168 128 50
168 128 50
168 128 50
168 128 50
168 128 50
168 128 50
168 128 50
168 128 50
168 128 50
168 128 50
168 128 50
169 128 50
169 128 50
169 128 50
169 128 50
169 128 50
169 128 50
169 128 50
169 128 50
169 128 50
169 128 50
169 128 50
169 128 50
169 128 50
169 128 50
169 128 50
169 128 50
169 128 50
169 128 50
169 128 50
169 128 50
169 128 50
169 128 50
169 128 50
169 128 50
169 128 50
169 128 50
169 128 50
169 128 50
169 128 50
169 128 50
169 128 50
170 128 50
170 128 50
170 128 50
170 128 50
170 128 50
170 128 50
170 128 50
170 128 50
170 128 50
170 128 50
170 128 50
170 128 50
170 128 50
170 128 50
170 128 50
170 128 50
170 128 50
170 128 50
170 128 50
170 128 50
170 128 50
170 128 50
170 128 50
170 128 50
170 128 50
170 128 50
170 128 50
170 128 50
170 128 50
170 128 50
170 128 50
170 128 50
170 128 50
170 128 50
170 128 50
170 128 50
170 128 50
171 128 50
171 128 50
171 128 50
171 128 50
171 128 50
171 128 50
171 128 50
171 128 50
171 128 50
171 128 50
171 128 50
171 128 50
171 128 50
171 128 50
171 128 50
171 128 50
171 128 50
171 128 50
171 128 50
171 128 50
171 128 50
171 128 50
171 128 50
171 128 50
171 128 50
171 128 50
171 128 50
171 128 50
171 128 50
171 128 50
171 128 50
171 128 50
171 128 50
171 128 50
171 128 50
171 128 50
171 128 50
171 128 50
171 128 50
171 128 50
172 128 50
172 128 50
172 128 50
172 128 50
172 128 50
172 128 50
172 128 50
172 128 50
172 128 50
172 128 50
172 128 50
172 128 50
172 128 50
172 128 50
172 128 50
172 128 50
172 128 50
172 128 50
172 128 50
172 128 50
172 128 50
172 128 50
172 128 50
172 128 50
172 128 50
172 128 50
172 128 50
172 128 50
172 128 50
172 128 50
172 128 50
172 128 50
172 128 50
172 128 50
172 128 50
172 128 50
172 128 50
172 128 50
172 128 50
172 128 50
172 128 50
172 128 50
172 128 50
172 129 2100
172 129 50
172 129 50
172 129 50
172 129 50
172 130 50
172 130 50
172 130 50
172 130 50
172 130 50
172 130 50
172 130 50
172 130 50
172 130 50
172 130 50
172 130 50
172 130 50
172 130 50
172 130 50
172 130 50
172 130 50
172 130 50
172 130 50
172 130 50
172 130 50
172 130 50
172 130 50
172 130 50
172 130 50
172 130 50
172 130 50
172 130 50
172 130 50
172 130 50
172 130 50
172 130 50
172 130 50
172 130 50
172 130 50
172 130 50
172 130 50
172 130 50
172 130 50
172 130 50
172 130 50
172 130 50
172 130 50
172 130 50
172 130 50
172 130 50
172 130 50
172 130 50
172 130 50
172 131 50
172 131 50
172 131 50
172 131 50
172 131 50
172 131 50
172 131 50
172 131 50
172 131 50
172 131 50
172 131 50
172 131 50
172 131 50
172 131 50
172 131 50
172 131 50
172 131 50
172 131 50
172 131 50
172 131 50
172 131 50
172 131 50
172 131 50
172 131 50
172 131 50
172 131 50
172 131 50
172 131 50
172 131 50
172 131 50
172 131 50
172 131 50
172 131 50
172 131 50
172 131 50
172 131 50
172 131 50
172 131 50
172 131 50
172 131 50
172 131 50
172 131 50
172 131 50
172 131 50
172 131 50
172 131 50
172 131 50
172 131 50
172 131 50
172 132 50
172 132 50
172 132 50
172 132 50
172 132 50
172 132 50
172 132 50
172 132 50
172 132 50
172 132 50
172 132 50
172 132 50
172 132 50
172 132 50
172 132 50
172 132 50
172 132 50
172 132 50
172 132 50
172 132 50
172 132 50
172 132 50
172 132 50
172 132 50
172 132 50
172 132 50
172 132 50
172 132 50
172 132 50
172 132 50
172 132 50
172 132 50
172 132 50
172 132 50
172 132 50
172 132 50
172 132 50
172 132 50
172 132 50
172 132 50
172 132 50
172 132 50
172 132 50
172 132 50
172 132 50
172 132 50
172 132 50
172 132 50
172 132 50
172 133 50
172 133 50
172 133 50
172 133 50
172 133 50
172 133 50
172 133 50
172 133 50
172 133 50
172 133 50
172 133 50
172 133 50
172 133 50
172 133 50
172 133 50
172 133 50
172 133 50
172 133 50
172 133 50
172 133 50
172 133 50
172 133 50
172 133 50
172 133 50
172 133 50
172 133 50
172 133 50
172 133 50
172 133 50
172 133 50
172 133 50
172 133 50
172 133 50
172 133 50
172 133 50
172 133 50
172 133 50
172 133 50
172 133 50
172 133 50
172 133 50
172 133 50
172 133 50
172 133 50
172 133 50
172 133 50
172 133 50
172 134 50
172 134 50
172 134 50
172 134 50
172 134 50
172 134 50
172 134 50
172 134 50
172 134 50
172 134 50
172 134 50
172 134 50
172 134 50
172 134 50
172 134 50
172 134 50
172 134 50
172 134 50
172 134 50
172 134 50
172 134 50
172 134 50
172 134 50
172 134 50
172 134 50
172 134 50
172 134 50
172 134 50
172 134 50
172 134 50
172 134 50
172 134 50
172 134 50
172 134 50
172 134 50
172 134 50
172 134 50
172 134 50
172 134 50
172 134 50
172 134 50
172 134 50
172 134 50
172 134 50
172 135 50
172 135 50
172 135 50
172 135 50
172 135 50
172 135 50
172 135 50
172 135 50
172 135 50
172 135 50
172 135 50
172 135 50
172 135 50
172 135 50
172 135 50
172 135 50
172 135 50
172 135 50
172 135 50
172 135 50
172 135 50
172 135 50
172 135 50
172 135 50
172 135 50
172 135 50
172 135 50
172 135 50
172 135 50
172 135 50
172 135 50
172 135 50
172 135 50
172 135 50
172 135 50
172 135 50
172 135 50
172 135 50
172 135 50
172 135 50
172 135 50
172 136 50
172 136 50
172 136 50
172 136 50
172 136 50
172 136 50
172 136 50
172 136 50
172 136 50
172 136 50
172 136 50
172 136 50
172 136 50
172 136 50
172 136 50
172 136 50
172 136 50
172 136 50
172 136 50
172 136 50
172 136 50
172 136 50
172 136 50
172 136 50
172 136 50
172 136 50
172 136 50
172 136 50
172 136 50
172 136 50
172 136 50
172 136 50
172 136 50
172 136 50
172 136 50
172 136 50
172 137 50
172 137 50
172 137 50
172 137 50
172 137 50
172 137 50
172 137 50
172 137 50
172 137 50
172 137 50
172 137 50
172 137 50
172 137 50
172 137 50
172 137 50
172 137 50
172 137 50
172 137 50
172 137 50
172 137 50
172 137 50
172 137 50
172 137 50
172 137 50
172 137 50
172 137 50
172 137 50
172 137 50
172 137 50
172 137 50
172 138 50
172 138 50
172 138 50
172 138 50
172 138 50
172 138 50
172 138 50
172 138 50
172 138 50
172 138 50
172 138 50
172 138 50
172 138 50
172 138 50
172 138 50
172 138 50
172 138 50
172 138 50
172 138 50
172 138 50
172 138 50
172 138 50
172 138 50
172 138 50
172 138 50
172 139 50
172 139 50
172 139 50
172 139 50
172 139 50
172 139 50
172 139 50
172 139 50
172 139 50
172 139 50
172 139 50
172 139 50
172 139 50
172 139 50
172 139 50
172 139 50
172 139 50
172 139 50
172 139 50
172 139 50
172 140 50
172 140 50
172 140 50
172 140 50
172 140 50
172 140 50
172 140 50
172 140 50
172 140 50
172 140 50
172 140 50
172 140 50
172 140 50
172 140 50
172 140 50
172 140 50
172 141 50
172 141 50
172 141 50
172 141 50
172 141 50
172 141 50
172 141 50
172 141 50
172 141 50
172 141 50
172 141 50
172 141 50
172 142 50
172 142 50
172 142 50
172 142 50
172 142 50
172 142 50
172 142 50
172 142 50
172 142 50
172 142 50
172 143 50
172 143 50
172 143 50
172 143 50
172 143 50
172 143 50
172 143 50
172 144 50
172 144 50
172 144 50
172 144 50
172 144 50
172 145 50
172 145 50
172 145 50
172 145 50
172 146 50
172 146 50
172 146 50
172 147 50
172 147 50
172 148 50
172 148 50
172 149 50
172 150 50
172 151 50
172 152 50
172 153 50
172 154 50
172 155 50
172 156 50
172 157 50
172 158 50
172 159 50
172 160 50
172 161 50
172 162 50
172 163 50
172 164 50
172 164 50
172 165 50
172 165 50
172 166 50
172 166 50
172 167 50
172 167 50
172 167 50
172 168 50
172 168 50
172 168 50
172 168 50
172 169 50
172 169 50
172 169 50
172 169 50
172 169 50
172 170 50
172 170 50
172 170 50
172 170 50
172 170 50
172 170 50
172 171 50
172 171 50
172 171 50
172 171 50
172 171 50
172 171 50
172 171 50
172 172 50
172 172 50
172 172 50
172 172 50
172 172 50
172 172 50
172 172 50
172 172 50
172 172 50
172 173 50
172 173 50
172 173 50
172 173 50
172 173 50
172 173 50
172 173 50
172 173 50
172 173 50
172 173 50
172 173 50
172 174 50
172 174 50
172 174 50
172 174 50
172 174 50
172 174 50
172 174 50
172 174 50
172 174 50
172 174 50
172 174 50
172 174 50
172 174 50
172 175 50
172 175 50
172 175 50
172 175 50
172 175 50
172 175 50
172 175 50
172 175 50
172 175 50
172 175 50
172 175 50
172 175 50
172 175 50
172 175 50
172 175 50
172 176 50
172 176 50
172 176 50
172 176 50
172 176 50
172 176 50
172 176 50
172 176 50
172 176 50
172 176 50
172 176 50
172 176 50
172 176 50
172 176 50
172 176 50
172 176 50
172 176 50
172 176 50
172 177 50
172 177 50
172 177 50
172 177 50
172 177 50
172 177 50
172 177 50
172 177 50
172 177 50
172 177 50
172 177 50
172 177 50
172 177 50
172 177 50
172 177 50
172 177 50
172 177 50
172 177 50
172 177 50
172 177 50
172 178 50
172 178 50
172 178 50
172 178 50
172 178 50
172 178 50
172 178 50
172 178 50
172 178 50
172 178 50
172 178 50
172 178 50
172 178 50
172 178 50
172 178 50
172 178 50
172 178 50
172 178 50
172 178 50
172 178 50
172 178 50
172 178 50
172 179 50
172 179 50
172 179 50
172 179 50
172 179 50
172 179 50
172 179 50
172 179 50
172 179 50
172 179 50
172 179 50
172 179 50
172 179 50
172 179 50
172 179 50
172 179 50
172 179 50
172 179 50
172 179 50
172 179 50
172 179 50
172 179 50
172 179 50
172 180 50
172 180 50
172 180 50
172 180 50
172 180 50
172 180 50
172 180 50
172 180 50
172 180 50
172 180 50
172 180 50
172 180 50
172 180 50
172 180 50
172 180 50
172 180 50
172 180 50
172 180 50
172 180 50
172 180 50
172 180 50
172 180 50
172 180 50
172 180 50
172 181 50
172 181 50
172 181 50
172 181 50
172 181 50
172 181 50
172 181 50
172 181 50
172 181 50
172 181 50
172 181 50
172 181 50
172 181 50
172 181 50
172 181 50
172 181 50
172 181 50
172 181 50
172 181 50
172 181 50
172 181 50
172 181 50
172 181 50
172 181 50
172 182 50
172 182 50
172 182 50
172 182 50
172 182 50
172 182 50
172 182 50
172 182 50
172 182 50
172 182 50
172 182 50
172 182 50
172 182 50
172 182 50
172 182 50
172 182 50
172 182 50
172 182 50
172 182 50
172 182 50
172 182 50
172 182 50
172 183 50
172 183 50
172 183 50
172 183 50
172 183 50
172 183 50
172 183 50
172 183 50
172 183 50
172 183 50
172 183 50
172 183 50
172 183 50
172 183 50
172 183 50
172 183 50
172 183 50
172 183 50
172 183 50
172 183 50
172 184 50
172 184 50
172 184 50
172 184 50
172 184 50
172 184 50
172 184 50
172 184 50
172 184 50
172 184 50
172 184 50
172 184 50
172 184 50
172 184 50
172 184 50
172 184 50
172 184 50
172 184 50
161 127 850
161 126 50
161 126 50
161 125 50
161 125 50
161 125 50
161 124 50
161 124 50
161 124 50
161 123 50
161 123 50
161 123 50
161 123 50
161 122 50
161 122 50
161 122 50
161 122 50
161 122 50
161 122 50
161 121 50
161 121 50
161 121 50
161 121 50
161 121 50
161 121 50
161 121 50
161 121 50
161 120 50
161 120 50
161 120 50
161 120 50
161 120 50
161 120 50
161 120 50
161 120 50
161 120 50
161 120 50
161 120 50
161 119 50
161 119 50
161 119 50
161 119 50
161 119 50
161 119 50
161 119 50
161 119 50
161 119 50
161 119 50
161 119 50
161 119 50
161 119 50
161 119 50
161 119 50
161 119 50
161 118 50
161 118 50
161 118 50
161 118 50
161 118 50
161 118 50
161 118 50
161 118 50
161 118 50
161 118 50
161 118 50
161 118 50
161 118 50
161 118 50
161 118 50
161 118 50
161 118 50
161 118 50
161 118 50
161 118 50
161 118 50
161 117 50
161 117 50
161 117 50
161 117 50
161 117 50
161 117 50
161 117 50
161 117 50
161 117 50
161 117 50
161 117 50
161 117 50
161 117 50
161 117 50
161 117 50
161 117 50
161 117 50
161 117 50
161 117 50
161 117 50
161 117 50
161 117 50
161 117 50
161 117 50
161 117 50
161 117 50
161 117 50
161 116 50
161 116 50
161 116 50
161 116 50
161 116 50
161 116 50
161 116 50
161 116 50
161 116 50
161 116 50
161 116 50
161 116 50
161 116 50
161 116 50
161 116 50
161 116 50
161 116 50
161 116 50
161 116 50
161 116 50
161 116 50
161 116 50
161 116 50
161 116 50
161 116 50
161 116 50
161 116 50
161 116 50
161 116 50
161 116 50
161 116 50
161 116 50
161 116 50
161 116 50
161 115 50
161 115 50
161 115 50
161 115 50
161 115 50
161 115 50
161 115 50
161 115 50
161 115 50
161 115 50
161 115 50
161 115 50
161 115 50
161 115 50
161 115 50
161 115 50
161 115 50
161 115 50
161 115 50
161 115 50
161 115 50
161 115 50
161 115 50
161 115 50
161 115 50
161 115 50
161 115 50
161 115 50
161 115 50
161 115 50
161 115 50
161 115 50
161 115 50
161 115 50
161 115 50
161 115 50
161 115 50
161 115 50
161 115 50
161 115 50
161 115 50
161 115 50
161 114 50
161 114 50
161 114 50
161 114 50
161 114 50
161 114 50
161 114 50
161 114 50
161 114 50
161 114 50
161 114 50
161 114 50
161 114 50
161 114 50
161 114 50
161 114 50
161 114 50
161 114 50
161 114 50
161 114 50
161 114 50
161 114 50
161 114 50
161 114 50
161 114 50
161 114 50
161 114 50
161 114 50
161 114 50
161 114 50
161 114 50
161 114 50
161 114 50
161 114 50
161 114 50
161 114 50
161 114 50
161 114 50
161 114 50
161 114 50
161 114 50
161 114 50
161 114 50
161 114 50
161 114 50
161 114 50
161 114 50
161 114 50
161 114 50
161 113 50
161 113 50
161 113 50
161 113 50
161 113 50
161 113 50
161 113 50
161 113 50
161 113 50
161 113 50
161 113 50
161 113 50
161 113 50
161 113 50
161 113 50
161 113 50
161 113 50
161 113 50
161 113 50
161 113 50
161 113 50
161 113 50
161 113 50
161 113 50
161 113 50
161 113 50
161 113 50
161 113 50
161 113 50
161 113 50
161 113 50
161 113 50
161 113 50
161 113 50
161 113 50
161 113 50
161 113 50
161 113 50
161 113 50
161 113 50
161 113 50
161 113 50
161 113 50
161 113 50
161 113 50
161 113 50
161 113 50
161 113 50
161 113 50
161 113 50
161 113 50
161 113 50
161 113 50
161 113 50
161 113 50
161 113 50
161 112 50
161 112 50
161 112 50
161 112 50
161 112 50
161 112 50
161 112 50
161 112 50
161 112 50
161 112 50
161 112 50
161 112 50
161 112 50
161 112 50
161 112 50
161 112 50
161 112 50
161 112 50
161 112 50
161 112 50
161 112 50
161 112 50
161 112 50
161 112 50
161 112 50
161 112 50
161 112 50
161 112 50
161 112 50
161 112 50
161 112 50
161 112 50
161 112 50
161 112 50
161 112 50
161 112 50
161 112 50
161 112 50
161 112 50
161 112 50
161 112 50
161 112 50
161 112 50
161 112 50
161 112 50
161 112 50
161 112 50
161 112 50
161 112 50
161 112 50
161 112 50
161 112 50
161 112 50
161 112 50
161 112 50
161 112 50
161 112 50
161 112 50
161 112 50
161 112 50
161 112 50
161 112 50
161 112 50
161 111 50
161 111 50
161 111 50
161 111 50
161 111 50
161 111 50
161 111 50
161 111 50
161 111 50
161 111 50
161 111 50
161 111 50
161 111 50
161 111 50
161 111 50
161 111 50
161 111 50
161 111 50
161 111 50
161 111 50
161 111 50
161 111 50
161 111 50
161 111 50
161 111 50
161 111 50
161 111 50
161 111 50
161 111 50
161 111 50
161 111 50
161 111 50
161 111 50
161 111 50
161 111 50
161 111 50
161 111 50
161 111 50
161 111 50
161 111 50
161 111 50
161 111 50
161 111 50
161 111 50
161 111 50
161 111 50
161 111 50
161 111 50
161 111 50
161 111 50
161 111 50
161 111 50
161 111 50
161 111 50
161 111 50
161 111 50
161 111 50
161 111 50
161 111 50
161 111 50
161 111 50
161 111 50
161 111 50
161 111 50
161 111 50
161 111 50
161 111 50
161 111 50
161 111 50
161 111 50
161 110 50
161 110 50
161 110 50
161 110 50
161 110 50
161 110 50
161 110 50
161 110 50
161 110 50
161 110 50
161 110 50
161 110 50
161 110 50
161 110 50
161 110 50
161 110 50
161 110 50
161 110 50
161 110 50
161 110 50
161 110 50
161 110 50
161 110 50
161 110 50
161 110 50
161 110 50
161 110 50
161 110 50
161 110 50
161 110 50
161 110 50
161 110 50
161 110 50
161 110 50
161 110 50
161 110 50
161 110 50
161 110 50
161 110 50
161 110 50
161 110 50
161 110 50
161 110 50
161 110 50
161 110 50
161 110 50
161 110 50
161 110 50
161 110 50
161 110 50
161 110 50
161 110 50
161 110 50
161 110 50
161 110 50
161 110 50
161 110 50
161 110 50
161 110 50
161 110 50
161 110 50
161 110 50
161 110 50
161 110 50
161 110 50
161 110 50
161 110 50
161 110 50
161 110 50
161 110 50
161 110 50
161 110 50
161 110 50
161 110 50
161 110 50
161 110 50
161 109 50
161 109 50
161 109 50
161 109 50
161 109 50
161 109 50
161 109 50
161 109 50
161 109 50
161 109 50
161 109 50
161 109 50
161 109 50
161 109 50
161 109 50
161 109 50
161 109 50
161 109 50
161 109 50
161 109 50
161 109 50
161 109 50
161 109 50
161 109 50
161 109 50
161 109 50
161 109 50
161 109 50
161 109 50
161 109 50
161 109 50
161 109 50
161 109 50
161 109 50
161 109 50
161 109 50
161 109 50
161 109 50
161 109 50
161 109 50
161 109 50
161 109 50
161 109 50
161 109 50
161 109 50
161 109 50
161 109 50
161 109 50
161 109 50
161 109 50
161 109 50
161 109 50
161 109 50
161 109 50
161 109 50
161 109 50
161 109 50
161 109 50
161 109 50
161 109 50
161 109 50
161 109 50
161 109 50
161 109 50
161 109 50
161 109 50
161 109 50
161 109 50
161 109 50
161 109 50
161 109 50
161 109 50
161 109 50
161 109 50
161 109 50
161 109 50
161 109 50
161 109 50
161 109 50
161 109 50
161 109 50
161 108 50
161 108 50
161 108 50
161 108 50
161 108 50
161 108 50
161 108 50
161 108 50
161 108 50
161 108 50
161 108 50
161 108 50
161 108 50
161 108 50
161 108 50
161 108 50
161 108 50
161 108 50
161 108 50
161 108 50
161 108 50
161 108 50
161 108 50
161 108 50
161 108 50
161 108 50
161 108 50
161 108 50
161 108 50
161 108 50
161 108 50
161 108 50
161 108 50
161 108 50
161 108 50
161 108 50
161 108 50
161 108 50
161 108 50
161 108 50
161 108 50
161 108 50
161 108 50
161 108 50
161 108 50
161 108 50
161 108 50
161 108 50
161 108 50
161 108 50
161 108 50
161 108 50
161 108 50
161 108 50
161 108 50
161 108 50
161 108 50
161 108 50
161 108 50
161 108 50
161 108 50
161 108 50
161 108 50
161 108 50
161 108 50
161 108 50
161 108 50
161 108 50
161 108 50
161 108 50
161 108 50
161 108 50
161 108 50
161 108 50
161 108 50
161 108 50
161 108 50
161 108 50
161 108 50
161 108 50
161 108 50
161 108 50
161 108 50
161 108 50
161 108 50
161 108 50
161 107 50
161 107 50
161 107 50
161 107 50
161 107 50
161 107 50
161 107 50
161 107 50
161 107 50
161 107 50
161 107 50
161 107 50
161 107 50
161 107 50
161 107 50
161 107 50
161 107 50
161 107 50
161 107 50
161 107 50
161 107 50
161 107 50
161 107 50
161 107 50
161 107 50
161 107 50
161 107 50
161 107 50
161 107 50
161 107 50
161 107 50
161 107 50
161 107 50
161 107 50
161 107 50
161 107 50
161 107 50
161 107 50
161 107 50
161 107 50
161 107 50
161 107 50
161 107 50
161 107 50
161 107 50
161 107 50
161 107 50
161 107 50
161 107 50
161 107 50
161 107 50
161 107 50
161 107 50
161 107 50
161 107 50
161 107 50
161 107 50
161 107 50
161 107 50
161 107 50
161 107 50
161 107 50
161 107 50
161 107 50
161 107 50
161 107 50
161 107 50
161 107 50
161 107 50
161 107 50
161 107 50
161 107 50
161 107 50
161 107 50
161 107 50
161 107 50
161 107 50
161 107 50
161 107 50
161 107 50
161 107 50
161 107 50
161 107 50
161 107 50
161 107 50
161 107 50
161 107 50
161 107 50
161 107 50
161 107 50
161 106 50
161 106 50
161 106 50
161 106 50
161 106 50
161 106 50
161 106 50
161 106 50
161 106 50
161 106 50
161 106 50
161 106 50
161 106 50
161 106 50
161 106 50
161 106 50
161 106 50
161 106 50
161 106 50
161 106 50
161 106 50
161 106 50
161 106 50
161 106 50
161 106 50
161 106 50
161 106 50
161 106 50
161 106 50
161 106 50
161 106 50
161 106 50
161 106 50
161 106 50
161 106 50
161 106 50
161 106 50
161 106 50
161 106 50
161 106 50
161 106 50
161 106 50
161 106 50
161 106 50
161 106 50
161 106 50
161 106 50
161 106 50
161 106 50
161 106 50
161 106 50
161 106 50
161 106 50
161 106 50
161 106 50
161 106 50
161 106 50
161 106 50
161 106 50
161 106 50
161 106 50
161 106 50
161 106 50
161 106 50
161 106 50
161 106 50
161 106 50
161 106 50
161 106 50
161 106 50
161 106 50
161 106 50
161 106 50
161 106 50
161 106 50
161 106 50
161 106 50
161 106 50
161 106 50
161 106 50
161 106 50
161 106 50
161 106 50
161 106 50
161 106 50
161 106 50
161 106 50
161 106 50
161 106 50
161 106 50
161 106 50
161 106 50
161 105 50
161 105 50
161 105 50
161 105 50
161 105 50
161 105 50
161 105 50
161 105 50
161 105 50
161 105 50
161 105 50
161 105 50
161 105 50
161 105 50
161 105 50
161 105 50
161 105 50
161 105 50
161 105 50
161 105 50
161 105 50
161 105 50
161 105 50
161 105 50
161 105 50
161 105 50
161 105 50
161 105 50
161 105 50
161 105 50
161 105 50
161 105 50
161 105 50
161 105 50
161 105 50
161 105 50
161 105 50
161 105 50
161 105 50
161 105 50
161 105 50
161 105 50
161 105 50
161 105 50
161 105 50
161 105 50
161 105 50
161 105 50
161 105 50
161 105 50
161 105 50
161 105 50
161 105 50
161 105 50
161 105 50
161 105 50
161 105 50
161 105 50
161 105 50
161 105 50
161 105 50
161 105 50
161 105 50
161 105 50
161 105 50
161 105 50
161 105 50
161 105 50
161 105 50
161 105 50
161 105 50
161 105 50
161 105 50
161 105 50
161 105 50
161 105 50
161 105 50
161 105 50
161 105 50
161 105 50
161 105 50
161 105 50
161 105 50
161 105 50
161 105 50
161 105 50
161 105 50
161 105 50
161 105 50
161 105 50
161 105 50
161 105 50
161 104 50
161 104 50
161 104 50
161 104 50
161 104 50
161 104 50
161 104 50
161 104 50
161 104 50
161 104 50
161 104 50
161 104 50
161 104 50
161 104 50
161 104 50
161 104 50
161 104 50
161 104 50
161 104 50
161 104 50
161 104 50
161 104 50
161 104 50
161 104 50
161 104 50
161 104 50
161 104 50
161 104 50
161 104 50
161 104 50
161 104 50
161 104 50
161 104 50
161 104 50
161 104 50
161 104 50
161 104 50
161 104 50
161 104 50
161 104 50
161 104 50
161 104 50
161 104 50
161 104 50
161 104 50
161 104 50
161 104 50
161 104 50
161 104 50
161 104 50
161 104 50
161 104 50
161 104 50
161 104 50
161 104 50
161 104 50
161 104 50
161 104 50
161 104 50
161 104 50
161 104 50
161 104 50
161 104 50
161 104 50
161 104 50
161 104 50
161 104 50
161 104 50
161 104 50
161 104 50
161 104 50
161 104 50
161 104 50
161 104 50
161 104 50
161 104 50
161 104 50
161 104 50
161 104 50
161 104 50
161 104 50
161 104 50
161 104 50
161 104 50
161 104 50
161 104 50
161 104 50
161 104 50
161 104 50
161 104 50
161 104 50
161 103 50
161 103 50
161 103 50
161 103 50
161 103 50
161 103 50
161 103 50
161 103 50
161 103 50
161 103 50
161 103 50
161 103 50
161 103 50
161 103 50
161 103 50
161 103 50
161 103 50
161 103 50
161 103 50
161 103 50
161 103 50
161 103 50
161 103 50
161 103 50
161 103 50
161 103 50
161 103 50
161 103 50
161 103 50
161 103 50
161 103 50
161 103 50
161 103 50
161 103 50
161 103 50
161 103 50
161 103 50
161 103 50
161 103 50
161 103 50
161 103 50
161 103 50
161 103 50
161 103 50
161 103 50
161 103 50
161 103 50
161 103 50
161 103 50
161 103 50
161 103 50
161 103 50
161 103 50
161 103 50
161 103 50
161 103 50
161 103 50
161 103 50
161 103 50
161 103 50
161 103 50
161 103 50
161 103 50
161 103 50
161 103 50
161 103 50
161 103 50
161 103 50
161 103 50
161 103 50
161 103 50
161 103 50
161 103 50
161 103 50
161 103 50
161 103 50
161 103 50
161 103 50
161 103 50
161 103 50
161 103 50
161 103 50
161 103 50
161 103 50
161 103 50
161 103 50
161 103 50
161 103 50
161 103 50
161 103 50
161 102 50
161 102 50
161 102 50
161 102 50
161 102 50
161 102 50
161 102 50
161 102 50
161 102 50
161 102 50
161 102 50
161 102 50
161 102 50
161 102 50
161 102 50
161 102 50
161 102 50
161 102 50
161 102 50
161 102 50
161 102 50
161 102 50
161 102 50
161 102 50
161 102 50
161 102 50
161 102 50
161 102 50
161 102 50
161 102 50
161 102 50
161 102 50
161 102 50
161 102 50
161 102 50
161 102 50
161 102 50
161 102 50
161 102 50
161 102 50
161 102 50
161 102 50
161 102 50
161 102 50
161 102 50
161 102 50
161 102 50
161 102 50
161 102 50
161 102 50
161 102 50
161 102 50
161 102 50
161 102 50
161 102 50
161 102 50
161 102 50
161 102 50
161 102 50
161 102 50
161 102 50
161 102 50
161 102 50
161 102 50
161 102 50
161 102 50
161 102 50
161 102 50
161 102 50
161 102 50
161 102 50
161 102 50
161 102 50
161 102 50
161 102 50
161 102 50
161 102 50
161 102 50
161 102 50
161 102 50
161 102 50
161 102 50
161 102 50
161 102 50
161 102 50
161 102 50
161 102 50
161 102 50
161 102 50
161 102 50
161 101 50
161 101 50
161 101 50
161 101 50
161 101 50
161 101 50
161 101 50
161 101 50
161 101 50
161 101 50
161 101 50
161 101 50
161 101 50
161 101 50
161 101 50
161 101 50
161 101 50
161 101 50
161 101 50
161 101 50
161 101 50
161 101 50
161 101 50
161 101 50
161 101 50
161 101 50
161 101 50
161 101 50
161 101 50
161 101 50
161 101 50
161 101 50
161 101 50
161 101 50
161 101 50
161 101 50
161 101 50
161 101 50
161 101 50
161 101 50
161 101 50
161 101 50
161 101 50
161 101 50
161 101 50
161 101 50
161 101 50
161 101 50
161 101 50
161 101 50
161 101 50
161 101 50
161 101 50
161 101 50
161 101 50
161 101 50
161 101 50
161 101 50
161 101 50
161 101 50
161 101 50
161 101 50
161 101 50
161 101 50
161 101 50
161 101 50
161 101 50
161 101 50
161 101 50
161 101 50
161 101 50
161 101 50
161 101 50
161 101 50
161 101 50
161 101 50
161 101 50
161 101 50
161 101 50
161 101 50
161 101 50
161 101 50
161 101 50
161 101 50
161 101 50
161 101 50
161 101 50
161 101 50
161 101 50
161 101 50
161 100 50
161 100 50
161 100 50
161 100 50
161 100 50
161 100 50
161 100 50
161 100 50
161 100 50
161 100 50
161 100 50
161 100 50
161 100 50
161 100 50
161 100 50
161 100 50
161 100 50
161 100 50
161 100 50
161 100 50
161 100 50
161 100 50
161 100 50
161 100 50
161 100 50
161 100 50
161 100 50
161 100 50
161 100 50
161 100 50
161 100 50
161 100 50
161 100 50
161 100 50
161 100 50
161 100 50
161 100 50
161 100 50
161 100 50
161 100 50
161 100 50
161 100 50
161 100 50
161 100 50
161 100 50
161 100 50
161 100 50
161 100 50
161 100 50
161 100 50
161 100 50
161 100 50
161 100 50
161 100 50
161 100 50
161 100 50
161 100 50
161 100 50
161 100 50
161 100 50
161 100 50
161 100 50
161 100 50
161 100 50
161 100 50
161 100 50
161 100 50
161 100 50
161 100 50
161 100 50
161 100 50
161 100 50
161 100 50
161 100 50
161 100 50
161 100 50
161 100 50
161 100 50
161 100 50
161 100 50
161 100 50
161 100 50
161 100 50
161 100 50
161 100 50
161 100 50
161 100 50
161 100 50
161 100 50
161 100 50
161 99 50
161 99 50
161 99 50
161 99 50
161 99 50
161 99 50
161 99 50
161 99 50
161 99 50
161 99 50
161 99 50
161 99 50
161 99 50
161 99 50
161 99 50
161 99 50
161 99 50
161 99 50
161 99 50
161 99 50
161 99 50
161 99 50
161 99 50
161 99 50
161 99 50
161 99 50
161 99 50
161 99 50
161 99 50
161 99 50
161 99 50
161 99 50
161 99 50
161 99 50
161 99 50
161 99 50
161 99 50
161 99 50
161 99 50
161 99 50
161 99 50
161 99 50
161 99 50
161 99 50
161 99 50
161 99 50
161 99 50
161 99 50
161 99 50
161 99 50
161 99 50
161 99 50
161 99 50
161 99 50
161 99 50
161 99 50
161 99 50
161 99 50
161 99 50
161 99 50
161 99 50
161 99 50
161 99 50
161 99 50
161 99 50
161 99 50
161 99 50
161 99 50
161 99 50
161 99 50
161 99 50
161 99 50
161 99 50
161 99 50
161 99 50
161 99 50
161 99 50
161 99 50
161 99 50
161 99 50
161 99 50
161 99 50
161 99 50
161 99 50
161 99 50
161 99 50
161 99 50
161 99 50
161 99 50
161 99 50
161 99 50
161 98 50
161 98 50
161 98 50
161 98 50
161 98 50
161 98 50
161 98 50
161 98 50
161 98 50
161 98 50
161 98 50
161 98 50
161 98 50
161 98 50
161 98 50
161 98 50
161 98 50
161 98 50
161 98 50
161 98 50
161 98 50
161 98 50
161 98 50
161 98 50
161 98 50
161 98 50
161 98 50
161 98 50
161 98 50
161 98 50
161 98 50
161 98 50
161 98 50
161 98 50
161 98 50
161 98 50
161 98 50
161 98 50
161 98 50
161 98 50
161 98 50
161 98 50
161 98 50
161 98 50
161 98 50
161 98 50
161 98 50
161 98 50
161 98 50
161 98 50
161 98 50
161 98 50
161 98 50
161 98 50
161 98 50
161 98 50
161 98 50
161 98 50
161 98 50
161 98 50
161 98 50
161 98 50
161 98 50
161 98 50
161 98 50
161 98 50
161 98 50
161 98 50
161 98 50
161 98 50
161 98 50
161 98 50
161 98 50
161 98 50
161 98 50
161 98 50
161 98 50
161 98 50
161 98 50
161 98 50
161 98 50
161 98 50
161 98 50
161 98 50
161 98 50
161 98 50
161 98 50
161 98 50
161 98 50
161 98 50
161 98 50
161 98 50
161 97 50
161 97 50
161 97 50
161 97 50
161 97 50
161 97 50
161 97 50
161 97 50
161 97 50
161 97 50
161 97 50
161 97 50
161 97 50
161 97 50
161 97 50
161 97 50
161 97 50
161 97 50
161 97 50
161 97 50
161 97 50
161 97 50
161 97 50
161 97 50
161 97 50
161 97 50
161 97 50
161 97 50
161 97 50
161 97 50
161 97 50
161 97 50
161 97 50
161 97 50
161 97 50
161 97 50
161 97 50
161 97 50
161 97 50
161 97 50
161 97 50
161 97 50
161 97 50
161 97 50
161 97 50
161 97 50
161 97 50
161 97 50
161 97 50
161 97 50
161 97 50
161 97 50
161 97 50
161 97 50
161 97 50
161 97 50
161 97 50
161 97 50
161 97 50
161 97 50
161 97 50
161 97 50
161 97 50
161 97 50
161 97 50
161 97 50
161 97 50
161 97 50
161 97 50
161 97 50
161 97 50
161 97 50
161 97 50
161 97 50
161 97 50
161 97 50
161 97 50
161 97 50
161 97 50
161 97 50
161 97 50
161 97 50
161 97 50
161 97 50
161 97 50
161 97 50
161 97 50
161 97 50
161 97 50
161 96 50
161 96 50
161 96 50
161 96 50
161 96 50
161 96 50
161 96 50
161 96 50
161 96 50
161 96 50
161 96 50
161 96 50
161 96 50
161 96 50
161 96 50
161 96 50
161 96 50
161 96 50
161 96 50
161 96 50
161 96 50
161 96 50
161 96 50
161 96 50
161 96 50
161 96 50
161 96 50
161 96 50
161 96 50
161 96 50
161 96 50
161 96 50
161 96 50
161 96 50
161 96 50
161 96 50
161 96 50
161 96 50
161 96 50
161 96 50
161 96 50
161 96 50
161 96 50
161 96 50
161 96 50
161 96 50
161 96 50
161 96 50
161 96 50
161 96 50
161 96 50
161 96 50
161 96 50
161 96 50
161 96 50
161 96 50
161 96 50
161 96 50
161 96 50
161 96 50
161 96 50
161 96 50
161 96 50
161 96 50
161 96 50
161 96 50
161 96 50
161 96 50
161 96 50
161 96 50
161 96 50
161 96 50
161 96 50
161 96 50
161 96 50
161 96 50
161 96 50
161 96 50
161 96 50
161 96 50
161 96 50
161 96 50
161 96 50
161 96 50
161 96 50
161 95 50
161 95 50
161 95 50
161 95 50
161 95 50
161 95 50
161 95 50
161 95 50
161 95 50
161 95 50
161 95 50
161 95 50
161 95 50
161 95 50
161 95 50
161 95 50
161 95 50
161 95 50
161 95 50
161 95 50
161 95 50
161 95 50
161 95 50
161 95 50
161 95 50
161 95 50
161 95 50
161 95 50
161 95 50
161 95 50
161 95 50
161 95 50
161 95 50
161 95 50
161 95 50
161 95 50
161 95 50
161 95 50
161 95 50
161 95 50
161 95 50
161 95 50
161 95 50
161 95 50
161 95 50
161 95 50
161 95 50
161 95 50
161 95 50
161 95 50
161 95 50
161 95 50
161 95 50
161 95 50
161 95 50
161 95 50
161 95 50
161 95 50
161 95 50
161 95 50
161 95 50
161 95 50
161 95 50
161 95 50
161 95 50
161 95 50
161 95 50
161 95 50
161 95 50
161 95 50
161 95 50
161 95 50
161 95 50
161 95 50
161 95 50
161 95 50
161 95 50
161 95 50
161 95 50
161 95 50
161 94 50
161 94 50
161 94 50
161 94 50
161 94 50
161 94 50
161 94 50
161 94 50
161 94 50
161 94 50
161 94 50
161 94 50
161 94 50
161 94 50
161 94 50
161 94 50
161 94 50
161 94 50
161 94 50
161 94 50
161 94 50
161 94 50
161 94 50
161 94 50
161 94 50
161 94 50
161 94 50
161 94 50
161 94 50
161 94 50
161 94 50
161 94 50
161 94 50
161 94 50
161 94 50
161 94 50
161 94 50
161 94 50
161 94 50
161 94 50
161 94 50
161 94 50
161 94 50
161 94 50
161 94 50
161 94 50
161 94 50
161 94 50
161 94 50
161 94 50
161 94 50
161 94 50
161 94 50
161 94 50
161 94 50
161 94 50
161 94 50
161 94 50
161 94 50
161 94 50
161 94 50
161 94 50
161 94 50
161 94 50
161 94 50
161 94 50
161 94 50
161 94 50
161 94 50
161 94 50
161 94 50
161 94 50
161 94 50
161 94 50
161 93 50
161 93 50
161 93 50
161 93 50
161 93 50
161 93 50
161 93 50
161 93 50
161 93 50
161 93 50
161 93 50
161 93 50
161 93 50
161 93 50
161 93 50
161 93 50
161 93 50
161 93 50
161 93 50
161 93 50
161 93 50
161 93 50
161 93 50
161 93 50
161 93 50
161 93 50
161 93 50
161 93 50
161 93 50
161 93 50
161 93 50
161 93 50
161 93 50
161 93 50
161 93 50
161 93 50
161 93 50
161 93 50
161 93 50
161 93 50
161 93 50
161 93 50
161 93 50
161 93 50
161 93 50
161 93 50
161 93 50
161 93 50
161 93 50
161 93 50
161 93 50
161 93 50
161 93 50
161 93 50
161 93 50
161 93 50
161 93 50
161 93 50
161 93 50
161 93 50
161 93 50
161 93 50
161 93 50
161 93 50
161 93 50
161 93 50
161 93 50
161 92 50
161 92 50
161 92 50
161 92 50
161 92 50
161 92 50
161 92 50
161 92 50
161 92 50
161 92 50
161 92 50
161 92 50
161 92 50
161 92 50
161 92 50
161 92 50
161 92 50
161 92 50
161 92 50
161 92 50
161 92 50
161 92 50
161 92 50
161 92 50
161 92 50
161 92 50
161 92 50
161 92 50
161 92 50
161 92 50
161 92 50
161 92 50
161 92 50
161 92 50
161 92 50
161 92 50
161 92 50
161 92 50
161 92 50
161 92 50
161 92 50
161 92 50
161 92 50
161 92 50
161 92 50
161 92 50
161 92 50
161 92 50
161 92 50
161 92 50
161 92 50
161 92 50
161 92 50
161 92 50
161 92 50
161 92 50
161 92 50
161 92 50
161 92 50
161 92 50
161 91 50
161 91 50
161 91 50
161 91 50
161 91 50
161 91 50
161 91 50
161 91 50
161 91 50
161 91 50
161 91 50
161 91 50
161 91 50
161 91 50
161 91 50
161 91 50
161 91 50
161 91 50
161 91 50
161 91 50
161 91 50
161 91 50
161 91 50
161 91 50
161 91 50
161 91 50
161 91 50
161 91 50
161 91 50
161 91 50
161 91 50
161 91 50
161 91 50
161 91 50
161 91 50
161 91 50
161 91 50
161 91 50
161 91 50
161 91 50
161 91 50
161 91 50
161 91 50
161 91 50
161 91 50
161 91 50
161 91 50
161 91 50
161 91 50
161 91 50
161 91 50
161 91 50
161 90 50
161 90 50
161 90 50
161 90 50
161 90 50
161 90 50
161 90 50
161 90 50
161 90 50
161 90 50
161 90 50
161 90 50
161 90 50
161 90 50
161 90 50
161 90 50
161 90 50
161 90 50
161 90 50
161 90 50
161 90 50
161 90 50
161 90 50
161 90 50
161 90 50
161 90 50
161 90 50
161 90 50
161 90 50
161 90 50
161 90 50
161 90 50
161 90 50
161 90 50
161 90 50
161 90 50
161 90 50
161 90 50
161 90 50
161 90 50
161 90 50
161 90 50
161 90 50
161 90 50
161 89 50
161 89 50
161 89 50
161 89 50
161 89 50
161 89 50
161 89 50
161 89 50
161 89 50
161 89 50
161 89 50
161 89 50
161 89 50
161 89 50
161 89 50
161 89 50
161 89 50
161 89 50
161 89 50
161 89 50
161 89 50
161 89 50
161 89 50
161 89 50
161 89 50
161 89 50
161 89 50
161 89 50
161 89 50
161 89 50
161 89 50
161 89 50
161 89 50
161 89 50
161 89 50
161 89 50
161 88 50
161 88 50
161 88 50
161 88 50
161 88 50
161 88 50
161 88 50
161 88 50
161 88 50
161 88 50
161 88 50
161 88 50
161 88 50
161 88 50
161 88 50
161 88 50
161 88 50
161 88 50
161 88 50
161 88 50
161 88 50
161 88 50
161 88 50
161 88 50
161 88 50
161 88 50
161 88 50
161 88 50
161 88 50
161 87 50
161 87 50
161 87 50
161 87 50
161 87 50
161 87 50
161 87 50
161 87 50
161 87 50
161 87 50
161 87 50
161 87 50
161 87 50
161 87 50
161 87 50
161 87 50
161 87 50
161 87 50
161 87 50
161 87 50
161 87 50
161 87 50
161 87 50
161 86 50
161 86 50
161 86 50
161 86 50
161 86 50
161 86 50
161 86 50
161 86 50
161 86 50
161 86 50
161 86 50
161 86 50
161 86 50
161 86 50
161 86 50
161 86 50
161 86 50
161 86 50
161 85 50
161 85 50
161 85 50
161 85 50
161 85 50
161 85 50
161 85 50
161 85 50
161 85 50
161 85 50
161 85 50
161 85 50
161 85 50
161 85 50
161 84 50
161 84 50
161 84 50
161 84 50
161 84 50
161 84 50
161 84 50
161 84 50
161 84 50
161 84 50
161 84 50
161 83 50
161 83 50
161 83 50
161 83 50
161 83 50
161 83 50
161 83 50
161 83 50
161 83 50
161 82 50
161 82 50
161 82 50
161 82 50
161 82 50
161 82 50
161 82 50
161 81 50
161 81 50
161 81 50
161 81 50
161 81 50
161 81 50
161 80 50
161 80 50
161 80 50
161 80 50
161 80 50
161 79 50
161 79 50
161 79 50
161 79 50
161 79 50
161 78 50
161 78 50
161 78 50
161 78 50
161 77 50
161 77 50
161 77 50
161 77 50
161 76 50
161 76 50
161 76 50
161 76 50
161 75 50
161 75 50
161 75 50
161 75 50
161 74 50
161 74 50
161 74 50
161 74 50
161 73 50
161 73 50
161 73 50
161 73 50
161 72 50
161 72 50
161 72 50
161 72 50
161 71 50
161 71 50
161 71 50
161 70 50
161 70 50
161 70 50
161 69 50
161 69 50
161 69 50
161 68 50
161 68 50
161 67 50
161 67 50
161 66 50
161 66 50
161 65 50
161 65 50
161 64 50
161 63 50
161 62 50
161 61 50
161 60 50
161 59 50
161 58 50
161 57 50
161 56 50
161 55 50
161 54 50
161 53 50
161 52 50
161 51 50
161 50 50
161 49 50
161 48 50
161 47 50
161 46 50
161 45 50
161 44 50
161 43 50
161 42 50
161 41 50
161 40 50
161 39 50
161 38 50
161 38 50
161 37 50
161 36 50
161 35 50
161 34 50
161 33 50
161 32 50
161 31 50
161 30 50
161 29 50
7 139 50
8 139 50
9 139 50
10 139 50
11 139 50
12 139 50
12 139 50
13 139 50
13 139 50
14 139 50
14 139 50
14 139 50
15 139 50
15 139 50
15 139 50
15 139 50
15 139 50
16 139 50
16 139 50
16 139 50
16 139 50
16 139 50
16 139 50
17 139 50
17 139 50
17 139 50
17 139 50
17 139 50
17 139 50
17 139 50
17 139 50
17 139 50
18 139 50
18 139 50
18 139 50
18 139 50
18 139 50
18 139 50
18 139 50
18 139 50
18 139 50
18 139 50
18 139 50
19 139 50
19 139 50
19 139 50
19 139 50
19 139 50
19 139 50
19 139 50
19 139 50
19 139 50
19 139 50
19 139 50
19 139 50
19 139 50
19 139 50
20 139 50
20 139 50
20 139 50
20 139 50
20 139 50
20 139 50
20 139 50
20 139 50
20 139 50
20 139 50
20 139 50
20 139 50
20 139 50
20 139 50
20 139 50
20 139 50
21 139 50
21 139 50
21 139 50
21 139 50
21 139 50
21 139 50
21 139 50
21 139 50
21 139 50
21 139 50
21 139 50
21 139 50
21 139 50
21 139 50
21 139 50
21 139 50
21 139 50
21 139 50
22 139 50
22 139 50
22 139 50
22 139 50
22 139 50
22 139 50
22 139 50
22 139 50
22 139 50
22 139 50
22 139 50
22 139 50
22 139 50
22 139 50
22 139 50
22 139 50
22 139 50
22 139 50
22 139 50
23 139 50
23 139 50
23 139 50
23 139 50
23 139 50
23 139 50
23 139 50
23 139 50
23 139 50
23 139 50
23 139 50
23 139 50
23 139 50
23 139 50
23 139 50
23 139 50
23 139 50
23 139 50
24 139 50
24 139 50
24 139 50
24 139 50
24 139 50
24 139 50
24 139 50
24 139 50
24 139 50
24 139 50
24 139 50
24 139 50
24 139 50
24 139 50
24 139 50
24 139 50
24 139 50
25 139 50
25 139 50
25 139 50
25 139 50
25 139 50
25 139 50
25 139 50
25 139 50
25 139 50
25 139 50
25 139 50
25 139 50
25 139 50
25 139 50
25 139 50
26 139 50
26 139 50
26 139 50
26 139 50
26 139 50
26 139 50
26 139 50
26 139 50
26 139 50
26 139 50
26 139 50
26 139 50
26 139 50
27 139 50
27 139 50
27 139 50
27 139 50
27 139 50
27 139 50
27 139 50
27 139 50
27 139 50
27 139 50
28 139 50
28 139 50
28 139 50
28 139 50
28 139 50
28 139 50
28 139 50
28 139 50
29 139 50
29 139 50
29 139 50
29 139 50
29 139 50
29 139 50
29 139 50
30 139 50
30 139 50
30 139 50
30 139 50
30 139 50
30 139 50
31 139 50
31 139 50
31 139 50
31 139 50
31 139 50
32 139 50
32 139 50
32 139 50
32 139 50
33 139 50
33 139 50
33 139 50
33 139 50
34 139 50
34 139 50
34 139 50
34 139 50
35 139 50
35 139 50
35 139 50
35 139 50
36 139 50
36 139 50
36 139 50
36 139 50
37 139 50
37 139 50
37 139 50
37 139 50
38 139 50
38 139 50
38 139 50
38 139 50
38 139 50
39 139 50
39 139 50
39 139 50
39 139 50
39 139 50
40 139 50
40 139 50
40 139 50
40 139 50
40 139 50
40 139 50
40 139 50
41 139 50
41 139 50
41 139 50
41 139 50
41 139 50
41 139 50
41 139 50
41 139 50
42 139 50
42 139 50
42 139 50
42 139 50
42 139 50
42 139 50
42 139 50
42 139 50
42 139 50
42 139 50
43 139 50
43 139 50
43 139 50
43 139 50
43 139 50
43 139 50
43 139 50
43 139 50
43 139 50
43 139 50
43 139 50
43 139 50
44 139 50
44 139 50
44 139 50
44 139 50
44 139 50
44 139 50
44 139 50
44 139 50
44 139 50
44 139 50
44 139 50
44 139 50
44 139 50
44 139 50
44 139 50
45 139 50
45 139 50
45 139 50
45 139 50
45 139 50
45 139 50
45 139 50
45 139 50
45 139 50
45 139 50
45 139 50
45 139 50
45 139 50
45 139 50
45 139 50
45 139 50
45 139 50
45 139 50
46 139 50
46 139 50
46 139 50
46 139 50
46 139 50
46 139 50
46 139 50
46 139 50
46 139 50
46 139 50
46 139 50
46 139 50
46 139 50
46 139 50
46 139 50
46 139 50
46 139 50
46 139 50
46 139 50
46 139 50
46 139 50
46 139 50
46 139 50
47 139 50
47 139 50
47 139 50
47 139 50
47 139 50
47 139 50
47 139 50
47 139 50
47 139 50
47 139 50
47 139 50
47 139 50
47 139 50
47 139 50
47 139 50
47 139 50
47 139 50
47 139 50
47 139 50
47 139 50
47 139 50
47 139 50
47 139 50
47 139 50
47 139 50
47 139 50
47 139 50
47 139 50
48 139 50
48 139 50
48 139 50
48 139 50
48 139 50
48 139 50
48 139 50
48 139 50
48 139 50
48 139 50
48 139 50
48 139 50
48 139 50
48 139 50
48 139 50
48 139 50
48 139 50
48 139 50
48 139 50
48 139 50
48 139 50
48 139 50
48 139 50
48 139 50
48 139 50
48 139 50
48 139 50
48 139 50
48 139 50
48 139 50
48 139 50
48 139 50
48 139 50
48 139 50
49 139 50
49 139 50
49 139 50
49 139 50
49 139 50
49 139 50
49 139 50
49 139 50
49 139 50
49 139 50
49 139 50
49 139 50
49 139 50
49 139 50
49 139 50
49 139 50
49 139 50
49 139 50
49 139 50
49 139 50
49 139 50
49 139 50
49 139 50
49 139 50
49 139 50
49 139 50
49 139 50
49 139 50
49 139 50
49 139 50
49 139 50
49 139 50
49 139 50
49 139 50
49 139 50
49 139 50
49 139 50
49 139 50
49 139 50
49 139 50
49 139 50
49 139 50
50 139 50
50 139 50
50 139 50
50 139 50
50 139 50
50 139 50
50 139 50
50 139 50
50 139 50
50 139 50
50 139 50
50 139 50
50 139 50
50 139 50
50 139 50
50 139 50
50 139 50
50 139 50
50 139 50
50 139 50
50 139 50
50 139 50
50 139 50
50 139 50
50 139 50
50 139 50
50 139 50
50 139 50
50 139 50
50 139 50
50 139 50
50 139 50
50 139 50
50 139 50
50 139 50
50 139 50
50 139 50
50 139 50
50 139 50
50 139 50
50 139 50
50 139 50
50 139 50
50 139 50
50 139 50
50 139 50
50 139 50
50 139 50
50 139 50
50 139 50
6 139 2450
6 140 2450
6 141 50
6 142 50
6 143 50
6 144 50
6 145 50
6 146 50
6 147 50
6 148 50
6 148 50
6 149 50
6 149 50
6 150 50
6 150 50
6 151 50
6 151 50
6 152 50
6 152 50
6 152 50
6 153 50
6 153 50
6 153 50
6 154 50
6 154 50
6 154 50
6 154 50
6 155 50
6 155 50
6 155 50
6 155 50
6 155 50
6 156 50
6 156 50
6 156 50
6 156 50
6 156 50
6 156 50
6 157 50
6 157 50
6 157 50
6 157 50
6 157 50
6 157 50
6 157 50
6 158 50
6 158 50
6 158 50
6 158 50
6 158 50
6 158 50
6 158 50
6 158 50
6 159 50
6 159 50
6 159 50
6 159 50
6 159 50
6 159 50
6 159 50
6 159 50
6 159 50
6 159 50
6 160 50
6 160 50
6 160 50
6 160 50
6 160 50
6 160 50
6 160 50
6 160 50
6 160 50
6 160 50
6 160 50
6 160 50
6 161 50
6 161 50
6 161 50
6 161 50
6 161 50
6 161 50
6 161 50
6 161 50
6 161 50
6 161 50
6 161 50
6 161 50
6 161 50
6 161 50
6 161 50
6 162 50
6 162 50
6 162 50
6 162 50
6 162 50
6 162 50
6 162 50
6 162 50
6 162 50
6 162 50
6 162 50
6 162 50
6 162 50
6 162 50
6 162 50
6 162 50
6 162 50
6 162 50
6 163 50
6 163 50
6 163 50
6 163 50
6 163 50
6 163 50
6 163 50
6 163 50
6 163 50
6 163 50
6 163 50
6 163 50
6 163 50
6 163 50
6 163 50
6 163 50
6 163 50
6 163 50
6 163 50
6 163 50
6 163 50
6 163 50
6 164 50
6 164 50
6 164 50
6 164 50
6 164 50
6 164 50
6 164 50
6 164 50
6 164 50
6 164 50
6 164 50
6 164 50
6 164 50
6 164 50
6 164 50
6 164 50
6 164 50
6 164 50
6 164 50
6 164 50
6 164 50
6 164 50
6 164 50
6 164 50
6 164 50
6 164 50
6 164 50
6 165 50
6 165 50
6 165 50
6 165 50
6 165 50
6 165 50
6 165 50
6 165 50
6 165 50
6 165 50
6 165 50
6 165 50
6 165 50
6 165 50
6 165 50
6 165 50
6 165 50
6 165 50
6 165 50
6 165 50
6 165 50
6 165 50
6 165 50
6 165 50
6 165 50
6 165 50
6 165 50
6 165 50
6 165 50
6 165 50
6 165 50
6 165 50
6 166 50
6 166 50
6 166 50
6 166 50
6 166 50
6 166 50
6 166 50
6 166 50
6 166 50
6 166 50
6 166 50
6 166 50
6 166 50
6 166 50
6 166 50
6 166 50
6 166 50
6 166 50
6 166 50
6 166 50
6 166 50
6 166 50
6 166 50
6 166 50
6 166 50
6 166 50
6 166 50
6 166 50
6 166 50
6 166 50
6 166 50
6 166 50
6 166 50
6 166 50
6 166 50
6 166 50
6 166 50
6 166 50
6 167 50
6 167 50
6 167 50
6 167 50
6 167 50
6 167 50
6 167 50
6 167 50
6 167 50
6 167 50
6 167 50
6 167 50
6 167 50
6 167 50
6 167 50
6 167 50
6 167 50
6 167 50
6 167 50
6 167 50
6 167 50
6 167 50
6 167 50
6 167 50
6 167 50
6 167 50
6 167 50
6 167 50
6 167 50
6 167 50
6 167 50
6 167 50
6 167 50
6 167 50
6 167 50
6 167 50
6 167 50
6 167 50
6 167 50
6 167 50
6 167 50
6 167 50
6 167 50
6 167 50
6 168 50
6 168 50
6 168 50
6 168 50
6 168 50
6 168 50
6 168 50
6 168 50
6 168 50
6 168 50
6 168 50
6 168 50
6 168 50
6 168 50
6 168 50
6 168 50
6 168 50
6 168 50
6 168 50
6 168 50
6 168 50
6 168 50
6 168 50
6 168 50
6 168 50
6 168 50
6 168 50
6 168 50
6 168 50
6 168 50
6 168 50
6 168 50
6 168 50
6 168 50
6 168 50
6 168 50
6 168 50
6 168 50
6 168 50
6 168 50
6 168 50
6 168 50
6 168 50
6 168 50
6 168 50
6 168 50
6 168 50
6 168 50
6 168 50
6 168 50
6 168 50
6 169 50
6 169 50
6 169 50
6 169 50
6 169 50
6 169 50
6 169 50
6 169 50
6 169 50
6 169 50
6 169 50
6 169 50
6 169 50
6 169 50
6 169 50
6 169 50
6 169 50
6 169 50
6 169 50
6 169 50
6 169 50
6 169 50
6 169 50
6 169 50
6 169 50
6 169 50
6 169 50
6 169 50
6 169 50
6 169 50
6 169 50
6 169 50
6 169 50
6 169 50
6 169 50
6 169 50
6 169 50
6 169 50
6 169 50
6 169 50
6 169 50
6 169 50
6 169 50
6 169 50
6 169 50
6 169 50
6 169 50
6 169 50
6 169 50
6 169 50
6 169 50
6 169 50
6 169 50
6 169 50
6 169 50
6 169 50
6 169 50
6 169 50
6 170 50
6 170 50
6 170 50
6 170 50
6 170 50
6 170 50
6 170 50
6 170 50
6 170 50
6 170 50
6 170 50
6 170 50
6 170 50
6 170 50
6 170 50
6 170 50
6 170 50
6 170 50
6 170 50
6 170 50
6 170 50
6 170 50
6 170 50
6 170 50
6 170 50
6 170 50
6 170 50
6 170 50
6 170 50
6 170 50
6 170 50
6 170 50
6 170 50
6 170 50
6 170 50
6 170 50
6 170 50
6 170 50
6 170 50
6 170 50
6 170 50
6 170 50
6 170 50
6 170 50
6 170 50
6 170 50
6 170 50
6 170 50
6 170 50
6 170 50
6 170 50
6 170 50
6 170 50
6 170 50
6 170 50
6 170 50
6 170 50
6 170 50
6 170 50
6 170 50
6 170 50
6 170 50
6 170 50
6 170 50
6 171 50
6 171 50
6 171 50
6 171 50
6 171 50
6 171 50
6 171 50
6 171 50
6 171 50
6 171 50
6 171 50
6 171 50
6 171 50
6 171 50
6 171 50
6 171 50
6 171 50
6 171 50
6 171 50
6 171 50
6 171 50
6 171 50
6 171 50
6 171 50
6 171 50
6 171 50
6 171 50
6 171 50
6 171 50
6 171 50
6 171 50
6 171 50
6 171 50
6 171 50
6 171 50
6 171 50
6 171 50
6 171 50
6 171 50
6 171 50
6 171 50
6 171 50
6 171 50
6 171 50
6 171 50
6 171 50
6 171 50
6 171 50
6 171 50
6 171 50
6 171 50
6 171 50
6 171 50
6 171 50
6 171 50
6 171 50
6 171 50
6 171 50
6 171 50
6 171 50
6 171 50
6 171 50
6 171 50
6 171 50
6 171 50
6 171 50
6 171 50
6 171 50
6 171 50
6 172 50
6 172 50
6 172 50
6 172 50
6 172 50
6 172 50
6 172 50
6 172 50
6 172 50
6 172 50
6 172 50
6 172 50
6 172 50
6 172 50
6 172 50
6 172 50
6 172 50
6 172 50
6 172 50
6 172 50
6 172 50
6 172 50
6 172 50
6 172 50
6 172 50
6 172 50
6 172 50
6 172 50
6 172 50
6 172 50
6 172 50
6 172 50
6 172 50
6 172 50
6 172 50
6 172 50
6 172 50
6 172 50
6 172 50
6 172 50
6 172 50
6 172 50
6 172 50
6 172 50
6 172 50
6 172 50
6 172 50
6 172 50
6 172 50
6 172 50
6 172 50
6 172 50
6 172 50
6 172 50
6 172 50
6 172 50
6 172 50
6 172 50
6 172 50
6 172 50
6 172 50
6 172 50
6 172 50
6 172 50
6 172 50
6 172 50
6 172 50
6 172 50
6 172 50
6 172 50
6 172 50
6 172 50
6 173 50
6 173 50
6 173 50
6 173 50
6 173 50
6 173 50
6 173 50
6 173 50
6 173 50
6 173 50
6 173 50
6 173 50
6 173 50
6 173 50
6 173 50
6 173 50
6 173 50
6 173 50
6 173 50
6 173 50
6 173 50
6 173 50
6 173 50
6 173 50
6 173 50
6 173 50
6 173 50
6 173 50
6 173 50
6 173 50
6 173 50
6 173 50
6 173 50
6 173 50
6 173 50
6 173 50
6 173 50
6 173 50
6 173 50
6 173 50
6 173 50
6 173 50
6 173 50
6 173 50
6 173 50
6 173 50
6 173 50
6 173 50
6 173 50
6 173 50
6 173 50
6 173 50
6 173 50
6 173 50
6 173 50
6 173 50
6 173 50
6 173 50
6 173 50
6 173 50
6 173 50
6 173 50
6 173 50
6 173 50
6 173 50
6 173 50
6 173 50
6 173 50
6 173 50
6 173 50
6 173 50
6 173 50
6 173 50
6 174 50
6 174 50
6 174 50
6 174 50
6 174 50
6 174 50
6 174 50
6 174 50
6 174 50
6 174 50
6 174 50
6 174 50
6 174 50
6 174 50
6 174 50
6 174 50
6 174 50
6 174 50
6 174 50
6 174 50
6 174 50
6 174 50
6 174 50
6 174 50
6 174 50
6 174 50
6 174 50
6 174 50
6 174 50
6 174 50
6 174 50
6 174 50
6 174 50
6 174 50
6 174 50
6 174 50
6 174 50
6 174 50
6 174 50
6 174 50
6 174 50
6 174 50
6 174 50
6 174 50
6 174 50
6 174 50
6 174 50
6 174 50
6 174 50
6 174 50
6 174 50
6 174 50
6 174 50
6 174 50
6 174 50
6 174 50
6 174 50
6 174 50
6 174 50
6 174 50
6 174 50
6 174 50
6 174 50
6 174 50
6 174 50
6 174 50
6 174 50
6 174 50
6 174 50
6 174 50
6 174 50
6 174 50
6 175 50
6 175 50
6 175 50
6 175 50
6 175 50
6 175 50
6 175 50
6 175 50
6 175 50
6 175 50
6 175 50
6 175 50
6 175 50
6 175 50
6 175 50
6 175 50
6 175 50
6 175 50
6 175 50
6 175 50
6 175 50
6 175 50
6 175 50
6 175 50
6 175 50
6 175 50
6 175 50
6 175 50
6 175 50
6 175 50
6 175 50
6 175 50
6 175 50
6 175 50
6 175 50
6 175 50
6 175 50
6 175 50
6 175 50
6 175 50
6 175 50
6 175 50
6 175 50
6 175 50
6 175 50
6 175 50
6 175 50
6 175 50
6 175 50
6 175 50
6 175 50
6 175 50
6 175 50
6 175 50
6 175 50
6 175 50
6 175 50
6 175 50
6 175 50
6 175 50
6 175 50
6 175 50
6 175 50
6 175 50
6 175 50
6 175 50
6 175 50
6 175 50
6 176 50
6 176 50
6 176 50
6 176 50
6 176 50
6 176 50
6 176 50
6 176 50
6 176 50
6 176 50
6 176 50
6 176 50
6 176 50
6 176 50
6 176 50
6 176 50
6 176 50
6 176 50
6 176 50
6 176 50
6 176 50
6 176 50
6 176 50
6 176 50
6 176 50
6 176 50
6 176 50
6 176 50
6 176 50
6 176 50
6 176 50
6 176 50
6 176 50
6 176 50
6 176 50
6 176 50
6 176 50
6 176 50
6 176 50
6 176 50
6 176 50
6 176 50
6 176 50
6 176 50
6 176 50
6 176 50
6 176 50
6 176 50
6 176 50
6 176 50
6 176 50
6 176 50
6 176 50
6 176 50
6 176 50
6 176 50
6 176 50
6 176 50
6 176 50
6 176 50
6 176 50
6 176 50
6 176 50
6 177 50
6 177 50
6 177 50
6 177 50
6 177 50
6 177 50
6 177 50
6 177 50
6 177 50
6 177 50
6 177 50
6 177 50
6 177 50
6 177 50
6 177 50
6 177 50
6 177 50
6 177 50
6 177 50
6 177 50
6 177 50
6 177 50
6 177 50
6 177 50
6 177 50
6 177 50
6 177 50
6 177 50
6 177 50
6 177 50
6 177 50
6 177 50
6 177 50
6 177 50
6 177 50
6 177 50
6 177 50
6 177 50
6 177 50
6 177 50
6 177 50
6 177 50
6 177 50
6 177 50
6 177 50
6 177 50
6 177 50
6 177 50
6 177 50
6 177 50
6 177 50
6 177 50
6 177 50
6 177 50
6 177 50
6 178 50
6 178 50
6 178 50
6 178 50
6 178 50
6 178 50
6 178 50
6 178 50
6 178 50
6 178 50
6 178 50
6 178 50
6 178 50
6 178 50
6 178 50
6 178 50
6 178 50
6 178 50
6 178 50
6 178 50
6 178 50
6 178 50
6 178 50
6 178 50
6 178 50
6 178 50
6 178 50
6 178 50
6 178 50
6 178 50
6 178 50
6 178 50
6 178 50
6 178 50
6 178 50
6 178 50
6 178 50
6 178 50
6 178 50
6 178 50
6 178 50
6 178 50
6 178 50
6 178 50
6 178 50
6 179 50
6 179 50
6 179 50
6 179 50
6 179 50
6 179 50
6 179 50
6 179 50
6 179 50
6 179 50
6 179 50
6 179 50
6 179 50
6 179 50
6 179 50
6 179 50
6 179 50
6 179 50
6 179 50
6 179 50
6 179 50
6 179 50
6 179 50
6 179 50
6 179 50
6 179 50
6 179 50
6 179 50
6 179 50
6 179 50
6 179 50
6 179 50
6 179 50
6 179 50
6 180 50
6 180 50
6 180 50
6 180 50
6 180 50
6 180 50
6 180 50
6 180 50
6 180 50
6 180 50
6 180 50
6 180 50
6 180 50
6 180 50
6 180 50
6 180 50
6 180 50
6 180 50
6 180 50
6 180 50
6 180 50
6 180 50
6 180 50
6 180 50
6 181 50
6 181 50
6 181 50
6 181 50
6 181 50
6 181 50
6 181 50
6 181 50
6 181 50
6 181 50
6 181 50
6 181 50
6 181 50
6 181 50
6 181 50
6 182 50
6 182 50
6 182 50
6 182 50
6 182 50
6 182 50
6 182 50
6 182 50
6 182 50
6 183 50
6 183 50
6 183 50
6 183 50
6 183 50
6 184 50
6 184 50
6 184 50
6 185 50
6 185 50
6 186 50
6 187 50
6 188 50
6 189 50
6 190 50
