79 87 100
80 87 100
81 87 100
82 87 100
83 87 100
84 87 100
85 87 100
86 87 100
86 87 100
87 87 100
87 87 100
88 87 100
88 87 100
89 87 100
89 87 100
90 87 100
90 87 100
91 87 100
91 87 100
91 86 100
91 86 100
91 85 100
91 85 100
91 84 100
91 83 100
91 82 100
91 81 100
91 80 100
91 79 100
91 79 100
91 78 100
91 78 100
91 77 100
91 77 100
91 76 100
91 76 100
91 75 100
91 75 100
91 74 100
91 74 100
91 74 100
91 73 200
91 73 100
91 72 200
91 72 100
91 71 200
91 71 100
91 71 100
91 70 300
91 70 100
91 69 300
91 69 100
91 68 300
91 68 100
91 68 100
91 67 400
91 67 100
91 66 400
91 66 100
91 66 100
91 65 500
91 65 100
91 64 500
91 64 100
91 63 500
91 62 500
91 61 500
91 60 100
91 60 100
91 60 100
91 60 100
91 59 300
91 58 300
91 57 300
91 56 100
91 56 100
91 56 100
91 56 100
91 55 300
91 55 100
91 54 300
91 54 100
91 54 100
91 53 400
91 53 100
91 53 100
91 52 500
91 52 100
91 52 100
91 51 600
91 51 100
91 51 100
91 50 700
91 50 100
91 50 100
91 49 800
91 49 100
91 49 100
91 48 900
91 48 100
91 48 100
91 47 1000
91 47 100
91 47 100
91 47 100
91 46 1200
91 46 100
91 46 100
91 46 100
91 46 100
91 45 1500
91 45 100
91 45 100
91 45 100
91 45 100
91 45 100
91 44 1900
91 44 100
91 44 100
91 44 100
91 44 100
91 44 100
91 44 100
91 43 2400
91 43 100
91 43 100
91 43 100
91 43 100
91 43 100
91 43 100
91 42 2900
91 42 100
91 42 100
91 42 100
91 42 100
91 42 100
91 42 100
91 41 3400
91 41 100
91 41 100
91 41 100
91 41 100
91 40 3700
91 40 100
91 40 100
91 40 100
91 40 100
91 39 4000
91 39 100
91 39 100
91 38 4100
91 38 100
91 38 100
91 37 4200
91 37 100
91 36 4200
91 36 100
91 35 4200
91 34 4200
91 33 4200
91 32 100
91 32 100
91 32 100
91 32 100
91 32 100
91 32 100
91 32 100
91 32 100
91 32 100
91 32 100
91 32 100
91 32 100
91 32 100
91 32 100
91 32 100
91 32 100
91 32 100
91 32 100
91 32 100
91 32 100
91 32 100
91 32 100
91 32 100
91 32 100
91 32 100
91 32 100
91 32 100
91 32 100
91 32 100
91 32 100
91 32 100
91 32 100
91 32 100
91 32 100
91 31 3300
91 30 3300
91 29 3300
91 28 100
91 28 100
91 28 100
91 28 100
91 28 100
91 28 100
91 28 100
91 28 100
91 28 100
91 28 100
91 28 100
91 28 100
91 28 100
91 28 100
91 28 100
91 28 100
91 28 100
91 28 100
91 28 100
91 28 100
91 28 100
91 28 100
91 28 100
91 28 100
91 28 100
91 27 2400
91 26 2400
91 25 2400
91 24 100
91 24 100
91 24 100
91 24 100
91 24 100
91 24 100
91 24 100
91 24 100
91 24 100
91 24 100
91 24 100
91 24 100
91 24 100
91 24 100
91 24 100
91 24 100
91 23 1500
91 22 1500
91 21 1500
91 20 100
91 20 100
91 20 100
91 20 100
91 20 100
91 20 100
91 20 100
91 19 600
91 18 600
91 17 600
91 16 100
91 16 100
91 16 100
91 16 100
91 15 300
91 15 100
91 14 300
91 14 100
91 14 100
91 13 400
91 13 100
91 12 400
91 12 100
91 11 400
91 11 100
91 10 400
91 10 100
91 9 400
91 9 100
91 8 400
91 8 100
91 7 400
91 7 100
91 6 400
91 6 100
91 5 400
91 5 100
91 4 400
91 4 100
91 3 400
91 3 100
91 3 100
91 2 500
91 2 100
92 87 500
93 87 500
94 87 500
95 87 100
95 87 100
96 87 100
96 87 100
97 87 100
97 87 100
98 87 100
98 87 100
99 87 100
99 87 100
99 87 100
100 87 200
100 87 100
101 87 200
101 87 100
101 87 100
102 87 300
102 87 100
103 87 300
103 87 100
103 87 100
104 87 400
104 87 100
105 87 400
105 87 100
106 87 400
106 87 100
107 87 400
107 87 100
108 87 400
108 87 100
109 87 400
109 87 100
110 87 400
110 87 100
111 87 400
111 87 100
112 87 400
112 87 100
113 87 400
113 87 100
113 87 100
114 87 500
114 87 100
115 87 500
115 87 100
115 87 100
116 87 600
116 87 100
116 87 100
117 87 700
117 87 100
117 87 100
118 87 800
118 87 100
118 87 100
119 87 900
119 87 100
119 87 100
120 87 1000
120 87 100
121 87 1000
121 87 100
122 87 1000
123 87 1000
124 87 1000
125 87 100
125 87 100
125 87 100
125 87 100
125 87 100
125 87 100
125 87 100
126 87 600
127 87 600
128 87 600
129 87 100
129 87 100
130 87 100
130 87 100
131 87 100
132 87 100
133 87 100
134 87 100
135 87 100
136 87 100
137 87 100
138 87 100
139 87 100
140 87 100
141 87 100
142 87 100
143 87 100
144 87 100
145 87 100
146 87 100
147 87 100
148 87 100
149 87 100
150 87 100
151 87 100
152 87 100
153 87 100
154 87 100
155 87 100
156 87 100
157 87 100
158 87 100
159 87 100
160 87 100
161 87 100
162 87 100
163 87 100
164 87 100
165 87 100
166 87 100
167 87 100
168 87 100
169 87 100
169 87 100
170 87 100
170 87 100
171 87 100
171 87 100
171 87 100
172 87 200
172 87 100
172 87 100
172 86 300
172 86 100
172 86 100
172 85 400
172 85 100
172 85 100
172 84 500
172 84 100
172 84 100
172 84 100
172 83 700
172 83 100
172 83 100
172 82 800
172 82 100
172 82 100
172 81 900
172 81 100
172 81 100
172 80 1000
172 79 1000
172 78 1000
172 77 100
172 77 100
172 77 100
172 77 100
172 77 100
172 77 100
172 76 500
172 75 500
172 74 500
172 73 100
172 73 100
172 73 100
172 72 200
172 71 200
172 70 200
172 69 100
172 68 100
172 67 100
172 66 100
172 65 100
172 64 100
172 63 100
172 62 100
172 61 100
172 60 100
172 59 100
172 58 100
172 57 100
172 56 100
172 55 100
173 55 100
174 55 100
175 55 100
176 55 100
176 56 100
176 57 100
176 58 100
176 59 100
176 60 100
176 61 100
176 62 100
176 63 100
176 64 100
176 65 100
176 66 100
176 67 100
176 68 100
176 68 100
176 69 100
176 69 100
176 69 100
176 70 200
176 70 100
176 70 100
176 71 300
176 71 100
176 71 100
176 71 100
176 72 500
176 72 100
176 72 100
176 72 100
176 73 700
176 73 100
176 73 100
176 73 100
176 74 900
176 74 100
176 74 100
176 74 100
176 74 100
176 75 1200
176 75 100
176 75 100
176 75 100
176 76 1400
176 76 100
176 76 100
176 76 100
176 77 1600
176 77 100
176 77 100
176 77 100
176 77 100
176 78 1900
176 78 100
176 78 100
176 78 100
176 79 2100
176 79 100
176 79 100
176 80 2200
176 80 100
176 80 100
176 81 2300
176 81 100
176 81 100
176 82 2400
176 83 2400
176 84 2400
176 85 100
176 85 100
176 85 100
176 85 100
176 85 100
176 85 100
176 85 100
176 85 100
176 85 100
176 85 100
176 85 100
176 85 100
176 85 100
176 85 100
176 85 100
176 85 100
176 85 100
176 85 100
176 85 100
176 85 100
176 86 1900
176 87 1900
176 88 1900
176 89 100
176 89 100
176 89 100
176 89 100
176 89 100
176 89 100
176 89 100
176 89 100
176 89 100
176 89 100
176 90 900
176 91 900
176 92 900
176 93 100
176 93 100
176 93 100
176 94 200
176 94 100
176 95 200
176 96 200
176 97 200
176 98 100
176 98 100
176 99 100
176 99 100
176 99 100
176 100 200
176 100 100
176 100 100
176 101 300
176 101 100
176 101 100
176 102 400
176 102 100
176 102 100
176 102 100
176 103 600
176 103 100
176 103 100
176 103 100
176 104 800
176 104 100
176 104 100
176 105 900
176 105 100
176 105 100
176 106 1000
176 106 100
176 107 1000
176 108 1000
176 109 1000
176 110 100
176 110 100
176 110 100
176 110 100
176 110 100
176 110 100
176 111 500
176 112 500
176 113 500
176 114 100
176 114 100
176 114 100
176 115 200
176 115 100
176 116 200
176 117 200
176 118 200
176 119 100
176 120 100
176 121 100
176 122 100
176 123 100
176 124 100
176 125 100
176 126 100
176 126 100
176 127 100
176 127 100
176 128 100
176 128 100
176 128 100
176 129 200
176 129 100
176 129 100
176 130 300
176 130 100
176 130 100
176 131 400
176 131 100
176 131 100
176 132 500
176 132 100
176 132 100
176 133 600
176 133 100
176 133 100
176 134 700
176 134 100
176 134 100
176 135 800
176 135 100
176 136 800
176 137 800
176 138 800
176 139 100
176 139 100
176 139 100
176 139 100
176 140 300
176 141 300
176 142 300
176 143 100
176 144 100
176 145 100
176 146 100
176 147 100
