121 105 120
120 105 120
119 105 120
118 105 120
117 105 120
116 105 120
115 105 120
114 105 120
113 105 120
113 105 120
112 105 120
112 105 120
112 105 120
112 105 120
111 105 360
111 105 120
111 105 120
111 105 120
110 105 600
110 105 120
110 105 120
110 105 120
110 105 120
110 105 120
109 105 1080
109 105 120
109 105 120
109 105 120
109 105 120
109 105 120
109 105 120
108 105 1680
108 105 120
108 105 120
108 105 120
108 105 120
108 105 120
108 105 120
108 104 2280
108 103 2280
108 102 2280
108 101 120
108 101 120
108 101 120
108 101 120
108 101 120
108 101 120
108 101 120
108 101 120
108 101 120
108 101 120
108 100 1080
108 99 1080
108 98 1080
108 97 120
108 97 120
108 97 120
108 97 120
108 97 120
108 97 120
108 96 600
108 95 600
108 94 600
108 93 120
108 93 120
108 93 120
108 93 120
108 92 360
108 91 360
108 90 360
108 89 120
108 89 120
108 89 120
108 88 240
108 88 120
108 87 240
108 87 120
108 87 120
108 86 360
108 86 120
108 85 360
108 85 120
108 85 120
108 84 480
108 84 120
108 83 480
108 83 120
108 83 120
108 82 600
108 82 120
108 81 600
108 80 600
108 79 600
108 78 120
108 78 120
108 78 120
108 77 240
108 76 240
108 75 240
108 74 120
108 73 120
108 72 120
108 71 120
108 70 120
108 69 120
108 68 120
108 67 120
108 66 120
108 65 120
108 64 120
108 63 120
108 62 120
108 61 120
122 105 120
123 105 120
124 105 120
125 105 120
126 105 120
127 105 120
128 105 120
129 105 120
130 105 120
131 105 120
132 105 120
133 105 120
134 105 120
135 105 120
136 105 120
137 105 120
138 105 120
139 105 120
140 105 120
141 105 120
142 105 120
143 105 120
144 105 120
144 106 120
144 107 120
144 108 120
144 109 120
144 110 120
144 110 120
144 111 120
144 111 120
144 112 120
144 112 120
144 112 120
144 113 240
144 113 120
144 113 120
144 114 360
144 114 120
144 114 120
144 115 480
144 115 120
144 115 120
144 116 600
144 116 120
144 116 120
144 117 720
144 117 120
144 117 120
144 118 840
144 118 120
144 118 120
144 119 960
144 119 120
144 119 120
144 120 1080
144 120 120
144 120 120
144 121 1200
144 121 120
144 121 120
144 122 1320
144 122 120
145 122 1320
145 122 120
145 122 120
146 122 1440
146 122 120
147 122 1440
147 122 120
148 122 1440
149 122 1440
150 122 1440
151 122 120
151 122 120
151 122 120
151 122 120
151 122 120
151 122 120
151 122 120
151 122 120
152 122 840
153 122 840
154 122 840
155 122 120
155 122 120
155 122 120
155 122 120
156 122 360
156 122 120
157 122 360
157 122 120
158 122 360
158 122 120
159 122 360
159 122 120
160 122 360
160 122 120
161 122 360
161 122 120
162 122 360
162 122 120
163 122 360
163 122 120
163 122 120
164 122 480
164 122 120
165 122 480
165 122 120
166 122 480
166 122 120
166 122 120
167 122 600
167 122 120
168 122 600
168 122 120
168 122 120
168 123 720
168 123 120
168 124 720
168 124 120
168 125 720
168 126 720
168 127 720
168 128 120
168 128 120
168 128 120
168 128 120
168 129 360
168 130 360
168 131 360
168 132 120
168 132 120
168 133 120
168 134 120
168 135 120
168 136 120
168 137 120
168 138 120
168 139 120
168 140 120
169 140 120
170 140 120
171 140 120
172 140 120
173 140 120
174 140 120
175 140 120
176 140 120
177 140 120
178 140 120
179 140 120
179 140 120
180 140 120
180 140 120
181 140 120
181 140 120
182 140 120
182 140 120
183 140 120
183 140 120
184 140 120
184 140 120
185 140 120
185 140 120
186 140 120
186 140 120
186 139 120
186 139 120
186 138 120
186 137 120
186 136 120
186 135 120
186 134 120
186 133 120
186 133 120
186 132 120
186 132 120
186 131 120
186 131 120
186 130 120
186 130 120
186 129 120
186 129 120
186 128 120
186 128 120
186 127 120
186 127 120
186 126 120
186 126 120
186 126 120
186 125 240
186 125 120
186 124 240
186 124 120
186 123 240
186 123 120
186 122 240
186 122 120
186 121 240
186 120 240
186 119 240
186 118 120
186 117 120
186 116 120
186 115 120
186 114 120
186 113 120
186 112 120
185 112 120
184 112 120
183 112 120
182 112 120
181 112 120
180 112 120
179 112 120
179 111 120
179 110 120
179 109 120
179 108 120
179 107 120
179 106 120
179 105 120
179 104 120
179 103 120
179 102 120
179 101 120
179 100 120
179 99 120
179 98 120
179 97 120
179 96 120
179 95 120
179 95 120
179 94 120
179 94 120
179 93 120
179 93 120
179 93 120
179 92 240
179 92 120
179 91 240
179 91 120
179 90 240
179 90 120
179 90 120
179 89 360
179 89 120
179 88 360
179 88 120
179 87 360
179 87 120
179 86 360
179 86 120
179 86 120
179 85 480
179 85 120
179 85 120
179 84 600
179 84 120
179 84 120
179 84 120
179 83 840
179 83 120
179 83 120
179 83 120
179 82 1080
179 82 120
179 82 120
179 82 120
179 82 120
179 81 1440
179 81 120
179 81 120
179 81 120
179 81 120
179 81 120
179 80 1920
179 80 120
179 80 120
179 80 120
179 80 120
179 79 2280
179 79 120
179 79 120
179 79 120
179 79 120
179 78 2640
179 78 120
179 78 120
179 78 120
179 78 120
179 78 120
179 77 3120
179 77 120
179 77 120
179 77 120
179 76 3360
179 76 120
179 76 120
179 76 120
179 76 120
179 75 3720
179 75 120
179 75 120
179 74 3840
179 74 120
179 74 120
179 73 3960
179 73 120
179 72 3960
179 71 3960
179 70 3960
179 69 120
179 69 120
179 69 120
179 69 120
179 69 120
179 69 120
179 69 120
179 69 120
179 69 120
179 69 120
179 69 120
179 69 120
179 69 120
179 69 120
179 69 120
179 69 120
179 69 120
179 69 120
179 69 120
179 69 120
179 69 120
179 69 120
179 69 120
179 69 120
179 69 120
179 68 2880
179 67 2880
179 66 2880
179 65 120
179 65 120
179 65 120
179 65 120
179 65 120
179 65 120
179 65 120
179 65 120
179 65 120
179 65 120
179 65 120
179 64 1200
180 64 1200
181 64 1200
182 64 120
182 64 120
182 64 120
182 64 120
182 64 120
182 64 120
182 64 120
183 64 720
184 64 720
185 64 720
186 64 120
186 64 120
187 64 120
188 64 120
188 63 120
188 62 120
188 61 120
188 60 120
188 59 120
188 58 120
188 57 120
188 56 120
188 55 120
188 54 120
188 53 120
188 52 120
188 51 120
188 50 120
188 49 120
188 48 120
188 47 120
188 46 120
188 45 120
188 44 120
188 43 120
188 42 120
188 41 120
188 40 120
188 39 120
188 38 120
188 37 120
188 36 120
188 35 120
188 34 120
188 33 120
188 32 120
188 31 120
188 30 120
188 29 120
188 28 120
188 27 120
188 26 120
188 25 120
188 24 120
188 23 120
188 22 120
188 21 120
188 20 120
188 19 120
188 18 120
188 17 120
188 16 120
188 15 120
188 14 120
188 13 120
187 140 120
187 140 120
188 140 120
188 140 120
189 140 120
189 140 120
190 140 120
190 140 120
190 141 120
190 141 120
190 141 120
190 142 240
190 142 120
190 143 240
190 143 120
190 143 120
190 143 120
190 144 480
190 144 120
190 144 120
190 145 600
190 145 120
190 145 120
190 145 120
190 146 840
190 146 120
190 146 120
190 146 120
190 146 120
190 147 1200
190 147 120
190 147 120
190 147 120
190 148 1440
190 148 120
190 148 120
190 149 1560
190 149 120
190 149 120
190 150 1680
190 150 120
190 151 1680
190 152 1680
190 153 1680
190 154 120
190 154 120
190 154 120
190 154 120
190 154 120
190 154 120
190 154 120
190 154 120
190 155 840
190 156 840
190 157 840
190 158 120
190 158 120
190 159 120
190 159 120
190 160 120
190 161 120
190 162 120
190 163 120
190 164 120
190 165 120
190 166 120
190 167 120
143 122 120
143 122 120
143 122 120
143 122 120
143 122 120
143 122 120
143 122 120
143 122 120
143 122 120
143 122 120
143 122 120
143 122 120
142 122 1320
141 122 1320
140 122 1320
139 122 120
139 122 120
139 122 120
139 122 120
139 122 120
139 122 120
139 122 120
139 122 120
139 122 120
139 122 120
138 122 1080
137 122 1080
136 122 1080
135 122 120
135 122 120
135 122 120
135 122 120
135 122 120
135 122 120
134 122 600
133 122 600
132 122 600
131 122 120
131 122 120
131 122 120
130 122 240
130 122 120
129 122 240
129 122 120
128 122 240
128 122 120
127 122 240
127 122 120
126 122 240
126 122 120
126 122 120
126 123 360
126 123 120
126 123 120
126 124 480
126 124 120
126 124 120
126 125 600
126 125 120
126 125 120
126 125 120
126 126 840
126 126 120
126 126 120
126 126 120
126 126 120
126 127 1200
126 127 120
126 127 120
126 127 120
126 127 120
126 128 1560
126 128 120
126 128 120
126 128 120
126 128 120
126 129 1920
126 129 120
126 129 120
126 129 120
126 129 120
126 130 2280
126 130 120
126 130 120
126 130 120
126 131 2520
126 131 120
126 131 120
126 132 2640
126 132 120
126 133 2640
126 134 2640
126 135 2640
126 136 120
126 136 120
126 136 120
126 136 120
126 136 120
126 136 120
126 136 120
126 136 120
126 136 120
126 136 120
126 136 120
126 136 120
126 136 120
126 136 120
126 136 120
126 137 1680
126 138 1680
126 139 1680
126 140 120
126 140 120
126 140 120
126 140 120
126 140 120
126 140 120
126 141 600
126 142 600
126 143 600
126 144 120
126 144 120
126 144 120
126 145 240
126 145 120
126 146 240
126 146 120
126 147 240
126 147 120
126 148 240
126 149 240
126 150 240
126 151 120
126 152 120
126 153 120
126 154 120
126 155 120
126 156 120
126 157 120
126 158 120
126 159 120
125 159 120
124 159 120
123 159 120
122 159 120
121 159 120
120 159 120
119 159 120
118 159 120
117 159 120
116 159 120
116 159 120
115 159 120
115 159 120
114 159 120
114 159 120
113 159 120
113 159 120
112 159 120
112 159 120
112 159 120
111 159 240
111 159 120
110 159 240
110 159 120
110 159 120
109 159 360
109 159 120
108 159 360
108 159 120
107 159 360
107 159 120
106 159 360
106 159 120
105 159 360
105 159 120
104 159 360
104 159 120
103 159 360
103 159 120
102 159 360
101 159 360
100 159 360
99 159 120
99 159 120
99 159 120
98 159 240
98 159 120
97 159 240
97 159 120
96 159 240
96 159 120
95 159 240
95 159 120
94 159 240
94 159 120
94 159 120
93 159 360
93 159 120
92 159 360
92 159 120
91 159 360
90 159 360
89 159 360
88 159 120
88 159 120
87 159 120
87 159 120
86 159 120
86 159 120
85 159 120
85 159 120
85 158 120
85 157 120
85 156 120
85 155 120
85 154 120
85 153 120
107 105 120
107 105 120
107 105 120
107 105 120
107 105 120
107 105 120
107 105 120
107 105 120
107 105 120
107 105 120
107 105 120
107 105 120
107 105 120
107 105 120
107 105 120
107 105 120
107 105 120
107 105 120
107 105 120
107 105 120
107 105 120
107 105 120
107 105 120
107 105 120
106 105 2760
106 105 120
106 105 120
106 105 120
106 105 120
105 105 3120
105 105 120
105 105 120
105 105 120
105 105 120
104 105 3480
104 105 120
104 105 120
104 105 120
103 105 3720
103 105 120
103 105 120
102 105 3840
102 105 120
102 105 120
101 105 3960
101 105 120
100 105 3960
100 105 120
100 105 120
99 105 4080
99 105 120
98 105 4080
98 105 120
97 105 4080
96 105 4080
95 105 4080
94 105 120
94 105 120
94 105 120
94 105 120
94 105 120
94 105 120
94 105 120
94 105 120
94 105 120
94 105 120
94 105 120
94 105 120
94 105 120
94 105 120
94 105 120
94 105 120
94 105 120
94 105 120
94 105 120
94 105 120
94 105 120
94 105 120
94 105 120
94 105 120
94 105 120
94 105 120
94 105 120
94 105 120
94 105 120
94 105 120
94 105 120
94 105 120
93 105 3720
92 105 3720
91 105 3720
90 105 120
90 105 120
90 105 120
90 105 120
90 105 120
90 105 120
90 105 120
90 105 120
90 105 120
90 105 120
90 105 120
90 105 120
90 105 120
90 105 120
90 105 120
90 105 120
90 105 120
90 105 120
90 105 120
90 105 120
90 105 120
90 105 120
90 105 120
89 105 2640
88 105 2640
87 105 2640
86 105 120
86 105 120
86 105 120
86 105 120
86 105 120
86 105 120
86 105 120
86 105 120
86 105 120
86 105 120
86 105 120
86 105 120
86 105 120
85 105 1440
84 105 1440
83 105 1440
82 105 120
82 105 120
82 105 120
82 105 120
82 105 120
82 105 120
82 105 120
82 105 120
82 105 120
82 105 120
81 105 1080
81 105 120
80 105 1080
79 105 1080
78 105 1080
77 105 120
77 105 120
77 105 120
77 105 120
77 105 120
77 105 120
77 105 120
76 105 720
75 105 720
74 105 720
73 105 120
73 105 120
73 105 120
73 105 120
73 105 120
73 105 120
72 105 600
72 105 120
72 105 120
72 104 720
72 103 720
72 102 720
72 101 120
72 101 120
72 100 120
72 99 120
72 98 120
72 97 120
72 96 120
