168 184 120
167 184 120
166 184 120
165 184 120
164 184 120
163 184 120
162 184 120
161 184 120
160 184 120
159 184 120
158 184 120
157 184 120
156 184 120
155 184 120
154 184 120
153 184 120
152 184 120
151 184 120
150 184 120
149 184 120
148 184 120
147 184 120
146 184 120
145 184 120
144 184 120
143 184 120
142 184 120
141 184 120
140 184 120
139 184 120
138 184 120
138 184 120
137 184 120
137 184 120
136 184 120
136 184 120
135 184 120
135 184 120
134 184 120
134 184 120
133 184 120
133 184 120
132 184 120
132 184 120
131 184 120
130 184 120
129 184 120
128 184 120
127 184 120
126 184 120
125 184 120
124 184 120
123 184 120
122 184 120
121 184 120
120 184 120
119 184 120
118 184 120
117 184 120
116 184 120
115 184 120
114 184 120
113 184 120
112 184 120
111 184 120
110 184 120
109 184 120
108 184 120
107 184 120
106 184 120
105 184 120
104 184 120
103 184 120
102 184 120
101 184 120
100 184 120
99 184 120
98 184 120
97 184 120
96 184 120
95 184 120
94 184 120
93 184 120
92 184 120
91 184 120
90 184 120
89 184 120
88 184 120
87 184 120
86 184 120
85 184 120
84 184 120
83 184 120
82 184 120
81 184 120
80 184 120
79 184 120
79 185 120
79 186 120
79 187 120
79 188 120
79 189 120
79 190 120
79 191 120
162 95 120
162 95 120
161 95 120
161 95 120
160 95 120
160 95 120
159 95 120
159 95 120
158 95 120
158 95 120
157 95 120
157 95 120
156 95 120
156 95 120
155 95 120
155 95 120
154 95 120
154 95 120
153 95 120
153 95 120
152 95 120
152 95 120
151 95 120
151 95 120
151 95 120
150 95 240
149 95 240
148 95 240
147 95 120
147 95 120
146 95 120
145 95 120
144 95 120
143 95 120
142 95 120
141 95 120
140 95 120
139 95 120
138 95 120
137 95 120
136 95 120
135 95 120
134 95 120
133 95 120
133 94 120
133 93 120
133 92 120
133 91 120
133 90 120
133 89 120
133 88 120
133 87 120
133 86 120
133 85 120
133 84 120
133 83 120
133 82 120
133 81 120
133 80 120
133 79 120
133 78 120
133 77 120
133 76 120
133 75 120
133 74 120
133 73 120
133 72 120
133 71 120
133 70 120
133 69 120
133 68 120
133 67 120
108 94 120
109 94 120
110 94 120
111 94 120
112 94 120
113 94 120
114 94 120
115 94 120
116 94 120
117 94 120
118 94 120
119 94 120
120 94 120
121 94 120
122 94 120
123 94 120
124 94 120
125 94 120
126 94 120
127 94 120
128 94 120
129 94 120
130 94 120
131 94 120
132 94 120
89 57 120
90 57 120
91 57 120
92 57 120
93 57 120
94 57 120
95 57 120
96 57 120
97 57 120
98 57 120
99 57 120
100 57 120
101 57 120
102 57 120
103 57 120
104 57 120
105 57 120
106 57 120
107 57 120
108 57 120
109 57 120
110 57 120
111 57 120
112 57 120
113 57 120
114 57 120
115 57 120
116 57 120
117 57 120
118 57 120
119 57 120
120 57 120
121 57 120
122 57 120
123 57 120
124 57 120
125 57 120
126 57 120
127 57 120
128 57 120
129 57 120
130 57 120
131 57 120
132 57 120
133 57 120
133 58 120
133 59 120
133 60 120
133 61 120
133 62 120
133 63 120
133 64 120
133 65 120
133 66 120
29 199 120
30 199 120
31 199 120
32 199 120
33 199 120
34 199 120
35 199 120
36 199 120
37 199 120
38 199 120
39 199 120
40 199 120
41 199 120
42 199 120
43 199 120
44 199 120
45 199 120
46 199 120
47 199 120
48 199 120
49 199 120
50 199 120
51 199 120
52 199 120
53 199 120
54 199 120
55 199 120
56 199 120
57 199 120
58 199 120
59 199 120
60 199 120
61 199 120
62 199 120
63 199 120
64 199 120
65 199 120
66 199 120
67 199 120
68 199 120
69 199 120
70 199 120
71 199 120
72 199 120
73 199 120
74 199 120
75 199 120
76 199 120
77 199 120
78 199 120
79 199 120
79 198 120
79 197 120
79 196 120
79 195 120
79 194 120
79 193 120
79 192 120
