110 1 50
111 1 50
112 1 50
113 1 50
114 1 50
115 1 50
116 1 50
117 1 50
118 1 50
119 1 50
120 1 50
121 1 50
122 1 50
122 1 50
123 1 50
123 1 50
124 1 50
124 1 50
124 1 50
125 1 50
125 1 50
125 1 50
125 1 50
126 1 50
126 1 50
126 1 50
126 1 50
126 1 50
126 1 50
127 1 50
127 1 50
127 1 50
127 1 50
127 1 50
127 1 50
127 1 50
127 1 50
128 1 50
128 1 50
128 1 50
128 1 50
128 1 50
128 1 50
128 1 50
128 1 50
128 1 50
128 1 50
128 1 50
129 1 50
129 1 50
129 1 50
129 1 50
129 1 50
129 1 50
129 1 50
129 1 50
129 1 50
129 1 50
129 1 50
129 1 50
129 1 50
129 1 50
130 1 50
130 1 50
130 1 50
130 1 50
130 1 50
130 1 50
130 1 50
130 1 50
130 1 50
130 1 50
130 1 50
130 1 50
130 1 50
130 1 50
130 1 50
130 1 50
130 1 50
130 1 50
130 1 50
131 1 50
131 1 50
131 1 50
131 1 50
131 1 50
131 1 50
131 1 50
131 1 50
131 1 50
131 1 50
131 1 50
131 1 50
131 1 50
131 1 50
131 1 50
131 1 50
131 1 50
131 1 50
131 1 50
131 1 50
131 1 50
131 1 50
131 1 50
131 1 50
132 1 50
132 1 50
132 1 50
132 1 50
132 1 50
132 1 50
132 1 50
132 1 50
132 1 50
132 1 50
132 1 50
132 1 50
132 1 50
132 1 50
132 1 50
132 1 50
132 1 50
132 1 50
132 1 50
132 1 50
132 1 50
132 1 50
132 1 50
132 1 50
132 1 50
132 1 50
132 1 50
132 1 50
132 1 50
133 1 50
133 1 50
133 1 50
133 1 50
133 1 50
133 1 50
133 1 50
133 1 50
133 1 50
133 1 50
133 1 50
133 1 50
133 1 50
133 1 50
133 1 50
133 1 50
133 1 50
133 1 50
133 1 50
133 1 50
133 1 50
133 1 50
133 1 50
133 1 50
133 1 50
133 1 50
133 1 50
133 1 50
133 1 50
133 1 50
133 1 50
133 1 50
133 1 50
133 1 50
133 1 50
134 1 50
134 1 50
134 1 50
134 1 50
134 1 50
134 1 50
134 1 50
134 1 50
134 1 50
134 1 50
134 1 50
134 1 50
134 1 50
134 1 50
134 1 50
134 1 50
134 1 50
134 1 50
134 1 50
134 1 50
134 1 50
134 1 50
134 1 50
134 1 50
134 1 50
134 1 50
134 1 50
134 1 50
134 1 50
134 1 50
134 1 50
134 1 50
134 1 50
134 1 50
134 1 50
134 1 50
134 1 50
134 1 50
134 1 50
134 1 50
134 1 50
135 1 50
135 1 50
135 1 50
135 1 50
135 1 50
135 1 50
135 1 50
135 1 50
135 1 50
135 1 50
135 1 50
135 1 50
135 1 50
135 1 50
135 1 50
135 1 50
135 1 50
135 1 50
135 1 50
135 1 50
135 1 50
135 1 50
135 1 50
135 1 50
135 1 50
135 1 50
135 1 50
135 1 50
135 1 50
135 1 50
135 1 50
135 1 50
135 1 50
135 1 50
135 1 50
135 1 50
135 1 50
135 1 50
135 1 50
135 1 50
135 1 50
135 1 50
135 1 50
135 1 50
135 1 50
135 1 50
136 1 50
136 1 50
136 1 50
136 1 50
136 1 50
136 1 50
136 1 50
136 1 50
136 1 50
136 1 50
136 1 50
136 1 50
136 1 50
136 1 50
136 1 50
136 1 50
136 1 50
136 1 50
136 1 50
136 1 50
136 1 50
136 1 50
136 1 50
136 1 50
136 1 50
136 1 50
136 1 50
136 1 50
136 1 50
136 1 50
136 1 50
136 1 50
136 1 50
136 1 50
136 1 50
136 1 50
136 1 50
136 1 50
136 1 50
136 1 50
136 1 50
136 1 50
136 1 50
136 1 50
136 1 50
136 1 50
136 1 50
136 1 50
136 1 50
136 1 50
137 1 50
137 1 50
137 1 50
137 1 50
137 1 50
137 1 50
137 1 50
137 1 50
137 1 50
137 1 50
137 1 50
137 1 50
137 1 50
137 1 50
137 1 50
137 1 50
137 1 50
137 1 50
137 1 50
137 1 50
137 1 50
137 1 50
137 1 50
137 1 50
137 1 50
137 1 50
137 1 50
137 1 50
137 1 50
137 1 50
137 1 50
137 1 50
137 1 50
137 1 50
137 1 50
137 1 50
137 1 50
137 1 50
137 1 50
137 1 50
137 1 50
137 1 50
137 1 50
137 1 50
137 1 50
137 1 50
137 1 50
137 1 50
137 1 50
137 1 50
137 1 50
137 1 50
137 1 50
138 1 50
138 1 50
138 1 50
138 1 50
138 1 50
138 1 50
138 1 50
138 1 50
138 1 50
138 1 50
138 1 50
138 1 50
138 1 50
138 1 50
138 1 50
138 1 50
138 1 50
138 1 50
138 1 50
138 1 50
138 1 50
138 1 50
138 1 50
138 1 50
138 1 50
138 1 50
138 1 50
138 1 50
138 1 50
138 1 50
138 1 50
138 1 50
138 1 50
138 1 50
138 1 50
138 1 50
138 1 50
138 1 50
138 1 50
138 1 50
138 1 50
138 1 50
138 1 50
138 1 50
138 1 50
138 1 50
138 1 50
138 1 50
138 1 50
138 1 50
138 1 50
138 1 50
138 1 50
138 1 50
138 1 50
139 1 50
139 1 50
139 1 50
139 1 50
139 1 50
139 1 50
139 1 50
139 1 50
139 1 50
139 1 50
139 1 50
139 1 50
139 1 50
139 1 50
139 1 50
139 1 50
139 1 50
139 1 50
139 1 50
139 1 50
139 1 50
139 1 50
139 1 50
139 1 50
139 1 50
139 1 50
139 1 50
139 1 50
139 1 50
139 1 50
139 1 50
139 1 50
139 1 50
139 1 50
139 1 50
139 1 50
139 1 50
139 1 50
139 1 50
139 1 50
139 1 50
139 1 50
139 1 50
139 1 50
139 1 50
139 1 50
139 1 50
139 1 50
139 1 50
139 1 50
139 1 50
139 1 50
139 1 50
139 1 50
139 1 50
139 1 50
140 1 50
140 1 50
140 1 50
140 1 50
140 1 50
140 1 50
140 1 50
140 1 50
140 1 50
140 1 50
140 1 50
140 1 50
140 1 50
140 1 50
140 1 50
140 1 50
140 1 50
140 1 50
140 1 50
140 1 50
140 1 50
140 1 50
140 1 50
140 1 50
140 1 50
140 1 50
140 1 50
140 1 50
140 1 50
140 1 50
140 1 50
140 1 50
140 1 50
140 1 50
140 1 50
140 1 50
140 1 50
140 1 50
140 1 50
140 1 50
140 1 50
140 1 50
140 1 50
140 1 50
140 1 50
140 1 50
140 1 50
140 1 50
140 1 50
140 1 50
140 1 50
140 1 50
140 1 50
140 1 50
140 1 50
141 1 50
141 1 50
141 1 50
141 1 50
141 1 50
141 1 50
141 1 50
141 1 50
141 1 50
141 1 50
141 1 50
141 1 50
141 1 50
141 1 50
141 1 50
141 1 50
141 1 50
141 1 50
141 1 50
141 1 50
141 1 50
141 1 50
141 1 50
141 1 50
141 1 50
141 1 50
141 1 50
141 1 50
141 1 50
141 1 50
141 1 50
141 1 50
141 1 50
141 1 50
141 1 50
141 1 50
141 1 50
141 1 50
141 1 50
141 1 50
141 1 50
141 1 50
141 1 50
141 1 50
141 1 50
141 1 50
141 1 50
141 1 50
141 1 50
141 1 50
141 1 50
141 1 50
141 1 50
142 1 50
142 1 50
142 1 50
142 1 50
142 1 50
142 1 50
142 1 50
142 1 50
142 1 50
142 1 50
142 1 50
142 1 50
142 1 50
142 1 50
142 1 50
142 1 50
142 1 50
142 1 50
142 1 50
142 1 50
142 1 50
142 1 50
142 1 50
142 1 50
142 1 50
142 1 50
142 1 50
142 1 50
142 1 50
142 1 50
142 1 50
142 1 50
142 1 50
142 1 50
142 1 50
142 1 50
142 1 50
142 1 50
142 1 50
142 1 50
142 1 50
142 1 50
142 1 50
142 1 50
142 1 50
142 1 50
142 1 50
142 1 50
142 1 50
143 1 50
143 1 50
143 1 50
143 1 50
143 1 50
143 1 50
143 1 50
143 1 50
143 1 50
143 1 50
143 1 50
143 1 50
143 1 50
143 1 50
143 1 50
143 1 50
143 1 50
143 1 50
143 1 50
143 1 50
143 1 50
143 1 50
143 1 50
143 1 50
143 1 50
143 1 50
143 1 50
143 1 50
143 1 50
143 1 50
143 1 50
143 1 50
143 1 50
143 1 50
143 1 50
143 1 50
143 1 50
143 1 50
143 1 50
143 1 50
143 1 50
143 1 50
143 1 50
143 1 50
143 1 50
144 1 50
144 1 50
144 1 50
144 1 50
144 1 50
144 1 50
144 1 50
144 1 50
144 1 50
144 1 50
144 1 50
144 1 50
144 1 50
144 1 50
144 1 50
144 1 50
144 1 50
144 1 50
144 1 50
144 1 50
144 1 50
144 1 50
144 1 50
144 1 50
144 1 50
144 1 50
144 1 50
144 1 50
144 1 50
144 1 50
144 1 50
144 1 50
144 1 50
144 1 50
144 1 50
144 1 50
144 1 50
144 1 50
144 1 50
145 1 50
145 1 50
145 1 50
145 1 50
145 1 50
145 1 50
145 1 50
145 1 50
145 1 50
145 1 50
145 1 50
145 1 50
145 1 50
145 1 50
145 1 50
145 1 50
145 1 50
145 1 50
145 1 50
145 1 50
145 1 50
145 1 50
145 1 50
145 1 50
145 1 50
145 1 50
145 1 50
145 1 50
145 1 50
145 1 50
145 1 50
145 1 50
145 1 50
146 1 50
146 1 50
146 1 50
146 1 50
146 1 50
146 1 50
146 1 50
146 1 50
146 1 50
146 1 50
146 1 50
146 1 50
146 1 50
146 1 50
146 1 50
146 1 50
146 1 50
146 1 50
146 1 50
146 1 50
146 1 50
146 1 50
146 1 50
146 1 50
146 1 50
146 1 50
147 1 50
147 1 50
147 1 50
147 1 50
147 1 50
147 1 50
147 1 50
147 1 50
147 1 50
147 1 50
147 1 50
147 1 50
147 1 50
147 1 50
147 1 50
147 1 50
147 1 50
147 1 50
147 1 50
147 1 50
147 1 50
148 1 50
148 1 50
148 1 50
148 1 50
148 1 50
148 1 50
148 1 50
148 1 50
148 1 50
148 1 50
148 1 50
148 1 50
148 1 50
148 1 50
148 1 50
148 1 50
149 1 50
149 1 50
149 1 50
149 1 50
149 1 50
149 1 50
149 1 50
149 1 50
149 1 50
149 1 50
149 1 50
149 1 50
150 1 50
150 1 50
150 1 50
150 1 50
150 1 50
150 1 50
150 1 50
150 1 50
150 1 50
151 1 50
151 1 50
151 1 50
151 1 50
151 1 50
151 1 50
151 1 50
152 1 50
152 1 50
152 1 50
152 1 50
152 1 50
153 1 50
153 1 50
153 1 50
154 1 50
154 1 50
155 1 50
155 1 50
156 1 50
157 1 50
158 1 50
159 1 50
160 1 50
161 1 50
162 1 50
163 1 50
164 1 50
165 1 50
166 1 50
167 1 50
168 1 50
169 1 50
169 1 50
170 1 50
170 1 50
171 1 50
171 1 50
171 1 50
172 1 50
172 1 50
172 1 50
172 1 50
173 1 50
173 1 50
173 1 50
173 1 50
173 1 50
173 2 200
173 3 50
173 3 50
173 3 50
173 4 50
173 4 50
173 5 50
173 5 50
173 6 50
173 7 50
173 8 50
173 9 50
173 10 50
173 11 50
173 12 50
173 13 50
129 2 50
129 2 50
129 2 50
129 2 50
129 2 50
129 2 50
129 2 50
129 2 50
129 2 50
129 2 50
129 2 50
129 2 50
129 2 50
129 2 50
129 2 50
129 2 50
129 2 50
129 3 50
129 3 50
129 3 50
129 3 50
129 3 50
129 3 50
129 3 50
129 3 50
129 3 50
129 3 50
129 3 50
129 3 50
129 3 50
129 3 50
129 3 50
129 3 50
129 3 50
129 3 50
129 3 50
129 3 50
129 3 50
129 4 50
129 4 50
129 4 50
129 4 50
129 4 50
129 4 50
129 4 50
129 4 50
129 4 50
129 4 50
129 4 50
129 4 50
129 4 50
129 4 50
129 4 50
129 4 50
129 4 50
129 4 50
129 4 50
129 4 50
129 4 50
129 4 50
129 4 50
129 4 50
129 4 50
129 5 50
129 5 50
129 5 50
129 5 50
129 5 50
129 5 50
129 5 50
129 5 50
129 5 50
129 5 50
129 5 50
129 5 50
129 5 50
129 5 50
129 5 50
129 5 50
129 5 50
129 5 50
129 5 50
129 5 50
129 5 50
129 5 50
129 5 50
129 5 50
129 5 50
129 5 50
129 5 50
129 5 50
129 5 50
129 6 50
129 6 50
129 6 50
129 6 50
129 6 50
129 6 50
129 6 50
129 6 50
129 6 50
129 6 50
129 6 50
129 6 50
129 6 50
129 6 50
129 6 50
129 6 50
129 6 50
129 6 50
129 6 50
129 6 50
129 6 50
129 6 50
129 6 50
129 6 50
129 6 50
129 6 50
129 6 50
129 6 50
129 6 50
129 6 50
129 6 50
129 6 50
129 6 50
129 6 50
129 7 50
129 7 50
129 7 50
129 7 50
129 7 50
129 7 50
129 7 50
129 7 50
129 7 50
129 7 50
129 7 50
129 7 50
129 7 50
129 7 50
129 7 50
129 7 50
129 7 50
129 7 50
129 7 50
129 7 50
129 7 50
129 7 50
129 7 50
129 7 50
129 7 50
129 7 50
129 7 50
129 7 50
129 7 50
129 7 50
129 7 50
129 7 50
129 7 50
129 7 50
129 7 50
129 7 50
129 7 50
129 7 50
129 7 50
129 7 50
129 8 50
129 8 50
129 8 50
129 8 50
129 8 50
129 8 50
129 8 50
129 8 50
129 8 50
129 8 50
129 8 50
129 8 50
129 8 50
129 8 50
129 8 50
129 8 50
129 8 50
129 8 50
129 8 50
129 8 50
129 8 50
129 8 50
129 8 50
129 8 50
129 8 50
129 8 50
129 8 50
129 8 50
129 8 50
129 8 50
129 8 50
129 8 50
129 8 50
129 8 50
129 8 50
129 8 50
129 8 50
129 8 50
129 8 50
129 8 50
129 8 50
129 8 50
129 8 50
129 8 50
129 8 50
129 9 50
129 9 50
129 9 50
129 9 50
129 9 50
129 9 50
129 9 50
129 9 50
129 9 50
129 9 50
129 9 50
129 9 50
129 9 50
129 9 50
129 9 50
129 9 50
129 9 50
129 9 50
129 9 50
129 9 50
129 9 50
129 9 50
129 9 50
129 9 50
129 9 50
129 9 50
129 9 50
129 9 50
129 9 50
129 9 50
129 9 50
129 9 50
129 9 50
129 9 50
129 9 50
129 9 50
129 9 50
129 9 50
129 9 50
129 9 50
129 9 50
129 9 50
129 9 50
129 9 50
129 9 50
129 9 50
129 9 50
129 9 50
129 9 50
129 9 50
129 9 50
129 10 50
129 10 50
129 10 50
129 10 50
129 10 50
129 10 50
129 10 50
129 10 50
129 10 50
129 10 50
129 10 50
129 10 50
129 10 50
129 10 50
129 10 50
129 10 50
129 10 50
129 10 50
129 10 50
129 10 50
129 10 50
129 10 50
129 10 50
129 10 50
129 10 50
129 10 50
129 10 50
129 10 50
129 10 50
129 10 50
129 10 50
129 10 50
129 10 50
129 10 50
129 10 50
129 10 50
129 10 50
129 10 50
129 10 50
129 10 50
129 10 50
129 10 50
129 10 50
129 10 50
129 10 50
129 10 50
129 10 50
129 10 50
129 10 50
129 10 50
129 10 50
129 10 50
129 10 50
129 10 50
129 10 50
129 10 50
129 11 50
129 11 50
129 11 50
129 11 50
129 11 50
129 11 50
129 11 50
129 11 50
129 11 50
129 11 50
129 11 50
129 11 50
129 11 50
129 11 50
129 11 50
129 11 50
129 11 50
129 11 50
129 11 50
129 11 50
129 11 50
129 11 50
129 11 50
129 11 50
129 11 50
129 11 50
129 11 50
129 11 50
129 11 50
129 11 50
129 11 50
129 11 50
129 11 50
129 11 50
129 11 50
129 11 50
129 11 50
129 11 50
129 11 50
129 11 50
129 11 50
129 11 50
129 11 50
129 11 50
129 11 50
129 11 50
129 11 50
129 11 50
129 11 50
129 11 50
129 11 50
129 11 50
129 11 50
129 11 50
129 11 50
129 11 50
129 11 50
129 11 50
129 11 50
129 11 50
129 12 50
129 12 50
129 12 50
129 12 50
129 12 50
129 12 50
129 12 50
129 12 50
129 12 50
129 12 50
129 12 50
129 12 50
129 12 50
129 12 50
129 12 50
129 12 50
129 12 50
129 12 50
129 12 50
129 12 50
129 12 50
129 12 50
129 12 50
129 12 50
129 12 50
129 12 50
129 12 50
129 12 50
129 12 50
129 12 50
129 12 50
129 12 50
129 12 50
129 12 50
129 12 50
129 12 50
129 12 50
129 12 50
129 12 50
129 12 50
129 12 50
129 12 50
129 12 50
129 12 50
129 12 50
129 12 50
129 12 50
129 12 50
129 12 50
129 12 50
129 12 50
129 12 50
129 12 50
129 12 50
129 12 50
129 12 50
129 12 50
129 12 50
129 12 50
129 12 50
129 12 50
129 12 50
129 12 50
129 13 50
129 13 50
129 13 50
129 13 50
129 13 50
129 13 50
129 13 50
129 13 50
129 13 50
129 13 50
129 13 50
129 13 50
129 13 50
129 13 50
129 13 50
129 13 50
129 13 50
129 13 50
129 13 50
129 13 50
129 13 50
129 13 50
129 13 50
129 13 50
129 13 50
129 13 50
129 13 50
129 13 50
129 13 50
129 13 50
129 13 50
129 13 50
129 13 50
129 13 50
129 13 50
129 13 50
129 13 50
129 13 50
129 13 50
129 13 50
129 13 50
129 13 50
129 13 50
129 13 50
129 13 50
129 13 50
129 13 50
129 13 50
129 13 50
129 13 50
129 13 50
129 13 50
129 13 50
129 13 50
129 13 50
129 13 50
129 13 50
129 13 50
129 13 50
129 13 50
129 13 50
129 13 50
129 13 50
129 13 50
129 13 50
129 13 50
129 14 50
129 14 50
129 14 50
129 14 50
129 14 50
129 14 50
129 14 50
129 14 50
129 14 50
129 14 50
129 14 50
129 14 50
129 14 50
129 14 50
129 14 50
129 14 50
129 14 50
129 14 50
129 14 50
129 14 50
129 14 50
129 14 50
129 14 50
129 14 50
129 14 50
129 14 50
129 14 50
129 14 50
129 14 50
129 14 50
129 14 50
129 14 50
129 14 50
129 14 50
129 14 50
129 14 50
129 14 50
129 14 50
129 14 50
129 14 50
129 14 50
129 14 50
129 14 50
129 14 50
129 14 50
129 14 50
129 14 50
129 14 50
129 14 50
129 14 50
129 14 50
129 14 50
129 14 50
129 14 50
129 14 50
129 14 50
129 14 50
129 14 50
129 14 50
129 14 50
129 14 50
129 14 50
129 14 50
129 14 50
129 14 50
129 14 50
129 15 50
129 15 50
129 15 50
129 15 50
129 15 50
129 15 50
129 15 50
129 15 50
129 15 50
129 15 50
129 15 50
129 15 50
129 15 50
129 15 50
129 15 50
129 15 50
129 15 50
129 15 50
129 15 50
129 15 50
129 15 50
129 15 50
129 15 50
129 15 50
129 15 50
129 15 50
129 15 50
129 15 50
129 15 50
129 15 50
129 15 50
129 15 50
129 15 50
129 15 50
129 15 50
129 15 50
129 15 50
129 15 50
129 15 50
129 15 50
129 15 50
129 15 50
129 15 50
129 15 50
129 15 50
129 15 50
129 15 50
129 15 50
129 15 50
129 15 50
129 15 50
129 15 50
129 15 50
129 15 50
129 15 50
129 15 50
129 15 50
129 15 50
129 15 50
129 15 50
129 15 50
129 15 50
129 15 50
129 15 50
129 15 50
129 15 50
129 16 50
129 16 50
129 16 50
129 16 50
129 16 50
129 16 50
129 16 50
129 16 50
129 16 50
129 16 50
129 16 50
129 16 50
129 16 50
129 16 50
129 16 50
129 16 50
129 16 50
129 16 50
129 16 50
129 16 50
129 16 50
129 16 50
129 16 50
129 16 50
129 16 50
129 16 50
129 16 50
129 16 50
129 16 50
129 16 50
129 16 50
129 16 50
129 16 50
129 16 50
129 16 50
129 16 50
129 16 50
129 16 50
129 16 50
129 16 50
129 16 50
129 16 50
129 16 50
129 16 50
129 16 50
129 16 50
129 16 50
129 16 50
129 16 50
129 16 50
129 16 50
129 16 50
129 16 50
129 16 50
129 16 50
129 16 50
129 16 50
129 16 50
129 16 50
129 16 50
129 16 50
129 16 50
129 16 50
129 17 50
129 17 50
129 17 50
129 17 50
129 17 50
129 17 50
129 17 50
129 17 50
129 17 50
129 17 50
129 17 50
129 17 50
129 17 50
129 17 50
129 17 50
129 17 50
129 17 50
129 17 50
129 17 50
129 17 50
129 17 50
129 17 50
129 17 50
129 17 50
129 17 50
129 17 50
129 17 50
129 17 50
129 17 50
129 17 50
129 17 50
129 17 50
129 17 50
129 17 50
129 17 50
129 17 50
129 17 50
129 17 50
129 17 50
129 17 50
129 17 50
129 17 50
129 17 50
129 17 50
129 17 50
129 17 50
129 17 50
129 17 50
129 17 50
129 17 50
129 17 50
129 17 50
129 17 50
129 17 50
129 17 50
129 17 50
129 17 50
129 17 50
129 17 50
129 18 50
129 18 50
129 18 50
129 18 50
129 18 50
129 18 50
129 18 50
129 18 50
129 18 50
129 18 50
129 18 50
129 18 50
129 18 50
129 18 50
129 18 50
129 18 50
129 18 50
129 18 50
129 18 50
129 18 50
129 18 50
129 18 50
129 18 50
129 18 50
129 18 50
129 18 50
129 18 50
129 18 50
129 18 50
129 18 50
129 18 50
129 18 50
129 18 50
129 18 50
129 18 50
129 18 50
129 18 50
129 18 50
129 18 50
129 18 50
129 18 50
129 18 50
129 18 50
129 18 50
129 18 50
129 18 50
129 18 50
129 18 50
129 18 50
129 18 50
129 18 50
129 18 50
129 18 50
129 18 50
129 19 50
129 19 50
129 19 50
129 19 50
129 19 50
129 19 50
129 19 50
129 19 50
129 19 50
129 19 50
129 19 50
129 19 50
129 19 50
129 19 50
129 19 50
129 19 50
129 19 50
129 19 50
129 19 50
129 19 50
129 19 50
129 19 50
129 19 50
129 19 50
129 19 50
129 19 50
129 19 50
129 19 50
129 19 50
129 19 50
129 19 50
129 19 50
129 19 50
129 19 50
129 19 50
129 19 50
129 19 50
129 19 50
129 19 50
129 19 50
129 19 50
129 19 50
129 19 50
129 19 50
129 19 50
129 19 50
129 19 50
129 20 50
129 20 50
129 20 50
129 20 50
129 20 50
129 20 50
129 20 50
129 20 50
129 20 50
129 20 50
129 20 50
129 20 50
129 20 50
129 20 50
129 20 50
129 20 50
129 20 50
129 20 50
129 20 50
129 20 50
129 20 50
129 20 50
129 20 50
129 20 50
129 20 50
129 20 50
129 20 50
129 20 50
129 20 50
129 20 50
129 20 50
129 20 50
129 20 50
129 20 50
129 20 50
129 20 50
129 20 50
129 20 50
129 21 50
129 21 50
129 21 50
129 21 50
129 21 50
129 21 50
129 21 50
129 21 50
129 21 50
129 21 50
129 21 50
129 21 50
129 21 50
129 21 50
129 21 50
129 21 50
129 21 50
129 21 50
129 21 50
129 21 50
129 21 50
129 21 50
129 21 50
129 21 50
129 21 50
129 21 50
129 21 50
129 21 50
129 21 50
129 21 50
129 22 50
129 22 50
129 22 50
129 22 50
129 22 50
129 22 50
129 22 50
129 22 50
129 22 50
129 22 50
129 22 50
129 22 50
129 22 50
129 22 50
129 22 50
129 22 50
129 22 50
129 22 50
129 22 50
129 22 50
129 22 50
129 22 50
129 23 50
129 23 50
129 23 50
129 23 50
129 23 50
129 23 50
129 23 50
129 23 50
129 23 50
129 23 50
129 23 50
129 23 50
129 23 50
129 23 50
129 23 50
129 23 50
129 24 50
129 24 50
129 24 50
129 24 50
129 24 50
129 24 50
129 24 50
129 24 50
129 24 50
129 24 50
129 24 50
129 25 50
129 25 50
129 25 50
129 25 50
129 25 50
129 25 50
129 25 50
129 26 50
129 26 50
129 26 50
129 26 50
129 26 50
129 27 50
129 27 50
129 27 50
129 27 50
129 28 50
129 28 50
129 28 50
129 29 50
129 29 50
129 30 50
129 30 50
129 31 50
129 32 50
129 33 50
129 34 50
129 35 50
129 36 50
129 37 50
129 38 50
129 39 50
129 40 50
129 41 50
129 42 50
129 43 50
129 44 50
129 45 50
129 46 50
129 47 50
129 48 50
129 49 50
129 50 50
129 51 50
129 52 50
129 53 50
129 53 50
129 54 50
129 54 50
129 55 50
129 55 50
129 56 50
129 56 50
129 56 50
129 57 50
129 57 50
129 57 50
129 58 50
129 58 50
129 58 50
129 58 50
129 59 50
129 59 50
129 59 50
129 59 50
129 59 50
129 60 50
129 60 50
129 60 50
129 60 50
129 60 50
129 60 50
129 60 50
129 61 50
129 61 50
129 61 50
129 61 50
129 61 50
129 61 50
129 61 50
129 61 50
129 61 50
129 61 50
129 62 50
129 62 50
129 62 50
129 62 50
129 62 50
129 62 50
129 62 50
129 62 50
129 62 50
129 62 50
129 62 50
129 62 50
129 62 50
129 63 50
129 63 50
129 63 50
129 63 50
129 63 50
129 63 50
129 63 50
129 63 50
129 63 50
129 63 50
129 63 50
129 63 50
129 63 50
129 63 50
129 63 50
129 63 50
129 63 50
129 64 50
129 64 50
129 64 50
129 64 50
129 64 50
129 64 50
129 64 50
129 64 50
129 64 50
129 64 50
129 64 50
129 64 50
129 64 50
129 64 50
129 64 50
129 64 50
129 64 50
129 64 50
129 64 50
129 64 50
129 64 50
129 65 50
129 65 50
129 65 50
129 65 50
129 65 50
129 65 50
129 65 50
129 65 50
129 65 50
129 65 50
129 65 50
129 65 50
129 65 50
129 65 50
129 65 50
129 65 50
129 65 50
129 65 50
129 65 50
129 65 50
129 65 50
129 65 50
129 65 50
129 65 50
129 66 50
129 66 50
129 66 50
129 66 50
129 66 50
129 66 50
129 66 50
129 66 50
129 66 50
129 66 50
129 66 50
129 66 50
129 66 50
129 66 50
129 66 50
129 66 50
129 66 50
129 66 50
129 66 50
129 66 50
129 66 50
129 66 50
129 66 50
129 66 50
129 66 50
129 66 50
129 66 50
129 66 50
129 67 50
129 67 50
129 67 50
129 67 50
129 67 50
129 67 50
129 67 50
129 67 50
129 67 50
129 67 50
129 67 50
129 67 50
129 67 50
129 67 50
129 67 50
129 67 50
129 67 50
129 67 50
129 67 50
129 67 50
129 67 50
129 67 50
129 67 50
129 67 50
129 67 50
129 67 50
129 67 50
129 67 50
129 67 50
129 67 50
129 67 50
129 68 50
129 68 50
129 68 50
129 68 50
129 68 50
129 68 50
129 68 50
129 68 50
129 68 50
129 68 50
129 68 50
129 68 50
129 68 50
129 68 50
129 68 50
129 68 50
129 68 50
129 68 50
129 68 50
129 68 50
129 68 50
129 68 50
129 68 50
129 68 50
129 68 50
129 68 50
129 68 50
129 68 50
129 68 50
129 68 50
129 68 50
129 68 50
129 69 50
129 69 50
129 69 50
129 69 50
129 69 50
129 69 50
129 69 50
129 69 50
129 69 50
129 69 50
129 69 50
129 69 50
129 69 50
129 69 50
129 69 50
129 69 50
129 69 50
129 69 50
129 69 50
129 69 50
129 69 50
129 69 50
129 69 50
129 69 50
129 69 50
129 69 50
129 69 50
129 69 50
129 69 50
129 69 50
129 69 50
129 69 50
129 69 50
129 70 50
129 70 50
129 70 50
129 70 50
129 70 50
129 70 50
129 70 50
129 70 50
129 70 50
129 70 50
129 70 50
129 70 50
129 70 50
129 70 50
129 70 50
129 70 50
129 70 50
129 70 50
129 70 50
129 70 50
129 70 50
129 70 50
129 70 50
129 70 50
129 70 50
129 70 50
129 70 50
129 70 50
129 70 50
129 70 50
129 70 50
129 70 50
129 71 50
129 71 50
129 71 50
129 71 50
129 71 50
129 71 50
129 71 50
129 71 50
129 71 50
129 71 50
129 71 50
129 71 50
129 71 50
129 71 50
129 71 50
129 71 50
129 71 50
129 71 50
129 71 50
129 71 50
129 71 50
129 71 50
129 71 50
129 71 50
129 71 50
129 71 50
129 71 50
129 71 50
129 71 50
129 71 50
129 72 50
129 72 50
129 72 50
129 72 50
129 72 50
129 72 50
129 72 50
129 72 50
129 72 50
129 72 50
129 72 50
129 72 50
129 72 50
129 72 50
129 72 50
129 72 50
129 72 50
129 72 50
129 72 50
129 72 50
129 72 50
129 72 50
129 72 50
129 72 50
129 72 50
129 72 50
129 73 50
129 73 50
129 73 50
129 73 50
129 73 50
129 73 50
129 73 50
129 73 50
129 73 50
129 73 50
129 73 50
129 73 50
129 73 50
129 73 50
129 73 50
129 73 50
129 73 50
129 73 50
129 73 50
129 73 50
129 73 50
129 73 50
129 74 50
129 74 50
129 74 50
129 74 50
129 74 50
129 74 50
129 74 50
129 74 50
129 74 50
129 74 50
129 74 50
129 74 50
129 74 50
129 74 50
129 74 50
129 74 50
129 74 50
129 74 50
129 75 50
129 75 50
129 75 50
129 75 50
129 75 50
129 75 50
129 75 50
129 75 50
129 75 50
129 75 50
129 75 50
129 75 50
129 75 50
129 76 50
129 76 50
129 76 50
129 76 50
129 76 50
129 76 50
129 76 50
129 76 50
129 76 50
129 76 50
129 77 50
129 77 50
129 77 50
129 77 50
129 77 50
129 77 50
129 77 50
129 78 50
129 78 50
129 78 50
129 78 50
129 78 50
129 79 50
129 79 50
129 79 50
129 80 50
129 80 50
129 81 50
129 81 50
129 82 50
129 83 50
129 84 50
129 85 50
129 86 50
129 87 50
129 88 50
129 89 50
129 90 50
128 90 50
127 90 50
126 90 50
125 90 50
124 90 50
123 90 50
122 90 50
121 90 50
120 90 50
119 90 50
118 90 50
117 90 50
116 90 50
115 90 50
114 90 50
113 90 50
112 90 50
111 90 50
110 90 50
109 90 50
108 90 50
107 90 50
106 90 50
105 90 50
104 90 50
103 90 50
102 90 50
101 90 50
100 90 50
99 90 50
98 90 50
97 90 50
96 90 50
95 90 50
94 90 50
93 90 50
93 91 50
93 92 50
93 93 50
93 94 50
93 95 50
93 96 50
93 97 50
93 98 50
93 99 50
93 100 50
92 100 50
91 100 50
90 100 50
89 100 50
88 100 50
87 100 50
86 100 50
85 100 50
84 100 50
83 100 50
82 100 50
81 100 50
80 100 50
79 100 50
79 100 50
78 100 50
78 100 50
78 100 50
77 100 50
77 100 50
77 100 50
77 100 50
76 100 50
76 100 50
76 100 50
76 100 50
76 100 50
76 100 50
75 100 50
75 100 50
75 100 50
75 100 50
75 100 50
75 100 50
75 100 50
75 100 50
74 100 50
74 100 50
74 100 50
74 100 50
74 100 50
74 100 50
74 100 50
74 100 50
74 100 50
73 100 50
73 100 50
73 100 50
73 100 50
73 100 50
73 100 50
73 100 50
73 100 50
73 100 50
73 100 50
73 100 50
72 100 50
72 100 50
72 100 50
72 100 50
72 100 50
72 100 50
72 100 50
72 100 50
72 100 50
72 100 50
72 100 50
72 100 50
71 100 50
71 100 50
71 100 50
71 100 50
71 100 50
71 100 50
71 100 50
71 100 50
71 100 50
71 100 50
71 100 50
71 100 50
71 100 50
71 100 50
70 100 50
70 100 50
70 100 50
70 100 50
70 100 50
70 100 50
70 100 50
70 100 50
70 100 50
70 100 50
70 100 50
70 100 50
70 100 50
70 100 50
70 100 50
70 100 50
69 100 50
69 100 50
69 100 50
69 100 50
69 100 50
69 100 50
69 100 50
69 100 50
69 100 50
69 100 50
69 100 50
69 100 50
69 100 50
69 100 50
69 100 50
69 100 50
69 100 50
69 100 50
68 100 50
68 100 50
68 100 50
68 100 50
68 100 50
68 100 50
68 100 50
68 100 50
68 100 50
68 100 50
68 100 50
68 100 50
68 100 50
68 100 50
68 100 50
68 100 50
68 100 50
68 100 50
68 100 50
68 100 50
67 100 50
67 100 50
67 100 50
67 100 50
67 100 50
67 100 50
67 100 50
67 100 50
67 100 50
67 100 50
67 100 50
67 100 50
67 100 50
67 100 50
67 100 50
67 100 50
67 100 50
67 100 50
67 100 50
67 100 50
67 100 50
66 100 50
66 100 50
66 100 50
66 100 50
66 100 50
66 100 50
66 100 50
66 100 50
66 100 50
66 100 50
66 100 50
66 100 50
66 100 50
66 100 50
66 100 50
66 100 50
66 100 50
66 100 50
66 100 50
66 100 50
66 100 50
66 100 50
65 100 50
65 100 50
65 100 50
65 100 50
65 100 50
65 100 50
65 100 50
65 100 50
65 100 50
65 100 50
65 100 50
65 100 50
65 100 50
65 100 50
65 100 50
65 100 50
65 100 50
65 100 50
65 100 50
65 100 50
65 100 50
65 100 50
65 100 50
64 100 50
64 100 50
64 100 50
64 100 50
64 100 50
64 100 50
64 100 50
64 100 50
64 100 50
64 100 50
64 100 50
64 100 50
64 100 50
64 100 50
64 100 50
64 100 50
64 100 50
64 100 50
64 100 50
64 100 50
64 100 50
64 100 50
64 100 50
63 100 50
63 100 50
63 100 50
63 100 50
63 100 50
63 100 50
63 100 50
63 100 50
63 100 50
63 100 50
63 100 50
63 100 50
63 100 50
63 100 50
63 100 50
63 100 50
63 100 50
63 100 50
63 100 50
63 100 50
63 100 50
63 100 50
62 100 50
62 100 50
62 100 50
62 100 50
62 100 50
62 100 50
62 100 50
62 100 50
62 100 50
62 100 50
62 100 50
62 100 50
62 100 50
62 100 50
62 100 50
62 100 50
62 100 50
62 100 50
62 100 50
62 100 50
62 101 950
62 101 50
62 102 50
62 102 50
62 102 50
62 102 50
62 102 50
62 102 50
62 102 50
62 102 50
62 102 50
62 102 50
62 102 50
62 102 50
62 102 50
62 102 50
62 102 50
62 102 50
62 102 50
62 102 50
62 103 50
62 103 50
62 103 50
62 103 50
62 103 50
62 103 50
62 103 50
62 103 50
62 103 50
62 103 50
62 103 50
62 103 50
62 103 50
62 103 50
62 103 50
62 104 50
62 104 50
62 104 50
62 104 50
62 104 50
62 104 50
62 104 50
62 104 50
62 104 50
62 104 50
62 104 50
62 104 50
62 105 50
62 105 50
62 105 50
62 105 50
62 105 50
62 105 50
62 105 50
62 105 50
62 106 50
62 106 50
62 106 50
62 106 50
62 106 50
62 106 50
62 107 50
62 107 50
62 107 50
62 107 50
62 108 50
62 108 50
62 108 50
62 109 50
62 109 50
62 110 50
62 111 50
62 112 50
62 113 50
62 114 50
61 114 50
60 114 50
59 114 50
58 114 50
57 114 50
56 114 50
55 114 50
54 114 50
53 114 50
52 114 50
52 115 50
52 116 50
52 117 50
52 118 50
52 119 50
52 120 50
52 121 50
52 122 50
52 123 50
52 124 50
52 125 50
52 126 50
52 127 50
52 128 50
52 129 50
52 130 50
52 131 50
52 132 50
52 133 50
52 134 50
52 134 50
52 135 50
52 135 50
52 136 50
52 136 50
52 136 50
52 137 50
52 137 50
52 137 50
52 137 50
52 138 50
52 138 50
52 138 50
52 138 50
52 139 50
52 139 50
52 139 50
52 139 50
52 140 50
52 140 50
52 140 50
52 140 50
52 140 50
52 141 50
52 141 50
52 141 50
52 141 50
52 142 50
52 142 50
52 142 50
52 142 50
52 143 50
52 143 50
52 143 50
52 144 50
52 144 50
52 144 50
52 145 50
52 145 50
52 146 50
52 146 50
52 147 50
52 148 50
53 148 50
54 148 50
55 148 50
56 148 50
57 148 50
58 148 50
59 148 50
60 148 50
61 148 50
62 148 50
63 148 50
63 148 50
64 148 50
64 148 50
64 148 50
65 148 50
65 148 50
65 148 50
65 148 50
65 148 50
66 148 50
66 148 50
66 148 50
66 148 50
66 148 50
66 148 50
66 148 50
66 148 50
67 148 50
67 148 50
67 148 50
67 148 50
67 148 50
67 148 50
67 148 50
67 148 50
67 148 50
67 148 50
67 148 50
67 148 50
67 148 50
68 148 50
68 148 50
68 148 50
68 148 50
68 148 50
68 148 50
68 148 50
68 148 50
68 148 50
68 148 50
68 148 50
68 148 50
68 148 50
68 148 50
68 148 50
68 148 50
68 148 50
68 148 50
68 148 50
69 148 50
69 148 50
69 148 50
69 148 50
69 148 50
69 148 50
69 148 50
69 148 50
69 148 50
69 148 50
69 148 50
69 148 50
69 148 50
69 148 50
69 148 50
69 148 50
69 148 50
69 148 50
69 148 50
69 148 50
69 148 50
69 148 50
69 148 50
69 148 50
69 148 50
69 148 50
70 148 50
70 148 50
70 148 50
70 148 50
70 148 50
70 148 50
70 148 50
70 148 50
70 148 50
70 148 50
70 148 50
70 148 50
70 148 50
70 148 50
70 148 50
70 148 50
70 148 50
70 148 50
70 148 50
70 148 50
70 148 50
70 148 50
70 148 50
70 148 50
70 148 50
70 148 50
70 148 50
70 148 50
70 148 50
70 148 50
70 148 50
70 148 50
70 148 50
70 148 50
71 148 50
71 148 50
71 148 50
71 148 50
71 148 50
71 148 50
71 148 50
71 148 50
71 148 50
71 148 50
71 148 50
71 148 50
71 148 50
71 148 50
71 148 50
71 148 50
71 148 50
71 148 50
71 148 50
71 148 50
71 148 50
71 148 50
71 148 50
71 148 50
71 148 50
71 148 50
71 148 50
71 148 50
71 148 50
71 148 50
71 148 50
71 148 50
71 148 50
71 148 50
71 148 50
71 148 50
71 148 50
71 148 50
71 148 50
71 148 50
71 148 50
71 148 50
72 148 50
72 148 50
72 148 50
72 148 50
72 148 50
72 148 50
72 148 50
72 148 50
72 148 50
72 148 50
72 148 50
72 148 50
72 148 50
72 148 50
72 148 50
72 148 50
72 148 50
72 148 50
72 148 50
72 148 50
72 148 50
72 148 50
72 148 50
72 148 50
72 148 50
72 148 50
72 148 50
72 148 50
72 148 50
72 148 50
72 148 50
72 148 50
72 148 50
72 148 50
72 148 50
72 148 50
72 148 50
72 148 50
72 148 50
72 148 50
72 148 50
72 148 50
72 148 50
72 148 50
72 148 50
72 148 50
72 148 50
72 148 50
72 148 50
72 148 50
73 148 50
73 148 50
73 148 50
73 148 50
73 148 50
73 148 50
73 148 50
73 148 50
73 148 50
73 148 50
73 148 50
73 148 50
73 148 50
73 148 50
73 148 50
73 148 50
73 148 50
73 148 50
73 148 50
73 148 50
73 148 50
73 148 50
73 148 50
73 148 50
73 148 50
73 148 50
73 148 50
73 148 50
73 148 50
73 148 50
73 148 50
73 148 50
73 148 50
73 148 50
73 148 50
73 148 50
73 148 50
73 148 50
73 148 50
73 148 50
73 148 50
73 148 50
73 148 50
73 148 50
73 148 50
73 148 50
73 148 50
73 148 50
73 148 50
73 148 50
73 148 50
73 148 50
73 148 50
73 148 50
73 148 50
73 148 50
73 148 50
73 148 50
74 148 50
74 148 50
74 148 50
74 148 50
74 148 50
74 148 50
74 148 50
74 148 50
74 148 50
74 148 50
74 148 50
74 148 50
74 148 50
74 148 50
74 148 50
74 148 50
74 148 50
74 148 50
74 148 50
74 148 50
74 148 50
74 148 50
74 148 50
74 148 50
74 148 50
74 148 50
74 148 50
74 148 50
74 148 50
74 148 50
74 148 50
74 148 50
74 148 50
74 148 50
74 148 50
74 148 50
74 148 50
74 148 50
74 148 50
74 148 50
74 148 50
74 148 50
74 148 50
74 148 50
74 148 50
74 148 50
74 148 50
74 148 50
74 148 50
74 148 50
74 148 50
74 148 50
74 148 50
74 148 50
74 148 50
74 148 50
74 148 50
74 148 50
74 148 50
74 148 50
74 148 50
74 148 50
74 148 50
74 148 50
74 148 50
75 148 50
75 148 50
75 148 50
75 148 50
75 148 50
75 148 50
75 148 50
75 148 50
75 148 50
75 148 50
75 148 50
75 148 50
75 148 50
75 148 50
75 148 50
75 148 50
75 148 50
75 148 50
75 148 50
75 148 50
75 148 50
75 148 50
75 148 50
75 148 50
75 148 50
75 148 50
75 148 50
75 148 50
75 148 50
75 148 50
75 148 50
75 148 50
75 148 50
75 148 50
75 148 50
75 148 50
75 148 50
75 148 50
75 148 50
75 148 50
75 148 50
75 148 50
75 148 50
75 148 50
75 148 50
75 148 50
75 148 50
75 148 50
75 148 50
75 148 50
75 148 50
75 148 50
75 148 50
75 148 50
75 148 50
75 148 50
75 148 50
75 148 50
75 148 50
75 148 50
75 148 50
75 148 50
75 148 50
75 148 50
75 148 50
75 148 50
75 148 50
75 148 50
75 148 50
75 148 50
75 148 50
76 148 50
76 148 50
76 148 50
76 148 50
76 148 50
76 148 50
76 148 50
76 148 50
76 148 50
76 148 50
76 148 50
76 148 50
76 148 50
76 148 50
76 148 50
76 148 50
76 148 50
76 148 50
76 148 50
76 148 50
76 148 50
76 148 50
76 148 50
76 148 50
76 148 50
76 148 50
76 148 50
76 148 50
76 148 50
76 148 50
76 148 50
76 148 50
76 148 50
76 148 50
76 148 50
76 148 50
76 148 50
76 148 50
76 148 50
76 148 50
76 148 50
76 148 50
76 148 50
76 148 50
76 148 50
76 148 50
76 148 50
76 148 50
76 148 50
76 148 50
76 148 50
76 148 50
76 148 50
76 148 50
76 148 50
76 148 50
76 148 50
76 148 50
76 148 50
76 148 50
76 148 50
76 148 50
76 148 50
76 148 50
76 148 50
76 148 50
76 148 50
76 148 50
76 148 50
76 148 50
76 148 50
76 148 50
76 148 50
76 148 50
76 148 50
76 148 50
77 148 50
77 148 50
77 148 50
77 148 50
77 148 50
77 148 50
77 148 50
77 148 50
77 148 50
77 148 50
77 148 50
77 148 50
77 148 50
77 148 50
77 148 50
77 148 50
77 148 50
77 148 50
77 148 50
77 148 50
77 148 50
77 148 50
77 148 50
77 148 50
77 148 50
77 148 50
77 148 50
77 148 50
77 148 50
77 148 50
77 148 50
77 148 50
77 148 50
77 148 50
77 148 50
77 148 50
77 148 50
77 148 50
77 148 50
77 148 50
77 148 50
77 148 50
77 148 50
77 148 50
77 148 50
77 148 50
77 148 50
77 148 50
77 148 50
77 148 50
77 148 50
77 148 50
77 148 50
77 148 50
77 148 50
77 148 50
77 148 50
77 148 50
77 148 50
77 148 50
77 148 50
77 148 50
77 148 50
77 148 50
77 148 50
77 148 50
77 148 50
77 148 50
77 148 50
77 148 50
77 148 50
77 148 50
77 148 50
77 148 50
77 148 50
77 148 50
77 148 50
77 148 50
78 148 50
78 148 50
78 148 50
78 148 50
78 148 50
78 148 50
78 148 50
78 148 50
78 148 50
78 148 50
78 148 50
78 148 50
78 148 50
78 148 50
78 148 50
78 148 50
78 148 50
78 148 50
78 148 50
78 148 50
78 148 50
78 148 50
78 148 50
78 148 50
78 148 50
78 148 50
78 148 50
78 148 50
78 148 50
78 148 50
78 148 50
78 148 50
78 148 50
78 148 50
78 148 50
78 148 50
78 148 50
78 148 50
78 148 50
78 148 50
78 148 50
78 148 50
78 148 50
78 148 50
78 148 50
78 148 50
78 148 50
78 148 50
78 148 50
78 148 50
78 148 50
78 148 50
78 148 50
78 148 50
78 148 50
78 148 50
78 148 50
78 148 50
78 148 50
78 148 50
78 148 50
78 148 50
78 148 50
78 148 50
78 148 50
78 148 50
78 148 50
78 148 50
78 148 50
78 148 50
78 148 50
78 148 50
78 148 50
78 148 50
78 148 50
78 148 50
78 148 50
78 148 50
78 148 50
79 148 50
79 148 50
79 148 50
79 148 50
79 148 50
79 148 50
79 148 50
79 148 50
79 148 50
79 148 50
79 148 50
79 148 50
79 148 50
79 148 50
79 148 50
79 148 50
79 148 50
79 148 50
79 148 50
79 148 50
79 148 50
79 148 50
79 148 50
79 148 50
79 148 50
79 148 50
79 148 50
79 148 50
79 148 50
79 148 50
79 148 50
79 148 50
79 148 50
79 148 50
79 148 50
79 148 50
79 148 50
79 148 50
79 148 50
79 148 50
79 148 50
79 148 50
79 148 50
79 148 50
79 148 50
79 148 50
79 148 50
79 148 50
79 148 50
79 148 50
79 148 50
79 148 50
79 148 50
79 148 50
79 148 50
79 148 50
79 148 50
79 148 50
79 148 50
79 148 50
79 148 50
79 148 50
79 148 50
79 148 50
79 148 50
79 148 50
79 148 50
79 148 50
79 148 50
79 148 50
79 148 50
79 148 50
79 148 50
79 148 50
79 148 50
79 148 50
79 148 50
80 148 50
80 148 50
80 148 50
80 148 50
80 148 50
80 148 50
80 148 50
80 148 50
80 148 50
80 148 50
80 148 50
80 148 50
80 148 50
80 148 50
80 148 50
80 148 50
80 148 50
80 148 50
80 148 50
80 148 50
80 148 50
80 148 50
80 148 50
80 148 50
80 148 50
80 148 50
80 148 50
80 148 50
80 148 50
80 148 50
80 148 50
80 148 50
80 148 50
80 148 50
80 148 50
80 148 50
80 148 50
80 148 50
80 148 50
80 148 50
80 148 50
80 148 50
80 148 50
80 148 50
80 148 50
80 148 50
80 148 50
80 148 50
80 148 50
80 148 50
80 148 50
80 148 50
80 148 50
80 148 50
80 148 50
80 148 50
80 148 50
80 148 50
80 148 50
80 148 50
80 148 50
80 148 50
80 148 50
80 148 50
80 148 50
80 148 50
80 148 50
80 148 50
80 148 50
80 148 50
80 148 50
80 148 50
80 148 50
80 148 50
81 148 50
81 148 50
81 148 50
81 148 50
81 148 50
81 148 50
81 148 50
81 148 50
81 148 50
81 148 50
81 148 50
81 148 50
81 148 50
81 148 50
81 148 50
81 148 50
81 148 50
81 148 50
81 148 50
81 148 50
81 148 50
81 148 50
81 148 50
81 148 50
81 148 50
81 148 50
81 148 50
81 148 50
81 148 50
81 148 50
81 148 50
81 148 50
81 148 50
81 148 50
81 148 50
81 148 50
81 148 50
81 148 50
81 148 50
81 148 50
81 148 50
81 148 50
81 148 50
81 148 50
81 148 50
81 148 50
81 148 50
81 148 50
81 148 50
81 148 50
81 148 50
81 148 50
81 148 50
81 148 50
81 148 50
81 148 50
81 148 50
81 148 50
81 148 50
81 148 50
81 148 50
81 148 50
81 148 50
81 148 50
81 148 50
81 148 50
81 148 50
81 148 50
82 148 50
82 148 50
82 148 50
82 148 50
82 148 50
82 148 50
82 148 50
82 148 50
82 148 50
82 148 50
82 148 50
82 148 50
82 148 50
82 148 50
82 148 50
82 148 50
82 148 50
82 148 50
82 148 50
82 148 50
82 148 50
82 148 50
82 148 50
82 148 50
82 148 50
82 148 50
82 148 50
82 148 50
82 148 50
82 148 50
82 148 50
82 148 50
82 148 50
82 148 50
82 148 50
82 148 50
82 148 50
82 148 50
82 148 50
82 148 50
82 148 50
82 148 50
82 148 50
82 148 50
82 148 50
82 148 50
82 148 50
82 148 50
82 148 50
82 148 50
82 148 50
82 148 50
82 148 50
82 148 50
82 148 50
82 148 50
82 148 50
82 148 50
82 148 50
82 148 50
83 148 50
83 148 50
83 148 50
83 148 50
83 148 50
83 148 50
83 148 50
83 148 50
83 148 50
83 148 50
83 148 50
83 148 50
83 148 50
83 148 50
83 148 50
83 148 50
83 148 50
83 148 50
83 148 50
83 148 50
83 148 50
83 148 50
83 148 50
83 148 50
83 148 50
83 148 50
83 148 50
83 148 50
83 148 50
83 148 50
83 148 50
83 148 50
83 148 50
83 148 50
83 148 50
83 148 50
83 148 50
83 148 50
83 148 50
83 148 50
83 148 50
83 148 50
83 148 50
83 148 50
83 148 50
83 148 50
83 148 50
83 148 50
83 148 50
83 148 50
84 148 50
84 148 50
84 148 50
84 148 50
84 148 50
84 148 50
84 148 50
84 148 50
84 148 50
84 148 50
84 148 50
84 148 50
84 148 50
84 148 50
84 148 50
84 148 50
84 148 50
84 148 50
84 148 50
84 148 50
84 148 50
84 148 50
84 148 50
84 148 50
84 148 50
84 148 50
84 148 50
84 148 50
84 148 50
84 148 50
84 148 50
84 148 50
84 148 50
84 148 50
84 148 50
84 148 50
84 148 50
84 148 50
84 148 50
85 148 50
85 148 50
85 148 50
85 148 50
85 148 50
85 148 50
85 148 50
85 148 50
85 148 50
85 148 50
85 148 50
85 148 50
85 148 50
85 148 50
85 148 50
85 148 50
85 148 50
85 148 50
85 148 50
85 148 50
85 148 50
85 148 50
85 148 50
85 148 50
85 148 50
85 148 50
85 148 50
85 148 50
86 148 50
86 148 50
86 148 50
86 148 50
86 148 50
86 148 50
86 148 50
86 148 50
86 148 50
86 148 50
86 148 50
86 148 50
86 148 50
86 148 50
86 148 50
86 148 50
86 148 50
86 148 50
86 148 50
87 148 50
87 148 50
87 148 50
87 148 50
87 148 50
87 148 50
87 148 50
87 148 50
87 148 50
87 148 50
87 148 50
87 148 50
87 148 50
88 148 50
88 148 50
88 148 50
88 148 50
88 148 50
88 148 50
88 148 50
88 148 50
89 148 50
89 148 50
89 148 50
89 148 50
89 148 50
89 148 50
90 148 50
90 148 50
90 148 50
90 148 50
91 148 50
91 148 50
91 148 50
92 148 50
92 148 50
92 148 50
93 148 50
93 148 50
93 148 50
94 148 50
94 148 50
94 148 50
95 148 50
95 148 50
95 148 50
95 148 50
96 148 50
96 148 50
96 148 50
96 148 50
96 148 50
96 148 50
97 148 50
97 148 50
97 148 50
97 148 50
97 148 50
97 148 50
97 148 50
97 148 50
98 148 50
98 148 50
98 148 50
98 148 50
98 148 50
98 148 50
98 148 50
98 148 50
98 148 50
98 148 50
98 148 50
98 148 50
98 149 550
98 149 50
98 149 50
98 150 50
98 150 50
98 150 50
98 150 50
98 150 50
98 150 50
98 150 50
98 150 50
98 150 50
98 150 50
98 150 50
98 150 50
98 150 50
98 151 50
98 151 50
98 151 50
98 151 50
98 151 50
98 151 50
98 151 50
98 151 50
98 151 50
98 151 50
98 151 50
98 151 50
98 151 50
98 152 50
98 152 50
98 152 50
98 152 50
98 152 50
98 152 50
98 152 50
98 152 50
98 152 50
98 152 50
98 152 50
98 152 50
98 153 50
98 153 50
98 153 50
98 153 50
98 153 50
98 153 50
98 153 50
98 153 50
98 153 50
98 153 50
98 154 50
98 154 50
98 154 50
98 154 50
98 154 50
98 154 50
98 154 50
98 154 50
98 155 50
98 155 50
98 155 50
98 155 50
98 155 50
98 155 50
98 155 50
98 156 50
98 156 50
98 156 50
98 156 50
98 156 50
98 157 50
98 157 50
98 157 50
98 157 50
98 158 50
98 158 50
98 158 50
98 159 50
98 159 50
98 160 50
98 160 50
98 161 50
98 162 50
98 163 50
98 164 50
98 165 50
98 166 50
98 167 50
98 167 50
18 195 50
17 195 50
16 195 50
15 195 50
14 195 50
13 195 50
12 195 50
11 195 50
10 195 50
9 195 50
8 195 50
7 195 50
6 195 50
5 195 50
5 195 50
4 195 50
4 195 50
4 195 50
4 194 100
4 193 50
4 193 50
4 192 50
4 191 50
4 190 50
4 189 50
4 188 50
4 187 50
4 186 50
4 185 50
4 184 50
4 183 50
4 182 50
4 181 50
4 180 50
4 179 50
4 178 50
4 177 50
4 176 50
4 175 50
4 174 50
4 173 50
3 129 50
4 129 50
4 130 50
4 131 50
4 132 50
4 133 50
4 134 50
4 135 50
4 136 50
4 137 50
4 138 50
4 138 50
4 139 50
4 139 50
4 139 50
4 140 50
4 140 50
4 140 50
4 140 50
4 140 50
4 141 50
4 141 50
4 141 50
4 141 50
4 141 50
4 141 50
4 141 50
4 142 50
4 142 50
4 142 50
4 142 50
4 142 50
4 142 50
4 142 50
4 142 50
4 142 50
4 142 50
4 142 50
4 143 50
4 143 50
4 143 50
4 143 50
4 143 50
4 143 50
4 143 50
4 143 50
4 143 50
4 143 50
4 143 50
4 143 50
4 143 50
4 143 50
4 143 50
4 143 50
4 144 50
4 144 50
4 144 50
4 144 50
4 144 50
4 144 50
4 144 50
4 144 50
4 144 50
4 144 50
4 144 50
4 144 50
4 144 50
4 144 50
4 144 50
4 144 50
4 144 50
4 144 50
4 144 50
4 144 50
4 145 50
4 145 50
4 145 50
4 145 50
4 145 50
4 145 50
4 145 50
4 145 50
4 145 50
4 145 50
4 145 50
4 145 50
4 145 50
4 145 50
4 145 50
4 145 50
4 145 50
4 145 50
4 145 50
4 145 50
4 145 50
4 145 50
4 145 50
4 145 50
4 146 50
4 146 50
4 146 50
4 146 50
4 146 50
4 146 50
4 146 50
4 146 50
4 146 50
4 146 50
4 146 50
4 146 50
4 146 50
4 146 50
4 146 50
4 146 50
4 146 50
4 146 50
4 146 50
4 146 50
4 146 50
4 146 50
4 146 50
4 146 50
4 146 50
4 146 50
4 146 50
4 147 50
4 147 50
4 147 50
4 147 50
4 147 50
4 147 50
4 147 50
4 147 50
4 147 50
4 147 50
4 147 50
4 147 50
4 147 50
4 147 50
4 147 50
4 147 50
4 147 50
4 147 50
4 147 50
4 147 50
4 147 50
4 147 50
4 147 50
4 147 50
4 147 50
4 147 50
4 147 50
4 147 50
4 147 50
4 148 50
4 148 50
4 148 50
4 148 50
4 148 50
4 148 50
4 148 50
4 148 50
4 148 50
4 148 50
4 148 50
4 148 50
4 148 50
4 148 50
4 148 50
4 148 50
4 148 50
4 148 50
4 148 50
4 148 50
4 148 50
4 148 50
4 148 50
4 148 50
4 148 50
4 148 50
4 148 50
4 148 50
4 148 50
4 148 50
4 149 50
4 149 50
4 149 50
4 149 50
4 149 50
4 149 50
4 149 50
4 149 50
4 149 50
4 149 50
4 149 50
4 149 50
4 149 50
4 149 50
4 149 50
4 149 50
4 149 50
4 149 50
4 149 50
4 149 50
4 149 50
4 149 50
4 149 50
4 149 50
4 149 50
4 149 50
4 149 50
4 149 50
4 149 50
4 150 50
4 150 50
4 150 50
4 150 50
4 150 50
4 150 50
4 150 50
4 150 50
4 150 50
4 150 50
4 150 50
4 150 50
4 150 50
4 150 50
4 150 50
4 150 50
4 150 50
4 150 50
4 150 50
4 150 50
4 150 50
4 150 50
4 150 50
4 150 50
4 150 50
4 150 50
4 150 50
4 150 50
4 151 50
4 151 50
4 151 50
4 151 50
4 151 50
4 151 50
4 151 50
4 151 50
4 151 50
4 151 50
4 151 50
4 151 50
4 151 50
4 151 50
4 151 50
4 151 50
4 151 50
4 151 50
4 151 50
4 151 50
4 151 50
4 151 50
4 151 50
4 151 50
4 151 50
4 151 50
4 152 50
4 152 50
4 152 50
4 152 50
4 152 50
4 152 50
4 152 50
4 152 50
4 152 50
4 152 50
4 152 50
4 152 50
4 152 50
4 152 50
4 152 50
4 152 50
4 152 50
4 152 50
4 152 50
4 152 50
4 152 50
4 152 50
4 152 50
4 153 50
4 153 50
4 153 50
4 153 50
4 153 50
4 153 50
4 153 50
4 153 50
4 153 50
4 153 50
4 153 50
4 153 50
4 153 50
4 153 50
4 153 50
4 153 50
4 153 50
4 153 50
4 153 50
4 153 50
4 153 50
4 154 50
4 154 50
4 154 50
4 154 50
4 154 50
4 154 50
4 154 50
4 154 50
4 154 50
4 154 50
4 154 50
4 154 50
4 154 50
4 154 50
4 154 50
4 154 50
4 154 50
4 154 50
4 154 50
4 155 50
4 155 50
4 155 50
4 155 50
4 155 50
4 155 50
4 155 50
4 155 50
4 155 50
4 155 50
4 155 50
4 155 50
4 155 50
4 155 50
4 155 50
4 155 50
4 155 50
4 156 50
4 156 50
4 156 50
4 156 50
4 156 50
4 156 50
4 156 50
4 156 50
4 156 50
4 156 50
4 156 50
4 156 50
4 156 50
4 156 50
4 156 50
4 157 50
4 157 50
4 157 50
4 157 50
4 157 50
4 157 50
4 157 50
4 157 50
4 157 50
4 157 50
4 157 50
4 157 50
4 157 50
4 157 50
4 158 50
4 158 50
4 158 50
4 158 50
4 158 50
4 158 50
4 158 50
4 158 50
4 158 50
4 158 50
4 158 50
4 158 50
4 158 50
4 159 50
4 159 50
4 159 50
4 159 50
4 159 50
4 159 50
4 159 50
4 159 50
4 159 50
4 159 50
4 159 50
4 159 50
4 160 50
4 160 50
4 160 50
4 160 50
4 160 50
4 160 50
4 160 50
4 160 50
4 160 50
4 160 50
4 160 50
4 161 50
4 161 50
4 161 50
4 161 50
4 161 50
4 161 50
4 161 50
4 161 50
4 161 50
4 162 50
4 162 50
4 162 50
4 162 50
4 162 50
4 162 50
4 162 50
4 163 50
4 163 50
4 163 50
4 163 50
4 163 50
4 164 50
4 164 50
4 164 50
4 164 50
4 165 50
4 165 50
4 166 50
4 166 50
4 167 50
4 168 50
4 169 50
4 170 50
4 171 50
4 172 50
