141 150 80
140 150 80
139 150 80
138 150 80
137 150 80
136 150 80
135 150 80
134 150 80
133 150 80
132 150 80
131 150 80
130 150 80
129 150 80
128 150 80
128 150 80
127 150 80
127 150 80
126 150 80
126 150 80
126 150 80
125 150 80
125 150 80
125 150 80
125 150 80
124 150 80
124 150 80
124 150 80
124 150 80
124 150 80
123 150 80
123 150 80
123 150 80
123 150 80
123 150 80
123 150 80
122 150 80
122 150 80
122 150 80
122 150 80
122 150 80
122 150 80
122 150 80
121 150 80
121 150 80
121 150 80
121 150 80
121 150 80
121 150 80
121 150 80
121 150 80
120 150 80
120 150 80
120 150 80
120 150 80
120 150 80
120 150 80
120 150 80
120 150 80
120 150 80
119 150 80
119 150 80
119 150 80
119 150 80
119 150 80
119 150 80
119 150 80
119 150 80
119 150 80
119 150 80
118 150 80
118 150 80
118 150 80
118 150 80
118 150 80
118 150 80
118 150 80
118 150 80
118 150 80
118 150 80
117 150 80
117 150 80
117 150 80
117 150 80
117 150 80
117 150 80
117 150 80
117 150 80
117 150 80
117 150 80
117 150 80
116 150 80
116 150 80
116 150 80
116 150 80
116 150 80
116 150 80
116 150 80
116 150 80
116 150 80
116 150 80
116 150 80
115 150 80
115 150 80
115 150 80
115 150 80
115 150 80
115 150 80
115 150 80
115 150 80
115 150 80
115 150 80
115 150 80
114 150 80
114 150 80
114 150 80
114 150 80
114 150 80
114 150 80
114 150 80
114 150 80
114 150 80
114 150 80
114 150 80
113 150 80
113 150 80
113 150 80
113 150 80
113 150 80
113 150 80
113 150 80
113 150 80
113 150 80
113 150 80
112 150 80
112 150 80
112 150 80
112 150 80
112 150 80
112 150 80
112 150 80
112 150 80
112 150 80
111 150 80
111 150 80
111 150 80
111 150 80
111 150 80
111 150 80
111 150 80
111 150 80
110 150 80
110 150 80
110 150 80
110 150 80
110 150 80
110 150 80
110 150 80
109 150 80
109 150 80
109 150 80
109 150 80
109 150 80
109 150 80
108 150 80
108 150 80
108 150 80
108 150 80
107 150 80
107 150 80
107 150 80
106 150 80
106 150 80
105 150 80
105 150 80
104 150 80
103 150 80
102 150 80
101 150 80
100 150 80
99 150 80
98 150 80
97 150 80
96 150 80
95 150 80
94 150 80
93 150 80
92 150 80
91 150 80
90 150 80
90 150 80
89 150 80
89 150 80
88 150 80
88 150 80
88 150 80
87 150 80
87 150 80
87 150 80
87 150 80
87 150 80
86 150 80
86 150 80
86 150 80
86 150 80
86 150 80
86 150 80
86 150 80
85 150 80
85 150 80
85 150 80
85 150 80
85 150 80
85 150 80
85 150 80
85 150 80
85 150 80
85 150 80
84 150 80
84 150 80
84 150 80
84 150 80
84 150 80
84 150 80
84 150 80
84 150 80
84 150 80
84 150 80
84 150 80
84 150 80
84 150 80
84 150 80
83 150 80
83 150 80
83 150 80
83 150 80
83 150 80
83 150 80
83 150 80
83 150 80
83 150 80
83 150 80
83 150 80
83 150 80
83 150 80
83 150 80
83 150 80
83 150 80
83 150 80
83 150 80
82 150 80
82 150 80
82 150 80
82 150 80
82 150 80
82 150 80
82 150 80
82 150 80
82 150 80
82 150 80
82 150 80
82 150 80
82 150 80
82 150 80
82 150 80
82 150 80
82 150 80
82 150 80
82 150 80
82 150 80
82 150 80
82 150 80
81 150 80
81 150 80
81 150 80
81 150 80
81 150 80
81 150 80
81 150 80
81 150 80
81 150 80
81 150 80
81 150 80
81 150 80
81 150 80
81 150 80
81 150 80
81 150 80
81 150 80
81 150 80
81 150 80
81 150 80
81 150 80
81 150 80
81 150 80
81 150 80
81 150 80
81 150 80
80 150 80
80 150 80
80 150 80
80 150 80
80 150 80
80 150 80
80 150 80
80 150 80
80 150 80
80 150 80
80 150 80
80 150 80
80 150 80
80 150 80
80 150 80
80 150 80
80 150 80
80 150 80
80 150 80
80 150 80
80 150 80
80 150 80
80 150 80
80 150 80
80 150 80
80 150 80
80 150 80
80 150 80
80 150 80
79 150 80
79 150 80
79 150 80
79 150 80
79 150 80
79 150 80
79 150 80
79 150 80
79 150 80
79 150 80
79 150 80
79 150 80
79 150 80
79 150 80
79 150 80
79 150 80
79 150 80
79 150 80
79 150 80
79 150 80
79 150 80
79 150 80
79 150 80
79 150 80
79 150 80
79 150 80
79 150 80
79 150 80
79 150 80
79 150 80
79 150 80
79 150 80
78 150 80
78 150 80
78 150 80
78 150 80
78 150 80
78 150 80
78 150 80
78 150 80
78 150 80
78 150 80
78 150 80
78 150 80
78 150 80
78 150 80
78 150 80
78 150 80
78 150 80
78 150 80
78 150 80
78 150 80
78 150 80
78 150 80
78 150 80
78 150 80
78 150 80
78 150 80
78 150 80
78 150 80
78 150 80
78 150 80
78 150 80
78 150 80
78 150 80
78 150 80
77 150 80
77 150 80
77 150 80
77 150 80
77 150 80
77 150 80
77 150 80
77 150 80
77 150 80
77 150 80
77 150 80
77 150 80
77 150 80
77 150 80
77 150 80
77 150 80
77 150 80
77 150 80
77 150 80
77 150 80
77 150 80
77 150 80
77 150 80
77 150 80
77 150 80
77 150 80
77 150 80
77 150 80
77 150 80
77 150 80
77 150 80
77 150 80
77 150 80
77 150 80
77 150 80
77 150 80
77 150 80
76 150 80
76 150 80
76 150 80
76 150 80
76 150 80
76 150 80
76 150 80
76 150 80
76 150 80
76 150 80
76 150 80
76 150 80
76 150 80
76 150 80
76 150 80
76 150 80
76 150 80
76 150 80
76 150 80
76 150 80
76 150 80
76 150 80
76 150 80
76 150 80
76 150 80
76 150 80
76 150 80
76 150 80
76 150 80
76 150 80
76 150 80
76 150 80
76 150 80
76 150 80
76 150 80
76 150 80
76 150 80
76 150 80
76 150 80
75 150 80
75 150 80
75 150 80
75 150 80
75 150 80
75 150 80
75 150 80
75 150 80
75 150 80
75 150 80
75 150 80
75 150 80
75 150 80
75 150 80
75 150 80
75 150 80
75 150 80
75 150 80
75 150 80
75 150 80
75 150 80
75 150 80
75 150 80
75 150 80
75 150 80
75 150 80
75 150 80
75 150 80
75 150 80
75 150 80
75 150 80
75 150 80
75 150 80
75 150 80
75 150 80
75 150 80
75 150 80
75 150 80
75 150 80
75 150 80
75 150 80
74 150 80
74 150 80
74 150 80
74 150 80
74 150 80
74 150 80
74 150 80
74 150 80
74 150 80
74 150 80
74 150 80
74 150 80
74 150 80
74 150 80
74 150 80
74 150 80
74 150 80
74 150 80
74 150 80
74 150 80
74 150 80
74 150 80
74 150 80
74 150 80
74 150 80
74 150 80
74 150 80
74 150 80
74 150 80
74 150 80
74 150 80
74 150 80
74 150 80
74 150 80
74 150 80
74 150 80
74 150 80
74 150 80
74 150 80
74 150 80
74 150 80
74 150 80
74 150 80
74 150 80
73 150 80
73 150 80
73 150 80
73 150 80
73 150 80
73 150 80
73 150 80
73 150 80
73 150 80
73 150 80
73 150 80
73 150 80
73 150 80
73 150 80
73 150 80
73 150 80
73 150 80
73 150 80
73 150 80
73 150 80
73 150 80
73 150 80
73 150 80
73 150 80
73 150 80
73 150 80
73 150 80
73 150 80
73 150 80
73 150 80
73 150 80
73 150 80
73 150 80
73 150 80
73 150 80
73 150 80
73 150 80
73 150 80
73 150 80
73 150 80
73 150 80
73 150 80
73 150 80
73 150 80
73 150 80
73 150 80
73 150 80
72 150 80
72 150 80
72 150 80
72 150 80
72 150 80
72 150 80
72 150 80
72 150 80
72 150 80
72 150 80
72 150 80
72 150 80
72 150 80
72 150 80
72 150 80
72 150 80
72 150 80
72 150 80
72 150 80
72 150 80
72 150 80
72 150 80
72 150 80
72 150 80
72 150 80
72 150 80
72 150 80
72 150 80
72 150 80
72 150 80
72 150 80
72 150 80
72 150 80
72 150 80
72 150 80
72 150 80
72 150 80
72 150 80
72 150 80
72 150 80
72 150 80
72 150 80
72 150 80
72 150 80
72 150 80
72 150 80
72 150 80
72 150 80
72 150 80
72 150 80
71 150 80
71 150 80
71 150 80
71 150 80
71 150 80
71 150 80
71 150 80
71 150 80
71 150 80
71 150 80
71 150 80
71 150 80
71 150 80
71 150 80
71 150 80
71 150 80
71 150 80
71 150 80
71 150 80
71 150 80
71 150 80
71 150 80
71 150 80
71 150 80
71 150 80
71 150 80
71 150 80
71 150 80
71 150 80
71 150 80
71 150 80
71 150 80
71 150 80
71 150 80
71 150 80
71 150 80
71 150 80
71 150 80
71 150 80
71 150 80
71 150 80
71 150 80
71 150 80
71 150 80
71 150 80
71 150 80
71 150 80
71 150 80
71 150 80
71 150 80
71 150 80
71 150 80
70 150 80
70 150 80
70 150 80
70 150 80
70 150 80
70 150 80
70 150 80
70 150 80
70 150 80
70 150 80
70 150 80
70 150 80
70 150 80
70 150 80
70 150 80
70 150 80
70 150 80
70 150 80
70 150 80
70 150 80
70 150 80
70 150 80
70 150 80
70 150 80
70 150 80
70 150 80
70 150 80
70 150 80
70 150 80
70 150 80
70 150 80
70 150 80
70 150 80
70 150 80
70 150 80
70 150 80
70 150 80
70 150 80
70 150 80
70 150 80
70 150 80
70 150 80
70 150 80
70 150 80
70 150 80
70 150 80
70 150 80
70 150 80
70 150 80
70 150 80
70 150 80
70 150 80
70 150 80
70 150 80
69 150 80
69 150 80
69 150 80
69 150 80
69 150 80
69 150 80
69 150 80
69 150 80
69 150 80
69 150 80
69 150 80
69 150 80
69 150 80
69 150 80
69 150 80
69 150 80
69 150 80
69 150 80
69 150 80
69 150 80
69 150 80
69 150 80
69 150 80
69 150 80
69 150 80
69 150 80
69 150 80
69 150 80
69 150 80
69 150 80
69 150 80
69 150 80
69 150 80
69 150 80
69 150 80
69 150 80
69 150 80
69 150 80
69 150 80
69 150 80
69 150 80
69 150 80
69 150 80
69 150 80
69 150 80
69 150 80
69 150 80
69 150 80
69 150 80
69 150 80
69 150 80
69 150 80
69 150 80
69 150 80
69 150 80
68 150 80
68 150 80
68 150 80
68 150 80
68 150 80
68 150 80
68 150 80
68 150 80
68 150 80
68 150 80
68 150 80
68 150 80
68 150 80
68 150 80
68 150 80
68 150 80
68 150 80
68 150 80
68 150 80
68 150 80
68 150 80
68 150 80
68 150 80
68 150 80
68 150 80
68 150 80
68 150 80
68 150 80
68 150 80
68 150 80
68 150 80
68 150 80
68 150 80
68 150 80
68 150 80
68 150 80
68 150 80
68 150 80
68 150 80
68 150 80
68 150 80
68 150 80
68 150 80
68 150 80
68 150 80
68 150 80
68 150 80
68 150 80
68 150 80
68 150 80
68 150 80
68 150 80
68 150 80
68 150 80
68 150 80
67 150 80
67 150 80
67 150 80
67 150 80
67 150 80
67 150 80
67 150 80
67 150 80
67 150 80
67 150 80
67 150 80
67 150 80
67 150 80
67 150 80
67 150 80
67 150 80
67 150 80
67 150 80
67 150 80
67 150 80
67 150 80
67 150 80
67 150 80
67 150 80
67 150 80
67 150 80
67 150 80
67 150 80
67 150 80
67 150 80
67 150 80
67 150 80
67 150 80
67 150 80
67 150 80
67 150 80
67 150 80
67 150 80
67 150 80
67 150 80
67 150 80
67 150 80
67 150 80
67 150 80
67 150 80
67 150 80
67 150 80
67 150 80
67 150 80
67 150 80
67 150 80
67 150 80
67 150 80
67 150 80
66 150 80
66 150 80
66 150 80
66 150 80
66 150 80
66 150 80
66 150 80
66 150 80
66 150 80
66 150 80
66 150 80
66 150 80
66 150 80
66 150 80
66 150 80
66 150 80
66 150 80
66 150 80
66 150 80
66 150 80
66 150 80
66 150 80
66 150 80
66 150 80
66 150 80
66 150 80
66 150 80
66 150 80
66 150 80
66 150 80
66 150 80
66 150 80
66 150 80
66 150 80
66 150 80
66 150 80
66 150 80
66 150 80
66 150 80
66 150 80
66 150 80
66 150 80
66 150 80
66 150 80
66 150 80
66 150 80
66 150 80
66 150 80
66 150 80
66 150 80
66 150 80
66 150 80
66 150 80
65 150 80
65 150 80
65 150 80
65 150 80
65 150 80
65 150 80
65 150 80
65 150 80
65 150 80
65 150 80
65 150 80
65 150 80
65 150 80
65 150 80
65 150 80
65 150 80
65 150 80
65 150 80
65 150 80
65 150 80
65 150 80
65 150 80
65 150 80
65 150 80
65 150 80
65 150 80
65 150 80
65 150 80
65 150 80
65 150 80
65 150 80
65 150 80
65 150 80
65 150 80
65 150 80
65 150 80
65 150 80
65 150 80
65 150 80
65 150 80
65 150 80
65 150 80
65 150 80
65 150 80
65 150 80
65 150 80
65 150 80
65 150 80
65 150 80
65 150 80
65 150 80
65 150 80
64 150 80
64 150 80
64 150 80
64 150 80
64 150 80
64 150 80
64 150 80
64 150 80
64 150 80
64 150 80
64 150 80
64 150 80
64 150 80
64 150 80
64 150 80
64 150 80
64 150 80
64 150 80
64 150 80
64 150 80
64 150 80
64 150 80
64 150 80
64 150 80
64 150 80
64 150 80
64 150 80
64 150 80
64 150 80
64 150 80
64 150 80
64 150 80
64 150 80
64 150 80
64 150 80
64 150 80
64 150 80
64 150 80
64 150 80
64 150 80
64 150 80
64 150 80
64 150 80
64 150 80
64 150 80
64 150 80
64 150 80
64 150 80
64 150 80
64 150 80
64 150 80
63 150 80
63 150 80
63 150 80
63 150 80
63 150 80
63 150 80
63 150 80
63 150 80
63 150 80
63 150 80
63 150 80
63 150 80
63 150 80
63 150 80
63 150 80
63 150 80
63 150 80
63 150 80
63 150 80
63 150 80
63 150 80
63 150 80
63 150 80
63 150 80
63 150 80
63 150 80
63 150 80
63 150 80
63 150 80
63 150 80
63 150 80
63 150 80
63 150 80
63 150 80
63 150 80
63 150 80
63 150 80
63 150 80
63 150 80
63 150 80
63 150 80
63 150 80
63 150 80
63 150 80
63 150 80
63 150 80
63 150 80
63 150 80
63 150 80
63 150 80
63 150 80
62 150 80
62 150 80
62 150 80
62 150 80
62 150 80
62 150 80
62 150 80
62 150 80
62 150 80
62 150 80
62 150 80
62 150 80
62 150 80
62 150 80
62 150 80
62 150 80
62 150 80
62 150 80
62 150 80
62 150 80
62 150 80
62 150 80
62 150 80
62 150 80
62 150 80
62 150 80
62 150 80
62 150 80
62 150 80
62 150 80
62 150 80
62 150 80
62 150 80
62 150 80
62 150 80
62 150 80
62 150 80
62 150 80
62 150 80
62 150 80
62 150 80
62 150 80
62 150 80
62 150 80
62 150 80
62 150 80
62 150 80
62 150 80
62 150 80
62 150 80
62 150 80
62 150 80
61 150 80
61 150 80
61 150 80
61 150 80
61 150 80
61 150 80
61 150 80
61 150 80
61 150 80
61 150 80
61 150 80
61 150 80
61 150 80
61 150 80
61 150 80
61 150 80
61 150 80
61 150 80
61 150 80
61 150 80
61 150 80
61 150 80
61 150 80
61 150 80
61 150 80
61 150 80
61 150 80
61 150 80
61 150 80
61 150 80
61 150 80
61 150 80
61 150 80
61 150 80
61 150 80
61 150 80
61 150 80
61 150 80
61 150 80
61 150 80
61 150 80
61 150 80
61 150 80
61 150 80
61 150 80
61 150 80
61 150 80
61 150 80
61 150 80
61 150 80
61 150 80
61 150 80
60 150 80
60 150 80
60 150 80
60 150 80
60 150 80
60 150 80
60 150 80
60 150 80
60 150 80
60 150 80
60 150 80
60 150 80
60 150 80
60 150 80
60 150 80
60 150 80
60 150 80
60 150 80
60 150 80
60 150 80
60 150 80
60 150 80
60 150 80
60 150 80
60 150 80
60 150 80
60 150 80
60 150 80
60 150 80
60 150 80
60 150 80
60 150 80
60 150 80
60 150 80
60 150 80
60 150 80
60 150 80
60 150 80
60 150 80
60 150 80
60 150 80
60 150 80
60 150 80
60 150 80
60 150 80
60 150 80
60 150 80
60 150 80
60 150 80
60 150 80
60 150 80
60 150 80
60 150 80
59 150 80
59 150 80
59 150 80
59 150 80
59 150 80
59 150 80
59 150 80
59 150 80
59 150 80
59 150 80
59 150 80
59 150 80
59 150 80
59 150 80
59 150 80
59 150 80
59 150 80
59 150 80
59 150 80
59 150 80
59 150 80
59 150 80
59 150 80
59 150 80
59 150 80
59 150 80
59 150 80
59 150 80
59 150 80
59 150 80
59 150 80
59 150 80
59 150 80
59 150 80
59 150 80
59 150 80
59 150 80
59 150 80
59 150 80
59 150 80
59 150 80
59 150 80
59 150 80
59 150 80
59 150 80
59 150 80
59 150 80
59 150 80
59 150 80
59 150 80
59 150 80
58 150 80
58 150 80
58 150 80
58 150 80
58 150 80
58 150 80
58 150 80
58 150 80
58 150 80
58 150 80
58 150 80
58 150 80
58 150 80
58 150 80
58 150 80
58 150 80
58 150 80
58 150 80
58 150 80
58 150 80
58 150 80
58 150 80
58 150 80
58 150 80
58 150 80
58 150 80
58 150 80
58 150 80
58 150 80
58 150 80
58 150 80
58 150 80
58 150 80
58 150 80
58 150 80
58 150 80
58 150 80
58 150 80
58 150 80
58 150 80
58 150 80
58 150 80
58 150 80
58 150 80
58 150 80
58 150 80
58 150 80
58 150 80
57 150 80
57 150 80
57 150 80
57 150 80
57 150 80
57 150 80
57 150 80
57 150 80
57 150 80
57 150 80
57 150 80
57 150 80
57 150 80
57 150 80
57 150 80
57 150 80
57 150 80
57 150 80
57 150 80
57 150 80
57 150 80
57 150 80
57 150 80
57 150 80
57 150 80
57 150 80
57 150 80
57 150 80
57 150 80
57 150 80
57 150 80
57 150 80
57 150 80
57 150 80
57 150 80
57 150 80
57 150 80
57 150 80
57 150 80
57 150 80
57 150 80
57 150 80
57 150 80
57 150 80
57 150 80
56 150 80
56 150 80
56 150 80
56 150 80
56 150 80
56 150 80
56 150 80
56 150 80
56 150 80
56 150 80
56 150 80
56 150 80
56 150 80
56 150 80
56 150 80
56 150 80
56 150 80
56 150 80
56 150 80
56 150 80
56 150 80
56 150 80
56 150 80
56 150 80
56 150 80
56 150 80
56 150 80
56 150 80
56 150 80
56 150 80
56 150 80
56 150 80
56 150 80
56 150 80
56 150 80
56 150 80
56 150 80
56 150 80
56 150 80
56 150 80
56 150 80
56 150 80
55 150 80
55 150 80
55 150 80
55 150 80
55 150 80
55 150 80
55 150 80
55 150 80
55 150 80
55 150 80
55 150 80
55 150 80
55 150 80
55 150 80
55 150 80
55 150 80
55 150 80
55 150 80
55 150 80
55 150 80
55 150 80
55 150 80
55 150 80
55 150 80
55 150 80
55 150 80
55 150 80
55 150 80
55 150 80
55 150 80
55 150 80
55 150 80
55 150 80
55 150 80
55 150 80
55 150 80
55 150 80
55 150 80
54 150 80
54 150 80
54 150 80
54 150 80
54 150 80
54 150 80
54 150 80
54 150 80
54 150 80
54 150 80
54 150 80
54 150 80
54 150 80
54 150 80
54 150 80
54 150 80
54 150 80
54 150 80
54 150 80
54 150 80
54 150 80
54 150 80
54 150 80
54 150 80
54 150 80
54 150 80
54 150 80
54 150 80
54 150 80
54 150 80
54 150 80
54 150 80
54 150 80
54 150 80
54 150 80
53 150 80
53 150 80
53 150 80
53 150 80
53 150 80
53 150 80
53 150 80
53 150 80
53 150 80
53 150 80
53 150 80
53 150 80
53 150 80
53 150 80
53 150 80
53 150 80
53 150 80
53 150 80
53 150 80
53 150 80
53 150 80
53 150 80
53 150 80
53 150 80
53 150 80
53 150 80
53 150 80
53 150 80
53 150 80
53 150 80
53 150 80
52 150 80
52 150 80
52 150 80
52 150 80
52 150 80
52 150 80
52 150 80
52 150 80
52 150 80
52 150 80
52 150 80
52 150 80
52 150 80
52 150 80
52 150 80
52 150 80
52 150 80
52 150 80
52 150 80
52 150 80
52 150 80
52 150 80
52 150 80
52 150 80
52 150 80
52 150 80
52 150 80
52 150 80
52 150 80
51 150 80
51 150 80
51 150 80
51 150 80
51 150 80
51 150 80
51 150 80
51 150 80
51 150 80
51 150 80
51 150 80
51 150 80
51 150 80
51 150 80
51 150 80
51 150 80
51 150 80
51 150 80
51 150 80
51 150 80
51 150 80
51 150 80
51 150 80
51 150 80
51 150 80
51 150 80
51 150 80
50 150 80
50 150 80
50 150 80
50 150 80
50 150 80
50 150 80
50 150 80
50 150 80
50 150 80
50 150 80
50 150 80
50 150 80
50 150 80
50 150 80
50 150 80
50 150 80
50 150 80
50 150 80
50 150 80
50 150 80
50 150 80
50 150 80
50 150 80
50 150 80
50 150 80
50 150 80
49 150 80
49 150 80
49 150 80
49 150 80
49 150 80
49 150 80
49 150 80
49 150 80
49 150 80
49 150 80
49 150 80
49 150 80
49 150 80
49 150 80
49 150 80
49 150 80
49 150 80
49 150 80
49 150 80
49 150 80
49 150 80
49 150 80
49 150 80
49 150 80
49 150 80
48 150 80
48 150 80
48 150 80
48 150 80
48 150 80
48 150 80
48 150 80
48 150 80
48 150 80
48 150 80
48 150 80
48 150 80
48 150 80
48 150 80
48 150 80
48 150 80
48 150 80
48 150 80
48 150 80
48 150 80
48 150 80
48 150 80
48 150 80
47 150 80
47 150 80
47 150 80
47 150 80
47 150 80
47 150 80
47 150 80
47 150 80
47 150 80
47 150 80
47 150 80
47 150 80
47 150 80
47 150 80
47 150 80
47 150 80
47 150 80
47 150 80
47 150 80
47 150 80
47 150 80
47 150 80
46 150 80
46 150 80
46 150 80
46 150 80
46 150 80
46 150 80
46 150 80
46 150 80
46 150 80
46 150 80
46 150 80
46 150 80
46 150 80
46 150 80
46 150 80
46 150 80
46 150 80
46 150 80
46 150 80
45 150 80
45 150 80
45 150 80
45 150 80
45 150 80
45 150 80
45 150 80
45 150 80
45 150 80
45 150 80
45 150 80
45 150 80
45 150 80
45 150 80
45 150 80
45 150 80
44 150 80
44 150 80
44 150 80
44 150 80
44 150 80
44 150 80
44 150 80
44 150 80
44 150 80
44 150 80
44 150 80
44 150 80
44 150 80
43 150 80
43 150 80
43 150 80
43 150 80
43 150 80
43 150 80
43 150 80
43 150 80
43 150 80
42 150 80
42 150 80
42 150 80
42 150 80
42 150 80
42 150 80
41 150 80
41 150 80
41 150 80
41 150 80
40 150 80
40 150 80
40 150 80
39 150 80
39 150 80
38 150 80
37 150 80
36 150 80
35 150 80
34 150 80
33 150 80
32 150 80
31 150 80
30 150 80
29 150 80
28 150 80
27 150 80
26 150 80
26 149 80
26 148 80
26 147 80
26 146 80
26 145 80
26 144 80
26 143 80
26 142 80
49 57 80
48 57 80
47 57 80
46 57 80
45 57 80
44 57 80
43 57 80
42 57 80
41 57 80
40 57 80
39 57 80
38 57 80
37 57 80
36 57 80
35 57 80
34 57 80
33 57 80
32 57 80
31 57 80
30 57 80
29 57 80
28 57 80
27 57 80
26 57 80
26 58 80
26 59 80
26 60 80
26 61 80
26 62 80
26 63 80
26 64 80
26 65 80
26 66 80
26 67 80
26 67 80
26 68 80
26 68 80
26 69 80
26 69 80
26 70 80
26 70 80
26 70 80
26 71 80
26 71 80
26 71 80
26 72 80
26 72 80
26 72 80
26 72 80
26 73 80
26 73 80
26 73 80
26 73 80
26 73 80
26 73 80
26 74 80
26 74 80
26 74 80
26 74 80
26 74 80
26 74 80
26 74 80
26 75 80
26 75 80
26 75 80
26 75 80
26 75 80
26 75 80
26 75 80
26 75 80
26 75 80
26 76 80
26 76 80
26 76 80
26 76 80
26 76 80
26 76 80
26 76 80
26 76 80
26 76 80
26 76 80
26 76 80
26 77 80
26 77 80
26 77 80
26 77 80
26 77 80
26 77 80
26 77 80
26 77 80
26 77 80
26 77 80
26 77 80
26 77 80
26 77 80
26 78 80
26 78 80
26 78 80
26 78 80
26 78 80
26 78 80
26 78 80
26 78 80
26 78 80
26 78 80
26 78 80
26 78 80
26 78 80
26 78 80
26 78 80
26 79 80
26 79 80
26 79 80
26 79 80
26 79 80
26 79 80
26 79 80
26 79 80
26 79 80
26 79 80
26 79 80
26 79 80
26 79 80
26 79 80
26 79 80
26 79 80
26 79 80
26 80 80
26 80 80
26 80 80
26 80 80
26 80 80
26 80 80
26 80 80
26 80 80
26 80 80
26 80 80
26 80 80
26 80 80
26 80 80
26 80 80
26 80 80
26 80 80
26 80 80
26 80 80
26 80 80
26 81 80
26 81 80
26 81 80
26 81 80
26 81 80
26 81 80
26 81 80
26 81 80
26 81 80
26 81 80
26 81 80
26 81 80
26 81 80
26 81 80
26 81 80
26 81 80
26 81 80
26 81 80
26 81 80
26 81 80
26 81 80
26 82 80
26 82 80
26 82 80
26 82 80
26 82 80
26 82 80
26 82 80
26 82 80
26 82 80
26 82 80
26 82 80
26 82 80
26 82 80
26 82 80
26 82 80
26 82 80
26 82 80
26 82 80
26 82 80
26 82 80
26 82 80
26 82 80
26 82 80
26 82 80
26 83 80
26 83 80
26 83 80
26 83 80
26 83 80
26 83 80
26 83 80
26 83 80
26 83 80
26 83 80
26 83 80
26 83 80
26 83 80
26 83 80
26 83 80
26 83 80
26 83 80
26 83 80
26 83 80
26 83 80
26 83 80
26 83 80
26 83 80
26 83 80
26 83 80
26 83 80
26 84 80
26 84 80
26 84 80
26 84 80
26 84 80
26 84 80
26 84 80
26 84 80
26 84 80
26 84 80
26 84 80
26 84 80
26 84 80
26 84 80
26 84 80
26 84 80
26 84 80
26 84 80
26 84 80
26 84 80
26 84 80
26 84 80
26 84 80
26 84 80
26 84 80
26 84 80
26 84 80
26 84 80
26 84 80
26 84 80
26 85 80
26 85 80
26 85 80
26 85 80
26 85 80
26 85 80
26 85 80
26 85 80
26 85 80
26 85 80
26 85 80
26 85 80
26 85 80
26 85 80
26 85 80
26 85 80
26 85 80
26 85 80
26 85 80
26 85 80
26 85 80
26 85 80
26 85 80
26 85 80
26 85 80
26 85 80
26 85 80
26 85 80
26 85 80
26 85 80
26 85 80
26 85 80
26 85 80
26 86 80
26 86 80
26 86 80
26 86 80
26 86 80
26 86 80
26 86 80
26 86 80
26 86 80
26 86 80
26 86 80
26 86 80
26 86 80
26 86 80
26 86 80
26 86 80
26 86 80
26 86 80
26 86 80
26 86 80
26 86 80
26 86 80
26 86 80
26 86 80
26 86 80
26 86 80
26 86 80
26 86 80
26 86 80
26 86 80
26 86 80
26 86 80
26 86 80
26 86 80
26 86 80
26 86 80
26 86 80
26 86 80
26 87 80
26 87 80
26 87 80
26 87 80
26 87 80
26 87 80
26 87 80
26 87 80
26 87 80
26 87 80
26 87 80
26 87 80
26 87 80
26 87 80
26 87 80
26 87 80
26 87 80
26 87 80
26 87 80
26 87 80
26 87 80
26 87 80
26 87 80
26 87 80
26 87 80
26 87 80
26 87 80
26 87 80
26 87 80
26 87 80
26 87 80
26 87 80
26 87 80
26 87 80
26 87 80
26 87 80
26 87 80
26 87 80
26 87 80
26 87 80
26 87 80
26 87 80
26 88 80
26 88 80
26 88 80
26 88 80
26 88 80
26 88 80
26 88 80
26 88 80
26 88 80
26 88 80
26 88 80
26 88 80
26 88 80
26 88 80
26 88 80
26 88 80
26 88 80
26 88 80
26 88 80
26 88 80
26 88 80
26 88 80
26 88 80
26 88 80
26 88 80
26 88 80
26 88 80
26 88 80
26 88 80
26 88 80
26 88 80
26 88 80
26 88 80
26 88 80
26 88 80
26 88 80
26 88 80
26 88 80
26 88 80
26 88 80
26 88 80
26 88 80
26 88 80
26 88 80
26 88 80
26 88 80
26 89 80
26 89 80
26 89 80
26 89 80
26 89 80
26 89 80
26 89 80
26 89 80
26 89 80
26 89 80
26 89 80
26 89 80
26 89 80
26 89 80
26 89 80
26 89 80
26 89 80
26 89 80
26 89 80
26 89 80
26 89 80
26 89 80
26 89 80
26 89 80
26 89 80
26 89 80
26 89 80
26 89 80
26 89 80
26 89 80
26 89 80
26 89 80
26 89 80
26 89 80
26 89 80
26 89 80
26 89 80
26 89 80
26 89 80
26 89 80
26 89 80
26 89 80
26 89 80
26 89 80
26 89 80
26 89 80
26 89 80
26 89 80
26 89 80
26 89 80
26 90 80
26 90 80
26 90 80
26 90 80
26 90 80
26 90 80
26 90 80
26 90 80
26 90 80
26 90 80
26 90 80
26 90 80
26 90 80
26 90 80
26 90 80
26 90 80
26 90 80
26 90 80
26 90 80
26 90 80
26 90 80
26 90 80
26 90 80
26 90 80
26 90 80
26 90 80
26 90 80
26 90 80
26 90 80
26 90 80
26 90 80
26 90 80
26 90 80
26 90 80
26 90 80
26 90 80
26 90 80
26 90 80
26 90 80
26 90 80
26 90 80
26 90 80
26 90 80
26 90 80
26 90 80
26 90 80
26 90 80
26 90 80
26 90 80
26 90 80
26 90 80
26 90 80
26 90 80
26 91 80
26 91 80
26 91 80
26 91 80
26 91 80
26 91 80
26 91 80
26 91 80
26 91 80
26 91 80
26 91 80
26 91 80
26 91 80
26 91 80
26 91 80
26 91 80
26 91 80
26 91 80
26 91 80
26 91 80
26 91 80
26 91 80
26 91 80
26 91 80
26 91 80
26 91 80
26 91 80
26 91 80
26 91 80
26 91 80
26 91 80
26 91 80
26 91 80
26 91 80
26 91 80
26 91 80
26 91 80
26 91 80
26 91 80
26 91 80
26 91 80
26 91 80
26 91 80
26 91 80
26 91 80
26 91 80
26 91 80
26 91 80
26 91 80
26 91 80
26 91 80
26 91 80
26 91 80
26 91 80
26 91 80
26 91 80
26 92 80
26 92 80
26 92 80
26 92 80
26 92 80
26 92 80
26 92 80
26 92 80
26 92 80
26 92 80
26 92 80
26 92 80
26 92 80
26 92 80
26 92 80
26 92 80
26 92 80
26 92 80
26 92 80
26 92 80
26 92 80
26 92 80
26 92 80
26 92 80
26 92 80
26 92 80
26 92 80
26 92 80
26 92 80
26 92 80
26 92 80
26 92 80
26 92 80
26 92 80
26 92 80
26 92 80
26 92 80
26 92 80
26 92 80
26 92 80
26 92 80
26 92 80
26 92 80
26 92 80
26 92 80
26 92 80
26 92 80
26 92 80
26 92 80
26 92 80
26 92 80
26 92 80
26 92 80
26 92 80
26 92 80
26 92 80
26 92 80
26 92 80
26 93 80
26 93 80
26 93 80
26 93 80
26 93 80
26 93 80
26 93 80
26 93 80
26 93 80
26 93 80
26 93 80
26 93 80
26 93 80
26 93 80
26 93 80
26 93 80
26 93 80
26 93 80
26 93 80
26 93 80
26 93 80
26 93 80
26 93 80
26 93 80
26 93 80
26 93 80
26 93 80
26 93 80
26 93 80
26 93 80
26 93 80
26 93 80
26 93 80
26 93 80
26 93 80
26 93 80
26 93 80
26 93 80
26 93 80
26 93 80
26 93 80
26 93 80
26 93 80
26 93 80
26 93 80
26 93 80
26 93 80
26 93 80
26 93 80
26 93 80
26 93 80
26 93 80
26 93 80
26 93 80
26 93 80
26 93 80
26 93 80
26 93 80
26 93 80
26 94 80
26 94 80
26 94 80
26 94 80
26 94 80
26 94 80
26 94 80
26 94 80
26 94 80
26 94 80
26 94 80
26 94 80
26 94 80
26 94 80
26 94 80
26 94 80
26 94 80
26 94 80
26 94 80
26 94 80
26 94 80
26 94 80
26 94 80
26 94 80
26 94 80
26 94 80
26 94 80
26 94 80
26 94 80
26 94 80
26 94 80
26 94 80
26 94 80
26 94 80
26 94 80
26 94 80
26 94 80
26 94 80
26 94 80
26 94 80
26 94 80
26 94 80
26 94 80
26 94 80
26 94 80
26 94 80
26 94 80
26 94 80
26 94 80
26 94 80
26 94 80
26 94 80
26 94 80
26 94 80
26 94 80
26 94 80
26 94 80
26 94 80
26 94 80
26 94 80
26 95 80
26 95 80
26 95 80
26 95 80
26 95 80
26 95 80
26 95 80
26 95 80
26 95 80
26 95 80
26 95 80
26 95 80
26 95 80
26 95 80
26 95 80
26 95 80
26 95 80
26 95 80
26 95 80
26 95 80
26 95 80
26 95 80
26 95 80
26 95 80
26 95 80
26 95 80
26 95 80
26 95 80
26 95 80
26 95 80
26 95 80
26 95 80
26 95 80
26 95 80
26 95 80
26 95 80
26 95 80
26 95 80
26 95 80
26 95 80
26 95 80
26 95 80
26 95 80
26 95 80
26 95 80
26 95 80
26 95 80
26 95 80
26 95 80
26 95 80
26 95 80
26 95 80
26 95 80
26 95 80
26 95 80
26 95 80
26 95 80
26 95 80
26 95 80
26 95 80
26 95 80
26 96 80
26 96 80
26 96 80
26 96 80
26 96 80
26 96 80
26 96 80
26 96 80
26 96 80
26 96 80
26 96 80
26 96 80
26 96 80
26 96 80
26 96 80
26 96 80
26 96 80
26 96 80
26 96 80
26 96 80
26 96 80
26 96 80
26 96 80
26 96 80
26 96 80
26 96 80
26 96 80
26 96 80
26 96 80
26 96 80
26 96 80
26 96 80
26 96 80
26 96 80
26 96 80
26 96 80
26 96 80
26 96 80
26 96 80
26 96 80
26 96 80
26 96 80
26 96 80
26 96 80
26 96 80
26 96 80
26 96 80
26 96 80
26 96 80
26 96 80
26 96 80
26 96 80
26 96 80
26 96 80
26 96 80
26 96 80
26 96 80
26 96 80
26 96 80
26 96 80
26 96 80
26 96 80
26 97 80
26 97 80
26 97 80
26 97 80
26 97 80
26 97 80
26 97 80
26 97 80
26 97 80
26 97 80
26 97 80
26 97 80
26 97 80
26 97 80
26 97 80
26 97 80
26 97 80
26 97 80
26 97 80
26 97 80
26 97 80
26 97 80
26 97 80
26 97 80
26 97 80
26 97 80
26 97 80
26 97 80
26 97 80
26 97 80
26 97 80
26 97 80
26 97 80
26 97 80
26 97 80
26 97 80
26 97 80
26 97 80
26 97 80
26 97 80
26 97 80
26 97 80
26 97 80
26 97 80
26 97 80
26 97 80
26 97 80
26 97 80
26 97 80
26 97 80
26 97 80
26 97 80
26 97 80
26 97 80
26 97 80
26 97 80
26 97 80
26 97 80
26 97 80
26 97 80
26 97 80
26 97 80
26 97 80
26 98 80
26 98 80
26 98 80
26 98 80
26 98 80
26 98 80
26 98 80
26 98 80
26 98 80
26 98 80
26 98 80
26 98 80
26 98 80
26 98 80
26 98 80
26 98 80
26 98 80
26 98 80
26 98 80
26 98 80
26 98 80
26 98 80
26 98 80
26 98 80
26 98 80
26 98 80
26 98 80
26 98 80
26 98 80
26 98 80
26 98 80
26 98 80
26 98 80
26 98 80
26 98 80
26 98 80
26 98 80
26 98 80
26 98 80
26 98 80
26 98 80
26 98 80
26 98 80
26 98 80
26 98 80
26 98 80
26 98 80
26 98 80
26 98 80
26 98 80
26 98 80
26 98 80
26 98 80
26 98 80
26 98 80
26 98 80
26 98 80
26 98 80
26 98 80
26 98 80
26 98 80
26 98 80
26 98 80
26 99 80
26 99 80
26 99 80
26 99 80
26 99 80
26 99 80
26 99 80
26 99 80
26 99 80
26 99 80
26 99 80
26 99 80
26 99 80
26 99 80
26 99 80
26 99 80
26 99 80
26 99 80
26 99 80
26 99 80
26 99 80
26 99 80
26 99 80
26 99 80
26 99 80
26 99 80
26 99 80
26 99 80
26 99 80
26 99 80
26 99 80
26 99 80
26 99 80
26 99 80
26 99 80
26 99 80
26 99 80
26 99 80
26 99 80
26 99 80
26 99 80
26 99 80
26 99 80
26 99 80
26 99 80
26 99 80
26 99 80
26 99 80
26 99 80
26 99 80
26 99 80
26 99 80
26 99 80
26 99 80
26 99 80
26 99 80
26 99 80
26 99 80
26 99 80
26 99 80
26 99 80
26 100 80
26 100 80
26 100 80
26 100 80
26 100 80
26 100 80
26 100 80
26 100 80
26 100 80
26 100 80
26 100 80
26 100 80
26 100 80
26 100 80
26 100 80
26 100 80
26 100 80
26 100 80
26 100 80
26 100 80
26 100 80
26 100 80
26 100 80
26 100 80
26 100 80
26 100 80
26 100 80
26 100 80
26 100 80
26 100 80
26 100 80
26 100 80
26 100 80
26 100 80
26 100 80
26 100 80
26 100 80
26 100 80
26 100 80
26 100 80
26 100 80
26 100 80
26 100 80
26 100 80
26 100 80
26 100 80
26 100 80
26 100 80
26 100 80
26 100 80
26 100 80
26 100 80
26 100 80
26 100 80
26 100 80
26 100 80
26 100 80
26 100 80
26 100 80
26 101 80
26 101 80
26 101 80
26 101 80
26 101 80
26 101 80
26 101 80
26 101 80
26 101 80
26 101 80
26 101 80
26 101 80
26 101 80
26 101 80
26 101 80
26 101 80
26 101 80
26 101 80
26 101 80
26 101 80
26 101 80
26 101 80
26 101 80
26 101 80
26 101 80
26 101 80
26 101 80
26 101 80
26 101 80
26 101 80
26 101 80
26 101 80
26 101 80
26 101 80
26 101 80
26 101 80
26 101 80
26 101 80
26 101 80
26 101 80
26 101 80
26 101 80
26 101 80
26 101 80
26 101 80
26 101 80
26 101 80
26 101 80
26 101 80
26 101 80
26 101 80
26 101 80
26 101 80
26 101 80
26 101 80
26 101 80
26 102 80
26 102 80
26 102 80
26 102 80
26 102 80
26 102 80
26 102 80
26 102 80
26 102 80
26 102 80
26 102 80
26 102 80
26 102 80
26 102 80
26 102 80
26 102 80
26 102 80
26 102 80
26 102 80
26 102 80
26 102 80
26 102 80
26 102 80
26 102 80
26 102 80
26 102 80
26 102 80
26 102 80
26 102 80
26 102 80
26 102 80
26 102 80
26 102 80
26 102 80
26 102 80
26 102 80
26 102 80
26 102 80
26 102 80
26 102 80
26 102 80
26 102 80
26 102 80
26 102 80
26 102 80
26 102 80
26 102 80
26 102 80
26 102 80
26 102 80
26 102 80
26 102 80
26 103 80
26 103 80
26 103 80
26 103 80
26 103 80
26 103 80
26 103 80
26 103 80
26 103 80
26 103 80
26 103 80
26 103 80
26 103 80
26 103 80
26 103 80
26 103 80
26 103 80
26 103 80
26 103 80
26 103 80
26 103 80
26 103 80
26 103 80
26 103 80
26 103 80
26 103 80
26 103 80
26 103 80
26 103 80
26 103 80
26 103 80
26 103 80
26 103 80
26 103 80
26 103 80
26 103 80
26 103 80
26 103 80
26 103 80
26 103 80
26 103 80
26 103 80
26 103 80
26 103 80
26 103 80
26 103 80
26 103 80
26 104 80
26 104 80
26 104 80
26 104 80
26 104 80
26 104 80
26 104 80
26 104 80
26 104 80
26 104 80
26 104 80
26 104 80
26 104 80
26 104 80
26 104 80
26 104 80
26 104 80
26 104 80
26 104 80
26 104 80
26 104 80
26 104 80
26 104 80
26 104 80
26 104 80
26 104 80
26 104 80
26 104 80
26 104 80
26 104 80
26 104 80
26 104 80
26 104 80
26 104 80
26 104 80
26 104 80
26 104 80
26 104 80
26 104 80
26 104 80
26 104 80
26 104 80
26 105 80
26 105 80
26 105 80
26 105 80
26 105 80
26 105 80
26 105 80
26 105 80
26 105 80
26 105 80
26 105 80
26 105 80
26 105 80
26 105 80
26 105 80
26 105 80
26 105 80
26 105 80
26 105 80
26 105 80
26 105 80
26 105 80
26 105 80
26 105 80
26 105 80
26 105 80
26 105 80
26 105 80
26 105 80
26 105 80
26 105 80
26 105 80
26 105 80
26 105 80
26 105 80
26 105 80
26 106 80
26 106 80
26 106 80
26 106 80
26 106 80
26 106 80
26 106 80
26 106 80
26 106 80
26 106 80
26 106 80
26 106 80
26 106 80
26 106 80
26 106 80
26 106 80
26 106 80
26 106 80
26 106 80
26 106 80
26 106 80
26 106 80
26 106 80
26 106 80
26 106 80
26 106 80
26 106 80
26 106 80
26 106 80
26 106 80
26 107 80
26 107 80
26 107 80
26 107 80
26 107 80
26 107 80
26 107 80
26 107 80
26 107 80
26 107 80
26 107 80
26 107 80
26 107 80
26 107 80
26 107 80
26 107 80
26 107 80
26 107 80
26 107 80
26 107 80
26 107 80
26 107 80
26 107 80
26 107 80
26 108 80
26 108 80
26 108 80
26 108 80
26 108 80
26 108 80
26 108 80
26 108 80
26 108 80
26 108 80
26 108 80
26 108 80
26 108 80
26 108 80
26 108 80
26 108 80
26 108 80
26 108 80
26 108 80
26 108 80
26 109 80
26 109 80
26 109 80
26 109 80
26 109 80
26 109 80
26 109 80
26 109 80
26 109 80
26 109 80
26 109 80
26 109 80
26 109 80
26 109 80
26 109 80
26 109 80
26 110 80
26 110 80
26 110 80
26 110 80
26 110 80
26 110 80
26 110 80
26 110 80
26 110 80
26 110 80
26 110 80
26 110 80
26 110 80
26 111 80
26 111 80
26 111 80
26 111 80
26 111 80
26 111 80
26 111 80
26 111 80
26 111 80
26 111 80
26 112 80
26 112 80
26 112 80
26 112 80
26 112 80
26 112 80
26 112 80
26 112 80
26 113 80
26 113 80
26 113 80
26 113 80
26 113 80
26 113 80
26 113 80
26 114 80
26 114 80
26 114 80
26 114 80
26 114 80
26 115 80
26 115 80
26 115 80
26 115 80
26 116 80
26 116 80
26 116 80
26 117 80
26 117 80
26 117 80
26 118 80
26 118 80
26 119 80
26 119 80
26 120 80
26 120 80
26 121 80
26 122 80
26 123 80
26 124 80
26 125 80
26 126 80
26 127 80
26 128 80
26 129 80
26 130 80
26 131 80
26 132 80
26 133 80
26 134 80
26 135 80
26 136 80
26 137 80
26 138 80
26 139 80
26 140 80
26 141 80
