181 114 120
181 114 120
180 114 120
180 114 120
179 114 120
179 114 120
178 114 120
178 114 120
177 114 120
177 114 120
176 114 120
176 114 120
176 114 120
175 114 240
175 114 120
174 114 240
174 114 120
173 114 240
173 114 120
172 114 240
171 114 240
170 114 240
169 114 120
168 114 120
167 114 120
166 114 120
165 114 120
164 114 120
163 114 120
162 114 120
161 114 120
160 114 120
159 114 120
158 114 120
157 114 120
156 114 120
155 114 120
154 114 120
153 114 120
152 114 120
151 114 120
150 114 120
150 114 120
149 114 120
149 114 120
148 114 120
148 114 120
147 114 120
147 114 120
146 114 120
146 114 120
146 114 120
145 114 240
145 114 120
144 114 240
144 114 120
143 114 240
143 114 120
143 114 120
143 113 360
143 112 360
143 111 360
143 110 120
143 109 120
143 108 120
143 107 120
143 106 120
143 105 120
143 104 120
143 103 120
143 102 120
143 101 120
143 100 120
143 99 120
143 98 120
143 97 120
143 96 120
143 95 120
143 94 120
143 93 120
143 92 120
143 91 120
143 90 120
143 89 120
143 88 120
143 87 120
143 86 120
143 85 120
143 84 120
143 83 120
143 82 120
143 81 120
143 80 120
143 79 120
143 78 120
143 77 120
143 76 120
143 75 120
143 74 120
143 73 120
143 72 120
143 71 120
143 70 120
143 69 120
143 68 120
143 67 120
143 66 120
143 65 120
143 64 120
143 63 120
143 62 120
143 61 120
143 60 120
143 59 120
143 58 120
143 57 120
143 56 120
143 55 120
143 54 120
143 53 120
143 52 120
143 51 120
143 50 120
143 49 120
143 48 120
143 47 120
143 46 120
143 45 120
143 44 120
143 43 120
143 42 120
143 41 120
143 40 120
143 39 120
143 38 120
143 37 120
143 36 120
143 35 120
143 34 120
15 4 120
16 4 120
17 4 120
18 4 120
19 4 120
20 4 120
21 4 120
22 4 120
23 4 120
24 4 120
25 4 120
26 4 120
27 4 120
28 4 120
29 4 120
30 4 120
31 4 120
31 4 120
32 4 120
32 4 120
33 4 120
33 4 120
34 4 120
34 4 120
34 4 120
35 4 240
35 4 120
36 4 240
36 4 120
36 4 120
37 4 360
37 4 120
37 4 120
37 4 120
38 4 600
38 4 120
38 4 120
38 4 120
39 4 840
39 4 120
39 4 120
39 4 120
39 4 120
40 4 1200
40 4 120
40 4 120
40 4 120
40 4 120
40 4 120
41 4 1680
41 4 120
41 4 120
41 4 120
41 4 120
41 4 120
42 4 2160
42 4 120
42 4 120
42 4 120
42 4 120
42 4 120
43 4 2640
43 4 120
43 4 120
43 4 120
43 4 120
43 4 120
44 4 3120
44 4 120
44 4 120
44 4 120
44 4 120
45 4 3480
45 4 120
45 4 120
45 4 120
46 4 3720
46 4 120
46 4 120
46 4 120
47 4 3960
47 4 120
47 4 120
47 4 120
48 4 4200
48 4 120
48 4 120
49 4 4320
49 4 120
50 4 4320
50 4 120
51 4 4320
51 4 120
52 4 4320
53 4 4320
54 4 4320
55 4 120
55 4 120
55 4 120
55 4 120
55 4 120
55 4 120
55 4 120
55 4 120
55 4 120
55 4 120
55 4 120
55 4 120
55 4 120
55 4 120
55 4 120
55 4 120
55 4 120
55 4 120
55 4 120
55 4 120
55 4 120
55 4 120
55 4 120
55 4 120
55 4 120
55 4 120
55 4 120
55 4 120
55 4 120
55 4 120
55 4 120
55 4 120
55 4 120
55 4 120
56 4 3960
57 4 3960
58 4 3960
59 4 120
59 4 120
59 4 120
59 4 120
59 4 120
59 4 120
59 4 120
59 4 120
59 4 120
59 4 120
59 4 120
59 4 120
59 4 120
59 4 120
59 4 120
59 4 120
59 4 120
59 4 120
59 4 120
59 4 120
59 4 120
59 4 120
59 4 120
59 4 120
59 4 120
59 4 120
59 4 120
59 4 120
59 4 120
59 4 120
60 4 3480
61 4 3480
62 4 3480
63 4 120
63 4 120
63 4 120
63 4 120
63 4 120
63 4 120
63 4 120
63 4 120
63 4 120
63 4 120
63 4 120
63 4 120
63 4 120
63 4 120
63 4 120
63 4 120
63 4 120
63 4 120
63 4 120
63 4 120
63 4 120
63 4 120
64 4 2520
65 4 2520
66 4 2520
67 4 120
67 4 120
67 4 120
67 4 120
67 4 120
67 4 120
67 4 120
67 4 120
67 4 120
67 4 120
67 4 120
67 4 120
67 4 120
67 4 120
67 4 120
67 4 120
67 4 120
67 4 120
68 4 2040
69 4 2040
70 4 2040
71 4 120
71 4 120
71 4 120
71 4 120
71 4 120
71 4 120
71 4 120
71 4 120
71 4 120
71 4 120
71 4 120
71 4 120
71 4 120
71 4 120
71 4 120
71 4 120
72 4 1800
72 4 120
73 4 1800
73 4 120
74 4 1800
74 4 120
75 4 1800
75 4 120
76 4 1800
77 4 1800
78 4 1800
79 4 120
79 4 120
79 4 120
79 4 120
79 4 120
79 4 120
79 4 120
79 4 120
79 4 120
79 4 120
79 4 120
80 4 1200
81 4 1200
82 4 1200
83 4 120
83 4 120
83 4 120
83 4 120
84 4 360
85 4 360
86 4 360
87 4 120
87 4 120
88 4 120
88 4 120
89 4 120
90 4 120
91 4 120
92 4 120
93 4 120
94 4 120
95 4 120
96 4 120
97 4 120
98 4 120
99 4 120
100 4 120
101 4 120
102 4 120
103 4 120
104 4 120
105 4 120
106 4 120
107 4 120
108 4 120
109 4 120
110 4 120
111 4 120
112 4 120
113 4 120
114 4 120
115 4 120
116 4 120
117 4 120
117 4 120
118 4 120
118 4 120
119 4 120
119 4 120
120 4 120
120 4 120
121 4 120
121 4 120
122 4 120
122 4 120
123 4 120
123 4 120
124 4 120
124 4 120
125 4 120
125 4 120
126 4 120
127 4 120
128 4 120
129 4 120
130 4 120
131 4 120
132 4 120
133 4 120
134 4 120
135 4 120
136 4 120
137 4 120
138 4 120
139 4 120
140 4 120
141 4 120
142 4 120
143 4 120
143 5 120
143 6 120
143 7 120
143 8 120
143 9 120
143 10 120
143 11 120
143 12 120
143 13 120
143 14 120
143 15 120
143 16 120
143 17 120
143 18 120
143 19 120
143 20 120
143 21 120
143 22 120
143 23 120
143 24 120
143 25 120
143 26 120
143 27 120
143 28 120
143 29 120
143 30 120
143 31 120
143 32 120
143 33 120
