154 2 80
154 2 80
153 2 80
153 2 80
152 2 80
152 2 80
151 2 80
151 2 80
150 2 80
150 2 80
149 2 80
149 2 80
148 2 80
147 2 80
146 2 80
145 2 80
144 2 80
143 2 80
142 2 80
141 2 80
140 2 80
139 2 80
138 2 80
137 2 80
136 2 80
135 2 80
134 2 80
133 2 80
132 2 80
131 2 80
130 2 80
129 2 80
128 2 80
127 2 80
126 2 80
125 2 80
124 2 80
123 2 80
122 2 80
122 3 80
122 4 80
122 5 80
122 6 80
122 7 80
122 8 80
122 9 80
122 10 80
122 11 80
122 12 80
122 13 80
122 14 80
122 15 80
122 16 80
122 17 80
122 18 80
122 19 80
122 20 80
122 21 80
122 22 80
122 23 80
122 23 80
122 24 80
122 24 80
122 25 80
122 25 80
122 26 80
122 26 80
122 27 80
122 27 80
122 27 80
122 28 80
122 28 80
122 28 80
122 29 80
122 29 80
122 29 80
122 30 80
122 30 80
122 30 80
122 31 80
122 31 80
122 31 80
122 32 80
122 32 80
122 32 80
122 33 80
122 33 80
122 33 80
122 33 80
122 34 80
122 34 80
122 34 80
122 34 80
122 35 80
122 35 80
122 35 80
122 35 80
122 36 80
122 36 80
122 36 80
122 36 80
122 36 80
122 37 80
122 37 80
122 37 80
122 37 80
122 37 80
122 37 80
122 38 80
122 38 80
122 38 80
122 38 80
122 38 80
122 38 80
122 39 80
122 39 80
122 39 80
122 39 80
122 39 80
122 39 80
122 39 80
122 40 80
122 40 80
122 40 80
122 40 80
122 40 80
122 40 80
122 40 80
122 40 80
122 41 80
122 41 80
122 41 80
122 41 80
122 41 80
122 41 80
122 41 80
122 41 80
122 42 80
122 42 80
122 42 80
122 42 80
122 42 80
122 42 80
122 42 80
122 42 80
122 43 80
122 43 80
122 43 80
122 43 80
122 43 80
122 43 80
122 43 80
122 43 80
122 44 80
122 44 80
122 44 80
122 44 80
122 44 80
122 44 80
122 44 80
122 45 80
122 45 80
122 45 80
122 45 80
122 45 80
122 45 80
122 45 80
122 46 80
122 46 80
122 46 80
122 46 80
122 46 80
122 46 80
122 47 80
122 47 80
122 47 80
122 47 80
122 47 80
122 47 80
122 48 80
122 48 80
122 48 80
122 48 80
122 48 80
122 49 80
122 49 80
122 49 80
122 49 80
122 49 80
122 50 80
122 50 80
122 50 80
122 50 80
122 50 80
122 51 80
122 51 80
122 51 80
122 51 80
122 51 80
122 52 80
122 52 80
122 52 80
122 52 80
122 52 80
122 53 80
122 53 80
122 53 80
122 53 80
122 53 80
122 53 80
122 54 80
122 54 80
122 54 80
122 54 80
122 54 80
122 54 80
122 55 80
122 55 80
122 55 80
122 55 80
122 55 80
122 55 80
122 55 80
122 56 80
122 56 80
122 56 80
122 56 80
122 56 80
122 56 80
122 56 80
122 56 80
122 57 80
122 57 80
122 57 80
122 57 80
122 57 80
122 57 80
122 57 80
122 57 80
122 58 80
122 58 80
122 58 80
122 58 80
122 58 80
122 58 80
122 58 80
122 58 80
122 59 80
122 59 80
122 59 80
122 59 80
122 59 80
122 59 80
122 59 80
122 59 80
122 59 80
122 60 80
122 60 80
122 60 80
122 60 80
122 60 80
122 60 80
122 60 80
122 60 80
122 61 80
122 61 80
122 61 80
122 61 80
122 61 80
122 61 80
122 61 80
122 61 80
122 62 80
122 62 80
122 62 80
122 62 80
122 62 80
122 62 80
122 62 80
122 62 80
122 63 80
122 63 80
122 63 80
122 63 80
122 63 80
122 63 80
122 63 80
122 64 80
122 64 80
122 64 80
122 64 80
122 64 80
122 64 80
122 64 80
122 65 80
122 65 80
122 65 80
122 65 80
122 65 80
122 65 80
122 65 80
122 66 80
122 66 80
122 66 80
122 66 80
122 66 80
122 66 80
122 66 80
122 67 80
122 67 80
122 67 80
122 67 80
122 67 80
122 67 80
122 67 80
122 68 80
122 68 80
122 68 80
122 68 80
122 68 80
122 68 80
122 68 80
122 69 80
122 69 80
122 69 80
122 69 80
122 69 80
122 69 80
122 69 80
122 69 80
122 70 80
122 70 80
122 70 80
122 70 80
122 70 80
122 70 80
122 70 80
122 70 80
122 71 80
122 71 80
122 71 80
122 71 80
122 71 80
122 71 80
122 71 80
122 71 80
122 72 80
122 72 80
122 72 80
122 72 80
122 72 80
122 72 80
122 72 80
122 72 80
122 73 80
122 73 80
122 73 80
122 73 80
122 73 80
122 73 80
122 73 80
122 73 80
122 74 80
122 74 80
122 74 80
122 74 80
122 74 80
122 74 80
122 74 80
122 74 80
122 75 80
122 75 80
122 75 80
122 75 80
122 75 80
122 75 80
122 75 80
122 75 80
122 75 80
122 76 80
122 76 80
122 76 80
122 76 80
122 76 80
122 76 80
122 76 80
122 76 80
122 76 80
122 76 80
122 77 80
122 77 80
122 77 80
122 77 80
122 77 80
122 77 80
122 77 80
122 77 80
122 77 80
122 77 80
122 77 80
122 77 80
122 78 80
122 78 80
122 78 80
122 78 80
122 78 80
122 78 80
122 78 80
122 78 80
122 78 80
122 78 80
122 78 80
122 78 80
122 78 80
122 78 80
122 79 80
122 79 80
122 79 80
122 79 80
122 79 80
122 79 80
122 79 80
122 79 80
122 79 80
122 79 80
122 79 80
122 79 80
122 79 80
122 79 80
122 79 80
122 80 80
122 80 80
122 80 80
122 80 80
122 80 80
122 80 80
122 80 80
122 80 80
122 80 80
122 80 80
122 80 80
122 80 80
122 80 80
122 80 80
122 80 80
122 80 80
122 80 80
122 81 80
122 81 80
122 81 80
122 81 80
122 81 80
122 81 80
122 81 80
122 81 80
122 81 80
122 81 80
122 81 80
122 81 80
122 81 80
122 81 80
122 81 80
122 81 80
122 81 80
122 81 80
122 82 80
122 82 80
122 82 80
122 82 80
122 82 80
122 82 80
122 82 80
122 82 80
122 82 80
122 82 80
122 82 80
122 82 80
122 82 80
122 82 80
122 82 80
122 82 80
122 82 80
122 82 80
122 82 80
122 83 80
122 83 80
122 83 80
122 83 80
122 83 80
122 83 80
122 83 80
122 83 80
122 83 80
122 83 80
122 83 80
122 83 80
122 83 80
122 83 80
122 83 80
122 83 80
122 83 80
122 83 80
122 83 80
122 83 80
122 83 80
122 84 80
122 84 80
122 84 80
122 84 80
122 84 80
122 84 80
122 84 80
122 84 80
122 84 80
122 84 80
122 84 80
122 84 80
122 84 80
122 84 80
122 84 80
122 84 80
122 84 80
122 84 80
122 84 80
122 84 80
122 84 80
122 84 80
122 85 80
122 85 80
122 85 80
122 85 80
122 85 80
122 85 80
122 85 80
122 85 80
122 85 80
122 85 80
122 85 80
122 85 80
122 85 80
122 85 80
122 85 80
122 85 80
122 85 80
122 85 80
122 85 80
122 85 80
122 85 80
122 85 80
122 85 80
122 85 80
122 86 80
122 86 80
122 86 80
122 86 80
122 86 80
122 86 80
122 86 80
122 86 80
122 86 80
122 86 80
122 86 80
122 86 80
122 86 80
122 86 80
122 86 80
122 86 80
122 86 80
122 86 80
122 86 80
122 86 80
122 86 80
122 86 80
122 86 80
122 86 80
122 86 80
122 86 80
122 87 80
122 87 80
122 87 80
122 87 80
122 87 80
122 87 80
122 87 80
122 87 80
122 87 80
122 87 80
122 87 80
122 87 80
122 87 80
122 87 80
122 87 80
122 87 80
122 87 80
122 87 80
122 87 80
122 87 80
122 87 80
122 87 80
122 87 80
122 87 80
122 87 80
122 87 80
122 87 80
122 88 80
122 88 80
122 88 80
122 88 80
122 88 80
122 88 80
122 88 80
122 88 80
122 88 80
122 88 80
122 88 80
122 88 80
122 88 80
122 88 80
122 88 80
122 88 80
122 88 80
122 88 80
122 88 80
122 88 80
122 88 80
122 88 80
122 88 80
122 88 80
122 88 80
122 88 80
122 88 80
122 88 80
122 89 80
122 89 80
122 89 80
122 89 80
122 89 80
122 89 80
122 89 80
122 89 80
122 89 80
122 89 80
122 89 80
122 89 80
122 89 80
122 89 80
122 89 80
122 89 80
122 89 80
122 89 80
122 89 80
122 89 80
122 89 80
122 89 80
122 89 80
122 89 80
122 89 80
122 89 80
122 89 80
122 89 80
122 90 80
122 90 80
122 90 80
122 90 80
122 90 80
122 90 80
122 90 80
122 90 80
122 90 80
122 90 80
122 90 80
122 90 80
122 90 80
122 90 80
122 90 80
122 90 80
122 90 80
122 90 80
122 90 80
122 90 80
122 90 80
122 90 80
122 90 80
122 90 80
122 90 80
122 90 80
122 90 80
122 90 80
122 91 80
122 91 80
122 91 80
122 91 80
122 91 80
122 91 80
122 91 80
122 91 80
122 91 80
122 91 80
122 91 80
122 91 80
122 91 80
122 91 80
122 91 80
122 91 80
122 91 80
122 91 80
122 91 80
122 91 80
122 91 80
122 91 80
122 91 80
122 91 80
122 91 80
122 91 80
122 92 80
122 92 80
122 92 80
122 92 80
122 92 80
122 92 80
122 92 80
122 92 80
122 92 80
122 92 80
122 92 80
122 92 80
122 92 80
122 92 80
122 92 80
122 92 80
122 92 80
122 92 80
122 92 80
122 92 80
122 92 80
122 92 80
122 92 80
122 92 80
122 92 80
122 93 80
122 93 80
122 93 80
122 93 80
122 93 80
122 93 80
122 93 80
122 93 80
122 93 80
122 93 80
122 93 80
122 93 80
122 93 80
122 93 80
122 93 80
122 93 80
122 93 80
122 93 80
122 93 80
122 93 80
122 93 80
122 93 80
122 93 80
122 94 80
122 94 80
122 94 80
122 94 80
122 94 80
122 94 80
122 94 80
122 94 80
122 94 80
122 94 80
122 94 80
122 94 80
122 94 80
122 94 80
122 94 80
122 94 80
122 94 80
122 94 80
122 94 80
122 94 80
122 95 80
122 95 80
122 95 80
122 95 80
122 95 80
122 95 80
122 95 80
122 95 80
122 95 80
122 95 80
122 95 80
122 95 80
122 95 80
122 95 80
122 95 80
122 95 80
122 95 80
122 95 80
122 96 80
122 96 80
122 96 80
122 96 80
122 96 80
122 96 80
122 96 80
122 96 80
122 96 80
122 96 80
122 96 80
122 96 80
122 96 80
122 96 80
122 96 80
122 96 80
122 97 80
122 97 80
122 97 80
122 97 80
122 97 80
122 97 80
122 97 80
122 97 80
122 97 80
122 97 80
122 97 80
122 97 80
122 97 80
122 97 80
122 98 80
122 98 80
122 98 80
122 98 80
122 98 80
122 98 80
122 98 80
122 98 80
122 98 80
122 98 80
122 98 80
122 98 80
122 99 80
122 99 80
122 99 80
122 99 80
122 99 80
122 99 80
122 99 80
122 99 80
122 99 80
122 99 80
122 100 80
122 100 80
122 100 80
122 100 80
122 100 80
122 100 80
122 100 80
122 100 80
122 101 80
122 101 80
122 101 80
122 101 80
122 101 80
122 101 80
122 102 80
122 102 80
122 102 80
122 102 80
122 103 80
122 103 80
122 103 80
122 104 80
122 104 80
122 104 80
122 105 80
122 105 80
122 106 80
122 106 80
122 107 80
122 107 80
122 108 80
122 108 80
122 109 80
122 109 80
122 110 80
122 110 80
122 111 80
122 112 80
122 113 80
122 114 80
122 115 80
122 116 80
122 117 80
122 118 80
122 119 80
122 120 80
122 121 80
122 122 80
122 123 80
122 124 80
122 125 80
122 126 80
122 127 80
122 128 80
122 129 80
122 130 80
122 131 80
122 132 80
122 133 80
122 134 80
122 135 80
122 136 80
122 137 80
122 138 80
122 139 80
121 2 80
120 2 80
119 2 80
118 2 80
117 2 80
116 2 80
115 2 80
114 2 80
113 2 80
113 2 80
112 2 80
112 2 80
111 2 80
111 2 80
110 2 80
110 2 80
109 2 80
109 2 80
108 2 80
108 2 80
107 2 80
107 2 80
107 3 80
107 3 80
107 3 80
107 4 80
107 4 80
107 4 80
107 5 80
107 5 80
107 5 80
107 6 80
107 6 80
107 6 80
107 7 80
107 7 80
107 7 80
107 8 80
107 8 80
107 8 80
107 9 80
107 9 80
107 9 80
107 10 80
107 10 80
107 11 80
107 11 80
107 12 80
107 12 80
107 13 80
107 14 80
107 15 80
107 16 80
107 17 80
107 18 80
107 19 80
107 20 80
107 21 80
107 22 80
107 23 80
107 24 80
107 25 80
107 26 80
107 27 80
107 28 80
107 29 80
107 30 80
107 31 80
107 32 80
107 33 80
107 34 80
107 35 80
106 35 80
105 35 80
104 35 80
103 35 80
102 35 80
101 35 80
100 35 80
99 35 80
98 35 80
98 35 80
97 35 80
97 35 80
96 35 80
96 35 80
95 35 80
95 35 80
94 35 80
94 35 80
93 35 80
93 35 80
92 35 80
92 35 80
91 35 80
91 35 80
90 35 80
90 35 80
89 35 80
89 35 80
88 35 80
88 35 80
88 35 80
87 35 80
87 35 80
87 35 80
86 35 80
86 35 80
86 35 80
85 35 80
85 35 80
85 35 80
84 35 80
84 35 80
84 35 80
83 35 80
83 35 80
83 35 80
82 35 80
82 35 80
82 35 80
81 35 80
81 35 80
81 35 80
81 35 80
80 35 80
80 35 80
80 35 80
80 35 80
80 35 80
79 35 80
79 35 80
79 35 80
79 35 80
79 35 80
79 35 80
78 35 80
78 35 80
78 35 80
78 35 80
78 35 80
78 35 80
78 35 80
78 35 80
77 35 80
77 35 80
77 35 80
77 35 80
77 35 80
77 35 80
77 35 80
77 35 80
77 35 80
77 35 80
76 35 80
76 35 80
76 35 80
76 35 80
76 35 80
76 35 80
76 35 80
76 35 80
76 35 80
76 35 80
76 35 80
76 35 80
75 35 80
75 35 80
75 35 80
75 35 80
75 35 80
75 35 80
75 35 80
75 35 80
75 35 80
75 35 80
75 35 80
75 35 80
75 35 80
75 35 80
74 35 80
74 35 80
74 35 80
74 35 80
74 35 80
74 35 80
74 35 80
74 35 80
74 35 80
74 35 80
74 35 80
74 35 80
74 35 80
74 35 80
74 35 80
74 35 80
73 35 80
73 35 80
73 35 80
73 35 80
73 35 80
73 35 80
73 35 80
73 35 80
73 35 80
73 35 80
73 35 80
73 35 80
73 35 80
73 35 80
73 35 80
73 35 80
73 35 80
73 35 80
73 35 80
72 35 80
72 35 80
72 35 80
72 35 80
72 35 80
72 35 80
72 35 80
72 35 80
72 35 80
72 35 80
72 35 80
72 35 80
72 35 80
72 35 80
72 35 80
72 35 80
72 35 80
72 35 80
72 35 80
72 35 80
71 35 80
71 35 80
71 35 80
71 35 80
71 35 80
71 35 80
71 35 80
71 35 80
71 35 80
71 35 80
71 35 80
71 35 80
71 35 80
71 35 80
71 35 80
71 35 80
71 35 80
71 35 80
71 35 80
71 35 80
71 35 80
71 35 80
70 35 80
70 35 80
70 35 80
70 35 80
70 35 80
70 35 80
70 35 80
70 35 80
70 35 80
70 35 80
70 35 80
70 35 80
70 35 80
70 35 80
70 35 80
70 35 80
70 35 80
70 35 80
70 35 80
70 35 80
70 35 80
70 35 80
70 35 80
69 35 80
69 35 80
69 35 80
69 35 80
69 35 80
69 35 80
69 35 80
69 35 80
69 35 80
69 35 80
69 35 80
69 35 80
69 35 80
69 35 80
69 35 80
69 35 80
69 35 80
69 35 80
69 35 80
69 35 80
69 35 80
69 35 80
69 35 80
68 35 80
68 35 80
68 35 80
68 35 80
68 35 80
68 35 80
68 35 80
68 35 80
68 35 80
68 35 80
68 35 80
68 35 80
68 35 80
68 35 80
68 35 80
68 35 80
68 35 80
68 35 80
68 35 80
68 35 80
68 35 80
68 35 80
68 35 80
67 35 80
67 35 80
67 35 80
67 35 80
67 35 80
67 35 80
67 35 80
67 35 80
67 35 80
67 35 80
67 35 80
67 35 80
67 35 80
67 35 80
67 35 80
67 35 80
67 35 80
67 35 80
67 35 80
67 35 80
67 35 80
67 35 80
67 35 80
66 35 80
66 35 80
66 35 80
66 35 80
66 35 80
66 35 80
66 35 80
66 35 80
66 35 80
66 35 80
66 35 80
66 35 80
66 35 80
66 35 80
66 35 80
66 35 80
66 35 80
66 35 80
66 35 80
66 35 80
66 35 80
66 35 80
65 35 80
65 35 80
65 35 80
65 35 80
65 35 80
65 35 80
65 35 80
65 35 80
65 35 80
65 35 80
65 35 80
65 35 80
65 35 80
65 35 80
65 35 80
65 35 80
65 35 80
65 35 80
65 35 80
65 35 80
65 35 80
65 35 80
64 35 80
64 35 80
64 35 80
64 35 80
64 35 80
64 35 80
64 35 80
64 35 80
64 35 80
64 35 80
64 35 80
64 35 80
64 35 80
64 35 80
64 35 80
64 35 80
64 35 80
64 35 80
64 35 80
64 35 80
64 35 80
63 35 80
63 35 80
63 35 80
63 35 80
63 35 80
63 35 80
63 35 80
63 35 80
63 35 80
63 35 80
63 35 80
63 35 80
63 35 80
63 35 80
63 35 80
63 35 80
63 35 80
63 35 80
63 35 80
63 35 80
62 35 80
62 35 80
62 35 80
62 35 80
62 35 80
62 35 80
62 35 80
62 35 80
62 35 80
62 35 80
62 35 80
62 35 80
62 35 80
62 35 80
62 35 80
62 35 80
62 35 80
62 35 80
62 35 80
62 35 80
61 35 80
61 35 80
61 35 80
61 35 80
61 35 80
61 35 80
61 35 80
61 35 80
61 35 80
61 35 80
61 35 80
61 35 80
61 35 80
61 35 80
61 35 80
61 35 80
61 35 80
61 35 80
61 35 80
60 35 80
60 35 80
60 35 80
60 35 80
60 35 80
60 35 80
60 35 80
60 35 80
60 35 80
60 35 80
60 35 80
60 35 80
60 35 80
60 35 80
60 35 80
60 35 80
60 35 80
60 35 80
60 35 80
59 35 80
59 35 80
59 35 80
59 35 80
59 35 80
59 35 80
59 35 80
59 35 80
59 35 80
59 35 80
59 35 80
59 35 80
59 35 80
59 35 80
59 35 80
59 35 80
59 35 80
59 35 80
59 35 80
58 35 80
58 35 80
58 35 80
58 35 80
58 35 80
58 35 80
58 35 80
58 35 80
58 35 80
58 35 80
58 35 80
58 35 80
58 35 80
58 35 80
58 35 80
58 35 80
58 35 80
58 35 80
57 35 80
57 35 80
57 35 80
57 35 80
57 35 80
57 35 80
57 35 80
57 35 80
57 35 80
57 35 80
57 35 80
57 35 80
57 35 80
57 35 80
57 35 80
57 35 80
57 35 80
56 35 80
56 35 80
56 35 80
56 35 80
56 35 80
56 35 80
56 35 80
56 35 80
56 35 80
56 35 80
56 35 80
56 35 80
56 35 80
56 35 80
56 35 80
55 35 80
55 35 80
55 35 80
55 35 80
55 35 80
55 35 80
55 35 80
55 35 80
55 35 80
55 35 80
55 35 80
55 35 80
55 35 80
54 35 80
54 35 80
54 35 80
54 35 80
54 35 80
54 35 80
54 35 80
54 35 80
54 35 80
54 35 80
54 35 80
53 35 80
53 35 80
53 35 80
53 35 80
53 35 80
53 35 80
53 35 80
53 35 80
52 35 80
52 35 80
52 35 80
52 35 80
52 35 80
52 35 80
51 35 80
51 35 80
51 35 80
51 35 80
51 35 80
50 35 80
50 35 80
50 35 80
49 35 80
49 35 80
49 35 80
48 35 80
48 35 80
47 35 80
47 35 80
46 35 80
46 35 80
45 35 80
45 35 80
44 35 80
44 35 80
43 35 80
43 35 80
42 35 80
42 35 80
41 35 80
40 35 80
39 35 80
38 35 80
37 35 80
36 35 80
35 35 80
34 35 80
33 35 80
32 35 80
31 35 80
30 35 80
29 35 80
28 35 80
27 35 80
27 36 80
27 37 80
27 38 80
27 39 80
32 144 80
33 144 80
34 144 80
35 144 80
36 144 80
37 144 80
38 144 80
39 144 80
40 144 80
41 144 80
42 144 80
43 144 80
44 144 80
45 144 80
46 144 80
47 144 80
48 144 80
49 144 80
50 144 80
51 144 80
52 144 80
53 144 80
53 144 80
54 144 80
54 144 80
54 144 80
55 144 80
55 144 80
55 144 80
55 144 80
56 144 80
56 144 80
56 144 80
56 144 80
56 144 80
57 144 80
57 144 80
57 144 80
57 144 80
57 144 80
57 144 80
57 144 80
58 144 80
58 144 80
58 144 80
58 144 80
58 144 80
58 144 80
58 144 80
58 144 80
58 144 80
59 144 80
59 144 80
59 144 80
59 144 80
59 144 80
59 144 80
59 144 80
59 144 80
59 144 80
59 144 80
59 144 80
59 144 80
60 144 80
60 144 80
60 144 80
60 144 80
60 144 80
60 144 80
60 144 80
60 144 80
60 144 80
60 144 80
60 144 80
60 144 80
60 144 80
60 144 80
61 144 80
61 144 80
61 144 80
61 144 80
61 144 80
61 144 80
61 144 80
61 144 80
61 144 80
61 144 80
61 144 80
61 144 80
61 144 80
61 144 80
61 144 80
61 144 80
61 144 80
62 144 80
62 144 80
62 144 80
62 144 80
62 144 80
62 144 80
62 144 80
62 144 80
62 144 80
62 144 80
62 144 80
62 144 80
62 144 80
62 144 80
62 144 80
62 144 80
62 144 80
62 144 80
62 144 80
62 144 80
62 144 80
63 144 80
63 144 80
63 144 80
63 144 80
63 144 80
63 144 80
63 144 80
63 144 80
63 144 80
63 144 80
63 144 80
63 144 80
63 144 80
63 144 80
63 144 80
63 144 80
63 144 80
63 144 80
63 144 80
63 144 80
63 144 80
63 144 80
63 144 80
63 144 80
64 144 80
64 144 80
64 144 80
64 144 80
64 144 80
64 144 80
64 144 80
64 144 80
64 144 80
64 144 80
64 144 80
64 144 80
64 144 80
64 144 80
64 144 80
64 144 80
64 144 80
64 144 80
64 144 80
64 144 80
64 144 80
64 144 80
64 144 80
64 144 80
64 144 80
64 144 80
64 144 80
65 144 80
65 144 80
65 144 80
65 144 80
65 144 80
65 144 80
65 144 80
65 144 80
65 144 80
65 144 80
65 144 80
65 144 80
65 144 80
65 144 80
65 144 80
65 144 80
65 144 80
65 144 80
65 144 80
65 144 80
65 144 80
65 144 80
65 144 80
65 144 80
65 144 80
65 144 80
65 144 80
65 144 80
65 144 80
66 144 80
66 144 80
66 144 80
66 144 80
66 144 80
66 144 80
66 144 80
66 144 80
66 144 80
66 144 80
66 144 80
66 144 80
66 144 80
66 144 80
66 144 80
66 144 80
66 144 80
66 144 80
66 144 80
66 144 80
66 144 80
66 144 80
66 144 80
66 144 80
66 144 80
66 144 80
66 144 80
66 144 80
66 144 80
66 144 80
66 144 80
67 144 80
67 144 80
67 144 80
67 144 80
67 144 80
67 144 80
67 144 80
67 144 80
67 144 80
67 144 80
67 144 80
67 144 80
67 144 80
67 144 80
67 144 80
67 144 80
67 144 80
67 144 80
67 144 80
67 144 80
67 144 80
67 144 80
67 144 80
67 144 80
67 144 80
67 144 80
67 144 80
67 144 80
67 144 80
67 144 80
67 144 80
67 144 80
68 144 80
68 144 80
68 144 80
68 144 80
68 144 80
68 144 80
68 144 80
68 144 80
68 144 80
68 144 80
68 144 80
68 144 80
68 144 80
68 144 80
68 144 80
68 144 80
68 144 80
68 144 80
68 144 80
68 144 80
68 144 80
68 144 80
68 144 80
68 144 80
68 144 80
68 144 80
68 144 80
68 144 80
68 144 80
68 144 80
68 144 80
68 144 80
68 144 80
68 144 80
69 144 80
69 144 80
69 144 80
69 144 80
69 144 80
69 144 80
69 144 80
69 144 80
69 144 80
69 144 80
69 144 80
69 144 80
69 144 80
69 144 80
69 144 80
69 144 80
69 144 80
69 144 80
69 144 80
69 144 80
69 144 80
69 144 80
69 144 80
69 144 80
69 144 80
69 144 80
69 144 80
69 144 80
69 144 80
69 144 80
69 144 80
69 144 80
69 144 80
69 144 80
69 144 80
70 144 80
70 144 80
70 144 80
70 144 80
70 144 80
70 144 80
70 144 80
70 144 80
70 144 80
70 144 80
70 144 80
70 144 80
70 144 80
70 144 80
70 144 80
70 144 80
70 144 80
70 144 80
70 144 80
70 144 80
70 144 80
70 144 80
70 144 80
70 144 80
70 144 80
70 144 80
70 144 80
70 144 80
70 144 80
70 144 80
70 144 80
70 144 80
70 144 80
70 144 80
70 144 80
70 144 80
71 144 80
71 144 80
71 144 80
71 144 80
71 144 80
71 144 80
71 144 80
71 144 80
71 144 80
71 144 80
71 144 80
71 144 80
71 144 80
71 144 80
71 144 80
71 144 80
71 144 80
71 144 80
71 144 80
71 144 80
71 144 80
71 144 80
71 144 80
71 144 80
71 144 80
71 144 80
71 144 80
71 144 80
71 144 80
71 144 80
71 144 80
71 144 80
71 144 80
71 144 80
71 144 80
72 144 80
72 144 80
72 144 80
72 144 80
72 144 80
72 144 80
72 144 80
72 144 80
72 144 80
72 144 80
72 144 80
72 144 80
72 144 80
72 144 80
72 144 80
72 144 80
72 144 80
72 144 80
72 144 80
72 144 80
72 144 80
72 144 80
72 144 80
72 144 80
72 144 80
72 144 80
72 144 80
72 144 80
72 144 80
72 144 80
72 144 80
72 144 80
72 144 80
73 144 80
73 144 80
73 144 80
73 144 80
73 144 80
73 144 80
73 144 80
73 144 80
73 144 80
73 144 80
73 144 80
73 144 80
73 144 80
73 144 80
73 144 80
73 144 80
73 144 80
73 144 80
73 144 80
73 144 80
73 144 80
73 144 80
73 144 80
73 144 80
73 144 80
73 144 80
73 144 80
73 144 80
73 144 80
73 144 80
73 144 80
73 144 80
74 144 80
74 144 80
74 144 80
74 144 80
74 144 80
74 144 80
74 144 80
74 144 80
74 144 80
74 144 80
74 144 80
74 144 80
74 144 80
74 144 80
74 144 80
74 144 80
74 144 80
74 144 80
74 144 80
74 144 80
74 144 80
74 144 80
74 144 80
74 144 80
74 144 80
74 144 80
74 144 80
74 144 80
74 144 80
74 144 80
74 144 80
75 144 80
75 144 80
75 144 80
75 144 80
75 144 80
75 144 80
75 144 80
75 144 80
75 144 80
75 144 80
75 144 80
75 144 80
75 144 80
75 144 80
75 144 80
75 144 80
75 144 80
75 144 80
75 144 80
75 144 80
75 144 80
75 144 80
75 144 80
75 144 80
75 144 80
75 144 80
75 144 80
75 144 80
75 144 80
75 144 80
76 144 80
76 144 80
76 144 80
76 144 80
76 144 80
76 144 80
76 144 80
76 144 80
76 144 80
76 144 80
76 144 80
76 144 80
76 144 80
76 144 80
76 144 80
76 144 80
76 144 80
76 144 80
76 144 80
76 144 80
76 144 80
76 144 80
76 144 80
76 144 80
76 144 80
76 144 80
76 144 80
76 144 80
77 144 80
77 144 80
77 144 80
77 144 80
77 144 80
77 144 80
77 144 80
77 144 80
77 144 80
77 144 80
77 144 80
77 144 80
77 144 80
77 144 80
77 144 80
77 144 80
77 144 80
77 144 80
77 144 80
77 144 80
77 144 80
77 144 80
77 144 80
77 144 80
77 144 80
77 144 80
78 144 80
78 144 80
78 144 80
78 144 80
78 144 80
78 144 80
78 144 80
78 144 80
78 144 80
78 144 80
78 144 80
78 144 80
78 144 80
78 144 80
78 144 80
78 144 80
78 144 80
78 144 80
78 144 80
78 144 80
78 144 80
78 144 80
78 144 80
78 144 80
78 144 80
79 144 80
79 144 80
79 144 80
79 144 80
79 144 80
79 144 80
79 144 80
79 144 80
79 144 80
79 144 80
79 144 80
79 144 80
79 144 80
79 144 80
79 144 80
79 144 80
79 144 80
79 144 80
79 144 80
79 144 80
79 144 80
79 144 80
79 144 80
80 144 80
80 144 80
80 144 80
80 144 80
80 144 80
80 144 80
80 144 80
80 144 80
80 144 80
80 144 80
80 144 80
80 144 80
80 144 80
80 144 80
80 144 80
80 144 80
80 144 80
80 144 80
80 144 80
80 144 80
80 144 80
80 144 80
81 144 80
81 144 80
81 144 80
81 144 80
81 144 80
81 144 80
81 144 80
81 144 80
81 144 80
81 144 80
81 144 80
81 144 80
81 144 80
81 144 80
81 144 80
81 144 80
81 144 80
81 144 80
81 144 80
81 144 80
81 144 80
82 144 80
82 144 80
82 144 80
82 144 80
82 144 80
82 144 80
82 144 80
82 144 80
82 144 80
82 144 80
82 144 80
82 144 80
82 144 80
82 144 80
82 144 80
82 144 80
82 144 80
82 144 80
82 144 80
82 144 80
83 144 80
83 144 80
83 144 80
83 144 80
83 144 80
83 144 80
83 144 80
83 144 80
83 144 80
83 144 80
83 144 80
83 144 80
83 144 80
83 144 80
83 144 80
83 144 80
83 144 80
83 144 80
83 144 80
83 144 80
84 144 80
84 144 80
84 144 80
84 144 80
84 144 80
84 144 80
84 144 80
84 144 80
84 144 80
84 144 80
84 144 80
84 144 80
84 144 80
84 144 80
84 144 80
84 144 80
84 144 80
84 144 80
84 144 80
84 144 80
85 144 80
85 144 80
85 144 80
85 144 80
85 144 80
85 144 80
85 144 80
85 144 80
85 144 80
85 144 80
85 144 80
85 144 80
85 144 80
85 144 80
85 144 80
85 144 80
85 144 80
85 144 80
85 144 80
85 144 80
85 144 80
86 144 80
86 144 80
86 144 80
86 144 80
86 144 80
86 144 80
86 144 80
86 144 80
86 144 80
86 144 80
86 144 80
86 144 80
86 144 80
86 144 80
86 144 80
86 144 80
86 144 80
86 144 80
86 144 80
86 144 80
86 144 80
87 144 80
87 144 80
87 144 80
87 144 80
87 144 80
87 144 80
87 144 80
87 144 80
87 144 80
87 144 80
87 144 80
87 144 80
87 144 80
87 144 80
87 144 80
87 144 80
87 144 80
87 144 80
87 144 80
87 144 80
87 144 80
88 144 80
88 144 80
88 144 80
88 144 80
88 144 80
88 144 80
88 144 80
88 144 80
88 144 80
88 144 80
88 144 80
88 144 80
88 144 80
88 144 80
88 144 80
88 144 80
88 144 80
88 144 80
88 144 80
88 144 80
88 144 80
89 144 80
89 144 80
89 144 80
89 144 80
89 144 80
89 144 80
89 144 80
89 144 80
89 144 80
89 144 80
89 144 80
89 144 80
89 144 80
89 144 80
89 144 80
89 144 80
89 144 80
89 144 80
89 144 80
89 144 80
89 144 80
90 144 80
90 144 80
90 144 80
90 144 80
90 144 80
90 144 80
90 144 80
90 144 80
90 144 80
90 144 80
90 144 80
90 144 80
90 144 80
90 144 80
90 144 80
90 144 80
90 144 80
90 144 80
90 144 80
90 144 80
90 144 80
91 144 80
91 144 80
91 144 80
91 144 80
91 144 80
91 144 80
91 144 80
91 144 80
91 144 80
91 144 80
91 144 80
91 144 80
91 144 80
91 144 80
91 144 80
91 144 80
91 144 80
91 144 80
91 144 80
91 144 80
92 144 80
92 144 80
92 144 80
92 144 80
92 144 80
92 144 80
92 144 80
92 144 80
92 144 80
92 144 80
92 144 80
92 144 80
92 144 80
92 144 80
92 144 80
92 144 80
92 144 80
92 144 80
92 144 80
92 144 80
93 144 80
93 144 80
93 144 80
93 144 80
93 144 80
93 144 80
93 144 80
93 144 80
93 144 80
93 144 80
93 144 80
93 144 80
93 144 80
93 144 80
93 144 80
93 144 80
93 144 80
93 144 80
93 144 80
93 144 80
94 144 80
94 144 80
94 144 80
94 144 80
94 144 80
94 144 80
94 144 80
94 144 80
94 144 80
94 144 80
94 144 80
94 144 80
94 144 80
94 144 80
94 144 80
94 144 80
94 144 80
94 144 80
94 144 80
95 144 80
95 144 80
95 144 80
95 144 80
95 144 80
95 144 80
95 144 80
95 144 80
95 144 80
95 144 80
95 144 80
95 144 80
95 144 80
95 144 80
95 144 80
95 144 80
95 144 80
95 144 80
96 144 80
96 144 80
96 144 80
96 144 80
96 144 80
96 144 80
96 144 80
96 144 80
96 144 80
96 144 80
96 144 80
96 144 80
96 144 80
96 144 80
96 144 80
96 144 80
96 144 80
97 144 80
97 144 80
97 144 80
97 144 80
97 144 80
97 144 80
97 144 80
97 144 80
97 144 80
97 144 80
97 144 80
97 144 80
97 144 80
97 144 80
97 144 80
98 144 80
98 144 80
98 144 80
98 144 80
98 144 80
98 144 80
98 144 80
98 144 80
98 144 80
98 144 80
98 144 80
98 144 80
98 144 80
99 144 80
99 144 80
99 144 80
99 144 80
99 144 80
99 144 80
99 144 80
99 144 80
99 144 80
99 144 80
99 144 80
100 144 80
100 144 80
100 144 80
100 144 80
100 144 80
100 144 80
100 144 80
100 144 80
100 144 80
101 144 80
101 144 80
101 144 80
101 144 80
101 144 80
101 144 80
101 144 80
101 144 80
102 144 80
102 144 80
102 144 80
102 144 80
102 144 80
102 144 80
103 144 80
103 144 80
103 144 80
103 144 80
103 144 80
104 144 80
104 144 80
104 144 80
104 144 80
105 144 80
105 144 80
105 144 80
106 144 80
106 144 80
106 144 80
107 144 80
107 144 80
108 144 80
108 144 80
109 144 80
109 144 80
110 144 80
111 144 80
112 144 80
113 144 80
114 144 80
115 144 80
116 144 80
117 144 80
118 144 80
119 144 80
120 144 80
121 144 80
122 144 80
122 143 80
122 142 80
122 141 80
122 140 80
