83 72 120
84 72 120
85 72 120
86 72 120
87 72 120
88 72 120
89 72 120
90 72 120
91 72 120
92 72 120
93 72 120
94 72 120
95 72 120
96 72 120
97 72 120
97 72 120
98 72 120
98 72 120
99 72 120
99 72 120
99 72 120
99 72 120
100 72 360
100 72 120
100 72 120
101 72 480
101 72 120
101 72 120
101 72 120
102 72 720
102 72 120
102 72 120
102 72 120
102 72 120
103 72 1080
103 72 120
103 72 120
103 72 120
104 72 1320
104 72 120
104 72 120
104 72 120
105 72 1560
105 72 120
105 72 120
105 72 120
106 72 1800
106 72 120
106 72 120
107 72 1920
107 72 120
108 72 1920
108 72 120
108 72 120
109 72 2040
110 72 2040
111 72 2040
112 72 120
112 72 120
112 72 120
112 72 120
112 72 120
112 72 120
112 72 120
112 72 120
112 72 120
112 72 120
112 72 120
112 72 120
113 72 1320
114 72 1320
115 72 1320
116 72 120
116 72 120
116 72 120
116 72 120
116 72 120
117 72 480
118 72 480
119 72 480
120 72 120
120 72 120
121 72 120
122 72 120
123 72 120
124 72 120
125 72 120
126 72 120
127 72 120
128 72 120
129 72 120
130 72 120
131 72 120
132 72 120
133 72 120
134 72 120
135 72 120
136 72 120
136 73 120
136 74 120
136 75 120
136 76 120
136 77 120
136 78 120
136 79 120
136 80 120
136 81 120
136 82 120
136 83 120
93 73 120
93 74 120
93 75 120
93 76 120
93 77 120
93 78 120
93 78 120
93 79 120
93 79 120
93 79 120
93 80 240
93 80 120
93 80 120
93 80 120
93 81 480
93 81 120
93 81 120
93 81 120
93 82 720
93 82 120
93 82 120
93 82 120
93 83 960
93 83 120
93 83 120
93 83 120
93 83 120
93 84 1320
93 84 120
93 84 120
93 84 120
93 85 1560
93 85 120
93 85 120
93 85 120
93 86 1800
93 86 120
93 86 120
93 87 1920
93 87 120
93 88 1920
93 89 1920
93 90 1920
93 91 120
93 91 120
93 91 120
93 91 120
93 91 120
93 91 120
93 91 120
93 91 120
93 91 120
93 91 120
93 91 120
93 92 1200
93 93 1200
93 94 1200
93 95 120
93 95 120
93 95 120
93 95 120
93 95 120
93 96 480
93 97 480
93 98 480
93 99 120
93 99 120
93 100 120
93 101 120
93 102 120
93 103 120
93 104 120
93 105 120
93 106 120
93 107 120
93 108 120
93 109 120
93 110 120
93 111 120
93 112 120
93 113 120
93 114 120
93 115 120
93 116 120
91 160 120
92 160 120
93 160 120
93 160 120
94 160 120
94 160 120
95 160 120
95 160 120
95 160 120
96 160 240
96 160 120
97 160 240
97 160 120
97 160 120
98 160 360
98 160 120
98 160 120
98 160 120
99 160 600
99 160 120
99 160 120
99 160 120
100 160 840
100 160 120
100 160 120
100 160 120
101 160 1080
101 160 120
101 160 120
101 160 120
101 160 120
101 160 120
102 160 1560
102 160 120
102 160 120
102 160 120
102 160 120
103 160 1920
103 160 120
103 160 120
103 160 120
103 160 120
103 160 120
104 160 2400
104 160 120
104 160 120
104 160 120
104 160 120
105 160 2760
105 160 120
105 160 120
105 160 120
105 160 120
106 160 3120
106 160 120
106 160 120
106 161 3240
106 161 120
106 161 120
106 162 3360
106 162 120
106 162 120
106 163 3480
106 164 3480
106 165 3480
106 166 120
106 166 120
106 166 120
106 166 120
106 166 120
106 166 120
106 166 120
106 166 120
106 166 120
106 166 120
106 166 120
106 166 120
106 166 120
106 166 120
106 166 120
106 166 120
106 166 120
106 166 120
106 166 120
106 166 120
106 166 120
106 166 120
106 166 120
106 167 2640
106 168 2640
106 169 2640
106 170 120
106 170 120
106 170 120
106 170 120
106 170 120
106 170 120
106 170 120
106 171 720
106 172 720
106 173 720
106 174 120
106 175 120
106 176 120
106 177 120
106 178 120
106 179 120
90 160 120
89 160 120
88 160 120
87 160 120
86 160 120
85 160 120
84 160 120
83 160 120
82 160 120
81 160 120
80 160 120
79 160 120
78 160 120
77 160 120
76 160 120
75 160 120
74 160 120
73 160 120
72 160 120
71 160 120
70 160 120
70 161 120
70 162 120
70 162 120
70 163 120
70 163 120
70 164 120
70 164 120
70 165 120
70 165 120
70 166 120
70 166 120
70 167 120
70 167 120
70 168 120
70 169 120
70 170 120
70 171 120
70 172 120
70 173 120
70 174 120
32 153 120
31 153 120
30 153 120
29 153 120
28 153 120
27 153 120
26 153 120
25 153 120
24 153 120
23 153 120
22 153 120
21 153 120
20 153 120
19 153 120
18 153 120
17 153 120
16 153 120
15 153 120
15 154 120
15 155 120
15 156 120
15 157 120
15 158 120
15 159 120
15 160 120
15 161 120
15 162 120
15 163 120
15 164 120
15 165 120
15 166 120
15 167 120
15 168 120
15 169 120
15 170 120
15 171 120
15 172 120
15 173 120
15 174 120
15 175 120
15 176 120
32 152 120
32 151 120
32 150 120
32 149 120
32 148 120
32 147 120
32 146 120
32 145 120
32 144 120
32 143 120
32 142 120
32 141 120
32 140 120
32 139 120
32 138 120
32 137 120
32 136 120
32 135 120
32 134 120
32 133 120
32 132 120
32 131 120
32 130 120
32 129 120
32 128 120
32 127 120
32 126 120
32 125 120
32 124 120
32 123 120
32 122 120
32 121 120
32 120 120
32 119 120
32 118 120
32 117 120
31 117 120
30 117 120
29 117 120
28 117 120
27 117 120
26 117 120
25 117 120
24 117 120
23 117 120
22 117 120
21 117 120
20 117 120
19 117 120
18 117 120
17 117 120
16 117 120
15 117 120
14 117 120
14 116 120
14 115 120
14 114 120
14 114 120
14 113 120
14 113 120
14 112 120
14 112 120
14 111 120
14 111 120
14 110 120
14 110 120
14 110 120
14 109 240
14 109 120
14 108 240
14 108 120
14 107 240
14 107 120
14 106 240
14 106 120
14 105 240
14 105 120
14 104 240
14 104 120
14 103 240
14 102 240
14 101 240
14 100 120
14 99 120
14 98 120
14 97 120
14 96 120
82 72 120
81 72 120
80 72 120
79 72 120
78 72 120
77 72 120
76 72 120
75 72 120
74 72 120
73 72 120
73 71 120
73 70 120
73 69 120
73 68 120
73 67 120
73 66 120
73 65 120
73 64 120
73 63 120
73 62 120
73 61 120
73 60 120
73 59 120
73 58 120
73 57 120
73 56 120
73 55 120
73 54 120
73 53 120
73 52 120
73 51 120
73 50 120
73 49 120
73 48 120
73 47 120
73 46 120
73 45 120
73 44 120
73 43 120
73 42 120
73 41 120
73 40 120
73 39 120
73 38 120
73 37 120
73 36 120
73 35 120
73 34 120
73 33 120
73 32 120
73 31 120
73 30 120
73 29 120
73 28 120
73 27 120
73 26 120
73 25 120
73 24 120
73 23 120
73 22 120
73 21 120
73 20 120
73 19 120
73 18 120
73 17 120
73 16 120
73 15 120
73 14 120
73 13 120
73 12 120
73 11 120
73 10 120
73 9 120
73 8 120
73 7 120
73 6 120
73 5 120
73 4 120
73 3 120
73 2 120
193 114 120
192 114 120
191 114 120
190 114 120
189 114 120
188 114 120
187 114 120
186 114 120
185 114 120
184 114 120
183 114 120
182 114 120
181 114 120
180 114 120
179 114 120
178 114 120
177 114 120
176 114 120
175 114 120
174 114 120
173 114 120
172 114 120
171 114 120
170 114 120
169 114 120
168 114 120
167 114 120
166 114 120
165 114 120
164 114 120
163 114 120
163 114 120
162 114 120
162 114 120
161 114 120
161 114 120
161 114 120
161 114 120
160 114 360
160 114 120
160 114 120
160 114 120
159 114 600
159 114 120
159 114 120
159 114 120
158 114 840
158 114 120
158 114 120
158 114 120
157 114 1080
157 114 120
157 114 120
157 114 120
157 114 120
156 114 1440
156 114 120
156 114 120
156 114 120
155 114 1680
155 114 120
155 114 120
155 114 120
154 114 1920
154 114 120
154 114 120
154 114 120
153 114 2160
153 114 120
153 114 120
152 114 2280
152 114 120
152 114 120
151 114 2400
151 114 120
151 114 120
150 114 2520
150 114 120
150 114 120
149 114 2640
149 114 120
149 114 120
149 114 120
148 114 2880
148 114 120
148 114 120
148 114 120
147 114 3120
147 114 120
147 114 120
146 114 3240
146 114 120
146 114 120
146 114 120
145 114 3480
145 114 120
145 114 120
145 114 120
144 114 3720
144 114 120
144 114 120
143 114 3840
143 114 120
143 114 120
142 114 3960
142 114 120
142 114 120
142 114 120
141 114 4200
141 114 120
140 114 4200
140 114 120
140 114 120
139 114 4320
139 114 120
138 114 4320
137 114 4320
136 114 4320
136 113 120
136 113 120
136 113 120
136 113 120
136 113 120
136 113 120
136 113 120
136 113 120
136 113 120
136 113 120
136 113 120
136 113 120
136 113 120
136 113 120
136 113 120
136 113 120
136 113 120
136 113 120
136 113 120
136 113 120
136 113 120
136 113 120
136 113 120
136 113 120
136 113 120
136 113 120
136 113 120
136 113 120
136 113 120
136 113 120
136 113 120
136 113 120
136 113 120
136 113 120
136 113 120
136 113 120
136 113 120
136 112 4320
136 112 120
136 112 120
136 112 120
136 111 4560
136 111 120
136 110 4560
136 110 120
136 109 4560
136 109 120
136 108 4560
136 107 4560
136 106 4560
136 105 120
136 105 120
136 105 120
136 105 120
136 105 120
136 105 120
136 105 120
136 105 120
136 105 120
136 105 120
136 105 120
136 105 120
136 105 120
136 105 120
136 105 120
136 105 120
136 105 120
136 105 120
136 105 120
136 105 120
136 105 120
136 105 120
136 105 120
136 105 120
136 105 120
136 105 120
136 105 120
136 105 120
136 105 120
136 105 120
136 105 120
136 105 120
136 104 3720
136 103 3720
136 102 3720
136 101 120
136 101 120
136 101 120
136 101 120
136 101 120
136 101 120
136 101 120
136 101 120
136 101 120
136 101 120
136 101 120
136 101 120
136 101 120
136 101 120
136 101 120
136 101 120
136 101 120
136 101 120
136 101 120
136 101 120
136 100 2280
136 99 2280
136 98 2280
136 97 120
136 97 120
136 97 120
136 97 120
136 97 120
136 97 120
136 97 120
136 96 720
136 95 720
136 94 720
136 93 120
136 92 120
136 91 120
136 90 120
136 89 120
136 88 120
136 87 120
136 86 120
136 85 120
136 84 120
