71 23 120
72 23 120
73 23 120
74 23 120
75 23 120
76 23 120
77 23 120
78 23 120
79 23 120
80 23 120
81 23 120
82 23 120
83 23 120
84 23 120
85 23 120
86 23 120
87 23 120
88 23 120
89 23 120
90 23 120
91 23 120
92 23 120
93 23 120
94 23 120
95 23 120
96 23 120
97 23 120
98 23 120
99 23 120
100 23 120
101 23 120
102 23 120
102 23 120
103 23 120
103 23 120
104 23 120
104 23 120
104 23 120
105 23 240
105 23 120
106 23 240
106 23 120
106 23 120
107 23 360
107 23 120
107 23 120
108 23 480
108 23 120
108 23 120
108 23 120
109 23 720
109 23 120
109 23 120
109 23 120
110 23 960
110 23 120
110 23 120
110 23 120
111 23 1200
111 23 120
111 23 120
112 23 1320
112 23 120
112 23 120
112 23 120
113 23 1560
113 23 120
113 23 120
114 23 1680
114 23 120
114 23 120
115 23 1800
115 23 120
116 23 1800
116 23 120
117 23 1800
117 23 120
117 23 120
118 23 1920
118 23 120
119 23 1920
119 23 120
120 23 1920
120 23 120
120 24 1920
120 24 120
120 24 120
120 24 120
120 25 2160
120 25 120
120 25 120
120 26 2280
120 26 120
120 26 120
120 27 2400
120 27 120
120 27 120
120 28 2520
120 28 120
120 28 120
120 29 2640
120 29 120
120 30 2640
120 30 120
120 31 2640
120 31 120
120 32 2640
120 33 2640
120 34 2640
120 35 120
120 35 120
120 35 120
120 35 120
120 35 120
120 35 120
120 35 120
120 35 120
120 35 120
120 35 120
120 35 120
120 35 120
120 35 120
120 35 120
120 35 120
120 35 120
120 35 120
120 35 120
120 35 120
120 35 120
120 36 2280
120 36 120
120 37 2280
120 38 2280
120 39 2280
120 40 120
120 40 120
120 40 120
120 40 120
120 40 120
120 40 120
120 40 120
120 40 120
120 40 120
120 40 120
120 40 120
120 40 120
120 40 120
120 40 120
120 40 120
120 40 120
120 40 120
120 40 120
120 41 2040
120 41 120
120 42 2040
120 43 2040
120 44 2040
120 45 120
120 45 120
120 45 120
120 45 120
120 45 120
120 45 120
120 45 120
120 45 120
120 45 120
120 45 120
120 45 120
120 45 120
120 45 120
120 45 120
120 45 120
120 45 120
120 46 1800
120 47 1800
120 48 1800
120 49 120
120 49 120
120 49 120
120 49 120
120 49 120
120 49 120
120 49 120
120 49 120
120 49 120
120 49 120
120 49 120
120 50 1200
120 51 1200
120 52 1200
120 53 120
120 53 120
120 53 120
120 53 120
120 54 360
120 55 360
120 56 360
120 57 120
120 57 120
120 58 120
120 59 120
120 60 120
120 61 120
120 62 120
120 63 120
120 64 120
120 65 120
120 66 120
120 67 120
120 68 120
120 69 120
120 70 120
120 71 120
120 72 120
120 73 120
120 74 120
120 75 120
120 76 120
120 77 120
120 78 120
120 79 120
120 80 120
