43 147 120
44 147 120
45 147 120
46 147 120
47 147 120
48 147 120
49 147 120
50 147 120
51 147 120
52 147 120
53 147 120
54 147 120
55 147 120
56 147 120
57 147 120
58 147 120
59 147 120
60 147 120
60 147 120
61 147 120
61 147 120
61 147 120
62 147 240
62 147 120
63 147 240
63 147 120
64 147 240
64 147 120
65 147 240
65 147 120
66 147 240
66 147 120
67 147 240
67 147 120
68 147 240
68 147 120
68 147 120
69 147 360
69 147 120
69 147 120
70 147 480
70 147 120
70 147 120
71 147 600
71 147 120
71 147 120
72 147 720
72 147 120
73 147 720
73 147 120
74 147 720
75 147 720
76 147 720
77 147 120
77 147 120
77 147 120
78 147 240
79 147 240
80 147 240
81 147 120
82 147 120
83 147 120
84 147 120
85 147 120
86 147 120
87 147 120
88 147 120
89 147 120
90 147 120
91 147 120
92 147 120
93 147 120
94 147 120
95 147 120
96 147 120
97 147 120
98 147 120
99 147 120
100 147 120
101 147 120
102 147 120
103 147 120
104 147 120
105 147 120
106 147 120
107 147 120
108 147 120
109 147 120
110 147 120
111 147 120
112 147 120
113 147 120
113 146 120
113 145 120
113 144 120
113 143 120
113 142 120
113 141 120
113 140 120
113 139 120
113 138 120
113 137 120
113 136 120
113 135 120
113 134 120
113 133 120
113 132 120
113 131 120
113 130 120
113 129 120
56 146 120
56 145 120
56 144 120
56 143 120
56 142 120
56 141 120
56 140 120
56 139 120
56 138 120
56 137 120
56 136 120
56 135 120
56 134 120
56 133 120
56 132 120
56 131 120
56 130 120
56 129 120
56 128 120
56 127 120
56 126 120
56 125 120
56 124 120
56 123 120
56 122 120
56 121 120
56 120 120
56 119 120
56 118 120
56 117 120
56 116 120
56 115 120
56 114 120
93 196 120
94 196 120
95 196 120
96 196 120
97 196 120
98 196 120
99 196 120
100 196 120
101 196 120
102 196 120
103 196 120
104 196 120
105 196 120
106 196 120
107 196 120
108 196 120
109 196 120
110 196 120
111 196 120
112 196 120
113 196 120
113 195 120
113 194 120
113 193 120
113 192 120
113 191 120
113 190 120
113 189 120
113 188 120
113 187 120
113 186 120
113 185 120
113 184 120
113 183 120
113 182 120
113 181 120
113 180 120
113 179 120
113 178 120
113 177 120
113 176 120
113 175 120
113 174 120
113 173 120
113 172 120
113 171 120
113 170 120
113 169 120
113 168 120
113 167 120
113 166 120
113 165 120
113 164 120
113 163 120
113 162 120
113 161 120
113 160 120
113 159 120
113 158 120
113 157 120
113 156 120
113 155 120
113 154 120
113 153 120
113 152 120
113 151 120
113 150 120
113 149 120
113 148 120
114 196 120
115 196 120
116 196 120
117 196 120
118 196 120
119 196 120
120 196 120
121 196 120
122 196 120
123 196 120
124 196 120
125 196 120
126 196 120
127 196 120
128 196 120
129 196 120
130 196 120
131 196 120
132 196 120
133 196 120
134 196 120
135 196 120
136 196 120
137 196 120
138 196 120
139 196 120
140 196 120
141 196 120
142 196 120
143 196 120
144 196 120
145 196 120
146 196 120
147 196 120
148 196 120
149 196 120
150 196 120
151 196 120
152 196 120
153 196 120
154 196 120
155 196 120
156 196 120
157 196 120
158 196 120
159 196 120
160 196 120
161 196 120
162 196 120
162 195 120
162 194 120
162 193 120
162 192 120
162 191 120
162 190 120
162 189 120
161 189 120
160 189 120
159 189 120
158 189 120
157 189 120
156 189 120
155 189 120
154 189 120
153 189 120
152 189 120
151 189 120
150 189 120
149 189 120
148 189 120
147 189 120
146 189 120
145 189 120
144 189 120
143 189 120
142 189 120
141 189 120
141 188 120
141 187 120
141 186 120
141 185 120
141 184 120
141 183 120
141 182 120
141 181 120
141 180 120
141 179 120
141 178 120
141 177 120
141 176 120
141 175 120
141 174 120
141 173 120
141 172 120
141 171 120
141 170 120
141 169 120
141 168 120
141 167 120
141 166 120
141 165 120
141 164 120
141 163 120
