57 92 80
56 92 80
55 92 80
54 92 80
53 92 80
52 92 80
51 92 80
50 92 80
49 92 80
48 92 80
47 92 80
46 92 80
45 92 80
44 92 80
43 92 80
42 92 80
41 92 80
40 92 80
39 92 80
38 92 80
37 92 80
36 92 80
35 92 80
34 92 80
34 92 80
33 92 80
33 92 80
32 92 80
32 92 80
31 92 80
31 92 80
30 92 80
30 92 80
30 92 80
29 92 80
29 92 80
29 92 80
28 92 80
28 92 80
28 92 80
28 92 80
27 92 80
27 92 80
27 92 80
27 92 80
26 92 80
26 92 80
26 92 80
26 92 80
26 92 80
25 92 80
25 92 80
25 92 80
25 92 80
25 92 80
24 92 80
24 92 80
24 92 80
24 92 80
24 92 80
24 92 80
23 92 80
23 92 80
23 92 80
23 92 80
23 92 80
23 92 80
23 92 80
22 92 80
22 92 80
22 92 80
22 92 80
22 92 80
22 92 80
22 92 80
21 92 80
21 92 80
21 92 80
21 92 80
21 92 80
21 92 80
21 92 80
21 92 80
20 92 80
20 92 80
20 92 80
20 92 80
20 92 80
20 92 80
20 92 80
20 92 80
19 92 80
19 92 80
19 92 80
19 92 80
19 92 80
19 92 80
19 92 80
19 92 80
18 92 80
18 92 80
18 92 80
18 92 80
18 92 80
18 92 80
18 92 80
18 92 80
17 92 80
17 92 80
17 92 80
17 92 80
17 92 80
17 92 80
17 92 80
17 92 80
16 92 80
16 92 80
16 92 80
16 92 80
16 92 80
16 92 80
16 92 80
15 92 80
15 92 80
15 92 80
15 92 80
15 92 80
15 92 80
15 92 80
14 92 80
14 92 80
14 92 80
14 92 80
14 92 80
14 92 80
14 92 80
14 91 480
14 90 80
14 90 80
14 90 80
14 90 80
14 90 80
14 90 80
14 89 80
14 89 80
14 89 80
14 89 80
14 89 80
14 89 80
14 88 80
14 88 80
14 88 80
14 88 80
14 88 80
14 87 80
14 87 80
14 87 80
14 87 80
14 87 80
14 86 80
14 86 80
14 86 80
14 86 80
14 86 80
14 85 80
14 85 80
14 85 80
14 85 80
14 84 80
14 84 80
14 84 80
14 84 80
14 83 80
14 83 80
14 83 80
14 83 80
14 82 80
14 82 80
14 82 80
14 82 80
14 81 80
14 81 80
14 81 80
14 81 80
14 80 80
14 80 80
14 80 80
14 80 80
14 79 80
14 79 80
14 79 80
14 79 80
14 78 80
14 78 80
14 78 80
14 77 80
14 77 80
14 77 80
14 76 80
14 76 80
14 76 80
14 76 80
14 75 80
14 75 80
14 75 80
14 75 80
14 74 80
14 74 80
14 74 80
14 74 80
14 73 80
14 73 80
14 73 80
14 73 80
14 73 80
14 72 80
14 72 80
14 72 80
14 72 80
14 72 80
14 71 80
14 71 80
14 71 80
14 71 80
14 71 80
14 71 80
14 70 80
14 70 80
14 70 80
14 70 80
14 70 80
14 70 80
14 70 80
14 70 80
14 69 80
14 69 80
14 69 80
14 69 80
14 69 80
14 69 80
14 69 80
14 69 80
14 69 80
14 68 80
14 68 80
14 68 80
14 68 80
14 68 80
14 68 80
14 68 80
14 68 80
14 68 80
14 68 80
14 68 80
14 67 80
14 67 80
14 67 80
14 67 80
14 67 80
14 67 80
14 67 80
14 67 80
14 67 80
14 67 80
14 67 80
14 67 80
14 67 80
14 66 80
14 66 80
14 66 80
14 66 80
14 66 80
14 66 80
14 66 80
14 66 80
14 66 80
14 66 80
14 66 80
14 66 80
14 66 80
14 66 80
14 66 80
14 65 80
14 65 80
14 65 80
14 65 80
14 65 80
14 65 80
14 65 80
14 65 80
14 65 80
14 65 80
14 65 80
14 65 80
14 65 80
14 65 80
14 65 80
14 65 80
14 65 80
14 64 80
14 64 80
14 64 80
14 64 80
14 64 80
14 64 80
14 64 80
14 64 80
14 64 80
14 64 80
14 64 80
14 64 80
14 64 80
14 64 80
14 64 80
14 64 80
14 64 80
14 64 80
14 64 80
14 64 80
14 63 80
14 63 80
14 63 80
14 63 80
14 63 80
14 63 80
14 63 80
14 63 80
14 63 80
14 63 80
14 63 80
14 63 80
14 63 80
14 63 80
14 63 80
14 63 80
14 63 80
14 63 80
14 63 80
14 63 80
14 63 80
14 63 80
14 62 80
14 62 80
14 62 80
14 62 80
14 62 80
14 62 80
14 62 80
14 62 80
14 62 80
14 62 80
14 62 80
14 62 80
14 62 80
14 62 80
14 62 80
14 62 80
14 62 80
14 62 80
14 62 80
14 62 80
14 62 80
14 62 80
14 62 80
14 62 80
14 62 80
14 61 80
14 61 80
14 61 80
14 61 80
14 61 80
14 61 80
14 61 80
14 61 80
14 61 80
14 61 80
14 61 80
14 61 80
14 61 80
14 61 80
14 61 80
14 61 80
14 61 80
14 61 80
14 61 80
14 61 80
14 61 80
14 61 80
14 61 80
14 61 80
14 61 80
14 61 80
14 61 80
14 60 80
14 60 80
14 60 80
14 60 80
14 60 80
14 60 80
14 60 80
14 60 80
14 60 80
14 60 80
14 60 80
14 60 80
14 60 80
14 60 80
14 60 80
14 60 80
14 60 80
14 60 80
14 60 80
14 60 80
14 60 80
14 60 80
14 60 80
14 60 80
14 60 80
14 60 80
14 60 80
14 60 80
14 60 80
14 59 80
14 59 80
14 59 80
14 59 80
14 59 80
14 59 80
14 59 80
14 59 80
14 59 80
14 59 80
14 59 80
14 59 80
14 59 80
14 59 80
14 59 80
14 59 80
14 59 80
14 59 80
14 59 80
14 59 80
14 59 80
14 59 80
14 59 80
14 59 80
14 59 80
14 59 80
14 59 80
14 59 80
14 59 80
14 59 80
14 59 80
14 58 80
14 58 80
14 58 80
14 58 80
14 58 80
14 58 80
14 58 80
14 58 80
14 58 80
14 58 80
14 58 80
14 58 80
14 58 80
14 58 80
14 58 80
14 58 80
14 58 80
14 58 80
14 58 80
14 58 80
14 58 80
14 58 80
14 58 80
14 58 80
14 58 80
14 58 80
14 58 80
14 58 80
14 58 80
14 58 80
14 58 80
14 58 80
14 57 80
14 57 80
14 57 80
14 57 80
14 57 80
14 57 80
14 57 80
14 57 80
14 57 80
14 57 80
14 57 80
14 57 80
14 57 80
14 57 80
14 57 80
14 57 80
14 57 80
14 57 80
14 57 80
14 57 80
14 57 80
14 57 80
14 57 80
14 57 80
14 57 80
14 57 80
14 57 80
14 57 80
14 57 80
14 57 80
14 57 80
14 57 80
14 57 80
14 56 80
14 56 80
14 56 80
14 56 80
14 56 80
14 56 80
14 56 80
14 56 80
14 56 80
14 56 80
14 56 80
14 56 80
14 56 80
14 56 80
14 56 80
14 56 80
14 56 80
14 56 80
14 56 80
14 56 80
14 56 80
14 56 80
14 56 80
14 56 80
14 56 80
14 56 80
14 56 80
14 56 80
14 56 80
14 56 80
14 56 80
14 56 80
14 56 80
14 56 80
14 55 80
14 55 80
14 55 80
14 55 80
14 55 80
14 55 80
14 55 80
14 55 80
14 55 80
14 55 80
14 55 80
14 55 80
14 55 80
14 55 80
14 55 80
14 55 80
14 55 80
14 55 80
14 55 80
14 55 80
14 55 80
14 55 80
14 55 80
14 55 80
14 55 80
14 55 80
14 55 80
14 55 80
14 55 80
14 55 80
14 55 80
14 55 80
14 55 80
14 55 80
14 55 80
14 54 80
14 54 80
14 54 80
14 54 80
14 54 80
14 54 80
14 54 80
14 54 80
14 54 80
14 54 80
14 54 80
14 54 80
14 54 80
14 54 80
14 54 80
14 54 80
14 54 80
14 54 80
14 54 80
14 54 80
14 54 80
14 54 80
14 54 80
14 54 80
14 54 80
14 54 80
14 54 80
14 54 80
14 54 80
14 54 80
14 54 80
14 54 80
14 54 80
14 54 80
14 54 80
14 54 80
14 53 80
14 53 80
14 53 80
14 53 80
14 53 80
14 53 80
14 53 80
14 53 80
14 53 80
14 53 80
14 53 80
14 53 80
14 53 80
14 53 80
14 53 80
14 53 80
14 53 80
14 53 80
14 53 80
14 53 80
14 53 80
14 53 80
14 53 80
14 53 80
14 53 80
14 53 80
14 53 80
14 53 80
14 53 80
14 53 80
14 53 80
14 53 80
14 53 80
14 53 80
14 53 80
14 53 80
14 52 80
14 52 80
14 52 80
14 52 80
14 52 80
14 52 80
14 52 80
14 52 80
14 52 80
14 52 80
14 52 80
14 52 80
14 52 80
14 52 80
14 52 80
14 52 80
14 52 80
14 52 80
14 52 80
14 52 80
14 52 80
14 52 80
14 52 80
14 52 80
14 52 80
14 52 80
14 52 80
14 52 80
14 52 80
14 52 80
14 52 80
14 52 80
14 52 80
14 52 80
14 52 80
14 52 80
14 52 80
14 51 80
14 51 80
14 51 80
14 51 80
14 51 80
14 51 80
14 51 80
14 51 80
14 51 80
14 51 80
14 51 80
14 51 80
14 51 80
14 51 80
14 51 80
14 51 80
14 51 80
14 51 80
14 51 80
14 51 80
14 51 80
14 51 80
14 51 80
14 51 80
14 51 80
14 51 80
14 51 80
14 51 80
14 51 80
14 51 80
14 51 80
14 51 80
14 51 80
14 51 80
14 51 80
14 51 80
14 51 80
14 51 80
14 50 80
14 50 80
14 50 80
14 50 80
14 50 80
14 50 80
14 50 80
14 50 80
14 50 80
14 50 80
14 50 80
14 50 80
14 50 80
14 50 80
14 50 80
14 50 80
14 50 80
14 50 80
14 50 80
14 50 80
14 50 80
14 50 80
14 50 80
14 50 80
14 50 80
14 50 80
14 50 80
14 50 80
14 50 80
14 50 80
14 50 80
14 50 80
14 50 80
14 50 80
14 50 80
14 50 80
14 50 80
14 50 80
14 50 80
14 49 80
14 49 80
14 49 80
14 49 80
14 49 80
14 49 80
14 49 80
14 49 80
14 49 80
14 49 80
14 49 80
14 49 80
14 49 80
14 49 80
14 49 80
14 49 80
14 49 80
14 49 80
14 49 80
14 49 80
14 49 80
14 49 80
14 49 80
14 49 80
14 49 80
14 49 80
14 49 80
14 49 80
14 49 80
14 49 80
14 49 80
14 49 80
14 49 80
14 49 80
14 49 80
14 49 80
14 49 80
14 49 80
14 49 80
14 49 80
14 48 80
14 48 80
14 48 80
14 48 80
14 48 80
14 48 80
14 48 80
14 48 80
14 48 80
14 48 80
14 48 80
14 48 80
14 48 80
14 48 80
14 48 80
14 48 80
14 48 80
14 48 80
14 48 80
14 48 80
14 48 80
14 48 80
14 48 80
14 48 80
14 48 80
14 48 80
14 48 80
14 48 80
14 48 80
14 48 80
14 48 80
14 48 80
14 48 80
14 48 80
14 48 80
14 48 80
14 48 80
14 48 80
14 48 80
14 48 80
14 48 80
14 47 80
14 47 80
14 47 80
14 47 80
14 47 80
14 47 80
14 47 80
14 47 80
14 47 80
14 47 80
14 47 80
14 47 80
14 47 80
14 47 80
14 47 80
14 47 80
14 47 80
14 47 80
14 47 80
14 47 80
14 47 80
14 47 80
14 47 80
14 47 80
14 47 80
14 47 80
14 47 80
14 47 80
14 47 80
14 47 80
14 47 80
14 47 80
14 47 80
14 47 80
14 47 80
14 47 80
14 47 80
14 47 80
14 47 80
14 47 80
14 47 80
14 47 80
14 46 80
14 46 80
14 46 80
14 46 80
14 46 80
14 46 80
14 46 80
14 46 80
14 46 80
14 46 80
14 46 80
14 46 80
14 46 80
14 46 80
14 46 80
14 46 80
14 46 80
14 46 80
14 46 80
14 46 80
14 46 80
14 46 80
14 46 80
14 46 80
14 46 80
14 46 80
14 46 80
14 46 80
14 46 80
14 46 80
14 46 80
14 46 80
14 46 80
14 46 80
14 46 80
14 46 80
14 46 80
14 46 80
14 46 80
14 46 80
14 46 80
14 46 80
14 46 80
14 45 80
14 45 80
14 45 80
14 45 80
14 45 80
14 45 80
14 45 80
14 45 80
14 45 80
14 45 80
14 45 80
14 45 80
14 45 80
14 45 80
14 45 80
14 45 80
14 45 80
14 45 80
14 45 80
14 45 80
14 45 80
14 45 80
14 45 80
14 45 80
14 45 80
14 45 80
14 45 80
14 45 80
14 45 80
14 45 80
14 45 80
14 45 80
14 45 80
14 45 80
14 45 80
14 45 80
14 45 80
14 45 80
14 45 80
14 45 80
14 45 80
14 45 80
14 45 80
14 45 80
14 44 80
14 44 80
14 44 80
14 44 80
14 44 80
14 44 80
14 44 80
14 44 80
14 44 80
14 44 80
14 44 80
14 44 80
14 44 80
14 44 80
14 44 80
14 44 80
14 44 80
14 44 80
14 44 80
14 44 80
14 44 80
14 44 80
14 44 80
14 44 80
14 44 80
14 44 80
14 44 80
14 44 80
14 44 80
14 44 80
14 44 80
14 44 80
14 44 80
14 44 80
14 44 80
14 44 80
14 44 80
14 44 80
14 44 80
14 44 80
14 44 80
14 44 80
14 44 80
14 44 80
14 44 80
14 43 80
14 43 80
14 43 80
14 43 80
14 43 80
14 43 80
14 43 80
14 43 80
14 43 80
14 43 80
14 43 80
14 43 80
14 43 80
14 43 80
14 43 80
14 43 80
14 43 80
14 43 80
14 43 80
14 43 80
14 43 80
14 43 80
14 43 80
14 43 80
14 43 80
14 43 80
14 43 80
14 43 80
14 43 80
14 43 80
14 43 80
14 43 80
14 43 80
14 43 80
14 43 80
14 43 80
14 43 80
14 43 80
14 43 80
14 43 80
14 43 80
14 43 80
14 43 80
14 43 80
14 43 80
14 43 80
14 42 80
14 42 80
14 42 80
14 42 80
14 42 80
14 42 80
14 42 80
14 42 80
14 42 80
14 42 80
14 42 80
14 42 80
14 42 80
14 42 80
14 42 80
14 42 80
14 42 80
14 42 80
14 42 80
14 42 80
14 42 80
14 42 80
14 42 80
14 42 80
14 42 80
14 42 80
14 42 80
14 42 80
14 42 80
14 42 80
14 42 80
14 42 80
14 42 80
14 42 80
14 42 80
14 42 80
14 42 80
14 42 80
14 42 80
14 42 80
14 42 80
14 42 80
14 42 80
14 42 80
14 42 80
14 42 80
14 41 80
14 41 80
14 41 80
14 41 80
14 41 80
14 41 80
14 41 80
14 41 80
14 41 80
14 41 80
14 41 80
14 41 80
14 41 80
14 41 80
14 41 80
14 41 80
14 41 80
14 41 80
14 41 80
14 41 80
14 41 80
14 41 80
14 41 80
14 41 80
14 41 80
14 41 80
14 41 80
14 41 80
14 41 80
14 41 80
14 41 80
14 41 80
14 41 80
14 41 80
14 41 80
14 41 80
14 41 80
14 41 80
14 41 80
14 41 80
14 41 80
14 41 80
14 41 80
14 41 80
14 41 80
14 41 80
14 41 80
14 40 80
14 40 80
14 40 80
14 40 80
14 40 80
14 40 80
14 40 80
14 40 80
14 40 80
14 40 80
14 40 80
14 40 80
14 40 80
14 40 80
14 40 80
14 40 80
14 40 80
14 40 80
14 40 80
14 40 80
14 40 80
14 40 80
14 40 80
14 40 80
14 40 80
14 40 80
14 40 80
14 40 80
14 40 80
14 40 80
14 40 80
14 40 80
14 40 80
14 40 80
14 40 80
14 40 80
14 40 80
14 40 80
14 40 80
14 40 80
14 40 80
14 40 80
14 40 80
14 40 80
14 40 80
14 40 80
14 39 80
14 39 80
14 39 80
14 39 80
14 39 80
14 39 80
14 39 80
14 39 80
14 39 80
14 39 80
14 39 80
14 39 80
14 39 80
14 39 80
14 39 80
14 39 80
14 39 80
14 39 80
14 39 80
14 39 80
14 39 80
14 39 80
14 39 80
14 39 80
14 39 80
14 39 80
14 39 80
14 39 80
14 39 80
14 39 80
14 39 80
14 39 80
14 39 80
14 39 80
14 39 80
14 39 80
14 39 80
14 39 80
14 39 80
14 39 80
14 39 80
14 39 80
14 39 80
14 39 80
14 39 80
14 39 80
14 38 80
14 38 80
14 38 80
14 38 80
14 38 80
14 38 80
14 38 80
14 38 80
14 38 80
14 38 80
14 38 80
14 38 80
14 38 80
14 38 80
14 38 80
14 38 80
14 38 80
14 38 80
14 38 80
14 38 80
14 38 80
14 38 80
14 38 80
14 38 80
14 38 80
14 38 80
14 38 80
14 38 80
14 38 80
14 38 80
14 38 80
14 38 80
14 38 80
14 38 80
14 38 80
14 38 80
14 38 80
14 38 80
14 38 80
14 38 80
14 38 80
14 38 80
14 38 80
14 38 80
14 38 80
14 37 80
14 37 80
14 37 80
14 37 80
14 37 80
14 37 80
14 37 80
14 37 80
14 37 80
14 37 80
14 37 80
14 37 80
14 37 80
14 37 80
14 37 80
14 37 80
14 37 80
14 37 80
14 37 80
14 37 80
14 37 80
14 37 80
14 37 80
14 37 80
14 37 80
14 37 80
14 37 80
14 37 80
14 37 80
14 37 80
14 37 80
14 37 80
14 37 80
14 37 80
14 37 80
14 37 80
14 37 80
14 37 80
14 37 80
14 37 80
14 37 80
14 37 80
14 37 80
14 36 80
14 36 80
14 36 80
14 36 80
14 36 80
14 36 80
14 36 80
14 36 80
14 36 80
14 36 80
14 36 80
14 36 80
14 36 80
14 36 80
14 36 80
14 36 80
14 36 80
14 36 80
14 36 80
14 36 80
14 36 80
14 36 80
14 36 80
14 36 80
14 36 80
14 36 80
14 36 80
14 36 80
14 36 80
14 36 80
14 36 80
14 36 80
14 36 80
14 36 80
14 36 80
14 36 80
14 36 80
14 36 80
14 36 80
14 36 80
14 36 80
14 35 80
14 35 80
14 35 80
14 35 80
14 35 80
14 35 80
14 35 80
14 35 80
14 35 80
14 35 80
14 35 80
14 35 80
14 35 80
14 35 80
14 35 80
14 35 80
14 35 80
14 35 80
14 35 80
14 35 80
14 35 80
14 35 80
14 35 80
14 35 80
14 35 80
14 35 80
14 35 80
14 35 80
14 35 80
14 35 80
14 35 80
14 35 80
14 35 80
14 35 80
14 35 80
14 35 80
14 35 80
14 35 80
14 34 80
14 34 80
14 34 80
14 34 80
14 34 80
14 34 80
14 34 80
14 34 80
14 34 80
14 34 80
14 34 80
14 34 80
14 34 80
14 34 80
14 34 80
14 34 80
14 34 80
14 34 80
14 34 80
14 34 80
14 34 80
14 34 80
14 34 80
14 34 80
14 34 80
14 34 80
14 34 80
14 34 80
14 34 80
14 34 80
14 34 80
14 34 80
14 34 80
14 34 80
14 34 80
14 33 80
14 33 80
14 33 80
14 33 80
14 33 80
14 33 80
14 33 80
14 33 80
14 33 80
14 33 80
14 33 80
14 33 80
14 33 80
14 33 80
14 33 80
14 33 80
14 33 80
14 33 80
14 33 80
14 33 80
14 33 80
14 33 80
14 33 80
14 33 80
14 33 80
14 33 80
14 33 80
14 33 80
14 33 80
14 33 80
14 33 80
14 32 80
14 32 80
14 32 80
14 32 80
14 32 80
14 32 80
14 32 80
14 32 80
14 32 80
14 32 80
14 32 80
14 32 80
14 32 80
14 32 80
14 32 80
14 32 80
14 32 80
14 32 80
14 32 80
14 32 80
14 32 80
14 32 80
14 32 80
14 32 80
14 32 80
14 32 80
14 32 80
14 31 80
14 31 80
14 31 80
14 31 80
14 31 80
14 31 80
14 31 80
14 31 80
14 31 80
14 31 80
14 31 80
14 31 80
14 31 80
14 31 80
14 31 80
14 31 80
14 31 80
14 31 80
14 31 80
14 31 80
14 31 80
14 31 80
14 31 80
14 30 80
14 30 80
14 30 80
14 30 80
14 30 80
14 30 80
14 30 80
14 30 80
14 30 80
14 30 80
14 30 80
14 30 80
14 30 80
14 30 80
14 30 80
14 30 80
14 30 80
14 30 80
14 30 80
14 29 80
14 29 80
14 29 80
14 29 80
14 29 80
14 29 80
14 29 80
14 29 80
14 29 80
14 29 80
14 29 80
14 29 80
14 29 80
14 29 80
14 29 80
14 29 80
14 28 80
14 28 80
14 28 80
14 28 80
14 28 80
14 28 80
14 28 80
14 28 80
14 28 80
14 28 80
14 28 80
14 28 80
14 28 80
14 27 80
14 27 80
14 27 80
14 27 80
14 27 80
14 27 80
14 27 80
14 27 80
14 27 80
14 27 80
14 26 80
14 26 80
14 26 80
14 26 80
14 26 80
14 26 80
14 26 80
14 26 80
14 25 80
14 25 80
14 25 80
14 25 80
14 25 80
14 25 80
14 24 80
14 24 80
14 24 80
14 24 80
14 24 80
14 23 80
14 23 80
14 23 80
14 22 80
14 22 80
14 22 80
14 21 80
14 21 80
14 20 80
14 20 80
14 19 80
13 92 80
13 92 80
13 92 80
13 92 80
13 92 80
13 92 80
12 92 80
12 92 80
12 92 80
12 92 80
12 92 80
12 92 80
11 92 80
11 92 80
11 92 80
11 92 80
11 92 80
10 92 80
10 92 80
10 92 80
10 92 80
9 92 80
9 92 80
9 92 80
9 92 80
8 92 80
8 92 80
8 92 80
7 92 80
7 92 80
7 92 80
6 92 80
6 92 80
5 92 80
5 92 80
4 92 80
4 93 80
4 93 80
4 94 80
4 94 80
4 95 80
4 95 80
4 96 80
4 96 80
4 97 80
4 97 80
4 98 80
4 98 80
4 99 80
4 99 80
4 99 80
4 100 80
4 100 80
4 100 80
4 101 80
4 101 80
4 101 80
4 102 80
4 102 80
4 102 80
4 103 80
4 103 80
4 103 80
4 104 80
4 104 80
4 104 80
4 105 80
4 105 80
4 105 80
4 106 80
4 106 80
4 106 80
4 107 80
4 107 80
4 107 80
4 108 80
4 108 80
4 109 80
4 109 80
4 110 80
4 110 80
4 111 80
4 111 80
4 112 80
4 112 80
4 113 80
4 113 80
4 114 80
4 115 80
4 116 80
4 117 80
4 118 80
4 119 80
4 120 80
4 121 80
4 122 80
4 123 80
4 124 80
4 125 80
4 126 80
4 127 80
4 128 80
4 129 80
4 130 80
4 131 80
4 132 80
4 133 80
4 134 80
5 134 80
6 134 80
7 134 80
8 134 80
9 134 80
10 134 80
11 134 80
12 134 80
13 134 80
14 134 80
15 134 80
16 134 80
17 134 80
18 134 80
19 134 80
20 134 80
21 134 80
22 134 80
22 134 80
23 134 80
23 134 80
24 134 80
24 134 80
25 134 80
25 134 80
26 134 80
26 134 80
26 134 80
27 134 80
27 134 80
27 134 80
28 134 80
28 134 80
28 134 80
28 134 80
29 134 80
29 134 80
29 134 80
29 134 80
30 134 80
30 134 80
30 134 80
30 134 80
30 134 80
31 134 80
31 134 80
31 134 80
31 134 80
31 134 80
32 134 80
32 134 80
32 134 80
32 134 80
32 134 80
33 134 80
33 134 80
33 134 80
33 134 80
33 134 80
34 134 80
34 134 80
34 134 80
34 134 80
34 134 80
35 134 80
35 134 80
35 134 80
35 134 80
35 134 80
36 134 80
36 134 80
36 134 80
36 134 80
36 134 80
37 134 80
37 134 80
37 134 80
37 134 80
37 134 80
38 134 80
38 134 80
38 134 80
38 134 80
38 134 80
38 134 80
39 134 80
39 134 80
39 134 80
39 134 80
39 134 80
39 134 80
40 134 80
40 134 80
40 134 80
40 134 80
40 134 80
40 134 80
41 134 80
41 134 80
41 134 80
41 134 80
41 134 80
41 134 80
42 134 80
42 134 80
42 134 80
42 134 80
42 134 80
42 134 80
43 134 80
43 134 80
43 134 80
43 134 80
43 134 80
43 134 80
44 134 80
44 134 80
44 134 80
44 134 80
44 134 80
44 134 80
44 134 80
45 134 80
45 134 80
45 134 80
45 134 80
45 134 80
45 134 80
45 134 80
46 134 80
46 134 80
46 134 80
46 134 80
46 134 80
46 134 80
46 134 80
47 134 80
47 134 80
47 134 80
47 134 80
47 134 80
47 134 80
48 134 80
48 134 80
48 134 80
48 134 80
48 134 80
48 134 80
48 135 400
48 135 80
48 135 80
48 136 80
48 136 80
48 136 80
48 136 80
48 136 80
48 136 80
48 136 80
48 137 80
48 137 80
48 137 80
48 137 80
48 137 80
48 137 80
48 137 80
48 138 80
48 138 80
48 138 80
48 138 80
48 138 80
48 138 80
48 138 80
48 138 80
48 139 80
48 139 80
48 139 80
48 139 80
48 139 80
48 139 80
48 139 80
48 139 80
48 140 80
48 140 80
48 140 80
48 140 80
48 140 80
48 140 80
48 140 80
48 140 80
48 141 80
48 141 80
48 141 80
48 141 80
48 141 80
48 141 80
48 141 80
48 141 80
48 142 80
48 142 80
48 142 80
48 142 80
48 142 80
48 142 80
48 142 80
48 142 80
48 143 80
48 143 80
48 143 80
48 143 80
48 143 80
48 143 80
48 143 80
48 143 80
48 144 80
48 144 80
48 144 80
48 144 80
48 144 80
48 144 80
48 144 80
48 144 80
48 145 80
48 145 80
48 145 80
48 145 80
48 145 80
48 145 80
48 145 80
48 145 80
48 146 80
48 146 80
48 146 80
48 146 80
48 146 80
48 146 80
48 146 80
48 147 80
48 147 80
48 147 80
48 147 80
48 147 80
48 147 80
48 147 80
48 148 80
48 148 80
48 148 80
48 148 80
48 148 80
48 148 80
48 149 80
48 149 80
48 149 80
48 149 80
48 149 80
48 149 80
48 150 80
48 150 80
48 150 80
48 150 80
48 150 80
48 150 80
48 151 80
48 151 80
48 151 80
48 151 80
48 151 80
48 152 80
48 152 80
48 152 80
48 152 80
48 152 80
48 153 80
48 153 80
48 153 80
48 153 80
48 153 80
48 154 80
48 154 80
48 154 80
48 154 80
48 154 80
48 155 80
48 155 80
48 155 80
48 155 80
48 155 80
48 156 80
48 156 80
48 156 80
48 156 80
48 156 80
48 157 80
48 157 80
48 157 80
48 157 80
48 157 80
48 158 80
48 158 80
48 158 80
48 158 80
48 158 80
48 159 80
48 159 80
48 159 80
48 159 80
48 159 80
48 160 80
48 160 80
48 160 80
48 160 80
48 160 80
48 161 80
48 161 80
48 161 80
48 161 80
48 161 80
48 162 80
48 162 80
48 162 80
48 162 80
48 162 80
48 163 80
48 163 80
48 163 80
48 163 80
48 164 80
48 164 80
48 164 80
48 164 80
48 165 80
48 165 80
48 165 80
48 165 80
48 166 80
48 166 80
48 166 80
48 167 80
48 167 80
48 167 80
48 168 80
48 168 80
48 169 80
48 169 80
48 170 80
48 170 80
48 171 80
48 172 80
48 173 80
48 174 80
48 175 80
48 176 80
48 177 80
48 178 80
48 179 80
48 180 80
48 181 80
48 182 80
48 183 80
48 184 80
48 185 80
48 186 80
48 187 80
48 188 80
48 189 80
48 190 80
48 191 80
48 192 80
48 193 80
48 194 80
48 195 80
48 196 80
48 197 80
48 198 80
48 199 80
152 161 80
152 161 80
152 161 80
153 161 80
153 161 80
153 161 80
154 161 80
154 161 80
154 161 80
154 161 80
155 161 80
155 161 80
155 161 80
155 161 80
156 161 80
156 161 80
156 161 80
156 161 80
157 161 80
157 161 80
157 161 80
157 161 80
157 161 80
158 161 80
158 161 80
158 161 80
158 161 80
158 161 80
158 161 80
159 161 80
159 161 80
159 161 80
159 161 80
159 161 80
159 161 80
160 161 80
160 161 80
160 161 80
160 161 80
160 161 80
160 161 80
160 161 80
161 161 80
161 161 80
161 161 80
161 161 80
161 161 80
161 161 80
161 161 80
161 161 80
161 161 80
162 161 80
162 161 80
162 161 80
162 161 80
162 161 80
162 161 80
162 161 80
162 161 80
162 161 80
162 161 80
163 161 80
163 161 80
163 161 80
163 161 80
163 161 80
163 161 80
163 161 80
163 161 80
163 161 80
163 161 80
163 161 80
163 161 80
164 161 80
164 161 80
164 161 80
164 161 80
164 161 80
164 161 80
164 161 80
164 161 80
164 161 80
164 161 80
164 161 80
164 161 80
164 161 80
164 161 80
165 161 80
165 161 80
165 161 80
165 161 80
165 161 80
165 161 80
165 161 80
165 161 80
165 161 80
165 161 80
165 161 80
165 161 80
165 161 80
165 161 80
165 161 80
165 161 80
166 161 80
166 161 80
166 161 80
166 161 80
166 161 80
166 161 80
166 161 80
166 161 80
166 161 80
166 161 80
166 161 80
166 161 80
166 161 80
166 161 80
166 161 80
166 161 80
166 161 80
166 161 80
167 161 80
167 161 80
167 161 80
167 161 80
167 161 80
167 161 80
167 161 80
167 161 80
167 161 80
167 161 80
167 161 80
167 161 80
167 161 80
167 161 80
167 161 80
167 161 80
167 161 80
167 161 80
167 161 80
167 161 80
168 161 80
168 161 80
168 161 80
168 161 80
168 161 80
168 161 80
168 161 80
168 161 80
168 161 80
168 161 80
168 161 80
168 161 80
168 161 80
168 161 80
168 161 80
168 161 80
168 161 80
168 161 80
168 161 80
168 161 80
168 161 80
168 161 80
169 161 80
169 161 80
169 161 80
169 161 80
169 161 80
169 161 80
169 161 80
169 161 80
169 161 80
169 161 80
169 161 80
169 161 80
169 161 80
169 161 80
169 161 80
169 161 80
169 161 80
169 161 80
169 161 80
169 161 80
169 161 80
169 161 80
169 161 80
169 161 80
170 161 80
170 161 80
170 161 80
170 161 80
170 161 80
170 161 80
170 161 80
170 161 80
170 161 80
170 161 80
170 161 80
170 161 80
170 161 80
170 161 80
170 161 80
170 161 80
170 161 80
170 161 80
170 161 80
170 161 80
170 161 80
170 161 80
170 161 80
170 161 80
170 161 80
170 161 80
171 161 80
171 161 80
171 161 80
171 161 80
171 161 80
171 161 80
171 161 80
171 161 80
171 161 80
171 161 80
171 161 80
171 161 80
171 161 80
171 161 80
171 161 80
171 161 80
171 161 80
171 161 80
171 161 80
171 161 80
171 161 80
171 161 80
171 161 80
171 161 80
171 161 80
171 161 80
171 161 80
172 161 80
172 161 80
172 161 80
172 161 80
172 161 80
172 161 80
172 161 80
172 161 80
172 161 80
172 161 80
172 161 80
172 161 80
172 161 80
172 161 80
172 161 80
172 161 80
172 161 80
172 161 80
172 161 80
172 161 80
172 161 80
172 161 80
172 161 80
172 161 80
172 161 80
172 161 80
172 161 80
172 161 80
173 161 80
173 161 80
173 161 80
173 161 80
173 161 80
173 161 80
173 161 80
173 161 80
173 161 80
173 161 80
173 161 80
173 161 80
173 161 80
173 161 80
173 161 80
173 161 80
173 161 80
173 161 80
173 161 80
173 161 80
173 161 80
173 161 80
173 161 80
173 161 80
173 161 80
173 161 80
173 161 80
173 161 80
174 161 80
174 161 80
174 161 80
174 161 80
174 161 80
174 161 80
174 161 80
174 161 80
174 161 80
174 161 80
174 161 80
174 161 80
174 161 80
174 161 80
174 161 80
174 161 80
174 161 80
174 161 80
174 161 80
174 161 80
174 161 80
174 161 80
174 161 80
174 161 80
174 161 80
174 161 80
174 161 80
174 161 80
175 161 80
175 161 80
175 161 80
175 161 80
175 161 80
175 161 80
175 161 80
175 161 80
175 161 80
175 161 80
175 161 80
175 161 80
175 161 80
175 161 80
175 161 80
175 161 80
175 161 80
175 161 80
175 161 80
175 161 80
175 161 80
175 161 80
175 161 80
175 161 80
175 161 80
175 161 80
175 161 80
176 161 80
176 161 80
176 161 80
176 161 80
176 161 80
176 161 80
176 161 80
176 161 80
176 161 80
176 161 80
176 161 80
176 161 80
176 161 80
176 161 80
176 161 80
176 161 80
176 161 80
176 161 80
176 161 80
176 161 80
176 161 80
176 161 80
176 161 80
176 161 80
176 161 80
177 161 80
177 161 80
177 161 80
177 161 80
177 161 80
177 161 80
177 161 80
177 161 80
177 161 80
177 161 80
177 161 80
177 161 80
177 161 80
177 161 80
177 161 80
177 161 80
177 161 80
177 161 80
177 161 80
177 161 80
177 161 80
177 161 80
177 161 80
177 161 80
178 161 80
178 161 80
178 161 80
178 161 80
178 161 80
178 161 80
178 161 80
178 161 80
178 161 80
178 161 80
178 161 80
178 161 80
178 161 80
178 161 80
178 161 80
178 161 80
178 161 80
178 161 80
178 161 80
178 161 80
178 161 80
178 161 80
179 161 80
179 161 80
179 161 80
179 161 80
179 161 80
179 161 80
179 161 80
179 161 80
179 161 80
179 161 80
179 161 80
179 161 80
179 161 80
179 161 80
179 161 80
179 161 80
179 161 80
179 161 80
179 161 80
179 161 80
180 161 80
180 161 80
180 161 80
180 161 80
180 161 80
180 161 80
180 161 80
180 161 80
180 161 80
180 161 80
180 161 80
180 161 80
180 161 80
180 161 80
180 161 80
180 161 80
180 161 80
181 161 80
181 161 80
181 161 80
181 161 80
181 161 80
181 161 80
181 161 80
181 161 80
181 161 80
181 161 80
181 161 80
181 161 80
181 161 80
181 161 80
181 161 80
182 161 80
182 161 80
182 161 80
182 161 80
182 161 80
182 161 80
182 161 80
182 161 80
182 161 80
182 161 80
182 161 80
182 161 80
182 161 80
183 161 80
183 161 80
183 161 80
183 161 80
183 161 80
183 161 80
183 161 80
183 161 80
183 161 80
183 161 80
183 161 80
183 161 80
184 161 80
184 161 80
184 161 80
184 161 80
184 161 80
184 161 80
184 161 80
184 161 80
184 161 80
184 161 80
185 161 80
185 161 80
185 161 80
185 161 80
185 161 80
185 161 80
185 161 80
185 161 80
185 161 80
186 161 80
186 161 80
186 161 80
186 161 80
186 161 80
186 161 80
186 161 80
186 161 80
187 161 80
187 161 80
187 161 80
187 161 80
187 161 80
187 161 80
187 161 80
188 161 80
188 161 80
188 161 80
188 161 80
188 161 80
188 161 80
189 161 80
189 161 80
189 161 80
189 161 80
189 161 80
190 161 80
190 161 80
190 161 80
190 161 80
190 161 80
191 161 80
191 161 80
191 161 80
191 161 80
192 161 80
192 161 80
192 161 80
192 161 80
193 161 80
193 161 80
193 161 80
194 161 80
194 161 80
194 161 80
195 161 80
195 161 80
195 160 80
195 160 80
195 160 80
195 159 80
195 159 80
195 159 80
195 158 80
195 158 80
195 158 80
195 158 80
195 157 80
195 157 80
195 157 80
195 157 80
195 156 80
195 156 80
195 156 80
195 156 80
195 156 80
195 155 80
195 155 80
195 155 80
195 155 80
195 155 80
195 155 80
195 154 80
195 154 80
195 154 80
195 154 80
195 154 80
195 154 80
195 153 80
195 153 80
195 153 80
195 153 80
195 153 80
195 153 80
195 153 80
195 152 80
195 152 80
195 152 80
195 152 80
195 152 80
195 152 80
195 152 80
195 152 80
195 152 80
195 151 80
195 151 80
195 151 80
195 151 80
195 151 80
195 151 80
195 151 80
195 151 80
195 151 80
195 151 80
195 150 80
195 150 80
195 150 80
195 150 80
195 150 80
195 150 80
195 150 80
195 150 80
195 150 80
195 150 80
195 150 80
195 149 80
195 149 80
195 149 80
195 149 80
195 149 80
195 149 80
195 149 80
195 149 80
195 149 80
195 149 80
195 149 80
195 149 80
195 148 80
195 148 80
195 148 80
195 148 80
195 148 80
195 148 80
195 148 80
195 148 80
195 148 80
195 148 80
195 148 80
195 148 80
195 148 80
195 147 80
195 147 80
195 147 80
195 147 80
195 147 80
195 147 80
195 147 80
195 147 80
195 147 80
195 147 80
195 147 80
195 147 80
195 147 80
195 146 80
195 146 80
195 146 80
195 146 80
195 146 80
195 146 80
195 146 80
195 146 80
195 146 80
195 146 80
195 146 80
195 146 80
195 146 80
195 145 80
195 145 80
195 145 80
195 145 80
195 145 80
195 145 80
195 145 80
195 145 80
195 145 80
195 145 80
195 145 80
195 145 80
195 145 80
195 144 80
195 144 80
195 144 80
195 144 80
195 144 80
195 144 80
195 144 80
195 144 80
195 144 80
195 144 80
195 144 80
195 144 80
195 144 80
195 143 80
195 143 80
195 143 80
195 143 80
195 143 80
195 143 80
195 143 80
195 143 80
195 143 80
195 143 80
195 143 80
195 143 80
195 142 80
195 142 80
195 142 80
195 142 80
195 142 80
195 142 80
195 142 80
195 142 80
195 142 80
195 142 80
195 142 80
195 141 80
195 141 80
195 141 80
195 141 80
195 141 80
195 141 80
195 141 80
195 141 80
195 141 80
195 141 80
195 141 80
195 140 80
195 140 80
195 140 80
195 140 80
195 140 80
195 140 80
195 140 80
195 140 80
195 140 80
195 140 80
195 139 80
195 139 80
195 139 80
195 139 80
195 139 80
195 139 80
195 139 80
195 139 80
195 139 80
195 139 80
195 138 80
195 138 80
195 138 80
195 138 80
195 138 80
195 138 80
195 138 80
195 138 80
195 138 80
195 138 80
195 137 80
195 137 80
195 137 80
195 137 80
195 137 80
195 137 80
195 137 80
195 137 80
195 137 80
195 136 80
195 136 80
195 136 80
195 136 80
195 136 80
195 136 80
195 136 80
195 136 80
195 135 80
195 135 80
195 135 80
195 135 80
195 135 80
195 135 80
195 135 80
195 135 80
195 134 80
195 134 80
195 134 80
195 134 80
195 134 80
195 134 80
195 134 80
195 133 80
195 133 80
195 133 80
195 133 80
195 133 80
195 133 80
195 132 80
195 132 80
195 132 80
195 132 80
195 132 80
195 131 80
195 131 80
195 131 80
195 131 80
195 131 80
195 130 80
195 130 80
195 130 80
195 130 80
195 129 80
195 129 80
195 129 80
195 129 80
195 128 80
195 128 80
195 128 80
195 128 80
195 127 80
195 127 80
195 127 80
195 127 80
195 126 80
195 126 80
195 126 80
195 126 80
195 125 80
195 125 80
195 125 80
195 125 80
195 124 80
195 124 80
195 124 80
195 123 80
195 123 80
195 123 80
195 122 80
195 122 80
195 122 80
195 121 80
195 121 80
195 121 80
195 120 80
195 120 80
195 120 80
195 119 80
195 119 80
195 119 80
195 118 80
195 118 80
195 118 80
195 117 80
195 117 80
195 117 80
195 116 80
195 116 80
195 116 80
195 115 80
195 115 80
195 114 80
195 114 80
195 113 80
195 113 80
195 112 80
195 112 80
195 111 80
195 111 80
195 110 80
195 110 80
195 109 80
195 109 80
195 108 80
195 107 80
195 106 80
195 105 80
195 104 80
195 103 80
195 102 80
195 101 80
195 100 80
195 99 80
195 98 80
195 97 80
195 96 80
195 95 80
195 94 80
195 93 80
195 92 80
195 91 80
195 90 80
195 89 80
127 57 80
127 57 80
127 57 80
127 57 80
127 57 80
127 57 80
127 57 80
127 57 80
127 57 80
127 57 80
127 57 80
127 57 80
127 57 80
127 57 80
128 57 80
128 57 80
128 57 80
128 57 80
128 57 80
128 57 80
128 57 80
128 57 80
128 57 80
128 57 80
128 57 80
128 57 80
128 57 80
129 57 80
129 57 80
129 57 80
129 57 80
129 57 80
129 57 80
129 57 80
129 57 80
129 57 80
129 57 80
129 57 80
130 57 80
130 57 80
130 57 80
130 57 80
130 57 80
130 57 80
130 57 80
130 57 80
130 57 80
130 57 80
131 57 80
131 57 80
131 57 80
131 57 80
131 57 80
131 57 80
131 57 80
131 57 80
131 57 80
132 57 80
132 57 80
132 57 80
132 57 80
132 57 80
132 57 80
132 57 80
132 57 80
132 57 80
133 57 80
133 57 80
133 57 80
133 57 80
133 57 80
133 57 80
133 57 80
133 57 80
134 57 80
134 57 80
134 57 80
134 57 80
134 57 80
134 57 80
134 57 80
135 57 80
135 57 80
135 57 80
135 57 80
135 57 80
135 57 80
135 57 80
136 57 80
136 57 80
136 57 80
136 57 80
136 57 80
136 57 80
137 57 80
137 57 80
137 57 80
137 57 80
137 57 80
137 57 80
138 57 80
138 57 80
138 57 80
138 57 80
138 57 80
139 57 80
139 57 80
139 57 80
139 57 80
139 57 80
140 57 80
140 57 80
140 57 80
140 57 80
141 57 80
141 57 80
141 57 80
141 57 80
142 57 80
142 57 80
142 57 80
143 57 80
143 57 80
143 57 80
144 57 80
144 57 80
144 57 80
145 57 80
145 57 80
146 57 80
146 57 80
147 57 80
147 57 80
148 57 80
148 57 80
149 57 80
149 57 80
150 57 80
150 57 80
151 57 80
151 57 80
152 57 80
152 57 80
153 57 80
153 57 80
154 57 80
154 57 80
155 57 80
155 57 80
156 57 80
156 57 80
157 57 80
157 57 80
158 57 80
158 57 80
159 57 80
159 57 80
160 57 80
160 57 80
160 57 80
160 56 160
160 55 80
160 55 80
160 54 80
160 54 80
160 53 80
160 53 80
160 52 80
160 52 80
160 51 80
160 51 80
160 50 80
160 50 80
160 49 80
160 49 80
160 48 80
160 48 80
160 47 80
160 47 80
160 46 80
160 46 80
160 45 80
160 45 80
160 44 80
160 44 80
160 43 80
160 43 80
160 43 80
160 42 80
160 42 80
160 42 80
160 41 80
160 41 80
160 41 80
160 40 80
160 40 80
160 40 80
160 39 80
160 39 80
160 39 80
160 38 80
160 38 80
160 38 80
160 37 80
160 37 80
160 36 80
160 36 80
160 35 80
160 35 80
160 34 80
160 34 80
160 33 80
160 33 80
160 32 80
160 32 80
160 31 80
160 31 80
160 30 80
160 30 80
160 29 80
160 29 80
160 28 80
160 28 80
160 27 80
160 27 80
160 26 80
160 26 80
160 25 80
160 25 80
160 24 80
160 24 80
160 23 80
160 23 80
160 22 80
160 21 80
160 20 80
160 19 80
160 18 80
160 17 80
160 16 80
160 15 80
160 14 80
160 13 80
160 12 80
160 11 80
160 10 80
160 9 80
160 8 80
160 7 80
160 6 80
160 5 80
160 4 80
160 3 80
