169 25 120
168 25 120
167 25 120
166 25 120
165 25 120
164 25 120
163 25 120
162 25 120
161 25 120
160 25 120
159 25 120
158 25 120
157 25 120
156 25 120
155 25 120
154 25 120
153 25 120
153 25 120
152 25 120
152 25 120
151 25 120
151 25 120
150 25 120
150 25 120
149 25 120
149 25 120
148 25 120
148 25 120
147 25 120
147 25 120
146 25 120
146 25 120
145 25 120
145 25 120
145 25 120
144 25 240
144 25 120
144 25 120
143 25 360
143 25 120
143 25 120
142 25 480
142 25 120
142 25 120
142 25 120
141 25 720
141 25 120
141 25 120
141 25 120
140 25 960
140 25 120
140 25 120
140 25 120
140 25 120
139 25 1320
139 25 120
139 25 120
139 25 120
139 25 120
138 25 1680
138 25 120
138 25 120
138 25 120
137 25 1920
137 25 120
137 25 120
137 25 120
136 25 2160
136 25 120
136 25 120
135 25 2280
135 25 120
135 25 120
134 25 2400
134 25 120
133 25 2400
133 25 120
132 25 2400
132 25 120
131 25 2400
131 25 120
131 26 2400
131 26 120
131 27 2400
131 27 120
131 28 2400
131 28 120
131 29 2400
131 29 120
131 29 120
131 30 2520
131 30 120
131 31 2520
131 31 120
131 32 2520
131 33 2520
131 34 2520
131 35 120
131 35 120
131 35 120
131 35 120
131 35 120
131 35 120
131 35 120
131 35 120
131 35 120
131 35 120
131 35 120
131 35 120
131 35 120
131 35 120
131 35 120
131 36 1680
131 37 1680
131 38 1680
131 39 120
131 39 120
131 39 120
131 39 120
131 40 360
131 41 360
131 42 360
131 43 120
131 44 120
131 45 120
131 46 120
131 47 120
131 48 120
131 49 120
131 50 120
131 51 120
131 52 120
131 53 120
131 54 120
131 55 120
131 56 120
131 57 120
131 58 120
131 59 120
131 60 120
131 61 120
131 62 120
131 63 120
131 64 120
131 65 120
131 66 120
131 67 120
131 68 120
131 69 120
131 70 120
131 71 120
131 72 120
131 73 120
131 74 120
131 75 120
131 76 120
131 77 120
131 78 120
131 79 120
131 80 120
131 81 120
131 82 120
131 83 120
131 84 120
131 85 120
131 86 120
131 87 120
131 88 120
131 89 120
131 90 120
131 91 120
131 92 120
131 93 120
131 94 120
131 95 120
131 96 120
131 97 120
131 98 120
131 99 120
131 100 120
131 101 120
131 102 120
131 103 120
131 104 120
131 105 120
131 106 120
131 107 120
131 108 120
131 109 120
131 110 120
131 111 120
131 112 120
131 113 120
131 114 120
131 115 120
131 116 120
131 117 120
131 118 120
131 119 120
131 120 120
131 121 120
131 122 120
131 122 120
131 123 120
131 123 120
131 124 120
131 124 120
131 125 120
131 125 120
131 125 120
131 126 240
131 126 120
131 126 120
131 127 360
131 127 120
131 128 360
131 128 120
131 128 120
131 129 480
131 129 120
131 130 480
131 130 120
131 131 480
131 131 120
131 131 120
131 132 600
131 132 120
131 133 600
131 133 120
131 133 120
131 134 720
131 134 120
131 134 120
131 135 840
131 135 120
131 135 120
131 136 960
131 136 120
131 136 120
131 136 120
131 137 1200
131 137 120
131 137 120
131 137 120
131 138 1440
131 138 120
131 138 120
131 138 120
131 138 120
131 139 1800
131 139 120
131 139 120
131 139 120
131 140 2040
131 140 120
131 140 120
131 140 120
131 141 2280
131 141 120
131 141 120
131 142 2400
131 142 120
131 142 120
131 143 2520
131 143 120
131 144 2520
131 144 120
131 144 120
131 145 2640
131 145 120
131 146 2640
131 146 120
131 147 2640
131 147 120
131 147 120
131 148 2760
131 148 120
131 149 2760
131 149 120
131 149 120
131 150 2880
131 150 120
131 150 120
131 151 3000
131 151 120
131 151 120
131 151 120
131 152 3240
131 152 120
131 152 120
131 152 120
131 153 3480
131 153 120
131 153 120
131 154 3600
131 154 120
131 154 120
131 155 3720
131 155 120
131 156 3720
131 156 120
131 157 3720
131 158 3720
131 159 3720
131 160 120
131 160 120
131 160 120
131 160 120
131 160 120
131 160 120
131 160 120
131 160 120
131 160 120
131 160 120
131 160 120
131 160 120
131 160 120
131 160 120
131 160 120
131 160 120
131 160 120
131 160 120
131 160 120
131 160 120
131 160 120
131 160 120
131 160 120
131 161 2640
131 162 2640
131 163 2640
131 164 120
131 164 120
131 164 120
131 164 120
131 164 120
131 164 120
131 164 120
131 164 120
131 165 840
131 166 840
131 167 840
131 168 120
131 168 120
131 169 120
131 169 120
131 170 120
131 171 120
131 172 120
131 173 120
131 174 120
131 175 120
131 176 120
131 177 120
131 178 120
131 179 120
170 25 120
171 25 120
172 25 120
173 25 120
174 25 120
175 25 120
175 26 120
175 27 120
175 28 120
175 29 120
175 30 120
175 31 120
175 32 120
175 33 120
175 34 120
175 35 120
175 36 120
175 37 120
175 38 120
175 39 120
175 40 120
175 41 120
175 42 120
175 43 120
175 44 120
175 45 120
175 46 120
175 47 120
175 48 120
175 49 120
175 50 120
175 51 120
175 52 120
175 53 120
175 54 120
175 55 120
175 56 120
175 57 120
175 58 120
175 59 120
175 60 120
175 61 120
175 62 120
175 63 120
175 64 120
175 65 120
175 66 120
174 66 120
173 66 120
173 66 120
172 66 120
172 66 120
171 66 120
171 66 120
171 66 120
170 66 240
170 66 120
169 66 240
169 66 120
169 66 120
168 66 360
168 66 120
168 66 120
167 66 480
167 66 120
167 66 120
167 66 120
166 66 720
166 66 120
166 66 120
165 66 840
165 66 120
165 66 120
164 66 960
164 66 120
164 66 120
163 66 1080
163 66 120
163 66 120
162 66 1200
162 66 120
161 66 1200
160 66 1200
159 66 1200
158 66 120
158 66 120
158 66 120
158 66 120
158 66 120
158 66 120
158 66 120
157 66 720
156 66 720
155 66 720
154 66 120
154 66 120
154 66 120
154 66 120
154 66 120
153 66 480
152 66 480
151 66 480
150 66 120
150 66 120
150 66 120
150 66 120
149 66 360
149 66 120
148 66 360
148 66 120
147 66 360
147 66 120
146 66 360
145 66 360
144 66 360
143 66 120
143 66 120
142 66 120
141 66 120
140 66 120
139 66 120
139 67 120
139 68 120
139 69 120
139 70 120
139 71 120
139 72 120
139 73 120
139 74 120
139 75 120
139 76 120
139 77 120
139 78 120
139 79 120
139 80 120
139 81 120
139 82 120
139 83 120
139 84 120
139 85 120
139 86 120
139 87 120
139 88 120
139 89 120
139 90 120
139 91 120
139 92 120
139 93 120
139 94 120
138 94 120
137 94 120
136 94 120
135 94 120
134 94 120
133 94 120
132 94 120
130 94 120
129 94 120
128 94 120
127 94 120
126 94 120
125 94 120
124 94 120
123 94 120
122 94 120
121 94 120
120 94 120
119 94 120
119 93 120
119 92 120
119 91 120
119 90 120
119 89 120
119 88 120
119 87 120
119 86 120
119 85 120
119 84 120
119 83 120
119 82 120
119 81 120
119 80 120
119 79 120
119 78 120
119 77 120
119 76 120
119 75 120
119 74 120
118 74 120
118 74 120
117 74 120
117 74 120
116 74 120
116 74 120
115 74 120
115 74 120
115 74 120
114 74 240
114 74 120
113 74 240
113 74 120
113 74 120
112 74 360
112 74 120
111 74 360
111 74 120
110 74 360
110 74 120
110 74 120
109 74 480
109 74 120
108 74 480
108 74 120
108 74 120
108 74 120
107 74 720
107 74 120
107 74 120
106 74 840
106 74 120
106 74 120
106 74 120
105 74 1080
105 74 120
105 74 120
105 74 120
104 74 1320
104 74 120
104 74 120
103 74 1440
103 74 120
103 74 120
102 74 1560
102 74 120
101 74 1560
101 74 120
100 74 1560
99 74 1560
98 74 1560
97 74 120
97 74 120
97 74 120
97 74 120
97 74 120
97 74 120
97 74 120
97 74 120
97 74 120
97 74 120
96 74 1080
95 74 1080
94 74 1080
93 74 120
93 74 120
93 74 120
93 74 120
93 74 120
93 74 120
93 74 120
93 74 120
92 74 840
92 74 120
91 74 840
91 74 120
90 74 840
89 74 840
88 74 840
87 74 120
87 74 120
87 74 120
87 74 120
87 74 120
87 74 120
86 74 600
86 74 120
85 74 600
84 74 600
83 74 600
82 74 120
82 74 120
82 74 120
82 74 120
81 74 360
80 74 360
79 74 360
78 74 120
78 74 120
78 74 120
77 74 240
77 74 120
77 74 120
76 74 360
76 74 120
75 74 360
75 74 120
75 74 120
74 74 480
74 74 120
73 74 480
73 74 120
72 74 480
72 74 120
72 74 120
71 74 600
71 74 120
70 74 600
70 74 120
69 74 600
69 74 120
68 74 600
68 74 120
68 74 120
67 74 720
67 74 120
66 74 720
66 74 120
66 74 120
65 74 840
65 74 120
65 74 120
64 74 960
64 74 120
64 74 120
63 74 1080
63 74 120
62 74 1080
62 74 120
62 74 120
61 74 1200
61 74 120
60 74 1200
60 74 120
59 74 1200
59 74 120
58 74 1200
57 74 1200
56 74 1200
55 74 120
55 74 120
55 74 120
55 74 120
55 74 120
55 74 120
55 74 120
55 74 120
54 74 840
53 74 840
52 74 840
51 74 120
51 74 120
51 74 120
51 74 120
51 74 120
51 74 120
51 74 120
50 74 720
50 74 120
49 74 720
49 74 120
48 74 720
48 74 120
47 74 720
47 74 120
46 74 720
45 74 720
44 74 720
43 74 120
43 74 120
43 74 120
43 74 120
42 74 360
42 74 120
42 75 360
42 75 120
42 76 360
42 76 120
42 76 120
42 77 480
42 77 120
42 78 480
42 78 120
42 79 480
42 79 120
42 80 480
42 81 480
42 82 480
42 83 120
42 83 120
42 83 120
42 84 240
42 85 240
42 86 240
42 87 120
42 88 120
42 89 120
42 90 120
42 91 120
41 91 120
40 91 120
39 91 120
38 91 120
37 91 120
36 91 120
35 91 120
34 91 120
33 91 120
32 91 120
31 91 120
30 91 120
29 91 120
28 91 120
27 91 120
27 91 120
27 90 120
27 90 120
27 89 120
27 89 120
27 88 120
27 88 120
27 87 120
27 87 120
27 86 120
27 86 120
27 86 120
27 85 240
27 85 120
27 85 120
27 84 360
27 84 120
27 83 360
27 83 120
27 83 120
27 82 480
27 82 120
27 82 120
27 81 600
27 81 120
27 80 600
27 80 120
27 80 120
27 79 720
27 79 120
27 79 120
27 78 840
27 78 120
27 77 840
27 77 120
27 77 120
27 76 960
27 76 120
27 76 120
27 75 1080
27 75 120
27 74 1080
27 74 120
27 73 1080
27 73 120
27 72 1080
27 71 1080
27 70 1080
27 69 120
27 69 120
27 69 120
27 69 120
27 69 120
27 69 120
27 68 600
27 67 600
27 66 600
27 65 120
27 65 120
27 64 120
27 64 120
27 63 120
27 63 120
27 62 120
27 61 120
27 60 120
27 59 120
27 58 120
27 57 120
27 56 120
27 55 120
27 54 120
27 53 120
27 52 120
27 51 120
27 50 120
27 49 120
27 48 120
27 47 120
27 46 120
27 45 120
27 44 120
27 43 120
27 42 120
27 41 120
27 40 120
27 39 120
27 38 120
28 38 120
29 38 120
30 38 120
31 38 120
32 38 120
33 38 120
34 38 120
35 38 120
36 38 120
37 38 120
38 38 120
39 38 120
40 38 120
41 38 120
42 38 120
42 38 120
43 38 120
43 38 120
44 38 120
44 38 120
45 38 120
45 38 120
46 38 120
46 38 120
46 38 120
47 38 240
47 38 120
48 38 240
48 38 120
48 38 120
49 38 360
49 38 120
50 38 360
50 38 120
51 38 360
51 38 120
52 38 360
53 38 360
54 38 360
55 38 120
55 38 120
55 38 120
56 38 240
56 38 120
57 38 240
57 38 120
58 38 240
58 38 120
59 38 240
59 38 120
60 38 240
60 38 120
60 38 120
61 38 360
61 38 120
62 38 360
62 38 120
63 38 360
63 38 120
63 38 120
64 38 480
64 38 120
65 38 480
65 38 120
65 38 120
66 38 600
66 38 120
66 38 120
67 38 720
67 38 120
67 38 120
67 38 120
68 38 960
68 38 120
68 38 120
68 38 120
69 38 1200
69 38 120
69 38 120
70 38 1320
70 38 120
70 38 120
70 38 120
71 38 1560
71 38 120
71 38 120
71 38 120
72 38 1800
72 38 120
72 38 120
72 38 120
73 38 2040
73 38 120
73 38 120
74 38 2160
74 38 120
75 38 2160
75 38 120
75 38 120
76 38 2280
76 38 120
77 38 2280
77 38 120
78 38 2280
79 38 2280
80 38 2280
80 37 120
80 37 120
80 37 120
80 37 120
80 37 120
80 37 120
80 37 120
80 37 120
80 37 120
80 37 120
80 37 120
80 37 120
80 37 120
80 37 120
80 37 120
80 37 120
80 37 120
80 37 120
80 37 120
80 36 2160
80 36 120
80 36 120
80 35 2280
80 34 2280
80 33 2280
80 32 120
80 32 120
80 32 120
80 32 120
80 32 120
80 32 120
80 32 120
80 32 120
80 32 120
80 32 120
80 32 120
80 32 120
80 32 120
80 32 120
80 32 120
80 32 120
80 31 1800
80 30 1800
80 29 1800
80 28 120
80 28 120
80 28 120
80 28 120
80 28 120
80 28 120
80 28 120
80 28 120
80 27 840
80 26 840
80 25 840
80 24 120
80 24 120
80 24 120
80 23 240
80 23 120
80 22 240
80 22 120
80 21 240
80 21 120
80 20 240
80 19 240
80 18 240
80 17 120
80 17 120
80 16 120
80 16 120
80 15 120
80 15 120
80 14 120
80 14 120
80 13 120
80 12 120
80 11 120
80 10 120
101 169 120
102 169 120
103 169 120
103 169 120
104 169 120
104 169 120
105 169 120
105 169 120
106 169 120
106 169 120
107 169 120
107 169 120
108 169 120
108 169 120
109 169 120
109 169 120
109 169 120
110 169 240
110 169 120
111 169 240
111 169 120
112 169 240
112 169 120
113 169 240
113 169 120
114 169 240
114 169 120
115 169 240
115 169 120
116 169 240
117 169 240
118 169 240
119 169 120
120 169 120
121 169 120
122 169 120
123 169 120
124 169 120
125 169 120
126 169 120
127 169 120
127 169 120
128 169 120
128 169 120
129 169 120
129 169 120
130 169 120
130 169 120
100 169 120
99 169 120
99 169 120
98 169 120
98 169 120
97 169 120
97 169 120
96 169 120
96 169 120
95 169 120
95 169 120
94 169 120
94 169 120
93 169 120
93 169 120
92 169 120
92 169 120
91 169 120
90 169 120
89 169 120
88 169 120
87 169 120
86 169 120
85 169 120
84 169 120
83 169 120
82 169 120
81 169 120
80 169 120
79 169 120
78 169 120
77 169 120
76 169 120
75 169 120
74 169 120
73 169 120
72 169 120
71 169 120
70 169 120
70 169 120
69 169 120
69 169 120
68 169 120
68 169 120
67 169 120
67 169 120
67 169 120
66 169 240
66 169 120
65 169 240
65 169 120
64 169 240
64 169 120
64 169 120
63 169 360
63 169 120
62 169 360
62 169 120
61 169 360
61 169 120
61 169 120
60 169 480
60 169 120
59 169 480
59 169 120
59 169 120
58 169 600
58 169 120
58 169 120
57 169 720
57 169 120
57 169 120
57 169 120
56 169 960
56 169 120
56 169 120
55 169 1080
55 169 120
55 169 120
54 169 1200
54 169 120
53 169 1200
53 169 120
52 169 1200
52 169 120
51 169 1200
51 169 120
50 169 1200
49 169 1200
48 169 1200
47 169 120
47 169 120
47 169 120
47 169 120
47 169 120
47 169 120
47 169 120
47 169 120
47 169 120
47 169 120
46 169 1080
46 169 120
45 169 1080
45 169 120
44 169 1080
44 169 120
43 169 1080
43 169 120
42 169 1080
42 169 120
42 169 120
41 169 1200
41 169 120
40 169 1200
39 169 1200
38 169 1200
37 169 120
37 169 120
37 169 120
37 169 120
37 169 120
37 169 120
37 169 120
36 169 720
35 169 720
34 169 720
33 169 120
33 169 120
33 169 120
33 169 120
32 169 360
31 169 360
30 169 360
29 169 120
29 169 120
29 169 120
28 169 240
28 169 120
27 169 240
27 169 120
27 169 120
26 169 360
26 169 120
25 169 360
25 169 120
25 169 120
24 169 480
24 169 120
23 169 480
23 169 120
22 169 480
21 169 480
20 169 480
19 169 120
19 169 120
18 169 120
18 169 120
17 169 120
16 169 120
15 169 120
14 169 120
13 169 120
12 169 120
11 169 120
11 170 120
11 171 120
11 172 120
11 173 120
11 173 120
