16 105 120
17 105 120
18 105 120
19 105 120
20 105 120
21 105 120
22 105 120
23 105 120
24 105 120
25 105 120
26 105 120
27 105 120
28 105 120
29 105 120
30 105 120
31 105 120
32 105 120
33 105 120
34 105 120
35 105 120
36 105 120
37 105 120
38 105 120
39 105 120
40 105 120
41 105 120
42 105 120
43 105 120
44 105 120
45 105 120
46 105 120
47 105 120
48 105 120
49 105 120
50 105 120
51 105 120
52 105 120
53 105 120
54 105 120
55 105 120
56 105 120
57 105 120
58 105 120
59 105 120
60 105 120
61 105 120
62 105 120
62 105 120
63 105 120
63 105 120
64 105 120
64 105 120
65 105 120
65 105 120
66 105 120
66 105 120
66 105 120
67 105 240
67 105 120
67 105 120
68 105 360
68 105 120
68 105 120
69 105 480
69 105 120
69 105 120
70 105 600
70 105 120
70 105 120
71 105 720
71 105 120
71 105 120
72 105 840
72 105 120
72 105 120
73 105 960
73 105 120
74 105 960
74 105 120
74 105 120
75 105 1080
75 105 120
75 105 120
76 105 1200
76 105 120
76 105 120
77 105 1320
77 105 120
77 105 120
77 105 120
78 105 1560
78 105 120
78 105 120
78 105 120
79 105 1800
79 105 120
79 105 120
79 105 120
80 105 2040
80 105 120
80 105 120
81 105 2160
81 105 120
81 105 120
81 105 120
82 105 2400
82 105 120
82 105 120
83 105 2520
83 105 120
84 105 2520
84 105 120
85 105 2520
86 105 2520
87 105 2520
88 105 120
88 105 120
88 105 120
88 105 120
88 105 120
88 105 120
88 105 120
88 105 120
88 105 120
88 105 120
88 105 120
88 105 120
88 105 120
88 105 120
88 105 120
88 105 120
88 105 120
88 105 120
88 105 120
89 105 2160
89 105 120
90 105 2160
90 105 120
91 105 2160
91 105 120
92 105 2160
93 105 2160
93 105 120
94 105 2160
94 105 120
95 105 2160
95 105 120
95 105 120
96 105 2280
96 105 120
96 105 120
97 105 2400
97 105 120
97 105 120
98 105 2520
98 105 120
98 105 120
98 105 120
99 105 2760
99 105 120
100 105 2760
100 105 120
101 105 2760
101 105 120
102 105 2760
102 105 120
103 105 2760
104 105 2760
105 105 2760
106 105 120
106 105 120
106 105 120
106 105 120
106 105 120
106 105 120
106 105 120
106 105 120
106 105 120
106 105 120
106 105 120
106 105 120
106 105 120
106 105 120
107 105 1560
108 105 1560
109 105 1560
110 105 120
110 105 120
110 105 120
110 105 120
110 105 120
110 105 120
110 105 120
111 105 720
111 105 120
112 105 720
112 105 120
113 105 720
113 105 120
114 105 720
114 105 120
115 105 720
116 105 720
117 105 720
118 105 120
118 105 120
118 105 120
118 105 120
118 105 120
118 105 120
119 105 600
119 105 120
120 105 600
120 105 120
121 105 600
121 105 120
122 105 600
122 105 120
123 105 600
123 105 120
124 105 600
124 105 120
125 105 600
125 105 120
126 105 600
126 105 120
127 105 600
128 105 600
129 105 600
130 105 120
130 105 120
131 105 120
131 105 120
132 105 120
133 105 120
134 105 120
135 105 120
136 105 120
137 105 120
138 105 120
139 105 120
140 105 120
141 105 120
142 105 120
143 105 120
144 105 120
145 105 120
146 105 120
147 105 120
148 105 120
149 105 120
150 105 120
150 105 120
151 105 120
151 105 120
152 105 120
152 105 120
153 105 120
153 105 120
154 105 120
154 105 120
155 105 120
155 105 120
156 105 120
156 105 120
157 105 120
157 105 120
158 105 120
158 105 120
159 105 120
159 105 120
160 105 120
160 105 120
161 105 120
161 105 120
162 105 120
162 105 120
162 105 120
163 105 240
163 105 120
164 105 240
164 105 120
164 105 120
165 105 360
165 105 120
166 105 360
166 105 120
166 105 120
167 105 480
167 105 120
168 105 480
169 105 480
170 105 480
171 105 120
171 105 120
171 105 120
171 106 240
171 106 120
171 107 240
171 107 120
171 108 240
171 109 240
171 110 240
171 111 120
171 112 120
171 113 120
171 114 120
171 115 120
171 116 120
171 117 120
171 118 120
171 119 120
171 120 120
171 121 120
171 122 120
171 123 120
21 104 120
21 103 120
21 102 120
21 101 120
21 100 120
21 99 120
21 98 120
21 97 120
21 96 120
21 95 120
21 94 120
21 93 120
21 92 120
21 91 120
21 90 120
21 89 120
21 88 120
21 87 120
21 86 120
21 85 120
21 84 120
21 83 120
21 82 120
21 81 120
21 80 120
21 79 120
21 78 120
21 77 120
21 76 120
21 75 120
21 74 120
21 73 120
21 72 120
21 71 120
21 70 120
21 69 120
21 68 120
21 67 120
21 66 120
21 65 120
21 64 120
21 63 120
21 62 120
21 61 120
21 60 120
21 59 120
21 58 120
21 57 120
21 56 120
21 55 120
21 55 120
21 54 120
21 54 120
21 53 120
21 53 120
21 52 120
21 52 120
21 51 120
21 51 120
21 51 120
21 50 240
21 50 120
21 50 120
21 49 360
21 49 120
21 48 360
21 48 120
21 48 120
21 47 480
21 47 120
21 46 480
21 46 120
21 46 120
21 45 600
21 44 600
21 43 600
21 42 120
21 42 120
21 42 120
21 42 120
21 41 360
21 40 360
21 39 360
21 38 120
21 38 120
21 37 120
21 37 120
21 36 120
21 35 120
21 34 120
21 34 120
21 33 120
21 33 120
21 32 120
21 32 120
21 31 120
21 31 120
21 30 120
21 30 120
21 29 120
21 29 120
21 29 120
21 28 240
21 28 120
21 27 240
21 27 120
21 26 240
21 26 120
21 25 240
21 25 120
21 24 240
21 23 240
21 22 240
21 21 120
21 21 120
21 20 120
21 20 120
21 19 120
21 19 120
21 18 120
21 18 120
21 18 120
21 17 240
21 17 120
21 16 240
21 16 120
21 16 120
21 15 360
21 15 120
21 14 360
21 14 120
21 13 360
21 13 120
21 12 360
21 12 120
21 11 360
21 11 120
21 10 360
21 9 360
21 8 360
21 7 120
21 7 120
21 6 120
21 6 120
21 5 120
21 4 120
21 3 120
21 2 120
108 170 120
109 170 120
110 170 120
111 170 120
112 170 120
113 170 120
114 170 120
115 170 120
116 170 120
117 170 120
118 170 120
119 170 120
120 170 120
121 170 120
122 170 120
123 170 120
124 170 120
124 170 120
125 170 120
125 170 120
126 170 120
126 170 120
127 170 120
127 170 120
127 170 120
128 170 240
128 170 120
129 170 240
129 170 120
130 170 240
130 170 120
130 170 120
131 170 360
131 170 120
132 170 360
132 170 120
132 170 120
133 170 480
133 170 120
133 170 120
134 170 600
134 170 120
134 170 120
135 170 720
135 170 120
135 170 120
136 170 840
136 170 120
136 170 120
137 170 960
137 170 120
137 170 120
138 170 1080
138 170 120
139 170 1080
139 170 120
140 170 1080
140 170 120
141 170 1080
142 170 1080
143 170 1080
144 170 120
144 170 120
144 170 120
144 170 120
144 170 120
144 170 120
145 170 600
146 170 600
147 170 600
148 170 120
148 170 120
148 170 120
148 170 120
149 170 360
149 170 120
150 170 360
151 170 360
152 170 360
153 170 120
153 170 120
154 170 120
154 170 120
155 170 120
155 170 120
156 170 120
157 170 120
158 170 120
159 170 120
160 170 120
161 170 120
162 170 120
163 170 120
164 170 120
165 170 120
166 170 120
167 170 120
168 170 120
169 170 120
170 170 120
171 170 120
171 169 120
171 168 120
171 167 120
171 166 120
171 165 120
171 164 120
171 163 120
171 162 120
171 161 120
171 160 120
171 159 120
171 158 120
171 157 120
171 156 120
171 155 120
171 154 120
171 153 120
171 152 120
171 151 120
171 150 120
171 149 120
171 148 120
171 147 120
171 146 120
171 145 120
171 144 120
171 143 120
171 142 120
171 141 120
171 140 120
171 139 120
171 138 120
171 137 120
171 136 120
171 135 120
171 134 120
171 133 120
171 132 120
171 131 120
171 130 120
171 129 120
171 128 120
171 127 120
171 126 120
171 125 120
171 124 120
