132 169 120
131 169 120
130 169 120
129 169 120
128 169 120
128 169 120
127 169 120
127 169 120
126 169 120
126 169 120
125 169 120
125 169 120
125 169 120
124 169 240
124 169 120
124 169 120
123 169 360
123 169 120
123 169 120
123 169 120
122 169 600
122 169 120
122 169 120
121 169 720
121 169 120
121 169 120
121 169 120
120 169 960
120 169 120
120 169 120
119 169 1080
119 169 120
119 169 120
118 169 1200
118 169 120
118 169 120
117 169 1320
117 169 120
117 169 120
116 169 1440
116 169 120
115 169 1440
115 169 120
115 169 120
114 169 1560
114 169 120
114 169 120
113 169 1680
113 169 120
112 169 1680
112 169 120
111 169 1680
110 169 1680
109 169 1680
108 169 120
108 169 120
108 169 120
108 169 120
108 169 120
108 169 120
108 169 120
108 169 120
108 169 120
108 169 120
108 169 120
108 169 120
107 169 1320
106 169 1320
105 169 1320
104 169 120
104 169 120
104 169 120
104 169 120
104 169 120
104 169 120
104 169 120
103 169 720
102 169 720
101 169 720
100 169 120
100 169 120
99 169 120
99 169 120
98 169 120
97 169 120
96 169 120
95 169 120
94 169 120
93 169 120
92 169 120
91 169 120
90 169 120
89 169 120
88 169 120
87 169 120
86 169 120
85 169 120
84 169 120
83 169 120
82 169 120
81 169 120
80 169 120
79 169 120
79 168 120
79 167 120
79 166 120
79 165 120
79 164 120
79 163 120
79 162 120
79 161 120
79 160 120
79 159 120
79 158 120
133 169 120
134 169 120
135 169 120
136 169 120
137 169 120
138 169 120
139 169 120
140 169 120
141 169 120
142 169 120
143 169 120
144 169 120
145 169 120
146 169 120
147 169 120
148 169 120
149 169 120
150 169 120
151 169 120
152 169 120
153 169 120
154 169 120
155 169 120
156 169 120
157 169 120
158 169 120
159 169 120
160 169 120
161 169 120
162 169 120
163 169 120
164 169 120
165 169 120
166 169 120
166 169 120
167 169 120
167 169 120
168 169 120
168 169 120
169 169 120
170 169 120
171 169 120
171 170 120
171 171 120
171 172 120
171 173 120
171 174 120
171 175 120
171 176 120
171 177 120
171 178 120
171 179 120
171 180 120
171 181 120
171 182 120
171 183 120
171 184 120
170 184 120
169 184 120
168 184 120
167 184 120
166 184 120
165 184 120
164 184 120
163 184 120
162 184 120
161 184 120
160 184 120
160 183 120
160 182 120
160 181 120
160 180 120
160 179 120
160 178 120
160 177 120
160 176 120
160 175 120
160 174 120
160 173 120
160 172 120
160 171 120
160 170 120
160 168 120
160 167 120
160 166 120
160 165 120
160 165 120
160 164 120
160 164 120
160 163 120
160 163 120
160 163 120
160 162 240
160 162 120
160 162 120
160 161 360
160 161 120
160 161 120
160 160 480
160 160 120
160 159 480
160 159 120
160 159 120
160 158 600
160 158 120
160 157 600
160 157 120
160 157 120
160 156 720
160 156 120
160 155 720
160 155 120
160 155 120
160 154 840
160 154 120
160 153 840
160 153 120
160 152 840
160 151 840
160 150 840
160 149 120
160 149 120
160 149 120
160 149 120
160 148 360
160 147 360
160 146 360
160 145 120
160 144 120
160 143 120
160 142 120
160 141 120
160 140 120
160 139 120
160 138 120
160 137 120
160 136 120
160 135 120
160 134 120
160 133 120
160 132 120
160 131 120
160 130 120
160 129 120
160 128 120
160 127 120
160 126 120
160 125 120
160 124 120
160 123 120
160 122 120
160 121 120
160 120 120
160 119 120
160 118 120
10 94 120
11 94 120
12 94 120
13 94 120
14 94 120
15 94 120
16 94 120
17 94 120
18 94 120
19 94 120
20 94 120
21 94 120
22 94 120
23 94 120
24 94 120
25 94 120
26 94 120
27 94 120
28 94 120
29 94 120
30 94 120
31 94 120
32 94 120
33 94 120
34 94 120
35 94 120
36 94 120
37 94 120
38 94 120
39 94 120
40 94 120
41 94 120
41 94 120
42 94 120
42 94 120
43 94 120
43 94 120
44 94 120
44 94 120
45 94 120
45 94 120
45 94 120
46 94 240
46 94 120
46 94 120
47 94 360
47 94 120
47 94 120
48 94 480
48 94 120
49 94 480
49 94 120
49 94 120
50 94 600
50 94 120
51 94 600
51 94 120
51 94 120
52 94 720
52 94 120
53 94 720
53 94 120
54 94 720
55 94 720
56 94 720
57 94 120
57 94 120
57 94 120
57 94 120
57 94 120
57 94 120
58 94 600
59 94 600
60 94 600
61 94 120
61 94 120
62 94 120
63 94 120
64 94 120
65 94 120
66 94 120
67 94 120
68 94 120
69 94 120
70 94 120
71 94 120
72 94 120
73 94 120
74 94 120
75 94 120
76 94 120
77 94 120
78 94 120
79 94 120
80 94 120
81 94 120
82 94 120
83 94 120
84 94 120
85 94 120
86 94 120
87 94 120
87 93 120
87 92 120
87 91 120
87 90 120
87 89 120
87 88 120
87 87 120
87 86 120
87 85 120
87 84 120
87 83 120
87 82 120
87 81 120
87 80 120
87 79 120
87 78 120
87 77 120
87 76 120
87 75 120
87 74 120
87 73 120
87 72 120
87 71 120
87 70 120
87 69 120
87 68 120
87 67 120
87 66 120
87 65 120
87 64 120
87 63 120
87 62 120
87 61 120
87 60 120
87 59 120
14 93 120
14 92 120
14 91 120
14 90 120
14 89 120
14 88 120
14 88 120
14 87 120
14 87 120
14 86 120
14 86 120
14 86 120
14 85 240
14 85 120
14 85 120
14 85 120
14 84 480
14 84 120
14 84 120
14 83 600
14 83 120
14 83 120
14 83 120
14 82 840
14 82 120
14 82 120
14 82 120
14 81 1080
14 81 120
14 81 120
14 81 120
14 81 120
14 80 1440
14 80 120
14 80 120
14 80 120
14 79 1680
14 79 120
14 79 120
14 79 120
14 78 1920
14 78 120
14 78 120
14 78 120
14 77 2160
14 77 120
14 77 120
14 77 120
14 77 120
14 76 2520
14 76 120
14 76 120
14 76 120
14 76 120
14 75 2880
14 75 120
14 75 120
14 75 120
14 74 3120
14 74 120
14 74 120
14 74 120
14 74 120
14 73 3480
14 73 120
14 73 120
14 73 120
14 72 3720
14 72 120
14 72 120
14 72 120
14 71 3960
14 71 120
14 70 3960
14 70 120
14 69 3960
14 68 3960
14 67 3960
14 66 120
14 66 120
14 66 120
14 66 120
14 66 120
14 66 120
14 66 120
14 66 120
14 66 120
14 66 120
14 66 120
14 66 120
14 66 120
14 66 120
14 66 120
14 66 120
14 66 120
14 66 120
14 66 120
14 66 120
14 66 120
14 66 120
14 66 120
14 66 120
14 66 120
14 65 2880
14 64 2880
14 63 2880
14 62 120
14 62 120
14 62 120
14 62 120
14 62 120
14 62 120
14 62 120
14 62 120
14 62 120
14 62 120
14 62 120
14 62 120
14 62 120
14 62 120
14 62 120
14 61 1680
14 60 1680
14 59 1680
14 58 120
14 58 120
14 58 120
14 58 120
14 58 120
14 58 120
14 58 120
14 58 120
14 58 120
14 57 960
14 56 960
14 55 960
14 54 120
14 54 120
14 53 120
14 52 120
14 51 120
14 50 120
14 49 120
14 48 120
14 47 120
14 46 120
14 45 120
14 44 120
14 43 120
14 42 120
14 41 120
15 41 120
16 41 120
17 41 120
18 41 120
19 41 120
20 41 120
21 41 120
22 41 120
23 41 120
24 41 120
25 41 120
26 41 120
27 41 120
27 41 120
28 41 120
28 41 120
29 41 120
29 41 120
29 41 120
30 41 240
30 41 120
30 41 120
30 41 120
31 41 480
31 41 120
31 41 120
31 41 120
32 41 720
32 41 120
32 41 120
33 41 840
33 41 120
33 41 120
33 41 120
34 41 1080
34 41 120
34 41 120
35 41 1200
35 41 120
35 41 120
36 41 1320
36 41 120
36 41 120
37 41 1440
37 41 120
37 41 120
38 41 1560
38 41 120
39 41 1560
39 41 120
40 41 1560
41 41 1560
42 41 1560
43 41 120
43 41 120
43 41 120
43 41 120
43 41 120
43 41 120
43 41 120
43 41 120
44 41 840
45 41 840
46 41 840
47 41 120
47 41 120
47 41 120
48 41 240
49 41 240
50 41 240
51 41 120
52 41 120
53 41 120
54 41 120
55 41 120
55 41 120
56 41 120
56 41 120
56 40 120
56 39 120
56 38 120
56 37 120
