62 128 50
63 128 50
64 128 50
65 128 50
66 128 50
67 128 50
68 128 50
69 128 50
70 128 50
71 128 50
72 128 50
73 128 50
74 128 50
75 128 50
76 128 50
77 128 50
78 128 50
79 128 50
80 128 50
81 128 50
82 128 50
83 128 50
84 128 50
85 128 50
86 128 50
87 128 50
88 128 50
89 128 50
90 128 50
90 128 50
91 128 50
91 128 50
92 128 50
92 128 50
92 128 50
93 128 50
93 128 50
93 128 50
93 128 50
94 128 50
94 128 50
94 128 50
94 128 50
94 128 50
95 128 50
95 128 50
95 128 50
95 128 50
95 128 50
95 128 50
96 128 50
96 128 50
96 128 50
96 128 50
96 128 50
96 128 50
97 128 50
97 128 50
97 128 50
97 128 50
97 128 50
97 128 50
97 128 50
98 128 50
98 128 50
98 128 50
98 128 50
98 128 50
98 128 50
98 128 50
98 128 50
99 128 50
99 128 50
99 128 50
99 128 50
99 128 50
99 128 50
99 128 50
99 128 50
99 128 50
100 128 50
100 128 50
100 128 50
100 128 50
100 128 50
100 128 50
100 128 50
100 128 50
100 128 50
100 128 50
100 128 50
101 128 50
101 128 50
101 128 50
101 128 50
101 128 50
101 128 50
101 128 50
101 128 50
101 128 50
101 128 50
101 128 50
101 128 50
101 128 50
102 128 50
102 128 50
102 128 50
102 128 50
102 128 50
102 128 50
102 128 50
102 128 50
102 128 50
102 128 50
102 128 50
102 128 50
102 128 50
102 128 50
102 128 50
102 128 50
102 128 50
103 128 50
103 128 50
103 128 50
103 128 50
103 128 50
103 128 50
103 128 50
103 128 50
103 128 50
103 128 50
103 128 50
103 128 50
103 128 50
103 128 50
103 128 50
103 128 50
103 128 50
103 128 50
103 128 50
103 128 50
103 128 50
104 128 50
104 128 50
104 128 50
104 128 50
104 128 50
104 128 50
104 128 50
104 128 50
104 128 50
104 128 50
104 128 50
104 128 50
104 128 50
104 128 50
104 128 50
104 128 50
104 128 50
104 128 50
104 128 50
104 128 50
104 128 50
104 128 50
104 128 50
104 128 50
104 128 50
104 128 50
105 128 50
105 128 50
105 128 50
105 128 50
105 128 50
105 128 50
105 128 50
105 128 50
105 128 50
105 128 50
105 128 50
105 128 50
105 128 50
105 128 50
105 128 50
105 128 50
105 128 50
105 128 50
105 128 50
105 128 50
105 128 50
105 128 50
105 128 50
105 128 50
105 128 50
105 128 50
105 128 50
105 128 50
105 128 50
105 128 50
106 128 50
106 128 50
106 128 50
106 128 50
106 128 50
106 128 50
106 128 50
106 128 50
106 128 50
106 128 50
106 128 50
106 128 50
106 128 50
106 128 50
106 128 50
106 128 50
106 128 50
106 128 50
106 128 50
106 128 50
106 128 50
106 128 50
106 128 50
106 128 50
106 128 50
106 128 50
106 128 50
106 128 50
106 128 50
106 128 50
106 128 50
106 128 50
106 128 50
106 128 50
107 128 50
107 128 50
107 128 50
107 128 50
107 128 50
107 128 50
107 128 50
107 128 50
107 128 50
107 128 50
107 128 50
107 128 50
107 128 50
107 128 50
107 128 50
107 128 50
107 128 50
107 128 50
107 128 50
107 128 50
107 128 50
107 128 50
107 128 50
107 128 50
107 128 50
107 128 50
107 128 50
107 128 50
107 128 50
107 128 50
107 128 50
107 128 50
107 128 50
107 128 50
107 128 50
107 128 50
107 128 50
107 127 1800
107 127 50
107 127 50
107 127 50
107 126 50
107 126 50
107 126 50
107 126 50
107 126 50
107 126 50
107 126 50
107 126 50
107 126 50
107 126 50
107 126 50
107 126 50
107 126 50
107 126 50
107 126 50
107 126 50
107 126 50
107 126 50
107 126 50
107 126 50
107 126 50
107 126 50
107 126 50
107 126 50
107 126 50
107 126 50
107 126 50
107 126 50
107 126 50
107 126 50
107 126 50
107 126 50
107 126 50
107 126 50
107 126 50
107 126 50
107 126 50
107 126 50
107 126 50
107 126 50
107 126 50
107 125 50
107 125 50
107 125 50
107 125 50
107 125 50
107 125 50
107 125 50
107 125 50
107 125 50
107 125 50
107 125 50
107 125 50
107 125 50
107 125 50
107 125 50
107 125 50
107 125 50
107 125 50
107 125 50
107 125 50
107 125 50
107 125 50
107 125 50
107 125 50
107 125 50
107 125 50
107 125 50
107 125 50
107 125 50
107 125 50
107 125 50
107 125 50
107 125 50
107 125 50
107 125 50
107 125 50
107 125 50
107 125 50
107 125 50
107 125 50
107 125 50
107 125 50
107 125 50
107 124 50
107 124 50
107 124 50
107 124 50
107 124 50
107 124 50
107 124 50
107 124 50
107 124 50
107 124 50
107 124 50
107 124 50
107 124 50
107 124 50
107 124 50
107 124 50
107 124 50
107 124 50
107 124 50
107 124 50
107 124 50
107 124 50
107 124 50
107 124 50
107 124 50
107 124 50
107 124 50
107 124 50
107 124 50
107 124 50
107 124 50
107 124 50
107 124 50
107 124 50
107 124 50
107 124 50
107 124 50
107 124 50
107 124 50
107 124 50
107 124 50
107 124 50
107 124 50
107 124 50
107 123 50
107 123 50
107 123 50
107 123 50
107 123 50
107 123 50
107 123 50
107 123 50
107 123 50
107 123 50
107 123 50
107 123 50
107 123 50
107 123 50
107 123 50
107 123 50
107 123 50
107 123 50
107 123 50
107 123 50
107 123 50
107 123 50
107 123 50
107 123 50
107 123 50
107 123 50
107 123 50
107 123 50
107 123 50
107 123 50
107 123 50
107 123 50
107 123 50
107 123 50
107 123 50
107 123 50
107 123 50
107 123 50
107 123 50
107 123 50
107 123 50
107 123 50
107 123 50
107 123 50
107 123 50
107 122 50
107 122 50
107 122 50
107 122 50
107 122 50
107 122 50
107 122 50
107 122 50
107 122 50
107 122 50
107 122 50
107 122 50
107 122 50
107 122 50
107 122 50
107 122 50
107 122 50
107 122 50
107 122 50
107 122 50
107 122 50
107 122 50
107 122 50
107 122 50
107 122 50
107 122 50
107 122 50
107 122 50
107 122 50
107 122 50
107 122 50
107 122 50
107 122 50
107 122 50
107 122 50
107 122 50
107 122 50
107 122 50
107 122 50
107 122 50
107 122 50
107 122 50
107 122 50
107 122 50
107 122 50
107 121 50
107 121 50
107 121 50
107 121 50
107 121 50
107 121 50
107 121 50
107 121 50
107 121 50
107 121 50
107 121 50
107 121 50
107 121 50
107 121 50
107 121 50
107 121 50
107 121 50
107 121 50
107 121 50
107 121 50
107 121 50
107 121 50
107 121 50
107 121 50
107 121 50
107 121 50
107 121 50
107 121 50
107 121 50
107 121 50
107 121 50
107 121 50
107 121 50
107 121 50
107 121 50
107 121 50
107 121 50
107 121 50
107 121 50
107 121 50
107 121 50
107 121 50
107 121 50
107 121 50
107 120 50
107 120 50
107 120 50
107 120 50
107 120 50
107 120 50
107 120 50
107 120 50
107 120 50
107 120 50
107 120 50
107 120 50
107 120 50
107 120 50
107 120 50
107 120 50
107 120 50
107 120 50
107 120 50
107 120 50
107 120 50
107 120 50
107 120 50
107 120 50
107 120 50
107 120 50
107 120 50
107 120 50
107 120 50
107 120 50
107 120 50
107 120 50
107 120 50
107 120 50
107 120 50
107 120 50
107 120 50
107 120 50
107 120 50
107 120 50
107 120 50
107 119 50
107 119 50
107 119 50
107 119 50
107 119 50
107 119 50
107 119 50
107 119 50
107 119 50
107 119 50
107 119 50
107 119 50
107 119 50
107 119 50
107 119 50
107 119 50
107 119 50
107 119 50
107 119 50
107 119 50
107 119 50
107 119 50
107 119 50
107 119 50
107 119 50
107 119 50
107 119 50
107 119 50
107 119 50
107 119 50
107 119 50
107 119 50
107 119 50
107 119 50
107 119 50
107 119 50
107 119 50
107 118 50
107 118 50
107 118 50
107 118 50
107 118 50
107 118 50
107 118 50
107 118 50
107 118 50
107 118 50
107 118 50
107 118 50
107 118 50
107 118 50
107 118 50
107 118 50
107 118 50
107 118 50
107 118 50
107 118 50
107 118 50
107 118 50
107 118 50
107 118 50
107 118 50
107 118 50
107 118 50
107 118 50
107 118 50
107 118 50
107 118 50
107 118 50
107 117 50
107 117 50
107 117 50
107 117 50
107 117 50
107 117 50
107 117 50
107 117 50
107 117 50
107 117 50
107 117 50
107 117 50
107 117 50
107 117 50
107 117 50
107 117 50
107 117 50
107 117 50
107 117 50
107 117 50
107 117 50
107 117 50
107 117 50
107 117 50
107 117 50
107 117 50
107 116 50
107 116 50
107 116 50
107 116 50
107 116 50
107 116 50
107 116 50
107 116 50
107 116 50
107 116 50
107 116 50
107 116 50
107 116 50
107 116 50
107 116 50
107 116 50
107 116 50
107 116 50
107 116 50
107 116 50
107 116 50
107 116 50
107 115 50
107 115 50
107 115 50
107 115 50
107 115 50
107 115 50
107 115 50
107 115 50
107 115 50
107 115 50
107 115 50
107 115 50
107 115 50
107 115 50
107 115 50
107 115 50
107 115 50
107 114 50
107 114 50
107 114 50
107 114 50
107 114 50
107 114 50
107 114 50
107 114 50
107 114 50
107 114 50
107 114 50
107 114 50
107 114 50
107 114 50
107 113 50
107 113 50
107 113 50
107 113 50
107 113 50
107 113 50
107 113 50
107 113 50
107 113 50
107 113 50
107 113 50
107 112 50
107 112 50
107 112 50
107 112 50
107 112 50
107 112 50
107 112 50
107 112 50
107 112 50
107 111 50
107 111 50
107 111 50
107 111 50
107 111 50
107 111 50
107 111 50
107 110 50
107 110 50
107 110 50
107 110 50
107 110 50
107 110 50
107 109 50
107 109 50
107 109 50
107 109 50
107 109 50
107 108 50
107 108 50
107 108 50
107 108 50
107 107 50
107 107 50
107 107 50
107 107 50
107 106 50
107 106 50
107 106 50
107 105 50
107 105 50
107 105 50
107 104 50
107 104 50
107 104 50
107 103 50
107 103 50
107 103 50
107 102 50
107 102 50
107 102 50
107 101 50
107 101 50
107 101 50
107 100 50
107 100 50
107 100 50
107 99 50
107 99 50
107 99 50
107 98 50
107 98 50
107 98 50
107 97 50
107 97 50
107 97 50
107 97 50
107 96 50
107 96 50
107 96 50
107 96 50
107 96 50
107 95 50
107 95 50
107 95 50
107 95 50
107 95 50
107 95 50
107 94 50
107 94 50
107 94 50
107 94 50
107 94 50
107 94 50
107 94 50
107 93 50
107 93 50
107 93 50
107 93 50
107 93 50
107 93 50
107 93 50
107 93 50
107 93 50
107 92 50
107 92 50
107 92 50
107 92 50
107 92 50
107 92 50
107 92 50
107 92 50
107 92 50
107 92 50
107 92 50
107 91 50
107 91 50
107 91 50
107 91 50
107 91 50
107 91 50
107 91 50
107 91 50
107 91 50
107 91 50
107 91 50
107 91 50
107 91 50
107 90 50
107 90 50
107 90 50
107 90 50
107 90 50
107 90 50
107 90 50
107 90 50
107 90 50
107 90 50
107 90 50
107 90 50
107 90 50
107 90 50
107 89 50
107 89 50
107 89 50
107 89 50
107 89 50
107 89 50
107 89 50
107 89 50
107 89 50
107 89 50
107 89 50
107 89 50
107 89 50
107 89 50
107 89 50
107 89 50
107 88 50
107 88 50
107 88 50
107 88 50
107 88 50
107 88 50
107 88 50
107 88 50
107 88 50
107 88 50
107 88 50
107 88 50
107 88 50
107 88 50
107 88 50
107 88 50
107 88 50
107 88 50
107 87 50
107 87 50
107 87 50
107 87 50
107 87 50
107 87 50
107 87 50
107 87 50
107 87 50
107 87 50
107 87 50
107 87 50
107 87 50
107 87 50
107 87 50
107 87 50
107 87 50
107 87 50
107 87 50
107 87 50
107 86 50
107 86 50
107 86 50
107 86 50
107 86 50
107 86 50
107 86 50
107 86 50
107 86 50
107 86 50
107 86 50
107 86 50
107 86 50
107 86 50
107 86 50
107 86 50
107 86 50
107 86 50
107 86 50
107 86 50
107 86 50
107 86 50
107 86 50
107 85 50
107 85 50
107 85 50
107 85 50
107 85 50
107 85 50
107 85 50
107 85 50
107 85 50
107 85 50
107 85 50
107 85 50
107 85 50
107 85 50
107 85 50
107 85 50
107 85 50
107 85 50
107 85 50
107 85 50
107 85 50
107 85 50
107 85 50
107 85 50
107 85 50
107 84 50
107 84 50
107 84 50
107 84 50
107 84 50
107 84 50
107 84 50
107 84 50
107 84 50
107 84 50
107 84 50
107 84 50
107 84 50
107 84 50
107 84 50
107 84 50
107 84 50
107 84 50
107 84 50
107 84 50
107 84 50
107 84 50
107 84 50
107 84 50
107 84 50
107 84 50
107 84 50
107 84 50
107 83 50
107 83 50
107 83 50
107 83 50
107 83 50
107 83 50
107 83 50
107 83 50
107 83 50
107 83 50
107 83 50
107 83 50
107 83 50
107 83 50
107 83 50
107 83 50
107 83 50
107 83 50
107 83 50
107 83 50
107 83 50
107 83 50
107 83 50
107 83 50
107 83 50
107 83 50
107 83 50
107 83 50
107 83 50
107 83 50
107 83 50
107 83 50
107 82 50
107 82 50
107 82 50
107 82 50
107 82 50
107 82 50
107 82 50
107 82 50
107 82 50
107 82 50
107 82 50
107 82 50
107 82 50
107 82 50
107 82 50
107 82 50
107 82 50
107 82 50
107 82 50
107 82 50
107 82 50
107 82 50
107 82 50
107 82 50
107 82 50
107 82 50
107 82 50
107 82 50
107 82 50
107 82 50
107 82 50
107 82 50
107 82 50
107 82 50
107 82 50
107 82 50
107 81 50
107 81 50
107 81 50
107 81 50
107 81 50
107 81 50
107 81 50
107 81 50
107 81 50
107 81 50
107 81 50
107 81 50
107 81 50
107 81 50
107 81 50
107 81 50
107 81 50
107 81 50
107 81 50
107 81 50
107 81 50
107 81 50
107 81 50
107 81 50
107 81 50
107 81 50
107 81 50
107 81 50
107 81 50
107 81 50
107 81 50
107 81 50
107 81 50
107 81 50
107 81 50
107 81 50
107 81 50
107 81 50
107 81 50
107 81 50
107 81 50
107 80 50
107 80 50
107 80 50
107 80 50
107 80 50
107 80 50
107 80 50
107 80 50
107 80 50
107 80 50
107 80 50
107 80 50
107 80 50
107 80 50
107 80 50
107 80 50
107 80 50
107 80 50
107 80 50
107 80 50
107 80 50
107 80 50
107 80 50
107 80 50
107 80 50
107 80 50
107 80 50
107 80 50
107 80 50
107 80 50
107 80 50
107 80 50
107 80 50
107 80 50
107 80 50
107 80 50
107 80 50
107 80 50
107 80 50
107 80 50
107 80 50
107 80 50
107 80 50
107 80 50
107 80 50
107 80 50
107 80 50
107 79 50
107 79 50
107 79 50
107 79 50
107 79 50
107 79 50
107 79 50
107 79 50
107 79 50
107 79 50
107 79 50
107 79 50
107 79 50
107 79 50
107 79 50
107 79 50
107 79 50
107 79 50
107 79 50
107 79 50
107 79 50
107 79 50
107 79 50
107 79 50
107 79 50
107 79 50
107 79 50
107 79 50
107 79 50
107 79 50
107 79 50
107 79 50
107 79 50
107 79 50
107 79 50
107 79 50
107 79 50
107 79 50
107 79 50
107 79 50
107 79 50
107 79 50
107 79 50
107 79 50
107 79 50
107 79 50
107 79 50
107 79 50
107 79 50
107 79 50
107 79 50
107 79 50
107 79 50
107 78 50
107 78 50
107 78 50
107 78 50
107 78 50
107 78 50
107 78 50
107 78 50
107 78 50
107 78 50
107 78 50
107 78 50
107 78 50
107 78 50
107 78 50
107 78 50
107 78 50
107 78 50
107 78 50
107 78 50
107 78 50
107 78 50
107 78 50
107 78 50
107 78 50
107 78 50
107 78 50
107 78 50
107 78 50
107 78 50
107 78 50
107 78 50
107 78 50
107 78 50
107 78 50
107 78 50
107 78 50
107 78 50
107 78 50
107 78 50
107 78 50
107 78 50
107 78 50
107 78 50
107 78 50
107 78 50
107 78 50
107 78 50
107 78 50
107 78 50
107 78 50
107 78 50
107 78 50
107 78 50
107 78 50
107 78 50
107 78 50
107 78 50
107 78 50
107 77 50
107 77 50
107 77 50
107 77 50
107 77 50
107 77 50
107 77 50
107 77 50
107 77 50
107 77 50
107 77 50
107 77 50
107 77 50
107 77 50
107 77 50
107 77 50
107 77 50
107 77 50
107 77 50
107 77 50
107 77 50
107 77 50
107 77 50
107 77 50
107 77 50
107 77 50
107 77 50
107 77 50
107 77 50
107 77 50
107 77 50
107 77 50
107 77 50
107 77 50
107 77 50
107 77 50
107 77 50
107 77 50
107 77 50
107 77 50
107 77 50
107 77 50
107 77 50
107 77 50
107 77 50
107 77 50
107 77 50
107 77 50
107 77 50
107 77 50
107 77 50
107 77 50
107 77 50
107 77 50
107 77 50
107 77 50
107 77 50
107 77 50
107 77 50
107 77 50
107 77 50
107 77 50
107 77 50
107 77 50
107 76 50
107 76 50
107 76 50
107 76 50
107 76 50
107 76 50
107 76 50
107 76 50
107 76 50
107 76 50
107 76 50
107 76 50
107 76 50
107 76 50
107 76 50
107 76 50
107 76 50
107 76 50
107 76 50
107 76 50
107 76 50
107 76 50
107 76 50
107 76 50
107 76 50
107 76 50
107 76 50
107 76 50
107 76 50
107 76 50
107 76 50
107 76 50
107 76 50
107 76 50
107 76 50
107 76 50
107 76 50
107 76 50
107 76 50
107 76 50
107 76 50
107 76 50
107 76 50
107 76 50
107 76 50
107 76 50
107 76 50
107 76 50
107 76 50
107 76 50
107 76 50
107 76 50
107 76 50
107 76 50
107 76 50
107 76 50
107 76 50
107 76 50
107 76 50
107 76 50
107 76 50
107 76 50
107 76 50
107 76 50
107 76 50
107 76 50
107 76 50
107 76 50
107 76 50
107 75 50
107 75 50
107 75 50
107 75 50
107 75 50
107 75 50
107 75 50
107 75 50
107 75 50
107 75 50
107 75 50
107 75 50
107 75 50
107 75 50
107 75 50
107 75 50
107 75 50
107 75 50
107 75 50
107 75 50
107 75 50
107 75 50
107 75 50
107 75 50
107 75 50
107 75 50
107 75 50
107 75 50
107 75 50
107 75 50
107 75 50
107 75 50
107 75 50
107 75 50
107 75 50
107 75 50
107 75 50
107 75 50
107 75 50
107 75 50
107 75 50
107 75 50
107 75 50
107 75 50
107 75 50
107 75 50
107 75 50
107 75 50
107 75 50
107 75 50
107 75 50
107 75 50
107 75 50
107 75 50
107 75 50
107 75 50
107 75 50
107 75 50
107 75 50
107 75 50
107 75 50
107 75 50
107 75 50
107 75 50
107 75 50
107 75 50
107 75 50
107 75 50
107 75 50
107 75 50
107 75 50
107 75 50
107 75 50
107 74 50
107 74 50
107 74 50
107 74 50
107 74 50
107 74 50
107 74 50
107 74 50
107 74 50
107 74 50
107 74 50
107 74 50
107 74 50
107 74 50
107 74 50
107 74 50
107 74 50
107 74 50
107 74 50
107 74 50
107 74 50
107 74 50
107 74 50
107 74 50
107 74 50
107 74 50
107 74 50
107 74 50
107 74 50
107 74 50
107 74 50
107 74 50
107 74 50
107 74 50
107 74 50
107 74 50
107 74 50
107 74 50
107 74 50
107 74 50
107 74 50
107 74 50
107 74 50
107 74 50
107 74 50
107 74 50
107 74 50
107 74 50
107 74 50
107 74 50
107 74 50
107 74 50
107 74 50
107 74 50
107 74 50
107 74 50
107 74 50
107 74 50
107 74 50
107 74 50
107 74 50
107 74 50
107 74 50
107 74 50
107 74 50
107 74 50
107 74 50
107 74 50
107 74 50
107 74 50
107 74 50
107 74 50
107 74 50
107 74 50
107 74 50
107 73 50
107 73 50
107 73 50
107 73 50
107 73 50
107 73 50
107 73 50
107 73 50
107 73 50
107 73 50
107 73 50
107 73 50
107 73 50
107 73 50
107 73 50
107 73 50
107 73 50
107 73 50
107 73 50
107 73 50
107 73 50
107 73 50
107 73 50
107 73 50
107 73 50
107 73 50
107 73 50
107 73 50
107 73 50
107 73 50
107 73 50
107 73 50
107 73 50
107 73 50
107 73 50
107 73 50
107 73 50
107 73 50
107 73 50
107 73 50
107 73 50
107 73 50
107 73 50
107 73 50
107 73 50
107 73 50
107 73 50
107 73 50
107 73 50
107 73 50
107 73 50
107 73 50
107 73 50
107 73 50
107 73 50
107 73 50
107 73 50
107 73 50
107 73 50
107 73 50
107 73 50
107 73 50
107 73 50
107 73 50
107 73 50
107 73 50
107 73 50
107 73 50
107 73 50
107 73 50
107 73 50
107 73 50
107 73 50
107 73 50
107 73 50
107 73 50
107 72 50
107 72 50
107 72 50
107 72 50
107 72 50
107 72 50
107 72 50
107 72 50
107 72 50
107 72 50
107 72 50
107 72 50
107 72 50
107 72 50
107 72 50
107 72 50
107 72 50
107 72 50
107 72 50
107 72 50
107 72 50
107 72 50
107 72 50
107 72 50
107 72 50
107 72 50
107 72 50
107 72 50
107 72 50
107 72 50
107 72 50
107 72 50
107 72 50
107 72 50
107 72 50
107 72 50
107 72 50
107 72 50
107 72 50
107 72 50
107 72 50
107 72 50
107 72 50
107 72 50
107 72 50
107 72 50
107 72 50
107 72 50
107 72 50
107 72 50
107 72 50
107 72 50
107 72 50
107 72 50
107 72 50
107 72 50
107 72 50
107 72 50
107 72 50
107 72 50
107 72 50
107 72 50
107 72 50
107 72 50
107 72 50
107 72 50
107 72 50
107 72 50
107 72 50
107 72 50
107 72 50
107 72 50
107 72 50
107 72 50
107 72 50
107 72 50
107 71 50
107 71 50
107 71 50
107 71 50
107 71 50
107 71 50
107 71 50
107 71 50
107 71 50
107 71 50
107 71 50
107 71 50
107 71 50
107 71 50
107 71 50
107 71 50
107 71 50
107 71 50
107 71 50
107 71 50
107 71 50
107 71 50
107 71 50
107 71 50
107 71 50
107 71 50
107 71 50
107 71 50
107 71 50
107 71 50
107 71 50
107 71 50
107 71 50
107 71 50
107 71 50
107 71 50
107 71 50
107 71 50
107 71 50
107 71 50
107 71 50
107 71 50
107 71 50
107 71 50
107 71 50
107 71 50
107 71 50
107 71 50
107 71 50
107 71 50
107 71 50
107 71 50
107 71 50
107 71 50
107 71 50
107 71 50
107 71 50
107 71 50
107 71 50
107 71 50
107 71 50
107 71 50
107 71 50
107 71 50
107 71 50
107 71 50
107 71 50
107 71 50
107 71 50
107 71 50
107 71 50
107 71 50
107 71 50
107 71 50
107 71 50
107 70 50
107 70 50
107 70 50
107 70 50
107 70 50
107 70 50
107 70 50
107 70 50
107 70 50
107 70 50
107 70 50
107 70 50
107 70 50
107 70 50
107 70 50
107 70 50
107 70 50
107 70 50
107 70 50
107 70 50
107 70 50
107 70 50
107 70 50
107 70 50
107 70 50
107 70 50
107 70 50
107 70 50
107 70 50
107 70 50
107 70 50
107 70 50
107 70 50
107 70 50
107 70 50
107 70 50
107 70 50
107 70 50
107 70 50
107 70 50
107 70 50
107 70 50
107 70 50
107 70 50
107 70 50
107 70 50
107 70 50
107 70 50
107 70 50
107 70 50
107 70 50
107 70 50
107 70 50
107 70 50
107 70 50
107 70 50
107 70 50
107 70 50
107 70 50
107 70 50
107 70 50
107 70 50
107 70 50
107 70 50
107 70 50
107 70 50
107 70 50
107 70 50
107 70 50
107 70 50
107 70 50
107 70 50
107 69 50
107 69 50
107 69 50
107 69 50
107 69 50
107 69 50
107 69 50
107 69 50
107 69 50
107 69 50
107 69 50
107 69 50
107 69 50
107 69 50
107 69 50
107 69 50
107 69 50
107 69 50
107 69 50
107 69 50
107 69 50
107 69 50
107 69 50
107 69 50
107 69 50
107 69 50
107 69 50
107 69 50
107 69 50
107 69 50
107 69 50
107 69 50
107 69 50
107 69 50
107 69 50
107 69 50
107 69 50
107 69 50
107 69 50
107 69 50
107 69 50
107 69 50
107 69 50
107 69 50
107 69 50
107 69 50
107 69 50
107 69 50
107 69 50
107 69 50
107 69 50
107 69 50
107 69 50
107 69 50
107 69 50
107 69 50
107 69 50
107 69 50
107 69 50
107 69 50
107 69 50
107 69 50
107 69 50
107 69 50
107 69 50
107 69 50
107 69 50
107 69 50
107 69 50
107 68 50
107 68 50
107 68 50
107 68 50
107 68 50
107 68 50
107 68 50
107 68 50
107 68 50
107 68 50
107 68 50
107 68 50
107 68 50
107 68 50
107 68 50
107 68 50
107 68 50
107 68 50
107 68 50
107 68 50
107 68 50
107 68 50
107 68 50
107 68 50
107 68 50
107 68 50
107 68 50
107 68 50
107 68 50
107 68 50
107 68 50
107 68 50
107 68 50
107 68 50
107 68 50
107 68 50
107 68 50
107 68 50
107 68 50
107 68 50
107 68 50
107 68 50
107 68 50
107 68 50
107 68 50
107 68 50
107 68 50
107 68 50
107 68 50
107 68 50
107 68 50
107 68 50
107 68 50
107 68 50
107 68 50
107 68 50
107 68 50
107 68 50
107 68 50
107 68 50
107 68 50
107 68 50
107 68 50
107 68 50
107 68 50
107 68 50
107 67 50
107 67 50
107 67 50
107 67 50
107 67 50
107 67 50
107 67 50
107 67 50
107 67 50
107 67 50
107 67 50
107 67 50
107 67 50
107 67 50
107 67 50
107 67 50
107 67 50
107 67 50
107 67 50
107 67 50
107 67 50
107 67 50
107 67 50
107 67 50
107 67 50
107 67 50
107 67 50
107 67 50
107 67 50
107 67 50
107 67 50
107 67 50
107 67 50
107 67 50
107 67 50
107 67 50
107 67 50
107 67 50
107 67 50
107 67 50
107 67 50
107 67 50
107 67 50
107 67 50
107 67 50
107 67 50
107 67 50
107 67 50
107 67 50
107 67 50
107 67 50
107 67 50
107 67 50
107 67 50
107 67 50
107 67 50
107 67 50
107 67 50
107 67 50
107 67 50
107 67 50
107 67 50
107 67 50
107 66 50
107 66 50
107 66 50
107 66 50
107 66 50
107 66 50
107 66 50
107 66 50
107 66 50
107 66 50
107 66 50
107 66 50
107 66 50
107 66 50
107 66 50
107 66 50
107 66 50
107 66 50
107 66 50
107 66 50
107 66 50
107 66 50
107 66 50
107 66 50
107 66 50
107 66 50
107 66 50
107 66 50
107 66 50
107 66 50
107 66 50
107 66 50
107 66 50
107 66 50
107 66 50
107 66 50
107 66 50
107 66 50
107 66 50
107 66 50
107 66 50
107 66 50
107 66 50
107 66 50
107 66 50
107 66 50
107 66 50
107 66 50
107 66 50
107 66 50
107 66 50
107 66 50
107 66 50
107 66 50
107 66 50
107 66 50
107 66 50
107 66 50
107 66 50
107 66 50
107 65 50
107 65 50
107 65 50
107 65 50
107 65 50
107 65 50
107 65 50
107 65 50
107 65 50
107 65 50
107 65 50
107 65 50
107 65 50
107 65 50
107 65 50
107 65 50
107 65 50
107 65 50
107 65 50
107 65 50
107 65 50
107 65 50
107 65 50
107 65 50
107 65 50
107 65 50
107 65 50
107 65 50
107 65 50
107 65 50
107 65 50
107 65 50
107 65 50
107 65 50
107 65 50
107 65 50
107 65 50
107 65 50
107 65 50
107 65 50
107 65 50
107 65 50
107 65 50
107 65 50
107 65 50
107 65 50
107 65 50
107 65 50
107 65 50
107 65 50
107 65 50
107 65 50
107 65 50
107 65 50
107 65 50
107 65 50
107 65 50
107 64 50
107 64 50
107 64 50
107 64 50
107 64 50
107 64 50
107 64 50
107 64 50
107 64 50
107 64 50
107 64 50
107 64 50
107 64 50
107 64 50
107 64 50
107 64 50
107 64 50
107 64 50
107 64 50
107 64 50
107 64 50
107 64 50
107 64 50
107 64 50
107 64 50
107 64 50
107 64 50
107 64 50
107 64 50
107 64 50
107 64 50
107 64 50
107 64 50
107 64 50
107 64 50
107 64 50
107 64 50
107 64 50
107 64 50
107 64 50
107 64 50
107 64 50
107 64 50
107 64 50
107 64 50
107 64 50
107 64 50
107 64 50
107 64 50
107 64 50
107 64 50
107 64 50
107 64 50
107 64 50
107 64 50
107 63 50
107 63 50
107 63 50
107 63 50
107 63 50
107 63 50
107 63 50
107 63 50
107 63 50
107 63 50
107 63 50
107 63 50
107 63 50
107 63 50
107 63 50
107 63 50
107 63 50
107 63 50
107 63 50
107 63 50
107 63 50
107 63 50
107 63 50
107 63 50
107 63 50
107 63 50
107 63 50
107 63 50
107 63 50
107 63 50
107 63 50
107 63 50
107 63 50
107 63 50
107 63 50
107 63 50
107 63 50
107 63 50
107 63 50
107 63 50
107 63 50
107 63 50
107 63 50
107 63 50
107 63 50
107 63 50
107 63 50
107 63 50
107 63 50
107 63 50
107 63 50
107 63 50
107 63 50
107 62 50
107 62 50
107 62 50
107 62 50
107 62 50
107 62 50
107 62 50
107 62 50
107 62 50
107 62 50
107 62 50
107 62 50
107 62 50
107 62 50
107 62 50
107 62 50
107 62 50
107 62 50
107 62 50
107 62 50
107 62 50
107 62 50
107 62 50
107 62 50
107 62 50
107 62 50
107 62 50
107 62 50
107 62 50
107 62 50
107 62 50
107 62 50
107 62 50
107 62 50
107 62 50
107 62 50
107 62 50
107 62 50
107 62 50
107 62 50
107 62 50
107 62 50
107 62 50
107 62 50
107 62 50
107 62 50
107 62 50
107 62 50
107 62 50
107 62 50
107 62 50
107 61 50
107 61 50
107 61 50
107 61 50
107 61 50
107 61 50
107 61 50
107 61 50
107 61 50
107 61 50
107 61 50
107 61 50
107 61 50
107 61 50
107 61 50
107 61 50
107 61 50
107 61 50
107 61 50
107 61 50
107 61 50
107 61 50
107 61 50
107 61 50
107 61 50
107 61 50
107 61 50
107 61 50
107 61 50
107 61 50
107 61 50
107 61 50
107 61 50
107 61 50
107 61 50
107 61 50
107 61 50
107 61 50
107 61 50
107 61 50
107 61 50
107 61 50
107 61 50
107 61 50
107 61 50
107 61 50
107 61 50
107 61 50
107 61 50
107 60 50
107 60 50
107 60 50
107 60 50
107 60 50
107 60 50
107 60 50
107 60 50
107 60 50
107 60 50
107 60 50
107 60 50
107 60 50
107 60 50
107 60 50
107 60 50
107 60 50
107 60 50
107 60 50
107 60 50
107 60 50
107 60 50
107 60 50
107 60 50
107 60 50
107 60 50
107 60 50
107 60 50
107 60 50
107 60 50
107 60 50
107 60 50
107 60 50
107 60 50
107 60 50
107 60 50
107 60 50
107 60 50
107 60 50
107 60 50
107 60 50
107 60 50
107 60 50
107 60 50
107 60 50
107 60 50
107 60 50
107 60 50
107 60 50
107 59 50
107 59 50
107 59 50
107 59 50
107 59 50
107 59 50
107 59 50
107 59 50
107 59 50
107 59 50
107 59 50
107 59 50
107 59 50
107 59 50
107 59 50
107 59 50
107 59 50
107 59 50
107 59 50
107 59 50
107 59 50
107 59 50
107 59 50
107 59 50
107 59 50
107 59 50
107 59 50
107 59 50
107 59 50
107 59 50
107 59 50
107 59 50
107 59 50
107 59 50
107 59 50
107 59 50
107 59 50
107 59 50
107 59 50
107 59 50
107 59 50
107 59 50
107 59 50
107 59 50
107 59 50
107 59 50
107 59 50
107 59 50
107 59 50
107 58 50
107 58 50
107 58 50
107 58 50
107 58 50
107 58 50
107 58 50
107 58 50
107 58 50
107 58 50
107 58 50
107 58 50
107 58 50
107 58 50
107 58 50
107 58 50
107 58 50
107 58 50
107 58 50
107 58 50
107 58 50
107 58 50
107 58 50
107 58 50
107 58 50
107 58 50
107 58 50
107 58 50
107 58 50
107 58 50
107 58 50
107 58 50
107 58 50
107 58 50
107 58 50
107 58 50
107 58 50
107 58 50
107 58 50
107 58 50
107 58 50
107 58 50
107 58 50
107 58 50
107 58 50
107 58 50
107 58 50
107 58 50
107 58 50
107 58 50
107 57 50
107 57 50
107 57 50
107 57 50
107 57 50
107 57 50
107 57 50
107 57 50
107 57 50
107 57 50
107 57 50
107 57 50
107 57 50
107 57 50
107 57 50
107 57 50
107 57 50
107 57 50
107 57 50
107 57 50
107 57 50
107 57 50
107 57 50
107 57 50
107 57 50
107 57 50
107 57 50
107 57 50
107 57 50
107 57 50
107 57 50
107 57 50
107 57 50
107 57 50
107 57 50
107 57 50
107 57 50
107 57 50
107 57 50
107 57 50
107 57 50
107 57 50
107 57 50
107 57 50
107 57 50
107 57 50
107 57 50
107 57 50
107 57 50
107 57 50
107 57 50
107 56 50
107 56 50
107 56 50
107 56 50
107 56 50
107 56 50
107 56 50
107 56 50
107 56 50
107 56 50
107 56 50
107 56 50
107 56 50
107 56 50
107 56 50
107 56 50
107 56 50
107 56 50
107 56 50
107 56 50
107 56 50
107 56 50
107 56 50
107 56 50
107 56 50
107 56 50
107 56 50
107 56 50
107 56 50
107 56 50
107 56 50
107 56 50
107 56 50
107 56 50
107 56 50
107 56 50
107 56 50
107 56 50
107 56 50
107 56 50
107 56 50
107 56 50
107 56 50
107 56 50
107 56 50
107 56 50
107 56 50
107 56 50
107 56 50
107 56 50
107 56 50
107 55 50
107 55 50
107 55 50
107 55 50
107 55 50
107 55 50
107 55 50
107 55 50
107 55 50
107 55 50
107 55 50
107 55 50
107 55 50
107 55 50
107 55 50
107 55 50
107 55 50
107 55 50
107 55 50
107 55 50
107 55 50
107 55 50
107 55 50
107 55 50
107 55 50
107 55 50
107 55 50
107 55 50
107 55 50
107 55 50
107 55 50
107 55 50
107 55 50
107 55 50
107 55 50
107 55 50
107 55 50
107 55 50
107 55 50
107 55 50
107 55 50
107 55 50
107 55 50
107 55 50
107 55 50
107 55 50
107 55 50
107 55 50
107 55 50
107 54 50
107 54 50
107 54 50
107 54 50
107 54 50
107 54 50
107 54 50
107 54 50
107 54 50
107 54 50
107 54 50
107 54 50
107 54 50
107 54 50
107 54 50
107 54 50
107 54 50
107 54 50
107 54 50
107 54 50
107 54 50
107 54 50
107 54 50
107 54 50
107 54 50
107 54 50
107 54 50
107 54 50
107 54 50
107 54 50
107 54 50
107 54 50
107 54 50
107 54 50
107 54 50
107 54 50
107 54 50
107 54 50
107 54 50
107 54 50
107 54 50
107 54 50
107 54 50
107 54 50
107 54 50
107 54 50
107 53 50
107 53 50
107 53 50
107 53 50
107 53 50
107 53 50
107 53 50
107 53 50
107 53 50
107 53 50
107 53 50
107 53 50
107 53 50
107 53 50
107 53 50
107 53 50
107 53 50
107 53 50
107 53 50
107 53 50
107 53 50
107 53 50
107 53 50
107 53 50
107 53 50
107 53 50
107 53 50
107 53 50
107 53 50
107 53 50
107 53 50
107 53 50
107 53 50
107 53 50
107 53 50
107 53 50
107 53 50
107 53 50
107 53 50
107 53 50
107 53 50
107 53 50
107 52 50
107 52 50
107 52 50
107 52 50
107 52 50
107 52 50
107 52 50
107 52 50
107 52 50
107 52 50
107 52 50
107 52 50
107 52 50
107 52 50
107 52 50
107 52 50
107 52 50
107 52 50
107 52 50
107 52 50
107 52 50
107 52 50
107 52 50
107 52 50
107 52 50
107 52 50
107 52 50
107 52 50
107 52 50
107 52 50
107 52 50
107 52 50
107 52 50
107 52 50
107 52 50
107 52 50
107 52 50
107 51 50
107 51 50
107 51 50
107 51 50
107 51 50
107 51 50
107 51 50
107 51 50
107 51 50
107 51 50
107 51 50
107 51 50
107 51 50
107 51 50
107 51 50
107 51 50
107 51 50
107 51 50
107 51 50
107 51 50
107 51 50
107 51 50
107 51 50
107 51 50
107 51 50
107 51 50
107 51 50
107 51 50
107 51 50
107 51 50
107 51 50
107 51 50
107 50 50
107 50 50
107 50 50
107 50 50
107 50 50
107 50 50
107 50 50
107 50 50
107 50 50
107 50 50
107 50 50
107 50 50
107 50 50
107 50 50
107 50 50
107 50 50
107 50 50
107 50 50
107 50 50
107 50 50
107 50 50
107 50 50
107 50 50
107 50 50
107 50 50
107 50 50
107 49 50
107 49 50
107 49 50
107 49 50
107 49 50
107 49 50
107 49 50
107 49 50
107 49 50
107 49 50
107 49 50
107 49 50
107 49 50
107 49 50
107 49 50
107 49 50
107 49 50
107 49 50
107 49 50
107 49 50
107 49 50
107 49 50
107 48 50
107 48 50
107 48 50
107 48 50
107 48 50
107 48 50
107 48 50
107 48 50
107 48 50
107 48 50
107 48 50
107 48 50
107 48 50
107 48 50
107 48 50
107 48 50
107 48 50
107 47 50
107 47 50
107 47 50
107 47 50
107 47 50
107 47 50
107 47 50
107 47 50
107 47 50
107 47 50
107 47 50
107 47 50
107 47 50
107 47 50
107 46 50
107 46 50
107 46 50
107 46 50
107 46 50
107 46 50
107 46 50
107 46 50
107 46 50
107 46 50
107 46 50
107 45 50
107 45 50
107 45 50
107 45 50
107 45 50
107 45 50
107 45 50
107 45 50
107 45 50
107 44 50
107 44 50
107 44 50
107 44 50
107 44 50
107 44 50
107 44 50
107 43 50
107 43 50
107 43 50
107 43 50
107 43 50
107 42 50
107 42 50
107 42 50
107 42 50
107 41 50
107 41 50
107 41 50
107 40 50
107 40 50
107 40 50
107 39 50
107 39 50
107 38 50
107 38 50
107 37 50
107 36 50
107 35 50
107 34 50
107 33 50
107 32 50
107 31 50
107 30 50
107 29 50
