139 46 120
139 46 120
139 46 120
139 46 120
139 46 120
139 46 120
139 46 120
139 46 120
139 46 120
139 46 120
139 46 120
139 46 120
139 46 120
139 46 120
139 46 120
139 46 120
138 46 1800
137 46 1800
136 46 1800
135 46 120
135 46 120
135 46 120
135 46 120
135 46 120
135 46 120
135 46 120
135 46 120
135 46 120
135 46 120
135 46 120
135 46 120
135 46 120
134 46 1440
133 46 1440
132 46 1440
131 46 120
131 46 120
131 46 120
131 46 120
131 46 120
131 46 120
131 46 120
130 46 720
130 46 120
129 46 720
128 46 720
127 46 720
126 46 120
126 46 120
126 46 120
126 46 120
126 46 120
125 46 480
125 46 120
124 46 480
124 46 120
123 46 480
123 46 120
123 46 120
122 46 600
122 46 120
121 46 600
121 46 120
120 46 600
120 46 120
119 46 600
119 46 120
118 46 600
117 46 600
116 46 600
115 46 120
115 46 120
115 46 120
115 46 120
114 46 360
114 46 120
113 46 360
113 46 120
112 46 360
112 46 120
111 46 360
111 46 120
111 46 120
110 46 480
110 46 120
109 46 480
109 46 120
109 46 120
108 46 600
108 46 120
108 46 120
108 46 120
108 45 840
108 44 840
108 43 840
108 42 120
108 42 120
108 42 120
108 41 240
108 41 120
108 40 240
108 40 120
108 39 240
108 38 240
108 37 240
108 36 120
108 35 120
108 34 120
108 33 120
108 32 120
108 31 120
108 30 120
108 29 120
108 28 120
108 27 120
108 26 120
108 25 120
108 24 120
108 23 120
108 22 120
108 21 120
108 20 120
108 19 120
108 18 120
108 17 120
108 16 120
108 15 120
108 14 120
108 13 120
108 12 120
108 11 120
108 10 120
108 9 120
108 8 120
108 7 120
108 6 120
108 5 120
108 4 120
109 173 120
110 173 120
111 173 120
112 173 120
113 173 120
114 173 120
115 173 120
116 173 120
117 173 120
118 173 120
119 173 120
120 173 120
121 173 120
122 173 120
123 173 120
124 173 120
125 173 120
126 173 120
127 173 120
128 173 120
129 173 120
130 173 120
131 173 120
132 173 120
133 173 120
134 173 120
135 173 120
136 173 120
137 173 120
138 173 120
139 173 120
140 173 120
141 173 120
142 173 120
142 172 120
142 171 120
142 170 120
142 169 120
142 168 120
142 167 120
142 166 120
142 165 120
142 164 120
142 163 120
142 162 120
142 161 120
142 160 120
142 159 120
142 158 120
142 157 120
142 156 120
142 155 120
142 154 120
142 153 120
142 152 120
142 151 120
142 150 120
142 149 120
142 148 120
142 147 120
142 146 120
142 145 120
142 144 120
142 143 120
142 142 120
142 141 120
142 140 120
142 139 120
142 138 120
142 137 120
142 136 120
142 135 120
142 134 120
142 133 120
142 132 120
142 131 120
142 130 120
142 129 120
142 128 120
142 127 120
142 126 120
142 125 120
142 124 120
142 123 120
108 173 120
107 173 120
106 173 120
105 173 120
104 173 120
103 173 120
102 173 120
101 173 120
100 173 120
99 173 120
98 173 120
97 173 120
96 173 120
95 173 120
94 173 120
93 173 120
92 173 120
91 173 120
90 173 120
89 173 120
88 173 120
87 173 120
86 173 120
85 173 120
84 173 120
83 173 120
82 173 120
81 173 120
80 173 120
79 173 120
78 173 120
77 173 120
76 173 120
75 173 120
75 173 120
74 173 120
74 173 120
73 173 120
73 173 120
73 173 120
72 173 240
72 173 120
71 173 240
71 173 120
71 173 120
70 173 360
70 173 120
70 173 120
69 173 480
69 173 120
68 173 480
68 173 120
68 173 120
67 173 600
66 173 600
65 173 600
64 173 120
64 173 120
64 173 120
64 173 120
63 173 360
63 173 120
62 173 360
62 173 120
62 173 120
61 173 480
61 173 120
60 173 480
60 173 120
60 173 120
59 173 600
59 173 120
59 173 120
58 173 720
58 173 120
58 173 120
58 173 120
57 173 960
57 173 120
57 173 120
56 173 1080
56 173 120
56 173 120
55 173 1200
55 173 120
54 173 1200
54 173 120
53 173 1200
52 173 1200
51 173 1200
50 173 120
50 173 120
50 173 120
50 173 120
50 173 120
50 173 120
50 173 120
49 173 720
48 173 720
47 173 720
46 173 120
46 173 120
46 173 120
46 173 120
46 173 120
46 173 120
46 173 120
45 173 720
45 173 120
45 173 120
44 173 840
44 173 120
44 173 120
43 173 960
43 173 120
43 173 120
42 173 1080
42 173 120
41 173 1080
40 173 1080
39 173 1080
38 173 120
38 173 120
38 173 120
38 173 120
38 173 120
38 173 120
37 173 600
36 173 600
35 173 600
34 173 120
34 173 120
34 173 120
34 173 120
34 173 120
33 173 480
33 173 120
32 173 480
32 173 120
31 173 480
30 173 480
29 173 480
28 173 120
28 173 120
27 173 120
27 173 120
26 173 120
26 173 120
25 173 120
24 173 120
23 173 120
22 173 120
21 173 120
20 173 120
19 173 120
18 173 120
17 173 120
16 173 120
15 173 120
14 173 120
13 173 120
12 173 120
11 173 120
11 172 120
11 171 120
11 170 120
11 169 120
11 168 120
11 167 120
11 166 120
11 165 120
11 164 120
11 163 120
11 162 120
11 161 120
11 160 120
11 159 120
11 158 120
11 157 120
11 156 120
11 155 120
