35 197 25
35 197 25
35 197 25
35 197 25
35 197 25
36 197 25
36 197 25
36 197 25
36 197 25
36 197 25
37 197 25
37 197 25
37 197 25
37 197 25
37 197 25
38 197 25
38 197 25
38 197 25
38 197 25
38 197 25
39 197 25
39 197 25
39 197 25
39 197 25
39 197 25
40 197 25
40 197 25
40 197 25
40 197 25
40 197 25
41 197 25
41 197 25
41 197 25
41 197 25
41 197 25
42 197 25
42 197 25
42 197 25
42 197 25
42 197 25
43 197 25
43 197 25
43 197 25
43 197 25
43 197 25
44 197 25
44 197 25
44 197 25
44 197 25
45 197 25
45 197 25
45 197 25
46 197 25
46 197 25
46 197 25
47 197 25
47 197 25
47 197 25
48 197 25
48 197 25
49 197 25
49 197 25
50 197 25
50 197 25
50 197 25
51 197 25
51 197 25
51 197 25
52 197 25
52 197 25
52 197 25
53 197 25
53 197 25
53 197 25
54 197 25
54 197 25
54 197 25
55 197 25
55 197 25
55 197 25
56 197 25
56 197 25
56 197 25
57 197 25
57 197 25
57 197 25
58 197 25
58 197 25
59 197 25
59 197 25
60 197 25
60 197 25
61 197 25
61 197 25
62 197 25
62 197 25
63 197 25
63 197 25
63 197 25
64 197 25
64 197 25
64 197 25
65 197 25
65 197 25
65 197 25
65 197 25
66 197 25
66 197 25
66 197 25
66 197 25
66 197 25
67 197 25
67 197 25
67 197 25
67 197 25
67 197 25
67 197 25
67 197 25
68 197 25
68 197 25
68 197 25
68 197 25
68 197 25
68 197 25
68 197 25
68 197 25
68 197 25
68 197 25
69 197 25
69 197 25
69 197 25
69 197 25
69 197 25
69 197 25
69 197 25
69 197 25
69 197 25
69 197 25
69 197 25
69 197 25
69 197 25
70 197 25
70 197 25
70 197 25
70 197 25
70 197 25
70 197 25
70 197 25
70 197 25
70 197 25
70 197 25
70 197 25
70 197 25
70 197 25
70 197 25
70 197 25
70 197 25
70 197 25
71 197 25
71 197 25
71 197 25
71 197 25
71 197 25
71 197 25
71 197 25
71 197 25
71 197 25
71 197 25
71 197 25
71 197 25
71 197 25
71 197 25
71 197 25
71 197 25
71 197 25
71 197 25
71 197 25
71 197 25
71 197 25
71 197 25
71 197 25
72 197 25
72 197 25
72 197 25
72 197 25
72 197 25
72 197 25
72 197 25
72 197 25
72 197 25
72 197 25
72 197 25
72 197 25
72 197 25
72 197 25
72 197 25
72 197 25
72 197 25
72 197 25
72 197 25
72 197 25
72 197 25
72 197 25
72 197 25
72 197 25
72 197 25
72 197 25
72 197 25
72 197 25
72 197 25
72 197 25
72 197 25
73 197 25
73 197 25
73 197 25
73 197 25
73 197 25
73 197 25
73 197 25
73 197 25
73 197 25
73 197 25
73 197 25
73 197 25
73 197 25
73 197 25
73 197 25
73 197 25
73 197 25
73 197 25
73 197 25
73 197 25
73 197 25
73 197 25
73 197 25
73 197 25
73 197 25
73 197 25
73 197 25
73 197 25
73 197 25
73 197 25
73 197 25
73 197 25
73 197 25
73 197 25
73 197 25
73 197 25
73 197 25
73 197 25
73 197 25
74 197 25
74 197 25
74 197 25
74 197 25
74 197 25
74 197 25
74 197 25
74 197 25
74 197 25
74 197 25
74 197 25
74 197 25
74 197 25
74 197 25
74 197 25
74 197 25
74 197 25
74 197 25
74 197 25
74 197 25
74 197 25
74 197 25
74 197 25
74 197 25
74 197 25
74 197 25
74 197 25
74 197 25
74 197 25
74 197 25
74 197 25
74 197 25
74 197 25
74 197 25
74 197 25
74 197 25
74 197 25
74 197 25
74 197 25
74 197 25
74 197 25
74 197 25
74 197 25
74 197 25
74 197 25
74 197 25
75 197 25
75 197 25
75 197 25
75 197 25
75 197 25
75 197 25
75 197 25
75 197 25
75 197 25
75 197 25
75 197 25
75 197 25
75 197 25
75 197 25
75 197 25
75 197 25
75 197 25
75 197 25
75 197 25
75 197 25
75 197 25
75 197 25
75 197 25
75 197 25
75 197 25
75 197 25
75 197 25
75 197 25
75 197 25
75 197 25
75 197 25
75 197 25
75 197 25
75 197 25
75 197 25
75 197 25
75 197 25
75 197 25
75 197 25
75 197 25
75 197 25
75 197 25
75 197 25
75 197 25
75 197 25
75 197 25
75 197 25
75 197 25
75 197 25
75 197 25
75 197 25
76 197 25
76 197 25
76 197 25
76 197 25
76 197 25
76 197 25
76 197 25
76 197 25
76 197 25
76 197 25
76 197 25
76 197 25
76 197 25
76 197 25
76 197 25
76 197 25
76 197 25
76 197 25
76 197 25
76 197 25
76 197 25
76 197 25
76 197 25
76 197 25
76 197 25
76 197 25
76 197 25
76 197 25
76 197 25
76 197 25
76 197 25
76 197 25
76 197 25
76 197 25
76 197 25
76 197 25
76 197 25
76 197 25
76 197 25
76 197 25
76 197 25
76 197 25
76 197 25
76 197 25
76 197 25
76 197 25
76 197 25
76 197 25
76 197 25
76 197 25
76 197 25
76 197 25
77 197 25
77 197 25
77 197 25
77 197 25
77 197 25
77 197 25
77 197 25
77 197 25
77 197 25
77 197 25
77 197 25
77 197 25
77 197 25
77 197 25
77 197 25
77 197 25
77 197 25
77 197 25
77 197 25
77 197 25
77 197 25
77 197 25
77 197 25
77 197 25
77 197 25
77 197 25
77 197 25
77 197 25
77 197 25
77 197 25
77 197 25
77 197 25
77 197 25
77 197 25
77 197 25
77 197 25
77 197 25
77 197 25
77 197 25
77 197 25
77 197 25
77 197 25
77 197 25
77 197 25
77 197 25
77 197 25
77 197 25
77 197 25
77 197 25
77 197 25
77 197 25
77 197 25
78 197 25
78 197 25
78 197 25
78 197 25
78 197 25
78 197 25
78 197 25
78 197 25
78 197 25
78 197 25
78 197 25
78 197 25
78 197 25
78 197 25
78 197 25
78 197 25
78 197 25
78 197 25
78 197 25
78 197 25
78 197 25
78 197 25
78 197 25
78 197 25
78 197 25
78 197 25
78 197 25
78 197 25
78 197 25
78 197 25
78 197 25
78 197 25
78 197 25
78 197 25
78 197 25
78 197 25
78 197 25
78 197 25
78 197 25
78 197 25
78 197 25
78 197 25
78 197 25
78 197 25
78 197 25
78 197 25
78 197 25
78 197 25
78 197 25
78 197 25
79 197 25
79 197 25
79 197 25
79 197 25
79 197 25
79 197 25
79 197 25
79 197 25
79 197 25
79 197 25
79 197 25
79 197 25
79 197 25
79 197 25
79 197 25
79 197 25
79 197 25
79 197 25
79 197 25
79 197 25
79 197 25
79 197 25
79 197 25
79 197 25
79 197 25
79 197 25
79 197 25
79 197 25
79 197 25
79 197 25
79 197 25
79 197 25
79 197 25
79 197 25
79 197 25
79 197 25
79 197 25
79 197 25
79 197 25
79 197 25
79 197 25
79 197 25
79 197 25
79 197 25
79 197 25
79 197 25
79 197 25
79 197 25
80 197 25
80 197 25
80 197 25
80 197 25
80 197 25
80 197 25
80 197 25
80 197 25
80 197 25
80 197 25
80 197 25
80 197 25
80 197 25
80 197 25
80 197 25
80 197 25
80 197 25
80 197 25
80 197 25
80 197 25
80 197 25
80 197 25
80 197 25
80 197 25
80 197 25
80 197 25
80 197 25
80 197 25
80 197 25
80 197 25
80 197 25
80 197 25
80 197 25
80 197 25
80 197 25
80 197 25
80 197 25
80 197 25
80 197 25
80 197 25
80 197 25
80 197 25
80 197 25
80 197 25
80 197 25
80 197 25
81 197 25
81 197 25
81 197 25
81 197 25
81 197 25
81 197 25
81 197 25
81 197 25
81 197 25
81 197 25
81 197 25
81 197 25
81 197 25
81 197 25
81 197 25
81 197 25
81 197 25
81 197 25
81 197 25
81 197 25
81 197 25
81 197 25
81 197 25
81 197 25
81 197 25
81 197 25
81 197 25
81 197 25
81 197 25
81 197 25
81 197 25
81 197 25
81 197 25
81 197 25
81 197 25
81 197 25
81 197 25
81 197 25
81 197 25
81 197 25
81 197 25
81 197 25
81 197 25
82 197 25
82 197 25
82 197 25
82 197 25
82 197 25
82 197 25
82 197 25
82 197 25
82 197 25
82 197 25
82 197 25
82 197 25
82 197 25
82 197 25
82 197 25
82 197 25
82 197 25
82 197 25
82 197 25
82 197 25
82 197 25
82 197 25
82 197 25
82 197 25
82 197 25
82 197 25
82 197 25
82 197 25
82 197 25
82 197 25
82 197 25
82 197 25
82 197 25
82 197 25
82 197 25
82 197 25
82 197 25
82 197 25
82 197 25
83 197 25
83 197 25
83 197 25
83 197 25
83 197 25
83 197 25
83 197 25
83 197 25
83 197 25
83 197 25
83 197 25
83 197 25
83 197 25
83 197 25
83 197 25
83 197 25
83 197 25
83 197 25
83 197 25
83 197 25
83 197 25
83 197 25
83 197 25
83 197 25
83 197 25
83 197 25
83 197 25
83 197 25
83 197 25
83 197 25
83 197 25
83 197 25
83 197 25
83 197 25
83 197 25
84 197 25
84 197 25
84 197 25
84 197 25
84 197 25
84 197 25
84 197 25
84 197 25
84 197 25
84 197 25
84 197 25
84 197 25
84 197 25
84 197 25
84 197 25
84 197 25
84 197 25
84 197 25
84 197 25
84 197 25
84 197 25
84 197 25
84 197 25
84 197 25
84 197 25
84 197 25
84 197 25
84 197 25
84 197 25
84 197 25
84 197 25
84 197 25
85 197 25
85 197 25
85 197 25
85 197 25
85 197 25
85 197 25
85 197 25
85 197 25
85 197 25
85 197 25
85 197 25
85 197 25
85 197 25
85 197 25
85 197 25
85 197 25
85 197 25
85 197 25
85 197 25
85 197 25
85 197 25
85 197 25
85 197 25
85 197 25
85 197 25
85 197 25
85 197 25
85 197 25
85 197 25
85 197 25
86 197 25
86 197 25
86 197 25
86 197 25
86 197 25
86 197 25
86 197 25
86 197 25
86 197 25
86 197 25
86 197 25
86 197 25
86 197 25
86 197 25
86 197 25
86 197 25
86 197 25
86 197 25
86 197 25
86 197 25
86 197 25
86 197 25
86 197 25
86 197 25
86 197 25
86 197 25
86 197 25
86 197 25
86 197 25
87 197 25
87 197 25
87 197 25
87 197 25
87 197 25
87 197 25
87 197 25
87 197 25
87 197 25
87 197 25
87 197 25
87 197 25
87 197 25
87 197 25
87 197 25
87 197 25
87 197 25
87 197 25
87 197 25
87 197 25
87 197 25
87 197 25
87 197 25
87 197 25
87 197 25
87 197 25
87 197 25
87 197 25
87 197 25
87 196 700
87 196 25
87 196 25
87 196 25
87 196 25
87 196 25
87 196 25
87 196 25
87 196 25
87 196 25
87 196 25
87 196 25
87 196 25
87 195 25
87 195 25
87 195 25
87 195 25
87 195 25
87 195 25
87 195 25
87 195 25
87 195 25
87 195 25
87 195 25
87 195 25
87 195 25
87 195 25
87 195 25
87 195 25
87 195 25
87 195 25
87 195 25
87 195 25
87 195 25
87 195 25
87 195 25
87 195 25
87 195 25
87 195 25
87 195 25
87 195 25
87 195 25
87 195 25
87 195 25
87 195 25
87 195 25
87 195 25
87 195 25
87 195 25
87 195 25
87 195 25
87 195 25
87 195 25
87 195 25
87 195 25
87 195 25
87 195 25
87 195 25
87 195 25
87 195 25
87 195 25
87 195 25
87 195 25
87 195 25
87 195 25
87 195 25
87 194 25
87 194 25
87 194 25
87 194 25
87 194 25
87 194 25
87 194 25
87 194 25
87 194 25
87 194 25
87 194 25
87 194 25
87 194 25
87 194 25
87 194 25
87 194 25
87 194 25
87 194 25
87 194 25
87 194 25
87 194 25
87 194 25
87 194 25
87 194 25
87 194 25
87 194 25
87 194 25
87 194 25
87 194 25
87 194 25
87 194 25
87 194 25
87 194 25
87 194 25
87 194 25
87 194 25
87 194 25
87 194 25
87 194 25
87 194 25
87 194 25
87 194 25
87 194 25
87 194 25
87 194 25
87 194 25
87 194 25
87 194 25
87 194 25
87 194 25
87 194 25
87 194 25
87 194 25
87 194 25
87 194 25
87 194 25
87 194 25
87 194 25
87 194 25
87 194 25
87 194 25
87 194 25
87 194 25
87 194 25
87 194 25
87 194 25
87 194 25
87 194 25
87 194 25
87 193 25
87 193 25
87 193 25
87 193 25
87 193 25
87 193 25
87 193 25
87 193 25
87 193 25
87 193 25
87 193 25
87 193 25
87 193 25
87 193 25
87 193 25
87 193 25
87 193 25
87 193 25
87 193 25
87 193 25
87 193 25
87 193 25
87 193 25
87 193 25
87 193 25
87 193 25
87 193 25
87 193 25
87 193 25
87 193 25
87 193 25
87 193 25
87 193 25
87 193 25
87 193 25
87 193 25
87 193 25
87 193 25
87 193 25
87 193 25
87 193 25
87 193 25
87 193 25
87 193 25
87 193 25
87 193 25
87 193 25
87 193 25
87 193 25
87 193 25
87 193 25
87 193 25
87 193 25
87 193 25
87 193 25
87 193 25
87 193 25
87 193 25
87 193 25
87 193 25
87 193 25
87 193 25
87 193 25
87 193 25
87 193 25
87 193 25
87 193 25
87 193 25
87 193 25
87 193 25
87 193 25
87 193 25
87 193 25
87 193 25
87 193 25
87 193 25
87 193 25
87 193 25
87 193 25
87 193 25
87 193 25
87 193 25
87 193 25
87 193 25
87 193 25
87 192 25
87 192 25
87 192 25
87 192 25
87 192 25
87 192 25
87 192 25
87 192 25
87 192 25
87 192 25
87 192 25
87 192 25
87 192 25
87 192 25
87 192 25
87 192 25
87 192 25
87 192 25
87 192 25
87 192 25
87 192 25
87 192 25
87 192 25
87 192 25
87 192 25
87 192 25
87 192 25
87 192 25
87 192 25
87 192 25
87 192 25
87 192 25
87 192 25
87 192 25
87 192 25
87 192 25
87 192 25
87 192 25
87 192 25
87 192 25
87 192 25
87 192 25
87 192 25
87 192 25
87 192 25
87 192 25
87 192 25
87 192 25
87 192 25
87 192 25
87 192 25
87 192 25
87 192 25
87 192 25
87 192 25
87 192 25
87 192 25
87 192 25
87 192 25
87 192 25
87 192 25
87 192 25
87 192 25
87 192 25
87 192 25
87 192 25
87 192 25
87 192 25
87 192 25
87 192 25
87 192 25
87 192 25
87 192 25
87 192 25
87 192 25
87 192 25
87 192 25
87 192 25
87 192 25
87 192 25
87 192 25
87 192 25
87 192 25
87 192 25
87 192 25
87 192 25
87 192 25
87 192 25
87 192 25
87 192 25
87 192 25
87 192 25
87 192 25
87 192 25
87 192 25
87 192 25
87 192 25
87 191 25
87 191 25
87 191 25
87 191 25
87 191 25
87 191 25
87 191 25
87 191 25
87 191 25
87 191 25
87 191 25
87 191 25
87 191 25
87 191 25
87 191 25
87 191 25
87 191 25
87 191 25
87 191 25
87 191 25
87 191 25
87 191 25
87 191 25
87 191 25
87 191 25
87 191 25
87 191 25
87 191 25
87 191 25
87 191 25
87 191 25
87 191 25
87 191 25
87 191 25
87 191 25
87 191 25
87 191 25
87 191 25
87 191 25
87 191 25
87 191 25
87 191 25
87 191 25
87 191 25
87 191 25
87 191 25
87 191 25
87 191 25
87 191 25
87 191 25
87 191 25
87 191 25
87 191 25
87 191 25
87 191 25
87 191 25
87 191 25
87 191 25
87 191 25
87 191 25
87 191 25
87 191 25
87 191 25
87 191 25
87 191 25
87 191 25
87 191 25
87 191 25
87 191 25
87 191 25
87 191 25
87 191 25
87 191 25
87 191 25
87 191 25
87 191 25
87 191 25
87 191 25
87 191 25
87 191 25
87 191 25
87 191 25
87 191 25
87 191 25
87 191 25
87 191 25
87 191 25
87 191 25
87 191 25
87 191 25
87 191 25
87 191 25
87 191 25
87 191 25
87 191 25
87 191 25
87 191 25
87 191 25
87 191 25
87 191 25
87 191 25
87 191 25
87 191 25
87 191 25
87 191 25
87 191 25
87 190 25
87 190 25
87 190 25
87 190 25
87 190 25
87 190 25
87 190 25
87 190 25
87 190 25
87 190 25
87 190 25
87 190 25
87 190 25
87 190 25
87 190 25
87 190 25
87 190 25
87 190 25
87 190 25
87 190 25
87 190 25
87 190 25
87 190 25
87 190 25
87 190 25
87 190 25
87 190 25
87 190 25
87 190 25
87 190 25
87 190 25
87 190 25
87 190 25
87 190 25
87 190 25
87 190 25
87 190 25
87 190 25
87 190 25
87 190 25
87 190 25
87 190 25
87 190 25
87 190 25
87 190 25
87 190 25
87 190 25
87 190 25
87 190 25
87 190 25
87 190 25
87 190 25
87 190 25
87 190 25
87 190 25
87 190 25
87 190 25
87 190 25
87 190 25
87 190 25
87 190 25
87 190 25
87 190 25
87 190 25
87 190 25
87 190 25
87 190 25
87 190 25
87 190 25
87 190 25
87 190 25
87 190 25
87 190 25
87 190 25
87 190 25
87 190 25
87 190 25
87 190 25
87 190 25
87 190 25
87 190 25
87 190 25
87 190 25
87 190 25
87 190 25
87 190 25
87 190 25
87 190 25
87 190 25
87 190 25
87 190 25
87 190 25
87 190 25
87 190 25
87 190 25
87 190 25
87 190 25
87 190 25
87 190 25
87 190 25
87 190 25
87 190 25
87 190 25
87 190 25
87 190 25
87 190 25
87 190 25
87 190 25
87 190 25
87 190 25
87 190 25
87 189 25
87 189 25
87 189 25
87 189 25
87 189 25
87 189 25
87 189 25
87 189 25
87 189 25
87 189 25
87 189 25
87 189 25
87 189 25
87 189 25
87 189 25
87 189 25
87 189 25
87 189 25
87 189 25
87 189 25
87 189 25
87 189 25
87 189 25
87 189 25
87 189 25
87 189 25
87 189 25
87 189 25
87 189 25
87 189 25
87 189 25
87 189 25
87 189 25
87 189 25
87 189 25
87 189 25
87 189 25
87 189 25
87 189 25
87 189 25
87 189 25
87 189 25
87 189 25
87 189 25
87 189 25
87 189 25
87 189 25
87 189 25
87 189 25
87 189 25
87 189 25
87 189 25
87 189 25
87 189 25
87 189 25
87 189 25
87 189 25
87 189 25
87 189 25
87 189 25
87 189 25
87 189 25
87 189 25
87 189 25
87 189 25
87 189 25
87 189 25
87 189 25
87 189 25
87 189 25
87 189 25
87 189 25
87 189 25
87 189 25
87 189 25
87 189 25
87 189 25
87 189 25
87 189 25
87 189 25
87 189 25
87 189 25
87 189 25
87 189 25
87 189 25
87 189 25
87 189 25
87 189 25
87 189 25
87 189 25
87 189 25
87 189 25
87 189 25
87 189 25
87 189 25
87 189 25
87 189 25
87 189 25
87 189 25
87 189 25
87 189 25
87 189 25
87 189 25
87 189 25
87 189 25
87 189 25
87 189 25
87 189 25
87 189 25
87 189 25
87 189 25
87 189 25
87 189 25
87 188 25
87 188 25
87 188 25
87 188 25
87 188 25
87 188 25
87 188 25
87 188 25
87 188 25
87 188 25
87 188 25
87 188 25
87 188 25
87 188 25
87 188 25
87 188 25
87 188 25
87 188 25
87 188 25
87 188 25
87 188 25
87 188 25
87 188 25
87 188 25
87 188 25
87 188 25
87 188 25
87 188 25
87 188 25
87 188 25
87 188 25
87 188 25
87 188 25
87 188 25
87 188 25
87 188 25
87 188 25
87 188 25
87 188 25
87 188 25
87 188 25
87 188 25
87 188 25
87 188 25
87 188 25
87 188 25
87 188 25
87 188 25
87 188 25
87 188 25
87 188 25
87 188 25
87 188 25
87 188 25
87 188 25
87 188 25
87 188 25
87 188 25
87 188 25
87 188 25
87 188 25
87 188 25
87 188 25
87 188 25
87 188 25
87 188 25
87 188 25
87 188 25
87 188 25
87 188 25
87 188 25
87 188 25
87 188 25
87 188 25
87 188 25
87 188 25
87 188 25
87 188 25
87 188 25
87 188 25
87 188 25
87 188 25
87 188 25
87 188 25
87 188 25
87 188 25
87 188 25
87 188 25
87 188 25
87 188 25
87 188 25
87 188 25
87 188 25
87 188 25
87 188 25
87 188 25
87 188 25
87 188 25
87 188 25
87 188 25
87 188 25
87 188 25
87 188 25
87 188 25
87 188 25
87 188 25
87 188 25
87 188 25
87 188 25
87 188 25
87 188 25
87 188 25
87 188 25
87 187 25
87 187 25
87 187 25
87 187 25
87 187 25
87 187 25
87 187 25
87 187 25
87 187 25
87 187 25
87 187 25
87 187 25
87 187 25
87 187 25
87 187 25
87 187 25
87 187 25
87 187 25
87 187 25
87 187 25
87 187 25
87 187 25
87 187 25
87 187 25
87 187 25
87 187 25
87 187 25
87 187 25
87 187 25
87 187 25
87 187 25
87 187 25
87 187 25
87 187 25
87 187 25
87 187 25
87 187 25
87 187 25
87 187 25
87 187 25
87 187 25
87 187 25
87 187 25
87 187 25
87 187 25
87 187 25
87 187 25
87 187 25
87 187 25
87 187 25
87 187 25
87 187 25
87 187 25
87 187 25
87 187 25
87 187 25
87 187 25
87 187 25
87 187 25
87 187 25
87 187 25
87 187 25
87 187 25
87 187 25
87 187 25
87 187 25
87 187 25
87 187 25
87 187 25
87 187 25
87 187 25
87 187 25
87 187 25
87 187 25
87 187 25
87 187 25
87 187 25
87 187 25
87 187 25
87 187 25
87 187 25
87 187 25
87 187 25
87 187 25
87 187 25
87 187 25
87 187 25
87 187 25
87 187 25
87 187 25
87 187 25
87 187 25
87 187 25
87 187 25
87 187 25
87 187 25
87 187 25
87 187 25
87 187 25
87 187 25
87 187 25
87 187 25
87 187 25
87 187 25
87 187 25
87 187 25
87 187 25
87 187 25
87 187 25
87 187 25
87 187 25
87 187 25
87 187 25
87 186 25
87 186 25
87 186 25
87 186 25
87 186 25
87 186 25
87 186 25
87 186 25
87 186 25
87 186 25
87 186 25
87 186 25
87 186 25
87 186 25
87 186 25
87 186 25
87 186 25
87 186 25
87 186 25
87 186 25
87 186 25
87 186 25
87 186 25
87 186 25
87 186 25
87 186 25
87 186 25
87 186 25
87 186 25
87 186 25
87 186 25
87 186 25
87 186 25
87 186 25
87 186 25
87 186 25
87 186 25
87 186 25
87 186 25
87 186 25
87 186 25
87 186 25
87 186 25
87 186 25
87 186 25
87 186 25
87 186 25
87 186 25
87 186 25
87 186 25
87 186 25
87 186 25
87 186 25
87 186 25
87 186 25
87 186 25
87 186 25
87 186 25
87 186 25
87 186 25
87 186 25
87 186 25
87 186 25
87 186 25
87 186 25
87 186 25
87 186 25
87 186 25
87 186 25
87 186 25
87 186 25
87 186 25
87 186 25
87 186 25
87 186 25
87 186 25
87 186 25
87 186 25
87 186 25
87 186 25
87 186 25
87 186 25
87 186 25
87 186 25
87 186 25
87 186 25
87 186 25
87 186 25
87 186 25
87 186 25
87 186 25
87 186 25
87 186 25
87 186 25
87 186 25
87 186 25
87 186 25
87 186 25
87 186 25
87 186 25
87 186 25
87 186 25
87 186 25
87 186 25
87 186 25
87 186 25
87 186 25
87 186 25
87 186 25
87 186 25
87 186 25
87 186 25
87 185 25
87 185 25
87 185 25
87 185 25
87 185 25
87 185 25
87 185 25
87 185 25
87 185 25
87 185 25
87 185 25
87 185 25
87 185 25
87 185 25
87 185 25
87 185 25
87 185 25
87 185 25
87 185 25
87 185 25
87 185 25
87 185 25
87 185 25
87 185 25
87 185 25
87 185 25
87 185 25
87 185 25
87 185 25
87 185 25
87 185 25
87 185 25
87 185 25
87 185 25
87 185 25
87 185 25
87 185 25
87 185 25
87 185 25
87 185 25
87 185 25
87 185 25
87 185 25
87 185 25
87 185 25
87 185 25
87 185 25
87 185 25
87 185 25
87 185 25
87 185 25
87 185 25
87 185 25
87 185 25
87 185 25
87 185 25
87 185 25
87 185 25
87 185 25
87 185 25
87 185 25
87 185 25
87 185 25
87 185 25
87 185 25
87 185 25
87 185 25
87 185 25
87 185 25
87 185 25
87 185 25
87 185 25
87 185 25
87 185 25
87 185 25
87 185 25
87 185 25
87 185 25
87 185 25
87 185 25
87 185 25
87 185 25
87 185 25
87 185 25
87 185 25
87 185 25
87 185 25
87 185 25
87 185 25
87 185 25
87 185 25
87 185 25
87 185 25
87 185 25
87 185 25
87 185 25
87 185 25
87 185 25
87 185 25
87 185 25
87 185 25
87 185 25
87 185 25
87 185 25
87 185 25
87 185 25
87 185 25
87 185 25
87 185 25
87 185 25
87 185 25
87 185 25
87 185 25
87 184 25
87 184 25
87 184 25
87 184 25
87 184 25
87 184 25
87 184 25
87 184 25
87 184 25
87 184 25
87 184 25
87 184 25
87 184 25
87 184 25
87 184 25
87 184 25
87 184 25
87 184 25
87 184 25
87 184 25
87 184 25
87 184 25
87 184 25
87 184 25
87 184 25
87 184 25
87 184 25
87 184 25
87 184 25
87 184 25
87 184 25
87 184 25
87 184 25
87 184 25
87 184 25
87 184 25
87 184 25
87 184 25
87 184 25
87 184 25
87 184 25
87 184 25
87 184 25
87 184 25
87 184 25
87 184 25
87 184 25
87 184 25
87 184 25
87 184 25
87 184 25
87 184 25
87 184 25
87 184 25
87 184 25
87 184 25
87 184 25
87 184 25
87 184 25
87 184 25
87 184 25
87 184 25
87 184 25
87 184 25
87 184 25
87 184 25
87 184 25
87 184 25
87 184 25
87 184 25
87 184 25
87 184 25
87 184 25
87 184 25
87 184 25
87 184 25
87 184 25
87 184 25
87 184 25
87 184 25
87 184 25
87 184 25
87 184 25
87 184 25
87 184 25
87 184 25
87 184 25
87 184 25
87 184 25
87 184 25
87 184 25
87 184 25
87 184 25
87 184 25
87 184 25
87 184 25
87 184 25
87 184 25
87 184 25
87 184 25
87 184 25
87 184 25
87 184 25
87 184 25
87 184 25
87 184 25
87 184 25
87 184 25
87 184 25
87 184 25
87 184 25
87 184 25
87 184 25
87 184 25
87 184 25
87 183 25
87 183 25
87 183 25
87 183 25
87 183 25
87 183 25
87 183 25
87 183 25
87 183 25
87 183 25
87 183 25
87 183 25
87 183 25
87 183 25
87 183 25
87 183 25
87 183 25
87 183 25
87 183 25
87 183 25
87 183 25
87 183 25
87 183 25
87 183 25
87 183 25
87 183 25
87 183 25
87 183 25
87 183 25
87 183 25
87 183 25
87 183 25
87 183 25
87 183 25
87 183 25
87 183 25
87 183 25
87 183 25
87 183 25
87 183 25
87 183 25
87 183 25
87 183 25
87 183 25
87 183 25
87 183 25
87 183 25
87 183 25
87 183 25
87 183 25
87 183 25
87 183 25
87 183 25
87 183 25
87 183 25
87 183 25
87 183 25
87 183 25
87 183 25
87 183 25
87 183 25
87 183 25
87 183 25
87 183 25
87 183 25
87 183 25
87 183 25
87 183 25
87 183 25
87 183 25
87 183 25
87 183 25
87 183 25
87 183 25
87 183 25
87 183 25
87 183 25
87 183 25
87 183 25
87 183 25
87 183 25
87 183 25
87 183 25
87 183 25
87 183 25
87 183 25
87 183 25
87 183 25
87 183 25
87 183 25
87 183 25
87 183 25
87 183 25
87 183 25
87 183 25
87 183 25
87 183 25
87 183 25
87 183 25
87 183 25
87 183 25
87 183 25
87 183 25
87 183 25
87 183 25
87 183 25
87 183 25
87 183 25
87 183 25
87 183 25
87 183 25
87 183 25
87 183 25
87 183 25
87 183 25
87 183 25
87 183 25
87 183 25
87 182 25
87 182 25
87 182 25
87 182 25
87 182 25
87 182 25
87 182 25
87 182 25
87 182 25
87 182 25
87 182 25
87 182 25
87 182 25
87 182 25
87 182 25
87 182 25
87 182 25
87 182 25
87 182 25
87 182 25
87 182 25
87 182 25
87 182 25
87 182 25
87 182 25
87 182 25
87 182 25
87 182 25
87 182 25
87 182 25
87 182 25
87 182 25
87 182 25
87 182 25
87 182 25
87 182 25
87 182 25
87 182 25
87 182 25
87 182 25
87 182 25
87 182 25
87 182 25
87 182 25
87 182 25
87 182 25
87 182 25
87 182 25
87 182 25
87 182 25
87 182 25
87 182 25
87 182 25
87 182 25
87 182 25
87 182 25
87 182 25
87 182 25
87 182 25
87 182 25
87 182 25
87 182 25
87 182 25
87 182 25
87 182 25
87 182 25
87 182 25
87 182 25
87 182 25
87 182 25
87 182 25
87 182 25
87 182 25
87 182 25
87 182 25
87 182 25
87 182 25
87 182 25
87 182 25
87 182 25
87 182 25
87 182 25
87 182 25
87 182 25
87 182 25
87 182 25
87 182 25
87 182 25
87 182 25
87 182 25
87 182 25
87 182 25
87 182 25
87 182 25
87 182 25
87 182 25
87 182 25
87 182 25
87 182 25
87 182 25
87 182 25
87 182 25
87 182 25
87 182 25
87 182 25
87 182 25
87 182 25
87 182 25
87 182 25
87 182 25
87 182 25
87 182 25
87 182 25
87 182 25
87 182 25
87 182 25
87 182 25
87 182 25
87 182 25
87 182 25
87 182 25
87 182 25
87 182 25
87 181 25
87 181 25
87 181 25
87 181 25
87 181 25
87 181 25
87 181 25
87 181 25
87 181 25
87 181 25
87 181 25
87 181 25
87 181 25
87 181 25
87 181 25
87 181 25
87 181 25
87 181 25
87 181 25
87 181 25
87 181 25
87 181 25
87 181 25
87 181 25
87 181 25
87 181 25
87 181 25
87 181 25
87 181 25
87 181 25
87 181 25
87 181 25
87 181 25
87 181 25
87 181 25
87 181 25
87 181 25
87 181 25
87 181 25
87 181 25
87 181 25
87 181 25
87 181 25
87 181 25
87 181 25
87 181 25
87 181 25
87 181 25
87 181 25
87 181 25
87 181 25
87 181 25
87 181 25
87 181 25
87 181 25
87 181 25
87 181 25
87 181 25
87 181 25
87 181 25
87 181 25
87 181 25
87 181 25
87 181 25
87 181 25
87 181 25
87 181 25
87 181 25
87 181 25
87 181 25
87 181 25
87 181 25
87 181 25
87 181 25
87 181 25
87 181 25
87 181 25
87 181 25
87 181 25
87 181 25
87 181 25
87 181 25
87 181 25
87 181 25
87 181 25
87 181 25
87 181 25
87 181 25
87 181 25
87 181 25
87 181 25
87 181 25
87 181 25
87 181 25
87 181 25
87 181 25
87 181 25
87 181 25
87 181 25
87 181 25
87 181 25
87 181 25
87 181 25
87 181 25
87 181 25
87 181 25
87 181 25
87 181 25
87 181 25
87 181 25
87 181 25
87 181 25
87 181 25
87 181 25
87 181 25
87 181 25
87 181 25
87 181 25
87 181 25
87 181 25
87 181 25
87 181 25
87 181 25
87 181 25
87 181 25
87 181 25
87 181 25
87 181 25
87 181 25
87 180 25
87 180 25
87 180 25
87 180 25
87 180 25
87 180 25
87 180 25
87 180 25
87 180 25
87 180 25
87 180 25
87 180 25
87 180 25
87 180 25
87 180 25
87 180 25
87 180 25
87 180 25
87 180 25
87 180 25
87 180 25
87 180 25
87 180 25
87 180 25
87 180 25
87 180 25
87 180 25
87 180 25
87 180 25
87 180 25
87 180 25
87 180 25
87 180 25
87 180 25
87 180 25
87 180 25
87 180 25
87 180 25
87 180 25
87 180 25
87 180 25
87 180 25
87 180 25
87 180 25
87 180 25
87 180 25
87 180 25
87 180 25
87 180 25
87 180 25
87 180 25
87 180 25
87 180 25
87 180 25
87 180 25
87 180 25
87 180 25
87 180 25
87 180 25
87 180 25
87 180 25
87 180 25
87 180 25
87 180 25
87 180 25
87 180 25
87 180 25
87 180 25
87 180 25
87 180 25
87 180 25
87 180 25
87 180 25
87 180 25
87 180 25
87 180 25
87 180 25
87 180 25
87 180 25
87 180 25
87 180 25
87 180 25
87 180 25
87 180 25
87 180 25
87 180 25
87 180 25
87 180 25
87 180 25
87 180 25
87 180 25
87 180 25
87 180 25
87 180 25
87 180 25
87 180 25
87 180 25
87 180 25
87 180 25
87 180 25
87 180 25
87 180 25
87 180 25
87 180 25
87 180 25
87 180 25
87 180 25
87 180 25
87 180 25
87 180 25
87 180 25
87 180 25
87 180 25
87 180 25
87 180 25
87 180 25
87 180 25
87 180 25
87 180 25
87 180 25
87 180 25
87 180 25
87 180 25
87 180 25
87 180 25
87 180 25
87 180 25
87 180 25
87 180 25
87 180 25
87 180 25
87 180 25
87 180 25
87 180 25
87 180 25
87 179 25
87 179 25
87 179 25
87 179 25
87 179 25
87 179 25
87 179 25
87 179 25
87 179 25
87 179 25
87 179 25
87 179 25
87 179 25
87 179 25
87 179 25
87 179 25
87 179 25
87 179 25
87 179 25
87 179 25
87 179 25
87 179 25
87 179 25
87 179 25
87 179 25
87 179 25
87 179 25
87 179 25
87 179 25
87 179 25
87 179 25
87 179 25
87 179 25
87 179 25
87 179 25
87 179 25
87 179 25
87 179 25
87 179 25
87 179 25
87 179 25
87 179 25
87 179 25
87 179 25
87 179 25
87 179 25
87 179 25
87 179 25
87 179 25
87 179 25
87 179 25
87 179 25
87 179 25
87 179 25
87 179 25
87 179 25
87 179 25
87 179 25
87 179 25
87 179 25
87 179 25
87 179 25
87 179 25
87 179 25
87 179 25
87 179 25
87 179 25
87 179 25
87 179 25
87 179 25
87 179 25
87 179 25
87 179 25
87 179 25
87 179 25
87 179 25
87 179 25
87 179 25
87 179 25
87 179 25
87 179 25
87 179 25
87 179 25
87 179 25
87 179 25
87 179 25
87 179 25
87 179 25
87 179 25
87 179 25
87 179 25
87 179 25
87 179 25
87 179 25
87 179 25
87 179 25
87 179 25
87 179 25
87 179 25
87 179 25
87 179 25
87 179 25
87 179 25
87 179 25
87 179 25
87 179 25
87 179 25
87 179 25
87 179 25
87 179 25
87 179 25
87 179 25
87 179 25
87 179 25
87 179 25
87 179 25
87 179 25
87 179 25
87 179 25
87 179 25
87 179 25
87 179 25
87 179 25
87 179 25
87 179 25
87 179 25
87 179 25
87 179 25
87 179 25
87 179 25
87 179 25
87 179 25
87 179 25
87 179 25
87 179 25
87 179 25
87 179 25
87 179 25
87 179 25
87 179 25
87 179 25
87 178 25
87 178 25
87 178 25
87 178 25
87 178 25
87 178 25
87 178 25
87 178 25
87 178 25
87 178 25
87 178 25
87 178 25
87 178 25
87 178 25
87 178 25
87 178 25
87 178 25
87 178 25
87 178 25
87 178 25
87 178 25
87 178 25
87 178 25
87 178 25
87 178 25
87 178 25
87 178 25
87 178 25
87 178 25
87 178 25
87 178 25
87 178 25
87 178 25
87 178 25
87 178 25
87 178 25
87 178 25
87 178 25
87 178 25
87 178 25
87 178 25
87 178 25
87 178 25
87 178 25
87 178 25
87 178 25
87 178 25
87 178 25
87 178 25
87 178 25
87 178 25
87 178 25
87 178 25
87 178 25
87 178 25
87 178 25
87 178 25
87 178 25
87 178 25
87 178 25
87 178 25
87 178 25
87 178 25
87 178 25
87 178 25
87 178 25
87 178 25
87 178 25
87 178 25
87 178 25
87 178 25
87 178 25
87 178 25
87 178 25
87 178 25
87 178 25
87 178 25
87 178 25
87 178 25
87 178 25
87 178 25
87 178 25
87 178 25
87 178 25
87 178 25
87 178 25
87 178 25
87 178 25
87 178 25
87 178 25
87 178 25
87 178 25
87 178 25
87 178 25
87 178 25
87 178 25
87 178 25
87 178 25
87 178 25
87 178 25
87 178 25
87 178 25
87 178 25
87 178 25
87 178 25
87 178 25
87 178 25
87 178 25
87 178 25
87 178 25
87 178 25
87 178 25
87 178 25
87 178 25
87 178 25
87 178 25
87 178 25
87 178 25
87 178 25
87 178 25
87 178 25
87 178 25
87 178 25
87 178 25
87 178 25
87 178 25
87 178 25
87 178 25
87 178 25
87 178 25
87 178 25
87 178 25
87 178 25
87 178 25
87 178 25
87 178 25
87 178 25
87 178 25
87 178 25
87 178 25
87 178 25
87 178 25
87 178 25
87 178 25
87 177 25
87 177 25
87 177 25
87 177 25
87 177 25
87 177 25
87 177 25
87 177 25
87 177 25
87 177 25
87 177 25
87 177 25
87 177 25
87 177 25
87 177 25
87 177 25
87 177 25
87 177 25
87 177 25
87 177 25
87 177 25
87 177 25
87 177 25
87 177 25
87 177 25
87 177 25
87 177 25
87 177 25
87 177 25
87 177 25
87 177 25
87 177 25
87 177 25
87 177 25
87 177 25
87 177 25
87 177 25
87 177 25
87 177 25
87 177 25
87 177 25
87 177 25
87 177 25
87 177 25
87 177 25
87 177 25
87 177 25
87 177 25
87 177 25
87 177 25
87 177 25
87 177 25
87 177 25
87 177 25
87 177 25
87 177 25
87 177 25
87 177 25
87 177 25
87 177 25
87 177 25
87 177 25
87 177 25
87 177 25
87 177 25
87 177 25
87 177 25
87 177 25
87 177 25
87 177 25
87 177 25
87 177 25
87 177 25
87 177 25
87 177 25
87 177 25
87 177 25
87 177 25
87 177 25
87 177 25
87 177 25
87 177 25
87 177 25
87 177 25
87 177 25
87 177 25
87 177 25
87 177 25
87 177 25
87 177 25
87 177 25
87 177 25
87 177 25
87 177 25
87 177 25
87 177 25
87 177 25
87 177 25
87 177 25
87 177 25
87 177 25
87 177 25
87 177 25
87 177 25
87 177 25
87 177 25
87 177 25
87 177 25
87 177 25
87 177 25
87 177 25
87 177 25
87 177 25
87 177 25
87 177 25
87 177 25
87 177 25
87 177 25
87 177 25
87 177 25
87 177 25
87 177 25
87 177 25
87 177 25
87 177 25
87 177 25
87 177 25
87 177 25
87 177 25
87 177 25
87 177 25
87 177 25
87 177 25
87 177 25
87 177 25
87 177 25
87 177 25
87 177 25
87 177 25
87 177 25
87 177 25
87 177 25
87 177 25
87 177 25
87 177 25
87 177 25
87 176 25
87 176 25
87 176 25
87 176 25
87 176 25
87 176 25
87 176 25
87 176 25
87 176 25
87 176 25
87 176 25
87 176 25
87 176 25
87 176 25
87 176 25
87 176 25
87 176 25
87 176 25
87 176 25
87 176 25
87 176 25
87 176 25
87 176 25
87 176 25
87 176 25
87 176 25
87 176 25
87 176 25
87 176 25
87 176 25
87 176 25
87 176 25
87 176 25
87 176 25
87 176 25
87 176 25
87 176 25
87 176 25
87 176 25
87 176 25
87 176 25
87 176 25
87 176 25
87 176 25
87 176 25
87 176 25
87 176 25
87 176 25
87 176 25
87 176 25
87 176 25
87 176 25
87 176 25
87 176 25
87 176 25
87 176 25
87 176 25
87 176 25
87 176 25
87 176 25
87 176 25
87 176 25
87 176 25
87 176 25
87 176 25
87 176 25
87 176 25
87 176 25
87 176 25
87 176 25
87 176 25
87 176 25
87 176 25
87 176 25
87 176 25
87 176 25
87 176 25
87 176 25
87 176 25
87 176 25
87 176 25
87 176 25
87 176 25
87 176 25
87 176 25
87 176 25
87 176 25
87 176 25
87 176 25
87 176 25
87 176 25
87 176 25
87 176 25
87 176 25
87 176 25
87 176 25
87 176 25
87 176 25
87 176 25
87 176 25
87 176 25
87 176 25
87 176 25
87 176 25
87 176 25
87 176 25
87 176 25
87 176 25
87 176 25
87 176 25
87 176 25
87 176 25
87 176 25
87 176 25
87 176 25
87 176 25
87 176 25
87 176 25
87 176 25
87 176 25
87 176 25
87 176 25
87 176 25
87 176 25
87 176 25
87 176 25
87 176 25
87 176 25
87 176 25
87 176 25
87 176 25
87 176 25
87 176 25
87 176 25
87 176 25
87 176 25
87 176 25
87 176 25
87 176 25
87 176 25
87 176 25
87 176 25
87 176 25
87 176 25
87 176 25
87 175 25
87 175 25
87 175 25
87 175 25
87 175 25
87 175 25
87 175 25
87 175 25
87 175 25
87 175 25
87 175 25
87 175 25
87 175 25
87 175 25
87 175 25
87 175 25
87 175 25
87 175 25
87 175 25
87 175 25
87 175 25
87 175 25
87 175 25
87 175 25
87 175 25
87 175 25
87 175 25
87 175 25
87 175 25
87 175 25
87 175 25
87 175 25
87 175 25
87 175 25
87 175 25
87 175 25
87 175 25
87 175 25
87 175 25
87 175 25
87 175 25
87 175 25
87 175 25
87 175 25
87 175 25
87 175 25
87 175 25
87 175 25
87 175 25
87 175 25
87 175 25
87 175 25
87 175 25
87 175 25
87 175 25
87 175 25
87 175 25
87 175 25
87 175 25
87 175 25
87 175 25
87 175 25
87 175 25
87 175 25
87 175 25
87 175 25
87 175 25
87 175 25
87 175 25
87 175 25
87 175 25
87 175 25
87 175 25
87 175 25
87 175 25
87 175 25
87 175 25
87 175 25
87 175 25
87 175 25
87 175 25
87 175 25
87 175 25
87 175 25
87 175 25
87 175 25
87 175 25
87 175 25
87 175 25
87 175 25
87 175 25
87 175 25
87 175 25
87 175 25
87 175 25
87 175 25
87 175 25
87 175 25
87 175 25
87 175 25
87 175 25
87 175 25
87 175 25
87 175 25
87 175 25
87 175 25
87 175 25
87 175 25
87 175 25
87 175 25
87 175 25
87 175 25
87 175 25
87 175 25
87 175 25
87 175 25
87 175 25
87 175 25
87 175 25
87 175 25
87 175 25
87 175 25
87 175 25
87 175 25
87 175 25
87 175 25
87 175 25
87 175 25
87 175 25
87 175 25
87 175 25
87 175 25
87 175 25
87 175 25
87 175 25
87 175 25
87 175 25
87 175 25
87 175 25
87 175 25
87 175 25
87 175 25
87 175 25
87 174 25
87 174 25
87 174 25
87 174 25
87 174 25
87 174 25
87 174 25
87 174 25
87 174 25
87 174 25
87 174 25
87 174 25
87 174 25
87 174 25
87 174 25
87 174 25
87 174 25
87 174 25
87 174 25
87 174 25
87 174 25
87 174 25
87 174 25
87 174 25
87 174 25
87 174 25
87 174 25
87 174 25
87 174 25
87 174 25
87 174 25
87 174 25
87 174 25
87 174 25
87 174 25
87 174 25
87 174 25
87 174 25
87 174 25
87 174 25
87 174 25
87 174 25
87 174 25
87 174 25
87 174 25
87 174 25
87 174 25
87 174 25
87 174 25
87 174 25
87 174 25
87 174 25
87 174 25
87 174 25
87 174 25
87 174 25
87 174 25
87 174 25
87 174 25
87 174 25
87 174 25
87 174 25
87 174 25
87 174 25
87 174 25
87 174 25
87 174 25
87 174 25
87 174 25
87 174 25
87 174 25
87 174 25
87 174 25
87 174 25
87 174 25
87 174 25
87 174 25
87 174 25
87 174 25
87 174 25
87 174 25
87 174 25
87 174 25
87 174 25
87 174 25
87 174 25
87 174 25
87 174 25
87 174 25
87 174 25
87 174 25
87 174 25
87 174 25
87 174 25
87 174 25
87 174 25
87 174 25
87 174 25
87 174 25
87 174 25
87 174 25
87 174 25
87 174 25
87 174 25
87 174 25
87 174 25
87 174 25
87 174 25
87 174 25
87 174 25
87 174 25
87 174 25
87 174 25
87 174 25
87 174 25
87 174 25
87 174 25
87 174 25
87 174 25
87 174 25
87 174 25
87 174 25
87 174 25
87 174 25
87 174 25
87 174 25
87 174 25
87 174 25
87 174 25
87 174 25
87 174 25
87 174 25
87 174 25
87 174 25
87 174 25
87 174 25
87 174 25
87 174 25
87 174 25
87 174 25
87 173 25
87 173 25
87 173 25
87 173 25
87 173 25
87 173 25
87 173 25
87 173 25
87 173 25
87 173 25
87 173 25
87 173 25
87 173 25
87 173 25
87 173 25
87 173 25
87 173 25
87 173 25
87 173 25
87 173 25
87 173 25
87 173 25
87 173 25
87 173 25
87 173 25
87 173 25
87 173 25
87 173 25
87 173 25
87 173 25
87 173 25
87 173 25
87 173 25
87 173 25
87 173 25
87 173 25
87 173 25
87 173 25
87 173 25
87 173 25
87 173 25
87 173 25
87 173 25
87 173 25
87 173 25
87 173 25
87 173 25
87 173 25
87 173 25
87 173 25
87 173 25
87 173 25
87 173 25
87 173 25
87 173 25
87 173 25
87 173 25
87 173 25
87 173 25
87 173 25
87 173 25
87 173 25
87 173 25
87 173 25
87 173 25
87 173 25
87 173 25
87 173 25
87 173 25
87 173 25
87 173 25
87 173 25
87 173 25
87 173 25
87 173 25
87 173 25
87 173 25
87 173 25
87 173 25
87 173 25
87 173 25
87 173 25
87 173 25
87 173 25
87 173 25
87 173 25
87 173 25
87 173 25
87 173 25
87 173 25
87 173 25
87 173 25
87 173 25
87 173 25
87 173 25
87 173 25
87 173 25
87 173 25
87 173 25
87 173 25
87 173 25
87 173 25
87 173 25
87 173 25
87 173 25
87 173 25
87 173 25
87 173 25
87 173 25
87 173 25
87 173 25
87 173 25
87 173 25
87 173 25
87 173 25
87 173 25
87 173 25
87 173 25
87 173 25
87 173 25
87 173 25
87 173 25
87 173 25
87 173 25
87 173 25
87 173 25
87 173 25
87 173 25
87 173 25
87 173 25
87 173 25
87 173 25
87 173 25
87 173 25
87 173 25
87 173 25
87 173 25
87 173 25
87 172 25
87 172 25
87 172 25
87 172 25
87 172 25
87 172 25
87 172 25
87 172 25
87 172 25
87 172 25
87 172 25
87 172 25
87 172 25
87 172 25
87 172 25
87 172 25
87 172 25
87 172 25
87 172 25
87 172 25
87 172 25
87 172 25
87 172 25
87 172 25
87 172 25
87 172 25
87 172 25
87 172 25
87 172 25
87 172 25
87 172 25
87 172 25
87 172 25
87 172 25
87 172 25
87 172 25
87 172 25
87 172 25
87 172 25
87 172 25
87 172 25
87 172 25
87 172 25
87 172 25
87 172 25
87 172 25
87 172 25
87 172 25
87 172 25
87 172 25
87 172 25
87 172 25
87 172 25
87 172 25
87 172 25
87 172 25
87 172 25
87 172 25
87 172 25
87 172 25
87 172 25
87 172 25
87 172 25
87 172 25
87 172 25
87 172 25
87 172 25
87 172 25
87 172 25
87 172 25
87 172 25
87 172 25
87 172 25
87 172 25
87 172 25
87 172 25
87 172 25
87 172 25
87 172 25
87 172 25
87 172 25
87 172 25
87 172 25
87 172 25
87 172 25
87 172 25
87 172 25
87 172 25
87 172 25
87 172 25
87 172 25
87 172 25
87 172 25
87 172 25
87 172 25
87 172 25
87 172 25
87 172 25
87 172 25
87 172 25
87 172 25
87 172 25
87 172 25
87 172 25
87 172 25
87 172 25
87 172 25
87 172 25
87 172 25
87 172 25
87 172 25
87 172 25
87 172 25
87 172 25
87 172 25
87 172 25
87 172 25
87 172 25
87 172 25
87 172 25
87 172 25
87 172 25
87 172 25
87 172 25
87 172 25
87 172 25
87 172 25
87 172 25
87 172 25
87 172 25
87 172 25
87 172 25
87 172 25
87 172 25
87 172 25
87 172 25
87 171 25
87 171 25
87 171 25
87 171 25
87 171 25
87 171 25
87 171 25
87 171 25
87 171 25
87 171 25
87 171 25
87 171 25
87 171 25
87 171 25
87 171 25
87 171 25
87 171 25
87 171 25
87 171 25
87 171 25
87 171 25
87 171 25
87 171 25
87 171 25
87 171 25
87 171 25
87 171 25
87 171 25
87 171 25
87 171 25
87 171 25
87 171 25
87 171 25
87 171 25
87 171 25
87 171 25
87 171 25
87 171 25
87 171 25
87 171 25
87 171 25
87 171 25
87 171 25
87 171 25
87 171 25
87 171 25
87 171 25
87 171 25
87 171 25
87 171 25
87 171 25
87 171 25
87 171 25
87 171 25
87 171 25
87 171 25
87 171 25
87 171 25
87 171 25
87 171 25
87 171 25
87 171 25
87 171 25
87 171 25
87 171 25
87 171 25
87 171 25
87 171 25
87 171 25
87 171 25
87 171 25
87 171 25
87 171 25
87 171 25
87 171 25
87 171 25
87 171 25
87 171 25
87 171 25
87 171 25
87 171 25
87 171 25
87 171 25
87 171 25
87 171 25
87 171 25
87 171 25
87 171 25
87 171 25
87 171 25
87 171 25
87 171 25
87 171 25
87 171 25
87 171 25
87 171 25
87 171 25
87 171 25
87 171 25
87 171 25
87 171 25
87 171 25
87 171 25
87 171 25
87 171 25
87 171 25
87 171 25
87 171 25
87 171 25
87 171 25
87 171 25
87 171 25
87 171 25
87 171 25
87 171 25
87 171 25
87 171 25
87 171 25
87 171 25
87 171 25
87 171 25
87 171 25
87 171 25
87 171 25
87 171 25
87 171 25
87 171 25
87 171 25
87 171 25
87 171 25
87 171 25
87 171 25
87 171 25
87 171 25
87 170 25
87 170 25
87 170 25
87 170 25
87 170 25
87 170 25
87 170 25
87 170 25
87 170 25
87 170 25
87 170 25
87 170 25
87 170 25
87 170 25
87 170 25
87 170 25
87 170 25
87 170 25
87 170 25
87 170 25
87 170 25
87 170 25
87 170 25
87 170 25
87 170 25
87 170 25
87 170 25
87 170 25
87 170 25
87 170 25
87 170 25
87 170 25
87 170 25
87 170 25
87 170 25
87 170 25
87 170 25
87 170 25
87 170 25
87 170 25
87 170 25
87 170 25
87 170 25
87 170 25
87 170 25
87 170 25
87 170 25
87 170 25
87 170 25
87 170 25
87 170 25
87 170 25
87 170 25
87 170 25
87 170 25
87 170 25
87 170 25
87 170 25
87 170 25
87 170 25
87 170 25
87 170 25
87 170 25
87 170 25
87 170 25
87 170 25
87 170 25
87 170 25
87 170 25
87 170 25
87 170 25
87 170 25
87 170 25
87 170 25
87 170 25
87 170 25
87 170 25
87 170 25
87 170 25
87 170 25
87 170 25
87 170 25
87 170 25
87 170 25
87 170 25
87 170 25
87 170 25
87 170 25
87 170 25
87 170 25
87 170 25
87 170 25
87 170 25
87 170 25
87 170 25
87 170 25
87 170 25
87 170 25
87 170 25
87 170 25
87 170 25
87 170 25
87 170 25
87 170 25
87 170 25
87 170 25
87 170 25
87 170 25
87 170 25
87 170 25
87 170 25
87 170 25
87 170 25
87 170 25
87 170 25
87 170 25
87 170 25
87 170 25
87 170 25
87 170 25
87 170 25
87 170 25
87 170 25
87 170 25
87 170 25
87 170 25
87 170 25
87 170 25
87 170 25
87 170 25
87 170 25
87 169 25
87 169 25
87 169 25
87 169 25
87 169 25
87 169 25
87 169 25
87 169 25
87 169 25
87 169 25
87 169 25
87 169 25
87 169 25
87 169 25
87 169 25
87 169 25
87 169 25
87 169 25
87 169 25
87 169 25
87 169 25
87 169 25
87 169 25
87 169 25
87 169 25
87 169 25
87 169 25
87 169 25
87 169 25
87 169 25
87 169 25
87 169 25
87 169 25
87 169 25
87 169 25
87 169 25
87 169 25
87 169 25
87 169 25
87 169 25
87 169 25
87 169 25
87 169 25
87 169 25
87 169 25
87 169 25
87 169 25
87 169 25
87 169 25
87 169 25
87 169 25
87 169 25
87 169 25
87 169 25
87 169 25
87 169 25
87 169 25
87 169 25
87 169 25
87 169 25
87 169 25
87 169 25
87 169 25
87 169 25
87 169 25
87 169 25
87 169 25
87 169 25
87 169 25
87 169 25
87 169 25
87 169 25
87 169 25
87 169 25
87 169 25
87 169 25
87 169 25
87 169 25
87 169 25
87 169 25
87 169 25
87 169 25
87 169 25
87 169 25
87 169 25
87 169 25
87 169 25
87 169 25
87 169 25
87 169 25
87 169 25
87 169 25
87 169 25
87 169 25
87 169 25
87 169 25
87 169 25
87 169 25
87 169 25
87 169 25
87 169 25
87 169 25
87 169 25
87 169 25
87 169 25
87 169 25
87 169 25
87 169 25
87 169 25
87 169 25
87 169 25
87 169 25
87 169 25
87 169 25
87 169 25
87 169 25
87 169 25
87 169 25
87 169 25
87 169 25
87 169 25
87 169 25
87 169 25
87 169 25
87 169 25
87 169 25
87 169 25
87 168 25
87 168 25
87 168 25
87 168 25
87 168 25
87 168 25
87 168 25
87 168 25
87 168 25
87 168 25
87 168 25
87 168 25
87 168 25
87 168 25
87 168 25
87 168 25
87 168 25
87 168 25
87 168 25
87 168 25
87 168 25
87 168 25
87 168 25
87 168 25
87 168 25
87 168 25
87 168 25
87 168 25
87 168 25
87 168 25
87 168 25
87 168 25
87 168 25
87 168 25
87 168 25
87 168 25
87 168 25
87 168 25
87 168 25
87 168 25
87 168 25
87 168 25
87 168 25
87 168 25
87 168 25
87 168 25
87 168 25
87 168 25
87 168 25
87 168 25
87 168 25
87 168 25
87 168 25
87 168 25
87 168 25
87 168 25
87 168 25
87 168 25
87 168 25
87 168 25
87 168 25
87 168 25
87 168 25
87 168 25
87 168 25
87 168 25
87 168 25
87 168 25
87 168 25
87 168 25
87 168 25
87 168 25
87 168 25
87 168 25
87 168 25
87 168 25
87 168 25
87 168 25
87 168 25
87 168 25
87 168 25
87 168 25
87 168 25
87 168 25
87 168 25
87 168 25
87 168 25
87 168 25
87 168 25
87 168 25
87 168 25
87 168 25
87 168 25
87 168 25
87 168 25
87 168 25
87 168 25
87 168 25
87 168 25
87 168 25
87 168 25
87 168 25
87 168 25
87 168 25
87 168 25
87 168 25
87 168 25
87 168 25
87 168 25
87 168 25
87 168 25
87 168 25
87 168 25
87 168 25
87 168 25
87 168 25
87 168 25
87 168 25
87 168 25
87 168 25
87 168 25
87 167 25
87 167 25
87 167 25
87 167 25
87 167 25
87 167 25
87 167 25
87 167 25
87 167 25
87 167 25
87 167 25
87 167 25
87 167 25
87 167 25
87 167 25
87 167 25
87 167 25
87 167 25
87 167 25
87 167 25
87 167 25
87 167 25
87 167 25
87 167 25
87 167 25
87 167 25
87 167 25
87 167 25
87 167 25
87 167 25
87 167 25
87 167 25
87 167 25
87 167 25
87 167 25
87 167 25
87 167 25
87 167 25
87 167 25
87 167 25
87 167 25
87 167 25
87 167 25
87 167 25
87 167 25
87 167 25
87 167 25
87 167 25
87 167 25
87 167 25
87 167 25
87 167 25
87 167 25
87 167 25
87 167 25
87 167 25
87 167 25
87 167 25
87 167 25
87 167 25
87 167 25
87 167 25
87 167 25
87 167 25
87 167 25
87 167 25
87 167 25
87 167 25
87 167 25
87 167 25
87 167 25
87 167 25
87 167 25
87 167 25
87 167 25
87 167 25
87 167 25
87 167 25
87 167 25
87 167 25
87 167 25
87 167 25
87 167 25
87 167 25
87 167 25
87 167 25
87 167 25
87 167 25
87 167 25
87 167 25
87 167 25
87 167 25
87 167 25
87 167 25
87 167 25
87 167 25
87 167 25
87 167 25
87 167 25
87 167 25
87 167 25
87 167 25
87 167 25
87 167 25
87 167 25
87 167 25
87 167 25
87 167 25
87 167 25
87 167 25
87 167 25
87 167 25
87 167 25
87 167 25
87 166 25
87 166 25
87 166 25
87 166 25
87 166 25
87 166 25
87 166 25
87 166 25
87 166 25
87 166 25
87 166 25
87 166 25
87 166 25
87 166 25
87 166 25
87 166 25
87 166 25
87 166 25
87 166 25
87 166 25
87 166 25
87 166 25
87 166 25
87 166 25
87 166 25
87 166 25
87 166 25
87 166 25
87 166 25
87 166 25
87 166 25
87 166 25
87 166 25
87 166 25
87 166 25
87 166 25
87 166 25
87 166 25
87 166 25
87 166 25
87 166 25
87 166 25
87 166 25
87 166 25
87 166 25
87 166 25
87 166 25
87 166 25
87 166 25
87 166 25
87 166 25
87 166 25
87 166 25
87 166 25
87 166 25
87 166 25
87 166 25
87 166 25
87 166 25
87 166 25
87 166 25
87 166 25
87 166 25
87 166 25
87 166 25
87 166 25
87 166 25
87 166 25
87 166 25
87 166 25
87 166 25
87 166 25
87 166 25
87 166 25
87 166 25
87 166 25
87 166 25
87 166 25
87 166 25
87 166 25
87 166 25
87 166 25
87 166 25
87 166 25
87 166 25
87 166 25
87 166 25
87 166 25
87 166 25
87 166 25
87 166 25
87 166 25
87 166 25
87 166 25
87 166 25
87 166 25
87 166 25
87 166 25
87 166 25
87 166 25
87 166 25
87 166 25
87 166 25
87 166 25
87 165 25
87 165 25
87 165 25
87 165 25
87 165 25
87 165 25
87 165 25
87 165 25
87 165 25
87 165 25
87 165 25
87 165 25
87 165 25
87 165 25
87 165 25
87 165 25
87 165 25
87 165 25
87 165 25
87 165 25
87 165 25
87 165 25
87 165 25
87 165 25
87 165 25
87 165 25
87 165 25
87 165 25
87 165 25
87 165 25
87 165 25
87 165 25
87 165 25
87 165 25
87 165 25
87 165 25
87 165 25
87 165 25
87 165 25
87 165 25
87 165 25
87 165 25
87 165 25
87 165 25
87 165 25
87 165 25
87 165 25
87 165 25
87 165 25
87 165 25
87 165 25
87 165 25
87 165 25
87 165 25
87 165 25
87 165 25
87 165 25
87 165 25
87 165 25
87 165 25
87 165 25
87 165 25
87 165 25
87 165 25
87 165 25
87 165 25
87 165 25
87 165 25
87 165 25
87 165 25
87 165 25
87 165 25
87 165 25
87 165 25
87 165 25
87 165 25
87 165 25
87 165 25
87 165 25
87 165 25
87 165 25
87 165 25
87 165 25
87 165 25
87 165 25
87 165 25
87 165 25
87 165 25
87 165 25
87 165 25
87 165 25
87 165 25
87 165 25
87 164 25
87 164 25
87 164 25
87 164 25
87 164 25
87 164 25
87 164 25
87 164 25
87 164 25
87 164 25
87 164 25
87 164 25
87 164 25
87 164 25
87 164 25
87 164 25
87 164 25
87 164 25
87 164 25
87 164 25
87 164 25
87 164 25
87 164 25
87 164 25
87 164 25
87 164 25
87 164 25
87 164 25
87 164 25
87 164 25
87 164 25
87 164 25
87 164 25
87 164 25
87 164 25
87 164 25
87 164 25
87 164 25
87 164 25
87 164 25
87 164 25
87 164 25
87 164 25
87 164 25
87 164 25
87 164 25
87 164 25
87 164 25
87 164 25
87 164 25
87 164 25
87 164 25
87 164 25
87 164 25
87 164 25
87 164 25
87 164 25
87 164 25
87 164 25
87 164 25
87 164 25
87 164 25
87 164 25
87 164 25
87 164 25
87 164 25
87 164 25
87 164 25
87 164 25
87 164 25
87 164 25
87 164 25
87 164 25
87 164 25
87 164 25
87 164 25
87 164 25
87 164 25
87 164 25
87 164 25
87 164 25
87 163 25
87 163 25
87 163 25
87 163 25
87 163 25
87 163 25
87 163 25
87 163 25
87 163 25
87 163 25
87 163 25
87 163 25
87 163 25
87 163 25
87 163 25
87 163 25
87 163 25
87 163 25
87 163 25
87 163 25
87 163 25
87 163 25
87 163 25
87 163 25
87 163 25
87 163 25
87 163 25
87 163 25
87 163 25
87 163 25
87 163 25
87 163 25
87 163 25
87 163 25
87 163 25
87 163 25
87 163 25
87 163 25
87 163 25
87 163 25
87 163 25
87 163 25
87 163 25
87 163 25
87 163 25
87 163 25
87 163 25
87 163 25
87 163 25
87 163 25
87 163 25
87 163 25
87 163 25
87 163 25
87 163 25
87 163 25
87 163 25
87 163 25
87 163 25
87 163 25
87 163 25
87 163 25
87 163 25
87 163 25
87 163 25
87 163 25
87 163 25
87 163 25
87 163 25
87 162 25
87 162 25
87 162 25
87 162 25
87 162 25
87 162 25
87 162 25
87 162 25
87 162 25
87 162 25
87 162 25
87 162 25
87 162 25
87 162 25
87 162 25
87 162 25
87 162 25
87 162 25
87 162 25
87 162 25
87 162 25
87 162 25
87 162 25
87 162 25
87 162 25
87 162 25
87 162 25
87 162 25
87 162 25
87 162 25
87 162 25
87 162 25
87 162 25
87 162 25
87 162 25
87 162 25
87 162 25
87 162 25
87 162 25
87 162 25
87 162 25
87 162 25
87 162 25
87 162 25
87 162 25
87 162 25
87 162 25
87 162 25
87 162 25
87 162 25
87 162 25
87 162 25
87 162 25
87 162 25
87 162 25
87 162 25
87 162 25
87 162 25
87 161 25
87 161 25
87 161 25
87 161 25
87 161 25
87 161 25
87 161 25
87 161 25
87 161 25
87 161 25
87 161 25
87 161 25
87 161 25
87 161 25
87 161 25
87 161 25
87 161 25
87 161 25
87 161 25
87 161 25
87 161 25
87 161 25
87 161 25
87 161 25
87 161 25
87 161 25
87 161 25
87 161 25
87 161 25
87 161 25
87 161 25
87 161 25
87 161 25
87 161 25
87 161 25
87 161 25
87 161 25
87 161 25
87 161 25
87 161 25
87 161 25
87 161 25
87 161 25
87 161 25
87 161 25
87 161 25
87 161 25
87 161 25
87 160 25
87 160 25
87 160 25
87 160 25
87 160 25
87 160 25
87 160 25
87 160 25
87 160 25
87 160 25
87 160 25
87 160 25
87 160 25
87 160 25
87 160 25
87 160 25
87 160 25
87 160 25
87 160 25
87 160 25
87 160 25
87 160 25
87 160 25
87 160 25
87 160 25
87 160 25
87 160 25
87 160 25
87 160 25
87 160 25
87 160 25
87 160 25
87 160 25
87 160 25
87 160 25
87 160 25
87 160 25
87 160 25
87 159 25
87 159 25
87 159 25
87 159 25
87 159 25
87 159 25
87 159 25
87 159 25
87 159 25
87 159 25
87 159 25
87 159 25
87 159 25
87 159 25
87 159 25
87 159 25
87 159 25
87 159 25
87 159 25
87 159 25
87 159 25
87 159 25
87 159 25
87 159 25
87 159 25
87 159 25
87 159 25
87 159 25
87 159 25
87 159 25
87 159 25
87 158 25
87 158 25
87 158 25
87 158 25
87 158 25
87 158 25
87 158 25
87 158 25
87 158 25
87 158 25
87 158 25
87 158 25
87 158 25
87 158 25
87 158 25
87 158 25
87 158 25
87 158 25
87 158 25
87 158 25
87 158 25
87 158 25
87 158 25
87 158 25
87 158 25
87 157 25
87 157 25
87 157 25
87 157 25
87 157 25
87 157 25
87 157 25
87 157 25
87 157 25
87 157 25
87 157 25
87 157 25
87 157 25
87 157 25
87 157 25
87 157 25
87 157 25
87 157 25
87 157 25
87 157 25
87 156 25
87 156 25
87 156 25
87 156 25
87 156 25
87 156 25
87 156 25
87 156 25
87 156 25
87 156 25
87 156 25
87 156 25
87 156 25
87 156 25
87 156 25
87 156 25
87 155 25
87 155 25
87 155 25
87 155 25
87 155 25
87 155 25
87 155 25
87 155 25
87 155 25
87 155 25
87 155 25
87 155 25
87 155 25
87 154 25
87 154 25
87 154 25
87 154 25
87 154 25
87 154 25
87 154 25
87 154 25
87 154 25
87 154 25
87 154 25
87 153 25
87 153 25
87 153 25
87 153 25
87 153 25
87 153 25
87 153 25
87 153 25
87 153 25
87 152 25
87 152 25
87 152 25
87 152 25
87 152 25
87 152 25
87 152 25
87 151 25
87 151 25
87 151 25
87 151 25
87 151 25
87 150 25
87 150 25
87 150 25
87 150 25
87 149 25
87 149 25
87 149 25
87 148 25
87 148 25
87 147 25
87 147 25
87 146 25
87 146 25
87 145 25
87 145 25
87 144 25
87 144 25
87 143 25
87 143 25
87 142 25
87 142 25
87 141 25
87 141 25
87 140 25
87 140 25
87 139 25
87 139 25
87 138 25
87 138 25
87 137 25
87 137 25
87 136 25
87 135 25
87 134 25
87 133 25
87 132 25
87 131 25
87 130 25
87 129 25
87 128 25
87 127 25
87 126 25
87 125 25
87 124 25
87 123 25
87 122 25
87 121 25
87 120 25
87 119 25
87 118 25
87 117 25
87 116 25
87 115 25
87 114 25
87 113 25
87 112 25
87 111 25
39 196 25
39 196 25
39 196 25
39 196 25
39 195 25
39 195 25
39 195 25
39 195 25
39 194 25
39 194 25
39 194 25
39 193 25
39 193 25
39 193 25
39 192 25
39 192 25
39 191 25
39 191 25
39 190 25
39 189 25
39 188 25
39 187 25
39 186 25
39 185 25
39 184 25
39 183 25
39 182 25
39 181 25
39 180 25
39 179 25
39 178 25
39 177 25
39 176 25
39 175 25
39 174 25
39 173 25
39 172 25
39 171 25
39 170 25
39 169 25
39 168 25
39 167 25
39 166 25
39 165 25
39 164 25
39 163 25
39 162 25
38 162 25
37 162 25
36 162 25
35 162 25
34 162 25
33 162 25
32 162 25
31 162 25
31 162 25
30 162 25
30 162 25
29 162 25
29 162 25
28 162 25
28 162 25
27 162 25
27 162 25
26 162 25
26 162 25
25 162 25
25 162 25
24 162 25
24 162 25
23 162 25
23 162 25
22 162 25
22 162 25
21 162 25
21 162 25
20 162 25
20 162 25
20 162 25
19 162 25
19 162 25
19 162 25
18 162 25
18 162 25
18 162 25
17 162 25
17 162 25
17 162 25
16 162 25
16 162 25
16 162 25
15 162 25
15 162 25
15 162 25
14 162 25
14 162 25
14 162 25
13 162 25
13 162 25
13 162 25
12 162 25
12 162 25
12 162 25
12 162 25
11 162 25
11 162 25
11 162 25
11 162 25
11 163 75
11 164 25
11 164 25
11 164 25
11 165 25
11 165 25
11 165 25
11 166 25
11 166 25
11 166 25
11 167 25
11 167 25
11 167 25
11 168 25
11 168 25
11 168 25
11 169 25
11 169 25
11 169 25
11 170 25
11 170 25
11 170 25
73 136 50
74 136 25
75 136 25
76 136 25
77 136 25
78 136 25
79 136 25
80 136 25
81 136 25
82 136 25
83 136 25
84 136 25
85 136 25
86 136 25
53 77 25
54 77 25
55 77 25
56 77 25
57 77 25
58 77 25
59 77 25
60 77 25
61 77 25
62 77 25
63 77 25
64 77 25
65 77 25
66 77 25
67 77 25
68 77 25
69 77 25
70 77 25
71 77 25
72 77 25
73 77 25
74 77 25
75 77 25
76 77 25
77 77 25
78 77 25
79 77 25
79 77 25
80 77 25
80 77 25
81 77 25
81 77 25
82 77 25
82 77 25
83 77 25
83 77 25
84 77 25
84 77 25
85 77 25
85 77 25
86 77 25
86 77 25
87 77 25
87 77 25
87 78 25
87 78 25
87 79 25
87 79 25
87 80 25
87 80 25
87 81 25
87 81 25
87 82 25
87 83 25
87 84 25
87 85 25
87 85 25
87 86 25
87 86 25
87 87 25
87 87 25
87 88 25
87 88 25
87 89 25
87 89 25
87 90 25
87 90 25
87 91 25
87 92 25
87 93 25
87 94 25
87 95 25
87 96 25
87 97 25
87 98 25
87 99 25
87 100 25
87 101 25
87 102 25
87 103 25
87 104 25
87 105 25
87 106 25
87 107 25
87 108 25
87 109 25
87 110 25
65 76 25
65 75 25
65 74 25
65 73 25
65 72 25
65 71 25
65 70 25
65 69 25
65 68 25
65 67 25
65 66 25
65 65 25
65 64 25
65 63 25
65 62 25
65 61 25
65 60 25
65 59 25
65 58 25
65 57 25
65 56 25
65 55 25
65 54 25
65 53 25
65 52 25
65 51 25
65 50 25
65 49 25
65 48 25
65 47 25
65 46 25
65 45 25
65 44 25
65 43 25
65 42 25
65 41 25
65 40 25
65 39 25
137 79 25
137 79 25
137 79 25
136 79 25
136 79 25
136 79 25
135 79 25
135 79 25
135 78 25
135 78 25
135 77 25
135 77 25
135 76 25
135 76 25
135 76 25
135 75 25
135 75 25
135 75 25
135 74 25
135 74 25
135 74 25
135 73 25
135 73 25
135 73 25
135 73 25
135 72 25
135 72 25
135 72 25
135 71 25
135 71 25
135 71 25
135 70 25
135 70 25
135 69 25
135 69 25
135 68 25
135 68 25
135 67 25
135 67 25
135 66 25
135 65 25
135 64 25
135 63 25
135 62 25
135 61 25
135 60 25
135 59 25
135 58 25
135 57 25
135 56 25
135 55 25
135 54 25
135 53 25
135 52 25
135 51 25
135 50 25
135 49 25
135 48 25
135 47 25
135 46 25
135 45 25
135 44 25
135 43 25
135 42 25
135 41 25
135 40 25
138 79 25
138 79 25
138 79 25
139 79 25
139 79 25
139 79 25
140 79 25
140 79 25
140 79 25
141 79 25
141 79 25
141 79 25
142 79 25
142 79 25
142 79 25
143 79 25
143 79 25
143 79 25
144 79 25
144 79 25
145 79 25
145 79 25
146 79 25
146 79 25
146 80 25
146 80 25
146 81 25
146 81 25
146 81 25
146 82 25
146 82 25
146 82 25
146 82 25
146 83 25
146 83 25
146 83 25
146 83 25
146 83 25
146 84 25
146 84 25
146 84 25
146 84 25
146 84 25
146 84 25
146 84 25
146 85 25
146 85 25
146 85 25
146 85 25
146 85 25
146 85 25
146 85 25
146 85 25
146 85 25
146 86 25
146 86 25
146 86 25
146 86 25
146 86 25
146 86 25
146 86 25
146 86 25
146 86 25
146 86 25
146 86 25
146 86 25
146 87 25
146 87 25
146 87 25
146 87 25
146 87 25
146 87 25
146 87 25
146 87 25
146 87 25
146 87 25
146 87 25
146 87 25
146 87 25
146 87 25
146 87 25
146 88 25
146 88 25
146 88 25
146 88 25
146 88 25
146 88 25
146 88 25
146 88 25
146 88 25
146 88 25
146 88 25
146 88 25
146 88 25
146 88 25
146 88 25
146 88 25
146 88 25
146 89 25
146 89 25
146 89 25
146 89 25
146 89 25
146 89 25
146 89 25
146 89 25
146 89 25
146 89 25
146 89 25
146 89 25
146 89 25
146 89 25
146 89 25
146 89 25
146 89 25
146 90 25
146 90 25
146 90 25
146 90 25
146 90 25
146 90 25
146 90 25
146 90 25
146 90 25
146 90 25
146 90 25
146 90 25
146 90 25
146 90 25
146 90 25
146 90 25
146 90 25
146 91 25
146 91 25
146 91 25
146 91 25
146 91 25
146 91 25
146 91 25
146 91 25
146 91 25
146 91 25
146 91 25
146 91 25
146 91 25
146 91 25
146 91 25
146 92 25
146 92 25
146 92 25
146 92 25
146 92 25
146 92 25
146 92 25
146 92 25
146 92 25
146 92 25
146 92 25
146 92 25
146 92 25
146 92 25
146 93 25
146 93 25
146 93 25
146 93 25
146 93 25
146 93 25
146 93 25
146 93 25
146 93 25
146 93 25
146 93 25
146 93 25
146 94 25
146 94 25
146 94 25
146 94 25
146 94 25
146 94 25
146 94 25
146 94 25
146 94 25
146 94 25
146 94 25
146 95 25
146 95 25
146 95 25
146 95 25
146 95 25
146 95 25
146 95 25
146 95 25
146 95 25
146 95 25
146 96 25
146 96 25
146 96 25
146 96 25
146 96 25
146 96 25
146 96 25
146 96 25
146 97 25
146 97 25
146 97 25
146 97 25
146 97 25
146 97 25
146 97 25
146 98 25
146 98 25
146 98 25
146 98 25
146 98 25
146 98 25
146 98 25
146 99 25
146 99 25
146 99 25
146 99 25
146 99 25
146 99 25
146 100 25
146 100 25
146 100 25
146 100 25
146 100 25
146 101 25
146 101 25
146 101 25
146 101 25
146 101 25
146 102 25
146 102 25
146 102 25
146 102 25
146 102 25
146 103 25
146 103 25
146 103 25
146 103 25
146 104 25
146 104 25
146 104 25
146 104 25
146 105 25
146 105 25
146 105 25
146 106 25
146 106 25
146 106 25
146 107 25
146 107 25
146 108 25
146 108 25
146 109 25
146 109 25
146 110 25
146 110 25
146 111 25
146 112 25
146 113 25
146 114 25
146 115 25
146 116 25
146 117 25
146 118 25
146 119 25
146 120 25
146 121 25
146 122 25
146 123 25
146 124 25
146 125 25
146 126 25
146 127 25
