165 15 120
164 15 120
163 15 120
162 15 120
161 15 120
160 15 120
159 15 120
158 15 120
157 15 120
156 15 120
155 15 120
154 15 120
153 15 120
152 15 120
151 15 120
150 15 120
149 15 120
148 15 120
147 15 120
146 15 120
145 15 120
144 15 120
143 15 120
142 15 120
141 15 120
140 15 120
139 15 120
138 15 120
137 15 120
136 15 120
135 15 120
134 15 120
133 15 120
132 15 120
131 15 120
130 15 120
129 15 120
128 15 120
127 15 120
126 15 120
125 15 120
124 15 120
123 15 120
122 15 120
122 15 120
121 15 120
121 15 120
121 15 120
120 15 240
120 15 120
120 15 120
120 15 120
119 15 480
119 15 120
119 15 120
119 15 120
118 15 720
118 15 120
118 15 120
118 15 120
118 15 120
117 15 1080
117 15 120
117 15 120
117 15 120
116 15 1320
116 15 120
115 15 1320
115 15 120
114 15 1320
113 15 1320
112 15 1320
111 15 120
111 15 120
111 15 120
111 15 120
111 15 120
111 15 120
111 15 120
110 15 720
109 15 720
108 15 720
107 15 120
107 15 120
106 15 120
106 15 120
105 15 120
104 15 120
103 15 120
102 15 120
101 15 120
100 15 120
99 15 120
98 15 120
97 15 120
96 15 120
95 15 120
94 15 120
93 15 120
92 15 120
91 15 120
90 15 120
89 15 120
88 15 120
87 15 120
86 15 120
85 15 120
84 15 120
83 15 120
82 15 120
81 15 120
80 15 120
79 15 120
78 15 120
78 14 120
78 13 120
78 12 120
78 11 120
78 10 120
78 9 120
156 196 120
157 196 120
158 196 120
159 196 120
159 196 120
160 196 120
160 196 120
160 196 120
161 196 240
161 196 120
161 196 120
162 196 360
162 196 120
162 196 120
163 196 480
163 196 120
163 196 120
163 196 120
164 196 720
164 196 120
164 196 120
165 196 840
165 196 120
166 196 840
166 196 120
167 196 840
168 196 840
169 196 840
170 196 120
170 196 120
170 196 120
170 196 120
170 196 120
171 196 480
172 196 480
173 196 480
174 196 120
174 196 120
174 196 120
175 196 240
176 196 240
177 196 240
178 196 120
179 196 120
180 196 120
180 195 120
180 194 120
180 193 120
180 192 120
180 191 120
180 190 120
180 190 120
180 189 120
180 189 120
180 188 120
180 188 120
180 187 120
180 187 120
180 186 120
180 186 120
180 185 120
180 185 120
180 184 120
180 183 120
180 182 120
180 181 120
180 180 120
180 179 120
180 178 120
180 177 120
180 176 120
180 175 120
180 174 120
180 173 120
180 172 120
180 171 120
180 170 120
180 169 120
180 168 120
180 167 120
180 166 120
180 165 120
155 196 120
154 196 120
153 196 120
152 196 120
151 196 120
150 196 120
149 196 120
148 196 120
147 196 120
146 196 120
145 196 120
144 196 120
143 196 120
142 196 120
141 196 120
140 196 120
139 196 120
138 196 120
137 196 120
136 196 120
135 196 120
134 196 120
133 196 120
132 196 120
132 196 120
131 196 120
131 196 120
130 196 120
130 196 120
129 196 120
129 196 120
128 196 120
128 196 120
128 196 120
127 196 240
127 196 120
126 196 240
126 196 120
126 196 120
125 196 360
125 196 120
124 196 360
124 196 120
123 196 360
123 196 120
122 196 360
122 196 120
121 196 360
120 196 360
119 196 360
118 196 120
118 196 120
117 196 120
117 196 120
116 196 120
115 196 120
114 196 120
113 196 120
112 196 120
111 196 120
110 196 120
109 196 120
108 196 120
107 196 120
106 196 120
105 196 120
104 196 120
103 196 120
102 196 120
101 196 120
100 196 120
99 196 120
98 196 120
97 196 120
97 196 120
96 196 120
96 196 120
95 196 120
95 196 120
95 196 120
94 196 240
94 196 120
94 196 120
93 196 360
93 196 120
93 196 120
93 196 120
92 196 600
92 196 120
92 196 120
92 196 120
92 196 120
92 195 960
92 194 960
92 193 960
92 192 120
92 192 120
92 192 120
92 192 120
92 192 120
92 192 120
92 191 600
92 190 600
92 189 600
92 188 120
92 188 120
92 188 120
92 187 240
92 186 240
92 185 240
92 184 120
92 183 120
92 182 120
92 181 120
92 180 120
91 180 120
90 180 120
89 180 120
88 180 120
87 180 120
86 180 120
85 180 120
84 180 120
83 180 120
83 180 120
82 180 120
82 180 120
82 180 120
81 180 240
81 180 120
81 180 120
81 180 120
80 180 480
80 180 120
80 180 120
80 180 120
80 180 120
79 180 840
79 180 120
79 180 120
79 180 120
79 180 120
79 180 120
78 180 1320
78 180 120
78 180 120
78 180 120
78 180 120
78 180 120
77 180 1800
77 180 120
77 180 120
77 180 120
77 180 120
77 180 120
76 180 2280
76 180 120
76 180 120
76 180 120
76 180 120
75 180 2640
75 180 120
75 180 120
75 180 120
74 180 2880
74 180 120
74 180 120
73 180 3000
73 180 120
73 180 120
72 180 3120
71 180 3120
70 180 3120
69 180 120
69 180 120
69 180 120
69 180 120
69 180 120
69 180 120
69 180 120
69 180 120
69 180 120
69 180 120
69 180 120
69 180 120
69 180 120
69 180 120
69 180 120
69 180 120
69 180 120
69 180 120
69 180 120
69 180 120
69 180 120
69 180 120
69 180 120
69 180 120
68 180 2760
68 180 120
68 179 2760
68 179 120
68 179 120
68 178 2880
68 178 120
68 177 2880
68 177 120
68 176 2880
68 176 120
68 175 2880
68 174 2880
68 173 2880
68 172 120
68 172 120
68 172 120
68 172 120
68 172 120
68 172 120
68 172 120
68 172 120
68 172 120
68 172 120
68 172 120
68 172 120
68 172 120
68 172 120
68 172 120
68 171 1680
68 170 1680
68 169 1680
68 168 120
68 168 120
68 168 120
68 168 120
68 167 360
68 166 360
68 165 360
68 164 120
68 163 120
68 162 120
68 161 120
68 160 120
68 159 120
68 158 120
68 157 120
68 156 120
68 155 120
68 154 120
68 153 120
68 152 120
68 151 120
67 151 120
66 151 120
65 151 120
64 151 120
63 151 120
62 151 120
61 151 120
60 151 120
59 151 120
58 151 120
57 151 120
56 151 120
56 151 120
55 151 120
55 151 120
54 151 120
54 151 120
54 151 120
53 151 240
53 151 120
53 151 120
52 151 360
52 151 120
52 151 120
51 151 480
51 151 120
51 151 120
51 151 120
50 151 720
50 151 120
50 151 120
50 150 840
50 149 840
50 148 840
50 147 120
50 147 120
50 147 120
50 147 120
50 147 120
50 146 480
50 146 120
50 145 480
50 144 480
50 143 480
50 142 120
50 142 120
50 142 120
50 142 120
50 141 360
50 141 120
50 141 120
50 140 480
50 140 120
50 139 480
50 139 120
50 138 480
50 138 120
50 137 480
50 136 480
50 135 480
50 134 120
50 134 120
50 133 120
50 133 120
50 132 120
50 132 120
50 131 120
50 130 120
50 129 120
50 128 120
50 127 120
50 127 120
50 126 120
50 126 120
50 126 120
50 125 240
50 125 120
50 125 120
50 124 360
50 124 120
50 124 120
50 124 120
50 123 600
50 123 120
50 123 120
50 123 120
50 122 840
50 122 120
50 122 120
50 122 120
50 122 120
50 121 1200
50 121 120
50 121 120
50 121 120
50 121 120
50 120 1560
50 120 120
50 120 120
50 120 120
50 120 120
50 119 1920
50 119 120
50 119 120
50 119 120
50 119 120
50 119 120
50 118 2400
50 118 120
50 118 120
50 118 120
50 117 2640
50 117 120
50 117 120
50 116 2760
50 116 120
50 115 2760
50 114 2760
50 113 2760
50 112 120
50 112 120
50 112 120
50 112 120
50 112 120
50 112 120
50 112 120
50 112 120
50 112 120
50 112 120
50 112 120
50 112 120
50 112 120
50 112 120
50 112 120
50 111 1680
50 110 1680
50 109 1680
50 108 120
50 108 120
50 108 120
50 108 120
50 108 120
50 108 120
50 107 600
50 106 600
50 105 600
50 104 120
50 104 120
50 104 120
50 103 240
50 102 240
50 101 240
50 100 120
50 99 120
50 98 120
50 97 120
