2 135 120
3 135 120
4 135 120
5 135 120
6 135 120
7 135 120
8 135 120
9 135 120
10 135 120
11 135 120
12 135 120
13 135 120
14 135 120
15 135 120
16 135 120
17 135 120
17 135 120
18 135 120
18 135 120
19 135 120
19 135 120
19 135 120
20 135 240
20 135 120
20 135 120
21 135 360
21 135 120
21 135 120
21 135 120
22 135 600
22 135 120
22 135 120
23 135 720
23 135 120
23 135 120
23 135 120
24 135 960
24 135 120
24 135 120
24 135 120
25 135 1200
25 135 120
25 135 120
25 135 120
26 135 1440
26 135 120
26 135 120
27 135 1560
27 135 120
28 135 1560
29 135 1560
30 135 1560
31 135 120
31 135 120
31 135 120
31 135 120
31 135 120
31 135 120
31 135 120
31 135 120
32 135 840
33 135 840
34 135 840
35 135 120
35 135 120
36 135 120
37 135 120
38 135 120
39 135 120
40 135 120
41 135 120
42 135 120
43 135 120
44 135 120
45 135 120
46 135 120
47 135 120
48 135 120
49 135 120
50 135 120
51 135 120
52 135 120
53 135 120
54 135 120
55 135 120
56 135 120
57 135 120
58 135 120
58 135 120
58 134 120
58 133 120
58 132 120
58 131 120
58 130 120
58 129 120
58 128 120
58 127 120
58 126 120
58 125 120
58 124 120
58 124 120
58 123 120
58 123 120
58 122 120
58 122 120
58 121 120
58 121 120
58 120 120
58 120 120
58 120 120
58 119 240
58 119 120
58 118 240
58 118 120
58 118 120
58 117 360
58 117 120
58 116 360
58 116 120
58 115 360
58 115 120
58 114 360
58 114 120
58 113 360
58 113 120
58 112 360
58 112 120
58 111 360
58 111 120
58 110 360
58 110 120
58 109 360
58 109 120
58 108 360
58 107 360
58 106 360
58 105 120
58 105 120
58 104 120
58 103 120
58 102 120
58 101 120
58 100 120
58 99 120
58 98 120
58 97 120
58 96 120
58 95 120
58 94 120
58 93 120
58 92 120
58 91 120
58 90 120
58 89 120
195 101 120
194 101 120
193 101 120
192 101 120
191 101 120
190 101 120
189 101 120
188 101 120
187 101 120
186 101 120
185 101 120
185 101 120
184 101 120
184 101 120
183 101 120
183 101 120
182 101 120
182 101 120
182 101 120
181 101 240
181 101 120
180 101 240
180 101 120
180 101 120
179 101 360
179 101 120
178 101 360
178 101 120
178 101 120
177 101 480
177 101 120
177 101 120
176 101 600
176 101 120
175 101 600
175 101 120
175 101 120
174 101 720
174 101 120
173 101 720
172 101 720
171 101 720
170 101 120
170 101 120
170 101 120
170 101 120
169 101 360
168 101 360
167 101 360
166 101 120
165 101 120
164 101 120
163 101 120
162 101 120
161 101 120
160 101 120
159 101 120
158 101 120
157 101 120
156 101 120
155 101 120
155 101 120
154 101 120
154 101 120
153 101 120
153 101 120
152 101 120
152 101 120
152 101 120
151 101 240
151 101 120
150 101 240
150 101 120
150 101 120
149 101 360
149 101 120
149 101 120
148 101 480
148 101 120
148 101 120
147 101 600
147 101 120
147 101 120
147 101 120
146 101 840
146 101 120
146 101 120
146 101 120
146 101 120
145 101 1200
145 101 120
145 101 120
145 101 120
145 101 120
144 101 1560
144 101 120
144 101 120
144 101 120
144 101 120
144 101 120
144 101 120
143 101 2160
143 101 120
143 101 120
143 101 120
143 101 120
143 101 120
143 101 120
142 101 2760
142 101 120
142 101 120
142 101 120
142 101 120
142 101 120
142 101 120
141 101 3360
141 101 120
141 101 120
141 101 120
141 101 120
141 101 120
140 101 3840
140 101 120
140 101 120
140 101 120
140 101 120
139 101 4200
139 101 120
139 101 120
139 101 120
138 101 4440
138 101 120
138 101 120
137 101 4560
137 101 120
136 101 4560
136 101 120
135 101 4560
135 101 120
134 101 4560
133 101 4560
132 101 4560
131 101 120
131 101 120
131 101 120
131 101 120
131 101 120
131 101 120
131 101 120
131 101 120
131 101 120
131 101 120
131 101 120
131 101 120
131 101 120
131 101 120
131 101 120
131 101 120
131 101 120
131 101 120
131 101 120
131 101 120
131 101 120
131 101 120
131 101 120
131 101 120
131 101 120
131 101 120
131 101 120
131 101 120
131 101 120
131 101 120
131 101 120
131 101 120
131 101 120
131 101 120
131 101 120
131 101 120
130 101 4200
129 101 4200
128 101 4200
127 101 120
127 101 120
127 101 120
127 101 120
127 101 120
127 101 120
127 101 120
127 101 120
127 101 120
127 101 120
127 101 120
127 101 120
127 101 120
127 101 120
127 101 120
127 101 120
127 101 120
127 101 120
127 101 120
127 101 120
127 101 120
127 101 120
127 101 120
127 101 120
127 101 120
127 101 120
126 101 3000
125 101 3000
124 101 3000
123 101 120
123 101 120
123 101 120
123 101 120
123 101 120
123 101 120
123 101 120
123 101 120
123 101 120
123 101 120
123 101 120
123 101 120
123 101 120
123 101 120
123 101 120
123 101 120
122 101 1800
121 101 1800
120 101 1800
119 101 120
119 101 120
119 101 120
119 101 120
119 101 120
119 101 120
119 101 120
119 101 120
119 101 120
119 101 120
119 101 120
119 101 120
118 101 1320
117 101 1320
116 101 1320
115 101 120
115 101 120
115 101 120
115 101 120
115 101 120
115 101 120
115 101 120
115 101 120
115 101 120
115 101 120
114 101 1080
114 101 120
114 101 120
113 101 1200
113 101 120
112 101 1200
112 101 120
112 101 120
111 101 1320
111 101 120
110 101 1320
110 101 120
110 101 120
109 101 1440
109 101 120
108 101 1440
107 101 1440
106 101 1440
105 101 120
105 101 120
105 101 120
105 101 120
105 101 120
105 101 120
105 101 120
105 101 120
105 101 120
104 101 960
103 101 960
102 101 960
101 101 120
101 101 120
101 101 120
101 101 120
100 101 360
99 101 360
98 101 360
97 101 120
96 101 120
95 101 120
94 101 120
93 101 120
92 101 120
91 101 120
90 101 120
89 101 120
88 101 120
87 101 120
86 101 120
85 101 120
84 101 120
83 101 120
82 101 120
81 101 120
80 101 120
79 101 120
78 101 120
77 101 120
76 101 120
75 101 120
74 101 120
73 101 120
72 101 120
71 101 120
70 101 120
69 101 120
68 101 120
67 101 120
66 101 120
65 101 120
64 101 120
63 101 120
62 101 120
61 101 120
60 101 120
59 101 120
