20 74 120
21 74 120
22 74 120
23 74 120
24 74 120
25 74 120
26 74 120
27 74 120
28 74 120
29 74 120
30 74 120
31 74 120
32 74 120
33 74 120
34 74 120
35 74 120
36 74 120
37 74 120
38 74 120
39 74 120
40 74 120
41 74 120
42 74 120
43 74 120
44 74 120
45 74 120
46 74 120
46 74 120
47 74 120
47 74 120
48 74 120
48 74 120
49 74 120
49 74 120
49 74 120
50 74 240
50 74 120
51 74 240
51 74 120
51 74 120
51 74 120
52 74 480
52 74 120
52 74 120
53 74 600
53 74 120
53 74 120
54 74 720
54 74 120
54 74 120
55 74 840
55 74 120
55 74 120
56 74 960
56 74 120
56 74 120
57 74 1080
57 74 120
58 74 1080
58 74 120
59 74 1080
60 74 1080
61 74 1080
62 74 120
62 74 120
62 74 120
62 74 120
62 74 120
63 74 480
64 74 480
65 74 480
66 74 120
66 74 120
67 74 120
67 74 120
68 74 120
68 74 120
69 74 120
69 74 120
70 74 120
70 74 120
71 74 120
71 74 120
72 74 120
72 74 120
73 74 120
73 74 120
74 74 120
74 74 120
75 74 120
75 74 120
76 74 120
76 74 120
76 74 120
77 74 240
77 74 120
78 74 240
78 74 120
79 74 240
79 74 120
79 74 120
80 74 360
80 74 120
80 74 120
81 74 480
81 74 120
81 74 120
81 74 120
82 74 720
82 74 120
82 74 120
82 74 120
83 74 960
83 74 120
83 74 120
83 74 120
83 74 120
84 74 1320
84 74 120
84 74 120
84 74 120
84 74 120
85 74 1680
85 74 120
85 74 120
85 74 120
85 74 120
86 74 2040
86 74 120
86 74 120
86 74 120
86 74 120
87 74 2400
87 74 120
87 74 120
87 74 120
87 74 120
87 74 120
88 74 2880
88 74 120
88 74 120
88 74 120
88 74 120
89 74 3240
89 74 120
89 74 120
89 74 120
90 74 3480
90 74 120
90 74 120
90 74 120
91 74 3720
91 74 120
91 74 120
92 74 3840
92 74 120
93 74 3840
94 74 3840
95 74 3840
96 74 120
96 74 120
96 74 120
96 74 120
96 74 120
96 74 120
96 74 120
96 74 120
96 74 120
96 74 120
96 74 120
96 74 120
96 74 120
96 74 120
96 74 120
96 74 120
96 74 120
96 74 120
96 74 120
96 74 120
96 74 120
96 74 120
96 74 120
96 74 120
96 74 120
96 74 120
96 74 120
97 74 3120
98 74 3120
99 74 3120
100 74 120
100 74 120
100 74 120
100 74 120
100 74 120
100 74 120
100 74 120
100 74 120
100 74 120
100 74 120
100 74 120
100 74 120
100 74 120
100 74 120
101 74 1560
102 74 1560
103 74 1560
104 74 120
104 74 120
104 74 120
104 74 120
104 74 120
104 74 120
104 74 120
104 74 120
104 74 120
104 74 120
104 74 120
104 74 120
105 74 1320
105 74 120
105 74 120
106 74 1440
106 74 120
106 74 120
107 74 1560
107 74 120
107 74 120
108 74 1680
108 74 120
108 74 120
108 74 120
109 74 1920
109 74 120
109 74 120
110 74 2040
110 74 120
111 74 2040
111 74 120
112 74 2040
113 74 2040
114 74 2040
115 74 120
115 74 120
115 74 120
115 74 120
115 74 120
115 74 120
115 74 120
115 74 120
115 74 120
115 74 120
115 74 120
115 74 120
115 74 120
116 74 1440
117 74 1440
118 74 1440
119 74 120
119 74 120
119 74 120
119 74 120
119 74 120
119 74 120
119 74 120
119 74 120
119 74 120
120 74 960
120 74 120
121 74 960
121 74 120
121 74 120
122 74 1080
122 74 120
123 74 1080
123 74 120
124 74 1080
124 74 120
124 74 120
125 74 1200
125 74 120
126 74 1200
127 74 1200
127 75 1200
127 76 120
127 76 120
127 76 120
127 76 120
127 76 120
127 76 120
127 76 120
127 76 120
127 76 120
127 77 960
127 78 960
127 79 960
127 80 120
127 80 120
127 80 120
127 80 120
127 80 120
127 81 480
127 81 120
127 82 480
127 83 480
127 84 480
127 85 120
127 85 120
127 85 120
127 86 240
127 87 240
127 88 240
127 89 120
127 90 120
127 91 120
127 92 120
127 93 120
127 94 120
127 95 120
127 96 120
127 97 120
127 98 120
127 99 120
127 100 120
127 101 120
127 102 120
127 103 120
127 104 120
127 105 120
127 106 120
127 107 120
127 108 120
127 109 120
127 110 120
127 110 120
127 111 120
127 111 120
127 112 120
127 112 120
127 112 120
127 113 240
127 113 120
127 113 120
127 114 360
127 114 120
127 114 120
127 115 480
127 115 120
127 115 120
127 116 600
127 116 120
127 116 120
127 117 720
127 117 120
127 117 120
127 118 840
127 118 120
127 118 120
127 119 960
127 119 120
127 120 960
127 120 120
127 120 120
127 121 1080
127 121 120
127 121 120
127 122 1200
127 122 120
127 123 1200
127 123 120
127 123 120
127 123 120
127 124 1440
127 124 120
127 124 120
127 125 1560
127 125 120
127 125 120
127 125 120
127 126 1800
127 126 120
127 126 120
127 126 120
127 127 2040
127 127 120
127 127 120
127 128 2160
127 128 120
127 128 120
127 129 2280
127 129 120
127 129 120
127 130 2400
127 130 120
127 131 2400
127 131 120
127 131 120
127 132 2520
127 133 2520
127 134 2520
127 135 120
127 135 120
127 135 120
127 135 120
127 135 120
127 135 120
127 135 120
127 135 120
127 135 120
127 135 120
127 135 120
127 135 120
127 135 120
127 136 1440
127 137 1440
127 138 1440
127 139 120
127 139 120
127 139 120
127 139 120
127 140 360
127 141 360
127 142 360
127 143 120
127 144 120
127 145 120
127 146 120
127 147 120
127 148 120
127 148 120
127 149 120
127 149 120
127 150 120
127 150 120
127 151 120
127 151 120
127 152 120
127 152 120
127 153 120
127 153 120
127 154 120
127 154 120
127 154 120
127 155 240
127 155 120
127 156 240
127 156 120
127 156 120
127 157 360
127 157 120
127 157 120
127 158 480
127 158 120
127 158 120
127 158 120
127 159 720
127 159 120
127 159 120
127 159 120
127 159 120
127 160 1080
127 160 120
127 160 120
127 160 120
127 161 1320
127 161 120
127 161 120
127 162 1440
127 162 120
127 162 120
127 163 1560
127 163 120
127 164 1560
127 165 1560
127 166 1560
127 167 120
127 167 120
127 167 120
127 167 120
127 167 120
127 167 120
127 167 120
127 167 120
127 167 120
127 167 120
127 167 120
127 167 120
127 168 1320
127 168 120
127 169 1320
127 170 1320
127 171 1320
127 172 120
127 172 120
127 172 120
127 172 120
127 172 120
127 172 120
127 172 120
127 173 720
127 174 720
127 175 720
127 176 120
127 176 120
127 176 120
127 176 120
127 176 120
127 177 480
127 177 120
127 178 480
127 178 120
127 178 120
127 179 600
127 179 120
127 179 120
162 65 720
161 65 720
160 65 720
159 65 120
158 65 120
157 65 120
156 65 120
155 65 120
154 65 120
153 65 120
152 65 120
151 65 120
150 65 120
150 65 120
149 65 120
149 65 120
148 65 120
148 65 120
147 65 120
147 65 120
146 65 120
146 65 120
145 65 120
145 65 120
145 65 120
144 65 240
144 65 120
143 65 240
143 65 120
143 65 120
142 65 360
142 65 120
142 65 120
141 65 480
141 65 120
141 65 120
141 65 120
140 65 720
140 65 120
140 65 120
139 65 840
139 65 120
139 65 120
139 65 120
138 65 1080
138 65 120
138 65 120
138 65 120
137 65 1320
137 65 120
136 65 1320
136 65 120
135 65 1320
134 65 1320
133 65 1320
132 65 120
132 65 120
132 65 120
132 65 120
132 65 120
132 65 120
131 65 600
130 65 600
129 65 600
128 65 120
128 65 120
128 65 120
127 65 240
127 65 120
127 66 240
127 66 120
127 67 240
127 67 120
127 68 240
127 68 120
127 68 120
127 69 360
127 69 120
127 69 120
127 70 480
127 70 120
127 70 120
127 71 600
127 71 120
127 71 120
127 71 120
127 72 840
127 72 120
127 72 120
127 73 960
127 73 120
127 73 120
