96 122 120
97 122 120
98 122 120
99 122 120
100 122 120
101 122 120
102 122 120
103 122 120
104 122 120
105 122 120
106 122 120
107 122 120
107 122 120
108 122 120
108 122 120
109 122 120
109 122 120
109 122 120
110 122 240
110 122 120
110 122 120
111 122 360
111 122 120
111 122 120
111 122 120
112 122 600
112 122 120
112 122 120
113 122 720
113 122 120
113 122 120
113 122 120
114 122 960
114 122 120
114 122 120
115 122 1080
115 122 120
115 122 120
115 122 120
116 122 1320
116 122 120
116 122 120
117 122 1440
117 122 120
117 122 120
118 122 1560
118 122 120
118 122 120
119 122 1680
119 122 120
119 122 120
120 122 1800
120 122 120
120 122 120
121 122 1920
121 122 120
121 122 120
122 122 2040
122 122 120
123 122 2040
123 122 120
124 122 2040
124 122 120
125 122 2040
125 122 120
125 122 120
126 122 2160
126 122 120
126 122 120
127 122 2280
127 122 120
127 121 2280
127 120 2280
127 119 2280
127 119 120
127 118 2280
127 118 120
127 118 120
127 117 2400
127 117 120
127 117 120
127 116 2520
127 116 120
127 115 2520
127 115 120
127 114 2520
127 114 120
127 113 2520
127 112 2520
127 111 2520
127 110 120
127 110 120
127 110 120
127 110 120
127 110 120
127 110 120
127 110 120
127 110 120
127 110 120
127 110 120
127 110 120
127 110 120
127 110 120
127 110 120
127 110 120
127 110 120
127 110 120
127 109 1920
127 108 1920
127 107 1920
127 107 120
127 106 1920
127 106 120
127 105 1920
127 105 120
127 105 120
127 104 2040
127 104 120
127 104 120
127 103 2160
127 103 120
127 102 2160
127 102 120
127 101 2160
127 100 2160
127 99 2160
127 98 120
127 98 120
127 98 120
127 98 120
127 98 120
127 98 120
127 98 120
127 98 120
127 98 120
127 98 120
127 98 120
127 98 120
127 98 120
127 98 120
127 98 120
127 97 1680
127 97 120
127 96 1680
127 96 120
127 95 1680
127 95 120
127 94 1680
127 93 1680
127 92 1680
127 91 120
127 91 120
127 91 120
127 91 120
127 91 120
127 91 120
127 91 120
127 91 120
127 91 120
127 91 120
127 91 120
127 90 1200
127 89 1200
127 88 1200
127 87 120
127 87 120
127 87 120
127 87 120
127 87 120
127 86 480
127 85 480
127 84 480
127 83 120
127 83 120
127 83 120
127 82 240
127 82 120
127 81 240
127 81 120
127 80 240
127 80 120
127 79 240
127 79 120
127 78 240
127 78 120
127 77 240
127 77 120
127 76 240
127 76 120
127 75 240
127 75 120
127 74 240
127 74 120
127 73 240
127 72 240
127 72 120
127 71 240
127 71 120
127 70 240
127 70 120
127 69 240
127 69 120
127 69 120
127 68 360
127 68 120
127 67 360
127 67 120
127 67 120
127 66 480
127 66 120
127 66 120
127 65 600
127 65 120
127 65 120
127 64 720
127 64 120
127 64 120
127 63 840
127 63 120
127 63 120
127 62 960
127 62 120
127 61 960
127 61 120
127 60 960
127 59 960
127 58 960
127 57 120
127 57 120
127 57 120
127 57 120
127 57 120
127 56 480
127 55 480
127 54 480
127 53 120
127 53 120
127 53 120
127 52 240
127 52 120
127 51 240
127 51 120
127 50 240
127 50 120
127 49 240
127 48 240
127 47 240
127 46 120
127 46 120
127 45 120
127 45 120
127 44 120
127 43 120
127 42 120
127 41 120
127 40 120
127 39 120
127 38 120
127 37 120
127 36 120
127 35 120
127 34 120
127 33 120
127 32 120
127 31 120
127 30 120
127 29 120
127 28 120
127 27 120
127 26 120
127 25 120
127 24 120
127 23 120
127 22 120
127 21 120
127 20 120
127 19 120
127 18 120
127 17 120
127 16 120
127 15 120
127 14 120
127 13 120
127 12 120
127 11 120
