184 180 80
183 180 80
182 180 80
181 180 80
180 180 80
179 180 80
178 180 80
177 180 80
176 180 80
175 180 80
174 180 80
173 180 80
172 180 80
171 180 80
170 180 80
169 180 80
168 180 80
167 180 80
166 180 80
166 180 80
165 180 80
165 180 80
164 180 80
164 180 80
164 180 80
163 180 80
163 180 80
163 180 80
163 180 80
162 180 80
162 180 80
162 180 80
162 180 80
162 180 80
162 180 80
161 180 80
161 180 80
161 180 80
161 180 80
161 180 80
161 180 80
161 180 80
161 180 80
160 180 80
160 180 80
160 180 80
160 180 80
160 180 80
160 180 80
160 180 80
160 180 80
160 180 80
160 180 80
159 180 80
159 180 80
159 180 80
159 180 80
159 180 80
159 180 80
159 180 80
159 180 80
159 180 80
159 180 80
159 180 80
159 180 80
159 180 80
158 180 80
158 180 80
158 180 80
158 180 80
158 180 80
158 180 80
158 180 80
158 180 80
158 180 80
158 180 80
158 180 80
158 180 80
158 180 80
158 180 80
158 180 80
158 180 80
157 180 80
157 180 80
157 180 80
157 180 80
157 180 80
157 180 80
157 180 80
157 180 80
157 180 80
157 180 80
157 180 80
157 180 80
157 180 80
157 180 80
157 180 80
157 180 80
157 180 80
157 180 80
157 180 80
157 180 80
156 180 80
156 180 80
156 180 80
156 180 80
156 180 80
156 180 80
156 180 80
156 180 80
156 180 80
156 180 80
156 180 80
156 180 80
156 180 80
156 180 80
156 180 80
156 180 80
156 180 80
156 180 80
156 180 80
156 180 80
156 180 80
156 180 80
156 180 80
156 180 80
155 180 80
155 180 80
155 180 80
155 180 80
155 180 80
155 180 80
155 180 80
155 180 80
155 180 80
155 180 80
155 180 80
155 180 80
155 180 80
155 180 80
155 180 80
155 180 80
155 180 80
155 180 80
155 180 80
155 180 80
155 180 80
155 180 80
155 180 80
155 180 80
155 180 80
155 180 80
155 180 80
154 180 80
154 180 80
154 180 80
154 180 80
154 180 80
154 180 80
154 180 80
154 180 80
154 180 80
154 180 80
154 180 80
154 180 80
154 180 80
154 180 80
154 180 80
154 180 80
154 180 80
154 180 80
154 180 80
154 180 80
154 180 80
154 180 80
154 180 80
154 180 80
154 180 80
154 180 80
154 180 80
154 180 80
154 180 80
154 180 80
154 180 80
153 180 80
153 180 80
153 180 80
153 180 80
153 180 80
153 180 80
153 180 80
153 180 80
153 180 80
153 180 80
153 180 80
153 180 80
153 180 80
153 180 80
153 180 80
153 180 80
153 180 80
153 180 80
153 180 80
153 180 80
153 180 80
153 180 80
153 180 80
153 180 80
153 180 80
153 180 80
153 180 80
153 180 80
153 180 80
153 180 80
153 180 80
153 180 80
153 180 80
153 180 80
153 180 80
152 180 80
152 180 80
152 180 80
152 180 80
152 180 80
152 180 80
152 180 80
152 180 80
152 180 80
152 180 80
152 180 80
152 180 80
152 180 80
152 180 80
152 180 80
152 180 80
152 180 80
152 180 80
152 180 80
152 180 80
152 180 80
152 180 80
152 180 80
152 180 80
152 180 80
152 180 80
152 180 80
152 180 80
152 180 80
152 180 80
152 180 80
152 180 80
152 180 80
152 180 80
152 180 80
152 180 80
152 180 80
152 180 80
152 180 80
151 180 80
151 180 80
151 180 80
151 180 80
151 180 80
151 180 80
151 180 80
151 180 80
151 180 80
151 180 80
151 180 80
151 180 80
151 180 80
151 180 80
151 180 80
151 180 80
151 180 80
151 180 80
151 180 80
151 180 80
151 180 80
151 180 80
151 180 80
151 180 80
151 180 80
151 180 80
151 180 80
151 180 80
151 180 80
151 180 80
151 180 80
151 180 80
151 180 80
151 180 80
151 180 80
151 180 80
151 180 80
151 180 80
151 180 80
151 180 80
151 180 80
151 180 80
150 180 80
150 180 80
150 180 80
150 180 80
150 180 80
150 180 80
150 180 80
150 180 80
150 180 80
150 180 80
150 180 80
150 180 80
150 180 80
150 180 80
150 180 80
150 180 80
150 180 80
150 180 80
150 180 80
150 180 80
150 180 80
150 180 80
150 180 80
150 180 80
150 180 80
150 180 80
150 180 80
150 180 80
150 180 80
150 180 80
150 180 80
150 180 80
150 180 80
150 180 80
150 180 80
150 180 80
150 180 80
150 180 80
150 180 80
150 180 80
150 180 80
150 180 80
150 180 80
150 180 80
150 180 80
149 180 80
149 180 80
149 180 80
149 180 80
149 180 80
149 180 80
149 180 80
149 180 80
149 180 80
149 180 80
149 180 80
149 180 80
149 180 80
149 180 80
149 180 80
149 180 80
149 180 80
149 180 80
149 180 80
149 180 80
149 180 80
149 180 80
149 180 80
149 180 80
149 180 80
149 180 80
149 180 80
149 180 80
149 180 80
149 180 80
149 180 80
149 180 80
149 180 80
149 180 80
149 180 80
149 180 80
149 180 80
149 180 80
149 180 80
149 180 80
149 180 80
149 180 80
149 180 80
149 180 80
149 180 80
149 180 80
149 180 80
148 180 80
148 180 80
148 180 80
148 180 80
148 180 80
148 180 80
148 180 80
148 180 80
148 180 80
148 180 80
148 180 80
148 180 80
148 180 80
148 180 80
148 180 80
148 180 80
148 180 80
148 180 80
148 180 80
148 180 80
148 180 80
148 180 80
148 180 80
148 180 80
148 180 80
148 180 80
148 180 80
148 180 80
148 180 80
148 180 80
148 180 80
148 180 80
148 180 80
148 180 80
148 180 80
148 180 80
148 180 80
148 180 80
148 180 80
148 180 80
148 180 80
148 180 80
148 180 80
148 180 80
148 180 80
148 180 80
148 180 80
148 180 80
147 180 80
147 180 80
147 180 80
147 180 80
147 180 80
147 180 80
147 180 80
147 180 80
147 180 80
147 180 80
147 180 80
147 180 80
147 180 80
147 180 80
147 180 80
147 180 80
147 180 80
147 180 80
147 180 80
147 180 80
147 180 80
147 180 80
147 180 80
147 180 80
147 180 80
147 180 80
147 180 80
147 180 80
147 180 80
147 180 80
147 180 80
147 180 80
147 180 80
147 180 80
147 180 80
147 180 80
147 180 80
147 180 80
147 180 80
147 180 80
147 180 80
147 180 80
147 180 80
147 180 80
147 180 80
147 180 80
147 180 80
147 180 80
146 180 80
146 180 80
146 180 80
146 180 80
146 180 80
146 180 80
146 180 80
146 180 80
146 180 80
146 180 80
146 180 80
146 180 80
146 180 80
146 180 80
146 180 80
146 180 80
146 180 80
146 180 80
146 180 80
146 180 80
146 180 80
146 180 80
146 180 80
146 180 80
146 180 80
146 180 80
146 180 80
146 180 80
146 180 80
146 180 80
146 180 80
146 180 80
146 180 80
146 180 80
146 180 80
146 180 80
146 180 80
146 180 80
146 180 80
146 180 80
146 180 80
146 180 80
146 180 80
146 180 80
146 180 80
146 180 80
146 180 80
145 180 80
145 180 80
145 180 80
145 180 80
145 180 80
145 180 80
145 180 80
145 180 80
145 180 80
145 180 80
145 180 80
145 180 80
145 180 80
145 180 80
145 180 80
145 180 80
145 180 80
145 180 80
145 180 80
145 180 80
145 180 80
145 180 80
145 180 80
145 180 80
145 180 80
145 180 80
145 180 80
145 180 80
145 180 80
145 180 80
145 180 80
145 180 80
145 180 80
145 180 80
145 180 80
145 180 80
145 180 80
145 180 80
145 180 80
145 180 80
145 180 80
145 180 80
145 180 80
145 180 80
145 180 80
145 180 80
144 180 80
144 180 80
144 180 80
144 180 80
144 180 80
144 180 80
144 180 80
144 180 80
144 180 80
144 180 80
144 180 80
144 180 80
144 180 80
144 180 80
144 180 80
144 180 80
144 180 80
144 180 80
144 180 80
144 180 80
144 180 80
144 180 80
144 180 80
144 180 80
144 180 80
144 180 80
144 180 80
144 180 80
144 180 80
144 180 80
144 180 80
144 180 80
144 180 80
144 180 80
144 180 80
144 180 80
144 180 80
144 180 80
144 180 80
144 180 80
144 180 80
144 180 80
144 180 80
143 180 80
143 180 80
143 180 80
143 180 80
143 180 80
143 180 80
143 180 80
143 180 80
143 180 80
143 180 80
143 180 80
143 180 80
143 180 80
143 180 80
143 180 80
143 180 80
143 180 80
143 180 80
143 180 80
143 180 80
143 180 80
143 180 80
143 180 80
143 180 80
143 180 80
143 180 80
143 180 80
143 180 80
143 180 80
143 180 80
143 180 80
143 180 80
143 180 80
143 180 80
143 180 80
143 180 80
143 180 80
143 180 80
143 180 80
142 180 80
142 180 80
142 180 80
142 180 80
142 180 80
142 180 80
142 180 80
142 180 80
142 180 80
142 180 80
142 180 80
142 180 80
142 180 80
142 180 80
142 180 80
142 180 80
142 180 80
142 180 80
142 180 80
142 180 80
142 180 80
142 180 80
142 180 80
142 180 80
142 180 80
142 180 80
142 180 80
142 180 80
142 180 80
142 180 80
142 180 80
142 180 80
142 180 80
142 180 80
141 180 80
141 180 80
141 180 80
141 180 80
141 180 80
141 180 80
141 180 80
141 180 80
141 180 80
141 180 80
141 180 80
141 180 80
141 180 80
141 180 80
141 180 80
141 180 80
141 180 80
141 180 80
141 180 80
141 180 80
141 180 80
141 180 80
141 180 80
141 180 80
141 180 80
141 180 80
141 180 80
141 180 80
141 180 80
141 180 80
140 180 80
140 180 80
140 180 80
140 180 80
140 180 80
140 180 80
140 180 80
140 180 80
140 180 80
140 180 80
140 180 80
140 180 80
140 180 80
140 180 80
140 180 80
140 180 80
140 180 80
140 180 80
140 180 80
140 180 80
140 180 80
140 180 80
140 180 80
140 180 80
140 180 80
139 180 80
139 180 80
139 180 80
139 180 80
139 180 80
139 180 80
139 180 80
139 180 80
139 180 80
139 180 80
139 180 80
139 180 80
139 180 80
139 180 80
139 180 80
139 180 80
139 180 80
139 180 80
139 180 80
139 180 80
139 180 80
138 180 80
138 180 80
138 180 80
138 180 80
138 180 80
138 180 80
138 180 80
138 180 80
138 180 80
138 180 80
138 180 80
138 180 80
138 180 80
138 180 80
138 180 80
138 180 80
138 180 80
137 180 80
137 180 80
137 180 80
137 180 80
137 180 80
137 180 80
137 180 80
137 180 80
137 180 80
137 180 80
137 180 80
137 180 80
137 180 80
137 180 80
136 180 80
136 180 80
136 180 80
136 180 80
136 180 80
136 180 80
136 180 80
136 180 80
136 180 80
136 180 80
136 180 80
136 180 80
135 180 80
135 180 80
135 180 80
135 180 80
135 180 80
135 180 80
135 180 80
135 180 80
135 180 80
135 180 80
135 180 80
134 180 80
134 180 80
134 180 80
134 180 80
134 180 80
134 180 80
134 180 80
134 180 80
134 180 80
134 180 80
133 180 80
133 180 80
133 180 80
133 180 80
133 180 80
133 180 80
133 180 80
133 180 80
132 180 80
132 180 80
132 180 80
132 180 80
132 180 80
132 180 80
132 180 80
131 180 80
131 180 80
131 180 80
131 180 80
131 180 80
130 180 80
130 180 80
130 180 80
130 180 80
129 180 80
129 180 80
129 180 80
128 180 80
128 180 80
127 180 80
127 180 80
126 180 80
125 180 80
124 180 80
123 180 80
122 180 80
121 180 80
120 180 80
119 180 80
118 180 80
117 180 80
116 180 80
115 180 80
114 180 80
113 180 80
113 180 80
112 180 80
112 180 80
111 180 80
111 180 80
110 180 80
110 180 80
109 180 80
109 180 80
109 180 80
108 180 80
108 180 80
108 180 80
107 180 80
107 180 80
107 180 80
107 180 80
106 180 80
106 180 80
106 180 80
106 180 80
106 180 80
105 180 80
105 180 80
105 180 80
105 180 80
105 180 80
105 180 80
104 180 80
104 180 80
104 180 80
104 180 80
104 180 80
104 180 80
104 180 80
104 180 80
103 180 80
103 180 80
103 180 80
103 180 80
103 180 80
103 180 80
103 180 80
103 180 80
103 180 80
103 180 80
103 180 80
102 180 80
102 180 80
102 180 80
102 180 80
102 180 80
102 180 80
102 180 80
102 180 80
102 180 80
102 180 80
102 180 80
102 180 80
102 180 80
101 180 80
101 180 80
101 180 80
101 180 80
101 180 80
101 180 80
101 180 80
101 180 80
101 180 80
101 180 80
101 180 80
101 180 80
101 180 80
101 180 80
101 180 80
100 180 80
100 180 80
100 180 80
100 180 80
100 180 80
100 180 80
100 180 80
100 180 80
100 180 80
100 180 80
100 180 80
100 180 80
100 180 80
100 180 80
100 180 80
100 180 80
99 180 80
99 180 80
99 180 80
99 180 80
99 180 80
99 180 80
99 180 80
99 180 80
99 180 80
99 180 80
99 180 80
99 180 80
99 180 80
99 180 80
99 180 80
99 180 80
98 180 80
98 180 80
98 180 80
98 180 80
98 180 80
98 180 80
98 180 80
98 180 80
98 180 80
98 180 80
98 180 80
98 180 80
98 180 80
98 180 80
98 180 80
97 180 80
97 180 80
97 180 80
97 180 80
97 180 80
97 180 80
97 180 80
97 180 80
97 180 80
97 180 80
97 180 80
97 180 80
97 180 80
97 180 80
96 180 80
96 180 80
96 180 80
96 180 80
96 180 80
96 180 80
96 180 80
96 180 80
96 180 80
96 180 80
96 180 80
96 180 80
95 180 80
95 180 80
95 180 80
95 180 80
95 180 80
95 180 80
95 180 80
95 180 80
95 180 80
95 180 80
94 180 80
94 180 80
94 180 80
94 180 80
94 180 80
94 180 80
94 180 80
94 180 80
94 179 560
94 179 80
94 178 80
94 178 80
94 178 80
94 178 80
94 178 80
94 178 80
94 178 80
94 177 80
94 177 80
94 177 80
94 177 80
94 177 80
94 177 80
94 176 80
94 176 80
94 176 80
94 176 80
94 175 80
94 175 80
94 175 80
94 174 80
94 174 80
94 173 80
94 173 80
94 172 80
94 171 80
94 170 80
94 169 80
94 168 80
94 167 80
94 166 80
94 165 80
159 82 80
158 82 80
157 82 80
156 82 80
156 82 80
155 82 80
155 82 80
154 82 80
154 82 80
153 82 80
153 82 80
153 82 80
152 82 80
152 82 80
152 82 80
151 82 80
151 82 80
151 82 80
151 82 80
150 82 80
150 82 80
150 82 80
150 82 80
149 82 80
149 82 80
149 82 80
149 82 80
149 82 80
148 82 80
148 82 80
148 82 80
148 82 80
148 82 80
148 82 80
147 82 80
147 82 80
147 82 80
147 82 80
147 82 80
147 82 80
147 82 80
146 82 80
146 82 80
146 82 80
146 82 80
146 82 80
146 82 80
146 82 80
146 82 80
145 82 80
145 82 80
145 82 80
145 82 80
145 82 80
145 82 80
145 82 80
145 82 80
145 82 80
145 82 80
144 82 80
144 82 80
144 82 80
144 82 80
144 82 80
144 82 80
144 82 80
144 82 80
144 82 80
144 82 80
144 82 80
144 82 80
143 82 80
143 82 80
143 82 80
143 82 80
143 82 80
143 82 80
143 82 80
143 82 80
143 82 80
143 82 80
143 82 80
143 82 80
143 82 80
143 82 80
143 82 80
142 82 80
142 82 80
142 82 80
142 82 80
142 82 80
142 82 80
142 82 80
142 82 80
142 82 80
142 82 80
142 82 80
142 82 80
142 82 80
142 82 80
142 82 80
142 82 80
142 82 80
142 82 80
141 82 80
141 82 80
141 82 80
141 82 80
141 82 80
141 82 80
141 82 80
141 82 80
141 82 80
141 82 80
141 82 80
141 82 80
141 82 80
141 82 80
141 82 80
141 82 80
141 82 80
141 82 80
141 82 80
141 82 80
141 82 80
141 82 80
140 82 80
140 82 80
140 82 80
140 82 80
140 82 80
140 82 80
140 82 80
140 82 80
140 82 80
140 82 80
140 82 80
140 82 80
140 82 80
140 82 80
140 82 80
140 82 80
140 82 80
140 82 80
140 82 80
140 82 80
140 82 80
140 82 80
140 82 80
140 82 80
140 82 80
140 82 80
139 82 80
139 82 80
139 82 80
139 82 80
139 82 80
139 82 80
139 82 80
139 82 80
139 82 80
139 82 80
139 82 80
139 82 80
139 82 80
139 82 80
139 82 80
139 82 80
139 82 80
139 82 80
139 82 80
139 82 80
139 82 80
139 82 80
139 82 80
139 82 80
139 82 80
139 82 80
139 82 80
139 82 80
139 82 80
139 82 80
138 82 80
138 82 80
138 82 80
138 82 80
138 82 80
138 82 80
138 82 80
138 82 80
138 82 80
138 82 80
138 82 80
138 82 80
138 82 80
138 82 80
138 82 80
138 82 80
138 82 80
138 82 80
138 82 80
138 82 80
138 82 80
138 82 80
138 82 80
138 82 80
138 82 80
138 82 80
138 82 80
138 82 80
138 82 80
138 82 80
138 82 80
138 82 80
138 82 80
138 82 80
137 82 80
137 82 80
137 82 80
137 82 80
137 82 80
137 82 80
137 82 80
137 82 80
137 82 80
137 82 80
137 82 80
137 82 80
137 82 80
137 82 80
137 82 80
137 82 80
137 82 80
137 82 80
137 82 80
137 82 80
137 82 80
137 82 80
137 82 80
137 82 80
137 82 80
137 82 80
137 82 80
137 82 80
137 82 80
137 82 80
137 82 80
137 82 80
137 82 80
137 82 80
137 82 80
137 82 80
137 82 80
137 82 80
136 82 80
136 82 80
136 82 80
136 82 80
136 82 80
136 82 80
136 82 80
136 82 80
136 82 80
136 82 80
136 82 80
136 82 80
136 82 80
136 82 80
136 82 80
136 82 80
136 82 80
136 82 80
136 82 80
136 82 80
136 82 80
136 82 80
136 82 80
136 82 80
136 82 80
136 82 80
136 82 80
136 82 80
136 82 80
136 82 80
136 82 80
136 82 80
136 82 80
136 82 80
136 82 80
136 82 80
136 82 80
136 82 80
136 82 80
136 82 80
136 82 80
136 82 80
135 82 80
135 82 80
135 82 80
135 82 80
135 82 80
135 82 80
135 82 80
135 82 80
135 82 80
135 82 80
135 82 80
135 82 80
135 82 80
135 82 80
135 82 80
135 82 80
135 82 80
135 82 80
135 82 80
135 82 80
135 82 80
135 82 80
135 82 80
135 82 80
135 82 80
135 82 80
135 82 80
135 82 80
135 82 80
135 82 80
135 82 80
135 82 80
135 82 80
135 82 80
135 82 80
135 82 80
135 82 80
135 82 80
135 82 80
135 82 80
135 82 80
135 82 80
135 82 80
135 82 80
135 82 80
134 82 80
134 82 80
134 82 80
134 82 80
134 82 80
134 82 80
134 82 80
134 82 80
134 82 80
134 82 80
134 82 80
134 82 80
134 82 80
134 82 80
134 82 80
134 82 80
134 82 80
134 82 80
134 82 80
134 82 80
134 82 80
134 82 80
134 82 80
134 82 80
134 82 80
134 82 80
134 82 80
134 82 80
134 82 80
134 82 80
134 82 80
134 82 80
134 82 80
134 82 80
134 82 80
134 82 80
134 82 80
134 82 80
134 82 80
134 82 80
134 82 80
134 82 80
134 82 80
134 82 80
134 82 80
134 82 80
134 82 80
134 82 80
134 82 80
133 82 80
133 82 80
133 82 80
133 82 80
133 82 80
133 82 80
133 82 80
133 82 80
133 82 80
133 82 80
133 82 80
133 82 80
133 82 80
133 82 80
133 82 80
133 82 80
133 82 80
133 82 80
133 82 80
133 82 80
133 82 80
133 82 80
133 82 80
133 82 80
133 82 80
133 82 80
133 82 80
133 82 80
133 82 80
133 82 80
133 82 80
133 82 80
133 82 80
133 82 80
133 82 80
133 82 80
133 82 80
133 82 80
133 82 80
133 82 80
133 82 80
133 82 80
133 82 80
133 82 80
133 82 80
133 82 80
133 82 80
133 82 80
133 82 80
133 82 80
133 82 80
132 82 80
132 82 80
132 82 80
132 82 80
132 82 80
132 82 80
132 82 80
132 82 80
132 82 80
132 82 80
132 82 80
132 82 80
132 82 80
132 82 80
132 82 80
132 82 80
132 82 80
132 82 80
132 82 80
132 82 80
132 82 80
132 82 80
132 82 80
132 82 80
132 82 80
132 82 80
132 82 80
132 82 80
132 82 80
132 82 80
132 82 80
132 82 80
132 82 80
132 82 80
132 82 80
132 82 80
132 82 80
132 82 80
132 82 80
132 82 80
132 82 80
132 82 80
132 82 80
132 82 80
132 82 80
132 82 80
132 82 80
132 82 80
132 82 80
132 82 80
132 82 80
132 82 80
132 82 80
132 82 80
131 82 80
131 82 80
131 82 80
131 82 80
131 82 80
131 82 80
131 82 80
131 82 80
131 82 80
131 82 80
131 82 80
131 82 80
131 82 80
131 82 80
131 82 80
131 82 80
131 82 80
131 82 80
131 82 80
131 82 80
131 82 80
131 82 80
131 82 80
131 82 80
131 82 80
131 82 80
131 82 80
131 82 80
131 82 80
131 82 80
131 82 80
131 82 80
131 82 80
131 82 80
131 82 80
131 82 80
131 82 80
131 82 80
131 82 80
131 82 80
131 82 80
131 82 80
131 82 80
131 82 80
131 82 80
131 82 80
131 82 80
131 82 80
131 82 80
131 82 80
131 82 80
131 82 80
131 82 80
131 82 80
131 82 80
130 82 80
130 82 80
130 82 80
130 82 80
130 82 80
130 82 80
130 82 80
130 82 80
130 82 80
130 82 80
130 82 80
130 82 80
130 82 80
130 82 80
130 82 80
130 82 80
130 82 80
130 82 80
130 82 80
130 82 80
130 82 80
130 82 80
130 82 80
130 82 80
130 82 80
130 82 80
130 82 80
130 82 80
130 82 80
130 82 80
130 82 80
130 82 80
130 82 80
130 82 80
130 82 80
130 82 80
130 82 80
130 82 80
130 82 80
130 82 80
130 82 80
130 82 80
130 82 80
130 82 80
130 82 80
130 82 80
130 82 80
130 82 80
130 82 80
130 82 80
130 82 80
130 82 80
130 82 80
130 82 80
130 82 80
130 82 80
129 82 80
129 82 80
129 82 80
129 82 80
129 82 80
129 82 80
129 82 80
129 82 80
129 82 80
129 82 80
129 82 80
129 82 80
129 82 80
129 82 80
129 82 80
129 82 80
129 82 80
129 82 80
129 82 80
129 82 80
129 82 80
129 82 80
129 82 80
129 82 80
129 82 80
129 82 80
129 82 80
129 82 80
129 82 80
129 82 80
129 82 80
129 82 80
129 82 80
129 82 80
129 82 80
129 82 80
129 82 80
129 82 80
129 82 80
129 82 80
129 82 80
129 82 80
129 82 80
129 82 80
129 82 80
129 82 80
129 82 80
129 82 80
129 82 80
129 82 80
129 82 80
129 82 80
129 82 80
129 82 80
129 82 80
129 82 80
129 82 80
128 82 80
128 82 80
128 82 80
128 82 80
128 82 80
128 82 80
128 82 80
128 82 80
128 82 80
128 82 80
128 82 80
128 82 80
128 82 80
128 82 80
128 82 80
128 82 80
128 82 80
128 82 80
128 82 80
128 82 80
128 82 80
128 82 80
128 82 80
128 82 80
128 82 80
128 82 80
128 82 80
128 82 80
128 82 80
128 82 80
128 82 80
128 82 80
128 82 80
128 82 80
128 82 80
128 82 80
128 82 80
128 82 80
128 82 80
128 82 80
128 82 80
128 82 80
128 82 80
128 82 80
128 82 80
128 82 80
128 82 80
128 82 80
128 82 80
128 82 80
128 82 80
128 82 80
128 82 80
128 82 80
128 82 80
128 82 80
128 82 80
127 82 80
127 82 80
127 82 80
127 82 80
127 82 80
127 82 80
127 82 80
127 82 80
127 82 80
127 82 80
127 82 80
127 82 80
127 82 80
127 82 80
127 82 80
127 82 80
127 82 80
127 82 80
127 82 80
127 82 80
127 82 80
127 82 80
127 82 80
127 82 80
127 82 80
127 82 80
127 82 80
127 82 80
127 82 80
127 82 80
127 82 80
127 82 80
127 82 80
127 82 80
127 82 80
127 82 80
127 82 80
127 82 80
127 82 80
127 82 80
127 82 80
127 82 80
127 82 80
127 82 80
127 82 80
127 82 80
127 82 80
127 82 80
127 82 80
127 82 80
127 82 80
127 82 80
127 82 80
127 82 80
127 82 80
127 82 80
126 82 80
126 82 80
126 82 80
126 82 80
126 82 80
126 82 80
126 82 80
126 82 80
126 82 80
126 82 80
126 82 80
126 82 80
126 82 80
126 82 80
126 82 80
126 82 80
126 82 80
126 82 80
126 82 80
126 82 80
126 82 80
126 82 80
126 82 80
126 82 80
126 82 80
126 82 80
126 82 80
126 82 80
126 82 80
126 82 80
126 82 80
126 82 80
126 82 80
126 82 80
126 82 80
126 82 80
126 82 80
126 82 80
126 82 80
126 82 80
126 82 80
126 82 80
126 82 80
126 82 80
126 82 80
126 82 80
126 82 80
126 82 80
126 82 80
126 82 80
126 82 80
126 82 80
126 82 80
126 82 80
126 82 80
126 82 80
125 82 80
125 82 80
125 82 80
125 82 80
125 82 80
125 82 80
125 82 80
125 82 80
125 82 80
125 82 80
125 82 80
125 82 80
125 82 80
125 82 80
125 82 80
125 82 80
125 82 80
125 82 80
125 82 80
125 82 80
125 82 80
125 82 80
125 82 80
125 82 80
125 82 80
125 82 80
125 82 80
125 82 80
125 82 80
125 82 80
125 82 80
125 82 80
125 82 80
125 82 80
125 82 80
125 82 80
125 82 80
125 82 80
125 82 80
125 82 80
125 82 80
125 82 80
125 82 80
125 82 80
125 82 80
125 82 80
125 82 80
125 82 80
125 82 80
125 82 80
125 82 80
125 82 80
125 82 80
125 82 80
125 82 80
124 82 80
124 82 80
124 82 80
124 82 80
124 82 80
124 82 80
124 82 80
124 82 80
124 82 80
124 82 80
124 82 80
124 82 80
124 82 80
124 82 80
124 82 80
124 82 80
124 82 80
124 82 80
124 82 80
124 82 80
124 82 80
124 82 80
124 82 80
124 82 80
124 82 80
124 82 80
124 82 80
124 82 80
124 82 80
124 82 80
124 82 80
124 82 80
124 82 80
124 82 80
124 82 80
124 82 80
124 82 80
124 82 80
124 82 80
124 82 80
124 82 80
124 82 80
124 82 80
124 82 80
124 82 80
124 82 80
124 82 80
124 82 80
124 82 80
124 82 80
124 82 80
124 82 80
124 82 80
124 82 80
123 82 80
123 82 80
123 82 80
123 82 80
123 82 80
123 82 80
123 82 80
123 82 80
123 82 80
123 82 80
123 82 80
123 82 80
123 82 80
123 82 80
123 82 80
123 82 80
123 82 80
123 82 80
123 82 80
123 82 80
123 82 80
123 82 80
123 82 80
123 82 80
123 82 80
123 82 80
123 82 80
123 82 80
123 82 80
123 82 80
123 82 80
123 82 80
123 82 80
123 82 80
123 82 80
123 82 80
123 82 80
123 82 80
123 82 80
123 82 80
123 82 80
123 82 80
123 82 80
123 82 80
123 82 80
123 82 80
123 82 80
123 82 80
123 82 80
123 82 80
123 82 80
123 82 80
123 82 80
122 82 80
122 82 80
122 82 80
122 82 80
122 82 80
122 82 80
122 82 80
122 82 80
122 82 80
122 82 80
122 82 80
122 82 80
122 82 80
122 82 80
122 82 80
122 82 80
122 82 80
122 82 80
122 82 80
122 82 80
122 82 80
122 82 80
122 82 80
122 82 80
122 82 80
122 82 80
122 82 80
122 82 80
122 82 80
122 82 80
122 82 80
122 82 80
122 82 80
122 82 80
122 82 80
122 82 80
122 82 80
122 82 80
122 82 80
122 82 80
122 82 80
122 82 80
122 82 80
122 82 80
122 82 80
122 82 80
122 82 80
122 82 80
122 82 80
122 82 80
122 82 80
122 82 80
121 82 80
121 82 80
121 82 80
121 82 80
121 82 80
121 82 80
121 82 80
121 82 80
121 82 80
121 82 80
121 82 80
121 82 80
121 82 80
121 82 80
121 82 80
121 82 80
121 82 80
121 82 80
121 82 80
121 82 80
121 82 80
121 82 80
121 82 80
121 82 80
121 82 80
121 82 80
121 82 80
121 82 80
121 82 80
121 82 80
121 82 80
121 82 80
121 82 80
121 82 80
121 82 80
121 82 80
121 82 80
121 82 80
121 82 80
121 82 80
121 82 80
121 82 80
121 82 80
121 82 80
121 82 80
121 82 80
121 82 80
121 82 80
121 82 80
121 82 80
121 82 80
120 82 80
120 82 80
120 82 80
120 82 80
120 82 80
120 82 80
120 82 80
120 82 80
120 82 80
120 82 80
120 82 80
120 82 80
120 82 80
120 82 80
120 82 80
120 82 80
120 82 80
120 82 80
120 82 80
120 82 80
120 82 80
120 82 80
120 82 80
120 82 80
120 82 80
120 82 80
120 82 80
120 82 80
120 82 80
120 82 80
120 82 80
120 82 80
120 82 80
120 82 80
120 82 80
120 82 80
120 82 80
120 82 80
120 82 80
120 82 80
120 82 80
120 82 80
120 82 80
120 82 80
120 82 80
120 82 80
120 82 80
120 82 80
120 82 80
119 82 80
119 82 80
119 82 80
119 82 80
119 82 80
119 82 80
119 82 80
119 82 80
119 82 80
119 82 80
119 82 80
119 82 80
119 82 80
119 82 80
119 82 80
119 82 80
119 82 80
119 82 80
119 82 80
119 82 80
119 82 80
119 82 80
119 82 80
119 82 80
119 82 80
119 82 80
119 82 80
119 82 80
119 82 80
119 82 80
119 82 80
119 82 80
119 82 80
119 82 80
119 82 80
119 82 80
119 82 80
119 82 80
119 82 80
119 82 80
119 82 80
119 82 80
119 82 80
119 82 80
119 82 80
119 82 80
119 82 80
118 82 80
118 82 80
118 82 80
118 82 80
118 82 80
118 82 80
118 82 80
118 82 80
118 82 80
118 82 80
118 82 80
118 82 80
118 82 80
118 82 80
118 82 80
118 82 80
118 82 80
118 82 80
118 82 80
118 82 80
118 82 80
118 82 80
118 82 80
118 82 80
118 82 80
118 82 80
118 82 80
118 82 80
118 82 80
118 82 80
118 82 80
118 82 80
118 82 80
118 82 80
118 82 80
118 82 80
118 82 80
118 82 80
118 82 80
118 82 80
118 82 80
118 82 80
118 82 80
118 82 80
117 82 80
117 82 80
117 82 80
117 82 80
117 82 80
117 82 80
117 82 80
117 82 80
117 82 80
117 82 80
117 82 80
117 82 80
117 82 80
117 82 80
117 82 80
117 82 80
117 82 80
117 82 80
117 82 80
117 82 80
117 82 80
117 82 80
117 82 80
117 82 80
117 82 80
117 82 80
117 82 80
117 82 80
117 82 80
117 82 80
117 82 80
117 82 80
117 82 80
117 82 80
117 82 80
117 82 80
117 82 80
117 82 80
117 82 80
117 82 80
117 82 80
116 82 80
116 82 80
116 82 80
116 82 80
116 82 80
116 82 80
116 82 80
116 82 80
116 82 80
116 82 80
116 82 80
116 82 80
116 82 80
116 82 80
116 82 80
116 82 80
116 82 80
116 82 80
116 82 80
116 82 80
116 82 80
116 82 80
116 82 80
116 82 80
116 82 80
116 82 80
116 82 80
116 82 80
116 82 80
116 82 80
116 82 80
116 82 80
116 82 80
116 82 80
116 82 80
116 82 80
116 82 80
115 82 80
115 82 80
115 82 80
115 82 80
115 82 80
115 82 80
115 82 80
115 82 80
115 82 80
115 82 80
115 82 80
115 82 80
115 82 80
115 82 80
115 82 80
115 82 80
115 82 80
115 82 80
115 82 80
115 82 80
115 82 80
115 82 80
115 82 80
115 82 80
115 82 80
115 82 80
115 82 80
115 82 80
115 82 80
115 82 80
115 82 80
115 82 80
114 82 80
114 82 80
114 82 80
114 82 80
114 82 80
114 82 80
114 82 80
114 82 80
114 82 80
114 82 80
114 82 80
114 82 80
114 82 80
114 82 80
114 82 80
114 82 80
114 82 80
114 82 80
114 82 80
114 82 80
114 82 80
114 82 80
114 82 80
114 82 80
114 82 80
114 82 80
114 83 2000
114 83 80
114 83 80
114 83 80
114 83 80
114 84 80
114 84 80
114 84 80
114 84 80
114 84 80
114 84 80
114 84 80
114 84 80
114 84 80
114 84 80
114 84 80
114 84 80
114 84 80
114 84 80
114 84 80
114 84 80
114 84 80
114 84 80
114 84 80
114 84 80
114 84 80
114 84 80
114 84 80
114 84 80
114 84 80
114 84 80
114 84 80
114 84 80
114 84 80
114 84 80
114 84 80
114 84 80
114 85 80
114 85 80
114 85 80
114 85 80
114 85 80
114 85 80
114 85 80
114 85 80
114 85 80
114 85 80
114 85 80
114 85 80
114 85 80
114 85 80
114 85 80
114 85 80
114 85 80
114 85 80
114 85 80
114 85 80
114 85 80
114 85 80
114 85 80
114 85 80
114 85 80
114 85 80
114 85 80
114 85 80
114 85 80
114 85 80
114 85 80
114 85 80
114 85 80
114 85 80
114 86 80
114 86 80
114 86 80
114 86 80
114 86 80
114 86 80
114 86 80
114 86 80
114 86 80
114 86 80
114 86 80
114 86 80
114 86 80
114 86 80
114 86 80
114 86 80
114 86 80
114 86 80
114 86 80
114 86 80
114 86 80
114 86 80
114 86 80
114 86 80
114 86 80
114 86 80
114 86 80
114 86 80
114 86 80
114 86 80
114 86 80
114 86 80
114 86 80
114 86 80
114 86 80
114 87 80
114 87 80
114 87 80
114 87 80
114 87 80
114 87 80
114 87 80
114 87 80
114 87 80
114 87 80
114 87 80
114 87 80
114 87 80
114 87 80
114 87 80
114 87 80
114 87 80
114 87 80
114 87 80
114 87 80
114 87 80
114 87 80
114 87 80
114 87 80
114 87 80
114 87 80
114 87 80
114 87 80
114 87 80
114 87 80
114 87 80
114 87 80
114 87 80
114 87 80
114 87 80
114 87 80
114 87 80
114 88 80
114 88 80
114 88 80
114 88 80
114 88 80
114 88 80
114 88 80
114 88 80
114 88 80
114 88 80
114 88 80
114 88 80
114 88 80
114 88 80
114 88 80
114 88 80
114 88 80
114 88 80
114 88 80
114 88 80
114 88 80
114 88 80
114 88 80
114 88 80
114 88 80
114 88 80
114 88 80
114 88 80
114 88 80
114 88 80
114 88 80
114 88 80
114 88 80
114 88 80
114 88 80
114 88 80
114 88 80
114 89 80
114 89 80
114 89 80
114 89 80
114 89 80
114 89 80
114 89 80
114 89 80
114 89 80
114 89 80
114 89 80
114 89 80
114 89 80
114 89 80
114 89 80
114 89 80
114 89 80
114 89 80
114 89 80
114 89 80
114 89 80
114 89 80
114 89 80
114 89 80
114 89 80
114 89 80
114 89 80
114 89 80
114 89 80
114 89 80
114 89 80
114 89 80
114 89 80
114 89 80
114 89 80
114 89 80
114 89 80
114 89 80
114 90 80
114 90 80
114 90 80
114 90 80
114 90 80
114 90 80
114 90 80
114 90 80
114 90 80
114 90 80
114 90 80
114 90 80
114 90 80
114 90 80
114 90 80
114 90 80
114 90 80
114 90 80
114 90 80
114 90 80
114 90 80
114 90 80
114 90 80
114 90 80
114 90 80
114 90 80
114 90 80
114 90 80
114 90 80
114 90 80
114 90 80
114 90 80
114 90 80
114 90 80
114 90 80
114 90 80
114 90 80
114 90 80
114 91 80
114 91 80
114 91 80
114 91 80
114 91 80
114 91 80
114 91 80
114 91 80
114 91 80
114 91 80
114 91 80
114 91 80
114 91 80
114 91 80
114 91 80
114 91 80
114 91 80
114 91 80
114 91 80
114 91 80
114 91 80
114 91 80
114 91 80
114 91 80
114 91 80
114 91 80
114 91 80
114 91 80
114 91 80
114 91 80
114 91 80
114 91 80
114 91 80
114 91 80
114 91 80
114 91 80
114 91 80
114 92 80
114 92 80
114 92 80
114 92 80
114 92 80
114 92 80
114 92 80
114 92 80
114 92 80
114 92 80
114 92 80
114 92 80
114 92 80
114 92 80
114 92 80
114 92 80
114 92 80
114 92 80
114 92 80
114 92 80
114 92 80
114 92 80
114 92 80
114 92 80
114 92 80
114 92 80
114 92 80
114 92 80
114 92 80
114 92 80
114 92 80
114 92 80
114 92 80
114 92 80
114 92 80
114 92 80
114 93 80
114 93 80
114 93 80
114 93 80
114 93 80
114 93 80
114 93 80
114 93 80
114 93 80
114 93 80
114 93 80
114 93 80
114 93 80
114 93 80
114 93 80
114 93 80
114 93 80
114 93 80
114 93 80
114 93 80
114 93 80
114 93 80
114 93 80
114 93 80
114 93 80
114 93 80
114 93 80
114 93 80
114 93 80
114 93 80
114 93 80
114 93 80
114 93 80
114 93 80
114 93 80
114 94 80
114 94 80
114 94 80
114 94 80
114 94 80
114 94 80
114 94 80
114 94 80
114 94 80
114 94 80
114 94 80
114 94 80
114 94 80
114 94 80
114 94 80
114 94 80
114 94 80
114 94 80
114 94 80
114 94 80
114 94 80
114 94 80
114 94 80
114 94 80
114 94 80
114 94 80
114 94 80
114 94 80
114 94 80
114 94 80
114 94 80
114 94 80
114 94 80
114 95 80
114 95 80
114 95 80
114 95 80
114 95 80
114 95 80
114 95 80
114 95 80
114 95 80
114 95 80
114 95 80
114 95 80
114 95 80
114 95 80
114 95 80
114 95 80
114 95 80
114 95 80
114 95 80
114 95 80
114 95 80
114 95 80
114 95 80
114 95 80
114 95 80
114 95 80
114 95 80
114 95 80
114 95 80
114 95 80
114 95 80
114 95 80
114 96 80
114 96 80
114 96 80
114 96 80
114 96 80
114 96 80
114 96 80
114 96 80
114 96 80
114 96 80
114 96 80
114 96 80
114 96 80
114 96 80
114 96 80
114 96 80
114 96 80
114 96 80
114 96 80
114 96 80
114 96 80
114 96 80
114 96 80
114 96 80
114 96 80
114 96 80
114 96 80
114 96 80
114 96 80
114 96 80
114 97 80
114 97 80
114 97 80
114 97 80
114 97 80
114 97 80
114 97 80
114 97 80
114 97 80
114 97 80
114 97 80
114 97 80
114 97 80
114 97 80
114 97 80
114 97 80
114 97 80
114 97 80
114 97 80
114 97 80
114 97 80
114 97 80
114 97 80
114 97 80
114 97 80
114 97 80
114 97 80
114 97 80
114 98 80
114 98 80
114 98 80
114 98 80
114 98 80
114 98 80
114 98 80
114 98 80
114 98 80
114 98 80
114 98 80
114 98 80
114 98 80
114 98 80
114 98 80
114 98 80
114 98 80
114 98 80
114 98 80
114 98 80
114 98 80
114 98 80
114 98 80
114 98 80
114 98 80
114 99 80
114 99 80
114 99 80
114 99 80
114 99 80
114 99 80
114 99 80
114 99 80
114 99 80
114 99 80
114 99 80
114 99 80
114 99 80
114 99 80
114 99 80
114 99 80
114 99 80
114 99 80
114 99 80
114 99 80
114 100 80
114 100 80
114 100 80
114 100 80
114 100 80
114 100 80
114 100 80
114 100 80
114 100 80
114 100 80
114 100 80
114 100 80
114 100 80
114 100 80
114 100 80
114 100 80
114 101 80
114 101 80
114 101 80
114 101 80
114 101 80
114 101 80
114 101 80
114 101 80
114 101 80
114 101 80
114 101 80
114 102 80
114 102 80
114 102 80
114 102 80
114 102 80
114 102 80
114 102 80
114 102 80
114 103 80
114 103 80
114 103 80
114 103 80
114 103 80
114 104 80
114 104 80
114 104 80
114 105 80
114 105 80
114 106 80
114 107 80
114 108 80
114 109 80
114 110 80
114 111 80
114 112 80
114 113 80
114 114 80
114 115 80
114 116 80
114 117 80
114 118 80
114 119 80
114 120 80
114 121 80
67 44 80
68 44 80
69 44 80
70 44 80
71 44 80
72 44 80
73 44 80
74 44 80
75 44 80
76 44 80
77 44 80
78 44 80
79 44 80
80 44 80
81 44 80
82 44 80
83 44 80
84 44 80
85 44 80
86 44 80
87 44 80
87 44 80
88 44 80
88 44 80
89 44 80
89 44 80
89 44 80
89 44 80
90 44 80
90 44 80
90 44 80
90 44 80
90 44 80
90 44 80
91 44 80
91 44 80
91 44 80
91 44 80
91 44 80
91 44 80
91 44 80
91 44 80
92 44 80
92 44 80
92 44 80
92 44 80
92 44 80
92 44 80
92 44 80
92 44 80
92 44 80
92 44 80
92 44 80
93 44 80
93 44 80
93 44 80
93 44 80
93 44 80
93 44 80
93 44 80
93 44 80
93 44 80
93 44 80
93 44 80
93 44 80
93 44 80
93 44 80
94 44 80
94 44 80
94 44 80
94 44 80
94 44 80
94 44 80
94 44 80
94 44 80
94 44 80
94 44 80
94 44 80
94 44 80
94 44 80
94 44 80
94 44 80
94 44 80
94 44 80
95 44 80
95 44 80
95 44 80
95 44 80
95 44 80
95 44 80
95 44 80
95 44 80
95 44 80
95 44 80
95 44 80
95 44 80
95 44 80
95 44 80
95 44 80
95 44 80
95 44 80
95 44 80
95 44 80
95 44 80
95 44 80
96 44 80
96 44 80
96 44 80
96 44 80
96 44 80
96 44 80
96 44 80
96 44 80
96 44 80
96 44 80
96 44 80
96 44 80
96 44 80
96 44 80
96 44 80
96 44 80
96 44 80
96 44 80
96 44 80
96 44 80
96 44 80
96 44 80
96 44 80
96 44 80
97 44 80
97 44 80
97 44 80
97 44 80
97 44 80
97 44 80
97 44 80
97 44 80
97 44 80
97 44 80
97 44 80
97 44 80
97 44 80
97 44 80
97 44 80
97 44 80
97 44 80
97 44 80
97 44 80
97 44 80
97 44 80
97 44 80
97 44 80
97 44 80
97 44 80
97 44 80
97 44 80
97 44 80
98 44 80
98 44 80
98 44 80
98 44 80
98 44 80
98 44 80
98 44 80
98 44 80
98 44 80
98 44 80
98 44 80
98 44 80
98 44 80
98 44 80
98 44 80
98 44 80
98 44 80
98 44 80
98 44 80
98 44 80
98 44 80
98 44 80
98 44 80
98 44 80
98 44 80
98 44 80
98 44 80
98 44 80
98 44 80
98 44 80
98 44 80
99 44 80
99 44 80
99 44 80
99 44 80
99 44 80
99 44 80
99 44 80
99 44 80
99 44 80
99 44 80
99 44 80
99 44 80
99 44 80
99 44 80
99 44 80
99 44 80
99 44 80
99 44 80
99 44 80
99 44 80
99 44 80
99 44 80
99 44 80
99 44 80
99 44 80
99 44 80
99 44 80
99 44 80
99 44 80
99 44 80
99 44 80
99 44 80
99 44 80
100 44 80
100 44 80
100 44 80
100 44 80
100 44 80
100 44 80
100 44 80
100 44 80
100 44 80
100 44 80
100 44 80
100 44 80
100 44 80
100 44 80
100 44 80
100 44 80
100 44 80
100 44 80
100 44 80
100 44 80
100 44 80
100 44 80
100 44 80
100 44 80
100 44 80
100 44 80
100 44 80
100 44 80
100 44 80
100 44 80
100 44 80
100 44 80
100 44 80
100 44 80
100 44 80
101 44 80
101 44 80
101 44 80
101 44 80
101 44 80
101 44 80
101 44 80
101 44 80
101 44 80
101 44 80
101 44 80
101 44 80
101 44 80
101 44 80
101 44 80
101 44 80
101 44 80
101 44 80
101 44 80
101 44 80
101 44 80
101 44 80
101 44 80
101 44 80
101 44 80
101 44 80
101 44 80
101 44 80
101 44 80
101 44 80
101 44 80
101 44 80
101 44 80
101 44 80
101 44 80
101 44 80
102 44 80
102 44 80
102 44 80
102 44 80
102 44 80
102 44 80
102 44 80
102 44 80
102 44 80
102 44 80
102 44 80
102 44 80
102 44 80
102 44 80
102 44 80
102 44 80
102 44 80
102 44 80
102 44 80
102 44 80
102 44 80
102 44 80
102 44 80
102 44 80
102 44 80
102 44 80
102 44 80
102 44 80
102 44 80
102 44 80
102 44 80
102 44 80
102 44 80
102 44 80
102 44 80
102 44 80
103 44 80
103 44 80
103 44 80
103 44 80
103 44 80
103 44 80
103 44 80
103 44 80
103 44 80
103 44 80
103 44 80
103 44 80
103 44 80
103 44 80
103 44 80
103 44 80
103 44 80
103 44 80
103 44 80
103 44 80
103 44 80
103 44 80
103 44 80
103 44 80
103 44 80
103 44 80
103 44 80
103 44 80
103 44 80
103 44 80
103 44 80
103 44 80
103 44 80
103 44 80
103 44 80
104 44 80
104 44 80
104 44 80
104 44 80
104 44 80
104 44 80
104 44 80
104 44 80
104 44 80
104 44 80
104 44 80
104 44 80
104 44 80
104 44 80
104 44 80
104 44 80
104 44 80
104 44 80
104 44 80
104 44 80
104 44 80
104 44 80
104 44 80
104 44 80
104 44 80
104 44 80
104 44 80
104 44 80
104 44 80
104 44 80
104 44 80
104 44 80
104 44 80
105 44 80
105 44 80
105 44 80
105 44 80
105 44 80
105 44 80
105 44 80
105 44 80
105 44 80
105 44 80
105 44 80
105 44 80
105 44 80
105 44 80
105 44 80
105 44 80
105 44 80
105 44 80
105 44 80
105 44 80
105 44 80
105 44 80
105 44 80
105 44 80
105 44 80
105 44 80
105 44 80
105 44 80
105 44 80
105 44 80
105 44 80
106 44 80
106 44 80
106 44 80
106 44 80
106 44 80
106 44 80
106 44 80
106 44 80
106 44 80
106 44 80
106 44 80
106 44 80
106 44 80
106 44 80
106 44 80
106 44 80
106 44 80
106 44 80
106 44 80
106 44 80
106 44 80
106 44 80
106 44 80
106 44 80
106 44 80
106 44 80
106 44 80
106 44 80
106 44 80
107 44 80
107 44 80
107 44 80
107 44 80
107 44 80
107 44 80
107 44 80
107 44 80
107 44 80
107 44 80
107 44 80
107 44 80
107 44 80
107 44 80
107 44 80
107 44 80
107 44 80
107 44 80
107 44 80
107 44 80
107 44 80
107 44 80
107 44 80
107 44 80
107 44 80
107 44 80
108 44 80
108 44 80
108 44 80
108 44 80
108 44 80
108 44 80
108 44 80
108 44 80
108 44 80
108 44 80
108 44 80
108 44 80
108 44 80
108 44 80
108 44 80
108 44 80
108 44 80
108 44 80
108 44 80
108 44 80
108 44 80
108 44 80
109 44 80
109 44 80
109 44 80
109 44 80
109 44 80
109 44 80
109 44 80
109 44 80
109 44 80
109 44 80
109 44 80
109 44 80
109 44 80
109 44 80
109 44 80
109 44 80
109 44 80
109 44 80
110 44 80
110 44 80
110 44 80
110 44 80
110 44 80
110 44 80
110 44 80
110 44 80
110 44 80
110 44 80
110 44 80
110 44 80
110 44 80
110 44 80
111 44 80
111 44 80
111 44 80
111 44 80
111 44 80
111 44 80
111 44 80
111 44 80
111 44 80
112 44 80
112 44 80
112 44 80
112 44 80
112 44 80
112 44 80
113 44 80
113 44 80
113 44 80
113 44 80
114 44 80
114 44 80
114 45 80
114 45 80
114 45 80
114 46 80
114 46 80
114 46 80
114 46 80
114 47 80
114 47 80
114 47 80
114 47 80
114 47 80
114 48 80
114 48 80
114 48 80
114 48 80
114 48 80
114 48 80
114 48 80
114 49 80
114 49 80
114 49 80
114 49 80
114 49 80
114 49 80
114 49 80
114 49 80
114 50 80
114 50 80
114 50 80
114 50 80
114 50 80
114 50 80
114 50 80
114 50 80
114 50 80
114 51 80
114 51 80
114 51 80
114 51 80
114 51 80
114 51 80
114 51 80
114 51 80
114 51 80
114 52 80
114 52 80
114 52 80
114 52 80
114 52 80
114 52 80
114 52 80
114 52 80
114 52 80
114 53 80
114 53 80
114 53 80
114 53 80
114 53 80
114 53 80
114 53 80
114 53 80
114 54 80
114 54 80
114 54 80
114 54 80
114 54 80
114 54 80
114 54 80
114 55 80
114 55 80
114 55 80
114 55 80
114 55 80
114 55 80
114 55 80
114 56 80
114 56 80
114 56 80
114 56 80
114 56 80
114 56 80
114 57 80
114 57 80
114 57 80
114 57 80
114 57 80
114 58 80
114 58 80
114 58 80
114 58 80
114 59 80
114 59 80
114 59 80
114 59 80
114 60 80
114 60 80
114 60 80
114 61 80
114 61 80
114 61 80
114 62 80
114 62 80
114 62 80
114 63 80
114 63 80
114 64 80
114 64 80
114 65 80
114 65 80
114 66 80
114 67 80
114 68 80
114 69 80
114 70 80
114 71 80
114 72 80
114 73 80
114 73 80
114 74 80
114 74 80
114 75 80
114 75 80
114 75 80
114 76 80
114 76 80
114 76 80
114 76 80
114 76 80
114 77 80
114 77 80
114 77 80
114 77 80
114 77 80
114 77 80
114 77 80
114 78 80
114 78 80
114 78 80
114 78 80
114 78 80
114 78 80
114 78 80
114 78 80
114 78 80
114 78 80
114 78 80
114 79 80
114 79 80
114 79 80
114 79 80
114 79 80
114 79 80
114 79 80
114 79 80
114 79 80
114 79 80
114 79 80
114 79 80
114 79 80
114 79 80
114 80 80
114 80 80
114 80 80
114 80 80
114 80 80
114 80 80
114 80 80
114 80 80
114 80 80
114 80 80
114 80 80
114 80 80
114 80 80
114 80 80
114 80 80
114 80 80
114 80 80
114 80 80
114 81 80
114 81 80
114 81 80
114 81 80
114 81 80
114 81 80
114 81 80
114 81 80
114 81 80
114 81 80
114 81 80
114 81 80
114 81 80
114 81 80
114 81 80
114 81 80
114 81 80
114 81 80
114 81 80
114 81 80
114 81 80
114 81 80
94 43 1680
94 42 80
94 42 80
94 42 80
94 42 80
94 42 80
94 42 80
94 42 80
94 42 80
94 42 80
94 42 80
94 42 80
94 42 80
94 41 80
94 41 80
94 41 80
94 41 80
94 41 80
94 41 80
94 41 80
94 41 80
94 41 80
94 41 80
94 41 80
94 40 80
94 40 80
94 40 80
94 40 80
94 40 80
94 40 80
94 40 80
94 40 80
94 40 80
94 40 80
94 39 80
94 39 80
94 39 80
94 39 80
94 39 80
94 39 80
94 39 80
94 39 80
94 39 80
94 39 80
94 38 80
94 38 80
94 38 80
94 38 80
94 38 80
94 38 80
94 38 80
94 38 80
94 38 80
94 38 80
94 37 80
94 37 80
94 37 80
94 37 80
94 37 80
94 37 80
94 37 80
94 37 80
94 37 80
94 37 80
94 37 80
94 36 80
94 36 80
94 36 80
94 36 80
94 36 80
94 36 80
94 36 80
94 36 80
94 36 80
94 36 80
94 36 80
94 36 80
94 35 80
94 35 80
94 35 80
94 35 80
94 35 80
94 35 80
94 35 80
94 35 80
94 35 80
94 35 80
94 35 80
94 35 80
94 34 80
94 34 80
94 34 80
94 34 80
94 34 80
94 34 80
94 34 80
94 34 80
94 34 80
94 34 80
94 34 80
94 34 80
94 33 80
94 33 80
94 33 80
94 33 80
94 33 80
94 33 80
94 33 80
94 33 80
94 33 80
94 33 80
94 33 80
94 33 80
94 32 80
94 32 80
94 32 80
94 32 80
94 32 80
94 32 80
94 32 80
94 32 80
94 32 80
94 32 80
94 32 80
94 31 80
94 31 80
94 31 80
94 31 80
94 31 80
94 31 80
94 31 80
94 31 80
94 31 80
94 31 80
94 30 80
94 30 80
94 30 80
94 30 80
94 30 80
94 30 80
94 30 80
94 30 80
94 29 80
94 29 80
94 29 80
94 29 80
94 29 80
94 29 80
94 28 80
94 28 80
94 28 80
94 28 80
94 27 80
94 27 80
94 27 80
94 26 80
94 26 80
94 25 80
94 24 80
94 23 80
94 22 80
94 21 80
94 20 80
94 19 80
94 18 80
94 17 80
66 44 80
65 44 80
64 44 80
63 44 80
62 44 80
61 44 80
60 44 80
59 44 80
58 44 80
57 44 80
56 44 80
55 44 80
54 44 80
53 44 80
52 44 80
51 44 80
50 44 80
49 44 80
48 44 80
47 44 80
46 44 80
45 44 80
44 44 80
43 44 80
42 44 80
41 44 80
40 44 80
39 44 80
38 44 80
38 44 80
37 44 80
37 44 80
37 44 80
36 44 80
36 44 80
36 44 80
36 44 80
35 44 80
35 44 80
35 44 80
35 44 80
35 44 80
34 44 80
34 44 80
34 44 80
34 44 80
34 44 80
34 44 80
33 44 80
33 44 80
33 44 80
33 44 80
33 44 80
33 44 80
33 44 80
32 44 80
32 44 80
32 44 80
32 44 80
32 44 80
32 44 80
32 44 80
32 44 80
31 44 80
31 44 80
31 44 80
31 44 80
31 44 80
31 44 80
31 44 80
31 44 80
31 44 80
30 44 80
30 44 80
30 44 80
30 44 80
30 44 80
30 44 80
30 44 80
30 44 80
30 44 80
30 44 80
29 44 80
29 44 80
29 44 80
29 44 80
29 44 80
29 44 80
29 44 80
29 44 80
29 44 80
29 44 80
29 44 80
28 44 80
28 44 80
28 44 80
28 44 80
28 44 80
28 44 80
28 44 80
28 44 80
28 44 80
28 44 80
28 44 80
27 44 80
27 44 80
27 44 80
27 44 80
27 44 80
27 44 80
27 44 80
27 44 80
27 44 80
27 44 80
27 44 80
27 44 80
26 44 80
26 44 80
26 44 80
26 44 80
26 44 80
26 44 80
26 44 80
26 44 80
26 44 80
26 44 80
26 44 80
26 44 80
26 44 80
25 44 80
25 44 80
25 44 80
25 44 80
25 44 80
25 44 80
25 44 80
25 44 80
25 44 80
25 44 80
25 44 80
25 44 80
25 44 80
24 44 80
24 44 80
24 44 80
24 44 80
24 44 80
24 44 80
24 44 80
24 44 80
24 44 80
24 44 80
24 44 80
24 44 80
24 44 80
23 44 80
23 44 80
23 44 80
23 44 80
23 44 80
23 44 80
23 44 80
23 44 80
23 44 80
23 44 80
23 44 80
23 44 80
23 44 80
22 44 80
22 44 80
22 44 80
22 44 80
22 44 80
22 44 80
22 44 80
22 44 80
22 44 80
22 44 80
22 44 80
22 44 80
22 44 80
21 44 80
21 44 80
21 44 80
21 44 80
21 44 80
21 44 80
21 44 80
21 44 80
21 44 80
21 44 80
21 44 80
21 44 80
21 44 80
21 43 960
21 42 80
21 42 80
21 42 80
21 42 80
21 42 80
21 42 80
21 42 80
21 42 80
21 41 80
21 41 80
21 41 80
21 41 80
21 41 80
21 41 80
21 41 80
21 40 80
21 40 80
21 40 80
21 40 80
21 40 80
21 40 80
21 39 80
21 39 80
21 39 80
21 39 80
21 39 80
21 38 80
21 38 80
21 38 80
21 38 80
21 37 80
21 37 80
21 37 80
21 37 80
21 36 80
21 36 80
21 36 80
21 35 80
21 35 80
21 35 80
21 34 80
21 34 80
21 34 80
21 33 80
21 33 80
21 32 80
21 32 80
21 31 80
21 31 80
21 30 80
21 29 80
21 28 80
21 27 80
21 26 80
21 25 80
21 24 80
4 165 80
5 165 80
6 165 80
7 165 80
8 165 80
9 165 80
10 165 80
11 165 80
12 165 80
13 165 80
14 165 80
15 165 80
16 165 80
17 165 80
18 165 80
19 165 80
20 165 80
21 165 80
22 165 80
23 165 80
24 165 80
25 165 80
26 165 80
27 165 80
27 165 80
28 165 80
28 165 80
29 165 80
29 165 80
29 165 80
30 165 80
30 165 80
30 165 80
30 165 80
31 165 80
31 165 80
31 165 80
31 165 80
31 165 80
32 165 80
32 165 80
32 165 80
32 165 80
32 165 80
32 165 80
32 165 80
33 165 80
33 165 80
33 165 80
33 165 80
33 165 80
33 165 80
33 165 80
33 165 80
34 165 80
34 165 80
34 165 80
34 165 80
34 165 80
34 165 80
34 165 80
34 165 80
34 165 80
34 165 80
35 165 80
35 165 80
35 165 80
35 165 80
35 165 80
35 165 80
35 165 80
35 165 80
35 165 80
35 165 80
35 165 80
35 165 80
36 165 80
36 165 80
36 165 80
36 165 80
36 165 80
36 165 80
36 165 80
36 165 80
36 165 80
36 165 80
36 165 80
36 165 80
36 165 80
36 165 80
37 165 80
37 165 80
37 165 80
37 165 80
37 165 80
37 165 80
37 165 80
37 165 80
37 165 80
37 165 80
37 165 80
37 165 80
37 165 80
37 165 80
37 165 80
38 165 80
38 165 80
38 165 80
38 165 80
38 165 80
38 165 80
38 165 80
38 165 80
38 165 80
38 165 80
38 165 80
38 165 80
38 165 80
38 165 80
38 165 80
38 165 80
39 165 80
39 165 80
39 165 80
39 165 80
39 165 80
39 165 80
39 165 80
39 165 80
39 165 80
39 165 80
39 165 80
39 165 80
39 165 80
39 165 80
39 165 80
39 165 80
39 165 80
40 165 80
40 165 80
40 165 80
40 165 80
40 165 80
40 165 80
40 165 80
40 165 80
40 165 80
40 165 80
40 165 80
40 165 80
40 165 80
40 165 80
40 165 80
40 165 80
40 165 80
40 165 80
41 165 80
41 165 80
41 165 80
41 165 80
41 165 80
41 165 80
41 165 80
41 165 80
41 165 80
41 165 80
41 165 80
41 165 80
41 165 80
41 165 80
41 165 80
41 165 80
41 165 80
41 165 80
41 165 80
42 165 80
42 165 80
42 165 80
42 165 80
42 165 80
42 165 80
42 165 80
42 165 80
42 165 80
42 165 80
42 165 80
42 165 80
42 165 80
42 165 80
42 165 80
42 165 80
42 165 80
42 165 80
42 165 80
42 165 80
42 165 80
43 165 80
43 165 80
43 165 80
43 165 80
43 165 80
43 165 80
43 165 80
43 165 80
43 165 80
43 165 80
43 165 80
43 165 80
43 165 80
43 165 80
43 165 80
43 165 80
43 165 80
43 165 80
43 165 80
43 165 80
43 165 80
43 165 80
44 165 80
44 165 80
44 165 80
44 165 80
44 165 80
44 165 80
44 165 80
44 165 80
44 165 80
44 165 80
44 165 80
44 165 80
44 165 80
44 165 80
44 165 80
44 165 80
44 165 80
44 165 80
44 165 80
44 165 80
44 165 80
44 165 80
44 165 80
44 165 80
45 165 80
45 165 80
45 165 80
45 165 80
45 165 80
45 165 80
45 165 80
45 165 80
45 165 80
45 165 80
45 165 80
45 165 80
45 165 80
45 165 80
45 165 80
45 165 80
45 165 80
45 165 80
45 165 80
45 165 80
45 165 80
45 165 80
45 165 80
45 165 80
45 165 80
45 165 80
45 165 80
46 165 80
46 165 80
46 165 80
46 165 80
46 165 80
46 165 80
46 165 80
46 165 80
46 165 80
46 165 80
46 165 80
46 165 80
46 165 80
46 165 80
46 165 80
46 165 80
46 165 80
46 165 80
46 165 80
46 165 80
46 165 80
46 165 80
46 165 80
46 165 80
46 165 80
46 165 80
46 165 80
46 165 80
46 165 80
46 165 80
47 165 80
47 165 80
47 165 80
47 165 80
47 165 80
47 165 80
47 165 80
47 165 80
47 165 80
47 165 80
47 165 80
47 165 80
47 165 80
47 165 80
47 165 80
47 165 80
47 165 80
47 165 80
47 165 80
47 165 80
47 165 80
47 165 80
47 165 80
47 165 80
47 165 80
47 165 80
47 165 80
47 165 80
47 165 80
47 165 80
47 165 80
47 165 80
47 165 80
47 165 80
48 165 80
48 165 80
48 165 80
48 165 80
48 165 80
48 165 80
48 165 80
48 165 80
48 165 80
48 165 80
48 165 80
48 165 80
48 165 80
48 165 80
48 165 80
48 165 80
48 165 80
48 165 80
48 165 80
48 165 80
48 165 80
48 165 80
48 165 80
48 165 80
48 165 80
48 165 80
48 165 80
48 165 80
48 165 80
48 165 80
48 165 80
48 165 80
48 165 80
48 165 80
48 165 80
48 165 80
48 165 80
48 165 80
49 165 80
49 165 80
49 165 80
49 165 80
49 165 80
49 165 80
49 165 80
49 165 80
49 165 80
49 165 80
49 165 80
49 165 80
49 165 80
49 165 80
49 165 80
49 165 80
49 165 80
49 165 80
49 165 80
49 165 80
49 165 80
49 165 80
49 165 80
49 165 80
49 165 80
49 165 80
49 165 80
49 165 80
49 165 80
49 165 80
49 165 80
49 165 80
49 165 80
49 165 80
49 165 80
49 165 80
49 165 80
49 165 80
49 165 80
49 165 80
49 165 80
49 165 80
49 165 80
50 165 80
50 165 80
50 165 80
50 165 80
50 165 80
50 165 80
50 165 80
50 165 80
50 165 80
50 165 80
50 165 80
50 165 80
50 165 80
50 165 80
50 165 80
50 165 80
50 165 80
50 165 80
50 165 80
50 165 80
50 165 80
50 165 80
50 165 80
50 165 80
50 165 80
50 165 80
50 165 80
50 165 80
50 165 80
50 165 80
50 165 80
50 165 80
50 165 80
50 165 80
50 165 80
50 165 80
50 165 80
50 165 80
50 165 80
50 165 80
50 165 80
50 165 80
50 165 80
50 165 80
50 165 80
50 165 80
50 165 80
51 165 80
51 165 80
51 165 80
51 165 80
51 165 80
51 165 80
51 165 80
51 165 80
51 165 80
51 165 80
51 165 80
51 165 80
51 165 80
51 165 80
51 165 80
51 165 80
51 165 80
51 165 80
51 165 80
51 165 80
51 165 80
51 165 80
51 165 80
51 165 80
51 165 80
51 165 80
51 165 80
51 165 80
51 165 80
51 165 80
51 165 80
51 165 80
51 165 80
51 165 80
51 165 80
51 165 80
51 165 80
51 165 80
51 165 80
51 165 80
51 165 80
51 165 80
51 165 80
51 165 80
51 165 80
51 165 80
51 165 80
51 165 80
51 165 80
51 165 80
52 165 80
52 165 80
52 165 80
52 165 80
52 165 80
52 165 80
52 165 80
52 165 80
52 165 80
52 165 80
52 165 80
52 165 80
52 165 80
52 165 80
52 165 80
52 165 80
52 165 80
52 165 80
52 165 80
52 165 80
52 165 80
52 165 80
52 165 80
52 165 80
52 165 80
52 165 80
52 165 80
52 165 80
52 165 80
52 165 80
52 165 80
52 165 80
52 165 80
52 165 80
52 165 80
52 165 80
52 165 80
52 165 80
52 165 80
52 165 80
52 165 80
52 165 80
52 165 80
52 165 80
52 165 80
52 165 80
52 165 80
52 165 80
52 165 80
52 165 80
52 165 80
52 165 80
52 165 80
53 165 80
53 165 80
53 165 80
53 165 80
53 165 80
53 165 80
53 165 80
53 165 80
53 165 80
53 165 80
53 165 80
53 165 80
53 165 80
53 165 80
53 165 80
53 165 80
53 165 80
53 165 80
53 165 80
53 165 80
53 165 80
53 165 80
53 165 80
53 165 80
53 165 80
53 165 80
53 165 80
53 165 80
53 165 80
53 165 80
53 165 80
53 165 80
53 165 80
53 165 80
53 165 80
53 165 80
53 165 80
53 165 80
53 165 80
53 165 80
53 165 80
53 165 80
53 165 80
53 165 80
53 165 80
53 165 80
53 165 80
53 165 80
53 165 80
53 165 80
53 165 80
53 165 80
53 165 80
53 165 80
53 165 80
54 165 80
54 165 80
54 165 80
54 165 80
54 165 80
54 165 80
54 165 80
54 165 80
54 165 80
54 165 80
54 165 80
54 165 80
54 165 80
54 165 80
54 165 80
54 165 80
54 165 80
54 165 80
54 165 80
54 165 80
54 165 80
54 165 80
54 165 80
54 165 80
54 165 80
54 165 80
54 165 80
54 165 80
54 165 80
54 165 80
54 165 80
54 165 80
54 165 80
54 165 80
54 165 80
54 165 80
54 165 80
54 165 80
54 165 80
54 165 80
54 165 80
54 165 80
54 165 80
54 165 80
54 165 80
54 165 80
54 165 80
54 165 80
54 165 80
54 165 80
54 165 80
54 165 80
54 165 80
54 165 80
54 165 80
54 165 80
55 165 80
55 165 80
55 165 80
55 165 80
55 165 80
55 165 80
55 165 80
55 165 80
55 165 80
55 165 80
55 165 80
55 165 80
55 165 80
55 165 80
55 165 80
55 165 80
55 165 80
55 165 80
55 165 80
55 165 80
55 165 80
55 165 80
55 165 80
55 165 80
55 165 80
55 165 80
55 165 80
55 165 80
55 165 80
55 165 80
55 165 80
55 165 80
55 165 80
55 165 80
55 165 80
55 165 80
55 165 80
55 165 80
55 165 80
55 165 80
55 165 80
55 165 80
55 165 80
55 165 80
55 165 80
55 165 80
55 165 80
55 165 80
55 165 80
55 165 80
55 165 80
55 165 80
55 165 80
55 165 80
55 165 80
55 165 80
56 165 80
56 165 80
56 165 80
56 165 80
56 165 80
56 165 80
56 165 80
56 165 80
56 165 80
56 165 80
56 165 80
56 165 80
56 165 80
56 165 80
56 165 80
56 165 80
56 165 80
56 165 80
56 165 80
56 165 80
56 165 80
56 165 80
56 165 80
56 165 80
56 165 80
56 165 80
56 165 80
56 165 80
56 165 80
56 165 80
56 165 80
56 165 80
56 165 80
56 165 80
56 165 80
56 165 80
56 165 80
56 165 80
56 165 80
56 165 80
56 165 80
56 165 80
56 165 80
56 165 80
56 165 80
56 165 80
56 165 80
56 165 80
56 165 80
56 165 80
56 165 80
56 165 80
56 165 80
56 165 80
56 165 80
57 165 80
57 165 80
57 165 80
57 165 80
57 165 80
57 165 80
57 165 80
57 165 80
57 165 80
57 165 80
57 165 80
57 165 80
57 165 80
57 165 80
57 165 80
57 165 80
57 165 80
57 165 80
57 165 80
57 165 80
57 165 80
57 165 80
57 165 80
57 165 80
57 165 80
57 165 80
57 165 80
57 165 80
57 165 80
57 165 80
57 165 80
57 165 80
57 165 80
57 165 80
57 165 80
57 165 80
57 165 80
57 165 80
57 165 80
57 165 80
57 165 80
57 165 80
57 165 80
57 165 80
57 165 80
57 165 80
57 165 80
57 165 80
57 165 80
57 165 80
57 165 80
57 165 80
57 165 80
58 165 80
58 165 80
58 165 80
58 165 80
58 165 80
58 165 80
58 165 80
58 165 80
58 165 80
58 165 80
58 165 80
58 165 80
58 165 80
58 165 80
58 165 80
58 165 80
58 165 80
58 165 80
58 165 80
58 165 80
58 165 80
58 165 80
58 165 80
58 165 80
58 165 80
58 165 80
58 165 80
58 165 80
58 165 80
58 165 80
58 165 80
58 165 80
58 165 80
58 165 80
58 165 80
58 165 80
58 165 80
58 165 80
58 165 80
58 165 80
58 165 80
58 165 80
58 165 80
58 165 80
58 165 80
58 165 80
58 165 80
58 165 80
58 165 80
58 165 80
59 165 80
59 165 80
59 165 80
59 165 80
59 165 80
59 165 80
59 165 80
59 165 80
59 165 80
59 165 80
59 165 80
59 165 80
59 165 80
59 165 80
59 165 80
59 165 80
59 165 80
59 165 80
59 165 80
59 165 80
59 165 80
59 165 80
59 165 80
59 165 80
59 165 80
59 165 80
59 165 80
59 165 80
59 165 80
59 165 80
59 165 80
59 165 80
59 165 80
59 165 80
59 165 80
59 165 80
59 165 80
59 165 80
59 165 80
59 165 80
59 165 80
59 165 80
59 165 80
59 165 80
59 165 80
59 165 80
60 165 80
60 165 80
60 165 80
60 165 80
60 165 80
60 165 80
60 165 80
60 165 80
60 165 80
60 165 80
60 165 80
60 165 80
60 165 80
60 165 80
60 165 80
60 165 80
60 165 80
60 165 80
60 165 80
60 165 80
60 165 80
60 165 80
60 165 80
60 165 80
60 165 80
60 165 80
60 165 80
60 165 80
60 165 80
60 165 80
60 165 80
60 165 80
60 165 80
60 165 80
60 165 80
60 165 80
60 165 80
60 165 80
60 165 80
60 165 80
61 165 80
61 165 80
61 165 80
61 165 80
61 165 80
61 165 80
61 165 80
61 165 80
61 165 80
61 165 80
61 165 80
61 165 80
61 165 80
61 165 80
61 165 80
61 165 80
61 165 80
61 165 80
61 165 80
61 165 80
61 165 80
61 165 80
61 165 80
61 165 80
61 165 80
61 165 80
61 165 80
61 165 80
61 165 80
61 165 80
61 165 80
61 165 80
61 165 80
62 165 80
62 165 80
62 165 80
62 165 80
62 165 80
62 165 80
62 165 80
62 165 80
62 165 80
62 165 80
62 165 80
62 165 80
62 165 80
62 165 80
62 165 80
62 165 80
62 165 80
62 165 80
62 165 80
62 165 80
62 165 80
62 165 80
62 165 80
62 165 80
62 165 80
63 165 80
63 165 80
63 165 80
63 165 80
63 165 80
63 165 80
63 165 80
63 165 80
63 165 80
63 165 80
63 165 80
63 165 80
63 165 80
63 165 80
63 165 80
63 165 80
63 165 80
63 165 80
64 165 80
64 165 80
64 165 80
64 165 80
64 165 80
64 165 80
64 165 80
64 165 80
64 165 80
64 165 80
64 165 80
65 165 80
65 165 80
65 165 80
65 165 80
65 165 80
65 165 80
65 165 80
66 165 80
66 165 80
66 165 80
66 165 80
67 165 80
67 165 80
67 165 80
68 165 80
68 165 80
69 165 80
70 165 80
71 165 80
72 165 80
73 165 80
74 165 80
75 165 80
76 165 80
77 165 80
78 165 80
79 165 80
80 165 80
81 165 80
82 165 80
83 165 80
84 165 80
85 165 80
86 165 80
87 165 80
88 165 80
89 165 80
90 165 80
91 165 80
92 165 80
93 165 80
