148 67 120
147 67 120
146 67 120
145 67 120
144 67 120
143 67 120
142 67 120
141 67 120
140 67 120
139 67 120
139 67 120
138 67 120
138 67 120
137 67 120
137 67 120
137 67 120
136 67 240
136 67 120
136 67 120
136 67 120
135 67 480
135 67 120
135 67 120
135 67 120
134 67 720
134 67 120
134 67 120
134 67 120
133 67 960
133 67 120
133 67 120
133 67 120
133 67 120
132 67 1320
132 67 120
132 67 120
132 67 120
132 67 120
131 67 1680
131 67 120
131 67 120
131 67 120
130 67 1920
130 67 120
130 67 120
130 67 120
130 67 120
129 67 2280
129 67 120
129 67 120
128 67 2400
128 67 120
128 67 120
127 67 2520
127 67 120
126 67 2520
126 67 120
125 67 2520
124 67 2520
123 67 2520
122 67 120
122 67 120
122 67 120
122 67 120
122 67 120
122 67 120
122 67 120
122 67 120
122 67 120
122 67 120
122 67 120
122 67 120
122 67 120
122 67 120
121 67 1560
120 67 1560
119 67 1560
118 67 120
118 67 120
118 67 120
118 67 120
118 67 120
118 67 120
118 67 120
117 67 720
116 67 720
115 67 720
114 67 120
114 67 120
113 67 120
113 67 120
112 67 120
111 67 120
110 67 120
109 67 120
108 67 120
107 67 120
106 67 120
105 67 120
104 67 120
103 67 120
102 67 120
101 67 120
100 67 120
99 67 120
98 67 120
97 67 120
96 67 120
95 67 120
94 67 120
93 67 120
92 67 120
92 67 120
91 67 120
91 67 120
91 67 120
90 67 240
90 67 120
90 67 120
89 67 360
89 67 120
89 67 120
88 67 480
88 67 120
88 67 120
87 67 600
87 67 120
87 67 120
86 67 720
86 67 120
86 67 120
85 67 840
85 67 120
84 67 840
84 67 120
83 67 840
83 67 120
82 67 840
81 67 840
80 67 840
79 67 120
79 67 120
79 67 120
79 67 120
79 67 120
78 67 480
77 67 480
76 67 480
75 67 120
75 67 120
74 67 120
74 67 120
73 67 120
73 67 120
72 67 120
72 67 120
71 67 120
71 67 120
70 67 120
70 67 120
69 67 120
69 67 120
68 67 120
68 67 120
67 67 120
67 67 120
66 67 120
66 67 120
65 67 120
65 67 120
65 67 120
64 67 240
64 67 120
64 67 120
63 67 360
63 67 120
63 67 120
62 67 480
62 67 120
62 67 120
61 67 600
61 67 120
61 67 120
61 67 120
60 67 840
60 67 120
60 67 120
60 67 120
59 67 1080
59 67 120
59 67 120
58 67 1200
58 67 120
58 67 120
58 67 120
57 67 1440
57 67 120
57 67 120
56 67 1560
56 67 120
56 67 120
55 67 1680
55 67 120
55 67 120
54 67 1800
54 67 120
54 67 120
53 67 1920
53 67 120
52 67 1920
52 67 120
52 67 120
51 67 2040
51 67 120
50 67 2040
49 67 2040
48 67 2040
47 67 120
47 67 120
47 67 120
47 67 120
47 67 120
47 67 120
47 67 120
47 67 120
47 67 120
47 67 120
47 67 120
47 67 120
47 67 120
47 67 120
46 67 1560
45 67 1560
44 67 1560
43 67 120
43 67 120
43 67 120
43 67 120
43 67 120
43 67 120
43 67 120
42 67 720
41 67 720
40 67 720
39 67 120
39 67 120
38 67 120
38 67 120
37 67 120
36 67 120
35 67 120
34 67 120
33 67 120
32 67 120
31 67 120
30 67 120
29 67 120
28 67 120
27 67 120
26 67 120
25 67 120
24 67 120
23 67 120
22 67 120
21 67 120
20 67 120
19 67 120
18 67 120
17 67 120
16 67 120
15 67 120
15 67 120
14 67 120
14 67 120
13 67 120
13 67 120
13 67 120
12 67 240
12 67 120
11 67 240
11 67 120
11 67 120
10 67 360
10 67 120
10 67 120
9 67 480
9 67 120
9 68 480
9 68 120
9 69 480
9 70 480
9 71 480
9 72 120
9 72 120
9 73 120
9 74 120
9 75 120
9 76 120
9 77 120
9 78 120
9 79 120
9 80 120
9 81 120
9 82 120
9 83 120
9 84 120
9 85 120
9 86 120
9 87 120
9 88 120
9 89 120
9 89 120
9 90 120
9 90 120
9 90 120
9 91 240
9 91 120
9 91 120
9 92 360
9 92 120
9 92 120
9 93 480
9 93 120
9 93 120
9 94 600
9 94 120
9 94 120
9 94 120
9 95 840
9 95 120
9 95 120
9 96 960
9 96 120
9 96 120
9 97 1080
9 97 120
9 97 120
9 97 120
9 98 1320
9 98 120
9 98 120
9 99 1440
9 99 120
9 99 120
9 99 120
9 100 1680
9 100 120
9 100 120
9 100 120
9 101 1920
9 101 120
9 101 120
9 101 120
9 102 2160
9 102 120
9 102 120
9 102 120
9 103 2400
9 103 120
9 103 120
9 103 120
9 104 2640
9 104 120
9 104 120
9 105 2760
9 105 120
9 105 120
9 106 2880
9 106 120
9 106 120
9 107 3000
9 108 3000
9 109 3000
9 110 120
9 110 120
9 110 120
9 110 120
9 110 120
9 110 120
9 110 120
9 110 120
9 110 120
9 110 120
9 110 120
9 110 120
9 110 120
9 110 120
9 110 120
9 110 120
9 110 120
9 110 120
9 110 120
9 110 120
9 111 2280
9 112 2280
9 113 2280
9 114 120
9 114 120
9 114 120
9 114 120
9 114 120
9 114 120
9 114 120
9 114 120
9 114 120
9 115 960
9 116 960
9 117 960
9 118 120
9 118 120
9 119 120
9 119 120
9 120 120
9 121 120
9 122 120
9 123 120
9 124 120
9 125 120
9 126 120
9 127 120
9 128 120
9 129 120
9 130 120
9 131 120
9 132 120
9 133 120
9 134 120
9 135 120
9 136 120
9 137 120
9 137 120
9 138 120
9 138 120
9 139 120
9 139 120
9 140 120
9 140 120
9 141 120
9 141 120
9 142 120
9 143 120
9 144 120
9 145 120
9 146 120
9 147 120
9 148 120
9 149 120
9 150 120
9 151 120
9 152 120
9 153 120
9 154 120
9 155 120
9 156 120
9 157 120
9 158 120
9 159 120
9 160 120
9 161 120
9 162 120
9 163 120
9 164 120
9 165 120
9 166 120
9 167 120
9 168 120
9 169 120
9 170 120
9 171 120
9 172 120
9 173 120
9 174 120
9 174 120
9 175 120
9 175 120
9 176 120
9 176 120
9 177 120
9 177 120
9 177 120
9 178 240
9 178 120
9 179 240
9 179 120
9 180 240
9 181 240
9 182 240
9 183 120
9 184 120
9 185 120
9 186 120
9 187 120
9 188 120
