92 196 120
93 196 120
94 196 120
95 196 120
96 196 120
97 196 120
97 196 120
98 196 120
98 196 120
99 196 120
99 196 120
100 196 120
100 196 120
101 196 120
101 196 120
102 196 120
102 196 120
103 196 120
103 196 120
104 196 120
104 196 120
104 196 120
105 196 240
105 196 120
106 196 240
106 196 120
107 196 240
107 196 120
107 196 120
108 196 360
108 196 120
109 196 360
109 196 120
109 196 120
110 196 480
110 196 120
110 196 120
111 196 600
111 196 120
112 196 600
112 196 120
112 196 120
113 196 720
113 196 120
113 196 120
114 196 840
114 196 120
114 196 120
115 196 960
115 196 120
116 196 960
116 196 120
117 196 960
117 196 120
118 196 960
118 196 120
119 196 960
120 196 960
121 196 960
122 196 120
122 196 120
122 196 120
122 196 120
122 196 120
122 196 120
123 196 600
123 196 120
124 196 600
125 196 600
126 196 600
127 196 120
127 196 120
127 196 120
128 196 240
128 196 120
129 196 240
129 196 120
130 196 240
131 196 240
132 196 240
133 196 120
133 196 120
134 196 120
134 196 120
135 196 120
136 196 120
137 196 120
138 196 120
139 196 120
140 196 120
141 196 120
141 196 120
142 196 120
142 196 120
143 196 120
143 196 120
144 196 120
144 196 120
144 196 120
145 196 240
145 196 120
145 196 120
146 196 360
146 196 120
146 196 120
147 196 480
147 196 120
147 196 120
147 196 120
148 196 720
148 196 120
148 196 120
149 196 840
149 196 120
149 196 120
149 196 120
150 196 1080
150 196 120
150 196 120
150 196 120
151 196 1320
151 196 120
151 196 120
152 196 1440
152 196 120
152 196 120
153 196 1560
153 196 120
153 196 120
153 196 120
154 196 1800
154 196 120
154 196 120
155 196 1920
155 196 120
155 196 120
156 196 2040
156 196 120
156 196 120
156 196 120
157 196 2280
157 196 120
157 196 120
158 196 2400
158 196 120
158 196 120
158 196 120
159 196 2640
159 196 120
159 196 120
160 196 2760
160 196 120
160 196 120
160 196 120
161 196 3000
161 196 120
161 196 120
161 196 120
162 196 3240
162 196 120
162 196 120
162 196 120
163 196 3480
163 196 120
163 196 120
163 196 120
164 196 3720
164 196 120
164 196 120
165 196 3840
165 196 120
165 196 120
166 196 3960
166 196 120
166 196 120
167 196 4080
167 196 120
168 196 4080
168 196 120
169 196 4080
170 196 4080
171 196 4080
172 196 120
172 196 120
172 196 120
172 196 120
172 196 120
172 196 120
172 196 120
172 196 120
172 196 120
172 196 120
172 196 120
172 196 120
172 196 120
172 196 120
172 196 120
172 196 120
172 196 120
172 196 120
172 196 120
172 196 120
172 196 120
172 196 120
172 196 120
172 196 120
172 196 120
172 196 120
172 196 120
172 196 120
172 196 120
172 196 120
172 196 120
173 196 3600
174 196 3600
175 196 3600
175 197 120
175 197 120
175 197 120
175 197 120
175 197 120
175 197 120
175 197 120
175 197 120
175 197 120
175 197 120
175 197 120
175 197 120
175 197 120
175 197 120
175 197 120
175 197 120
175 197 120
175 197 120
175 197 120
175 197 120
175 197 120
175 197 120
175 197 120
175 197 120
175 197 120
175 198 2880
175 198 120
175 199 2880
91 196 2880
90 196 2880
89 196 120
88 196 120
87 196 120
86 196 120
85 196 120
84 196 120
83 196 120
82 196 120
81 196 120
80 196 120
79 196 120
78 196 120
77 196 120
76 196 120
75 196 120
74 196 120
73 196 120
72 196 120
71 196 120
70 196 120
70 196 120
69 196 120
69 196 120
68 196 120
68 196 120
67 196 120
67 196 120
67 196 120
66 196 240
66 196 120
65 196 240
65 196 120
64 196 240
64 196 120
64 196 120
63 196 360
63 196 120
62 196 360
62 196 120
62 196 120
61 196 480
61 196 120
61 196 120
60 196 600
60 196 120
60 196 120
59 196 720
59 196 120
59 196 120
59 196 120
58 196 960
58 196 120
58 196 120
58 196 120
57 196 1200
57 196 120
57 196 120
57 196 120
56 196 1440
56 196 120
56 196 120
56 196 120
56 196 120
55 196 1800
55 196 120
55 196 120
55 196 120
54 196 2040
54 196 120
54 196 120
54 196 120
54 196 120
53 196 2400
53 196 120
53 196 120
53 196 120
52 196 2640
52 196 120
52 196 120
51 196 2760
51 196 120
51 196 120
50 196 2880
50 196 120
50 196 120
50 195 3000
50 195 120
50 195 120
50 195 120
50 194 3240
50 194 120
50 194 120
50 193 3360
50 193 120
50 193 120
50 193 120
50 192 3600
50 192 120
50 192 120
50 191 3720
50 191 120
50 191 120
50 191 120
50 190 3960
50 190 120
50 190 120
50 189 4080
50 189 120
50 189 120
50 188 4200
50 188 120
50 188 120
50 187 4320
50 187 120
50 186 4320
50 186 120
50 186 120
50 185 4440
50 185 120
50 184 4440
50 184 120
50 184 120
50 183 4560
50 182 4560
50 181 4560
50 180 120
50 180 120
50 180 120
50 180 120
50 180 120
50 180 120
50 180 120
50 180 120
50 180 120
50 180 120
50 180 120
50 180 120
50 180 120
50 180 120
50 180 120
50 180 120
50 180 120
50 180 120
50 180 120
50 180 120
50 180 120
50 180 120
50 180 120
50 180 120
50 180 120
50 180 120
50 180 120
50 180 120
50 180 120
50 180 120
50 180 120
50 180 120
50 180 120
50 180 120
50 180 120
50 180 120
50 180 120
50 179 4320
50 179 120
50 178 4320
50 178 120
50 177 4320
50 177 120
50 176 4320
50 175 4320
50 174 4320
50 173 120
50 173 120
50 173 120
50 173 120
50 173 120
50 173 120
50 173 120
50 173 120
50 173 120
50 173 120
50 173 120
50 173 120
50 173 120
50 173 120
50 173 120
50 173 120
50 173 120
50 173 120
50 173 120
50 173 120
50 173 120
50 173 120
50 173 120
50 173 120
50 173 120
50 173 120
50 173 120
50 173 120
50 173 120
50 173 120
50 173 120
50 172 3600
50 171 3600
50 170 3600
50 169 120
50 169 120
50 169 120
50 169 120
50 169 120
50 169 120
50 169 120
50 169 120
50 169 120
50 169 120
50 169 120
50 169 120
50 169 120
50 169 120
50 169 120
50 169 120
50 169 120
50 169 120
50 169 120
50 169 120
50 169 120
50 168 2400
50 167 2400
50 166 2400
50 165 120
50 165 120
50 165 120
50 165 120
50 165 120
50 165 120
50 165 120
50 165 120
50 165 120
50 165 120
50 165 120
50 164 1200
50 163 1200
50 162 1200
50 161 120
50 161 120
50 161 120
50 161 120
50 161 120
50 160 480
50 160 120
50 159 480
50 158 480
50 157 480
50 156 120
50 156 120
50 156 120
50 155 240
50 154 240
50 153 240
50 152 120
50 152 120
50 151 120
50 150 120
49 150 120
48 150 120
47 150 120
46 150 120
46 150 120
45 150 120
45 150 120
44 150 120
44 150 120
43 150 120
43 150 120
42 150 120
42 150 120
41 150 120
41 150 120
40 150 120
40 150 120
39 150 120
39 150 120
38 150 120
38 150 120
37 150 120
37 150 120
37 150 120
36 150 240
36 150 120
35 150 240
35 150 120
34 150 240
34 150 120
34 150 120
33 150 360
33 150 120
32 150 360
32 150 120
32 150 120
31 150 480
31 150 120
30 150 480
30 150 120
30 150 120
29 150 600
29 150 120
28 150 600
28 150 120
27 150 600
26 150 600
25 150 600
24 150 120
24 150 120
24 150 120
23 150 240
23 150 120
22 150 240
21 150 240
20 150 240
19 150 120
18 150 120
17 150 120
16 150 120
15 150 120
14 150 120
13 150 120
12 150 120
11 150 120
10 150 120
10 149 120
10 148 120
49 86 120
48 86 120
47 86 120
46 86 120
45 86 120
44 86 120
43 86 120
42 86 120
41 86 120
40 86 120
39 86 120
38 86 120
37 86 120
36 86 120
36 86 120
35 86 120
35 86 120
34 86 120
34 86 120
34 86 120
33 86 240
33 86 120
33 86 120
32 86 360
32 86 120
32 86 120
31 86 480
31 86 120
31 86 120
30 86 600
30 86 120
30 86 120
29 86 720
29 86 120
29 86 120
29 85 840
29 85 120
29 84 840
29 84 120
29 83 840
29 83 120
29 82 840
29 81 840
29 80 840
29 79 120
29 79 120
29 79 120
29 79 120
29 79 120
29 79 120
29 78 600
29 78 120
29 77 600
29 76 600
29 75 600
29 74 120
29 74 120
29 74 120
29 74 120
29 73 360
29 72 360
29 71 360
29 70 120
29 70 120
29 69 120
29 69 120
29 68 120
29 67 120
29 66 120
29 65 120
29 64 120
29 63 120
29 62 120
29 61 120
29 60 120
29 59 120
29 58 120
50 86 120
51 86 120
52 86 120
53 86 120
54 86 120
55 86 120
56 86 120
57 86 120
58 86 120
59 86 120
60 86 120
61 86 120
62 86 120
63 86 120
64 86 120
65 86 120
66 86 120
67 86 120
68 86 120
69 86 120
70 86 120
71 86 120
72 86 120
72 86 120
73 86 120
73 86 120
74 86 120
74 86 120
75 86 120
75 86 120
76 86 120
76 86 120
77 86 120
77 86 120
78 86 120
78 86 120
79 86 120
80 86 120
81 86 120
82 86 120
83 86 120
84 86 120
85 86 120
86 86 120
87 86 120
88 86 120
89 86 120
89 86 120
90 86 120
90 86 120
91 86 120
91 86 120
92 86 120
92 86 120
92 85 120
92 85 120
92 84 120
92 84 120
92 83 120
92 83 120
92 83 120
92 82 240
92 82 120
92 81 240
92 81 120
92 80 240
92 80 120
92 79 240
92 79 120
92 78 240
92 78 120
92 77 240
92 77 120
92 76 240
92 76 120
92 75 240
92 75 120
92 74 240
92 74 120
92 73 240
92 73 120
142 96 240
143 96 240
144 96 240
145 96 120
146 96 120
147 96 120
148 96 120
149 96 120
150 96 120
151 96 120
152 96 120
153 96 120
154 96 120
155 96 120
156 96 120
157 96 120
158 96 120
159 96 120
160 96 120
161 96 120
162 96 120
163 96 120
164 96 120
165 96 120
165 95 120
165 94 120
165 93 120
165 92 120
165 91 120
165 90 120
165 89 120
165 88 120
165 87 120
165 86 120
165 85 120
165 84 120
165 83 120
165 82 120
148 97 120
148 98 120
148 99 120
148 100 120
148 101 120
148 102 120
148 103 120
148 104 120
148 105 120
148 106 120
148 107 120
148 108 120
148 109 120
148 109 120
148 110 120
148 110 120
148 111 120
148 111 120
148 111 120
148 112 240
148 112 120
148 113 240
148 113 120
148 113 120
148 114 360
148 114 120
148 114 120
148 115 480
148 115 120
148 115 120
148 115 120
148 116 720
148 116 120
148 116 120
148 116 120
148 117 960
148 117 120
148 117 120
148 117 120
148 118 1200
148 118 120
148 118 120
148 118 120
148 119 1440
148 119 120
148 119 120
148 119 120
148 120 1680
148 120 120
148 120 120
148 121 1800
148 121 120
148 121 120
148 122 1920
148 122 120
148 123 1920
148 123 120
148 124 1920
148 124 120
148 125 1920
148 125 120
148 126 1920
148 127 1920
148 128 1920
148 129 120
148 129 120
148 129 120
148 129 120
148 129 120
148 129 120
148 129 120
148 129 120
148 129 120
148 129 120
148 129 120
148 129 120
148 129 120
148 130 1440
148 131 1440
148 132 1440
148 133 120
148 133 120
148 133 120
148 133 120
148 133 120
148 133 120
148 133 120
148 133 120
148 133 120
148 133 120
148 134 1080
148 135 1080
148 136 1080
148 137 120
148 137 120
148 137 120
148 137 120
148 137 120
148 137 120
148 137 120
148 138 720
148 139 720
148 140 720
148 141 120
148 141 120
148 141 120
148 141 120
148 142 360
194 172 360
193 172 360
192 172 120
191 172 120
190 172 120
189 172 120
188 172 120
187 172 120
186 172 120
185 172 120
184 172 120
183 172 120
182 172 120
181 172 120
180 172 120
179 172 120
178 172 120
177 172 120
176 172 120
175 172 120
175 173 120
175 174 120
175 175 120
175 176 120
175 177 120
175 178 120
175 179 120
175 180 120
175 180 120
175 181 120
175 181 120
175 182 120
175 182 120
175 182 120
175 183 240
175 183 120
175 184 240
175 184 120
175 184 120
175 185 360
175 185 120
175 185 120
175 185 120
175 186 600
175 186 120
175 186 120
175 186 120
175 187 840
175 187 120
175 187 120
175 187 120
175 188 1080
175 188 120
175 188 120
175 188 120
175 189 1320
175 189 120
175 189 120
175 189 120
175 190 1560
175 190 120
175 190 120
175 190 120
175 191 1800
175 191 120
175 191 120
175 191 120
175 192 2040
175 192 120
175 192 120
175 192 120
175 193 2280
175 193 120
175 193 120
175 194 2400
175 194 120
175 194 120
175 194 120
175 195 2640
175 195 120
175 195 120
