95 110 120
95 110 120
95 110 120
95 110 120
96 110 360
96 110 120
97 110 360
97 110 120
98 110 360
98 110 120
99 110 360
99 110 120
100 110 360
100 110 120
100 110 120
101 110 480
101 110 120
101 110 120
102 110 600
102 110 120
102 110 120
103 110 720
103 110 120
103 110 120
104 110 840
104 110 120
104 110 120
104 110 120
105 110 1080
105 110 120
105 110 120
106 110 1200
106 110 120
106 110 120
107 110 1320
107 110 120
107 110 120
107 109 1440
107 109 120
107 109 120
107 108 1560
107 108 120
107 108 120
107 107 1680
107 107 120
107 107 120
107 106 1800
107 106 120
107 105 1800
107 105 120
107 104 1800
107 104 120
107 103 1800
107 102 1800
107 101 1800
107 100 120
107 100 120
107 100 120
107 100 120
107 100 120
107 100 120
107 100 120
107 100 120
107 100 120
107 100 120
107 100 120
107 100 120
107 100 120
107 100 120
107 99 1560
107 98 1560
107 97 1560
107 96 120
107 96 120
107 96 120
107 96 120
107 96 120
107 96 120
107 96 120
107 96 120
107 96 120
107 96 120
107 96 120
107 95 1200
107 95 120
107 94 1200
107 94 120
107 93 1200
107 93 120
107 93 120
107 92 1320
107 92 120
107 91 1320
107 91 120
107 91 120
107 90 1440
107 90 120
107 90 120
107 89 1560
107 89 120
107 88 1560
107 88 120
107 87 1560
107 87 120
107 86 1560
107 86 120
107 85 1560
107 85 120
107 84 1560
107 84 120
107 83 1560
107 82 1560
107 81 1560
107 80 120
107 80 120
107 80 120
107 80 120
107 80 120
107 80 120
107 80 120
107 80 120
107 80 120
107 79 960
107 78 960
107 77 960
107 76 120
107 76 120
107 76 120
107 75 240
107 75 120
107 74 240
107 73 240
107 72 240
107 71 120
107 70 120
107 69 120
107 68 120
107 67 120
107 66 120
107 65 120
107 64 120
107 63 120
107 62 120
107 61 120
107 60 120
107 59 120
107 58 120
107 57 120
107 56 120
107 55 120
107 54 120
107 53 120
107 52 120
107 51 120
107 50 120
93 65 120
94 65 120
95 65 120
96 65 120
97 65 120
98 65 120
99 65 120
100 65 120
101 65 120
102 65 120
103 65 120
104 65 120
105 65 120
106 65 120
108 65 120
109 65 120
110 65 120
111 65 120
112 65 120
113 65 120
114 65 120
115 65 120
116 65 120
117 65 120
118 65 120
118 65 120
119 65 120
119 65 120
120 65 120
120 65 120
121 65 120
121 65 120
122 65 120
122 65 120
122 65 120
123 65 240
123 65 120
124 65 240
124 65 120
124 65 120
125 65 360
125 65 120
125 65 120
126 65 480
126 65 120
126 65 120
127 65 600
127 65 120
127 65 120
128 65 720
128 65 120
128 65 120
129 65 840
129 65 120
130 65 840
130 65 120
131 65 840
131 65 120
132 65 840
132 65 120
133 65 840
134 65 840
135 65 840
136 65 120
136 65 120
136 65 120
136 65 120
136 65 120
137 65 480
138 65 480
139 65 480
140 65 120
140 65 120
141 65 120
141 65 120
142 65 120
142 65 120
143 65 120
144 65 120
145 65 120
145 66 120
166 141 120
165 141 120
164 141 120
163 141 120
162 141 120
161 141 120
160 141 120
159 141 120
158 141 120
157 141 120
156 141 120
155 141 120
154 141 120
153 141 120
152 141 120
151 141 120
150 141 120
149 141 120
148 141 120
147 141 120
146 141 120
145 141 120
144 141 120
144 142 120
144 143 120
144 144 120
144 145 120
144 146 120
144 147 120
144 148 120
144 149 120
110 168 120
111 168 120
112 168 120
113 168 120
114 168 120
115 168 120
116 168 120
117 168 120
118 168 120
119 168 120
120 168 120
121 168 120
122 168 120
123 168 120
124 168 120
125 168 120
126 168 120
126 168 120
127 168 120
127 168 120
128 168 120
128 168 120
129 168 120
129 168 120
129 168 120
130 168 240
130 168 120
131 168 240
131 168 120
132 168 240
132 168 120
133 168 240
133 168 120
134 168 240
135 168 240
136 168 240
137 168 120
137 168 120
138 168 120
138 168 120
138 168 120
139 168 240
139 168 120
140 168 240
140 168 120
141 168 240
141 168 120
142 168 240
142 168 120
142 168 120
143 168 360
143 168 120
144 168 360
144 168 120
144 167 360
144 166 360
144 165 360
144 164 120
144 163 120
144 162 120
144 161 120
144 160 120
144 159 120
144 158 120
144 157 120
144 156 120
144 155 120
144 154 120
144 153 120
144 152 120
144 151 120
144 150 120
109 168 120
108 168 120
107 168 120
106 168 120
105 168 120
104 168 120
103 168 120
102 168 120
101 168 120
100 168 120
99 168 120
99 169 120
99 170 120
99 171 120
99 172 120
99 173 120
99 174 120
99 175 120
99 176 120
99 177 120
99 178 120
99 179 120
99 180 120
99 181 120
99 182 120
99 183 120
99 184 120
99 185 120
99 186 120
99 187 120
99 188 120
99 188 120
99 189 120
99 189 120
99 190 120
99 190 120
98 190 120
98 190 120
97 190 120
97 190 120
97 190 120
96 190 240
96 190 120
95 190 240
95 190 120
94 190 240
94 190 120
93 190 240
93 190 120
92 190 240
92 190 120
91 190 240
91 190 120
90 190 240
90 190 120
89 190 240
89 190 120
88 190 240
88 190 120
87 190 240
87 190 120
87 190 120
86 190 360
86 190 120
85 190 360
85 190 120
84 190 360
84 190 120
83 190 360
83 190 120
83 190 120
82 190 480
82 190 120
81 190 480
81 190 120
81 190 120
80 190 600
80 190 120
79 190 600
79 190 120
78 190 600
78 190 120
77 190 600
77 190 120
76 190 600
76 190 120
75 190 600
75 190 120
74 190 600
73 190 600
72 190 600
71 190 120
71 190 120
71 190 120
71 190 120
71 190 120
70 190 480
70 190 120
70 190 120
69 190 600
69 190 120
68 190 600
68 190 120
67 190 600
67 190 120
67 190 120
66 190 720
66 190 120
65 190 720
65 190 120
64 190 720
63 190 720
62 190 720
61 190 120
61 190 120
61 190 120
60 190 240
60 190 120
59 190 240
58 190 240
57 190 240
56 190 120
55 190 120
54 190 120
53 190 120
52 190 120
51 190 120
50 190 120
49 190 120
48 190 120
47 190 120
46 190 120
45 190 120
44 190 120
43 190 120
42 190 120
41 190 120
40 190 120
39 190 120
38 190 120
37 190 120
36 190 120
35 190 120
34 190 120
33 190 120
32 190 120
32 191 120
32 192 120
32 193 120
32 194 120
32 195 120
94 110 120
94 110 120
94 110 120
94 110 120
94 110 120
93 110 480
93 110 120
92 110 480
92 110 120
92 110 120
91 110 600
91 110 120
91 110 120
90 110 720
90 110 120
89 110 720
89 110 120
89 110 120
88 110 840
88 110 120
88 110 120
87 110 960
87 110 120
86 110 960
86 110 120
86 110 120
85 110 1080
85 110 120
84 110 1080
84 110 120
84 110 120
83 110 1200
83 110 120
83 110 120
82 110 1320
82 110 120
81 110 1320
81 110 120
81 110 120
80 110 1440
80 110 120
80 110 120
79 110 1560
79 110 120
79 110 120
78 110 1680
78 110 120
77 110 1680
77 110 120
77 110 120
76 110 1800
75 110 1800
74 110 1800
73 110 120
73 110 120
73 110 120
73 110 120
73 110 120
73 110 120
73 110 120
73 110 120
73 110 120
73 110 120
73 110 120
73 110 120
72 110 1320
71 110 1320
70 110 1320
69 110 120
69 110 120
69 110 120
69 110 120
69 110 120
69 110 120
69 110 120
69 110 120
68 110 840
67 110 840
66 110 840
65 110 120
65 110 120
65 110 120
65 110 120
65 110 120
65 110 120
64 110 600
64 110 120
63 110 600
63 110 120
62 110 600
62 110 120
61 110 600
61 110 120
60 110 600
60 110 120
59 110 600
59 110 120
59 110 120
58 110 720
58 110 120
57 110 720
56 110 720
55 110 720
54 110 120
54 110 120
54 110 120
54 110 120
54 110 120
53 110 480
52 110 480
51 110 480
50 110 120
50 110 120
50 110 120
49 110 240
48 110 240
47 110 240
46 110 120
46 110 120
45 110 120
45 110 120
44 110 120
44 110 120
43 110 120
43 110 120
42 110 120
42 110 120
41 110 120
41 110 120
40 110 120
39 110 120
38 110 120
37 110 120
36 110 120
35 110 120
34 110 120
33 110 120
32 110 120
31 110 120
30 110 120
30 111 120
30 112 120
30 113 120
30 114 120
30 115 120
30 116 120
30 117 120
30 118 120
12 37 120
13 37 120
14 37 120
15 37 120
16 37 120
17 37 120
18 37 120
19 37 120
20 37 120
21 37 120
22 37 120
23 37 120
24 37 120
25 37 120
26 37 120
27 37 120
28 37 120
29 37 120
30 37 120
31 37 120
32 37 120
33 37 120
34 37 120
35 37 120
36 37 120
37 37 120
38 37 120
39 37 120
40 37 120
41 37 120
42 37 120
43 37 120
43 37 120
44 37 120
44 37 120
45 37 120
45 37 120
46 37 120
46 37 120
46 37 120
47 37 240
47 37 120
48 37 240
48 37 120
49 37 240
49 37 120
50 37 240
50 37 120
51 37 240
52 37 240
53 37 240
54 37 120
54 37 120
55 37 120
55 37 120
56 37 120
56 37 120
57 37 120
57 37 120
58 37 120
58 37 120
59 37 120
59 37 120
60 37 120
60 37 120
61 37 120
61 37 120
62 37 120
62 37 120
62 37 120
63 37 240
63 37 120
64 37 240
64 37 120
65 37 240
65 37 120
66 37 240
66 37 120
67 37 240
68 37 240
69 37 240
70 37 120
71 37 120
72 37 120
73 37 120
74 37 120
75 37 120
76 37 120
77 37 120
78 37 120
78 38 120
78 39 120
78 40 120
78 41 120
78 42 120
78 43 120
78 44 120
78 45 120
78 46 120
27 36 120
27 35 120
27 34 120
27 33 120
27 32 120
27 31 120
27 30 120
27 29 120
27 28 120
27 27 120
27 26 120
27 25 120
27 24 120
27 23 120
27 22 120
27 21 120
27 20 120
27 19 120
27 18 120
27 17 120
27 16 120
27 15 120
27 14 120
27 13 120
27 12 120
