155 51 80
154 51 80
153 51 80
152 51 80
151 51 80
150 51 80
149 51 80
148 51 80
147 51 80
146 51 80
145 51 80
144 51 80
143 51 80
142 51 80
141 51 80
140 51 80
139 51 80
138 51 80
137 51 80
136 51 80
135 51 80
134 51 80
133 51 80
132 51 80
131 51 80
130 51 80
129 51 80
128 51 80
127 51 80
127 51 80
127 52 80
127 52 80
127 53 80
127 54 80
127 55 80
127 56 80
127 57 80
127 58 80
127 59 80
127 60 80
127 61 80
127 62 80
127 63 80
127 64 80
127 65 80
127 66 80
127 66 80
127 67 80
127 67 80
127 68 80
127 68 80
127 69 80
127 69 80
127 69 80
127 70 80
127 70 80
127 70 80
127 71 80
127 71 80
127 71 80
127 71 80
127 72 80
127 72 80
127 72 80
127 72 80
127 72 80
127 73 80
127 73 80
127 73 80
127 73 80
127 73 80
127 73 80
127 74 80
127 74 80
127 74 80
127 74 80
127 74 80
127 74 80
127 74 80
127 75 80
127 75 80
127 75 80
127 75 80
127 75 80
127 75 80
127 75 80
127 75 80
127 76 80
127 76 80
127 76 80
127 76 80
127 76 80
127 76 80
127 76 80
127 76 80
127 76 80
127 77 80
127 77 80
127 77 80
127 77 80
127 77 80
127 77 80
127 77 80
127 77 80
127 77 80
127 77 80
127 78 80
127 78 80
127 78 80
127 78 80
127 78 80
127 78 80
127 78 80
127 78 80
127 78 80
127 78 80
127 79 80
127 79 80
127 79 80
127 79 80
127 79 80
127 79 80
127 79 80
127 79 80
127 79 80
127 79 80
127 80 80
127 80 80
127 80 80
127 80 80
127 80 80
127 80 80
127 80 80
127 80 80
127 80 80
127 80 80
127 81 80
127 81 80
127 81 80
127 81 80
127 81 80
127 81 80
127 81 80
127 81 80
127 81 80
127 81 80
127 82 80
127 82 80
127 82 80
127 82 80
127 82 80
127 82 80
127 82 80
127 82 80
127 82 80
127 82 80
127 82 80
127 83 80
127 83 80
127 83 80
127 83 80
127 83 80
127 83 80
127 83 80
127 83 80
127 83 80
127 83 80
127 83 80
127 84 80
127 84 80
127 84 80
127 84 80
127 84 80
127 84 80
127 84 80
127 84 80
127 84 80
127 84 80
127 84 80
127 85 80
127 85 80
127 85 80
127 85 80
127 85 80
127 85 80
127 85 80
127 85 80
127 85 80
127 85 80
127 85 80
127 86 80
127 86 80
127 86 80
127 86 80
127 86 80
127 86 80
127 86 80
127 86 80
127 86 80
127 86 80
127 86 80
127 86 80
127 87 80
127 87 80
127 87 80
127 87 80
127 87 80
127 87 80
127 87 80
127 87 80
127 87 80
127 87 80
127 87 80
127 87 80
127 88 80
127 88 80
127 88 80
127 88 80
127 88 80
127 88 80
127 88 80
127 88 80
127 88 80
127 88 80
127 88 80
127 88 80
127 89 80
127 89 80
127 89 80
127 89 80
127 89 80
127 89 80
127 89 80
127 89 80
127 89 80
127 89 80
127 89 80
127 89 80
127 89 80
127 90 80
127 90 80
127 90 80
127 90 80
127 90 80
127 90 80
127 90 80
127 90 80
127 90 80
127 90 80
127 90 80
127 90 80
127 90 80
127 91 80
127 91 80
127 91 80
127 91 80
127 91 80
127 91 80
127 91 80
127 91 80
127 91 80
127 91 80
127 91 80
127 91 80
127 91 80
127 91 80
127 92 80
127 92 80
127 92 80
127 92 80
127 92 80
127 92 80
127 92 80
127 92 80
127 92 80
127 92 80
127 92 80
127 92 80
127 92 80
127 92 80
127 93 80
127 93 80
127 93 80
127 93 80
127 93 80
127 93 80
127 93 80
127 93 80
127 93 80
127 93 80
127 93 80
127 93 80
127 93 80
127 93 80
127 94 80
127 94 80
127 94 80
127 94 80
127 94 80
127 94 80
127 94 80
127 94 80
127 94 80
127 94 80
127 94 80
127 94 80
127 94 80
127 95 80
127 95 80
127 95 80
127 95 80
127 95 80
127 95 80
127 95 80
127 95 80
127 95 80
127 95 80
127 95 80
127 95 80
127 96 80
127 96 80
127 96 80
127 96 80
127 96 80
127 96 80
127 96 80
127 96 80
127 96 80
127 96 80
127 96 80
127 97 80
127 97 80
127 97 80
127 97 80
127 97 80
127 97 80
127 97 80
127 97 80
127 97 80
127 97 80
127 98 80
127 98 80
127 98 80
127 98 80
127 98 80
127 98 80
127 98 80
127 98 80
127 99 80
127 99 80
127 99 80
127 99 80
127 99 80
127 99 80
127 99 80
127 100 80
127 100 80
127 100 80
127 100 80
127 100 80
127 100 80
127 101 80
127 101 80
127 101 80
127 101 80
127 101 80
127 102 80
127 102 80
127 102 80
127 102 80
127 103 80
127 103 80
127 103 80
127 103 80
127 104 80
127 104 80
127 104 80
127 105 80
127 105 80
127 105 80
127 106 80
127 106 80
127 107 80
127 107 80
127 108 80
127 108 80
127 109 80
127 109 80
127 110 80
127 110 80
127 111 80
127 112 80
39 81 80
38 81 80
37 81 80
36 81 80
35 81 80
34 81 80
33 81 80
32 81 80
31 81 80
30 81 80
29 81 80
28 81 80
27 81 80
26 81 80
25 81 80
24 81 80
23 81 80
23 81 80
22 81 80
22 81 80
21 81 80
21 81 80
21 81 80
20 81 80
20 81 80
20 81 80
19 81 80
19 81 80
19 81 80
19 81 80
18 81 80
18 81 80
18 81 80
18 81 80
18 81 80
17 81 80
17 81 80
17 81 80
17 81 80
17 81 80
17 81 80
16 81 80
16 81 80
16 81 80
16 81 80
16 81 80
16 81 80
16 81 80
15 81 80
15 81 80
15 81 80
15 81 80
15 81 80
15 81 80
15 81 80
15 81 80
14 81 80
14 81 80
14 81 80
14 81 80
14 81 80
14 81 80
14 81 80
14 81 80
13 81 80
13 81 80
13 81 80
13 81 80
13 81 80
13 81 80
13 81 80
13 81 80
12 81 80
12 81 80
12 81 80
12 81 80
12 81 80
12 81 80
12 81 80
11 81 80
11 81 80
11 81 80
11 81 80
11 81 80
11 81 80
10 81 80
10 81 80
10 81 80
10 81 80
10 81 80
10 81 80
9 81 80
9 81 80
9 81 80
9 81 80
9 81 80
9 80 320
9 80 80
9 79 80
9 79 80
9 79 80
9 79 80
9 79 80
9 78 80
9 78 80
9 78 80
9 78 80
9 78 80
9 77 80
9 77 80
9 77 80
9 77 80
9 77 80
9 76 80
9 76 80
9 76 80
9 76 80
9 76 80
9 75 80
9 75 80
9 75 80
9 75 80
9 75 80
9 75 80
9 74 80
9 74 80
9 74 80
9 74 80
9 74 80
9 74 80
9 74 80
9 73 80
9 73 80
9 73 80
9 73 80
9 73 80
9 73 80
9 73 80
9 73 80
9 72 80
9 72 80
9 72 80
9 72 80
9 72 80
9 72 80
9 72 80
9 72 80
9 72 80
9 72 80
9 71 80
9 71 80
9 71 80
9 71 80
9 71 80
9 71 80
9 71 80
9 71 80
9 71 80
9 71 80
9 71 80
9 71 80
9 71 80
9 70 80
9 70 80
9 70 80
9 70 80
9 70 80
9 70 80
9 70 80
9 70 80
9 70 80
9 70 80
9 70 80
9 70 80
9 70 80
9 70 80
9 70 80
9 70 80
9 69 80
9 69 80
9 69 80
9 69 80
9 69 80
9 69 80
9 69 80
9 69 80
9 69 80
9 69 80
9 69 80
9 69 80
9 69 80
9 69 80
9 69 80
9 69 80
9 69 80
9 69 80
9 69 80
9 68 80
9 68 80
9 68 80
9 68 80
9 68 80
9 68 80
9 68 80
9 68 80
9 68 80
9 68 80
9 68 80
9 68 80
9 68 80
9 68 80
9 68 80
9 68 80
9 68 80
9 68 80
9 68 80
9 68 80
9 68 80
9 68 80
9 67 80
9 67 80
9 67 80
9 67 80
9 67 80
9 67 80
9 67 80
9 67 80
9 67 80
9 67 80
9 67 80
9 67 80
9 67 80
9 67 80
9 67 80
9 67 80
9 67 80
9 67 80
9 67 80
9 67 80
9 67 80
9 67 80
9 67 80
9 67 80
9 67 80
9 66 80
9 66 80
9 66 80
9 66 80
9 66 80
9 66 80
9 66 80
9 66 80
9 66 80
9 66 80
9 66 80
9 66 80
9 66 80
9 66 80
9 66 80
9 66 80
9 66 80
9 66 80
9 66 80
9 66 80
9 66 80
9 66 80
9 66 80
9 66 80
9 66 80
9 66 80
9 66 80
9 66 80
9 65 80
9 65 80
9 65 80
9 65 80
9 65 80
9 65 80
9 65 80
9 65 80
9 65 80
9 65 80
9 65 80
9 65 80
9 65 80
9 65 80
9 65 80
9 65 80
9 65 80
9 65 80
9 65 80
9 65 80
9 65 80
9 65 80
9 65 80
9 65 80
9 65 80
9 65 80
9 65 80
9 65 80
9 65 80
9 65 80
9 65 80
9 64 80
9 64 80
9 64 80
9 64 80
9 64 80
9 64 80
9 64 80
9 64 80
9 64 80
9 64 80
9 64 80
9 64 80
9 64 80
9 64 80
9 64 80
9 64 80
9 64 80
9 64 80
9 64 80
9 64 80
9 64 80
9 64 80
9 64 80
9 64 80
9 64 80
9 64 80
9 64 80
9 64 80
9 64 80
9 64 80
9 64 80
9 64 80
9 64 80
9 63 80
9 63 80
9 63 80
9 63 80
9 63 80
9 63 80
9 63 80
9 63 80
9 63 80
9 63 80
9 63 80
9 63 80
9 63 80
9 63 80
9 63 80
9 63 80
9 63 80
9 63 80
9 63 80
9 63 80
9 63 80
9 63 80
9 63 80
9 63 80
9 63 80
9 63 80
9 63 80
9 63 80
9 63 80
9 63 80
9 63 80
9 63 80
9 63 80
9 62 80
9 62 80
9 62 80
9 62 80
9 62 80
9 62 80
9 62 80
9 62 80
9 62 80
9 62 80
9 62 80
9 62 80
9 62 80
9 62 80
9 62 80
9 62 80
9 62 80
9 62 80
9 62 80
9 62 80
9 62 80
9 62 80
9 62 80
9 62 80
9 62 80
9 62 80
9 62 80
9 62 80
9 62 80
9 62 80
9 62 80
9 62 80
9 62 80
9 61 80
9 61 80
9 61 80
9 61 80
9 61 80
9 61 80
9 61 80
9 61 80
9 61 80
9 61 80
9 61 80
9 61 80
9 61 80
9 61 80
9 61 80
9 61 80
9 61 80
9 61 80
9 61 80
9 61 80
9 61 80
9 61 80
9 61 80
9 61 80
9 61 80
9 61 80
9 61 80
9 61 80
9 61 80
9 61 80
9 61 80
9 61 80
9 60 80
9 60 80
9 60 80
9 60 80
9 60 80
9 60 80
9 60 80
9 60 80
9 60 80
9 60 80
9 60 80
9 60 80
9 60 80
9 60 80
9 60 80
9 60 80
9 60 80
9 60 80
9 60 80
9 60 80
9 60 80
9 60 80
9 60 80
9 60 80
9 60 80
9 60 80
9 60 80
9 60 80
9 60 80
9 60 80
9 60 80
9 59 80
9 59 80
9 59 80
9 59 80
9 59 80
9 59 80
9 59 80
9 59 80
9 59 80
9 59 80
9 59 80
9 59 80
9 59 80
9 59 80
9 59 80
9 59 80
9 59 80
9 59 80
9 59 80
9 59 80
9 59 80
9 59 80
9 59 80
9 59 80
9 59 80
9 59 80
9 59 80
9 59 80
9 58 80
9 58 80
9 58 80
9 58 80
9 58 80
9 58 80
9 58 80
9 58 80
9 58 80
9 58 80
9 58 80
9 58 80
9 58 80
9 58 80
9 58 80
9 58 80
9 58 80
9 58 80
9 58 80
9 58 80
9 58 80
9 58 80
9 58 80
9 58 80
9 58 80
9 58 80
9 57 80
9 57 80
9 57 80
9 57 80
9 57 80
9 57 80
9 57 80
9 57 80
9 57 80
9 57 80
9 57 80
9 57 80
9 57 80
9 57 80
9 57 80
9 57 80
9 57 80
9 57 80
9 57 80
9 57 80
9 57 80
9 57 80
9 57 80
9 56 80
9 56 80
9 56 80
9 56 80
9 56 80
9 56 80
9 56 80
9 56 80
9 56 80
9 56 80
9 56 80
9 56 80
9 56 80
9 56 80
9 56 80
9 56 80
9 56 80
9 56 80
9 56 80
9 56 80
9 56 80
9 55 80
9 55 80
9 55 80
9 55 80
9 55 80
9 55 80
9 55 80
9 55 80
9 55 80
9 55 80
9 55 80
9 55 80
9 55 80
9 55 80
9 55 80
9 55 80
9 55 80
9 55 80
9 55 80
9 54 80
9 54 80
9 54 80
9 54 80
9 54 80
9 54 80
9 54 80
9 54 80
9 54 80
9 54 80
9 54 80
9 54 80
9 54 80
9 54 80
9 54 80
9 54 80
9 54 80
9 53 80
9 53 80
9 53 80
9 53 80
9 53 80
9 53 80
9 53 80
9 53 80
9 53 80
9 53 80
9 53 80
9 53 80
9 53 80
9 53 80
9 53 80
9 52 80
9 52 80
9 52 80
9 52 80
9 52 80
9 52 80
9 52 80
9 52 80
9 52 80
9 52 80
9 52 80
9 52 80
9 52 80
9 52 80
9 51 80
9 51 80
9 51 80
9 51 80
9 51 80
9 51 80
9 51 80
9 51 80
9 51 80
9 51 80
9 51 80
9 51 80
9 51 80
9 50 80
9 50 80
9 50 80
9 50 80
9 50 80
9 50 80
9 50 80
9 50 80
9 50 80
9 50 80
9 50 80
9 50 80
9 49 80
9 49 80
9 49 80
9 49 80
9 49 80
9 49 80
9 49 80
9 49 80
9 49 80
9 49 80
9 48 80
9 48 80
9 48 80
9 48 80
9 48 80
9 48 80
9 48 80
9 48 80
9 47 80
9 47 80
9 47 80
9 47 80
9 47 80
9 47 80
9 47 80
9 46 80
9 46 80
9 46 80
9 46 80
9 46 80
9 45 80
9 45 80
9 45 80
9 45 80
9 44 80
9 44 80
9 44 80
9 43 80
9 43 80
9 42 80
9 41 80
9 40 80
9 39 80
9 38 80
9 37 80
9 36 80
9 35 80
9 34 80
9 33 80
9 32 80
9 31 80
9 30 80
9 29 80
9 28 80
9 27 80
9 26 80
9 25 80
9 24 80
9 23 80
9 22 80
9 21 80
9 20 80
9 19 80
9 18 80
9 17 80
9 16 80
9 15 80
9 14 80
