20 17 50
21 17 50
22 17 50
23 17 50
24 17 50
25 17 50
26 17 50
27 17 50
28 17 50
29 17 50
30 17 50
31 17 50
32 17 50
33 17 50
34 17 50
35 17 50
36 17 50
37 17 50
38 17 50
39 17 50
40 17 50
41 17 50
42 17 50
43 17 50
44 17 50
45 17 50
46 17 50
47 17 50
48 17 50
49 17 50
50 17 50
51 17 50
52 17 50
53 17 50
54 17 50
55 17 50
56 17 50
57 17 50
58 17 50
59 17 50
59 18 50
59 19 50
59 20 50
59 21 50
59 22 50
31 106 50
32 106 50
33 106 50
34 106 50
35 106 50
36 106 50
37 106 50
38 106 50
38 106 50
39 106 50
39 106 50
40 106 50
40 106 50
41 106 50
41 106 50
41 106 50
42 106 50
42 106 50
42 106 50
43 106 50
43 106 50
43 106 50
44 106 50
44 106 50
44 106 50
44 106 50
45 106 50
45 106 50
45 106 50
45 106 50
45 106 50
46 106 50
46 106 50
46 106 50
46 106 50
46 106 50
46 106 50
47 106 50
47 106 50
47 106 50
47 106 50
47 106 50
47 106 50
47 106 50
47 106 50
48 106 50
48 106 50
48 106 50
48 106 50
48 106 50
48 106 50
48 106 50
48 106 50
48 106 50
48 106 50
49 106 50
49 106 50
49 106 50
49 106 50
49 106 50
49 106 50
49 106 50
49 106 50
49 106 50
49 106 50
49 106 50
49 106 50
50 106 50
50 106 50
50 106 50
50 106 50
50 106 50
50 106 50
50 106 50
50 106 50
50 106 50
50 106 50
50 106 50
50 106 50
50 106 50
50 106 50
51 106 50
51 106 50
51 106 50
51 106 50
51 106 50
51 106 50
51 106 50
51 106 50
51 106 50
51 106 50
51 106 50
51 106 50
51 106 50
51 106 50
51 106 50
51 106 50
52 106 50
52 106 50
52 106 50
52 106 50
52 106 50
52 106 50
52 106 50
52 106 50
52 106 50
52 106 50
52 106 50
52 106 50
52 106 50
52 106 50
52 106 50
52 106 50
52 106 50
53 106 50
53 106 50
53 106 50
53 106 50
53 106 50
53 106 50
53 106 50
53 106 50
53 106 50
53 106 50
53 106 50
53 106 50
53 106 50
53 106 50
53 106 50
53 106 50
53 106 50
54 106 50
54 106 50
54 106 50
54 106 50
54 106 50
54 106 50
54 106 50
54 106 50
54 106 50
54 106 50
54 106 50
54 106 50
54 106 50
54 106 50
54 106 50
54 106 50
55 106 50
55 106 50
55 106 50
55 106 50
55 106 50
55 106 50
55 106 50
55 106 50
55 106 50
55 106 50
55 106 50
55 106 50
55 106 50
55 106 50
55 106 50
55 106 50
56 106 50
56 106 50
56 106 50
56 106 50
56 106 50
56 106 50
56 106 50
56 106 50
56 106 50
56 106 50
56 106 50
56 106 50
56 106 50
56 106 50
56 106 50
57 106 50
57 106 50
57 106 50
57 106 50
57 106 50
57 106 50
57 106 50
57 106 50
57 106 50
57 106 50
57 106 50
57 106 50
57 106 50
57 106 50
57 106 50
58 106 50
58 106 50
58 106 50
58 106 50
58 106 50
58 106 50
58 106 50
58 106 50
58 106 50
58 106 50
58 106 50
58 106 50
58 106 50
58 106 50
58 106 50
58 106 50
59 106 50
59 106 50
59 106 50
59 106 50
59 106 50
59 106 50
59 106 50
59 106 50
59 106 50
59 106 50
59 106 50
59 106 50
59 106 50
59 106 50
59 106 50
59 106 50
59 106 50
60 106 50
60 106 50
60 106 50
60 106 50
60 106 50
60 106 50
60 106 50
60 106 50
60 106 50
60 106 50
60 106 50
60 106 50
60 106 50
60 106 50
60 106 50
60 106 50
60 106 50
60 106 50
60 106 50
60 106 50
61 106 50
61 106 50
61 106 50
61 106 50
61 106 50
61 106 50
61 106 50
61 106 50
61 106 50
61 106 50
61 106 50
61 106 50
61 106 50
61 106 50
61 106 50
61 106 50
61 106 50
61 106 50
61 106 50
61 106 50
61 106 50
61 106 50
61 106 50
62 106 50
62 106 50
62 106 50
62 106 50
62 106 50
62 106 50
62 106 50
62 106 50
62 106 50
62 106 50
62 106 50
62 106 50
62 106 50
62 106 50
62 106 50
62 106 50
62 106 50
62 106 50
62 106 50
62 106 50
62 106 50
62 106 50
62 106 50
62 106 50
62 106 50
62 106 50
63 106 50
63 106 50
63 106 50
63 106 50
63 106 50
63 106 50
63 106 50
63 106 50
63 106 50
63 106 50
63 106 50
63 106 50
63 106 50
63 106 50
63 106 50
63 106 50
63 106 50
63 106 50
63 106 50
63 106 50
63 106 50
63 106 50
63 106 50
63 106 50
63 106 50
63 106 50
63 106 50
63 106 50
63 106 50
63 106 50
63 106 50
64 106 50
64 106 50
64 106 50
64 106 50
64 106 50
64 106 50
64 106 50
64 106 50
64 106 50
64 106 50
64 106 50
64 106 50
64 106 50
64 106 50
64 106 50
64 106 50
64 106 50
64 106 50
64 106 50
64 106 50
64 106 50
64 106 50
64 106 50
64 106 50
64 106 50
64 106 50
64 106 50
64 106 50
64 106 50
64 106 50
64 106 50
64 106 50
64 106 50
64 106 50
64 106 50
64 106 50
65 106 50
65 106 50
65 106 50
65 106 50
65 106 50
65 106 50
65 106 50
65 106 50
65 106 50
65 106 50
65 106 50
65 106 50
65 106 50
65 106 50
65 106 50
65 106 50
65 106 50
65 106 50
65 106 50
65 106 50
65 106 50
65 106 50
65 106 50
65 106 50
65 106 50
65 106 50
65 106 50
65 106 50
65 106 50
65 106 50
65 106 50
65 106 50
65 106 50
65 106 50
65 106 50
65 106 50
65 106 50
65 106 50
65 106 50
65 106 50
65 106 50
66 106 50
66 106 50
66 106 50
66 106 50
66 106 50
66 106 50
66 106 50
66 106 50
66 106 50
66 106 50
66 106 50
66 106 50
66 106 50
66 106 50
66 106 50
66 106 50
66 106 50
66 106 50
66 106 50
66 106 50
66 106 50
66 106 50
66 106 50
66 106 50
66 106 50
66 106 50
66 106 50
66 106 50
66 106 50
66 106 50
66 106 50
66 106 50
66 106 50
66 106 50
66 106 50
66 106 50
66 106 50
66 106 50
66 106 50
66 106 50
66 106 50
66 106 50
66 106 50
66 106 50
66 106 50
67 106 50
67 106 50
67 106 50
67 106 50
67 106 50
67 106 50
67 106 50
67 106 50
67 106 50
67 106 50
67 106 50
67 106 50
67 106 50
67 106 50
67 106 50
67 106 50
67 106 50
67 106 50
67 106 50
67 106 50
67 106 50
67 106 50
67 106 50
67 106 50
67 106 50
67 106 50
67 106 50
67 106 50
67 106 50
67 106 50
67 106 50
67 106 50
67 106 50
67 106 50
67 106 50
67 106 50
67 106 50
67 106 50
67 106 50
67 106 50
67 106 50
67 106 50
67 106 50
67 106 50
67 106 50
67 106 50
67 106 50
67 106 50
67 106 50
68 106 50
68 106 50
68 106 50
68 106 50
68 106 50
68 106 50
68 106 50
68 106 50
68 106 50
68 106 50
68 106 50
68 106 50
68 106 50
68 106 50
68 106 50
68 106 50
68 106 50
68 106 50
68 106 50
68 106 50
68 106 50
68 106 50
68 106 50
68 106 50
68 106 50
68 106 50
68 106 50
68 106 50
68 106 50
68 106 50
68 106 50
68 106 50
68 106 50
68 106 50
68 106 50
68 106 50
68 106 50
68 106 50
68 106 50
68 106 50
68 106 50
68 106 50
68 106 50
68 106 50
68 106 50
68 106 50
68 106 50
68 106 50
68 106 50
68 106 50
68 106 50
69 106 50
69 106 50
69 106 50
69 106 50
69 106 50
69 106 50
69 106 50
69 106 50
69 106 50
69 106 50
69 106 50
69 106 50
69 106 50
69 106 50
69 106 50
69 106 50
69 106 50
69 106 50
69 106 50
69 106 50
69 106 50
69 106 50
69 106 50
69 106 50
69 106 50
69 106 50
69 106 50
69 106 50
69 106 50
69 106 50
69 106 50
69 106 50
69 106 50
69 106 50
69 106 50
69 106 50
69 106 50
69 106 50
69 106 50
69 106 50
69 106 50
69 106 50
69 106 50
69 106 50
69 106 50
69 106 50
69 106 50
69 106 50
69 106 50
69 106 50
69 106 50
69 106 50
70 106 50
70 106 50
70 106 50
70 106 50
70 106 50
70 106 50
70 106 50
70 106 50
70 106 50
70 106 50
70 106 50
70 106 50
70 106 50
70 106 50
70 106 50
70 106 50
70 106 50
70 106 50
70 106 50
70 106 50
70 106 50
70 106 50
70 106 50
70 106 50
70 106 50
70 106 50
70 106 50
70 106 50
70 106 50
70 106 50
70 106 50
70 106 50
70 106 50
70 106 50
70 106 50
70 106 50
70 106 50
70 106 50
70 106 50
70 106 50
70 106 50
70 106 50
70 106 50
70 106 50
70 106 50
70 106 50
70 106 50
70 106 50
70 106 50
70 106 50
70 106 50
71 106 50
71 106 50
71 106 50
71 106 50
71 106 50
71 106 50
71 106 50
71 106 50
71 106 50
71 106 50
71 106 50
71 106 50
71 106 50
71 106 50
71 106 50
71 106 50
71 106 50
71 106 50
71 106 50
71 106 50
71 106 50
71 106 50
71 106 50
71 106 50
71 106 50
71 106 50
71 106 50
71 106 50
71 106 50
71 106 50
71 106 50
71 106 50
71 106 50
71 106 50
71 106 50
71 106 50
71 106 50
71 106 50
71 106 50
71 106 50
71 106 50
71 106 50
71 106 50
71 106 50
71 106 50
71 106 50
71 106 50
71 106 50
71 106 50
71 106 50
72 106 50
72 106 50
72 106 50
72 106 50
72 106 50
72 106 50
72 106 50
72 106 50
72 106 50
72 106 50
72 106 50
72 106 50
72 106 50
72 106 50
72 106 50
72 106 50
72 106 50
72 106 50
72 106 50
72 106 50
72 106 50
72 106 50
72 106 50
72 106 50
72 106 50
72 106 50
72 106 50
72 106 50
72 106 50
72 106 50
72 106 50
72 106 50
72 106 50
72 106 50
72 106 50
72 106 50
72 106 50
72 106 50
72 106 50
72 106 50
72 106 50
72 106 50
72 106 50
72 106 50
72 106 50
72 106 50
72 106 50
73 106 50
73 106 50
73 106 50
73 106 50
73 106 50
73 106 50
73 106 50
73 106 50
73 106 50
73 106 50
73 106 50
73 106 50
73 106 50
73 106 50
73 106 50
73 106 50
73 106 50
73 106 50
73 106 50
73 106 50
73 106 50
73 106 50
73 106 50
73 106 50
73 106 50
73 106 50
73 106 50
73 106 50
73 106 50
73 106 50
73 106 50
73 106 50
73 106 50
73 106 50
73 106 50
73 106 50
73 106 50
73 106 50
73 106 50
73 106 50
73 106 50
73 106 50
73 106 50
73 106 50
73 106 50
74 106 50
74 106 50
74 106 50
74 106 50
74 106 50
74 106 50
74 106 50
74 106 50
74 106 50
74 106 50
74 106 50
74 106 50
74 106 50
74 106 50
74 106 50
74 106 50
74 106 50
74 106 50
74 106 50
74 106 50
74 106 50
74 106 50
74 106 50
74 106 50
74 106 50
74 106 50
74 106 50
74 106 50
74 106 50
74 106 50
74 106 50
74 106 50
74 106 50
74 106 50
74 106 50
74 106 50
74 106 50
74 106 50
74 106 50
74 106 50
74 106 50
74 106 50
75 106 50
75 106 50
75 106 50
75 106 50
75 106 50
75 106 50
75 106 50
75 106 50
75 106 50
75 106 50
75 106 50
75 106 50
75 106 50
75 106 50
75 106 50
75 106 50
75 106 50
75 106 50
75 106 50
75 106 50
75 106 50
75 106 50
75 106 50
75 106 50
75 106 50
75 106 50
75 106 50
75 106 50
75 106 50
75 106 50
75 106 50
75 106 50
75 106 50
75 106 50
75 106 50
75 106 50
75 106 50
75 106 50
75 106 50
76 106 50
76 106 50
76 106 50
76 106 50
76 106 50
76 106 50
76 106 50
76 106 50
76 106 50
76 106 50
76 106 50
76 106 50
76 106 50
76 106 50
76 106 50
76 106 50
76 106 50
76 106 50
76 106 50
76 106 50
76 106 50
76 106 50
76 106 50
76 106 50
76 106 50
76 106 50
76 106 50
76 106 50
76 106 50
76 106 50
76 106 50
76 106 50
76 106 50
76 106 50
76 106 50
76 106 50
76 107 1750
76 108 50
76 108 50
76 108 50
76 108 50
76 108 50
76 108 50
76 108 50
76 108 50
76 108 50
76 108 50
76 108 50
76 108 50
76 108 50
76 108 50
76 108 50
76 108 50
76 108 50
76 108 50
76 108 50
76 108 50
76 108 50
76 108 50
76 108 50
76 108 50
76 108 50
76 108 50
76 108 50
76 108 50
76 108 50
76 108 50
76 108 50
76 109 50
76 109 50
76 109 50
76 109 50
76 109 50
76 109 50
76 109 50
76 109 50
76 109 50
76 109 50
76 109 50
76 109 50
76 109 50
76 109 50
76 109 50
76 109 50
76 109 50
76 109 50
76 109 50
76 109 50
76 109 50
76 109 50
76 109 50
76 109 50
76 109 50
76 109 50
76 109 50
76 109 50
76 109 50
76 110 50
76 110 50
76 110 50
76 110 50
76 110 50
76 110 50
76 110 50
76 110 50
76 110 50
76 110 50
76 110 50
76 110 50
76 110 50
76 110 50
76 110 50
76 110 50
76 110 50
76 110 50
76 110 50
76 110 50
76 110 50
76 110 50
76 110 50
76 110 50
76 110 50
76 110 50
76 111 50
76 111 50
76 111 50
76 111 50
76 111 50
76 111 50
76 111 50
76 111 50
76 111 50
76 111 50
76 111 50
76 111 50
76 111 50
76 111 50
76 111 50
76 111 50
76 111 50
76 111 50
76 111 50
76 111 50
76 111 50
76 111 50
76 111 50
76 111 50
76 112 50
76 112 50
76 112 50
76 112 50
76 112 50
76 112 50
76 112 50
76 112 50
76 112 50
76 112 50
76 112 50
76 112 50
76 112 50
76 112 50
76 112 50
76 112 50
76 112 50
76 112 50
76 112 50
76 112 50
76 112 50
76 112 50
76 113 50
76 113 50
76 113 50
76 113 50
76 113 50
76 113 50
76 113 50
76 113 50
76 113 50
76 113 50
76 113 50
76 113 50
76 113 50
76 113 50
76 113 50
76 113 50
76 113 50
76 113 50
76 113 50
76 113 50
76 114 50
76 114 50
76 114 50
76 114 50
76 114 50
76 114 50
76 114 50
76 114 50
76 114 50
76 114 50
76 114 50
76 114 50
76 114 50
76 114 50
76 114 50
76 114 50
76 114 50
76 114 50
76 114 50
76 115 50
76 115 50
76 115 50
76 115 50
76 115 50
76 115 50
76 115 50
76 115 50
76 115 50
76 115 50
76 115 50
76 115 50
76 115 50
76 115 50
76 115 50
76 115 50
76 115 50
76 115 50
76 115 50
76 116 50
76 116 50
76 116 50
76 116 50
76 116 50
76 116 50
76 116 50
76 116 50
76 116 50
76 116 50
76 116 50
76 116 50
76 116 50
76 116 50
76 116 50
76 116 50
76 116 50
76 116 50
76 116 50
76 117 50
76 117 50
76 117 50
76 117 50
76 117 50
76 117 50
76 117 50
76 117 50
76 117 50
76 117 50
76 117 50
76 117 50
76 117 50
76 117 50
76 117 50
76 117 50
76 117 50
76 117 50
76 117 50
76 118 50
76 118 50
76 118 50
76 118 50
76 118 50
76 118 50
76 118 50
76 118 50
76 118 50
76 118 50
76 118 50
76 118 50
76 118 50
76 118 50
76 118 50
76 118 50
76 118 50
76 118 50
76 118 50
76 119 50
76 119 50
76 119 50
76 119 50
76 119 50
76 119 50
76 119 50
76 119 50
76 119 50
76 119 50
76 119 50
76 119 50
76 119 50
76 119 50
76 119 50
76 119 50
76 119 50
76 119 50
76 119 50
76 120 50
76 120 50
76 120 50
76 120 50
76 120 50
76 120 50
76 120 50
76 120 50
76 120 50
76 120 50
76 120 50
76 120 50
76 120 50
76 120 50
76 120 50
76 120 50
76 120 50
76 120 50
76 120 50
76 121 50
76 121 50
76 121 50
76 121 50
76 121 50
76 121 50
76 121 50
76 121 50
76 121 50
76 121 50
76 121 50
76 121 50
76 121 50
76 121 50
76 121 50
76 121 50
76 121 50
76 121 50
76 122 50
76 122 50
76 122 50
76 122 50
76 122 50
76 122 50
76 122 50
76 122 50
76 122 50
76 122 50
76 122 50
76 122 50
76 122 50
76 122 50
76 122 50
76 122 50
76 123 50
76 123 50
76 123 50
76 123 50
76 123 50
76 123 50
76 123 50
76 123 50
76 123 50
76 123 50
76 123 50
76 123 50
76 123 50
76 123 50
76 124 50
76 124 50
76 124 50
76 124 50
76 124 50
76 124 50
76 124 50
76 124 50
76 124 50
76 124 50
76 124 50
76 124 50
76 125 50
76 125 50
76 125 50
76 125 50
76 125 50
76 125 50
76 125 50
76 125 50
76 125 50
76 126 50
76 126 50
76 126 50
76 126 50
76 126 50
76 126 50
76 126 50
76 127 50
76 127 50
76 127 50
76 127 50
76 127 50
76 128 50
76 128 50
76 128 50
76 128 50
76 129 50
76 129 50
76 129 50
76 130 50
76 130 50
76 130 50
76 131 50
76 131 50
76 132 50
76 132 50
76 133 50
76 133 50
76 134 50
76 134 50
76 135 50
76 136 50
76 137 50
76 137 50
76 138 50
76 138 50
76 139 50
76 139 50
76 140 50
76 140 50
76 141 50
76 141 50
76 142 50
76 142 50
76 142 50
76 143 50
76 143 50
76 143 50
30 106 100
29 106 50
28 106 50
27 106 50
26 106 50
25 106 50
24 106 50
23 106 50
22 106 50
21 106 50
20 106 50
19 106 50
18 106 50
17 106 50
16 106 50
16 107 50
16 108 50
16 109 50
16 110 50
16 111 50
16 112 50
16 113 50
16 114 50
16 115 50
16 116 50
16 117 50
16 118 50
16 119 50
16 120 50
16 121 50
16 122 50
16 123 50
16 124 50
17 124 50
18 124 50
19 124 50
20 124 50
21 124 50
22 124 50
23 124 50
24 124 50
25 124 50
26 124 50
27 124 50
28 124 50
29 124 50
30 124 50
31 124 50
32 124 50
33 124 50
34 124 50
34 125 50
34 126 50
34 127 50
34 128 50
34 129 50
34 130 50
34 131 50
34 132 50
34 133 50
34 134 50
34 135 50
34 136 50
34 137 50
34 138 50
59 125 50
59 125 50
60 125 50
60 125 50
61 125 50
61 125 50
62 125 50
62 125 50
62 125 50
63 125 50
63 125 50
63 125 50
64 125 50
64 125 50
64 125 50
64 125 50
65 125 50
65 125 50
65 125 50
65 125 50
65 125 50
65 125 50
66 125 50
66 125 50
66 125 50
66 125 50
66 125 50
66 125 50
66 125 50
67 125 50
67 125 50
67 125 50
67 125 50
67 125 50
67 125 50
67 125 50
67 125 50
67 125 50
68 125 50
68 125 50
68 125 50
68 125 50
68 125 50
68 125 50
68 125 50
68 125 50
68 125 50
68 125 50
68 125 50
69 125 50
69 125 50
69 125 50
69 125 50
69 125 50
69 125 50
69 125 50
69 125 50
69 125 50
69 125 50
69 125 50
69 125 50
70 125 50
70 125 50
70 125 50
70 125 50
70 125 50
70 125 50
70 125 50
70 125 50
70 125 50
70 125 50
70 125 50
70 125 50
70 125 50
71 125 50
71 125 50
71 125 50
71 125 50
71 125 50
71 125 50
71 125 50
71 125 50
71 125 50
71 125 50
71 125 50
71 125 50
71 125 50
72 125 50
72 125 50
72 125 50
72 125 50
72 125 50
72 125 50
72 125 50
72 125 50
72 125 50
72 125 50
72 125 50
72 125 50
72 125 50
73 125 50
73 125 50
73 125 50
73 125 50
73 125 50
73 125 50
73 125 50
73 125 50
73 125 50
73 125 50
73 125 50
73 125 50
74 125 50
74 125 50
74 125 50
74 125 50
74 125 50
74 125 50
74 125 50
74 125 50
74 125 50
74 125 50
74 125 50
75 125 50
75 125 50
75 125 50
75 125 50
75 125 50
75 125 50
75 125 50
75 125 50
75 125 50
75 125 50
15 124 450
14 124 50
13 124 50
12 124 50
11 124 50
10 124 50
9 124 50
8 124 50
8 124 50
8 125 50
8 125 50
8 126 50
8 126 50
8 127 50
8 127 50
8 128 50
8 128 50
8 128 50
8 129 50
8 129 50
8 129 50
8 130 50
8 130 50
8 130 50
8 130 50
8 131 50
8 131 50
8 131 50
8 131 50
8 131 50
8 132 50
8 132 50
8 132 50
8 132 50
8 132 50
8 133 50
8 133 50
8 133 50
8 133 50
8 133 50
8 133 50
8 134 50
8 134 50
8 134 50
8 134 50
8 134 50
8 134 50
8 135 50
8 135 50
8 135 50
8 135 50
8 135 50
8 135 50
8 136 50
8 136 50
8 136 50
8 136 50
8 136 50
8 136 50
8 137 50
8 137 50
8 137 50
8 137 50
8 137 50
8 137 50
8 138 50
8 138 50
8 138 50
8 138 50
8 138 50
8 138 50
8 139 50
8 139 50
8 139 50
8 139 50
8 139 50
8 139 50
8 139 50
8 140 50
8 140 50
8 140 50
8 140 50
8 140 50
8 140 50
8 140 50
8 141 50
8 141 50
8 141 50
8 141 50
8 141 50
8 141 50
8 141 50
8 141 50
8 142 50
8 142 50
8 142 50
8 142 50
8 142 50
8 142 50
8 142 50
8 142 50
8 142 50
8 143 50
8 143 50
8 143 50
8 143 50
8 143 50
8 143 50
8 143 50
8 143 50
8 143 50
8 143 50
8 143 50
8 144 50
8 144 50
8 144 50
8 144 50
8 144 50
8 144 50
8 144 50
8 144 50
8 144 50
8 144 50
8 144 50
8 144 50
8 144 50
8 145 50
8 145 50
8 145 50
8 145 50
8 145 50
8 145 50
8 145 50
8 145 50
8 145 50
8 145 50
8 145 50
8 145 50
8 145 50
8 145 50
8 145 50
8 146 50
8 146 50
8 146 50
8 146 50
8 146 50
8 146 50
8 146 50
8 146 50
8 146 50
8 146 50
8 146 50
8 146 50
8 146 50
8 146 50
8 146 50
8 146 50
8 146 50
8 147 50
8 147 50
8 147 50
8 147 50
8 147 50
8 147 50
8 147 50
8 147 50
8 147 50
8 147 50
8 147 50
8 147 50
8 147 50
8 147 50
8 147 50
8 147 50
8 147 50
8 147 50
8 147 50
8 148 50
8 148 50
8 148 50
8 148 50
8 148 50
8 148 50
8 148 50
8 148 50
8 148 50
8 148 50
8 148 50
8 148 50
8 148 50
8 148 50
8 148 50
8 148 50
8 148 50
8 148 50
8 148 50
8 148 50
8 149 50
8 149 50
8 149 50
8 149 50
8 149 50
8 149 50
8 149 50
8 149 50
8 149 50
8 149 50
8 149 50
8 149 50
8 149 50
8 149 50
8 149 50
8 149 50
8 149 50
8 149 50
8 149 50
8 149 50
8 150 50
8 150 50
8 150 50
8 150 50
8 150 50
8 150 50
8 150 50
8 150 50
8 150 50
8 150 50
8 150 50
8 150 50
8 150 50
8 150 50
8 150 50
8 150 50
8 150 50
8 150 50
8 150 50
8 151 50
8 151 50
8 151 50
8 151 50
8 151 50
8 151 50
8 151 50
8 151 50
8 151 50
8 151 50
8 151 50
8 151 50
8 151 50
8 151 50
8 151 50
8 151 50
8 151 50
8 152 50
8 152 50
8 152 50
8 152 50
8 152 50
8 152 50
8 152 50
8 152 50
8 152 50
8 152 50
8 152 50
8 152 50
8 152 50
8 152 50
8 152 50
8 153 50
8 153 50
8 153 50
8 153 50
8 153 50
8 153 50
8 153 50
8 153 50
8 153 50
8 153 50
8 153 50
8 153 50
8 153 50
8 154 50
8 154 50
8 154 50
8 154 50
8 154 50
8 154 50
8 154 50
8 154 50
8 154 50
8 154 50
8 154 50
8 155 50
8 155 50
8 155 50
8 155 50
8 155 50
8 155 50
8 155 50
8 155 50
8 155 50
8 156 50
8 156 50
8 156 50
8 156 50
8 156 50
8 156 50
8 156 50
8 156 50
8 157 50
8 157 50
8 157 50
8 157 50
8 157 50
8 157 50
8 157 50
8 158 50
8 158 50
8 158 50
8 158 50
8 158 50
8 158 50
8 159 50
8 159 50
8 159 50
8 159 50
8 159 50
8 159 50
8 160 50
8 160 50
8 160 50
8 160 50
8 160 50
8 161 50
8 161 50
8 161 50
8 161 50
8 161 50
8 162 50
8 162 50
8 162 50
8 162 50
8 162 50
8 163 50
8 163 50
8 163 50
8 163 50
8 163 50
8 164 50
8 164 50
8 164 50
8 164 50
8 164 50
8 165 50
8 165 50
8 165 50
8 165 50
8 165 50
8 166 50
8 166 50
8 166 50
8 166 50
8 167 50
8 167 50
8 167 50
8 167 50
8 168 50
8 168 50
8 168 50
8 169 50
8 169 50
8 170 50
8 170 50
8 171 50
8 171 50
8 172 50
8 173 50
8 174 50
8 175 50
8 176 50
8 177 50
8 178 50
8 179 50
8 180 50
8 181 50
178 180 50
178 180 50
178 180 50
178 180 50
178 180 50
178 180 50
178 180 50
178 180 50
178 180 50
178 180 50
178 180 50
178 180 50
178 180 50
178 180 50
178 180 50
178 180 50
178 180 50
178 180 50
178 180 50
178 180 50
178 180 50
177 180 50
177 180 50
177 180 50
177 180 50
177 180 50
177 180 50
177 180 50
177 180 50
177 180 50
177 180 50
177 180 50
177 180 50
177 180 50
177 180 50
177 180 50
177 180 50
177 180 50
177 180 50
177 180 50
177 180 50
176 180 50
176 180 50
176 180 50
176 180 50
176 180 50
176 180 50
176 180 50
176 180 50
176 180 50
176 180 50
176 180 50
176 180 50
176 180 50
176 180 50
176 180 50
176 180 50
176 180 50
176 180 50
176 180 50
175 180 50
175 180 50
175 180 50
175 180 50
175 180 50
175 180 50
175 180 50
175 180 50
175 180 50
175 180 50
175 180 50
175 180 50
175 180 50
175 180 50
175 180 50
175 180 50
175 180 50
175 180 50
175 180 50
174 180 50
174 180 50
174 180 50
174 180 50
174 180 50
174 180 50
174 180 50
174 180 50
174 180 50
174 180 50
174 180 50
174 180 50
174 180 50
174 180 50
174 180 50
174 180 50
174 180 50
174 180 50
174 180 50
174 180 50
173 180 50
173 180 50
173 180 50
173 180 50
173 180 50
173 180 50
173 180 50
173 180 50
173 180 50
173 180 50
173 180 50
173 180 50
173 180 50
173 180 50
173 180 50
173 180 50
173 180 50
173 180 50
173 180 50
173 180 50
172 180 50
172 180 50
172 180 50
172 180 50
172 180 50
172 180 50
172 180 50
172 180 50
172 180 50
172 180 50
172 180 50
172 180 50
172 180 50
172 180 50
172 180 50
172 180 50
172 180 50
172 180 50
172 180 50
172 180 50
172 180 50
171 180 50
171 180 50
171 180 50
171 180 50
171 180 50
171 180 50
171 180 50
171 180 50
171 180 50
171 180 50
171 180 50
171 180 50
171 180 50
171 180 50
171 180 50
171 180 50
171 180 50
171 180 50
171 180 50
171 180 50
171 180 50
170 180 50
170 180 50
170 180 50
170 180 50
170 180 50
170 180 50
170 180 50
170 180 50
170 180 50
170 180 50
170 180 50
170 180 50
170 180 50
170 180 50
170 180 50
170 180 50
170 180 50
170 180 50
170 180 50
170 180 50
170 180 50
170 180 50
169 180 50
169 180 50
169 180 50
169 180 50
169 180 50
169 180 50
169 180 50
169 180 50
169 180 50
169 180 50
169 180 50
169 180 50
169 180 50
169 180 50
169 180 50
169 180 50
169 180 50
169 180 50
169 180 50
169 180 50
169 180 50
168 180 50
168 180 50
168 180 50
168 180 50
168 180 50
168 180 50
168 180 50
168 180 50
168 180 50
168 180 50
168 180 50
168 180 50
168 180 50
168 180 50
168 180 50
168 180 50
168 180 50
168 180 50
168 180 50
168 180 50
167 180 50
167 180 50
167 180 50
167 180 50
167 180 50
167 180 50
167 180 50
167 180 50
167 180 50
167 180 50
167 180 50
167 180 50
167 180 50
167 180 50
167 180 50
167 180 50
167 180 50
167 180 50
166 180 50
166 180 50
166 180 50
166 180 50
166 180 50
166 180 50
166 180 50
166 180 50
166 180 50
166 180 50
166 180 50
166 180 50
166 180 50
166 180 50
166 180 50
166 180 50
165 180 50
165 180 50
165 180 50
165 180 50
165 180 50
165 180 50
165 180 50
165 180 50
165 180 50
165 180 50
165 180 50
165 180 50
165 180 50
165 180 50
164 180 50
164 180 50
164 180 50
164 180 50
164 180 50
164 180 50
164 180 50
164 180 50
164 180 50
164 180 50
164 180 50
164 180 50
163 180 50
163 180 50
163 180 50
163 180 50
163 180 50
163 180 50
163 180 50
163 180 50
163 180 50
163 180 50
163 180 50
162 180 50
162 180 50
162 180 50
162 180 50
162 180 50
162 180 50
162 180 50
162 180 50
162 180 50
162 180 50
161 180 50
161 180 50
161 180 50
161 180 50
161 180 50
161 180 50
161 180 50
161 180 50
161 180 50
161 180 50
160 180 50
160 180 50
160 180 50
160 180 50
160 180 50
160 180 50
160 180 50
160 180 50
160 180 50
160 180 50
159 180 50
159 180 50
159 180 50
159 180 50
159 180 50
159 180 50
159 180 50
159 180 50
159 180 50
159 180 50
158 180 50
158 180 50
158 180 50
158 180 50
158 180 50
158 180 50
158 180 50
158 180 50
158 180 50
158 180 50
157 180 50
157 180 50
157 180 50
157 180 50
157 180 50
157 180 50
157 180 50
157 180 50
157 180 50
156 180 50
156 180 50
156 180 50
156 180 50
156 180 50
156 180 50
156 180 50
156 180 50
156 180 50
155 180 50
155 180 50
155 180 50
155 180 50
155 180 50
155 180 50
155 180 50
155 180 50
154 180 50
154 180 50
154 180 50
154 180 50
154 180 50
154 180 50
154 180 50
153 180 50
153 180 50
153 180 50
153 180 50
153 180 50
153 180 50
152 180 50
152 180 50
152 180 50
152 180 50
152 180 50
151 180 50
151 180 50
151 180 50
151 180 50
150 180 50
150 180 50
150 180 50
150 180 50
149 180 50
149 180 50
149 180 50
148 180 50
148 180 50
148 180 50
147 180 50
147 180 50
147 180 50
146 180 50
146 180 50
146 180 50
145 180 50
145 180 50
145 180 50
145 180 50
144 180 50
144 180 50
144 180 50
144 180 50
143 180 50
143 180 50
143 180 50
143 180 50
142 180 50
142 180 50
142 180 50
142 180 50
141 180 50
141 180 50
141 180 50
140 180 50
140 180 50
140 180 50
139 180 50
139 180 50
139 180 50
138 180 50
138 180 50
137 180 50
137 180 50
136 180 50
136 180 50
135 180 50
135 180 50
135 180 50
134 180 50
134 180 50
134 180 50
133 180 50
133 180 50
133 180 50
133 180 50
132 180 50
132 180 50
132 180 50
132 180 50
131 180 50
131 180 50
131 180 50
131 180 50
131 180 50
130 180 50
130 180 50
130 180 50
130 180 50
130 180 50
130 180 50
129 180 50
129 180 50
129 180 50
129 180 50
129 180 50
129 180 50
129 180 50
128 180 50
128 180 50
128 180 50
128 180 50
128 180 50
128 180 50
128 180 50
127 180 50
127 180 50
127 180 50
127 180 50
127 180 50
127 180 50
127 180 50
126 180 50
126 180 50
126 180 50
126 180 50
126 180 50
126 180 50
126 180 50
125 180 50
125 180 50
125 180 50
125 180 50
125 180 50
125 180 50
125 180 50
124 180 50
124 180 50
124 180 50
124 180 50
124 180 50
124 180 50
124 180 50
123 180 50
123 180 50
123 180 50
123 180 50
123 180 50
123 180 50
123 180 50
123 180 50
122 180 50
122 180 50
122 180 50
122 180 50
122 180 50
122 180 50
122 180 50
122 180 50
122 180 50
121 180 50
121 180 50
121 180 50
121 180 50
121 180 50
121 180 50
121 180 50
121 180 50
121 180 50
121 180 50
121 180 50
120 180 50
120 180 50
120 180 50
120 180 50
120 180 50
120 180 50
120 180 50
120 180 50
120 180 50
120 180 50
120 180 50
120 180 50
120 180 50
119 180 50
119 180 50
119 180 50
119 180 50
119 180 50
119 180 50
119 180 50
119 180 50
119 180 50
119 180 50
119 180 50
119 180 50
119 180 50
119 180 50
119 180 50
118 180 50
118 180 50
118 180 50
118 180 50
118 180 50
118 180 50
118 180 50
118 180 50
118 180 50
118 180 50
118 180 50
118 180 50
118 180 50
118 180 50
118 180 50
118 180 50
118 180 50
118 180 50
117 180 50
117 180 50
117 180 50
117 180 50
117 180 50
117 180 50
117 180 50
117 180 50
117 180 50
117 180 50
117 180 50
117 180 50
117 180 50
117 180 50
117 180 50
117 180 50
117 180 50
117 180 50
117 180 50
117 180 50
116 180 50
116 180 50
116 180 50
116 180 50
116 180 50
116 180 50
116 180 50
116 180 50
116 180 50
116 180 50
116 180 50
116 180 50
116 180 50
116 180 50
116 180 50
116 180 50
116 180 50
116 180 50
116 180 50
116 180 50
116 180 50
116 180 50
116 180 50
115 180 50
115 180 50
115 180 50
115 180 50
115 180 50
115 180 50
115 180 50
115 180 50
115 180 50
115 180 50
115 180 50
115 180 50
115 180 50
115 180 50
115 180 50
115 180 50
115 180 50
115 180 50
115 180 50
115 180 50
115 180 50
115 180 50
115 180 50
115 180 50
114 180 50
114 180 50
114 180 50
114 180 50
114 180 50
114 180 50
114 180 50
114 180 50
114 180 50
114 180 50
114 180 50
114 180 50
114 180 50
114 180 50
114 180 50
114 180 50
114 180 50
114 180 50
114 180 50
114 180 50
114 180 50
114 180 50
114 180 50
114 180 50
114 180 50
113 180 50
113 180 50
113 180 50
113 180 50
113 180 50
113 180 50
113 180 50
113 180 50
113 180 50
113 180 50
113 180 50
113 180 50
113 180 50
113 180 50
113 180 50
113 180 50
113 180 50
113 180 50
113 180 50
113 180 50
113 180 50
113 180 50
113 180 50
113 180 50
113 180 50
112 180 50
112 180 50
112 180 50
112 180 50
112 180 50
112 180 50
112 180 50
112 180 50
112 180 50
112 180 50
112 180 50
112 180 50
112 180 50
112 180 50
112 180 50
112 180 50
112 180 50
112 180 50
112 180 50
112 180 50
112 180 50
112 180 50
112 180 50
112 180 50
112 180 50
112 180 50
111 180 50
111 180 50
111 180 50
111 180 50
111 180 50
111 180 50
111 180 50
111 180 50
111 180 50
111 180 50
111 180 50
111 180 50
111 180 50
111 180 50
111 180 50
111 180 50
111 180 50
111 180 50
111 180 50
111 180 50
111 180 50
111 180 50
111 180 50
111 180 50
111 180 50
111 180 50
111 180 50
111 180 50
110 180 50
110 180 50
110 180 50
110 180 50
110 180 50
110 180 50
110 180 50
110 180 50
110 180 50
110 180 50
110 180 50
110 180 50
110 180 50
110 180 50
110 180 50
110 180 50
110 180 50
110 180 50
110 180 50
110 180 50
110 180 50
110 180 50
110 180 50
110 180 50
110 180 50
110 180 50
110 180 50
110 180 50
110 180 50
110 180 50
109 180 50
109 180 50
109 180 50
109 180 50
109 180 50
109 180 50
109 180 50
109 180 50
109 180 50
109 180 50
109 180 50
109 180 50
109 180 50
109 180 50
109 180 50
109 180 50
109 180 50
109 180 50
109 180 50
109 180 50
109 180 50
109 180 50
109 180 50
109 180 50
109 180 50
109 180 50
109 180 50
109 180 50
109 180 50
109 180 50
109 180 50
109 180 50
109 180 50
109 180 50
108 180 50
108 180 50
108 180 50
108 180 50
108 180 50
108 180 50
108 180 50
108 180 50
108 180 50
108 180 50
108 180 50
108 180 50
108 180 50
108 180 50
108 180 50
108 180 50
108 180 50
108 180 50
108 180 50
108 180 50
108 180 50
108 180 50
108 180 50
108 180 50
108 180 50
108 180 50
108 180 50
108 180 50
108 180 50
108 180 50
108 180 50
108 180 50
108 180 50
108 180 50
108 180 50
108 180 50
108 180 50
108 180 50
107 180 50
107 180 50
107 180 50
107 180 50
107 180 50
107 180 50
107 180 50
107 180 50
107 180 50
107 180 50
107 180 50
107 180 50
107 180 50
107 180 50
107 180 50
107 180 50
107 180 50
107 180 50
107 180 50
107 180 50
107 180 50
107 180 50
107 180 50
107 180 50
107 180 50
107 180 50
107 180 50
107 180 50
107 180 50
107 180 50
107 180 50
107 180 50
107 180 50
107 180 50
107 180 50
107 180 50
107 180 50
107 180 50
107 180 50
107 180 50
107 180 50
107 180 50
107 180 50
107 180 50
106 180 50
106 180 50
106 180 50
106 180 50
106 180 50
106 180 50
106 180 50
106 180 50
106 180 50
106 180 50
106 180 50
106 180 50
106 180 50
106 180 50
106 180 50
106 180 50
106 180 50
106 180 50
106 180 50
106 180 50
106 180 50
106 180 50
106 180 50
106 180 50
106 180 50
106 180 50
106 180 50
106 180 50
106 180 50
106 180 50
106 180 50
106 180 50
106 180 50
106 180 50
106 180 50
106 180 50
106 180 50
106 180 50
106 180 50
106 180 50
106 180 50
106 180 50
106 180 50
106 180 50
106 180 50
106 180 50
106 180 50
106 180 50
106 180 50
105 180 50
105 180 50
105 180 50
105 180 50
105 180 50
105 180 50
105 180 50
105 180 50
105 180 50
105 180 50
105 180 50
105 180 50
105 180 50
105 180 50
105 180 50
105 180 50
105 180 50
105 180 50
105 180 50
105 180 50
105 180 50
105 180 50
105 180 50
105 180 50
105 180 50
105 180 50
105 180 50
105 180 50
105 180 50
105 180 50
105 180 50
105 180 50
105 180 50
105 180 50
105 180 50
105 180 50
105 180 50
105 180 50
105 180 50
105 180 50
105 180 50
105 180 50
105 180 50
105 180 50
105 180 50
105 180 50
105 180 50
105 180 50
105 180 50
105 180 50
105 180 50
105 180 50
105 180 50
105 180 50
104 180 50
104 180 50
104 180 50
104 180 50
104 180 50
104 180 50
104 180 50
104 180 50
104 180 50
104 180 50
104 180 50
104 180 50
104 180 50
104 180 50
104 180 50
104 180 50
104 180 50
104 180 50
104 180 50
104 180 50
104 180 50
104 180 50
104 180 50
104 180 50
104 180 50
104 180 50
104 180 50
104 180 50
104 180 50
104 180 50
104 180 50
104 180 50
104 180 50
104 180 50
104 180 50
104 180 50
104 180 50
104 180 50
104 180 50
104 180 50
104 180 50
104 180 50
104 180 50
104 180 50
104 180 50
104 180 50
104 180 50
104 180 50
104 180 50
104 180 50
104 180 50
104 180 50
104 180 50
104 180 50
104 180 50
104 180 50
104 180 50
104 180 50
104 180 50
103 180 50
103 180 50
103 180 50
103 180 50
103 180 50
103 180 50
103 180 50
103 180 50
103 180 50
103 180 50
103 180 50
103 180 50
103 180 50
103 180 50
103 180 50
103 180 50
103 180 50
103 180 50
103 180 50
103 180 50
103 180 50
103 180 50
103 180 50
103 180 50
103 180 50
103 180 50
103 180 50
103 180 50
103 180 50
103 180 50
103 180 50
103 180 50
103 180 50
103 180 50
103 180 50
103 180 50
103 180 50
103 180 50
103 180 50
103 180 50
103 180 50
103 180 50
103 180 50
103 180 50
103 180 50
103 180 50
103 180 50
103 180 50
103 180 50
103 180 50
103 180 50
103 180 50
103 180 50
103 180 50
103 180 50
103 180 50
103 180 50
103 180 50
103 180 50
103 180 50
103 180 50
103 180 50
102 180 50
102 180 50
102 180 50
102 180 50
102 180 50
102 180 50
102 180 50
102 180 50
102 180 50
102 180 50
102 180 50
102 180 50
102 180 50
102 180 50
102 180 50
102 180 50
102 180 50
102 180 50
102 180 50
102 180 50
102 180 50
102 180 50
102 180 50
102 180 50
102 180 50
102 180 50
102 180 50
102 180 50
102 180 50
102 180 50
102 180 50
102 180 50
102 180 50
102 180 50
102 180 50
102 180 50
102 180 50
102 180 50
102 180 50
102 180 50
102 180 50
102 180 50
102 180 50
102 180 50
102 180 50
102 180 50
102 180 50
102 180 50
102 180 50
102 180 50
102 180 50
102 180 50
102 180 50
102 180 50
102 180 50
102 180 50
102 180 50
102 180 50
102 180 50
102 180 50
102 180 50
102 180 50
102 180 50
102 180 50
101 180 50
101 180 50
101 180 50
101 180 50
101 180 50
101 180 50
101 180 50
101 180 50
101 180 50
101 180 50
101 180 50
101 180 50
101 180 50
101 180 50
101 180 50
101 180 50
101 180 50
101 180 50
101 180 50
101 180 50
101 180 50
101 180 50
101 180 50
101 180 50
101 180 50
101 180 50
101 180 50
101 180 50
101 180 50
101 180 50
101 180 50
101 180 50
101 180 50
101 180 50
101 180 50
101 180 50
101 180 50
101 180 50
101 180 50
101 180 50
101 180 50
101 180 50
101 180 50
101 180 50
101 180 50
101 180 50
101 180 50
101 180 50
101 180 50
101 180 50
101 180 50
101 180 50
101 180 50
101 180 50
101 180 50
101 180 50
101 180 50
101 180 50
101 180 50
101 180 50
101 180 50
101 180 50
101 180 50
101 180 50
101 180 50
100 180 50
100 180 50
100 180 50
100 180 50
100 180 50
100 180 50
100 180 50
100 180 50
100 180 50
100 180 50
100 180 50
100 180 50
100 180 50
100 180 50
100 180 50
100 180 50
100 180 50
100 180 50
100 180 50
100 180 50
100 180 50
100 180 50
100 180 50
100 180 50
100 180 50
100 180 50
100 180 50
100 180 50
100 180 50
100 180 50
100 180 50
100 180 50
100 180 50
100 180 50
100 180 50
100 180 50
100 180 50
100 180 50
100 180 50
100 180 50
100 180 50
100 180 50
100 180 50
100 180 50
100 180 50
100 180 50
100 180 50
100 180 50
100 180 50
100 180 50
100 180 50
100 180 50
100 180 50
100 180 50
100 180 50
100 180 50
100 180 50
100 180 50
100 180 50
100 180 50
100 180 50
100 180 50
100 180 50
100 180 50
100 180 50
99 180 50
99 180 50
99 180 50
99 180 50
99 180 50
99 180 50
99 180 50
99 180 50
99 180 50
99 180 50
99 180 50
99 180 50
99 180 50
99 180 50
99 180 50
99 180 50
99 180 50
99 180 50
99 180 50
99 180 50
99 180 50
99 180 50
99 180 50
99 180 50
99 180 50
99 180 50
99 180 50
99 180 50
99 180 50
99 180 50
99 180 50
99 180 50
99 180 50
99 180 50
99 180 50
99 180 50
99 180 50
99 180 50
99 180 50
99 180 50
99 180 50
99 180 50
99 180 50
99 180 50
99 180 50
99 180 50
99 180 50
99 180 50
99 180 50
99 180 50
99 180 50
99 180 50
99 180 50
99 180 50
99 180 50
99 180 50
99 180 50
99 180 50
99 180 50
99 180 50
99 180 50
99 180 50
99 180 50
99 180 50
99 180 50
98 180 50
98 180 50
98 180 50
98 180 50
98 180 50
98 180 50
98 180 50
98 180 50
98 180 50
98 180 50
98 180 50
98 180 50
98 180 50
98 180 50
98 180 50
98 180 50
98 180 50
98 180 50
98 180 50
98 180 50
98 180 50
98 180 50
98 180 50
98 180 50
98 180 50
98 180 50
98 180 50
98 180 50
98 180 50
98 180 50
98 180 50
98 180 50
98 180 50
98 180 50
98 180 50
98 180 50
98 180 50
98 180 50
98 180 50
98 180 50
98 180 50
98 180 50
98 180 50
98 180 50
98 180 50
98 180 50
98 180 50
98 180 50
98 180 50
98 180 50
98 180 50
98 180 50
98 180 50
98 180 50
98 180 50
98 180 50
98 180 50
98 180 50
98 180 50
98 180 50
98 180 50
98 180 50
98 180 50
98 180 50
98 180 50
97 180 50
97 180 50
97 180 50
97 180 50
97 180 50
97 180 50
97 180 50
97 180 50
97 180 50
97 180 50
97 180 50
97 180 50
97 180 50
97 180 50
97 180 50
97 180 50
97 180 50
97 180 50
97 180 50
97 180 50
97 180 50
97 180 50
97 180 50
97 180 50
97 180 50
97 180 50
97 180 50
97 180 50
97 180 50
97 180 50
97 180 50
97 180 50
97 180 50
97 180 50
97 180 50
97 180 50
97 180 50
97 180 50
97 180 50
97 180 50
97 180 50
97 180 50
97 180 50
97 180 50
97 180 50
97 180 50
97 180 50
97 180 50
97 180 50
97 180 50
97 180 50
97 180 50
97 180 50
97 180 50
97 180 50
97 180 50
97 180 50
97 180 50
97 180 50
97 180 50
97 180 50
97 180 50
97 180 50
97 180 50
97 180 50
97 180 50
96 180 50
96 180 50
96 180 50
96 180 50
96 180 50
96 180 50
96 180 50
96 180 50
96 180 50
96 180 50
96 180 50
96 180 50
96 180 50
96 180 50
96 180 50
96 180 50
96 180 50
96 180 50
96 180 50
96 180 50
96 180 50
96 180 50
96 180 50
96 180 50
96 180 50
96 180 50
96 180 50
96 180 50
96 180 50
96 180 50
96 180 50
96 180 50
96 180 50
96 180 50
96 180 50
96 180 50
96 180 50
96 180 50
96 180 50
96 180 50
96 180 50
96 180 50
96 180 50
96 180 50
96 180 50
96 180 50
96 180 50
96 180 50
96 180 50
96 180 50
96 180 50
96 180 50
96 180 50
96 180 50
96 180 50
96 180 50
96 180 50
96 180 50
96 180 50
96 180 50
96 180 50
96 180 50
96 180 50
96 180 50
96 180 50
96 180 50
96 180 50
96 180 50
95 180 50
95 180 50
95 180 50
95 180 50
95 180 50
95 180 50
95 180 50
95 180 50
95 180 50
95 180 50
95 180 50
95 180 50
95 180 50
95 180 50
95 180 50
95 180 50
95 180 50
95 180 50
95 180 50
95 180 50
95 180 50
95 180 50
95 180 50
95 180 50
95 180 50
95 180 50
95 180 50
95 180 50
95 180 50
95 180 50
95 180 50
95 180 50
95 180 50
95 180 50
95 180 50
95 180 50
95 180 50
95 180 50
95 180 50
95 180 50
95 180 50
95 180 50
95 180 50
95 180 50
95 180 50
95 180 50
95 180 50
95 180 50
95 180 50
95 180 50
95 180 50
95 180 50
95 180 50
95 180 50
95 180 50
95 180 50
95 180 50
95 180 50
95 180 50
95 180 50
95 180 50
95 180 50
95 180 50
95 180 50
95 180 50
95 180 50
95 180 50
95 180 50
95 180 50
95 180 50
94 180 50
94 180 50
94 180 50
94 180 50
94 180 50
94 180 50
94 180 50
94 180 50
94 180 50
94 180 50
94 180 50
94 180 50
94 180 50
94 180 50
94 180 50
94 180 50
94 180 50
94 180 50
94 180 50
94 180 50
94 180 50
94 180 50
94 180 50
94 180 50
94 180 50
94 180 50
94 180 50
94 180 50
94 180 50
94 180 50
94 180 50
94 180 50
94 180 50
94 180 50
94 180 50
94 180 50
94 180 50
94 180 50
94 180 50
94 180 50
94 180 50
94 180 50
94 180 50
94 180 50
94 180 50
94 180 50
94 180 50
94 180 50
94 180 50
94 180 50
94 180 50
94 180 50
94 180 50
94 180 50
94 180 50
94 180 50
94 180 50
94 180 50
94 180 50
94 180 50
94 180 50
94 180 50
94 180 50
94 180 50
94 180 50
94 180 50
94 180 50
94 180 50
94 180 50
94 180 50
94 180 50
94 180 50
93 180 50
93 180 50
93 180 50
93 180 50
93 180 50
93 180 50
93 180 50
93 180 50
93 180 50
93 180 50
93 180 50
93 180 50
93 180 50
93 180 50
93 180 50
93 180 50
93 180 50
93 180 50
93 180 50
93 180 50
93 180 50
93 180 50
93 180 50
93 180 50
93 180 50
93 180 50
93 180 50
93 180 50
93 180 50
93 180 50
93 180 50
93 180 50
93 180 50
93 180 50
93 180 50
93 180 50
93 180 50
93 180 50
93 180 50
93 180 50
93 180 50
93 180 50
93 180 50
93 180 50
93 180 50
93 180 50
93 180 50
93 180 50
93 180 50
93 180 50
93 180 50
93 180 50
93 180 50
93 180 50
93 180 50
93 180 50
93 180 50
93 180 50
93 180 50
93 180 50
93 180 50
93 180 50
93 180 50
93 180 50
93 180 50
93 180 50
93 180 50
93 180 50
93 180 50
93 180 50
93 180 50
93 180 50
93 180 50
93 180 50
93 180 50
92 180 50
92 180 50
92 180 50
92 180 50
92 180 50
92 180 50
92 180 50
92 180 50
92 180 50
92 180 50
92 180 50
92 180 50
92 180 50
92 180 50
92 180 50
92 180 50
92 180 50
92 180 50
92 180 50
92 180 50
92 180 50
92 180 50
92 180 50
92 180 50
92 180 50
92 180 50
92 180 50
92 180 50
92 180 50
92 180 50
92 180 50
92 180 50
92 180 50
92 180 50
92 180 50
92 180 50
92 180 50
92 180 50
92 180 50
92 180 50
92 180 50
92 180 50
92 180 50
92 180 50
92 180 50
92 180 50
92 180 50
92 180 50
92 180 50
92 180 50
92 180 50
92 180 50
92 180 50
92 180 50
92 180 50
92 180 50
92 180 50
92 180 50
92 180 50
92 180 50
92 180 50
92 180 50
92 180 50
92 180 50
92 180 50
92 180 50
92 180 50
92 180 50
92 180 50
92 180 50
92 180 50
92 180 50
92 180 50
92 180 50
92 180 50
92 180 50
91 180 50
91 180 50
91 180 50
91 180 50
91 180 50
91 180 50
91 180 50
91 180 50
91 180 50
91 180 50
91 180 50
91 180 50
91 180 50
91 180 50
91 180 50
91 180 50
91 180 50
91 180 50
91 180 50
91 180 50
91 180 50
91 180 50
91 180 50
91 180 50
91 180 50
91 180 50
91 180 50
91 180 50
91 180 50
91 180 50
91 180 50
91 180 50
91 180 50
91 180 50
91 180 50
91 180 50
91 180 50
91 180 50
91 180 50
91 180 50
91 180 50
91 180 50
91 180 50
91 180 50
91 180 50
91 180 50
91 180 50
91 180 50
91 180 50
91 180 50
91 180 50
91 180 50
91 180 50
91 180 50
91 180 50
91 180 50
91 180 50
91 180 50
91 180 50
91 180 50
91 180 50
91 180 50
91 180 50
91 180 50
91 180 50
91 180 50
91 180 50
91 180 50
91 180 50
91 180 50
91 180 50
91 180 50
91 180 50
91 180 50
91 180 50
91 180 50
91 180 50
90 180 50
90 180 50
90 180 50
90 180 50
90 180 50
90 180 50
90 180 50
90 180 50
90 180 50
90 180 50
90 180 50
90 180 50
90 180 50
90 180 50
90 180 50
90 180 50
90 180 50
90 180 50
90 180 50
90 180 50
90 180 50
90 180 50
90 180 50
90 180 50
90 180 50
90 180 50
90 180 50
90 180 50
90 180 50
90 180 50
90 180 50
90 180 50
90 180 50
90 180 50
90 180 50
90 180 50
90 180 50
90 180 50
90 180 50
90 180 50
90 180 50
90 180 50
90 180 50
90 180 50
90 180 50
90 180 50
90 180 50
90 180 50
90 180 50
90 180 50
90 180 50
90 180 50
90 180 50
90 180 50
90 180 50
90 180 50
90 180 50
90 180 50
90 180 50
90 180 50
90 180 50
90 180 50
90 180 50
90 180 50
90 180 50
90 180 50
90 180 50
90 180 50
90 180 50
90 180 50
90 180 50
90 180 50
90 180 50
90 180 50
90 180 50
90 180 50
90 180 50
89 180 50
89 180 50
89 180 50
89 180 50
89 180 50
89 180 50
89 180 50
89 180 50
89 180 50
89 180 50
89 180 50
89 180 50
89 180 50
89 180 50
89 180 50
89 180 50
89 180 50
89 180 50
89 180 50
89 180 50
89 180 50
89 180 50
89 180 50
89 180 50
89 180 50
89 180 50
89 180 50
89 180 50
89 180 50
89 180 50
89 180 50
89 180 50
89 180 50
89 180 50
89 180 50
89 180 50
89 180 50
89 180 50
89 180 50
89 180 50
89 180 50
89 180 50
89 180 50
89 180 50
89 180 50
89 180 50
89 180 50
89 180 50
89 180 50
89 180 50
89 180 50
89 180 50
89 180 50
89 180 50
89 180 50
89 180 50
89 180 50
89 180 50
89 180 50
89 180 50
89 180 50
89 180 50
89 180 50
89 180 50
89 180 50
89 180 50
89 180 50
89 180 50
89 180 50
89 180 50
89 180 50
89 180 50
89 180 50
89 180 50
89 180 50
89 180 50
88 180 50
88 180 50
88 180 50
88 180 50
88 180 50
88 180 50
88 180 50
88 180 50
88 180 50
88 180 50
88 180 50
88 180 50
88 180 50
88 180 50
88 180 50
88 180 50
88 180 50
88 180 50
88 180 50
88 180 50
88 180 50
88 180 50
88 180 50
88 180 50
88 180 50
88 180 50
88 180 50
88 180 50
88 180 50
88 180 50
88 180 50
88 180 50
88 180 50
88 180 50
88 180 50
88 180 50
88 180 50
88 180 50
88 180 50
88 180 50
88 180 50
88 180 50
88 180 50
88 180 50
88 180 50
88 180 50
88 180 50
88 180 50
88 180 50
88 180 50
88 180 50
88 180 50
88 180 50
88 180 50
88 180 50
88 180 50
88 180 50
88 180 50
88 180 50
88 180 50
88 180 50
88 180 50
88 180 50
88 180 50
88 180 50
88 180 50
88 180 50
88 180 50
88 180 50
88 180 50
88 180 50
88 180 50
88 180 50
87 180 50
87 180 50
87 180 50
87 180 50
87 180 50
87 180 50
87 180 50
87 180 50
87 180 50
87 180 50
87 180 50
87 180 50
87 180 50
87 180 50
87 180 50
87 180 50
87 180 50
87 180 50
87 180 50
87 180 50
87 180 50
87 180 50
87 180 50
87 180 50
87 180 50
87 180 50
87 180 50
87 180 50
87 180 50
87 180 50
87 180 50
87 180 50
87 180 50
87 180 50
87 180 50
87 180 50
87 180 50
87 180 50
87 180 50
87 180 50
87 180 50
87 180 50
87 180 50
87 180 50
87 180 50
87 180 50
87 180 50
87 180 50
87 180 50
87 180 50
87 180 50
87 180 50
87 180 50
87 180 50
87 180 50
87 180 50
87 180 50
87 180 50
87 180 50
87 180 50
87 180 50
87 180 50
87 180 50
87 180 50
87 180 50
87 180 50
87 180 50
87 180 50
87 180 50
87 180 50
86 180 50
86 180 50
86 180 50
86 180 50
86 180 50
86 180 50
86 180 50
86 180 50
86 180 50
86 180 50
86 180 50
86 180 50
86 180 50
86 180 50
86 180 50
86 180 50
86 180 50
86 180 50
86 180 50
86 180 50
86 180 50
86 180 50
86 180 50
86 180 50
86 180 50
86 180 50
86 180 50
86 180 50
86 180 50
86 180 50
86 180 50
86 180 50
86 180 50
86 180 50
86 180 50
86 180 50
86 180 50
86 180 50
86 180 50
86 180 50
86 180 50
86 180 50
86 180 50
86 180 50
86 180 50
86 180 50
86 180 50
86 180 50
86 180 50
86 180 50
86 180 50
86 180 50
86 180 50
86 180 50
86 180 50
86 180 50
86 180 50
86 180 50
86 180 50
86 180 50
86 180 50
86 180 50
86 180 50
86 180 50
86 180 50
86 180 50
85 180 50
85 180 50
85 180 50
85 180 50
85 180 50
85 180 50
85 180 50
85 180 50
85 180 50
85 180 50
85 180 50
85 180 50
85 180 50
85 180 50
85 180 50
85 180 50
85 180 50
85 180 50
85 180 50
85 180 50
85 180 50
85 180 50
85 180 50
85 180 50
85 180 50
85 180 50
85 180 50
85 180 50
85 180 50
85 180 50
85 180 50
85 180 50
85 180 50
85 180 50
85 180 50
85 180 50
85 180 50
85 180 50
85 180 50
85 180 50
85 180 50
85 180 50
85 180 50
85 180 50
85 180 50
85 180 50
85 180 50
85 180 50
85 180 50
85 180 50
85 180 50
85 180 50
85 180 50
85 180 50
85 180 50
85 180 50
85 180 50
85 180 50
85 180 50
85 180 50
85 180 50
85 180 50
85 180 50
84 180 50
84 180 50
84 180 50
84 180 50
84 180 50
84 180 50
84 180 50
84 180 50
84 180 50
84 180 50
84 180 50
84 180 50
84 180 50
84 180 50
84 180 50
84 180 50
84 180 50
84 180 50
84 180 50
84 180 50
84 180 50
84 180 50
84 180 50
84 180 50
84 180 50
84 180 50
84 180 50
84 180 50
84 180 50
84 180 50
84 180 50
84 180 50
84 180 50
84 180 50
84 180 50
84 180 50
84 180 50
84 180 50
84 180 50
84 180 50
84 180 50
84 180 50
84 180 50
84 180 50
84 180 50
84 180 50
84 180 50
84 180 50
84 180 50
84 180 50
84 180 50
84 180 50
84 180 50
84 180 50
84 180 50
84 180 50
84 180 50
84 180 50
84 180 50
84 180 50
84 180 50
83 180 50
83 180 50
83 180 50
83 180 50
83 180 50
83 180 50
83 180 50
83 180 50
83 180 50
83 180 50
83 180 50
83 180 50
83 180 50
83 180 50
83 180 50
83 180 50
83 180 50
83 180 50
83 180 50
83 180 50
83 180 50
83 180 50
83 180 50
83 180 50
83 180 50
83 180 50
83 180 50
83 180 50
83 180 50
83 180 50
83 180 50
83 180 50
83 180 50
83 180 50
83 180 50
83 180 50
83 180 50
83 180 50
83 180 50
83 180 50
83 180 50
83 180 50
83 180 50
83 180 50
83 180 50
83 180 50
83 180 50
83 180 50
83 180 50
83 180 50
83 180 50
83 180 50
83 180 50
83 180 50
83 180 50
83 180 50
83 180 50
83 180 50
83 180 50
83 180 50
82 180 50
82 180 50
82 180 50
82 180 50
82 180 50
82 180 50
82 180 50
82 180 50
82 180 50
82 180 50
82 180 50
82 180 50
82 180 50
82 180 50
82 180 50
82 180 50
82 180 50
82 180 50
82 180 50
82 180 50
82 180 50
82 180 50
82 180 50
82 180 50
82 180 50
82 180 50
82 180 50
82 180 50
82 180 50
82 180 50
82 180 50
82 180 50
82 180 50
82 180 50
82 180 50
82 180 50
82 180 50
82 180 50
82 180 50
82 180 50
82 180 50
82 180 50
82 180 50
82 180 50
82 180 50
82 180 50
82 180 50
82 180 50
82 180 50
82 180 50
82 180 50
82 180 50
82 180 50
82 180 50
82 180 50
82 180 50
82 180 50
82 180 50
82 180 50
81 180 50
81 180 50
81 180 50
81 180 50
81 180 50
81 180 50
81 180 50
81 180 50
81 180 50
81 180 50
81 180 50
81 180 50
81 180 50
81 180 50
81 180 50
81 180 50
81 180 50
81 180 50
81 180 50
81 180 50
81 180 50
81 180 50
81 180 50
81 180 50
81 180 50
81 180 50
81 180 50
81 180 50
81 180 50
81 180 50
81 180 50
81 180 50
81 180 50
81 180 50
81 180 50
81 180 50
81 180 50
81 180 50
81 180 50
81 180 50
81 180 50
81 180 50
81 180 50
81 180 50
81 180 50
81 180 50
81 180 50
81 180 50
81 180 50
81 180 50
81 180 50
81 180 50
81 180 50
81 180 50
81 180 50
81 180 50
81 180 50
81 180 50
81 180 50
80 180 50
80 180 50
80 180 50
80 180 50
80 180 50
80 180 50
80 180 50
80 180 50
80 180 50
80 180 50
80 180 50
80 180 50
80 180 50
80 180 50
80 180 50
80 180 50
80 180 50
80 180 50
80 180 50
80 180 50
80 180 50
80 180 50
80 180 50
80 180 50
80 180 50
80 180 50
80 180 50
80 180 50
80 180 50
80 180 50
80 180 50
80 180 50
80 180 50
80 180 50
80 180 50
80 180 50
80 180 50
80 180 50
80 180 50
80 180 50
80 180 50
80 180 50
80 180 50
80 180 50
80 180 50
80 180 50
80 180 50
80 180 50
80 180 50
80 180 50
80 180 50
80 180 50
80 180 50
80 180 50
80 180 50
80 180 50
80 180 50
80 180 50
80 180 50
79 180 50
79 180 50
79 180 50
79 180 50
79 180 50
79 180 50
79 180 50
79 180 50
79 180 50
79 180 50
79 180 50
79 180 50
79 180 50
79 180 50
79 180 50
79 180 50
79 180 50
79 180 50
79 180 50
79 180 50
79 180 50
79 180 50
79 180 50
79 180 50
79 180 50
79 180 50
79 180 50
79 180 50
79 180 50
79 180 50
79 180 50
79 180 50
79 180 50
79 180 50
79 180 50
79 180 50
79 180 50
79 180 50
79 180 50
79 180 50
79 180 50
79 180 50
79 180 50
79 180 50
79 180 50
79 180 50
79 180 50
79 180 50
79 180 50
79 180 50
79 180 50
79 180 50
79 180 50
79 180 50
79 180 50
79 180 50
79 180 50
79 180 50
78 180 50
78 180 50
78 180 50
78 180 50
78 180 50
78 180 50
78 180 50
78 180 50
78 180 50
78 180 50
78 180 50
78 180 50
78 180 50
78 180 50
78 180 50
78 180 50
78 180 50
78 180 50
78 180 50
78 180 50
78 180 50
78 180 50
78 180 50
78 180 50
78 180 50
78 180 50
78 180 50
78 180 50
78 180 50
78 180 50
78 180 50
78 180 50
78 180 50
78 180 50
78 180 50
78 180 50
78 180 50
78 180 50
78 180 50
78 180 50
78 180 50
78 180 50
78 180 50
78 180 50
78 180 50
78 180 50
78 180 50
78 180 50
78 180 50
78 180 50
78 180 50
78 180 50
78 180 50
78 180 50
78 180 50
78 180 50
77 180 50
77 180 50
77 180 50
77 180 50
77 180 50
77 180 50
77 180 50
77 180 50
77 180 50
77 180 50
77 180 50
77 180 50
77 180 50
77 180 50
77 180 50
77 180 50
77 180 50
77 180 50
77 180 50
77 180 50
77 180 50
77 180 50
77 180 50
77 180 50
77 180 50
77 180 50
77 180 50
77 180 50
77 180 50
77 180 50
77 180 50
77 180 50
77 180 50
77 180 50
77 180 50
77 180 50
77 180 50
77 180 50
77 180 50
77 180 50
77 180 50
77 180 50
77 180 50
77 180 50
77 180 50
77 180 50
77 180 50
77 180 50
77 180 50
77 180 50
77 180 50
77 180 50
77 180 50
76 180 50
76 180 50
76 180 50
76 180 50
76 180 50
76 180 50
76 180 50
76 180 50
76 180 50
76 180 50
76 180 50
76 180 50
76 180 50
76 180 50
76 180 50
76 180 50
76 180 50
76 180 50
76 180 50
76 180 50
76 180 50
76 180 50
76 180 50
76 180 50
76 180 50
76 180 50
76 180 50
76 180 50
76 180 50
76 180 50
76 180 50
76 180 50
76 180 50
76 180 50
76 180 50
76 180 50
76 180 50
76 180 50
76 180 50
76 180 50
76 180 50
76 180 50
76 180 50
76 180 50
76 180 50
76 180 50
76 180 50
76 180 50
76 180 50
76 179 2400
76 178 50
76 178 50
76 178 50
76 178 50
76 178 50
76 178 50
76 178 50
76 178 50
76 178 50
76 178 50
76 178 50
76 178 50
76 178 50
76 178 50
76 178 50
76 178 50
76 178 50
76 178 50
76 178 50
76 178 50
76 178 50
76 178 50
76 178 50
76 178 50
76 178 50
76 178 50
76 178 50
76 178 50
76 178 50
76 178 50
76 178 50
76 178 50
76 178 50
76 178 50
76 178 50
76 178 50
76 178 50
76 178 50
76 178 50
76 177 50
76 177 50
76 177 50
76 177 50
76 177 50
76 177 50
76 177 50
76 177 50
76 177 50
76 177 50
76 177 50
76 177 50
76 177 50
76 177 50
76 177 50
76 177 50
76 177 50
76 177 50
76 177 50
76 177 50
76 177 50
76 177 50
76 177 50
76 177 50
76 177 50
76 177 50
76 177 50
76 177 50
76 177 50
76 177 50
76 177 50
76 177 50
76 177 50
76 177 50
76 177 50
76 176 50
76 176 50
76 176 50
76 176 50
76 176 50
76 176 50
76 176 50
76 176 50
76 176 50
76 176 50
76 176 50
76 176 50
76 176 50
76 176 50
76 176 50
76 176 50
76 176 50
76 176 50
76 176 50
76 176 50
76 176 50
76 176 50
76 176 50
76 176 50
76 176 50
76 176 50
76 176 50
76 176 50
76 176 50
76 176 50
76 176 50
76 175 50
76 175 50
76 175 50
76 175 50
76 175 50
76 175 50
76 175 50
76 175 50
76 175 50
76 175 50
76 175 50
76 175 50
76 175 50
76 175 50
76 175 50
76 175 50
76 175 50
76 175 50
76 175 50
76 175 50
76 175 50
76 175 50
76 175 50
76 175 50
76 175 50
76 175 50
76 175 50
76 175 50
76 174 50
76 174 50
76 174 50
76 174 50
76 174 50
76 174 50
76 174 50
76 174 50
76 174 50
76 174 50
76 174 50
76 174 50
76 174 50
76 174 50
76 174 50
76 174 50
76 174 50
76 174 50
76 174 50
76 174 50
76 174 50
76 174 50
76 174 50
76 174 50
76 174 50
76 174 50
76 174 50
76 173 50
76 173 50
76 173 50
76 173 50
76 173 50
76 173 50
76 173 50
76 173 50
76 173 50
76 173 50
76 173 50
76 173 50
76 173 50
76 173 50
76 173 50
76 173 50
76 173 50
76 173 50
76 173 50
76 173 50
76 173 50
76 173 50
76 173 50
76 173 50
76 173 50
76 173 50
76 173 50
76 172 50
76 172 50
76 172 50
76 172 50
76 172 50
76 172 50
76 172 50
76 172 50
76 172 50
76 172 50
76 172 50
76 172 50
76 172 50
76 172 50
76 172 50
76 172 50
76 172 50
76 172 50
76 172 50
76 172 50
76 172 50
76 172 50
76 172 50
76 172 50
76 172 50
76 172 50
76 172 50
76 171 50
76 171 50
76 171 50
76 171 50
76 171 50
76 171 50
76 171 50
76 171 50
76 171 50
76 171 50
76 171 50
76 171 50
76 171 50
76 171 50
76 171 50
76 171 50
76 171 50
76 171 50
76 171 50
76 171 50
76 171 50
76 171 50
76 171 50
76 171 50
76 171 50
76 171 50
76 171 50
76 170 50
76 170 50
76 170 50
76 170 50
76 170 50
76 170 50
76 170 50
76 170 50
76 170 50
76 170 50
76 170 50
76 170 50
76 170 50
76 170 50
76 170 50
76 170 50
76 170 50
76 170 50
76 170 50
76 170 50
76 170 50
76 170 50
76 170 50
76 170 50
76 170 50
76 170 50
76 170 50
76 170 50
76 169 50
76 169 50
76 169 50
76 169 50
76 169 50
76 169 50
76 169 50
76 169 50
76 169 50
76 169 50
76 169 50
76 169 50
76 169 50
76 169 50
76 169 50
76 169 50
76 169 50
76 169 50
76 169 50
76 169 50
76 169 50
76 169 50
76 169 50
76 169 50
76 169 50
76 169 50
76 169 50
76 169 50
76 168 50
76 168 50
76 168 50
76 168 50
76 168 50
76 168 50
76 168 50
76 168 50
76 168 50
76 168 50
76 168 50
76 168 50
76 168 50
76 168 50
76 168 50
76 168 50
76 168 50
76 168 50
76 168 50
76 168 50
76 168 50
76 168 50
76 168 50
76 168 50
76 168 50
76 168 50
76 168 50
76 167 50
76 167 50
76 167 50
76 167 50
76 167 50
76 167 50
76 167 50
76 167 50
76 167 50
76 167 50
76 167 50
76 167 50
76 167 50
76 167 50
76 167 50
76 167 50
76 167 50
76 167 50
76 167 50
76 167 50
76 167 50
76 167 50
76 167 50
76 167 50
76 167 50
76 167 50
76 166 50
76 166 50
76 166 50
76 166 50
76 166 50
76 166 50
76 166 50
76 166 50
76 166 50
76 166 50
76 166 50
76 166 50
76 166 50
76 166 50
76 166 50
76 166 50
76 166 50
76 166 50
76 166 50
76 166 50
76 166 50
76 166 50
76 166 50
76 166 50
76 166 50
76 165 50
76 165 50
76 165 50
76 165 50
76 165 50
76 165 50
76 165 50
76 165 50
76 165 50
76 165 50
76 165 50
76 165 50
76 165 50
76 165 50
76 165 50
76 165 50
76 165 50
76 165 50
76 165 50
76 165 50
76 165 50
76 165 50
76 165 50
76 164 50
76 164 50
76 164 50
76 164 50
76 164 50
76 164 50
76 164 50
76 164 50
76 164 50
76 164 50
76 164 50
76 164 50
76 164 50
76 164 50
76 164 50
76 164 50
76 164 50
76 164 50
76 164 50
76 164 50
76 163 50
76 163 50
76 163 50
76 163 50
76 163 50
76 163 50
76 163 50
76 163 50
76 163 50
76 163 50
76 163 50
76 163 50
76 163 50
76 163 50
76 163 50
76 163 50
76 163 50
76 162 50
76 162 50
76 162 50
76 162 50
76 162 50
76 162 50
76 162 50
76 162 50
76 162 50
76 162 50
76 162 50
76 162 50
76 162 50
76 162 50
76 161 50
76 161 50
76 161 50
76 161 50
76 161 50
76 161 50
76 161 50
76 161 50
76 161 50
76 161 50
76 161 50
76 160 50
76 160 50
76 160 50
76 160 50
76 160 50
76 160 50
76 160 50
76 160 50
76 160 50
76 159 50
76 159 50
76 159 50
76 159 50
76 159 50
76 159 50
76 159 50
76 159 50
76 158 50
76 158 50
76 158 50
76 158 50
76 158 50
76 158 50
76 158 50
76 157 50
76 157 50
76 157 50
76 157 50
76 157 50
76 157 50
76 156 50
76 156 50
76 156 50
76 156 50
76 156 50
76 156 50
76 155 50
76 155 50
76 155 50
76 155 50
76 155 50
76 155 50
76 154 50
76 154 50
76 154 50
76 154 50
76 154 50
76 154 50
76 153 50
76 153 50
76 153 50
76 153 50
76 153 50
76 153 50
76 152 50
76 152 50
76 152 50
76 152 50
76 152 50
76 152 50
76 151 50
76 151 50
76 151 50
76 151 50
76 151 50
76 151 50
76 150 50
76 150 50
76 150 50
76 150 50
76 150 50
76 150 50
76 149 50
76 149 50
76 149 50
76 149 50
76 149 50
76 149 50
76 148 50
76 148 50
76 148 50
76 148 50
76 148 50
76 148 50
76 147 50
76 147 50
76 147 50
76 147 50
76 147 50
76 146 50
76 146 50
76 146 50
76 146 50
76 145 50
76 145 50
76 145 50
76 145 50
76 144 50
76 144 50
76 144 50
179 180 100
179 180 50
179 180 50
179 180 50
179 180 50
179 180 50
179 180 50
179 180 50
179 180 50
179 180 50
179 180 50
179 180 50
179 180 50
179 180 50
179 180 50
179 180 50
179 180 50
179 180 50
179 180 50
179 180 50
179 180 50
180 180 50
180 180 50
180 180 50
180 180 50
180 180 50
180 180 50
180 180 50
180 180 50
180 180 50
180 180 50
180 180 50
180 180 50
180 180 50
180 180 50
180 180 50
180 180 50
180 180 50
180 180 50
180 180 50
180 180 50
180 180 50
180 180 50
180 180 50
180 179 1100
180 179 50
180 179 50
180 179 50
180 179 50
180 178 50
180 178 50
180 178 50
180 178 50
180 178 50
180 178 50
180 178 50
180 178 50
180 178 50
180 178 50
180 178 50
180 178 50
180 178 50
180 178 50
180 178 50
180 178 50
180 178 50
180 178 50
180 178 50
180 178 50
180 178 50
180 178 50
180 178 50
180 178 50
180 178 50
180 178 50
180 178 50
180 178 50
180 177 50
180 177 50
180 177 50
180 177 50
180 177 50
180 177 50
180 177 50
180 177 50
180 177 50
180 177 50
180 177 50
180 177 50
180 177 50
180 177 50
180 177 50
180 177 50
180 177 50
180 177 50
180 177 50
180 177 50
180 177 50
180 177 50
180 177 50
180 177 50
180 177 50
180 177 50
180 177 50
180 177 50
180 177 50
180 176 50
180 176 50
180 176 50
180 176 50
180 176 50
180 176 50
180 176 50
180 176 50
180 176 50
180 176 50
180 176 50
180 176 50
180 176 50
180 176 50
180 176 50
180 176 50
180 176 50
180 176 50
180 176 50
180 176 50
180 176 50
180 176 50
180 176 50
180 176 50
180 176 50
180 176 50
180 176 50
180 176 50
180 176 50
180 176 50
180 175 50
180 175 50
180 175 50
180 175 50
180 175 50
180 175 50
180 175 50
180 175 50
180 175 50
180 175 50
180 175 50
180 175 50
180 175 50
180 175 50
180 175 50
180 175 50
180 175 50
180 175 50
180 175 50
180 175 50
180 175 50
180 175 50
180 175 50
180 175 50
180 175 50
180 175 50
180 175 50
180 175 50
180 175 50
180 175 50
180 174 50
180 174 50
180 174 50
180 174 50
180 174 50
180 174 50
180 174 50
180 174 50
180 174 50
180 174 50
180 174 50
180 174 50
180 174 50
180 174 50
180 174 50
180 174 50
180 174 50
180 174 50
180 174 50
180 174 50
180 174 50
180 174 50
180 174 50
180 174 50
180 174 50
180 174 50
180 174 50
180 174 50
180 174 50
180 174 50
180 173 50
180 173 50
180 173 50
180 173 50
180 173 50
180 173 50
180 173 50
180 173 50
180 173 50
180 173 50
180 173 50
180 173 50
180 173 50
180 173 50
180 173 50
180 173 50
180 173 50
180 173 50
180 173 50
180 173 50
180 173 50
180 173 50
180 173 50
180 173 50
180 173 50
180 173 50
180 173 50
180 173 50
180 173 50
180 173 50
180 172 50
180 172 50
180 172 50
180 172 50
180 172 50
180 172 50
180 172 50
180 172 50
180 172 50
180 172 50
180 172 50
180 172 50
180 172 50
180 172 50
180 172 50
180 172 50
180 172 50
180 172 50
180 172 50
180 172 50
180 172 50
180 172 50
180 172 50
180 172 50
180 172 50
180 172 50
180 172 50
180 172 50
180 172 50
180 172 50
180 171 50
180 171 50
180 171 50
180 171 50
180 171 50
180 171 50
180 171 50
180 171 50
180 171 50
180 171 50
180 171 50
180 171 50
180 171 50
180 171 50
180 171 50
180 171 50
180 171 50
180 171 50
180 171 50
180 171 50
180 171 50
180 171 50
180 171 50
180 171 50
180 171 50
180 171 50
180 171 50
180 171 50
180 171 50
180 171 50
180 171 50
180 170 50
180 170 50
180 170 50
180 170 50
180 170 50
180 170 50
180 170 50
180 170 50
180 170 50
180 170 50
180 170 50
180 170 50
180 170 50
180 170 50
180 170 50
180 170 50
180 170 50
180 170 50
180 170 50
180 170 50
180 170 50
180 170 50
180 170 50
180 170 50
180 170 50
180 170 50
180 170 50
180 170 50
180 170 50
180 170 50
180 170 50
180 170 50
180 170 50
180 169 50
180 169 50
180 169 50
180 169 50
180 169 50
180 169 50
180 169 50
180 169 50
180 169 50
180 169 50
180 169 50
180 169 50
180 169 50
180 169 50
180 169 50
180 169 50
180 169 50
180 169 50
180 169 50
180 169 50
180 169 50
180 169 50
180 169 50
180 169 50
180 169 50
180 169 50
180 169 50
180 169 50
180 169 50
180 169 50
180 169 50
180 169 50
180 169 50
180 169 50
180 169 50
180 169 50
180 168 50
180 168 50
180 168 50
180 168 50
180 168 50
180 168 50
180 168 50
180 168 50
180 168 50
180 168 50
180 168 50
180 168 50
180 168 50
180 168 50
180 168 50
180 168 50
180 168 50
180 168 50
180 168 50
180 168 50
180 168 50
180 168 50
180 168 50
180 168 50
180 168 50
180 168 50
180 168 50
180 168 50
180 168 50
180 168 50
180 168 50
180 168 50
180 168 50
180 168 50
180 168 50
180 168 50
180 168 50
180 168 50
180 168 50
180 167 50
180 167 50
180 167 50
180 167 50
180 167 50
180 167 50
180 167 50
180 167 50
180 167 50
180 167 50
180 167 50
180 167 50
180 167 50
180 167 50
180 167 50
180 167 50
180 167 50
180 167 50
180 167 50
180 167 50
180 167 50
180 167 50
180 167 50
180 167 50
180 167 50
180 167 50
180 167 50
180 167 50
180 167 50
180 167 50
180 167 50
180 167 50
180 167 50
180 167 50
180 167 50
180 167 50
180 167 50
180 167 50
180 167 50
180 167 50
180 167 50
180 167 50
180 166 50
180 166 50
180 166 50
180 166 50
180 166 50
180 166 50
180 166 50
180 166 50
180 166 50
180 166 50
180 166 50
180 166 50
180 166 50
180 166 50
180 166 50
180 166 50
180 166 50
180 166 50
180 166 50
180 166 50
180 166 50
180 166 50
180 166 50
180 166 50
180 166 50
180 166 50
180 166 50
180 166 50
180 166 50
180 166 50
180 166 50
180 166 50
180 166 50
180 166 50
180 166 50
180 166 50
180 166 50
180 166 50
180 166 50
180 166 50
180 166 50
180 166 50
180 166 50
180 166 50
180 166 50
180 165 50
180 165 50
180 165 50
180 165 50
180 165 50
180 165 50
180 165 50
180 165 50
180 165 50
180 165 50
180 165 50
180 165 50
180 165 50
180 165 50
180 165 50
180 165 50
180 165 50
180 165 50
180 165 50
180 165 50
180 165 50
180 165 50
180 165 50
180 165 50
180 165 50
180 165 50
180 165 50
180 165 50
180 165 50
180 165 50
180 165 50
180 165 50
180 165 50
180 165 50
180 165 50
180 165 50
180 165 50
180 165 50
180 165 50
180 165 50
180 165 50
180 165 50
180 165 50
180 165 50
180 165 50
180 165 50
180 165 50
180 165 50
180 164 50
180 164 50
180 164 50
180 164 50
180 164 50
180 164 50
180 164 50
180 164 50
180 164 50
180 164 50
180 164 50
180 164 50
180 164 50
180 164 50
180 164 50
180 164 50
180 164 50
180 164 50
180 164 50
180 164 50
180 164 50
180 164 50
180 164 50
180 164 50
180 164 50
180 164 50
180 164 50
180 164 50
180 164 50
180 164 50
180 164 50
180 164 50
180 164 50
180 164 50
180 164 50
180 164 50
180 164 50
180 164 50
180 164 50
180 164 50
180 164 50
180 164 50
180 164 50
180 164 50
180 164 50
180 164 50
180 164 50
180 164 50
180 164 50
180 164 50
180 164 50
180 163 50
180 163 50
180 163 50
180 163 50
180 163 50
180 163 50
180 163 50
180 163 50
180 163 50
180 163 50
180 163 50
180 163 50
180 163 50
180 163 50
180 163 50
180 163 50
180 163 50
180 163 50
180 163 50
180 163 50
180 163 50
180 163 50
180 163 50
180 163 50
180 163 50
180 163 50
180 163 50
180 163 50
180 163 50
180 163 50
180 163 50
180 163 50
180 163 50
180 163 50
180 163 50
180 163 50
180 163 50
180 163 50
180 163 50
180 163 50
180 163 50
180 163 50
180 163 50
180 163 50
180 163 50
180 163 50
180 163 50
180 163 50
180 163 50
180 163 50
180 163 50
180 163 50
180 162 50
180 162 50
180 162 50
180 162 50
180 162 50
180 162 50
180 162 50
180 162 50
180 162 50
180 162 50
180 162 50
180 162 50
180 162 50
180 162 50
180 162 50
180 162 50
180 162 50
180 162 50
180 162 50
180 162 50
180 162 50
180 162 50
180 162 50
180 162 50
180 162 50
180 162 50
180 162 50
180 162 50
180 162 50
180 162 50
180 162 50
180 162 50
180 162 50
180 162 50
180 162 50
180 162 50
180 162 50
180 162 50
180 162 50
180 162 50
180 162 50
180 162 50
180 162 50
180 162 50
180 162 50
180 162 50
180 162 50
180 162 50
180 162 50
180 162 50
180 162 50
180 162 50
180 161 50
180 161 50
180 161 50
180 161 50
180 161 50
180 161 50
180 161 50
180 161 50
180 161 50
180 161 50
180 161 50
180 161 50
180 161 50
180 161 50
180 161 50
180 161 50
180 161 50
180 161 50
180 161 50
180 161 50
180 161 50
180 161 50
180 161 50
180 161 50
180 161 50
180 161 50
180 161 50
180 161 50
180 161 50
180 161 50
180 161 50
180 161 50
180 161 50
180 161 50
180 161 50
180 161 50
180 161 50
180 161 50
180 161 50
180 161 50
180 161 50
180 161 50
180 161 50
180 161 50
180 161 50
180 161 50
180 161 50
180 161 50
180 161 50
180 161 50
180 160 50
180 160 50
180 160 50
180 160 50
180 160 50
180 160 50
180 160 50
180 160 50
180 160 50
180 160 50
180 160 50
180 160 50
180 160 50
180 160 50
180 160 50
180 160 50
180 160 50
180 160 50
180 160 50
180 160 50
180 160 50
180 160 50
180 160 50
180 160 50
180 160 50
180 160 50
180 160 50
180 160 50
180 160 50
180 160 50
180 160 50
180 160 50
180 160 50
180 160 50
180 160 50
180 160 50
180 160 50
180 160 50
180 160 50
180 160 50
180 160 50
180 160 50
180 160 50
180 160 50
180 160 50
180 160 50
180 159 50
180 159 50
180 159 50
180 159 50
180 159 50
180 159 50
180 159 50
180 159 50
180 159 50
180 159 50
180 159 50
180 159 50
180 159 50
180 159 50
180 159 50
180 159 50
180 159 50
180 159 50
180 159 50
180 159 50
180 159 50
180 159 50
180 159 50
180 159 50
180 159 50
180 159 50
180 159 50
180 159 50
180 159 50
180 159 50
180 159 50
180 159 50
180 159 50
180 159 50
180 159 50
180 159 50
180 159 50
180 159 50
180 159 50
180 159 50
180 159 50
180 159 50
180 158 50
180 158 50
180 158 50
180 158 50
180 158 50
180 158 50
180 158 50
180 158 50
180 158 50
180 158 50
180 158 50
180 158 50
180 158 50
180 158 50
180 158 50
180 158 50
180 158 50
180 158 50
180 158 50
180 158 50
180 158 50
180 158 50
180 158 50
180 158 50
180 158 50
180 158 50
180 158 50
180 158 50
180 158 50
180 158 50
180 158 50
180 158 50
180 158 50
180 158 50
180 158 50
180 158 50
180 158 50
180 157 50
180 157 50
180 157 50
180 157 50
180 157 50
180 157 50
180 157 50
180 157 50
180 157 50
180 157 50
180 157 50
180 157 50
180 157 50
180 157 50
180 157 50
180 157 50
180 157 50
180 157 50
180 157 50
180 157 50
180 157 50
180 157 50
180 157 50
180 157 50
180 157 50
180 157 50
180 157 50
180 157 50
180 157 50
180 157 50
180 157 50
180 157 50
180 157 50
180 156 50
180 156 50
180 156 50
180 156 50
180 156 50
180 156 50
180 156 50
180 156 50
180 156 50
180 156 50
180 156 50
180 156 50
180 156 50
180 156 50
180 156 50
180 156 50
180 156 50
180 156 50
180 156 50
180 156 50
180 156 50
180 156 50
180 156 50
180 156 50
180 156 50
180 156 50
180 156 50
180 156 50
180 156 50
180 155 50
180 155 50
180 155 50
180 155 50
180 155 50
180 155 50
180 155 50
180 155 50
180 155 50
180 155 50
180 155 50
180 155 50
180 155 50
180 155 50
180 155 50
180 155 50
180 155 50
180 155 50
180 155 50
180 155 50
180 155 50
180 155 50
180 155 50
180 155 50
180 155 50
180 154 50
180 154 50
180 154 50
180 154 50
180 154 50
180 154 50
180 154 50
180 154 50
180 154 50
180 154 50
180 154 50
180 154 50
180 154 50
180 154 50
180 154 50
180 154 50
180 154 50
180 154 50
180 154 50
180 154 50
180 154 50
180 154 50
180 153 50
180 153 50
180 153 50
180 153 50
180 153 50
180 153 50
180 153 50
180 153 50
180 153 50
180 153 50
180 153 50
180 153 50
180 153 50
180 153 50
180 153 50
180 153 50
180 153 50
180 153 50
180 153 50
180 153 50
180 152 50
180 152 50
180 152 50
180 152 50
180 152 50
180 152 50
180 152 50
180 152 50
180 152 50
180 152 50
180 152 50
180 152 50
180 152 50
180 152 50
180 152 50
180 152 50
180 152 50
180 152 50
180 152 50
180 151 50
180 151 50
180 151 50
180 151 50
180 151 50
180 151 50
180 151 50
180 151 50
180 151 50
180 151 50
180 151 50
180 151 50
180 151 50
180 151 50
180 151 50
180 151 50
180 151 50
180 151 50
180 151 50
180 150 50
180 150 50
180 150 50
180 150 50
180 150 50
180 150 50
180 150 50
180 150 50
180 150 50
180 150 50
180 150 50
180 150 50
180 150 50
180 150 50
180 150 50
180 150 50
180 150 50
180 150 50
180 150 50
180 149 50
180 149 50
180 149 50
180 149 50
180 149 50
180 149 50
180 149 50
180 149 50
180 149 50
180 149 50
180 149 50
180 149 50
180 149 50
180 149 50
180 149 50
180 149 50
180 149 50
180 149 50
180 149 50
180 148 50
180 148 50
180 148 50
180 148 50
180 148 50
180 148 50
180 148 50
180 148 50
180 148 50
180 148 50
180 148 50
180 148 50
180 148 50
180 148 50
180 148 50
180 148 50
180 148 50
180 148 50
180 148 50
180 148 50
180 147 50
180 147 50
180 147 50
180 147 50
180 147 50
180 147 50
180 147 50
180 147 50
180 147 50
180 147 50
180 147 50
180 147 50
180 147 50
180 147 50
180 147 50
180 147 50
180 147 50
180 147 50
180 147 50
180 147 50
180 147 50
180 146 50
180 146 50
180 146 50
180 146 50
180 146 50
180 146 50
180 146 50
180 146 50
180 146 50
180 146 50
180 146 50
180 146 50
180 146 50
180 146 50
180 146 50
180 146 50
180 146 50
180 146 50
180 146 50
180 146 50
180 145 50
180 145 50
180 145 50
180 145 50
180 145 50
180 145 50
180 145 50
180 145 50
180 145 50
180 145 50
180 145 50
180 145 50
180 145 50
180 145 50
180 145 50
180 145 50
180 145 50
180 145 50
180 145 50
180 145 50
180 144 50
180 144 50
180 144 50
180 144 50
180 144 50
180 144 50
180 144 50
180 144 50
180 144 50
180 144 50
180 144 50
180 144 50
180 144 50
180 144 50
180 144 50
180 144 50
180 144 50
180 144 50
180 143 50
180 143 50
180 143 50
180 143 50
180 143 50
180 143 50
180 143 50
180 143 50
180 143 50
180 143 50
180 143 50
180 143 50
180 143 50
180 143 50
180 143 50
180 143 50
180 142 50
180 142 50
180 142 50
180 142 50
180 142 50
180 142 50
180 142 50
180 142 50
180 142 50
180 142 50
180 142 50
180 142 50
180 142 50
180 142 50
180 141 50
180 141 50
180 141 50
180 141 50
180 141 50
180 141 50
180 141 50
180 141 50
180 141 50
180 141 50
180 141 50
180 141 50
180 140 50
180 140 50
180 140 50
180 140 50
180 140 50
180 140 50
180 140 50
180 140 50
180 140 50
180 140 50
180 139 50
180 139 50
180 139 50
180 139 50
180 139 50
180 139 50
180 139 50
180 139 50
180 138 50
180 138 50
180 138 50
180 138 50
180 138 50
180 138 50
180 137 50
180 137 50
180 137 50
180 137 50
180 137 50
180 136 50
180 136 50
180 136 50
180 136 50
180 136 50
180 135 50
180 135 50
180 135 50
180 135 50
180 134 50
180 134 50
180 134 50
180 134 50
180 133 50
180 133 50
180 133 50
180 133 50
180 132 50
180 132 50
180 132 50
180 132 50
180 132 50
180 131 50
180 131 50
180 131 50
180 131 50
180 131 50
180 131 50
180 130 50
180 130 50
180 130 50
180 130 50
180 130 50
180 130 50
180 129 50
180 129 50
180 129 50
180 129 50
180 129 50
180 129 50
180 129 50
166 59 300
165 59 50
164 59 50
163 59 50
162 59 50
161 59 50
160 59 50
159 59 50
158 59 50
157 59 50
156 59 50
155 59 50
154 59 50
153 59 50
152 59 50
151 59 50
150 59 50
149 59 50
148 59 50
147 59 50
146 59 50
145 59 50
144 59 50
143 59 50
142 59 50
141 59 50
140 59 50
139 59 50
138 59 50
137 59 50
136 59 50
136 58 50
136 58 50
136 57 50
136 56 50
136 55 50
136 54 50
136 53 50
136 52 50
136 51 50
167 59 50
168 59 50
169 59 50
170 59 50
171 59 50
172 59 50
173 59 50
174 59 50
175 59 50
176 59 50
177 59 50
178 59 50
178 59 50
179 59 50
179 59 50
180 59 50
180 59 50
181 59 50
181 59 50
182 59 50
182 59 50
182 59 50
183 59 50
183 59 50
183 59 50
184 59 50
184 59 50
185 59 50
185 59 50
186 59 50
186 59 50
187 59 50
187 59 50
188 59 50
188 59 50
188 58 50
188 58 50
188 57 50
188 57 50
188 56 50
188 56 50
188 56 50
188 55 50
188 55 50
188 55 50
188 54 50
188 54 50
188 54 50
188 53 50
188 53 50
188 53 50
188 52 50
188 52 50
188 52 50
188 51 50
188 51 50
188 51 50
188 50 50
188 50 50
188 50 50
188 49 50
188 49 50
188 49 50
188 48 50
188 48 50
188 48 50
188 47 50
188 47 50
188 47 50
188 46 50
188 46 50
188 46 50
188 45 50
188 45 50
188 45 50
188 45 50
188 44 50
188 44 50
188 44 50
188 44 50
188 44 50
188 43 50
188 43 50
188 43 50
188 43 50
188 43 50
188 43 50
188 42 50
188 42 50
188 42 50
188 42 50
188 42 50
188 42 50
188 42 50
188 42 50
188 41 50
188 41 50
188 41 50
188 41 50
188 41 50
188 41 50
188 41 50
188 41 50
188 41 50
188 41 50
188 41 50
188 40 50
188 40 50
188 40 50
188 40 50
188 40 50
188 40 50
188 40 50
188 40 50
188 40 50
188 40 50
188 40 50
188 40 50
188 40 50
188 40 50
188 39 50
188 39 50
188 39 50
188 39 50
188 39 50
188 39 50
188 39 50
188 39 50
188 39 50
188 39 50
188 39 50
188 39 50
188 39 50
188 39 50
188 39 50
188 39 50
188 39 50
188 39 50
188 38 50
188 38 50
188 38 50
188 38 50
188 38 50
188 38 50
188 38 50
188 38 50
188 38 50
188 38 50
188 38 50
188 38 50
188 38 50
188 38 50
188 38 50
188 38 50
188 38 50
188 38 50
188 38 50
188 38 50
188 38 50
188 38 50
188 37 50
188 37 50
188 37 50
188 37 50
188 37 50
188 37 50
188 37 50
188 37 50
188 37 50
188 37 50
188 37 50
188 37 50
188 37 50
188 37 50
188 37 50
188 37 50
188 37 50
188 37 50
188 37 50
188 37 50
188 37 50
188 37 50
188 37 50
188 37 50
188 37 50
188 37 50
188 37 50
188 36 50
188 36 50
188 36 50
188 36 50
188 36 50
188 36 50
188 36 50
188 36 50
188 36 50
188 36 50
188 36 50
188 36 50
188 36 50
188 36 50
188 36 50
188 36 50
188 36 50
188 36 50
188 36 50
188 36 50
188 36 50
188 36 50
188 36 50
188 36 50
188 36 50
188 36 50
188 36 50
188 36 50
188 36 50
188 36 50
188 36 50
188 36 50
188 35 50
188 35 50
188 35 50
188 35 50
188 35 50
188 35 50
188 35 50
188 35 50
188 35 50
188 35 50
188 35 50
188 35 50
188 35 50
188 35 50
188 35 50
188 35 50
188 35 50
188 35 50
188 35 50
188 35 50
188 35 50
188 35 50
188 35 50
188 35 50
188 35 50
188 35 50
188 35 50
188 35 50
188 35 50
188 35 50
188 35 50
188 35 50
188 35 50
188 35 50
188 35 50
188 35 50
188 35 50
188 35 50
188 35 50
188 34 50
188 34 50
188 34 50
188 34 50
188 34 50
188 34 50
188 34 50
188 34 50
188 34 50
188 34 50
188 34 50
188 34 50
188 34 50
188 34 50
188 34 50
188 34 50
188 34 50
188 34 50
188 34 50
188 34 50
188 34 50
188 34 50
188 34 50
188 34 50
188 34 50
188 34 50
188 34 50
188 34 50
188 34 50
188 34 50
188 34 50
188 34 50
188 34 50
188 34 50
188 34 50
188 34 50
188 34 50
188 34 50
188 34 50
188 34 50
188 34 50
188 34 50
188 34 50
188 34 50
188 34 50
188 34 50
188 33 50
188 33 50
188 33 50
188 33 50
188 33 50
188 33 50
188 33 50
188 33 50
188 33 50
188 33 50
188 33 50
188 33 50
188 33 50
188 33 50
188 33 50
188 33 50
188 33 50
188 33 50
188 33 50
188 33 50
188 33 50
188 33 50
188 33 50
188 33 50
188 33 50
188 33 50
188 33 50
188 33 50
188 33 50
188 33 50
188 33 50
188 33 50
188 33 50
188 33 50
188 33 50
188 33 50
188 33 50
188 33 50
188 33 50
188 33 50
188 33 50
188 33 50
188 33 50
188 33 50
188 33 50
188 33 50
188 33 50
188 33 50
188 33 50
188 33 50
188 33 50
188 33 50
188 33 50
188 32 50
188 32 50
188 32 50
188 32 50
188 32 50
188 32 50
188 32 50
188 32 50
188 32 50
188 32 50
188 32 50
188 32 50
188 32 50
188 32 50
188 32 50
188 32 50
188 32 50
188 32 50
188 32 50
188 32 50
188 32 50
188 32 50
188 32 50
188 32 50
188 32 50
188 32 50
188 32 50
188 32 50
188 32 50
188 32 50
188 32 50
188 32 50
188 32 50
188 32 50
188 32 50
188 32 50
188 32 50
188 32 50
188 32 50
188 32 50
188 32 50
188 32 50
188 32 50
188 32 50
188 32 50
188 32 50
188 32 50
188 32 50
188 32 50
188 32 50
188 32 50
188 32 50
188 32 50
188 32 50
188 32 50
188 32 50
188 32 50
188 32 50
188 32 50
188 32 50
188 31 50
188 31 50
188 31 50
188 31 50
188 31 50
188 31 50
188 31 50
188 31 50
188 31 50
188 31 50
188 31 50
188 31 50
188 31 50
188 31 50
188 31 50
188 31 50
188 31 50
188 31 50
188 31 50
188 31 50
188 31 50
188 31 50
188 31 50
188 31 50
188 31 50
188 31 50
188 31 50
188 31 50
188 31 50
188 31 50
188 31 50
188 31 50
188 31 50
188 31 50
188 31 50
188 31 50
188 31 50
188 31 50
188 31 50
188 31 50
188 31 50
188 31 50
188 31 50
188 31 50
188 31 50
188 31 50
188 31 50
188 31 50
188 31 50
188 31 50
188 31 50
188 31 50
188 31 50
188 31 50
188 31 50
188 31 50
188 31 50
188 31 50
188 31 50
188 31 50
188 31 50
188 31 50
188 31 50
188 31 50
188 30 50
188 30 50
188 30 50
188 30 50
188 30 50
188 30 50
188 30 50
188 30 50
188 30 50
188 30 50
188 30 50
188 30 50
188 30 50
188 30 50
188 30 50
188 30 50
188 30 50
188 30 50
188 30 50
188 30 50
188 30 50
188 30 50
188 30 50
188 30 50
188 30 50
188 30 50
188 30 50
188 30 50
188 30 50
188 30 50
188 30 50
188 30 50
188 30 50
188 30 50
188 30 50
188 30 50
188 30 50
188 30 50
188 30 50
188 30 50
188 30 50
188 30 50
188 30 50
188 30 50
188 30 50
188 30 50
188 30 50
188 30 50
188 30 50
188 30 50
188 30 50
188 30 50
188 30 50
188 30 50
188 30 50
188 30 50
188 30 50
188 30 50
188 30 50
188 30 50
188 30 50
188 30 50
188 30 50
188 30 50
188 30 50
188 30 50
188 30 50
188 29 50
188 29 50
188 29 50
188 29 50
188 29 50
188 29 50
188 29 50
188 29 50
188 29 50
188 29 50
188 29 50
188 29 50
188 29 50
188 29 50
188 29 50
188 29 50
188 29 50
188 29 50
188 29 50
188 29 50
188 29 50
188 29 50
188 29 50
188 29 50
188 29 50
188 29 50
188 29 50
188 29 50
188 29 50
188 29 50
188 29 50
188 29 50
188 29 50
188 29 50
188 29 50
188 29 50
188 29 50
188 29 50
188 29 50
188 29 50
188 29 50
188 29 50
188 29 50
188 29 50
188 29 50
188 29 50
188 29 50
188 29 50
188 29 50
188 29 50
188 29 50
188 29 50
188 29 50
188 29 50
188 29 50
188 29 50
188 29 50
188 29 50
188 29 50
188 29 50
188 29 50
188 29 50
188 29 50
188 29 50
188 29 50
188 29 50
188 29 50
188 29 50
188 29 50
188 29 50
188 29 50
188 28 50
188 28 50
188 28 50
188 28 50
188 28 50
188 28 50
188 28 50
188 28 50
188 28 50
188 28 50
188 28 50
188 28 50
188 28 50
188 28 50
188 28 50
188 28 50
188 28 50
188 28 50
188 28 50
188 28 50
188 28 50
188 28 50
188 28 50
188 28 50
188 28 50
188 28 50
188 28 50
188 28 50
188 28 50
188 28 50
188 28 50
188 28 50
188 28 50
188 28 50
188 28 50
188 28 50
188 28 50
188 28 50
188 28 50
188 28 50
188 28 50
188 28 50
188 28 50
188 28 50
188 28 50
188 28 50
188 28 50
188 28 50
188 28 50
188 28 50
188 28 50
188 28 50
188 28 50
188 28 50
188 28 50
188 28 50
188 28 50
188 28 50
188 28 50
188 28 50
188 28 50
188 28 50
188 28 50
188 28 50
188 28 50
188 28 50
188 28 50
188 28 50
188 28 50
188 28 50
188 28 50
188 28 50
