128 125 50
129 125 50
130 125 50
131 125 50
131 125 50
132 125 50
132 125 50
133 125 50
133 125 50
133 125 50
134 125 50
134 125 50
134 125 50
134 125 50
135 125 50
135 125 50
135 125 50
135 125 50
135 125 50
136 125 50
136 125 50
136 125 50
136 125 50
136 125 50
136 125 50
136 125 50
137 125 50
137 125 50
137 125 50
137 125 50
137 125 50
137 125 50
137 125 50
137 125 50
138 125 50
138 125 50
138 125 50
138 125 50
138 125 50
138 125 50
138 125 50
138 125 50
138 125 50
138 125 50
139 125 50
139 125 50
139 125 50
139 125 50
139 125 50
139 125 50
139 125 50
139 125 50
139 125 50
139 125 50
139 125 50
139 125 50
140 125 50
140 125 50
140 125 50
140 125 50
140 125 50
140 125 50
140 125 50
140 125 50
140 125 50
140 125 50
140 125 50
140 125 50
140 125 50
140 125 50
140 125 50
140 125 50
141 125 50
141 125 50
141 125 50
141 125 50
141 125 50
141 125 50
141 125 50
141 125 50
141 125 50
141 125 50
141 125 50
141 125 50
141 125 50
141 125 50
141 125 50
141 125 50
141 125 50
141 125 50
141 125 50
141 125 50
141 125 50
142 125 50
142 125 50
142 125 50
142 125 50
142 125 50
142 125 50
142 125 50
142 125 50
142 125 50
142 125 50
142 125 50
142 125 50
142 125 50
142 125 50
142 125 50
142 125 50
142 125 50
142 125 50
142 125 50
142 125 50
142 125 50
142 125 50
142 125 50
142 125 50
142 125 50
142 125 50
142 125 50
143 125 50
143 125 50
143 125 50
143 125 50
143 125 50
143 125 50
143 125 50
143 125 50
143 125 50
143 125 50
143 125 50
143 125 50
143 125 50
143 125 50
143 125 50
143 125 50
143 125 50
143 125 50
143 125 50
143 125 50
143 125 50
143 125 50
143 125 50
143 125 50
143 125 50
143 125 50
143 125 50
143 125 50
143 125 50
143 125 50
143 125 50
143 125 50
143 125 50
143 125 50
144 125 50
144 125 50
144 125 50
144 125 50
144 125 50
144 125 50
144 125 50
144 125 50
144 125 50
144 125 50
144 125 50
144 125 50
144 125 50
144 125 50
144 125 50
144 125 50
144 125 50
144 125 50
144 125 50
144 125 50
144 125 50
144 125 50
144 125 50
144 125 50
144 125 50
144 125 50
144 125 50
144 125 50
144 125 50
144 125 50
144 125 50
144 125 50
144 125 50
144 125 50
144 125 50
144 125 50
144 125 50
144 125 50
144 125 50
144 125 50
144 125 50
144 125 50
144 125 50
145 125 50
145 125 50
145 125 50
145 125 50
145 125 50
145 125 50
145 125 50
145 125 50
145 125 50
145 125 50
145 125 50
145 125 50
145 125 50
145 125 50
145 125 50
145 125 50
145 125 50
145 125 50
145 125 50
145 125 50
145 125 50
145 125 50
145 125 50
145 125 50
145 125 50
145 125 50
145 125 50
145 125 50
145 125 50
145 125 50
145 125 50
145 125 50
145 125 50
145 125 50
145 125 50
145 125 50
145 125 50
145 125 50
145 125 50
145 125 50
145 125 50
145 125 50
145 125 50
145 125 50
145 125 50
145 125 50
145 125 50
145 125 50
145 125 50
145 125 50
145 125 50
146 125 50
146 125 50
146 125 50
146 125 50
146 125 50
146 125 50
146 125 50
146 125 50
146 125 50
146 125 50
146 125 50
146 125 50
146 125 50
146 125 50
146 125 50
146 125 50
146 125 50
146 125 50
146 125 50
146 125 50
146 125 50
146 125 50
146 125 50
146 125 50
146 125 50
146 125 50
146 125 50
146 125 50
146 125 50
146 125 50
146 125 50
146 125 50
146 125 50
146 125 50
146 125 50
146 125 50
146 125 50
146 125 50
146 125 50
146 125 50
146 125 50
146 125 50
146 125 50
146 125 50
146 125 50
146 125 50
146 125 50
146 125 50
146 125 50
146 125 50
146 125 50
146 125 50
146 125 50
146 125 50
146 125 50
146 125 50
146 125 50
146 125 50
147 125 50
147 125 50
147 125 50
147 125 50
147 125 50
147 125 50
147 125 50
147 125 50
147 125 50
147 125 50
147 125 50
147 125 50
147 125 50
147 125 50
147 125 50
147 125 50
147 125 50
147 125 50
147 125 50
147 125 50
147 125 50
147 125 50
147 125 50
147 125 50
147 125 50
147 125 50
147 125 50
147 125 50
147 125 50
147 125 50
147 125 50
147 125 50
147 125 50
147 125 50
147 125 50
147 125 50
147 125 50
147 125 50
147 125 50
147 125 50
147 125 50
147 125 50
147 125 50
147 125 50
147 125 50
147 125 50
147 125 50
147 125 50
147 125 50
147 125 50
147 125 50
147 125 50
147 125 50
147 125 50
147 125 50
147 125 50
147 125 50
147 125 50
147 125 50
147 125 50
147 125 50
147 125 50
147 125 50
147 125 50
148 125 50
148 125 50
148 125 50
148 125 50
148 125 50
148 125 50
148 125 50
148 125 50
148 125 50
148 125 50
148 125 50
148 125 50
148 125 50
148 125 50
148 125 50
148 125 50
148 125 50
148 125 50
148 125 50
148 125 50
148 125 50
148 125 50
148 125 50
148 125 50
148 125 50
148 125 50
148 125 50
148 125 50
148 125 50
148 125 50
148 125 50
148 125 50
148 125 50
148 125 50
148 125 50
148 125 50
148 125 50
148 125 50
148 125 50
148 125 50
148 125 50
148 125 50
148 125 50
148 125 50
148 125 50
148 125 50
148 125 50
148 125 50
148 125 50
148 125 50
148 125 50
148 125 50
148 125 50
148 125 50
148 125 50
148 125 50
148 125 50
148 125 50
148 125 50
148 125 50
148 125 50
148 125 50
148 125 50
148 125 50
148 125 50
148 125 50
148 125 50
148 125 50
148 125 50
149 125 50
149 125 50
149 125 50
149 125 50
149 125 50
149 125 50
149 125 50
149 125 50
149 125 50
149 125 50
149 125 50
149 125 50
149 125 50
149 125 50
149 125 50
149 125 50
149 125 50
149 125 50
149 125 50
149 125 50
149 125 50
149 125 50
149 125 50
149 125 50
149 125 50
149 125 50
149 125 50
149 125 50
149 125 50
149 125 50
149 125 50
149 125 50
149 125 50
149 125 50
149 125 50
149 125 50
149 125 50
149 125 50
149 125 50
149 125 50
149 125 50
149 125 50
149 125 50
149 125 50
149 125 50
149 125 50
149 125 50
149 125 50
149 125 50
149 125 50
149 125 50
149 125 50
149 125 50
149 125 50
149 125 50
149 125 50
149 125 50
149 125 50
149 125 50
149 125 50
149 125 50
149 125 50
149 125 50
149 125 50
149 125 50
149 125 50
149 125 50
149 125 50
149 125 50
149 125 50
149 125 50
149 125 50
149 125 50
150 125 50
150 125 50
150 125 50
150 125 50
150 125 50
150 125 50
150 125 50
150 125 50
150 125 50
150 125 50
150 125 50
150 125 50
150 125 50
150 125 50
150 125 50
150 125 50
150 125 50
150 125 50
150 125 50
150 125 50
150 125 50
150 125 50
150 125 50
150 125 50
150 125 50
150 125 50
150 125 50
150 125 50
150 125 50
150 125 50
150 125 50
150 125 50
150 125 50
150 125 50
150 125 50
150 125 50
150 125 50
150 125 50
150 125 50
150 125 50
150 125 50
150 125 50
150 125 50
150 125 50
150 125 50
150 125 50
150 125 50
150 125 50
150 125 50
150 125 50
150 125 50
150 125 50
150 125 50
150 125 50
150 125 50
150 125 50
150 125 50
150 125 50
150 125 50
150 125 50
150 125 50
150 125 50
150 125 50
150 125 50
150 125 50
150 125 50
150 125 50
150 125 50
150 125 50
150 125 50
150 125 50
150 125 50
150 125 50
150 125 50
151 125 50
151 125 50
151 125 50
151 125 50
151 125 50
151 125 50
151 125 50
151 125 50
151 125 50
151 125 50
151 125 50
151 125 50
151 125 50
151 125 50
151 125 50
151 125 50
151 125 50
151 125 50
151 125 50
151 125 50
151 125 50
151 125 50
151 125 50
151 125 50
151 125 50
151 125 50
151 125 50
151 125 50
151 125 50
151 125 50
151 125 50
151 125 50
151 125 50
151 125 50
151 125 50
151 125 50
151 125 50
151 125 50
151 125 50
151 125 50
151 125 50
151 125 50
151 125 50
151 125 50
151 125 50
151 125 50
151 125 50
151 125 50
151 125 50
151 125 50
151 125 50
151 125 50
151 125 50
151 125 50
151 125 50
151 125 50
151 125 50
151 125 50
151 125 50
151 125 50
151 125 50
151 125 50
151 125 50
151 125 50
151 125 50
151 125 50
151 125 50
151 125 50
151 125 50
151 125 50
151 125 50
151 125 50
151 125 50
151 125 50
152 125 50
152 125 50
152 125 50
152 125 50
152 125 50
152 125 50
152 125 50
152 125 50
152 125 50
152 125 50
152 125 50
152 125 50
152 125 50
152 125 50
152 125 50
152 125 50
152 125 50
152 125 50
152 125 50
152 125 50
152 125 50
152 125 50
152 125 50
152 125 50
152 125 50
152 125 50
152 125 50
152 125 50
152 125 50
152 125 50
152 125 50
152 125 50
152 125 50
152 125 50
152 125 50
152 125 50
152 125 50
152 125 50
152 125 50
152 125 50
152 125 50
152 125 50
152 125 50
152 125 50
152 125 50
152 125 50
152 125 50
152 125 50
152 125 50
152 125 50
152 125 50
152 125 50
152 125 50
152 125 50
152 125 50
152 125 50
152 125 50
152 125 50
152 125 50
152 125 50
152 125 50
152 125 50
152 125 50
152 125 50
152 125 50
152 125 50
152 125 50
152 125 50
152 125 50
152 125 50
152 125 50
152 125 50
153 125 50
153 125 50
153 125 50
153 125 50
153 125 50
153 125 50
153 125 50
153 125 50
153 125 50
153 125 50
153 125 50
153 125 50
153 125 50
153 125 50
153 125 50
153 125 50
153 125 50
153 125 50
153 125 50
153 125 50
153 125 50
153 125 50
153 125 50
153 125 50
153 125 50
153 125 50
153 125 50
153 125 50
153 125 50
153 125 50
153 125 50
153 125 50
153 125 50
153 125 50
153 125 50
153 125 50
153 125 50
153 125 50
153 125 50
153 125 50
153 125 50
153 125 50
153 125 50
153 125 50
153 125 50
153 125 50
153 125 50
153 125 50
153 125 50
153 125 50
153 125 50
153 125 50
153 125 50
153 125 50
153 125 50
153 125 50
153 125 50
153 125 50
153 125 50
153 125 50
153 125 50
153 125 50
153 125 50
153 125 50
153 125 50
153 125 50
153 125 50
154 125 50
154 125 50
154 125 50
154 125 50
154 125 50
154 125 50
154 125 50
154 125 50
154 125 50
154 125 50
154 125 50
154 125 50
154 125 50
154 125 50
154 125 50
154 125 50
154 125 50
154 125 50
154 125 50
154 125 50
154 125 50
154 125 50
154 125 50
154 125 50
154 125 50
154 125 50
154 125 50
154 125 50
154 125 50
154 125 50
154 125 50
154 125 50
154 125 50
154 125 50
154 125 50
154 125 50
154 125 50
154 125 50
154 125 50
154 125 50
154 125 50
154 125 50
154 125 50
154 125 50
154 125 50
154 125 50
154 125 50
154 125 50
154 125 50
154 125 50
154 125 50
154 125 50
154 125 50
154 125 50
154 125 50
154 125 50
154 125 50
154 125 50
154 125 50
154 125 50
155 125 50
155 125 50
155 125 50
155 125 50
155 125 50
155 125 50
155 125 50
155 125 50
155 125 50
155 125 50
155 125 50
155 125 50
155 125 50
155 125 50
155 125 50
155 125 50
155 125 50
155 125 50
155 125 50
155 125 50
155 125 50
155 125 50
155 125 50
155 125 50
155 125 50
155 125 50
155 125 50
155 125 50
155 125 50
155 125 50
155 125 50
155 125 50
155 125 50
155 125 50
155 125 50
155 125 50
155 125 50
155 125 50
155 125 50
155 125 50
155 125 50
155 125 50
155 125 50
155 125 50
155 125 50
155 125 50
155 125 50
155 125 50
155 125 50
155 125 50
155 125 50
156 125 50
156 125 50
156 125 50
156 125 50
156 125 50
156 125 50
156 125 50
156 125 50
156 125 50
156 125 50
156 125 50
156 125 50
156 125 50
156 125 50
156 125 50
156 125 50
156 125 50
156 125 50
156 125 50
156 125 50
156 125 50
156 125 50
156 125 50
156 125 50
156 125 50
156 125 50
156 125 50
156 125 50
156 125 50
156 125 50
156 125 50
156 125 50
156 125 50
156 125 50
156 125 50
156 125 50
156 125 50
156 125 50
156 125 50
156 125 50
156 125 50
157 125 50
157 125 50
157 125 50
157 125 50
157 125 50
157 125 50
157 125 50
157 125 50
157 125 50
157 125 50
157 125 50
157 125 50
157 125 50
157 125 50
157 125 50
157 125 50
157 125 50
157 125 50
157 125 50
157 125 50
157 125 50
157 125 50
157 125 50
157 125 50
157 125 50
157 125 50
157 125 50
157 125 50
157 125 50
157 125 50
157 125 50
158 125 50
158 125 50
158 125 50
158 125 50
158 125 50
158 125 50
158 125 50
158 125 50
158 125 50
158 125 50
158 125 50
158 125 50
158 125 50
158 125 50
158 125 50
158 125 50
158 125 50
158 125 50
158 125 50
158 125 50
158 125 50
158 125 50
158 125 50
159 125 50
159 125 50
159 125 50
159 125 50
159 125 50
159 125 50
159 125 50
159 125 50
159 125 50
159 125 50
159 125 50
159 125 50
159 125 50
159 125 50
159 125 50
159 125 50
160 125 50
160 125 50
160 125 50
160 125 50
160 125 50
160 125 50
160 125 50
160 125 50
160 125 50
160 125 50
160 125 50
161 125 50
161 125 50
161 125 50
161 125 50
161 125 50
161 125 50
161 125 50
162 125 50
162 125 50
162 125 50
162 125 50
162 125 50
163 125 50
163 125 50
163 125 50
163 125 50
164 125 50
164 125 50
164 125 50
165 125 50
165 125 50
166 125 50
166 125 50
167 125 50
168 125 50
169 125 50
170 125 50
171 125 50
172 125 50
173 125 50
174 125 50
175 125 50
176 125 50
177 125 50
178 125 50
179 125 50
180 125 50
181 125 50
182 125 50
183 125 50
184 125 50
185 125 50
186 125 50
187 125 50
188 125 50
189 125 50
189 125 50
190 125 50
190 125 50
191 125 50
191 125 50
191 125 50
192 125 50
192 125 50
192 125 50
192 125 50
193 125 50
193 125 50
193 125 50
193 125 50
193 125 50
194 125 50
194 125 50
194 125 50
194 125 50
194 125 50
194 125 50
194 125 50
195 125 50
195 125 50
195 125 50
195 125 50
195 125 50
195 125 50
195 125 50
196 125 50
196 125 50
196 125 50
196 125 50
196 125 50
196 125 50
196 125 50
196 125 50
196 124 350
196 123 50
196 123 50
196 123 50
196 122 50
196 122 50
196 121 50
196 120 50
196 119 50
196 118 50
196 117 50
196 116 50
196 115 50
196 114 50
196 113 50
196 112 50
196 111 50
196 110 50
196 109 50
127 125 50
126 125 50
125 125 50
124 125 50
123 125 50
122 125 50
121 125 50
120 125 50
119 125 50
118 125 50
117 125 50
116 125 50
115 125 50
114 125 50
113 125 50
112 125 50
111 125 50
110 125 50
110 125 50
109 125 50
109 125 50
108 125 50
108 125 50
108 125 50
107 125 50
107 125 50
107 125 50
107 125 50
106 125 50
106 125 50
106 125 50
106 125 50
106 125 50
106 125 50
105 125 50
105 125 50
105 125 50
105 125 50
105 125 50
105 125 50
105 125 50
105 125 50
105 125 50
104 125 50
104 125 50
104 125 50
104 125 50
104 125 50
104 125 50
104 125 50
104 125 50
104 125 50
104 125 50
104 125 50
104 125 50
103 125 50
103 125 50
103 125 50
103 125 50
103 125 50
103 125 50
103 125 50
103 125 50
103 125 50
103 125 50
103 125 50
103 125 50
103 125 50
103 125 50
103 125 50
102 125 50
102 125 50
102 125 50
102 125 50
102 125 50
102 125 50
102 125 50
102 125 50
102 125 50
102 125 50
102 125 50
102 125 50
102 125 50
102 125 50
102 125 50
102 125 50
102 125 50
101 125 50
101 125 50
101 125 50
101 125 50
101 125 50
101 125 50
101 125 50
101 125 50
101 125 50
101 125 50
101 125 50
101 125 50
101 125 50
101 125 50
101 125 50
101 125 50
101 125 50
101 125 50
101 125 50
100 125 50
100 125 50
100 125 50
100 125 50
100 125 50
100 125 50
100 125 50
100 125 50
100 125 50
100 125 50
100 125 50
100 125 50
100 125 50
100 125 50
100 125 50
100 125 50
100 125 50
100 125 50
100 125 50
99 125 50
99 125 50
99 125 50
99 125 50
99 125 50
99 125 50
99 125 50
99 125 50
99 125 50
99 125 50
99 125 50
99 125 50
99 125 50
99 125 50
99 125 50
99 125 50
99 125 50
99 125 50
99 125 50
98 125 50
98 125 50
98 125 50
98 125 50
98 125 50
98 125 50
98 125 50
98 125 50
98 125 50
98 125 50
98 125 50
98 125 50
98 125 50
98 125 50
98 125 50
98 125 50
98 125 50
97 125 50
97 125 50
97 125 50
97 125 50
97 125 50
97 125 50
97 125 50
97 125 50
97 125 50
97 125 50
97 125 50
97 125 50
97 125 50
97 125 50
97 125 50
96 125 50
96 125 50
96 125 50
96 125 50
96 125 50
96 125 50
96 125 50
96 125 50
96 125 50
96 125 50
96 125 50
96 125 50
95 125 50
95 125 50
95 125 50
95 125 50
95 125 50
95 125 50
95 125 50
95 125 50
95 125 50
95 125 50
94 125 50
94 125 50
94 125 50
94 125 50
94 125 50
94 125 50
94 125 50
93 125 50
93 125 50
93 125 50
93 125 50
93 125 50
92 125 50
92 125 50
92 125 50
92 125 50
91 125 50
91 125 50
91 125 50
90 125 50
90 125 50
89 125 50
89 125 50
88 125 50
88 125 50
87 125 50
87 125 50
86 125 50
86 125 50
85 125 50
85 125 50
84 125 50
84 125 50
83 125 50
83 125 50
83 125 50
82 125 50
82 125 50
82 125 50
82 125 50
81 125 50
81 125 50
81 125 50
81 125 50
81 125 50
81 125 50
80 125 50
80 125 50
80 125 50
80 125 50
80 125 50
80 125 50
80 125 50
80 125 50
79 125 50
79 125 50
79 125 50
79 125 50
79 125 50
79 125 50
79 125 50
79 125 50
79 125 50
79 125 50
78 125 50
78 125 50
78 125 50
78 125 50
78 125 50
78 125 50
78 125 50
78 125 50
78 125 50
78 125 50
78 125 50
78 125 50
78 125 50
77 125 50
77 125 50
77 125 50
77 125 50
77 125 50
77 125 50
77 125 50
77 125 50
77 125 50
77 125 50
77 125 50
77 125 50
77 125 50
77 125 50
77 125 50
76 125 50
76 125 50
76 125 50
76 125 50
76 125 50
76 125 50
76 125 50
76 125 50
76 125 50
76 125 50
76 125 50
76 125 50
76 125 50
76 125 50
76 125 50
76 125 50
75 125 50
75 125 50
75 125 50
75 125 50
75 125 50
75 125 50
75 125 50
75 125 50
75 125 50
75 125 50
75 125 50
75 125 50
75 125 50
75 125 50
75 125 50
74 125 50
74 125 50
74 125 50
74 125 50
74 125 50
74 125 50
74 125 50
74 125 50
74 125 50
74 125 50
74 125 50
74 125 50
74 125 50
74 125 50
73 125 50
73 125 50
73 125 50
73 125 50
73 125 50
73 125 50
73 125 50
73 125 50
73 125 50
73 125 50
73 125 50
73 125 50
73 125 50
72 125 50
72 125 50
72 125 50
72 125 50
72 125 50
72 125 50
72 125 50
72 125 50
72 125 50
72 125 50
72 125 50
71 125 50
71 125 50
71 125 50
71 125 50
71 125 50
71 125 50
71 125 50
71 125 50
71 125 50
70 125 50
70 125 50
70 125 50
70 125 50
70 125 50
70 125 50
70 125 50
69 125 50
69 125 50
69 125 50
69 125 50
69 125 50
69 125 50
68 125 50
68 125 50
68 125 50
68 125 50
67 125 50
67 125 50
67 125 50
66 125 50
66 125 50
66 125 50
65 125 50
65 125 50
64 125 50
64 125 50
63 125 50
63 125 50
62 125 50
61 125 50
61 125 50
60 125 50
60 125 50
59 125 50
59 125 50
58 125 50
58 125 50
57 125 50
57 125 50
57 125 50
56 125 50
56 125 50
56 125 50
56 125 50
55 125 50
55 125 50
55 125 50
55 125 50
55 125 50
54 125 50
54 125 50
54 125 50
54 125 50
54 125 50
54 125 50
54 125 50
54 125 50
53 125 50
53 125 50
53 125 50
53 125 50
53 125 50
53 125 50
53 125 50
53 125 50
53 125 50
53 125 50
53 125 50
52 125 50
52 125 50
52 125 50
52 125 50
52 125 50
52 125 50
52 125 50
52 125 50
52 125 50
52 125 50
52 125 50
52 125 50
52 125 50
52 125 50
52 125 50
51 125 50
51 125 50
51 125 50
51 125 50
51 125 50
51 125 50
51 125 50
51 125 50
51 125 50
51 125 50
51 125 50
51 125 50
51 125 50
51 125 50
51 125 50
51 125 50
51 125 50
51 125 50
51 125 50
51 125 50
50 125 50
50 125 50
50 125 50
50 125 50
50 125 50
50 125 50
50 125 50
50 125 50
50 125 50
50 125 50
50 125 50
50 125 50
50 125 50
50 125 50
50 125 50
50 125 50
50 125 50
50 125 50
50 125 50
50 125 50
50 125 50
50 125 50
50 125 50
50 125 50
50 125 50
50 125 50
50 125 50
49 125 50
49 125 50
49 125 50
49 125 50
49 125 50
49 125 50
49 125 50
49 125 50
49 125 50
49 125 50
49 125 50
49 125 50
49 125 50
49 125 50
49 125 50
49 125 50
49 125 50
49 125 50
49 125 50
49 125 50
49 125 50
49 125 50
49 125 50
49 125 50
49 125 50
49 125 50
49 125 50
49 125 50
49 125 50
49 125 50
49 125 50
49 125 50
49 125 50
49 125 50
49 125 50
49 125 50
48 125 50
48 125 50
48 125 50
48 125 50
48 125 50
48 125 50
48 125 50
48 125 50
48 125 50
48 125 50
48 125 50
48 125 50
48 125 50
48 125 50
48 125 50
48 125 50
48 125 50
48 125 50
48 125 50
48 125 50
48 125 50
48 125 50
48 125 50
48 125 50
48 125 50
48 125 50
48 125 50
48 125 50
48 125 50
48 125 50
48 125 50
48 125 50
48 125 50
48 125 50
48 125 50
48 125 50
48 125 50
48 125 50
48 125 50
48 125 50
48 125 50
48 125 50
48 125 50
48 125 50
48 125 50
47 125 50
47 125 50
47 125 50
47 125 50
47 125 50
47 125 50
47 125 50
47 125 50
47 125 50
47 125 50
47 125 50
47 125 50
47 125 50
47 125 50
47 125 50
47 125 50
47 125 50
47 125 50
47 125 50
47 125 50
47 125 50
47 125 50
47 125 50
47 125 50
47 125 50
47 125 50
47 125 50
47 125 50
47 125 50
47 125 50
47 125 50
47 125 50
47 125 50
47 125 50
47 125 50
47 125 50
47 125 50
47 125 50
47 125 50
47 125 50
47 125 50
47 125 50
47 125 50
47 125 50
47 125 50
47 125 50
47 125 50
47 125 50
47 125 50
47 125 50
47 125 50
47 125 50
47 125 50
46 125 50
46 125 50
46 125 50
46 125 50
46 125 50
46 125 50
46 125 50
46 125 50
46 125 50
46 125 50
46 125 50
46 125 50
46 125 50
46 125 50
46 125 50
46 125 50
46 125 50
46 125 50
46 125 50
46 125 50
46 125 50
46 125 50
46 125 50
46 125 50
46 125 50
46 125 50
46 125 50
46 125 50
46 125 50
46 125 50
46 125 50
46 125 50
46 125 50
46 125 50
46 125 50
46 125 50
46 125 50
46 125 50
46 125 50
46 125 50
46 125 50
46 125 50
46 125 50
46 125 50
46 125 50
46 125 50
46 125 50
46 125 50
46 125 50
46 125 50
46 125 50
46 125 50
46 125 50
46 125 50
46 125 50
46 125 50
46 125 50
46 125 50
46 125 50
46 125 50
46 125 50
45 125 50
45 125 50
45 125 50
45 125 50
45 125 50
45 125 50
45 125 50
45 125 50
45 125 50
45 125 50
45 125 50
45 125 50
45 125 50
45 125 50
45 125 50
45 125 50
45 125 50
45 125 50
45 125 50
45 125 50
45 125 50
45 125 50
45 125 50
45 125 50
45 125 50
45 125 50
45 125 50
45 125 50
45 125 50
45 125 50
45 125 50
45 125 50
45 125 50
45 125 50
45 125 50
45 125 50
45 125 50
45 125 50
45 125 50
45 125 50
45 125 50
45 125 50
45 125 50
45 125 50
45 125 50
45 125 50
45 125 50
45 125 50
45 125 50
45 125 50
45 125 50
45 125 50
45 125 50
45 125 50
45 125 50
45 125 50
45 125 50
45 125 50
45 125 50
45 125 50
45 125 50
45 125 50
45 125 50
45 125 50
45 125 50
45 125 50
45 125 50
44 125 50
44 125 50
44 125 50
44 125 50
44 125 50
44 125 50
44 125 50
44 125 50
44 125 50
44 125 50
44 125 50
44 125 50
44 125 50
44 125 50
44 125 50
44 125 50
44 125 50
44 125 50
44 125 50
44 125 50
44 125 50
44 125 50
44 125 50
44 125 50
44 125 50
44 125 50
44 125 50
44 125 50
44 125 50
44 125 50
44 125 50
44 125 50
44 125 50
44 125 50
44 125 50
44 125 50
44 125 50
44 125 50
44 125 50
44 125 50
44 125 50
44 125 50
44 125 50
44 125 50
44 125 50
44 125 50
44 125 50
44 125 50
44 125 50
44 125 50
44 125 50
44 125 50
44 125 50
44 125 50
44 125 50
44 125 50
44 125 50
44 125 50
44 125 50
44 125 50
44 125 50
44 125 50
44 125 50
44 125 50
44 125 50
44 125 50
44 125 50
44 125 50
44 125 50
44 125 50
44 125 50
44 125 50
43 125 50
43 125 50
43 125 50
43 125 50
43 125 50
43 125 50
43 125 50
43 125 50
43 125 50
43 125 50
43 125 50
43 125 50
43 125 50
43 125 50
43 125 50
43 125 50
43 125 50
43 125 50
43 125 50
43 125 50
43 125 50
43 125 50
43 125 50
43 125 50
43 125 50
43 125 50
43 125 50
43 125 50
43 125 50
43 125 50
43 125 50
43 125 50
43 125 50
43 125 50
43 125 50
43 125 50
43 125 50
43 125 50
43 125 50
43 125 50
43 125 50
43 125 50
43 125 50
43 125 50
43 125 50
43 125 50
43 125 50
43 125 50
43 125 50
43 125 50
43 125 50
43 125 50
43 125 50
43 125 50
43 125 50
43 125 50
43 125 50
43 125 50
43 125 50
43 125 50
43 125 50
43 125 50
43 125 50
43 125 50
43 125 50
43 125 50
43 125 50
43 125 50
43 125 50
43 125 50
43 125 50
43 125 50
43 125 50
43 125 50
43 125 50
42 125 50
42 125 50
42 125 50
42 125 50
42 125 50
42 125 50
42 125 50
42 125 50
42 125 50
42 125 50
42 125 50
42 125 50
42 125 50
42 125 50
42 125 50
42 125 50
42 125 50
42 125 50
42 125 50
42 125 50
42 125 50
42 125 50
42 125 50
42 125 50
42 125 50
42 125 50
42 125 50
42 125 50
42 125 50
42 125 50
42 125 50
42 125 50
42 125 50
42 125 50
42 125 50
42 125 50
42 125 50
42 125 50
42 125 50
42 125 50
42 125 50
42 125 50
42 125 50
42 125 50
42 125 50
42 125 50
42 125 50
42 125 50
42 125 50
42 125 50
42 125 50
42 125 50
42 125 50
42 125 50
42 125 50
42 125 50
42 125 50
42 125 50
42 125 50
42 125 50
42 125 50
42 125 50
42 125 50
42 125 50
42 125 50
42 125 50
42 125 50
42 125 50
42 125 50
42 125 50
42 125 50
42 125 50
42 125 50
42 125 50
42 125 50
42 125 50
42 125 50
41 125 50
41 125 50
41 125 50
41 125 50
41 125 50
41 125 50
41 125 50
41 125 50
41 125 50
41 125 50
41 125 50
41 125 50
41 125 50
41 125 50
41 125 50
41 125 50
41 125 50
41 125 50
41 125 50
41 125 50
41 125 50
41 125 50
41 125 50
41 125 50
41 125 50
41 125 50
41 125 50
41 125 50
41 125 50
41 125 50
41 125 50
41 125 50
41 125 50
41 125 50
41 125 50
41 125 50
41 125 50
41 125 50
41 125 50
41 125 50
41 125 50
41 125 50
41 125 50
41 125 50
41 125 50
41 125 50
41 125 50
41 125 50
41 125 50
41 125 50
41 125 50
41 125 50
41 125 50
41 125 50
41 125 50
41 125 50
41 125 50
41 125 50
41 125 50
41 125 50
41 125 50
41 125 50
41 125 50
41 125 50
41 125 50
41 125 50
41 125 50
41 125 50
41 125 50
41 125 50
41 125 50
41 125 50
41 125 50
41 125 50
41 125 50
41 125 50
41 125 50
41 125 50
40 125 50
40 125 50
40 125 50
40 125 50
40 125 50
40 125 50
40 125 50
40 125 50
40 125 50
40 125 50
40 125 50
40 125 50
40 125 50
40 125 50
40 125 50
40 125 50
40 125 50
40 125 50
40 125 50
40 125 50
40 125 50
40 125 50
40 125 50
40 125 50
40 125 50
40 125 50
40 125 50
40 125 50
40 125 50
40 125 50
40 125 50
40 125 50
40 125 50
40 125 50
40 125 50
40 125 50
40 125 50
40 125 50
40 125 50
40 125 50
40 125 50
40 125 50
40 125 50
40 125 50
40 125 50
40 125 50
40 125 50
40 125 50
40 125 50
40 125 50
40 125 50
40 125 50
40 125 50
40 125 50
40 125 50
40 125 50
40 125 50
40 125 50
40 125 50
40 125 50
40 125 50
40 125 50
40 125 50
40 125 50
40 125 50
40 125 50
40 125 50
40 125 50
40 125 50
40 125 50
40 125 50
40 125 50
40 125 50
40 125 50
40 125 50
40 125 50
40 125 50
40 125 50
39 125 50
39 125 50
39 125 50
39 125 50
39 125 50
39 125 50
39 125 50
39 125 50
39 125 50
39 125 50
39 125 50
39 125 50
39 125 50
39 125 50
39 125 50
39 125 50
39 125 50
39 125 50
39 125 50
39 125 50
39 125 50
39 125 50
39 125 50
39 125 50
39 125 50
39 125 50
39 125 50
39 125 50
39 125 50
39 125 50
39 125 50
39 125 50
39 125 50
39 125 50
39 125 50
39 125 50
39 125 50
39 125 50
39 125 50
39 125 50
39 125 50
39 125 50
39 125 50
39 125 50
39 125 50
39 125 50
39 125 50
39 125 50
39 125 50
39 125 50
39 125 50
39 125 50
39 125 50
39 125 50
39 125 50
39 125 50
39 125 50
39 125 50
39 125 50
39 125 50
39 125 50
39 125 50
39 125 50
39 125 50
39 125 50
39 125 50
39 125 50
39 125 50
39 125 50
39 125 50
39 125 50
39 125 50
39 125 50
39 125 50
39 125 50
39 125 50
39 125 50
38 125 50
38 125 50
38 125 50
38 125 50
38 125 50
38 125 50
38 125 50
38 125 50
38 125 50
38 125 50
38 125 50
38 125 50
38 125 50
38 125 50
38 125 50
38 125 50
38 125 50
38 125 50
38 125 50
38 125 50
38 125 50
38 125 50
38 125 50
38 125 50
38 125 50
38 125 50
38 125 50
38 125 50
38 125 50
38 125 50
38 125 50
38 125 50
38 125 50
38 125 50
38 125 50
38 125 50
38 125 50
38 125 50
38 125 50
38 125 50
38 125 50
38 125 50
38 125 50
38 125 50
38 125 50
38 125 50
38 125 50
38 125 50
38 125 50
38 125 50
38 125 50
38 125 50
38 125 50
38 125 50
38 125 50
38 125 50
38 125 50
38 125 50
38 125 50
38 125 50
38 125 50
38 125 50
38 125 50
38 125 50
38 125 50
38 125 50
38 125 50
38 125 50
38 125 50
38 125 50
38 125 50
38 125 50
38 125 50
38 125 50
38 125 50
37 125 50
37 125 50
37 125 50
37 125 50
37 125 50
37 125 50
37 125 50
37 125 50
37 125 50
37 125 50
37 125 50
37 125 50
37 125 50
37 125 50
37 125 50
37 125 50
37 125 50
37 125 50
37 125 50
37 125 50
37 125 50
37 125 50
37 125 50
37 125 50
37 125 50
37 125 50
37 125 50
37 125 50
37 125 50
37 125 50
37 125 50
37 125 50
37 125 50
37 125 50
37 125 50
37 125 50
37 125 50
37 125 50
37 125 50
37 125 50
37 125 50
37 125 50
37 125 50
37 125 50
37 125 50
37 125 50
37 125 50
37 125 50
37 125 50
37 125 50
37 125 50
37 125 50
37 125 50
37 125 50
37 125 50
37 125 50
37 125 50
37 125 50
37 125 50
37 125 50
37 125 50
37 125 50
37 125 50
37 125 50
37 125 50
37 125 50
37 125 50
37 125 50
37 125 50
37 125 50
37 125 50
36 125 50
36 125 50
36 125 50
36 125 50
36 125 50
36 125 50
36 125 50
36 125 50
36 125 50
36 125 50
36 125 50
36 125 50
36 125 50
36 125 50
36 125 50
36 125 50
36 125 50
36 125 50
36 125 50
36 125 50
36 125 50
36 125 50
36 125 50
36 125 50
36 125 50
36 125 50
36 125 50
36 125 50
36 125 50
36 125 50
36 125 50
36 125 50
36 125 50
36 125 50
36 125 50
36 125 50
36 125 50
36 125 50
36 125 50
36 125 50
36 125 50
36 125 50
36 125 50
36 125 50
36 125 50
36 125 50
36 125 50
36 125 50
36 125 50
36 125 50
36 125 50
36 125 50
36 125 50
36 125 50
36 125 50
36 125 50
36 125 50
36 125 50
36 125 50
36 125 50
36 125 50
36 125 50
36 125 50
36 125 50
36 125 50
36 125 50
36 125 50
35 125 50
35 125 50
35 125 50
35 125 50
35 125 50
35 125 50
35 125 50
35 125 50
35 125 50
35 125 50
35 125 50
35 125 50
35 125 50
35 125 50
35 125 50
35 125 50
35 125 50
35 125 50
35 125 50
35 125 50
35 125 50
35 125 50
35 125 50
35 125 50
35 125 50
35 125 50
35 125 50
35 125 50
35 125 50
35 125 50
35 125 50
35 125 50
35 125 50
35 125 50
35 125 50
35 125 50
35 125 50
35 125 50
35 125 50
35 125 50
35 125 50
35 125 50
35 125 50
35 125 50
35 125 50
35 125 50
35 125 50
35 125 50
35 125 50
35 125 50
35 125 50
35 125 50
35 125 50
35 125 50
35 125 50
35 125 50
35 125 50
35 125 50
35 125 50
35 125 50
35 125 50
35 125 50
34 125 50
34 125 50
34 125 50
34 125 50
34 125 50
34 125 50
34 125 50
34 125 50
34 125 50
34 125 50
34 125 50
34 125 50
34 125 50
34 125 50
34 125 50
34 125 50
34 125 50
34 125 50
34 125 50
34 125 50
34 125 50
34 125 50
34 125 50
34 125 50
34 125 50
34 125 50
34 125 50
34 125 50
34 125 50
34 125 50
34 125 50
34 125 50
34 125 50
34 125 50
34 125 50
34 125 50
34 125 50
34 125 50
34 125 50
34 125 50
34 125 50
34 125 50
34 125 50
34 125 50
34 125 50
34 125 50
34 125 50
34 125 50
34 125 50
34 125 50
34 125 50
34 125 50
34 125 50
34 125 50
34 125 50
34 125 50
33 125 50
33 125 50
33 125 50
33 125 50
33 125 50
33 125 50
33 125 50
33 125 50
33 125 50
33 125 50
33 125 50
33 125 50
33 125 50
33 125 50
33 125 50
33 125 50
33 125 50
33 125 50
33 125 50
33 125 50
33 125 50
33 125 50
33 125 50
33 125 50
33 125 50
33 125 50
33 125 50
33 125 50
33 125 50
33 125 50
33 125 50
33 125 50
33 125 50
33 125 50
33 125 50
33 125 50
33 125 50
33 125 50
33 125 50
33 125 50
33 125 50
33 125 50
33 125 50
33 125 50
33 125 50
33 125 50
33 125 50
33 125 50
33 125 50
33 125 50
33 126 2450
33 127 50
33 127 50
33 127 50
33 127 50
33 127 50
33 127 50
33 127 50
33 127 50
33 127 50
33 127 50
33 127 50
33 127 50
33 127 50
33 127 50
33 127 50
33 127 50
33 127 50
33 127 50
33 127 50
33 127 50
33 127 50
33 127 50
33 127 50
33 127 50
33 127 50
33 127 50
33 127 50
33 127 50
33 127 50
33 127 50
33 127 50
33 127 50
33 127 50
33 127 50
33 127 50
33 128 50
33 128 50
33 128 50
33 128 50
33 128 50
33 128 50
33 128 50
33 128 50
33 128 50
33 128 50
33 128 50
33 128 50
33 128 50
33 128 50
33 128 50
33 128 50
33 128 50
33 128 50
33 128 50
33 128 50
33 128 50
33 128 50
33 128 50
33 128 50
33 128 50
33 128 50
33 128 50
33 128 50
33 129 50
33 129 50
33 129 50
33 129 50
33 129 50
33 129 50
33 129 50
33 129 50
33 129 50
33 129 50
33 129 50
33 129 50
33 129 50
33 129 50
33 129 50
33 129 50
33 129 50
33 129 50
33 129 50
33 129 50
33 129 50
33 129 50
33 130 50
33 130 50
33 130 50
33 130 50
33 130 50
33 130 50
33 130 50
33 130 50
33 130 50
33 130 50
33 130 50
33 130 50
33 130 50
33 130 50
33 130 50
33 130 50
33 130 50
33 131 50
33 131 50
33 131 50
33 131 50
33 131 50
33 131 50
33 131 50
33 131 50
33 131 50
33 131 50
33 131 50
33 131 50
33 131 50
33 132 50
33 132 50
33 132 50
33 132 50
33 132 50
33 132 50
33 132 50
33 132 50
33 132 50
33 132 50
33 132 50
33 133 50
33 133 50
33 133 50
33 133 50
33 133 50
33 133 50
33 133 50
33 133 50
33 133 50
33 134 50
33 134 50
33 134 50
33 134 50
33 134 50
33 134 50
33 134 50
33 134 50
33 135 50
33 135 50
33 135 50
33 135 50
33 135 50
33 135 50
33 135 50
33 136 50
33 136 50
33 136 50
33 136 50
33 136 50
33 136 50
33 137 50
33 137 50
33 137 50
33 137 50
33 137 50
33 137 50
33 138 50
33 138 50
33 138 50
33 138 50
33 138 50
33 138 50
33 139 50
33 139 50
33 139 50
33 139 50
33 139 50
33 139 50
33 140 50
33 140 50
33 140 50
33 140 50
33 140 50
33 141 50
33 141 50
33 141 50
33 141 50
33 141 50
33 142 50
33 142 50
33 142 50
33 142 50
33 143 50
33 143 50
33 143 50
33 143 50
33 144 50
33 144 50
33 144 50
33 145 50
33 145 50
33 145 50
33 146 50
33 146 50
33 147 50
33 147 50
33 148 50
33 148 50
33 149 50
33 149 50
33 150 50
33 151 50
33 152 50
33 153 50
33 154 50
33 155 50
33 156 50
33 157 50
33 158 50
33 159 50
33 160 50
33 161 50
33 162 50
33 163 50
33 164 50
33 165 50
33 166 50
33 167 50
184 30 50
185 30 50
186 30 50
187 30 50
188 30 50
189 30 50
190 30 50
191 30 50
192 30 50
193 30 50
194 30 50
195 30 50
196 30 50
196 31 50
196 32 50
196 33 50
196 34 50
196 35 50
196 36 50
196 37 50
196 38 50
196 39 50
196 40 50
196 41 50
196 41 50
196 42 50
196 42 50
196 43 50
196 43 50
196 43 50
196 44 50
196 44 50
196 44 50
196 45 50
196 45 50
196 45 50
196 45 50
196 46 50
196 46 50
196 46 50
196 46 50
196 47 50
196 47 50
196 47 50
196 47 50
196 47 50
196 48 50
196 48 50
196 48 50
196 48 50
196 48 50
196 48 50
196 49 50
196 49 50
196 49 50
196 49 50
196 49 50
196 49 50
196 49 50
196 49 50
196 50 50
196 50 50
196 50 50
196 50 50
196 50 50
196 50 50
196 50 50
196 50 50
196 50 50
196 50 50
196 50 50
196 51 50
196 51 50
196 51 50
196 51 50
196 51 50
196 51 50
196 51 50
196 51 50
196 51 50
196 51 50
196 51 50
196 51 50
196 51 50
196 51 50
196 51 50
196 52 50
196 52 50
196 52 50
196 52 50
196 52 50
196 52 50
196 52 50
196 52 50
196 52 50
196 52 50
196 52 50
196 52 50
196 52 50
196 52 50
196 52 50
196 52 50
196 52 50
196 52 50
196 52 50
196 52 50
196 52 50
196 53 50
196 53 50
196 53 50
196 53 50
196 53 50
196 53 50
196 53 50
196 53 50
196 53 50
196 53 50
196 53 50
196 53 50
196 53 50
196 53 50
196 53 50
196 53 50
196 53 50
196 53 50
196 53 50
196 53 50
196 53 50
196 53 50
196 53 50
196 53 50
196 53 50
196 53 50
196 53 50
196 54 50
196 54 50
196 54 50
196 54 50
196 54 50
196 54 50
196 54 50
196 54 50
196 54 50
196 54 50
196 54 50
196 54 50
196 54 50
196 54 50
196 54 50
196 54 50
196 54 50
196 54 50
196 54 50
196 54 50
196 54 50
196 54 50
196 54 50
196 54 50
196 54 50
196 54 50
196 54 50
196 54 50
196 54 50
196 54 50
196 54 50
196 54 50
196 54 50
196 55 50
196 55 50
196 55 50
196 55 50
196 55 50
196 55 50
196 55 50
196 55 50
196 55 50
196 55 50
196 55 50
196 55 50
196 55 50
196 55 50
196 55 50
196 55 50
196 55 50
196 55 50
196 55 50
196 55 50
196 55 50
196 55 50
196 55 50
196 55 50
196 55 50
196 55 50
196 55 50
196 55 50
196 55 50
196 55 50
196 55 50
196 55 50
196 55 50
196 55 50
196 55 50
196 55 50
196 55 50
196 55 50
196 56 50
196 56 50
196 56 50
196 56 50
196 56 50
196 56 50
196 56 50
196 56 50
196 56 50
196 56 50
196 56 50
196 56 50
196 56 50
196 56 50
196 56 50
196 56 50
196 56 50
196 56 50
196 56 50
196 56 50
196 56 50
196 56 50
196 56 50
196 56 50
196 56 50
196 56 50
196 56 50
196 56 50
196 56 50
196 56 50
196 56 50
196 56 50
196 56 50
196 56 50
196 56 50
196 56 50
196 56 50
196 56 50
196 56 50
196 56 50
196 56 50
196 57 50
196 57 50
196 57 50
196 57 50
196 57 50
196 57 50
196 57 50
196 57 50
196 57 50
196 57 50
196 57 50
196 57 50
196 57 50
196 57 50
196 57 50
196 57 50
196 57 50
196 57 50
196 57 50
196 57 50
196 57 50
196 57 50
196 57 50
196 57 50
196 57 50
196 57 50
196 57 50
196 57 50
196 57 50
196 57 50
196 57 50
196 57 50
196 57 50
196 57 50
196 57 50
196 57 50
196 57 50
196 57 50
196 57 50
196 57 50
196 57 50
196 57 50
196 58 50
196 58 50
196 58 50
196 58 50
196 58 50
196 58 50
196 58 50
196 58 50
196 58 50
196 58 50
196 58 50
196 58 50
196 58 50
196 58 50
196 58 50
196 58 50
196 58 50
196 58 50
196 58 50
196 58 50
196 58 50
196 58 50
196 58 50
196 58 50
196 58 50
196 58 50
196 58 50
196 58 50
196 58 50
196 58 50
196 58 50
196 58 50
196 58 50
196 58 50
196 58 50
196 58 50
196 58 50
196 58 50
196 58 50
196 58 50
196 59 50
196 59 50
196 59 50
196 59 50
196 59 50
196 59 50
196 59 50
196 59 50
196 59 50
196 59 50
196 59 50
196 59 50
196 59 50
196 59 50
196 59 50
196 59 50
196 59 50
196 59 50
196 59 50
196 59 50
196 59 50
196 59 50
196 59 50
196 59 50
196 59 50
196 59 50
196 59 50
196 59 50
196 59 50
196 59 50
196 59 50
196 59 50
196 59 50
196 59 50
196 59 50
196 59 50
196 59 50
196 60 50
196 60 50
196 60 50
196 60 50
196 60 50
196 60 50
196 60 50
196 60 50
196 60 50
196 60 50
196 60 50
196 60 50
196 60 50
196 60 50
196 60 50
196 60 50
196 60 50
196 60 50
196 60 50
196 60 50
196 60 50
196 60 50
196 60 50
196 60 50
196 60 50
196 60 50
196 60 50
196 60 50
196 60 50
196 60 50
196 60 50
196 60 50
196 61 50
196 61 50
196 61 50
196 61 50
196 61 50
196 61 50
196 61 50
196 61 50
196 61 50
196 61 50
196 61 50
196 61 50
196 61 50
196 61 50
196 61 50
196 61 50
196 61 50
196 61 50
196 61 50
196 61 50
196 61 50
196 61 50
196 61 50
196 61 50
196 61 50
196 61 50
196 62 50
196 62 50
196 62 50
196 62 50
196 62 50
196 62 50
196 62 50
196 62 50
196 62 50
196 62 50
196 62 50
196 62 50
196 62 50
196 62 50
196 62 50
196 62 50
196 62 50
196 62 50
196 62 50
196 62 50
196 63 50
196 63 50
196 63 50
196 63 50
196 63 50
196 63 50
196 63 50
196 63 50
196 63 50
196 63 50
196 63 50
196 63 50
196 63 50
196 63 50
196 64 50
196 64 50
196 64 50
196 64 50
196 64 50
196 64 50
196 64 50
196 64 50
196 64 50
196 64 50
196 65 50
196 65 50
196 65 50
196 65 50
196 65 50
196 65 50
196 65 50
196 65 50
196 66 50
196 66 50
196 66 50
196 66 50
196 66 50
196 66 50
196 67 50
196 67 50
196 67 50
196 67 50
196 68 50
196 68 50
196 68 50
196 68 50
196 69 50
196 69 50
196 69 50
196 70 50
196 70 50
196 70 50
196 71 50
196 71 50
196 72 50
196 72 50
196 73 50
196 73 50
196 74 50
196 74 50
196 75 50
196 76 50
196 77 50
196 78 50
196 79 50
196 80 50
196 81 50
196 82 50
196 83 50
196 84 50
196 84 50
196 85 50
196 85 50
196 86 50
196 86 50
196 87 50
196 87 50
196 87 50
196 88 50
196 88 50
196 88 50
196 89 50
196 89 50
196 89 50
196 89 50
196 90 50
196 90 50
196 90 50
196 90 50
196 91 50
196 91 50
196 91 50
196 91 50
196 91 50
196 92 50
196 92 50
196 92 50
196 92 50
196 92 50
196 93 50
196 93 50
196 93 50
196 93 50
196 93 50
196 94 50
196 94 50
196 94 50
196 94 50
196 94 50
196 95 50
196 95 50
196 95 50
196 95 50
196 96 50
196 96 50
196 96 50
196 97 50
196 97 50
196 97 50
196 98 50
196 98 50
196 99 50
196 99 50
196 100 50
196 101 50
196 102 50
196 103 50
196 104 50
196 105 50
196 106 50
196 107 50
196 108 50
