145 39 120
144 39 120
143 39 120
142 39 120
141 39 120
140 39 120
139 39 120
138 39 120
137 39 120
136 39 120
135 39 120
134 39 120
133 39 120
132 39 120
131 39 120
130 39 120
129 39 120
128 39 120
127 39 120
126 39 120
125 39 120
124 39 120
123 39 120
123 39 120
122 39 120
122 39 120
121 39 120
121 39 120
121 39 120
120 39 240
120 39 120
120 39 120
119 39 360
119 39 120
118 39 360
118 39 120
118 39 120
117 39 480
117 39 120
117 39 120
116 39 600
116 39 120
116 39 120
115 39 720
115 39 120
114 39 720
113 39 720
112 39 720
111 39 120
111 39 120
111 39 120
111 39 120
110 39 360
109 39 360
108 39 360
107 39 120
107 39 120
106 39 120
105 39 120
104 39 120
103 39 120
102 39 120
101 39 120
100 39 120
99 39 120
98 39 120
97 39 120
96 39 120
95 39 120
94 39 120
93 39 120
92 39 120
91 39 120
90 39 120
89 39 120
88 39 120
87 39 120
87 39 120
86 39 120
86 39 120
85 39 120
85 39 120
85 40 120
85 40 120
85 40 120
85 41 240
85 41 120
85 42 240
85 42 120
85 42 120
85 43 360
85 43 120
85 43 120
85 44 480
85 44 120
85 44 120
85 44 120
85 45 720
85 45 120
85 45 120
85 45 120
85 46 960
85 46 120
85 46 120
85 46 120
85 47 1200
85 47 120
85 47 120
85 47 120
85 47 120
85 48 1560
85 48 120
85 48 120
85 48 120
85 48 120
85 49 1920
85 49 120
85 49 120
85 49 120
85 49 120
85 50 2280
85 50 120
85 50 120
85 50 120
85 51 2520
85 51 120
85 51 120
85 51 120
85 52 2760
85 52 120
85 52 120
85 52 120
85 53 3000
85 53 120
85 54 3000
85 54 120
85 54 120
85 55 3120
85 55 120
85 56 3120
85 56 120
85 57 3120
85 57 120
85 58 3120
85 59 3120
85 60 3120
85 61 120
85 61 120
85 61 120
85 61 120
85 61 120
85 61 120
85 61 120
85 61 120
85 61 120
85 61 120
85 61 120
85 61 120
85 61 120
85 61 120
85 61 120
85 61 120
85 61 120
85 61 120
85 61 120
85 61 120
85 61 120
85 61 120
85 61 120
85 61 120
85 62 2760
85 63 2760
85 64 2760
85 65 120
85 65 120
85 65 120
85 65 120
85 65 120
85 65 120
85 65 120
85 65 120
85 65 120
85 65 120
85 65 120
85 65 120
85 65 120
85 65 120
85 65 120
85 65 120
85 65 120
85 65 120
85 65 120
85 66 2160
85 67 2160
85 68 2160
85 69 120
85 69 120
85 69 120
85 69 120
85 69 120
85 69 120
85 69 120
85 69 120
85 69 120
85 70 960
85 71 960
85 72 960
85 73 120
85 73 120
85 73 120
85 74 240
85 75 240
85 76 240
85 77 120
85 78 120
85 79 120
85 80 120
85 81 120
85 82 120
85 83 120
85 84 120
85 85 120
85 86 120
85 87 120
85 88 120
85 89 120
85 90 120
85 91 120
85 92 120
85 93 120
85 94 120
85 95 120
85 96 120
85 97 120
85 98 120
85 99 120
85 100 120
85 101 120
85 102 120
85 103 120
85 104 120
85 105 120
85 106 120
85 107 120
85 108 120
85 109 120
85 110 120
85 111 120
146 39 120
147 39 120
148 39 120
149 39 120
150 39 120
151 39 120
152 39 120
153 39 120
154 39 120
155 39 120
156 39 120
157 39 120
158 39 120
159 39 120
160 39 120
161 39 120
162 39 120
163 39 120
163 39 120
164 39 120
164 39 120
165 39 120
165 39 120
165 39 120
166 39 240
166 39 120
167 39 240
167 39 120
167 39 120
168 39 360
168 39 120
169 39 360
169 39 120
170 39 360
170 39 120
171 39 360
171 39 120
172 39 360
172 39 120
173 39 360
174 39 360
175 39 360
176 39 120
176 39 120
177 39 120
178 39 120
179 39 120
180 39 120
181 39 120
182 39 120
183 39 120
184 39 120
185 39 120
186 39 120
187 39 120
188 39 120
189 39 120
190 39 120
191 39 120
192 39 120
193 39 120
193 38 120
193 37 120
193 36 120
193 35 120
193 34 120
193 33 120
193 32 120
193 31 120
193 30 120
193 29 120
193 28 120
193 27 120
193 26 120
193 25 120
193 24 120
193 23 120
193 22 120
193 21 120
193 20 120
193 19 120
193 18 120
193 17 120
173 163 120
172 163 120
171 163 120
170 163 120
169 163 120
168 163 120
167 163 120
166 163 120
165 163 120
164 163 120
163 163 120
162 163 120
161 163 120
160 163 120
159 163 120
158 163 120
157 163 120
156 163 120
155 163 120
154 163 120
153 163 120
152 163 120
151 163 120
150 163 120
149 163 120
148 163 120
147 163 120
146 163 120
145 163 120
144 163 120
143 163 120
142 163 120
141 163 120
140 163 120
139 163 120
138 163 120
137 163 120
136 163 120
135 163 120
134 163 120
134 163 120
133 163 120
133 163 120
132 163 120
132 163 120
131 163 120
131 163 120
130 163 120
130 163 120
129 163 120
129 163 120
129 163 120
128 163 240
128 163 120
127 163 240
127 163 120
126 163 240
126 163 120
125 163 240
125 163 120
124 163 240
123 163 240
122 163 240
121 163 120
121 163 120
120 163 120
120 163 120
119 163 120
119 163 120
118 163 120
117 163 120
116 163 120
115 163 120
114 163 120
113 163 120
112 163 120
111 163 120
110 163 120
109 163 120
108 163 120
107 163 120
106 163 120
105 163 120
104 163 120
103 163 120
102 163 120
101 163 120
100 163 120
99 163 120
98 163 120
97 163 120
96 163 120
95 163 120
94 163 120
93 163 120
92 163 120
91 163 120
90 163 120
89 163 120
88 163 120
87 163 120
86 163 120
85 163 120
85 162 120
85 161 120
85 160 120
85 159 120
85 158 120
85 157 120
85 156 120
85 155 120
85 154 120
85 153 120
85 152 120
85 152 120
85 151 120
85 151 120
85 150 120
85 150 120
85 149 120
85 149 120
85 149 120
85 148 240
85 148 120
85 147 240
85 147 120
85 146 240
85 146 120
85 145 240
85 145 120
85 144 240
85 144 120
85 143 240
85 143 120
85 143 120
85 142 360
85 142 120
85 142 120
85 141 480
85 141 120
85 141 120
85 140 600
85 140 120
85 140 120
85 140 120
85 139 840
85 139 120
85 139 120
85 139 120
85 138 1080
85 138 120
85 138 120
85 138 120
85 137 1320
85 137 120
85 137 120
85 137 120
85 137 120
85 136 1680
85 136 120
85 136 120
85 136 120
85 136 120
85 135 2040
85 135 120
85 135 120
85 135 120
85 135 120
85 134 2400
85 134 120
85 134 120
85 134 120
85 134 120
85 133 2760
85 133 120
85 133 120
85 133 120
85 132 3000
85 132 120
85 132 120
85 132 120
85 132 120
85 131 3360
85 131 120
85 131 120
85 130 3480
85 130 120
85 130 120
85 129 3600
85 129 120
85 128 3600
85 128 120
85 127 3600
85 126 3600
85 125 3600
85 124 120
85 124 120
85 124 120
85 124 120
85 124 120
85 124 120
85 124 120
85 124 120
85 124 120
85 124 120
85 124 120
85 124 120
85 124 120
85 124 120
85 124 120
85 124 120
85 124 120
85 124 120
85 124 120
85 124 120
85 124 120
85 124 120
85 123 2520
85 122 2520
85 121 2520
85 120 120
85 120 120
85 120 120
85 120 120
85 120 120
85 120 120
85 120 120
85 120 120
85 120 120
85 119 960
85 118 960
85 117 960
85 116 120
85 116 120
85 115 120
85 115 120
85 114 120
85 113 120
85 112 120
138 162 120
138 161 120
138 160 120
138 159 120
138 159 120
138 158 120
138 158 120
138 157 120
138 157 120
138 156 120
138 156 120
138 156 120
138 155 240
138 155 120
138 154 240
138 154 120
138 153 240
138 153 120
138 152 240
138 152 120
138 151 240
138 151 120
138 150 240
138 150 120
138 149 240
138 149 120
138 148 240
138 148 120
138 147 240
138 147 120
138 146 240
138 146 120
138 145 240
138 145 120
138 144 240
138 144 120
138 143 240
138 143 120
138 142 240
138 142 120
138 141 240
138 140 240
138 139 240
138 138 120
138 137 120
138 136 120
138 135 120
138 134 120
138 133 120
138 132 120
138 131 120
138 130 120
89 180 120
88 180 120
87 180 120
86 180 120
85 180 120
85 179 120
85 178 120
85 177 120
85 176 120
85 175 120
85 174 120
85 173 120
85 172 120
85 171 120
85 170 120
85 169 120
85 168 120
85 167 120
85 166 120
85 165 120
85 164 120
84 180 120
83 180 120
82 180 120
82 180 120
81 180 120
81 180 120
81 180 120
80 180 240
80 180 120
80 180 120
79 180 360
79 180 120
79 180 120
79 180 120
78 180 600
78 180 120
78 180 120
78 180 120
77 180 840
77 180 120
77 180 120
77 180 120
77 180 120
76 180 1200
76 180 120
76 180 120
76 180 120
75 180 1440
75 180 120
75 180 120
75 180 120
75 180 120
74 180 1800
74 180 120
74 180 120
74 180 120
74 180 120
73 180 2160
73 180 120
73 180 120
73 180 120
72 180 2400
72 180 120
72 180 120
71 180 2520
71 180 120
71 180 120
71 180 120
70 180 2760
70 180 120
70 180 120
69 180 2880
69 180 120
69 180 120
68 180 3000
68 180 120
68 180 120
67 180 3120
67 180 120
67 180 120
66 180 3240
66 180 120
66 180 120
65 180 3360
65 180 120
64 180 3360
63 180 3360
62 180 3360
61 180 120
61 180 120
61 180 120
61 180 120
61 180 120
61 180 120
61 180 120
61 180 120
61 180 120
61 180 120
61 180 120
61 180 120
61 180 120
61 180 120
61 180 120
61 180 120
61 180 120
61 180 120
61 180 120
61 180 120
61 180 120
61 180 120
61 180 120
61 180 120
61 180 120
60 180 2880
59 180 2880
58 180 2880
57 180 120
57 180 120
57 180 120
57 180 120
57 180 120
57 180 120
57 180 120
57 180 120
57 180 120
57 180 120
57 180 120
57 180 120
57 180 120
57 180 120
57 180 120
56 180 1680
55 180 1680
54 180 1680
53 180 120
53 180 120
53 180 120
53 180 120
53 180 120
53 180 120
52 180 600
51 180 600
50 180 600
49 180 120
49 180 120
48 180 120
48 180 120
47 180 120
47 180 120
46 180 120
46 180 120
45 180 120
45 180 120
44 180 120
44 180 120
44 181 120
44 182 120
44 183 120
44 184 120
44 185 120
44 186 120
44 187 120
44 188 120
44 189 120
44 190 120
44 191 120
44 192 120
44 193 120
44 194 120
44 195 120
38 118 120
39 118 120
40 118 120
41 118 120
42 118 120
43 118 120
44 118 120
45 118 120
46 118 120
47 118 120
48 118 120
48 118 120
49 118 120
49 118 120
50 118 120
50 118 120
51 118 120
51 118 120
51 118 120
52 118 240
52 118 120
52 118 120
53 118 360
53 118 120
54 118 360
54 118 120
54 118 120
55 118 480
55 118 120
56 118 480
56 118 120
56 118 120
57 118 600
57 118 120
58 118 600
58 118 120
59 118 600
59 118 120
60 118 600
61 118 600
62 118 600
63 118 120
63 118 120
63 118 120
63 118 120
64 118 360
64 118 120
65 118 360
65 118 120
66 118 360
66 118 120
67 118 360
67 118 120
68 118 360
68 118 120
69 118 360
69 118 120
70 118 360
70 118 120
71 118 360
71 118 120
72 118 360
73 118 360
74 118 360
75 118 120
75 118 120
75 118 120
76 118 240
76 118 120
77 118 240
77 118 120
78 118 240
78 118 120
78 118 120
79 118 360
79 118 120
80 118 360
80 118 120
81 118 360
81 118 120
82 118 360
82 118 120
83 118 360
83 118 120
84 118 360
84 118 120
