175 62 120
174 62 120
173 62 120
172 62 120
171 62 120
171 62 120
170 62 120
170 62 120
169 62 120
169 62 120
168 62 120
168 62 120
168 62 120
167 62 240
167 62 120
166 62 240
166 62 120
166 62 120
165 62 360
165 62 120
165 62 120
164 62 480
164 62 120
164 62 120
163 62 600
163 62 120
163 62 120
163 62 120
162 62 840
162 62 120
162 62 120
162 62 120
162 62 120
161 62 1200
161 62 120
161 62 120
161 62 120
161 62 120
160 62 1560
160 62 120
160 62 120
160 62 120
160 62 120
159 62 1920
159 62 120
159 62 120
159 62 120
159 62 120
158 62 2280
158 62 120
158 62 120
158 62 120
157 62 2520
157 62 120
157 62 120
157 62 120
156 62 2760
156 62 120
156 62 120
155 62 2880
154 62 2880
153 62 2880
152 62 120
152 62 120
152 62 120
152 62 120
152 62 120
152 62 120
152 62 120
152 62 120
152 62 120
152 62 120
152 62 120
152 62 120
152 62 120
152 62 120
152 62 120
152 62 120
151 62 1800
150 62 1800
149 62 1800
148 62 120
148 62 120
148 62 120
148 62 120
147 62 360
146 62 360
145 62 360
144 62 120
143 62 120
142 62 120
141 62 120
140 62 120
139 62 120
138 62 120
137 62 120
136 62 120
135 62 120
134 62 120
133 62 120
132 62 120
131 62 120
131 62 120
130 62 120
130 62 120
129 62 120
129 62 120
128 62 120
128 62 120
127 62 120
127 62 120
126 62 120
126 62 120
125 62 120
125 62 120
124 62 120
124 62 120
123 62 120
122 62 120
121 62 120
120 62 120
119 62 120
118 62 120
117 62 120
116 62 120
115 62 120
114 62 120
113 62 120
112 62 120
111 62 120
110 62 120
109 62 120
108 62 120
107 62 120
106 62 120
105 62 120
104 62 120
103 62 120
102 62 120
102 62 120
101 62 120
101 62 120
101 62 120
101 62 120
100 62 360
100 62 120
100 62 120
100 62 120
99 62 600
99 62 120
99 62 120
99 62 120
98 62 840
98 62 120
98 62 120
98 62 120
98 62 120
97 62 1200
97 62 120
97 62 120
97 62 120
97 62 120
96 62 1560
96 62 120
96 62 120
96 62 120
95 62 1800
95 62 120
95 62 120
95 62 120
94 62 2040
94 62 120
94 62 120
93 62 2160
92 62 2160
91 62 2160
90 62 120
90 62 120
90 62 120
90 62 120
90 62 120
90 62 120
90 62 120
90 62 120
90 62 120
90 62 120
90 62 120
89 62 1200
88 62 1200
87 62 1200
86 62 120
86 62 120
86 62 120
85 62 240
84 62 240
83 62 240
82 62 120
81 62 120
80 62 120
79 62 120
78 62 120
77 62 120
76 62 120
75 62 120
74 62 120
73 62 120
72 62 120
71 62 120
70 62 120
69 62 120
68 62 120
67 62 120
66 62 120
65 62 120
64 62 120
63 62 120
62 62 120
61 62 120
60 62 120
60 62 120
59 62 120
59 62 120
58 62 120
58 62 120
57 62 120
57 62 120
57 62 120
56 62 240
56 62 120
55 62 240
54 62 240
53 62 240
52 62 120
51 62 120
51 61 120
51 60 120
51 59 120
51 59 120
51 58 120
51 58 120
51 57 120
51 57 120
51 57 120
51 56 240
51 56 120
51 56 120
51 55 360
51 55 120
51 55 120
51 55 120
51 54 600
51 54 120
51 54 120
51 53 720
51 53 120
51 53 120
51 52 840
51 52 120
51 52 120
51 51 960
51 51 120
51 51 120
51 51 120
51 50 1200
51 50 120
51 50 120
51 49 1320
51 49 120
51 48 1320
51 48 120
51 47 1320
51 47 120
51 46 1320
51 46 120
51 45 1320
51 45 120
51 44 1320
51 44 120
51 43 1320
51 42 1320
51 41 1320
51 40 120
51 40 120
51 40 120
51 40 120
51 40 120
51 40 120
51 40 120
51 40 120
51 39 840
51 38 840
51 37 840
51 36 120
51 36 120
51 36 120
51 35 240
51 34 240
51 33 240
51 32 120
51 31 120
51 30 120
51 29 120
51 28 120
51 27 120
51 26 120
51 25 120
51 24 120
51 23 120
51 22 120
51 21 120
51 20 120
51 19 120
51 18 120
51 17 120
51 16 120
51 15 120
157 63 120
157 63 120
157 63 120
157 63 120
157 63 120
157 63 120
157 63 120
157 63 120
157 63 120
157 63 120
157 63 120
157 63 120
157 63 120
157 63 120
157 63 120
157 63 120
157 63 120
157 63 120
157 63 120
157 63 120
157 63 120
157 63 120
157 63 120
157 63 120
157 63 120
157 64 2880
157 64 120
157 64 120
157 65 3000
157 65 120
157 65 120
157 65 120
157 66 3240
157 66 120
157 66 120
157 67 3360
157 67 120
157 68 3360
157 68 120
157 69 3360
157 69 120
157 70 3360
157 70 120
157 71 3360
157 71 120
157 72 3360
157 72 120
157 73 3360
157 73 120
157 74 3360
157 74 120
157 74 120
157 75 3480
157 75 120
157 75 120
157 76 3600
157 76 120
157 77 3600
157 77 120
157 77 120
157 78 3720
157 78 120
157 79 3720
157 79 120
157 80 3720
157 81 3720
157 82 3720
157 83 120
157 83 120
157 83 120
157 83 120
157 83 120
157 83 120
157 83 120
157 83 120
157 83 120
157 83 120
157 83 120
157 83 120
157 83 120
157 83 120
157 83 120
157 83 120
157 83 120
157 83 120
157 83 120
157 83 120
157 83 120
157 83 120
157 83 120
157 83 120
157 83 120
157 83 120
157 84 3000
157 85 3000
157 86 3000
157 87 120
157 87 120
157 87 120
157 87 120
157 87 120
157 87 120
157 87 120
157 87 120
157 87 120
157 87 120
157 87 120
157 87 120
157 87 120
157 87 120
157 87 120
157 87 120
157 87 120
157 88 1920
157 89 1920
157 90 1920
157 91 120
157 91 120
157 91 120
157 91 120
157 91 120
157 91 120
157 91 120
157 91 120
157 91 120
157 91 120
157 92 1080
157 93 1080
157 94 1080
157 95 120
157 95 120
157 95 120
157 96 240
157 97 240
157 98 240
157 99 120
157 100 120
157 101 120
157 102 120
157 103 120
157 104 120
157 105 120
157 106 120
157 107 120
157 108 120
157 109 120
157 110 120
157 111 120
157 112 120
157 113 120
157 114 120
157 115 120
157 116 120
157 117 120
157 118 120
157 119 120
157 120 120
157 121 120
157 122 120
157 123 120
157 124 120
157 125 120
157 126 120
67 61 120
66 61 120
65 61 120
64 61 120
63 61 120
62 61 120
61 61 120
61 61 120
60 61 120
60 61 120
59 61 120
59 61 120
59 61 120
58 61 240
58 61 120
57 61 240
57 61 120
57 61 120
56 61 360
55 61 360
54 61 360
53 61 120
53 61 120
52 61 120
50 61 120
49 61 120
48 61 120
47 61 120
46 61 120
45 61 120
44 61 120
43 61 120
42 61 120
41 61 120
40 61 120
39 61 120
38 61 120
37 61 120
36 61 120
35 61 120
34 61 120
34 61 120
33 61 120
33 61 120
32 61 120
32 61 120
31 61 120
31 61 120
30 61 120
30 61 120
29 61 120
29 61 120
28 61 120
28 61 120
27 61 120
27 61 120
26 61 120
26 61 120
26 62 120
26 63 120
26 64 120
26 65 120
26 66 120
26 67 120
26 68 120
26 69 120
26 70 120
26 71 120
26 72 120
26 73 120
26 74 120
26 75 120
26 76 120
26 77 120
26 78 120
26 79 120
26 80 120
26 81 120
26 82 120
26 83 120
27 83 120
28 83 120
29 83 120
30 83 120
31 83 120
31 83 120
32 83 120
32 83 120
33 83 120
33 83 120
34 83 120
34 83 120
34 83 120
35 83 240
35 83 120
36 83 240
36 83 120
36 83 120
37 83 360
37 83 120
38 83 360
38 83 120
38 83 120
38 83 120
39 83 600
39 83 120
39 83 120
39 84 720
39 84 120
39 84 120
39 84 120
39 85 960
39 85 120
39 85 120
39 86 1080
39 86 120
39 86 120
39 86 120
39 86 120
39 87 1440
39 87 120
39 87 120
39 87 120
39 87 120
39 88 1800
39 88 120
39 88 120
39 88 120
39 88 120
39 88 120
39 89 2280
39 89 120
39 89 120
39 89 120
39 89 120
39 90 2640
39 90 120
39 90 120
39 90 120
39 90 120
39 90 120
39 91 3120
39 91 120
39 91 120
39 91 120
39 92 3360
39 92 120
39 92 120
39 93 3480
39 93 120
39 93 120
39 94 3600
39 95 3600
39 96 3600
39 97 120
39 97 120
39 97 120
39 97 120
39 97 120
39 97 120
39 97 120
39 97 120
39 97 120
39 97 120
39 97 120
39 97 120
39 97 120
39 97 120
39 97 120
39 97 120
39 97 120
39 97 120
39 97 120
39 97 120
39 97 120
39 97 120
39 97 120
39 97 120
39 97 120
39 97 120
39 98 3000
39 99 3000
39 100 3000
39 101 120
39 101 120
39 101 120
39 101 120
39 101 120
39 101 120
39 101 120
39 101 120
39 101 120
39 101 120
39 101 120
39 101 120
39 101 120
39 101 120
39 101 120
39 101 120
39 101 120
39 102 1920
39 103 1920
39 104 1920
39 105 120
39 105 120
39 105 120
39 105 120
39 105 120
39 105 120
39 105 120
39 105 120
39 105 120
39 106 960
39 107 960
39 108 960
39 109 120
39 109 120
39 109 120
39 110 240
39 111 240
39 112 240
39 113 120
39 114 120
39 115 120
39 116 120
39 117 120
39 118 120
39 119 120
39 120 120
39 121 120
39 122 120
39 122 120
39 123 120
39 123 120
39 123 120
39 124 240
39 124 120
39 124 120
39 125 360
39 125 120
39 125 120
39 125 120
39 126 600
39 126 120
39 126 120
39 126 120
39 127 840
39 127 120
39 127 120
39 127 120
39 128 1080
39 128 120
39 128 120
39 128 120
39 129 1320
39 129 120
39 129 120
39 129 120
39 130 1560
39 130 120
39 130 120
39 130 120
39 131 1800
39 131 120
39 132 1800
39 133 1800
39 134 1800
39 135 120
39 135 120
39 135 120
39 135 120
39 135 120
39 135 120
39 135 120
39 135 120
39 135 120
39 136 960
39 137 960
39 138 960
39 139 120
39 139 120
39 139 120
39 140 240
39 141 240
39 142 240
39 143 120
39 143 120
39 144 120
39 144 120
39 144 120
39 145 240
39 145 120
39 146 240
39 146 120
39 146 120
39 147 360
39 147 120
39 147 120
39 148 480
39 148 120
39 148 120
39 149 600
39 149 120
39 149 120
39 150 720
39 150 120
39 150 120
39 151 840
39 151 120
39 151 120
39 152 960
39 152 120
39 153 960
39 153 120
39 153 120
39 154 1080
39 154 120
39 154 120
39 155 1200
39 155 120
39 155 120
39 156 1320
39 156 120
39 156 120
39 157 1440
39 157 120
39 158 1440
39 158 120
39 159 1440
39 159 120
39 160 1440
39 161 1440
39 162 1440
39 163 120
39 163 120
39 163 120
39 163 120
39 163 120
39 163 120
39 164 600
39 165 600
39 166 600
39 167 120
39 167 120
39 168 120
39 169 120
39 170 120
39 171 120
39 172 120
39 173 120
39 174 120
39 175 120
39 176 120
107 11 120
106 11 120
105 11 120
104 11 120
103 11 120
102 11 120
101 11 120
100 11 120
99 11 120
98 11 120
98 11 120
97 11 120
97 11 120
97 11 120
96 11 240
96 11 120
96 11 120
95 11 360
95 11 120
95 11 120
94 11 480
94 11 120
94 11 120
93 11 600
93 11 120
93 11 120
92 11 720
92 11 120
91 11 720
91 11 120
90 11 720
89 11 720
88 11 720
87 11 120
87 11 120
87 11 120
87 11 120
87 11 120
87 11 120
86 11 600
86 11 120
86 11 120
85 11 720
85 11 120
84 11 720
84 11 120
83 11 720
83 11 120
83 11 120
82 11 840
82 11 120
82 11 120
81 11 960
81 11 120
81 11 120
80 11 1080
80 11 120
80 11 120
79 11 1200
79 11 120
79 11 120
78 11 1320
78 11 120
78 11 120
77 11 1440
77 11 120
76 11 1440
76 11 120
75 11 1440
74 11 1440
73 11 1440
72 11 120
72 11 120
72 11 120
72 11 120
72 11 120
72 11 120
72 11 120
71 11 720
70 11 720
69 11 720
68 11 120
68 11 120
67 11 120
66 11 120
65 11 120
64 11 120
63 11 120
62 11 120
61 11 120
60 11 120
59 11 120
58 11 120
57 11 120
56 11 120
55 11 120
54 11 120
53 11 120
52 11 120
51 11 120
51 12 120
51 13 120
51 14 120
