198 17 50
197 17 50
196 17 50
195 17 50
194 17 50
193 17 50
192 17 50
191 17 50
190 17 50
190 17 50
189 17 50
189 17 50
189 17 50
188 17 50
188 17 50
188 17 50
188 17 50
187 17 50
187 17 50
187 17 50
187 17 50
187 17 50
187 17 50
186 17 50
186 17 50
186 17 50
186 17 50
186 17 50
186 17 50
186 17 50
186 17 50
185 17 50
185 17 50
185 17 50
185 17 50
185 17 50
185 17 50
185 17 50
185 17 50
185 17 50
185 17 50
185 17 50
185 17 50
184 17 50
184 17 50
184 17 50
184 17 50
184 17 50
184 17 50
184 17 50
184 17 50
184 17 50
184 17 50
184 17 50
184 17 50
184 17 50
184 17 50
184 17 50
184 17 50
184 17 50
183 17 50
183 17 50
183 17 50
183 17 50
183 17 50
183 17 50
183 17 50
183 17 50
183 17 50
183 17 50
183 17 50
183 17 50
183 17 50
183 17 50
183 17 50
183 17 50
183 17 50
183 17 50
183 17 50
183 17 50
183 17 50
183 17 50
182 17 50
182 17 50
182 17 50
182 17 50
182 17 50
182 17 50
182 17 50
182 17 50
182 17 50
182 17 50
182 17 50
182 17 50
182 17 50
182 17 50
182 17 50
182 17 50
182 17 50
182 17 50
182 17 50
182 17 50
182 17 50
182 17 50
182 17 50
182 17 50
182 17 50
182 17 50
182 17 50
181 17 50
181 17 50
181 17 50
181 17 50
181 17 50
181 17 50
181 17 50
181 17 50
181 17 50
181 17 50
181 17 50
181 17 50
181 17 50
181 17 50
181 17 50
181 17 50
181 17 50
181 17 50
181 17 50
181 17 50
181 17 50
181 17 50
181 17 50
181 17 50
181 17 50
181 17 50
181 17 50
181 17 50
181 17 50
181 17 50
181 17 50
181 17 50
180 17 50
180 17 50
180 17 50
180 17 50
180 17 50
180 17 50
180 17 50
180 17 50
180 17 50
180 17 50
180 17 50
180 17 50
180 17 50
180 17 50
180 17 50
180 17 50
180 17 50
180 17 50
180 17 50
180 17 50
180 17 50
180 17 50
180 17 50
180 17 50
180 17 50
180 17 50
180 17 50
180 17 50
180 17 50
180 17 50
180 17 50
180 17 50
180 17 50
180 17 50
180 17 50
179 17 50
179 17 50
179 17 50
179 17 50
179 17 50
179 17 50
179 17 50
179 17 50
179 17 50
179 17 50
179 17 50
179 17 50
179 17 50
179 17 50
179 17 50
179 17 50
179 17 50
179 17 50
179 17 50
179 17 50
179 17 50
179 17 50
179 17 50
179 17 50
179 17 50
179 17 50
179 17 50
179 17 50
179 17 50
179 17 50
179 17 50
179 17 50
179 17 50
179 17 50
179 17 50
179 17 50
179 17 50
178 17 50
178 17 50
178 17 50
178 17 50
178 17 50
178 17 50
178 17 50
178 17 50
178 17 50
178 17 50
178 17 50
178 17 50
178 17 50
178 17 50
178 17 50
178 17 50
178 17 50
178 17 50
178 17 50
178 17 50
178 17 50
178 17 50
178 17 50
178 17 50
178 17 50
178 17 50
178 17 50
178 17 50
178 17 50
178 17 50
178 17 50
178 17 50
178 17 50
178 17 50
178 17 50
178 17 50
177 17 50
177 17 50
177 17 50
177 17 50
177 17 50
177 17 50
177 17 50
177 17 50
177 17 50
177 17 50
177 17 50
177 17 50
177 17 50
177 17 50
177 17 50
177 17 50
177 17 50
177 17 50
177 17 50
177 17 50
177 17 50
177 17 50
177 17 50
177 17 50
177 17 50
177 17 50
177 17 50
177 17 50
177 17 50
177 17 50
177 17 50
177 17 50
177 17 50
177 17 50
176 17 50
176 17 50
176 17 50
176 17 50
176 17 50
176 17 50
176 17 50
176 17 50
176 17 50
176 17 50
176 17 50
176 17 50
176 17 50
176 17 50
176 17 50
176 17 50
176 17 50
176 17 50
176 17 50
176 17 50
176 17 50
176 17 50
176 17 50
176 17 50
176 17 50
176 17 50
176 17 50
176 17 50
176 17 50
176 17 50
175 17 50
175 17 50
175 17 50
175 17 50
175 17 50
175 17 50
175 17 50
175 17 50
175 17 50
175 17 50
175 17 50
175 17 50
175 17 50
175 17 50
175 17 50
175 17 50
175 17 50
175 17 50
175 17 50
175 17 50
175 17 50
175 17 50
175 17 50
175 17 50
175 17 50
175 17 50
174 17 50
174 17 50
174 17 50
174 17 50
174 17 50
174 17 50
174 17 50
174 17 50
174 17 50
174 17 50
174 17 50
174 17 50
174 17 50
174 17 50
174 17 50
174 17 50
174 17 50
174 17 50
174 17 50
174 17 50
174 17 50
173 17 50
173 17 50
173 17 50
173 17 50
173 17 50
173 17 50
173 17 50
173 17 50
173 17 50
173 17 50
173 17 50
173 17 50
173 17 50
173 17 50
173 17 50
173 17 50
172 17 50
172 17 50
172 17 50
172 17 50
172 17 50
172 17 50
172 17 50
172 17 50
172 17 50
172 17 50
172 17 50
172 17 50
172 17 50
171 17 50
171 17 50
171 17 50
171 17 50
171 17 50
171 17 50
171 17 50
171 17 50
171 17 50
171 17 50
170 17 50
170 17 50
170 17 50
170 17 50
170 17 50
170 17 50
170 17 50
169 17 50
169 17 50
169 17 50
169 17 50
169 17 50
169 17 50
168 17 50
168 17 50
168 17 50
168 17 50
167 17 50
167 17 50
167 17 50
167 17 50
166 17 50
166 17 50
166 17 50
165 17 50
165 17 50
165 17 50
164 17 50
164 17 50
163 17 50
163 17 50
162 17 50
162 17 50
161 17 50
161 17 50
160 17 50
160 17 50
159 17 50
159 17 50
158 17 50
158 17 50
157 17 50
157 17 50
156 17 50
156 17 50
155 17 50
155 17 50
154 17 50
154 17 50
153 17 50
153 17 50
152 17 50
152 17 50
151 17 50
151 17 50
150 17 50
150 17 50
149 17 50
149 17 50
148 17 50
148 17 50
148 17 50
147 17 50
147 17 50
147 17 50
146 17 50
146 17 50
146 17 50
146 17 50
145 17 50
145 17 50
145 17 50
145 17 50
144 17 50
144 17 50
144 17 50
144 17 50
144 17 50
143 17 50
143 17 50
143 17 50
143 17 50
143 17 50
143 17 50
142 17 50
142 17 50
142 17 50
142 17 50
142 17 50
142 17 50
142 17 50
141 17 50
141 17 50
141 17 50
141 17 50
141 17 50
141 17 50
141 17 50
140 17 50
140 17 50
140 17 50
140 17 50
140 17 50
140 17 50
140 17 50
140 17 50
140 17 50
139 17 50
139 17 50
139 17 50
139 17 50
139 17 50
139 17 50
139 17 50
139 17 50
139 17 50
139 17 50
138 17 50
138 17 50
138 17 50
138 17 50
138 17 50
138 17 50
138 17 50
138 17 50
138 17 50
138 17 50
138 17 50
137 17 50
137 17 50
137 17 50
137 17 50
137 17 50
137 17 50
137 17 50
137 17 50
137 17 50
137 17 50
137 17 50
137 17 50
137 17 50
136 17 50
136 17 50
136 17 50
136 17 50
136 17 50
136 17 50
136 17 50
136 17 50
136 17 50
136 17 50
136 17 50
136 17 50
136 17 50
135 17 50
135 17 50
135 17 50
135 17 50
135 17 50
135 17 50
135 17 50
135 17 50
135 17 50
135 17 50
135 17 50
135 17 50
135 17 50
135 17 50
134 17 50
134 17 50
134 17 50
134 17 50
134 17 50
134 17 50
134 17 50
134 17 50
134 17 50
134 17 50
134 17 50
134 17 50
134 17 50
133 17 50
133 17 50
133 17 50
133 17 50
133 17 50
133 17 50
133 17 50
133 17 50
133 17 50
133 17 50
133 17 50
133 17 50
132 17 50
132 17 50
132 17 50
132 17 50
132 17 50
132 17 50
132 17 50
132 17 50
132 17 50
132 17 50
131 17 50
131 17 50
131 17 50
131 17 50
131 17 50
131 17 50
131 17 50
131 17 50
130 17 50
130 17 50
130 17 50
130 17 50
130 17 50
130 17 50
129 17 50
129 17 50
129 17 50
129 17 50
129 17 50
128 17 50
128 17 50
128 17 50
128 17 50
128 18 150
128 18 50
128 19 50
128 19 50
128 19 50
128 19 50
128 19 50
128 20 50
128 20 50
128 20 50
128 20 50
128 20 50
128 20 50
128 20 50
128 21 50
128 21 50
128 21 50
128 21 50
128 21 50
128 21 50
128 21 50
128 21 50
128 21 50
128 22 50
128 22 50
128 22 50
128 22 50
128 22 50
128 22 50
128 22 50
128 22 50
128 22 50
128 22 50
128 22 50
128 22 50
128 23 50
128 23 50
128 23 50
128 23 50
128 23 50
128 23 50
128 23 50
128 23 50
128 23 50
128 23 50
128 23 50
128 23 50
128 23 50
128 23 50
128 23 50
128 24 50
128 24 50
128 24 50
128 24 50
128 24 50
128 24 50
128 24 50
128 24 50
128 24 50
128 24 50
128 24 50
128 24 50
128 24 50
128 24 50
128 24 50
128 24 50
128 24 50
128 24 50
128 24 50
128 25 50
128 25 50
128 25 50
128 25 50
128 25 50
128 25 50
128 25 50
128 25 50
128 25 50
128 25 50
128 25 50
128 25 50
128 25 50
128 25 50
128 25 50
128 25 50
128 25 50
128 25 50
128 25 50
128 25 50
128 25 50
128 25 50
128 26 50
128 26 50
128 26 50
128 26 50
128 26 50
128 26 50
128 26 50
128 26 50
128 26 50
128 26 50
128 26 50
128 26 50
128 26 50
128 26 50
128 26 50
128 26 50
128 26 50
128 26 50
128 26 50
128 26 50
128 26 50
128 26 50
128 26 50
128 26 50
128 26 50
128 27 50
128 27 50
128 27 50
128 27 50
128 27 50
128 27 50
128 27 50
128 27 50
128 27 50
128 27 50
128 27 50
128 27 50
128 27 50
128 27 50
128 27 50
128 27 50
128 27 50
128 27 50
128 27 50
128 27 50
128 27 50
128 27 50
128 27 50
128 27 50
128 27 50
128 27 50
128 27 50
128 28 50
128 28 50
128 28 50
128 28 50
128 28 50
128 28 50
128 28 50
128 28 50
128 28 50
128 28 50
128 28 50
128 28 50
128 28 50
128 28 50
128 28 50
128 28 50
128 28 50
128 28 50
128 28 50
128 28 50
128 28 50
128 28 50
128 28 50
128 28 50
128 28 50
128 28 50
128 28 50
128 28 50
128 29 50
128 29 50
128 29 50
128 29 50
128 29 50
128 29 50
128 29 50
128 29 50
128 29 50
128 29 50
128 29 50
128 29 50
128 29 50
128 29 50
128 29 50
128 29 50
128 29 50
128 29 50
128 29 50
128 29 50
128 29 50
128 29 50
128 29 50
128 29 50
128 29 50
128 29 50
128 29 50
128 29 50
128 30 50
128 30 50
128 30 50
128 30 50
128 30 50
128 30 50
128 30 50
128 30 50
128 30 50
128 30 50
128 30 50
128 30 50
128 30 50
128 30 50
128 30 50
128 30 50
128 30 50
128 30 50
128 30 50
128 30 50
128 30 50
128 30 50
128 30 50
128 30 50
128 30 50
128 30 50
128 31 50
128 31 50
128 31 50
128 31 50
128 31 50
128 31 50
128 31 50
128 31 50
128 31 50
128 31 50
128 31 50
128 31 50
128 31 50
128 31 50
128 31 50
128 31 50
128 31 50
128 31 50
128 31 50
128 31 50
128 31 50
128 31 50
128 31 50
128 32 50
128 32 50
128 32 50
128 32 50
128 32 50
128 32 50
128 32 50
128 32 50
128 32 50
128 32 50
128 32 50
128 32 50
128 32 50
128 32 50
128 32 50
128 32 50
128 32 50
128 32 50
128 32 50
128 32 50
128 33 50
128 33 50
128 33 50
128 33 50
128 33 50
128 33 50
128 33 50
128 33 50
128 33 50
128 33 50
128 33 50
128 33 50
128 33 50
128 33 50
128 33 50
128 33 50
128 33 50
128 34 50
128 34 50
128 34 50
128 34 50
128 34 50
128 34 50
128 34 50
128 34 50
128 34 50
128 34 50
128 34 50
128 34 50
128 34 50
128 34 50
128 35 50
128 35 50
128 35 50
128 35 50
128 35 50
128 35 50
128 35 50
128 35 50
128 35 50
128 35 50
128 35 50
128 36 50
128 36 50
128 36 50
128 36 50
128 36 50
128 36 50
128 36 50
128 36 50
128 36 50
128 37 50
128 37 50
128 37 50
128 37 50
128 37 50
128 37 50
128 37 50
128 38 50
128 38 50
128 38 50
128 38 50
128 38 50
128 39 50
128 39 50
128 39 50
128 39 50
128 40 50
128 40 50
128 40 50
128 41 50
128 41 50
128 42 50
128 42 50
128 43 50
128 44 50
128 45 50
128 46 50
128 47 50
128 48 50
128 49 50
160 18 50
160 18 50
160 19 50
160 19 50
160 20 50
160 20 50
160 21 50
160 21 50
160 22 50
160 22 50
160 23 50
160 24 50
160 25 50
160 26 50
160 27 50
160 28 50
103 6 50
104 6 50
105 6 50
106 6 50
107 6 50
108 6 50
109 6 50
110 6 50
110 6 50
111 6 50
111 6 50
112 6 50
112 6 50
112 6 50
113 6 50
113 6 50
113 6 50
114 6 50
114 6 50
114 6 50
114 6 50
115 6 50
115 6 50
115 6 50
115 6 50
116 6 50
116 6 50
116 6 50
116 6 50
116 6 50
117 6 50
117 6 50
117 6 50
117 6 50
117 6 50
118 6 50
118 6 50
118 6 50
118 6 50
119 6 50
119 6 50
119 6 50
119 6 50
120 6 50
120 6 50
120 6 50
121 6 50
121 6 50
121 6 50
122 6 50
122 6 50
123 6 50
123 6 50
124 6 50
124 6 50
125 6 50
125 6 50
126 6 50
126 6 50
127 6 50
128 6 50
128 7 50
128 7 50
128 8 50
128 8 50
128 9 50
128 9 50
128 10 50
128 10 50
128 11 50
128 11 50
128 12 50
128 12 50
128 13 50
128 13 50
128 14 50
128 14 50
128 15 50
128 15 50
128 15 50
128 16 50
128 16 50
128 16 50
68 68 100
69 68 50
70 68 50
71 68 50
71 68 50
72 68 50
72 68 50
73 68 50
73 68 50
73 68 50
74 68 50
74 68 50
74 68 50
75 68 50
75 68 50
75 68 50
75 68 50
76 68 50
76 68 50
76 68 50
76 68 50
76 68 50
77 68 50
77 68 50
77 68 50
77 68 50
77 68 50
77 68 50
78 68 50
78 68 50
78 68 50
78 68 50
78 68 50
78 68 50
78 68 50
78 68 50
79 68 50
79 68 50
79 68 50
79 68 50
79 68 50
79 68 50
79 68 50
79 68 50
79 68 50
79 68 50
80 68 50
80 68 50
80 68 50
80 68 50
80 68 50
80 68 50
80 68 50
80 68 50
80 68 50
80 68 50
80 68 50
80 68 50
80 68 50
81 68 50
81 68 50
81 68 50
81 68 50
81 68 50
81 68 50
81 68 50
81 68 50
81 68 50
81 68 50
81 68 50
81 68 50
81 68 50
81 68 50
81 68 50
81 68 50
81 68 50
82 68 50
82 68 50
82 68 50
82 68 50
82 68 50
82 68 50
82 68 50
82 68 50
82 68 50
82 68 50
82 68 50
82 68 50
82 68 50
82 68 50
82 68 50
82 68 50
82 68 50
82 68 50
82 68 50
82 68 50
82 68 50
82 68 50
83 68 50
83 68 50
83 68 50
83 68 50
83 68 50
83 68 50
83 68 50
83 68 50
83 68 50
83 68 50
83 68 50
83 68 50
83 68 50
83 68 50
83 68 50
83 68 50
83 68 50
83 68 50
83 68 50
83 68 50
83 68 50
83 68 50
83 68 50
83 68 50
83 68 50
83 68 50
83 68 50
83 68 50
83 68 50
84 68 50
84 68 50
84 68 50
84 68 50
84 68 50
84 68 50
84 68 50
84 68 50
84 68 50
84 68 50
84 68 50
84 68 50
84 68 50
84 68 50
84 68 50
84 68 50
84 68 50
84 68 50
84 68 50
84 68 50
84 68 50
84 68 50
84 68 50
84 68 50
84 68 50
84 68 50
84 68 50
84 68 50
84 68 50
84 68 50
84 68 50
84 68 50
84 68 50
84 68 50
84 68 50
84 68 50
85 68 50
85 68 50
85 68 50
85 68 50
85 68 50
85 68 50
85 68 50
85 68 50
85 68 50
85 68 50
85 68 50
85 68 50
85 68 50
85 68 50
85 68 50
85 68 50
85 68 50
85 68 50
85 68 50
85 68 50
85 68 50
85 68 50
85 68 50
85 68 50
85 68 50
85 68 50
85 68 50
85 68 50
85 68 50
85 68 50
85 68 50
85 68 50
85 68 50
85 68 50
85 68 50
85 68 50
85 68 50
85 68 50
85 68 50
85 68 50
85 68 50
85 68 50
85 68 50
85 68 50
85 68 50
86 68 50
86 68 50
86 68 50
86 68 50
86 68 50
86 68 50
86 68 50
86 68 50
86 68 50
86 68 50
86 68 50
86 68 50
86 68 50
86 68 50
86 68 50
86 68 50
86 68 50
86 68 50
86 68 50
86 68 50
86 68 50
86 68 50
86 68 50
86 68 50
86 68 50
86 68 50
86 68 50
86 68 50
86 68 50
86 68 50
86 68 50
86 68 50
86 68 50
86 68 50
86 68 50
86 68 50
86 68 50
86 68 50
86 68 50
86 68 50
86 68 50
86 68 50
86 68 50
86 68 50
86 68 50
86 68 50
86 68 50
86 68 50
86 68 50
86 68 50
86 68 50
86 68 50
86 68 50
86 68 50
87 68 50
87 68 50
87 68 50
87 68 50
87 68 50
87 68 50
87 68 50
87 68 50
87 68 50
87 68 50
87 68 50
87 68 50
87 68 50
87 68 50
87 68 50
87 68 50
87 68 50
87 68 50
87 68 50
87 68 50
87 68 50
87 68 50
87 68 50
87 68 50
87 68 50
87 68 50
87 68 50
87 68 50
87 68 50
87 68 50
87 68 50
87 68 50
87 68 50
87 68 50
87 68 50
87 68 50
87 68 50
87 68 50
87 68 50
87 68 50
87 68 50
87 68 50
87 68 50
87 68 50
87 68 50
87 68 50
87 68 50
87 68 50
87 68 50
87 68 50
87 68 50
87 68 50
87 68 50
87 68 50
87 68 50
87 68 50
87 68 50
87 68 50
87 68 50
87 68 50
87 68 50
88 68 50
88 68 50
88 68 50
88 68 50
88 68 50
88 68 50
88 68 50
88 68 50
88 68 50
88 68 50
88 68 50
88 68 50
88 68 50
88 68 50
88 68 50
88 68 50
88 68 50
88 68 50
88 68 50
88 68 50
88 68 50
88 68 50
88 68 50
88 68 50
88 68 50
88 68 50
88 68 50
88 68 50
88 68 50
88 68 50
88 68 50
88 68 50
88 68 50
88 68 50
88 68 50
88 68 50
88 68 50
88 68 50
88 68 50
88 68 50
88 68 50
88 68 50
88 68 50
88 68 50
88 68 50
88 68 50
88 68 50
88 68 50
88 68 50
88 68 50
88 68 50
88 68 50
88 68 50
88 68 50
88 68 50
88 68 50
88 68 50
88 68 50
88 68 50
88 68 50
88 68 50
88 68 50
88 68 50
88 68 50
88 68 50
88 68 50
89 68 50
89 68 50
89 68 50
89 68 50
89 68 50
89 68 50
89 68 50
89 68 50
89 68 50
89 68 50
89 68 50
89 68 50
89 68 50
89 68 50
89 68 50
89 68 50
89 68 50
89 68 50
89 68 50
89 68 50
89 68 50
89 68 50
89 68 50
89 68 50
89 68 50
89 68 50
89 68 50
89 68 50
89 68 50
89 68 50
89 68 50
89 68 50
89 68 50
89 68 50
89 68 50
89 68 50
89 68 50
89 68 50
89 68 50
89 68 50
89 68 50
89 68 50
89 68 50
89 68 50
89 68 50
89 68 50
89 68 50
89 68 50
89 68 50
89 68 50
89 68 50
89 68 50
89 68 50
89 68 50
89 68 50
89 68 50
89 68 50
89 68 50
89 68 50
89 68 50
89 68 50
89 68 50
89 68 50
89 68 50
89 68 50
89 68 50
89 68 50
89 68 50
89 68 50
90 68 50
90 68 50
90 68 50
90 68 50
90 68 50
90 68 50
90 68 50
90 68 50
90 68 50
90 68 50
90 68 50
90 68 50
90 68 50
90 68 50
90 68 50
90 68 50
90 68 50
90 68 50
90 68 50
90 68 50
90 68 50
90 68 50
90 68 50
90 68 50
90 68 50
90 68 50
90 68 50
90 68 50
90 68 50
90 68 50
90 68 50
90 68 50
90 68 50
90 68 50
90 68 50
90 68 50
90 68 50
90 68 50
90 68 50
90 68 50
90 68 50
90 68 50
90 68 50
90 68 50
90 68 50
90 68 50
90 68 50
90 68 50
90 68 50
90 68 50
90 68 50
90 68 50
90 68 50
90 68 50
90 68 50
90 68 50
90 68 50
90 68 50
90 68 50
90 68 50
90 68 50
90 68 50
90 68 50
90 68 50
90 68 50
90 68 50
90 68 50
90 68 50
90 68 50
90 68 50
90 68 50
91 68 50
91 68 50
91 68 50
91 68 50
91 68 50
91 68 50
91 68 50
91 68 50
91 68 50
91 68 50
91 68 50
91 68 50
91 68 50
91 68 50
91 68 50
91 68 50
91 68 50
91 68 50
91 68 50
91 68 50
91 68 50
91 68 50
91 68 50
91 68 50
91 68 50
91 68 50
91 68 50
91 68 50
91 68 50
91 68 50
91 68 50
91 68 50
91 68 50
91 68 50
91 68 50
91 68 50
91 68 50
91 68 50
91 68 50
91 68 50
91 68 50
91 68 50
91 68 50
91 68 50
91 68 50
91 68 50
91 68 50
91 68 50
91 68 50
91 68 50
91 68 50
91 68 50
91 68 50
91 68 50
91 68 50
91 68 50
91 68 50
91 68 50
91 68 50
91 68 50
91 68 50
91 68 50
91 68 50
91 68 50
91 68 50
91 68 50
91 68 50
91 68 50
91 68 50
91 68 50
91 68 50
92 68 50
92 68 50
92 68 50
92 68 50
92 68 50
92 68 50
92 68 50
92 68 50
92 68 50
92 68 50
92 68 50
92 68 50
92 68 50
92 68 50
92 68 50
92 68 50
92 68 50
92 68 50
92 68 50
92 68 50
92 68 50
92 68 50
92 68 50
92 68 50
92 68 50
92 68 50
92 68 50
92 68 50
92 68 50
92 68 50
92 68 50
92 68 50
92 68 50
92 68 50
92 68 50
92 68 50
92 68 50
92 68 50
92 68 50
92 68 50
92 68 50
92 68 50
92 68 50
92 68 50
92 68 50
92 68 50
92 68 50
92 68 50
92 68 50
92 68 50
92 68 50
92 68 50
92 68 50
92 68 50
92 68 50
92 68 50
92 68 50
92 68 50
92 68 50
92 68 50
92 68 50
92 68 50
92 68 50
92 68 50
92 68 50
92 68 50
92 68 50
92 68 50
92 68 50
92 68 50
93 68 50
93 68 50
93 68 50
93 68 50
93 68 50
93 68 50
93 68 50
93 68 50
93 68 50
93 68 50
93 68 50
93 68 50
93 68 50
93 68 50
93 68 50
93 68 50
93 68 50
93 68 50
93 68 50
93 68 50
93 68 50
93 68 50
93 68 50
93 68 50
93 68 50
93 68 50
93 68 50
93 68 50
93 68 50
93 68 50
93 68 50
93 68 50
93 68 50
93 68 50
93 68 50
93 68 50
93 68 50
93 68 50
93 68 50
93 68 50
93 68 50
93 68 50
93 68 50
93 68 50
93 68 50
93 68 50
93 68 50
93 68 50
93 68 50
93 68 50
93 68 50
93 68 50
93 68 50
93 68 50
93 68 50
93 68 50
93 68 50
93 68 50
93 68 50
93 68 50
93 68 50
93 68 50
93 68 50
93 68 50
93 68 50
93 68 50
93 68 50
93 68 50
94 68 50
94 68 50
94 68 50
94 68 50
94 68 50
94 68 50
94 68 50
94 68 50
94 68 50
94 68 50
94 68 50
94 68 50
94 68 50
94 68 50
94 68 50
94 68 50
94 68 50
94 68 50
94 68 50
94 68 50
94 68 50
94 68 50
94 68 50
94 68 50
94 68 50
94 68 50
94 68 50
94 68 50
94 68 50
94 68 50
94 68 50
94 68 50
94 68 50
94 68 50
94 68 50
94 68 50
94 68 50
94 68 50
94 68 50
94 68 50
94 68 50
94 68 50
94 68 50
94 68 50
94 68 50
94 68 50
94 68 50
94 68 50
94 68 50
94 68 50
94 68 50
94 68 50
94 68 50
94 68 50
94 68 50
94 68 50
94 68 50
94 68 50
94 68 50
94 68 50
94 68 50
94 68 50
94 68 50
94 68 50
94 68 50
95 68 50
95 68 50
95 68 50
95 68 50
95 68 50
95 68 50
95 68 50
95 68 50
95 68 50
95 68 50
95 68 50
95 68 50
95 68 50
95 68 50
95 68 50
95 68 50
95 68 50
95 68 50
95 68 50
95 68 50
95 68 50
95 68 50
95 68 50
95 68 50
95 68 50
95 68 50
95 68 50
95 68 50
95 68 50
95 68 50
95 68 50
95 68 50
95 68 50
95 68 50
95 68 50
95 68 50
95 68 50
95 68 50
95 68 50
95 68 50
95 68 50
95 68 50
95 68 50
95 68 50
95 68 50
95 68 50
95 68 50
95 68 50
95 68 50
95 68 50
95 68 50
95 68 50
95 68 50
95 68 50
95 68 50
95 68 50
95 68 50
95 68 50
95 68 50
95 68 50
95 68 50
95 68 50
96 68 50
96 68 50
96 68 50
96 68 50
96 68 50
96 68 50
96 68 50
96 68 50
96 68 50
96 68 50
96 68 50
96 68 50
96 68 50
96 68 50
96 68 50
96 68 50
96 68 50
96 68 50
96 68 50
96 68 50
96 68 50
96 68 50
96 68 50
96 68 50
96 68 50
96 68 50
96 68 50
96 68 50
96 68 50
96 68 50
96 68 50
96 68 50
96 68 50
96 68 50
96 68 50
96 68 50
96 68 50
96 68 50
96 68 50
96 68 50
96 68 50
96 68 50
96 68 50
96 68 50
96 68 50
96 68 50
96 68 50
96 68 50
96 68 50
96 68 50
96 68 50
96 68 50
96 68 50
96 68 50
96 68 50
96 68 50
96 68 50
96 68 50
97 68 50
97 68 50
97 68 50
97 68 50
97 68 50
97 68 50
97 68 50
97 68 50
97 68 50
97 68 50
97 68 50
97 68 50
97 68 50
97 68 50
97 68 50
97 68 50
97 68 50
97 68 50
97 68 50
97 68 50
97 68 50
97 68 50
97 68 50
97 68 50
97 68 50
97 68 50
97 68 50
97 68 50
97 68 50
97 68 50
97 68 50
97 68 50
97 68 50
97 68 50
97 68 50
97 68 50
97 68 50
97 68 50
97 68 50
97 68 50
97 68 50
97 68 50
97 68 50
97 68 50
97 68 50
97 68 50
97 68 50
97 68 50
97 68 50
97 68 50
97 68 50
97 68 50
97 68 50
97 68 50
97 68 50
98 68 50
98 68 50
98 68 50
98 68 50
98 68 50
98 68 50
98 68 50
98 68 50
98 68 50
98 68 50
98 68 50
98 68 50
98 68 50
98 68 50
98 68 50
98 68 50
98 68 50
98 68 50
98 68 50
98 68 50
98 68 50
98 68 50
98 68 50
98 68 50
98 68 50
98 68 50
98 68 50
98 68 50
98 68 50
98 68 50
98 68 50
98 68 50
98 68 50
98 68 50
98 68 50
98 68 50
98 68 50
98 68 50
98 68 50
98 68 50
98 68 50
98 68 50
98 68 50
98 68 50
98 68 50
98 68 50
98 68 50
98 68 50
98 68 50
98 68 50
98 68 50
98 68 50
99 68 50
99 68 50
99 68 50
99 68 50
99 68 50
99 68 50
99 68 50
99 68 50
99 68 50
99 68 50
99 68 50
99 68 50
99 68 50
99 68 50
99 68 50
99 68 50
99 68 50
99 68 50
99 68 50
99 68 50
99 68 50
99 68 50
99 68 50
99 68 50
99 68 50
99 68 50
99 68 50
99 68 50
99 68 50
99 68 50
99 68 50
99 68 50
99 68 50
99 68 50
99 68 50
99 68 50
99 68 50
99 68 50
99 68 50
99 68 50
99 68 50
99 68 50
99 68 50
99 68 50
99 68 50
99 68 50
99 68 50
99 68 50
99 68 50
100 68 50
100 68 50
100 68 50
100 68 50
100 68 50
100 68 50
100 68 50
100 68 50
100 68 50
100 68 50
100 68 50
100 68 50
100 68 50
100 68 50
100 68 50
100 68 50
100 68 50
100 68 50
100 68 50
100 68 50
100 68 50
100 68 50
100 68 50
100 68 50
100 68 50
100 68 50
100 68 50
100 68 50
100 68 50
100 68 50
100 68 50
100 68 50
100 68 50
100 68 50
100 68 50
100 68 50
100 68 50
100 68 50
100 68 50
100 68 50
100 68 50
100 68 50
100 68 50
100 68 50
100 68 50
100 68 50
101 68 50
101 68 50
101 68 50
101 68 50
101 68 50
101 68 50
101 68 50
101 68 50
101 68 50
101 68 50
101 68 50
101 68 50
101 68 50
101 68 50
101 68 50
101 68 50
101 68 50
101 68 50
101 68 50
101 68 50
101 68 50
101 68 50
101 68 50
101 68 50
101 68 50
101 68 50
101 68 50
101 68 50
101 68 50
101 68 50
101 68 50
101 68 50
101 68 50
101 68 50
101 68 50
101 68 50
101 68 50
101 68 50
101 68 50
101 68 50
101 68 50
101 68 50
101 68 50
102 68 50
102 68 50
102 68 50
102 68 50
102 68 50
102 68 50
102 68 50
102 68 50
102 68 50
102 68 50
102 68 50
102 68 50
102 68 50
102 68 50
102 68 50
102 68 50
102 68 50
102 68 50
102 68 50
102 68 50
102 68 50
102 68 50
102 68 50
102 68 50
102 68 50
102 68 50
102 68 50
102 68 50
102 68 50
102 68 50
102 68 50
102 68 50
102 68 50
102 68 50
102 68 50
102 68 50
102 68 50
102 68 50
102 68 50
103 68 50
103 68 50
103 68 50
103 68 50
103 68 50
103 68 50
103 68 50
103 68 50
103 68 50
103 68 50
103 68 50
103 68 50
103 68 50
103 68 50
103 68 50
103 68 50
103 68 50
103 68 50
103 68 50
103 68 50
103 68 50
103 68 50
103 68 50
103 68 50
103 68 50
103 68 50
103 68 50
103 68 50
103 68 50
103 68 50
103 68 50
103 68 50
103 68 50
103 68 50
103 68 50
104 68 50
104 68 50
104 68 50
104 68 50
104 68 50
104 68 50
104 68 50
104 68 50
104 68 50
104 68 50
104 68 50
104 68 50
104 68 50
104 68 50
104 68 50
104 68 50
104 68 50
104 68 50
104 68 50
104 68 50
104 68 50
104 68 50
104 68 50
104 68 50
104 68 50
104 68 50
104 68 50
104 68 50
104 68 50
104 68 50
104 68 50
105 68 50
105 68 50
105 68 50
105 68 50
105 68 50
105 68 50
105 68 50
105 68 50
105 68 50
105 68 50
105 68 50
105 68 50
105 68 50
105 68 50
105 68 50
105 68 50
105 68 50
105 68 50
105 68 50
105 68 50
105 68 50
105 68 50
105 68 50
105 68 50
105 68 50
105 68 50
105 68 50
106 68 50
106 68 50
106 68 50
106 68 50
106 68 50
106 68 50
106 68 50
106 68 50
106 68 50
106 68 50
106 68 50
106 68 50
106 68 50
106 68 50
106 68 50
106 68 50
106 68 50
106 68 50
106 68 50
106 68 50
106 68 50
106 68 50
106 68 50
107 68 50
107 68 50
107 68 50
107 68 50
107 68 50
107 68 50
107 68 50
107 68 50
107 68 50
107 68 50
107 68 50
107 68 50
107 68 50
107 68 50
107 68 50
107 68 50
107 68 50
107 68 50
107 68 50
107 68 50
108 68 50
108 68 50
108 68 50
108 68 50
108 68 50
108 68 50
108 68 50
108 68 50
108 68 50
108 68 50
108 68 50
108 68 50
108 68 50
108 68 50
108 68 50
108 68 50
108 68 50
109 68 50
109 68 50
109 68 50
109 68 50
109 68 50
109 68 50
109 68 50
109 68 50
109 68 50
109 68 50
109 68 50
109 68 50
109 68 50
109 68 50
110 68 50
110 68 50
110 68 50
110 68 50
110 68 50
110 68 50
110 68 50
110 68 50
110 68 50
110 68 50
110 68 50
110 68 50
111 68 50
111 68 50
111 68 50
111 68 50
111 68 50
111 68 50
111 68 50
111 68 50
111 68 50
111 68 50
112 68 50
112 68 50
112 68 50
112 68 50
112 68 50
112 68 50
112 68 50
112 68 50
113 68 50
113 68 50
113 68 50
113 68 50
113 68 50
113 68 50
113 68 50
114 68 50
114 68 50
114 68 50
114 68 50
114 68 50
114 68 50
115 68 50
115 68 50
115 68 50
115 68 50
115 68 50
116 68 50
116 68 50
116 68 50
116 68 50
117 68 50
117 68 50
117 68 50
118 68 50
118 68 50
118 68 50
119 68 50
119 68 50
120 68 50
120 68 50
121 68 50
121 68 50
122 68 50
123 68 50
124 68 50
125 68 50
126 68 50
127 68 50
128 68 50
128 67 50
128 66 50
128 65 50
128 64 50
128 63 50
128 62 50
128 61 50
128 60 50
128 59 50
128 58 50
128 57 50
128 56 50
128 55 50
128 54 50
128 53 50
128 52 50
128 51 50
128 50 50
67 68 50
66 68 50
65 68 50
64 68 50
63 68 50
63 69 50
63 70 50
63 71 50
63 72 50
63 73 50
63 74 50
63 75 50
63 76 50
63 77 50
63 78 50
63 79 50
63 80 50
63 81 50
63 82 50
63 83 50
63 83 50
63 84 50
63 84 50
63 85 50
63 85 50
63 85 50
63 86 50
63 86 50
63 86 50
63 86 50
63 87 50
63 87 50
63 87 50
63 87 50
63 87 50
63 87 50
63 88 50
63 88 50
63 88 50
63 88 50
63 88 50
63 88 50
63 88 50
63 89 50
63 89 50
63 89 50
63 89 50
63 89 50
63 89 50
63 89 50
63 89 50
63 89 50
63 90 50
63 90 50
63 90 50
63 90 50
63 90 50
63 90 50
63 90 50
63 90 50
63 90 50
63 90 50
63 91 50
63 91 50
63 91 50
63 91 50
63 91 50
63 91 50
63 91 50
63 91 50
63 91 50
63 91 50
63 92 50
63 92 50
63 92 50
63 92 50
63 92 50
63 92 50
63 92 50
63 92 50
63 92 50
63 92 50
63 93 50
63 93 50
63 93 50
63 93 50
63 93 50
63 93 50
63 93 50
63 93 50
63 93 50
63 93 50
63 94 50
63 94 50
63 94 50
63 94 50
63 94 50
63 94 50
63 94 50
63 94 50
63 94 50
63 94 50
63 95 50
63 95 50
63 95 50
63 95 50
63 95 50
63 95 50
63 95 50
63 95 50
63 95 50
63 96 50
63 96 50
63 96 50
63 96 50
63 96 50
63 96 50
63 96 50
63 96 50
63 97 50
63 97 50
63 97 50
63 97 50
63 97 50
63 97 50
63 97 50
63 98 50
63 98 50
63 98 50
63 98 50
63 98 50
63 98 50
63 99 50
63 99 50
63 99 50
63 99 50
63 100 50
63 100 50
63 100 50
63 101 50
63 101 50
63 101 50
63 102 50
63 102 50
63 103 50
63 103 50
63 104 50
63 104 50
63 105 50
63 105 50
63 106 50
63 106 50
63 107 50
63 107 50
63 108 50
63 108 50
63 109 50
63 109 50
63 110 50
63 110 50
63 111 50
63 111 50
63 112 50
63 112 50
63 113 50
63 113 50
63 114 50
63 114 50
63 115 50
63 115 50
63 116 50
63 116 50
63 117 50
63 117 50
63 118 50
63 118 50
63 119 50
63 119 50
63 120 50
63 120 50
63 121 50
63 121 50
63 122 50
63 122 50
63 123 50
63 123 50
63 124 50
63 124 50
63 125 50
63 125 50
63 126 50
63 126 50
63 127 50
63 127 50
64 127 50
64 127 50
65 127 50
65 127 50
65 127 50
66 127 50
66 127 50
66 127 50
67 127 50
67 127 50
67 127 50
67 127 50
68 127 50
68 127 50
68 127 50
68 127 50
68 127 50
69 127 50
69 127 50
69 127 50
69 127 50
69 127 50
69 127 50
70 127 50
70 127 50
70 127 50
70 127 50
70 127 50
70 127 50
70 127 50
70 127 50
71 127 50
71 127 50
71 127 50
71 127 50
71 127 50
71 127 50
71 127 50
71 127 50
71 127 50
72 127 50
72 127 50
72 127 50
72 127 50
72 127 50
72 127 50
72 127 50
72 127 50
72 127 50
72 127 50
73 127 50
73 127 50
73 127 50
73 127 50
73 127 50
73 127 50
73 127 50
73 127 50
73 127 50
73 127 50
73 127 50
73 127 50
74 127 50
74 127 50
74 127 50
74 127 50
74 127 50
74 127 50
74 127 50
74 127 50
74 127 50
74 127 50
74 127 50
74 127 50
74 127 50
75 127 50
75 127 50
75 127 50
75 127 50
75 127 50
75 127 50
75 127 50
75 127 50
75 127 50
75 127 50
75 127 50
75 127 50
75 127 50
75 127 50
75 127 50
76 127 50
76 127 50
76 127 50
76 127 50
76 127 50
76 127 50
76 127 50
76 127 50
76 127 50
76 127 50
76 127 50
76 127 50
76 127 50
76 127 50
76 127 50
76 127 50
77 127 50
77 127 50
77 127 50
77 127 50
77 127 50
77 127 50
77 127 50
77 127 50
77 127 50
77 127 50
77 127 50
77 127 50
77 127 50
77 127 50
77 127 50
77 127 50
77 127 50
77 127 50
78 127 50
78 127 50
78 127 50
78 127 50
78 127 50
78 127 50
78 127 50
78 127 50
78 127 50
78 127 50
78 127 50
78 127 50
78 127 50
78 127 50
78 127 50
78 127 50
78 127 50
78 127 50
78 127 50
78 127 50
79 127 50
79 127 50
79 127 50
79 127 50
79 127 50
79 127 50
79 127 50
79 127 50
79 127 50
79 127 50
79 127 50
79 127 50
79 127 50
79 127 50
79 127 50
79 127 50
79 127 50
79 127 50
79 127 50
79 127 50
79 127 50
79 127 50
80 127 50
80 127 50
80 127 50
80 127 50
80 127 50
80 127 50
80 127 50
80 127 50
80 127 50
80 127 50
80 127 50
80 127 50
80 127 50
80 127 50
80 127 50
80 127 50
80 127 50
80 127 50
80 127 50
80 127 50
80 127 50
80 127 50
80 127 50
81 127 50
81 127 50
81 127 50
81 127 50
81 127 50
81 127 50
81 127 50
81 127 50
81 127 50
81 127 50
81 127 50
81 127 50
81 127 50
81 127 50
81 127 50
81 127 50
81 127 50
81 127 50
81 127 50
81 127 50
81 127 50
81 127 50
81 127 50
81 127 50
82 127 50
82 127 50
82 127 50
82 127 50
82 127 50
82 127 50
82 127 50
82 127 50
82 127 50
82 127 50
82 127 50
82 127 50
82 127 50
82 127 50
82 127 50
82 127 50
82 127 50
82 127 50
82 127 50
82 127 50
82 127 50
82 127 50
82 127 50
82 127 50
83 127 50
83 127 50
83 127 50
83 127 50
83 127 50
83 127 50
83 127 50
83 127 50
83 127 50
83 127 50
83 127 50
83 127 50
83 127 50
83 127 50
83 127 50
83 127 50
83 127 50
83 127 50
83 127 50
83 127 50
83 127 50
83 127 50
83 127 50
84 127 50
84 127 50
84 127 50
84 127 50
84 127 50
84 127 50
84 127 50
84 127 50
84 127 50
84 127 50
84 127 50
84 127 50
84 127 50
84 127 50
84 127 50
84 127 50
84 127 50
84 127 50
84 127 50
84 127 50
84 127 50
85 127 50
85 127 50
85 127 50
85 127 50
85 127 50
85 127 50
85 127 50
85 127 50
85 127 50
85 127 50
85 127 50
85 127 50
85 127 50
85 127 50
85 127 50
85 127 50
85 127 50
85 127 50
85 127 50
85 127 50
86 127 50
86 127 50
86 127 50
86 127 50
86 127 50
86 127 50
86 127 50
86 127 50
86 127 50
86 127 50
86 127 50
86 127 50
86 127 50
86 127 50
86 127 50
86 127 50
86 127 50
87 127 50
87 127 50
87 127 50
87 127 50
87 127 50
87 127 50
87 127 50
87 127 50
87 127 50
87 127 50
87 127 50
87 127 50
87 127 50
87 127 50
87 127 50
88 127 50
88 127 50
88 127 50
88 127 50
88 127 50
88 127 50
88 127 50
88 127 50
88 127 50
88 127 50
88 127 50
88 127 50
89 127 50
89 127 50
89 127 50
89 127 50
89 127 50
89 127 50
89 127 50
89 127 50
89 127 50
89 127 50
90 127 50
90 127 50
90 127 50
90 127 50
90 127 50
90 127 50
90 127 50
90 127 50
91 127 50
91 127 50
91 127 50
91 127 50
91 127 50
91 127 50
92 127 50
92 127 50
92 127 50
92 127 50
92 127 50
93 127 50
93 127 50
93 127 50
93 127 50
93 127 50
94 127 50
94 127 50
94 127 50
94 127 50
95 127 50
95 127 50
95 127 50
95 127 50
96 127 50
96 127 50
96 127 50
96 127 50
96 128 150
96 128 50
96 129 50
96 129 50
96 129 50
96 130 50
96 130 50
96 130 50
96 131 50
96 131 50
96 131 50
96 132 50
96 132 50
96 133 50
96 133 50
96 134 50
96 134 50
96 135 50
96 136 50
96 137 50
96 138 50
96 139 50
96 140 50
96 141 50
96 142 50
62 127 50
61 127 50
60 127 50
59 127 50
58 127 50
57 127 50
56 127 50
55 127 50
54 127 50
53 127 50
52 127 50
51 127 50
50 127 50
49 127 50
48 127 50
47 127 50
46 127 50
46 127 50
45 127 50
45 127 50
44 127 50
44 127 50
43 127 50
43 127 50
43 127 50
42 127 50
42 127 50
42 127 50
41 127 50
41 127 50
41 127 50
40 127 50
40 127 50
40 127 50
40 127 50
39 127 50
39 127 50
39 127 50
39 127 50
38 127 50
38 127 50
38 127 50
38 127 50
37 127 50
37 127 50
37 127 50
37 127 50
36 127 50
36 127 50
36 127 50
36 127 50
35 127 50
35 127 50
35 127 50
35 127 50
35 127 50
34 127 50
34 127 50
34 127 50
34 127 50
34 127 50
33 127 50
33 127 50
33 127 50
33 127 50
33 127 50
32 127 50
32 127 50
32 127 50
32 127 50
32 127 50
32 127 50
32 128 250
32 128 50
32 129 50
32 129 50
32 129 50
32 129 50
32 129 50
32 129 50
32 129 50
32 130 50
32 130 50
32 130 50
32 130 50
32 130 50
32 130 50
32 130 50
32 130 50
32 130 50
32 131 50
32 131 50
32 131 50
32 131 50
32 131 50
32 131 50
32 131 50
32 131 50
32 131 50
32 131 50
32 131 50
32 132 50
32 132 50
32 132 50
32 132 50
32 132 50
32 132 50
32 132 50
32 132 50
32 132 50
32 132 50
32 132 50
32 132 50
32 132 50
32 133 50
32 133 50
32 133 50
32 133 50
32 133 50
32 133 50
32 133 50
32 133 50
32 133 50
32 133 50
32 133 50
32 133 50
32 133 50
32 133 50
32 133 50
32 134 50
32 134 50
32 134 50
32 134 50
32 134 50
32 134 50
32 134 50
32 134 50
32 134 50
32 134 50
32 134 50
32 134 50
32 134 50
32 134 50
32 134 50
32 134 50
32 135 50
32 135 50
32 135 50
32 135 50
32 135 50
32 135 50
32 135 50
32 135 50
32 135 50
32 135 50
32 135 50
32 135 50
32 135 50
32 135 50
32 135 50
32 135 50
32 135 50
32 136 50
32 136 50
32 136 50
32 136 50
32 136 50
32 136 50
32 136 50
32 136 50
32 136 50
32 136 50
32 136 50
32 136 50
32 136 50
32 136 50
32 136 50
32 136 50
32 136 50
32 137 50
32 137 50
32 137 50
32 137 50
32 137 50
32 137 50
32 137 50
32 137 50
32 137 50
32 137 50
32 137 50
32 137 50
32 137 50
32 137 50
32 137 50
32 137 50
32 138 50
32 138 50
32 138 50
32 138 50
32 138 50
32 138 50
32 138 50
32 138 50
32 138 50
32 138 50
32 138 50
32 138 50
32 138 50
32 138 50
32 139 50
32 139 50
32 139 50
32 139 50
32 139 50
32 139 50
32 139 50
32 139 50
32 139 50
32 139 50
32 139 50
32 139 50
32 140 50
32 140 50
32 140 50
32 140 50
32 140 50
32 140 50
32 140 50
32 140 50
32 140 50
32 140 50
32 141 50
32 141 50
32 141 50
32 141 50
32 141 50
32 141 50
32 141 50
32 141 50
32 141 50
32 142 50
32 142 50
32 142 50
32 142 50
32 142 50
32 142 50
32 142 50
32 143 50
32 143 50
32 143 50
32 143 50
32 143 50
32 143 50
32 144 50
32 144 50
32 144 50
32 144 50
32 144 50
32 145 50
32 145 50
32 145 50
32 145 50
32 145 50
32 146 50
32 146 50
32 146 50
32 146 50
32 147 50
32 147 50
32 147 50
32 148 50
32 148 50
32 148 50
32 149 50
32 149 50
32 149 50
32 150 50
32 150 50
32 151 50
32 151 50
32 152 50
32 152 50
32 153 50
32 154 50
32 155 50
32 156 50
32 157 50
32 158 50
32 159 50
32 160 50
32 161 50
32 162 50
32 163 50
32 164 50
32 165 50
32 166 50
32 167 50
32 168 50
31 168 50
30 168 50
29 168 50
28 168 50
27 168 50
26 168 50
25 168 50
24 168 50
23 168 50
22 168 50
21 168 50
20 168 50
19 168 50
18 168 50
17 168 50
16 168 50
15 168 50
14 168 50
13 168 50
12 168 50
12 168 50
11 168 50
11 168 50
10 168 50
10 168 50
10 168 50
9 168 50
9 168 50
9 168 50
9 168 50
8 168 50
8 168 50
8 168 50
8 168 50
8 168 50
7 168 50
7 168 50
7 168 50
7 168 50
7 168 50
6 168 50
6 168 50
6 168 50
6 168 50
6 168 50
6 168 50
5 168 50
5 168 50
5 168 50
5 168 50
5 168 50
5 168 50
4 168 50
4 168 50
4 168 50
4 168 50
4 168 50
4 168 50
3 168 50
3 168 50
3 168 50
3 168 50
3 168 50
3 168 50
2 168 50
2 168 50
2 168 50
2 168 50
2 168 50
2 168 50
1 168 50
1 168 50
1 168 50
1 168 50
1 168 50
1 168 50
0 168 50
0 168 50
0 168 50
0 168 50
0 168 50
0 168 50
0 169 250
0 170 50
0 170 50
0 170 50
0 170 50
0 171 50
0 171 50
0 171 50
0 171 50
0 172 50
0 172 50
0 172 50
0 172 50
0 173 50
0 173 50
0 173 50
0 173 50
0 174 50
0 174 50
0 174 50
0 174 50
0 175 50
0 175 50
0 175 50
0 175 50
0 176 50
0 176 50
0 176 50
0 176 50
0 177 50
0 177 50
0 177 50
0 177 50
0 178 50
0 178 50
0 178 50
0 178 50
0 179 50
0 179 50
0 179 50
0 179 50
0 180 50
0 180 50
0 180 50
0 181 50
0 181 50
0 181 50
0 182 50
0 182 50
0 182 50
0 183 50
0 183 50
0 183 50
0 184 50
0 184 50
0 184 50
0 185 50
0 185 50
0 186 50
0 186 50
0 187 50
0 187 50
0 188 50
0 188 50
0 189 50
0 189 50
0 190 50
0 190 50
0 191 50
0 191 50
0 192 50
0 192 50
0 193 50
0 194 50
0 195 50
0 196 50
0 197 50
0 198 50
0 199 50
177 188 50
177 188 50
178 188 50
178 188 50
179 188 50
179 188 50
180 188 50
180 188 50
181 188 50
181 188 50
182 188 50
182 188 50
183 188 50
183 188 50
184 188 50
184 188 50
185 188 50
185 188 50
185 188 50
185 187 100
185 187 50
185 186 50
185 186 50
185 186 50
185 185 50
185 185 50
185 185 50
185 184 50
185 184 50
185 184 50
185 183 50
185 183 50
185 183 50
185 183 50
185 182 50
185 182 50
185 182 50
185 182 50
185 181 50
185 181 50
185 181 50
185 181 50
185 181 50
185 180 50
185 180 50
185 180 50
185 180 50
185 180 50
185 180 50
185 180 50
185 179 50
185 179 50
185 179 50
185 179 50
185 179 50
185 179 50
185 179 50
185 179 50
185 179 50
185 178 50
185 178 50
185 178 50
185 178 50
185 178 50
185 178 50
185 178 50
185 178 50
185 178 50
185 178 50
185 178 50
185 177 50
185 177 50
185 177 50
185 177 50
185 177 50
185 177 50
185 177 50
185 177 50
185 177 50
185 177 50
185 177 50
185 177 50
185 177 50
185 176 50
185 176 50
185 176 50
185 176 50
185 176 50
185 176 50
185 176 50
185 176 50
185 176 50
185 176 50
185 176 50
185 176 50
185 176 50
185 176 50
185 176 50
185 176 50
185 175 50
185 175 50
185 175 50
185 175 50
185 175 50
185 175 50
185 175 50
185 175 50
185 175 50
185 175 50
185 175 50
185 175 50
185 175 50
185 175 50
185 175 50
185 175 50
185 175 50
185 175 50
185 175 50
185 174 50
185 174 50
185 174 50
185 174 50
185 174 50
185 174 50
185 174 50
185 174 50
185 174 50
185 174 50
185 174 50
185 174 50
185 174 50
185 174 50
185 174 50
185 174 50
185 174 50
185 174 50
185 174 50
185 174 50
185 174 50
185 174 50
185 174 50
185 173 50
185 173 50
185 173 50
185 173 50
185 173 50
185 173 50
185 173 50
185 173 50
185 173 50
185 173 50
185 173 50
185 173 50
185 173 50
185 173 50
185 173 50
185 173 50
185 173 50
185 173 50
185 173 50
185 173 50
185 173 50
185 173 50
185 173 50
185 173 50
185 173 50
185 173 50
185 173 50
185 173 50
185 172 50
185 172 50
185 172 50
185 172 50
185 172 50
185 172 50
185 172 50
185 172 50
185 172 50
185 172 50
185 172 50
185 172 50
185 172 50
185 172 50
185 172 50
185 172 50
185 172 50
185 172 50
185 172 50
185 172 50
185 172 50
185 172 50
185 172 50
185 172 50
185 172 50
185 172 50
185 172 50
185 172 50
185 172 50
185 172 50
185 172 50
185 172 50
185 172 50
185 172 50
185 171 50
185 171 50
185 171 50
185 171 50
185 171 50
185 171 50
185 171 50
185 171 50
185 171 50
185 171 50
185 171 50
185 171 50
185 171 50
185 171 50
185 171 50
185 171 50
185 171 50
185 171 50
185 171 50
185 171 50
185 171 50
185 171 50
185 171 50
185 171 50
185 171 50
185 171 50
185 171 50
185 171 50
185 171 50
185 171 50
185 171 50
185 171 50
185 171 50
185 171 50
185 171 50
185 171 50
185 171 50
185 171 50
185 171 50
185 171 50
185 170 50
185 170 50
185 170 50
185 170 50
185 170 50
185 170 50
185 170 50
185 170 50
185 170 50
185 170 50
185 170 50
185 170 50
185 170 50
185 170 50
185 170 50
185 170 50
185 170 50
185 170 50
185 170 50
185 170 50
185 170 50
185 170 50
185 170 50
185 170 50
185 170 50
185 170 50
185 170 50
185 170 50
185 170 50
185 170 50
185 170 50
185 170 50
185 170 50
185 170 50
185 170 50
185 170 50
185 170 50
185 170 50
185 170 50
185 170 50
185 170 50
185 170 50
185 170 50
185 170 50
185 170 50
185 170 50
185 169 50
185 169 50
185 169 50
185 169 50
185 169 50
185 169 50
185 169 50
185 169 50
185 169 50
185 169 50
185 169 50
185 169 50
185 169 50
185 169 50
185 169 50
185 169 50
185 169 50
185 169 50
185 169 50
185 169 50
185 169 50
185 169 50
185 169 50
185 169 50
185 169 50
185 169 50
185 169 50
185 169 50
185 169 50
185 169 50
185 169 50
185 169 50
185 169 50
185 169 50
185 169 50
185 169 50
185 169 50
185 169 50
185 169 50
185 169 50
185 169 50
185 169 50
185 169 50
185 169 50
185 169 50
185 169 50
185 169 50
185 169 50
185 169 50
185 169 50
185 169 50
185 169 50
185 168 50
185 168 50
185 168 50
185 168 50
185 168 50
185 168 50
185 168 50
185 168 50
185 168 50
185 168 50
185 168 50
185 168 50
185 168 50
185 168 50
185 168 50
185 168 50
185 168 50
185 168 50
185 168 50
185 168 50
185 168 50
185 168 50
185 168 50
185 168 50
185 168 50
185 168 50
185 168 50
185 168 50
185 168 50
185 168 50
185 168 50
185 168 50
185 168 50
185 168 50
185 168 50
185 168 50
185 168 50
185 168 50
185 168 50
185 168 50
185 168 50
185 168 50
185 168 50
185 168 50
185 168 50
185 168 50
185 168 50
185 168 50
185 168 50
185 168 50
185 168 50
185 168 50
185 168 50
185 168 50
185 168 50
185 168 50
185 167 50
185 167 50
185 167 50
185 167 50
185 167 50
185 167 50
185 167 50
185 167 50
185 167 50
185 167 50
185 167 50
185 167 50
185 167 50
185 167 50
185 167 50
185 167 50
185 167 50
185 167 50
185 167 50
185 167 50
185 167 50
185 167 50
185 167 50
185 167 50
185 167 50
185 167 50
185 167 50
185 167 50
185 167 50
185 167 50
185 167 50
185 167 50
185 167 50
185 167 50
185 167 50
185 167 50
185 167 50
185 167 50
185 167 50
185 167 50
185 167 50
185 167 50
185 167 50
185 167 50
185 167 50
185 167 50
185 167 50
185 167 50
185 167 50
185 167 50
185 167 50
185 167 50
185 167 50
185 167 50
185 167 50
185 167 50
185 167 50
185 167 50
185 167 50
185 166 50
185 166 50
185 166 50
185 166 50
185 166 50
185 166 50
185 166 50
185 166 50
185 166 50
185 166 50
185 166 50
185 166 50
185 166 50
185 166 50
185 166 50
185 166 50
185 166 50
185 166 50
185 166 50
185 166 50
185 166 50
185 166 50
185 166 50
185 166 50
185 166 50
185 166 50
185 166 50
185 166 50
185 166 50
185 166 50
185 166 50
185 166 50
185 166 50
185 166 50
185 166 50
185 166 50
185 166 50
185 166 50
185 166 50
185 166 50
185 166 50
185 166 50
185 166 50
185 166 50
185 166 50
185 166 50
185 166 50
185 166 50
185 166 50
185 166 50
185 166 50
185 166 50
185 166 50
185 166 50
185 166 50
185 166 50
185 166 50
185 166 50
185 166 50
185 166 50
185 165 50
185 165 50
185 165 50
185 165 50
185 165 50
185 165 50
185 165 50
185 165 50
185 165 50
185 165 50
185 165 50
185 165 50
185 165 50
185 165 50
185 165 50
185 165 50
185 165 50
185 165 50
185 165 50
185 165 50
185 165 50
185 165 50
185 165 50
185 165 50
185 165 50
185 165 50
185 165 50
185 165 50
185 165 50
185 165 50
185 165 50
185 165 50
185 165 50
185 165 50
185 165 50
185 165 50
185 165 50
185 165 50
185 165 50
185 165 50
185 165 50
185 165 50
185 165 50
185 165 50
185 165 50
185 165 50
185 165 50
185 165 50
185 165 50
185 165 50
185 165 50
185 165 50
185 165 50
185 165 50
185 165 50
185 165 50
185 165 50
185 165 50
185 165 50
185 165 50
185 165 50
185 164 50
185 164 50
185 164 50
185 164 50
185 164 50
185 164 50
185 164 50
185 164 50
185 164 50
185 164 50
185 164 50
185 164 50
185 164 50
185 164 50
185 164 50
185 164 50
185 164 50
185 164 50
185 164 50
185 164 50
185 164 50
185 164 50
185 164 50
185 164 50
185 164 50
185 164 50
185 164 50
185 164 50
185 164 50
185 164 50
185 164 50
185 164 50
185 164 50
185 164 50
185 164 50
185 164 50
185 164 50
185 164 50
185 164 50
185 164 50
185 164 50
185 164 50
185 164 50
185 164 50
185 164 50
185 164 50
185 164 50
185 164 50
185 164 50
185 164 50
185 164 50
185 164 50
185 164 50
185 164 50
185 164 50
185 164 50
185 164 50
185 164 50
185 164 50
185 164 50
185 164 50
185 164 50
185 163 50
185 163 50
185 163 50
185 163 50
185 163 50
185 163 50
185 163 50
185 163 50
185 163 50
185 163 50
185 163 50
185 163 50
185 163 50
185 163 50
185 163 50
185 163 50
185 163 50
185 163 50
185 163 50
185 163 50
185 163 50
185 163 50
185 163 50
185 163 50
185 163 50
185 163 50
185 163 50
185 163 50
185 163 50
185 163 50
185 163 50
185 163 50
185 163 50
185 163 50
185 163 50
185 163 50
185 163 50
185 163 50
185 163 50
185 163 50
185 163 50
185 163 50
185 163 50
185 163 50
185 163 50
185 163 50
185 163 50
185 163 50
185 163 50
185 163 50
185 163 50
185 163 50
185 163 50
185 163 50
185 163 50
185 163 50
185 163 50
185 163 50
185 163 50
185 163 50
185 163 50
185 163 50
185 162 50
185 162 50
185 162 50
185 162 50
185 162 50
185 162 50
185 162 50
185 162 50
185 162 50
185 162 50
185 162 50
185 162 50
185 162 50
185 162 50
185 162 50
185 162 50
185 162 50
185 162 50
185 162 50
185 162 50
185 162 50
185 162 50
185 162 50
185 162 50
185 162 50
185 162 50
185 162 50
185 162 50
185 162 50
185 162 50
185 162 50
185 162 50
185 162 50
185 162 50
185 162 50
185 162 50
185 162 50
185 162 50
185 162 50
185 162 50
185 162 50
185 162 50
185 162 50
185 162 50
185 162 50
185 162 50
185 162 50
185 162 50
185 162 50
185 162 50
185 162 50
185 162 50
185 162 50
185 162 50
185 162 50
185 162 50
185 162 50
185 162 50
185 162 50
185 162 50
185 162 50
185 162 50
185 161 50
185 161 50
185 161 50
185 161 50
185 161 50
185 161 50
185 161 50
185 161 50
185 161 50
185 161 50
185 161 50
185 161 50
185 161 50
185 161 50
185 161 50
185 161 50
185 161 50
185 161 50
185 161 50
185 161 50
185 161 50
185 161 50
185 161 50
185 161 50
185 161 50
185 161 50
185 161 50
185 161 50
185 161 50
185 161 50
185 161 50
185 161 50
185 161 50
185 161 50
185 161 50
185 161 50
185 161 50
185 161 50
185 161 50
185 161 50
185 161 50
185 161 50
185 161 50
185 161 50
185 161 50
185 161 50
185 161 50
185 161 50
185 161 50
185 161 50
185 161 50
185 161 50
185 161 50
185 161 50
185 161 50
185 161 50
185 161 50
185 161 50
185 161 50
185 161 50
185 161 50
185 161 50
185 160 50
185 160 50
185 160 50
185 160 50
185 160 50
185 160 50
185 160 50
185 160 50
185 160 50
185 160 50
185 160 50
185 160 50
185 160 50
185 160 50
185 160 50
185 160 50
185 160 50
185 160 50
185 160 50
185 160 50
185 160 50
185 160 50
185 160 50
185 160 50
185 160 50
185 160 50
185 160 50
185 160 50
185 160 50
185 160 50
185 160 50
185 160 50
185 160 50
185 160 50
185 160 50
185 160 50
185 160 50
185 160 50
185 160 50
185 160 50
185 160 50
185 160 50
185 160 50
185 160 50
185 160 50
185 160 50
185 160 50
185 160 50
185 160 50
185 160 50
185 160 50
185 160 50
185 160 50
185 160 50
185 160 50
185 160 50
185 160 50
185 160 50
185 160 50
185 160 50
185 160 50
185 160 50
185 159 50
185 159 50
185 159 50
185 159 50
185 159 50
185 159 50
185 159 50
185 159 50
185 159 50
185 159 50
185 159 50
185 159 50
185 159 50
185 159 50
185 159 50
185 159 50
185 159 50
185 159 50
185 159 50
185 159 50
185 159 50
185 159 50
185 159 50
185 159 50
185 159 50
185 159 50
185 159 50
185 159 50
185 159 50
185 159 50
185 159 50
185 159 50
185 159 50
185 159 50
185 159 50
185 159 50
185 159 50
185 159 50
185 159 50
185 159 50
185 159 50
185 159 50
185 159 50
185 159 50
185 159 50
185 159 50
185 159 50
185 159 50
185 159 50
185 159 50
185 159 50
185 159 50
185 159 50
185 159 50
185 159 50
185 159 50
185 159 50
185 159 50
185 159 50
185 159 50
185 159 50
185 159 50
185 158 50
185 158 50
185 158 50
185 158 50
185 158 50
185 158 50
185 158 50
185 158 50
185 158 50
185 158 50
185 158 50
185 158 50
185 158 50
185 158 50
185 158 50
185 158 50
185 158 50
185 158 50
185 158 50
185 158 50
185 158 50
185 158 50
185 158 50
185 158 50
185 158 50
185 158 50
185 158 50
185 158 50
185 158 50
185 158 50
185 158 50
185 158 50
185 158 50
185 158 50
185 158 50
185 158 50
185 158 50
185 158 50
185 158 50
185 158 50
185 158 50
185 158 50
185 158 50
185 158 50
185 158 50
185 158 50
185 158 50
185 158 50
185 158 50
185 158 50
185 158 50
185 158 50
185 158 50
185 158 50
185 158 50
185 158 50
185 158 50
185 158 50
185 158 50
185 158 50
185 157 50
185 157 50
185 157 50
185 157 50
185 157 50
185 157 50
185 157 50
185 157 50
185 157 50
185 157 50
185 157 50
185 157 50
185 157 50
185 157 50
185 157 50
185 157 50
185 157 50
185 157 50
185 157 50
185 157 50
185 157 50
185 157 50
185 157 50
185 157 50
185 157 50
185 157 50
185 157 50
185 157 50
185 157 50
185 157 50
185 157 50
185 157 50
185 157 50
185 157 50
185 157 50
185 157 50
185 157 50
185 157 50
185 157 50
185 157 50
185 157 50
185 157 50
185 157 50
185 157 50
185 157 50
185 157 50
185 157 50
185 157 50
185 157 50
185 157 50
185 157 50
185 157 50
185 157 50
185 157 50
185 157 50
185 157 50
185 157 50
185 157 50
185 157 50
185 156 50
185 156 50
185 156 50
185 156 50
185 156 50
185 156 50
185 156 50
185 156 50
185 156 50
185 156 50
185 156 50
185 156 50
185 156 50
185 156 50
185 156 50
185 156 50
185 156 50
185 156 50
185 156 50
185 156 50
185 156 50
185 156 50
185 156 50
185 156 50
185 156 50
185 156 50
185 156 50
185 156 50
185 156 50
185 156 50
185 156 50
185 156 50
185 156 50
185 156 50
185 156 50
185 156 50
185 156 50
185 156 50
185 156 50
185 156 50
185 156 50
185 156 50
185 156 50
185 156 50
185 156 50
185 156 50
185 156 50
185 156 50
185 156 50
185 156 50
185 156 50
185 156 50
185 156 50
185 156 50
185 156 50
185 156 50
185 156 50
185 155 50
185 155 50
185 155 50
185 155 50
185 155 50
185 155 50
185 155 50
185 155 50
185 155 50
185 155 50
185 155 50
185 155 50
185 155 50
185 155 50
185 155 50
185 155 50
185 155 50
185 155 50
185 155 50
185 155 50
185 155 50
185 155 50
185 155 50
185 155 50
185 155 50
185 155 50
185 155 50
185 155 50
185 155 50
185 155 50
185 155 50
185 155 50
185 155 50
185 155 50
185 155 50
185 155 50
185 155 50
185 155 50
185 155 50
185 155 50
185 155 50
185 155 50
185 155 50
185 155 50
185 155 50
185 155 50
185 155 50
185 155 50
185 155 50
185 155 50
185 155 50
185 155 50
185 155 50
185 155 50
185 155 50
185 155 50
185 154 50
185 154 50
185 154 50
185 154 50
185 154 50
185 154 50
185 154 50
185 154 50
185 154 50
185 154 50
185 154 50
185 154 50
185 154 50
185 154 50
185 154 50
185 154 50
185 154 50
185 154 50
185 154 50
185 154 50
185 154 50
185 154 50
185 154 50
185 154 50
185 154 50
185 154 50
185 154 50
185 154 50
185 154 50
185 154 50
185 154 50
185 154 50
185 154 50
185 154 50
185 154 50
185 154 50
185 154 50
185 154 50
185 154 50
185 154 50
185 154 50
185 154 50
185 154 50
185 154 50
185 154 50
185 154 50
185 154 50
185 154 50
185 154 50
185 154 50
185 154 50
185 154 50
185 154 50
185 154 50
185 154 50
185 153 50
185 153 50
185 153 50
185 153 50
185 153 50
185 153 50
185 153 50
185 153 50
185 153 50
185 153 50
185 153 50
185 153 50
185 153 50
185 153 50
185 153 50
185 153 50
185 153 50
185 153 50
185 153 50
185 153 50
185 153 50
185 153 50
185 153 50
185 153 50
185 153 50
185 153 50
185 153 50
185 153 50
185 153 50
185 153 50
185 153 50
185 153 50
185 153 50
185 153 50
185 153 50
185 153 50
185 153 50
185 153 50
185 153 50
185 153 50
185 153 50
185 153 50
185 153 50
185 153 50
185 153 50
185 153 50
185 153 50
185 153 50
185 153 50
185 153 50
185 153 50
185 153 50
185 153 50
185 153 50
185 153 50
185 152 50
185 152 50
185 152 50
185 152 50
185 152 50
185 152 50
185 152 50
185 152 50
185 152 50
185 152 50
185 152 50
185 152 50
185 152 50
185 152 50
185 152 50
185 152 50
185 152 50
185 152 50
185 152 50
185 152 50
185 152 50
185 152 50
185 152 50
185 152 50
185 152 50
185 152 50
185 152 50
185 152 50
185 152 50
185 152 50
185 152 50
185 152 50
185 152 50
185 152 50
185 152 50
185 152 50
185 152 50
185 152 50
185 152 50
185 152 50
185 152 50
185 152 50
185 152 50
185 152 50
185 152 50
185 152 50
185 152 50
185 152 50
185 152 50
185 152 50
185 152 50
185 152 50
185 152 50
185 152 50
185 152 50
185 151 50
185 151 50
185 151 50
185 151 50
185 151 50
185 151 50
185 151 50
185 151 50
185 151 50
185 151 50
185 151 50
185 151 50
185 151 50
185 151 50
185 151 50
185 151 50
185 151 50
185 151 50
185 151 50
185 151 50
185 151 50
185 151 50
185 151 50
185 151 50
185 151 50
185 151 50
185 151 50
185 151 50
185 151 50
185 151 50
185 151 50
185 151 50
185 151 50
185 151 50
185 151 50
185 151 50
185 151 50
185 151 50
185 151 50
185 151 50
185 151 50
185 151 50
185 151 50
185 151 50
185 151 50
185 151 50
185 151 50
185 151 50
185 151 50
185 151 50
185 151 50
185 151 50
185 151 50
185 151 50
185 151 50
185 151 50
185 150 50
185 150 50
185 150 50
185 150 50
185 150 50
185 150 50
185 150 50
185 150 50
185 150 50
185 150 50
185 150 50
185 150 50
185 150 50
185 150 50
185 150 50
185 150 50
185 150 50
185 150 50
185 150 50
185 150 50
185 150 50
185 150 50
185 150 50
185 150 50
185 150 50
185 150 50
185 150 50
185 150 50
185 150 50
185 150 50
185 150 50
185 150 50
185 150 50
185 150 50
185 150 50
185 150 50
185 150 50
185 150 50
185 150 50
185 150 50
185 150 50
185 150 50
185 150 50
185 150 50
185 150 50
185 150 50
185 150 50
185 150 50
185 150 50
185 150 50
185 150 50
185 150 50
185 150 50
185 150 50
185 150 50
185 150 50
185 150 50
185 149 50
185 149 50
185 149 50
185 149 50
185 149 50
185 149 50
185 149 50
185 149 50
185 149 50
185 149 50
185 149 50
185 149 50
185 149 50
185 149 50
185 149 50
185 149 50
185 149 50
185 149 50
185 149 50
185 149 50
185 149 50
185 149 50
185 149 50
185 149 50
185 149 50
185 149 50
185 149 50
185 149 50
185 149 50
185 149 50
185 149 50
185 149 50
185 149 50
185 149 50
185 149 50
185 149 50
185 149 50
185 149 50
185 149 50
185 149 50
185 149 50
185 149 50
185 149 50
185 149 50
185 149 50
185 149 50
185 149 50
185 149 50
185 149 50
185 149 50
185 149 50
185 149 50
185 149 50
185 149 50
185 149 50
185 149 50
185 149 50
185 149 50
185 148 50
185 148 50
185 148 50
185 148 50
185 148 50
185 148 50
185 148 50
185 148 50
185 148 50
185 148 50
185 148 50
185 148 50
185 148 50
185 148 50
185 148 50
185 148 50
185 148 50
185 148 50
185 148 50
185 148 50
185 148 50
185 148 50
185 148 50
185 148 50
185 148 50
185 148 50
185 148 50
185 148 50
185 148 50
185 148 50
185 148 50
185 148 50
185 148 50
185 148 50
185 148 50
185 148 50
185 148 50
185 148 50
185 148 50
185 148 50
185 148 50
185 148 50
185 148 50
185 148 50
185 148 50
185 148 50
185 148 50
185 148 50
185 148 50
185 148 50
185 148 50
185 148 50
185 148 50
185 148 50
185 148 50
185 148 50
185 148 50
185 148 50
185 147 50
185 147 50
185 147 50
185 147 50
185 147 50
185 147 50
185 147 50
185 147 50
185 147 50
185 147 50
185 147 50
185 147 50
185 147 50
185 147 50
185 147 50
185 147 50
185 147 50
185 147 50
185 147 50
185 147 50
185 147 50
185 147 50
185 147 50
185 147 50
185 147 50
185 147 50
185 147 50
185 147 50
185 147 50
185 147 50
185 147 50
185 147 50
185 147 50
185 147 50
185 147 50
185 147 50
185 147 50
185 147 50
185 147 50
185 147 50
185 147 50
185 147 50
185 147 50
185 147 50
185 147 50
185 147 50
185 147 50
185 147 50
185 147 50
185 147 50
185 147 50
185 147 50
185 147 50
185 147 50
185 147 50
185 147 50
185 147 50
185 147 50
185 147 50
185 146 50
185 146 50
185 146 50
185 146 50
185 146 50
185 146 50
185 146 50
185 146 50
185 146 50
185 146 50
185 146 50
185 146 50
185 146 50
185 146 50
185 146 50
185 146 50
185 146 50
185 146 50
185 146 50
185 146 50
185 146 50
185 146 50
185 146 50
185 146 50
185 146 50
185 146 50
185 146 50
185 146 50
185 146 50
185 146 50
185 146 50
185 146 50
185 146 50
185 146 50
185 146 50
185 146 50
185 146 50
185 146 50
185 146 50
185 146 50
185 146 50
185 146 50
185 146 50
185 146 50
185 146 50
185 146 50
185 146 50
185 146 50
185 146 50
185 146 50
185 146 50
185 146 50
185 146 50
185 146 50
185 146 50
185 146 50
185 146 50
185 146 50
185 146 50
185 146 50
185 145 50
185 145 50
185 145 50
185 145 50
185 145 50
185 145 50
185 145 50
185 145 50
185 145 50
185 145 50
185 145 50
185 145 50
185 145 50
185 145 50
185 145 50
185 145 50
185 145 50
185 145 50
185 145 50
185 145 50
185 145 50
185 145 50
185 145 50
185 145 50
185 145 50
185 145 50
185 145 50
185 145 50
185 145 50
185 145 50
185 145 50
185 145 50
185 145 50
185 145 50
185 145 50
185 145 50
185 145 50
185 145 50
185 145 50
185 145 50
185 145 50
185 145 50
185 145 50
185 145 50
185 145 50
185 145 50
185 145 50
185 145 50
185 145 50
185 145 50
185 145 50
185 145 50
185 145 50
185 145 50
185 145 50
185 145 50
185 145 50
185 145 50
185 145 50
185 145 50
185 145 50
185 145 50
185 144 50
185 144 50
185 144 50
185 144 50
185 144 50
185 144 50
185 144 50
185 144 50
185 144 50
185 144 50
185 144 50
185 144 50
185 144 50
185 144 50
185 144 50
185 144 50
185 144 50
185 144 50
185 144 50
185 144 50
185 144 50
185 144 50
185 144 50
185 144 50
185 144 50
185 144 50
185 144 50
185 144 50
185 144 50
185 144 50
185 144 50
185 144 50
185 144 50
185 144 50
185 144 50
185 144 50
185 144 50
185 144 50
185 144 50
185 144 50
185 144 50
185 144 50
185 144 50
185 144 50
185 144 50
185 144 50
185 144 50
185 144 50
185 144 50
185 144 50
185 144 50
185 144 50
185 144 50
185 144 50
185 144 50
185 144 50
185 144 50
185 144 50
185 144 50
185 144 50
185 144 50
185 144 50
185 144 50
185 144 50
185 143 50
185 143 50
185 143 50
185 143 50
185 143 50
185 143 50
185 143 50
185 143 50
185 143 50
185 143 50
185 143 50
185 143 50
185 143 50
185 143 50
185 143 50
185 143 50
185 143 50
185 143 50
185 143 50
185 143 50
185 143 50
185 143 50
185 143 50
185 143 50
185 143 50
185 143 50
185 143 50
185 143 50
185 143 50
185 143 50
185 143 50
185 143 50
185 143 50
185 143 50
185 143 50
185 143 50
185 143 50
185 143 50
185 143 50
185 143 50
185 143 50
185 143 50
185 143 50
185 143 50
185 143 50
185 143 50
185 143 50
185 143 50
185 143 50
185 143 50
185 143 50
185 143 50
185 143 50
185 143 50
185 143 50
185 143 50
185 143 50
185 143 50
185 143 50
185 143 50
185 143 50
185 143 50
185 143 50
185 143 50
185 143 50
185 143 50
185 143 50
185 142 50
185 142 50
185 142 50
185 142 50
185 142 50
185 142 50
185 142 50
185 142 50
185 142 50
185 142 50
185 142 50
185 142 50
185 142 50
185 142 50
185 142 50
185 142 50
185 142 50
185 142 50
185 142 50
185 142 50
185 142 50
185 142 50
185 142 50
185 142 50
185 142 50
185 142 50
185 142 50
185 142 50
185 142 50
185 142 50
185 142 50
185 142 50
185 142 50
185 142 50
185 142 50
185 142 50
185 142 50
185 142 50
185 142 50
185 142 50
185 142 50
185 142 50
185 142 50
185 142 50
185 142 50
185 142 50
185 142 50
185 142 50
185 142 50
185 142 50
185 142 50
185 142 50
185 142 50
185 142 50
185 142 50
185 142 50
185 142 50
185 142 50
185 142 50
185 142 50
185 142 50
185 142 50
185 142 50
185 142 50
185 142 50
185 142 50
185 142 50
185 142 50
185 142 50
185 142 50
185 141 50
185 141 50
185 141 50
185 141 50
185 141 50
185 141 50
185 141 50
185 141 50
185 141 50
185 141 50
185 141 50
185 141 50
185 141 50
185 141 50
185 141 50
185 141 50
185 141 50
185 141 50
185 141 50
185 141 50
185 141 50
185 141 50
185 141 50
185 141 50
185 141 50
185 141 50
185 141 50
185 141 50
185 141 50
185 141 50
185 141 50
185 141 50
185 141 50
185 141 50
185 141 50
185 141 50
185 141 50
185 141 50
185 141 50
185 141 50
185 141 50
185 141 50
185 141 50
185 141 50
185 141 50
185 141 50
185 141 50
185 141 50
185 141 50
185 141 50
185 141 50
185 141 50
185 141 50
185 141 50
185 141 50
185 141 50
185 141 50
185 141 50
185 141 50
185 141 50
185 141 50
185 141 50
185 141 50
185 141 50
185 141 50
185 141 50
185 141 50
185 141 50
185 141 50
185 141 50
185 141 50
185 141 50
185 141 50
185 140 50
185 140 50
185 140 50
185 140 50
185 140 50
185 140 50
185 140 50
185 140 50
185 140 50
185 140 50
185 140 50
185 140 50
185 140 50
185 140 50
185 140 50
185 140 50
185 140 50
185 140 50
185 140 50
185 140 50
185 140 50
185 140 50
185 140 50
185 140 50
185 140 50
185 140 50
185 140 50
185 140 50
185 140 50
185 140 50
185 140 50
185 140 50
185 140 50
185 140 50
185 140 50
185 140 50
185 140 50
185 140 50
185 140 50
185 140 50
185 140 50
185 140 50
185 140 50
185 140 50
185 140 50
185 140 50
185 140 50
185 140 50
185 140 50
185 140 50
185 140 50
185 140 50
185 140 50
185 140 50
185 140 50
185 140 50
185 140 50
185 140 50
185 140 50
185 140 50
185 140 50
185 140 50
185 140 50
185 140 50
185 140 50
185 140 50
185 140 50
185 140 50
185 140 50
185 140 50
185 140 50
185 140 50
185 140 50
185 140 50
185 140 50
185 140 50
185 139 50
185 139 50
185 139 50
185 139 50
185 139 50
185 139 50
185 139 50
185 139 50
185 139 50
185 139 50
185 139 50
185 139 50
185 139 50
185 139 50
185 139 50
185 139 50
185 139 50
185 139 50
185 139 50
185 139 50
185 139 50
185 139 50
185 139 50
185 139 50
185 139 50
185 139 50
185 139 50
185 139 50
185 139 50
185 139 50
185 139 50
185 139 50
185 139 50
185 139 50
185 139 50
185 139 50
185 139 50
185 139 50
185 139 50
185 139 50
185 139 50
185 139 50
185 139 50
185 139 50
185 139 50
185 139 50
185 139 50
185 139 50
185 139 50
185 139 50
185 139 50
185 139 50
185 139 50
185 139 50
185 139 50
185 139 50
185 139 50
185 139 50
185 139 50
185 139 50
185 139 50
185 139 50
185 139 50
185 139 50
185 139 50
185 139 50
185 139 50
185 139 50
185 139 50
185 139 50
185 139 50
185 139 50
185 139 50
185 139 50
185 139 50
185 139 50
185 139 50
185 138 50
185 138 50
185 138 50
185 138 50
185 138 50
185 138 50
185 138 50
185 138 50
185 138 50
185 138 50
185 138 50
185 138 50
185 138 50
185 138 50
185 138 50
185 138 50
185 138 50
185 138 50
185 138 50
185 138 50
185 138 50
185 138 50
185 138 50
185 138 50
185 138 50
185 138 50
185 138 50
185 138 50
185 138 50
185 138 50
185 138 50
185 138 50
185 138 50
185 138 50
185 138 50
185 138 50
185 138 50
185 138 50
185 138 50
185 138 50
185 138 50
185 138 50
185 138 50
185 138 50
185 138 50
185 138 50
185 138 50
185 138 50
185 138 50
185 138 50
185 138 50
185 138 50
185 138 50
185 138 50
185 138 50
185 138 50
185 138 50
185 138 50
185 138 50
185 138 50
185 138 50
185 138 50
185 138 50
185 138 50
185 138 50
185 138 50
185 138 50
185 138 50
185 138 50
185 138 50
185 138 50
185 138 50
185 138 50
185 138 50
185 138 50
185 138 50
185 138 50
185 138 50
185 137 50
185 137 50
185 137 50
185 137 50
185 137 50
185 137 50
185 137 50
185 137 50
185 137 50
185 137 50
185 137 50
185 137 50
185 137 50
185 137 50
185 137 50
185 137 50
185 137 50
185 137 50
185 137 50
185 137 50
185 137 50
185 137 50
185 137 50
185 137 50
185 137 50
185 137 50
185 137 50
185 137 50
185 137 50
185 137 50
185 137 50
185 137 50
185 137 50
185 137 50
185 137 50
185 137 50
185 137 50
185 137 50
185 137 50
185 137 50
185 137 50
185 137 50
185 137 50
185 137 50
185 137 50
185 137 50
185 137 50
185 137 50
185 137 50
185 137 50
185 137 50
185 137 50
185 137 50
185 137 50
185 137 50
185 137 50
185 137 50
185 137 50
185 137 50
185 137 50
185 137 50
185 137 50
185 137 50
185 137 50
185 137 50
185 137 50
185 137 50
185 137 50
185 137 50
185 137 50
185 137 50
185 137 50
185 137 50
185 137 50
185 137 50
185 137 50
185 137 50
185 137 50
185 136 50
185 136 50
185 136 50
185 136 50
185 136 50
185 136 50
185 136 50
185 136 50
185 136 50
185 136 50
185 136 50
185 136 50
185 136 50
185 136 50
185 136 50
185 136 50
185 136 50
185 136 50
185 136 50
185 136 50
185 136 50
185 136 50
185 136 50
185 136 50
185 136 50
185 136 50
185 136 50
185 136 50
185 136 50
185 136 50
185 136 50
185 136 50
185 136 50
185 136 50
185 136 50
185 136 50
185 136 50
185 136 50
185 136 50
185 136 50
185 136 50
185 136 50
185 136 50
185 136 50
185 136 50
185 136 50
185 136 50
185 136 50
185 136 50
185 136 50
185 136 50
185 136 50
185 136 50
185 136 50
185 136 50
185 136 50
185 136 50
185 136 50
185 136 50
185 136 50
185 136 50
185 136 50
185 136 50
185 136 50
185 136 50
185 136 50
185 136 50
185 136 50
185 136 50
185 136 50
185 136 50
185 136 50
185 136 50
185 136 50
185 136 50
185 136 50
185 136 50
185 136 50
185 135 50
185 135 50
185 135 50
185 135 50
185 135 50
185 135 50
185 135 50
185 135 50
185 135 50
185 135 50
185 135 50
185 135 50
185 135 50
185 135 50
185 135 50
185 135 50
185 135 50
185 135 50
185 135 50
185 135 50
185 135 50
185 135 50
185 135 50
185 135 50
185 135 50
185 135 50
185 135 50
185 135 50
185 135 50
185 135 50
185 135 50
185 135 50
185 135 50
185 135 50
185 135 50
185 135 50
185 135 50
185 135 50
185 135 50
185 135 50
185 135 50
185 135 50
185 135 50
185 135 50
185 135 50
185 135 50
185 135 50
185 135 50
185 135 50
185 135 50
185 135 50
185 135 50
185 135 50
185 135 50
185 135 50
185 135 50
185 135 50
185 135 50
185 135 50
185 135 50
185 135 50
185 135 50
185 135 50
185 135 50
185 135 50
185 135 50
185 135 50
185 135 50
185 135 50
185 135 50
185 135 50
185 135 50
185 135 50
185 135 50
185 135 50
185 135 50
185 135 50
185 134 50
185 134 50
185 134 50
185 134 50
185 134 50
185 134 50
185 134 50
185 134 50
185 134 50
185 134 50
185 134 50
185 134 50
185 134 50
185 134 50
185 134 50
185 134 50
185 134 50
185 134 50
185 134 50
185 134 50
185 134 50
185 134 50
185 134 50
185 134 50
185 134 50
185 134 50
185 134 50
185 134 50
185 134 50
185 134 50
185 134 50
185 134 50
185 134 50
185 134 50
185 134 50
185 134 50
185 134 50
185 134 50
185 134 50
185 134 50
185 134 50
185 134 50
185 134 50
185 134 50
185 134 50
185 134 50
185 134 50
185 134 50
185 134 50
185 134 50
185 134 50
185 134 50
185 134 50
185 134 50
185 134 50
185 134 50
185 134 50
185 134 50
185 134 50
185 134 50
185 134 50
185 134 50
185 134 50
185 134 50
185 134 50
185 134 50
185 134 50
185 134 50
185 134 50
185 134 50
185 134 50
185 134 50
185 134 50
185 134 50
185 133 50
185 133 50
185 133 50
185 133 50
185 133 50
185 133 50
185 133 50
185 133 50
185 133 50
185 133 50
185 133 50
185 133 50
185 133 50
185 133 50
185 133 50
185 133 50
185 133 50
185 133 50
185 133 50
185 133 50
185 133 50
185 133 50
185 133 50
185 133 50
185 133 50
185 133 50
185 133 50
185 133 50
185 133 50
185 133 50
185 133 50
185 133 50
185 133 50
185 133 50
185 133 50
185 133 50
185 133 50
185 133 50
185 133 50
185 133 50
185 133 50
185 133 50
185 133 50
185 133 50
185 133 50
185 133 50
185 133 50
185 133 50
185 133 50
185 133 50
185 133 50
185 133 50
185 133 50
185 133 50
185 133 50
185 133 50
185 133 50
185 133 50
185 133 50
185 133 50
185 133 50
185 133 50
185 133 50
185 133 50
185 133 50
185 133 50
185 133 50
185 133 50
185 133 50
185 133 50
185 133 50
185 132 50
185 132 50
185 132 50
185 132 50
185 132 50
185 132 50
185 132 50
185 132 50
185 132 50
185 132 50
185 132 50
185 132 50
185 132 50
185 132 50
185 132 50
185 132 50
185 132 50
185 132 50
185 132 50
185 132 50
185 132 50
185 132 50
185 132 50
185 132 50
185 132 50
185 132 50
185 132 50
185 132 50
185 132 50
185 132 50
185 132 50
185 132 50
185 132 50
185 132 50
185 132 50
185 132 50
185 132 50
185 132 50
185 132 50
185 132 50
185 132 50
185 132 50
185 132 50
185 132 50
185 132 50
185 132 50
185 132 50
185 132 50
185 132 50
185 132 50
185 132 50
185 132 50
185 132 50
185 132 50
185 132 50
185 132 50
185 132 50
185 132 50
185 132 50
185 132 50
185 132 50
185 132 50
185 132 50
185 132 50
185 132 50
185 132 50
185 132 50
185 131 50
185 131 50
185 131 50
185 131 50
185 131 50
185 131 50
185 131 50
185 131 50
185 131 50
185 131 50
185 131 50
185 131 50
185 131 50
185 131 50
185 131 50
185 131 50
185 131 50
185 131 50
185 131 50
185 131 50
185 131 50
185 131 50
185 131 50
185 131 50
185 131 50
185 131 50
185 131 50
185 131 50
185 131 50
185 131 50
185 131 50
185 131 50
185 131 50
185 131 50
185 131 50
185 131 50
185 131 50
185 131 50
185 131 50
185 131 50
185 131 50
185 131 50
185 131 50
185 131 50
185 131 50
185 131 50
185 131 50
185 131 50
185 131 50
185 131 50
185 131 50
185 131 50
185 131 50
185 131 50
185 131 50
185 131 50
185 131 50
185 131 50
185 131 50
185 131 50
185 131 50
185 130 50
185 130 50
185 130 50
185 130 50
185 130 50
185 130 50
185 130 50
185 130 50
185 130 50
185 130 50
185 130 50
185 130 50
185 130 50
185 130 50
185 130 50
185 130 50
185 130 50
185 130 50
185 130 50
185 130 50
185 130 50
185 130 50
185 130 50
185 130 50
185 130 50
185 130 50
185 130 50
185 130 50
185 130 50
185 130 50
185 130 50
185 130 50
185 130 50
185 130 50
185 130 50
185 130 50
185 130 50
185 130 50
185 130 50
185 130 50
185 130 50
185 130 50
185 130 50
185 130 50
185 130 50
185 130 50
185 130 50
185 130 50
185 130 50
185 130 50
185 130 50
185 130 50
185 130 50
185 130 50
185 130 50
185 130 50
185 129 50
185 129 50
185 129 50
185 129 50
185 129 50
185 129 50
185 129 50
185 129 50
185 129 50
185 129 50
185 129 50
185 129 50
185 129 50
185 129 50
185 129 50
185 129 50
185 129 50
185 129 50
185 129 50
185 129 50
185 129 50
185 129 50
185 129 50
185 129 50
185 129 50
185 129 50
185 129 50
185 129 50
185 129 50
185 129 50
185 129 50
185 129 50
185 129 50
185 129 50
185 129 50
185 129 50
185 129 50
185 129 50
185 129 50
185 129 50
185 129 50
185 129 50
185 129 50
185 129 50
185 129 50
185 129 50
185 129 50
185 129 50
185 129 50
185 129 50
185 128 50
185 128 50
185 128 50
185 128 50
185 128 50
185 128 50
185 128 50
185 128 50
185 128 50
185 128 50
185 128 50
185 128 50
185 128 50
185 128 50
185 128 50
185 128 50
185 128 50
185 128 50
185 128 50
185 128 50
185 128 50
185 128 50
185 128 50
185 128 50
185 128 50
185 128 50
185 128 50
185 128 50
185 128 50
185 128 50
185 128 50
185 128 50
185 128 50
185 128 50
185 128 50
185 128 50
185 128 50
185 128 50
185 128 50
185 128 50
185 128 50
185 128 50
185 128 50
185 128 50
185 127 50
185 127 50
185 127 50
185 127 50
185 127 50
185 127 50
185 127 50
185 127 50
185 127 50
185 127 50
185 127 50
185 127 50
185 127 50
185 127 50
185 127 50
185 127 50
185 127 50
185 127 50
185 127 50
185 127 50
185 127 50
185 127 50
185 127 50
185 127 50
185 127 50
185 127 50
185 127 50
185 127 50
185 127 50
185 127 50
185 127 50
185 127 50
185 127 50
185 127 50
185 127 50
185 127 50
185 127 50
185 127 50
185 126 50
185 126 50
185 126 50
185 126 50
185 126 50
185 126 50
185 126 50
185 126 50
185 126 50
185 126 50
185 126 50
185 126 50
185 126 50
185 126 50
185 126 50
185 126 50
185 126 50
185 126 50
185 126 50
185 126 50
185 126 50
185 126 50
185 126 50
185 126 50
185 126 50
185 126 50
185 126 50
185 126 50
185 126 50
185 126 50
185 126 50
185 126 50
185 125 50
185 125 50
185 125 50
185 125 50
185 125 50
185 125 50
185 125 50
185 125 50
185 125 50
185 125 50
185 125 50
185 125 50
185 125 50
185 125 50
185 125 50
185 125 50
185 125 50
185 125 50
185 125 50
185 125 50
185 125 50
185 125 50
185 125 50
185 125 50
185 125 50
185 125 50
185 124 50
185 124 50
185 124 50
185 124 50
185 124 50
185 124 50
185 124 50
185 124 50
185 124 50
185 124 50
185 124 50
185 124 50
185 124 50
185 124 50
185 124 50
185 124 50
185 124 50
185 124 50
185 124 50
185 124 50
185 124 50
185 123 50
185 123 50
185 123 50
185 123 50
185 123 50
185 123 50
185 123 50
185 123 50
185 123 50
185 123 50
185 123 50
185 123 50
185 123 50
185 123 50
185 123 50
185 123 50
185 122 50
185 122 50
185 122 50
185 122 50
185 122 50
185 122 50
185 122 50
185 122 50
185 122 50
185 122 50
185 122 50
185 122 50
185 121 50
185 121 50
185 121 50
185 121 50
185 121 50
185 121 50
185 121 50
185 121 50
185 120 50
185 120 50
185 120 50
185 120 50
185 120 50
185 120 50
185 119 50
185 119 50
185 119 50
185 119 50
185 118 50
185 118 50
185 118 50
185 117 50
185 117 50
185 116 50
185 115 50
185 114 50
185 113 50
185 112 50
62 68 50
61 68 50
60 68 50
59 68 50
58 68 50
57 68 50
56 68 50
55 68 50
54 68 50
53 68 50
52 68 50
51 68 50
51 68 50
50 68 50
50 68 50
50 68 50
49 68 50
49 68 50
49 68 50
49 68 50
49 68 50
48 68 50
48 68 50
48 68 50
48 68 50
48 68 50
48 68 50
48 68 50
47 68 50
47 68 50
47 68 50
47 68 50
47 68 50
47 68 50
47 68 50
47 68 50
47 68 50
46 68 50
46 68 50
46 68 50
46 68 50
46 68 50
46 68 50
46 68 50
46 68 50
46 68 50
46 68 50
46 68 50
45 68 50
45 68 50
45 68 50
45 68 50
45 68 50
45 68 50
45 68 50
45 68 50
45 68 50
45 68 50
45 68 50
45 68 50
45 68 50
44 68 50
44 68 50
44 68 50
44 68 50
44 68 50
44 68 50
44 68 50
44 68 50
44 68 50
44 68 50
44 68 50
44 68 50
44 68 50
44 68 50
44 68 50
43 68 50
43 68 50
43 68 50
43 68 50
43 68 50
43 68 50
43 68 50
43 68 50
43 68 50
43 68 50
43 68 50
43 68 50
43 68 50
43 68 50
43 68 50
43 68 50
42 68 50
42 68 50
42 68 50
42 68 50
42 68 50
42 68 50
42 68 50
42 68 50
42 68 50
42 68 50
42 68 50
42 68 50
42 68 50
42 68 50
42 68 50
42 68 50
42 68 50
42 68 50
41 68 50
41 68 50
41 68 50
41 68 50
41 68 50
41 68 50
41 68 50
41 68 50
41 68 50
41 68 50
41 68 50
41 68 50
41 68 50
41 68 50
41 68 50
41 68 50
41 68 50
41 68 50
41 68 50
40 68 50
40 68 50
40 68 50
40 68 50
40 68 50
40 68 50
40 68 50
40 68 50
40 68 50
40 68 50
40 68 50
40 68 50
40 68 50
40 68 50
40 68 50
40 68 50
40 68 50
40 68 50
40 68 50
40 68 50
40 68 50
39 68 50
39 68 50
39 68 50
39 68 50
39 68 50
39 68 50
39 68 50
39 68 50
39 68 50
39 68 50
39 68 50
39 68 50
39 68 50
39 68 50
39 68 50
39 68 50
39 68 50
39 68 50
39 68 50
39 68 50
39 68 50
39 68 50
39 68 50
38 68 50
38 68 50
38 68 50
38 68 50
38 68 50
38 68 50
38 68 50
38 68 50
38 68 50
38 68 50
38 68 50
38 68 50
38 68 50
38 68 50
38 68 50
38 68 50
38 68 50
38 68 50
38 68 50
38 68 50
38 68 50
38 68 50
38 68 50
38 68 50
38 68 50
37 68 50
37 68 50
37 68 50
37 68 50
37 68 50
37 68 50
37 68 50
37 68 50
37 68 50
37 68 50
37 68 50
37 68 50
37 68 50
37 68 50
37 68 50
37 68 50
37 68 50
37 68 50
37 68 50
37 68 50
37 68 50
37 68 50
37 68 50
37 68 50
37 68 50
37 68 50
37 68 50
37 68 50
36 68 50
36 68 50
36 68 50
36 68 50
36 68 50
36 68 50
36 68 50
36 68 50
36 68 50
36 68 50
36 68 50
36 68 50
36 68 50
36 68 50
36 68 50
36 68 50
36 68 50
36 68 50
36 68 50
36 68 50
36 68 50
36 68 50
36 68 50
36 68 50
36 68 50
36 68 50
36 68 50
36 68 50
36 68 50
36 68 50
36 68 50
35 68 50
35 68 50
35 68 50
35 68 50
35 68 50
35 68 50
35 68 50
35 68 50
35 68 50
35 68 50
35 68 50
35 68 50
35 68 50
35 68 50
35 68 50
35 68 50
35 68 50
35 68 50
35 68 50
35 68 50
35 68 50
35 68 50
35 68 50
35 68 50
35 68 50
35 68 50
35 68 50
35 68 50
35 68 50
35 68 50
35 68 50
35 68 50
35 68 50
35 68 50
35 68 50
34 68 50
34 68 50
34 68 50
34 68 50
34 68 50
34 68 50
34 68 50
34 68 50
34 68 50
34 68 50
34 68 50
34 68 50
34 68 50
34 68 50
34 68 50
34 68 50
34 68 50
34 68 50
34 68 50
34 68 50
34 68 50
34 68 50
34 68 50
34 68 50
34 68 50
34 68 50
34 68 50
34 68 50
34 68 50
34 68 50
34 68 50
34 68 50
34 68 50
34 68 50
34 68 50
34 68 50
34 68 50
34 68 50
34 68 50
34 68 50
33 68 50
33 68 50
33 68 50
33 68 50
33 68 50
33 68 50
33 68 50
33 68 50
33 68 50
33 68 50
33 68 50
33 68 50
33 68 50
33 68 50
33 68 50
33 68 50
33 68 50
33 68 50
33 68 50
33 68 50
33 68 50
33 68 50
33 68 50
33 68 50
33 68 50
33 68 50
33 68 50
33 68 50
33 68 50
33 68 50
33 68 50
33 68 50
33 68 50
33 68 50
33 68 50
33 68 50
33 68 50
33 68 50
33 68 50
33 68 50
33 68 50
33 68 50
33 68 50
33 68 50
33 68 50
33 68 50
33 68 50
32 68 50
32 68 50
32 68 50
32 68 50
32 68 50
32 68 50
32 68 50
32 68 50
32 68 50
32 68 50
32 68 50
32 68 50
32 68 50
32 68 50
32 68 50
32 68 50
32 68 50
32 68 50
32 68 50
32 68 50
32 68 50
32 68 50
32 68 50
32 68 50
32 68 50
32 68 50
32 68 50
32 68 50
32 68 50
32 68 50
32 68 50
32 68 50
32 68 50
32 68 50
32 68 50
32 68 50
32 68 50
32 68 50
32 68 50
32 68 50
32 68 50
32 68 50
32 68 50
32 68 50
32 68 50
32 68 50
32 68 50
32 68 50
32 68 50
32 68 50
32 68 50
32 68 50
32 68 50
32 68 50
31 68 50
31 68 50
31 68 50
31 68 50
31 68 50
31 68 50
31 68 50
31 68 50
31 68 50
31 68 50
31 68 50
31 68 50
31 68 50
31 68 50
31 68 50
31 68 50
31 68 50
31 68 50
31 68 50
31 68 50
31 68 50
31 68 50
31 68 50
31 68 50
31 68 50
31 68 50
31 68 50
31 68 50
31 68 50
31 68 50
31 68 50
31 68 50
31 68 50
31 68 50
31 68 50
31 68 50
31 68 50
31 68 50
31 68 50
31 68 50
31 68 50
31 68 50
31 68 50
31 68 50
31 68 50
31 68 50
31 68 50
31 68 50
31 68 50
31 68 50
31 68 50
31 68 50
31 68 50
31 68 50
31 68 50
31 68 50
31 68 50
31 68 50
31 68 50
31 68 50
31 68 50
30 68 50
30 68 50
30 68 50
30 68 50
30 68 50
30 68 50
30 68 50
30 68 50
30 68 50
30 68 50
30 68 50
30 68 50
30 68 50
30 68 50
30 68 50
30 68 50
30 68 50
30 68 50
30 68 50
30 68 50
30 68 50
30 68 50
30 68 50
30 68 50
30 68 50
30 68 50
30 68 50
30 68 50
30 68 50
30 68 50
30 68 50
30 68 50
30 68 50
30 68 50
30 68 50
30 68 50
30 68 50
30 68 50
30 68 50
30 68 50
30 68 50
30 68 50
30 68 50
30 68 50
30 68 50
30 68 50
30 68 50
30 68 50
30 68 50
30 68 50
30 68 50
30 68 50
30 68 50
30 68 50
30 68 50
30 68 50
30 68 50
30 68 50
30 68 50
30 68 50
30 68 50
30 68 50
30 68 50
30 68 50
30 68 50
30 68 50
30 68 50
30 68 50
29 68 50
29 68 50
29 68 50
29 68 50
29 68 50
29 68 50
29 68 50
29 68 50
29 68 50
29 68 50
29 68 50
29 68 50
29 68 50
29 68 50
29 68 50
29 68 50
29 68 50
29 68 50
29 68 50
29 68 50
29 68 50
29 68 50
29 68 50
29 68 50
29 68 50
29 68 50
29 68 50
29 68 50
29 68 50
29 68 50
29 68 50
29 68 50
29 68 50
29 68 50
29 68 50
29 68 50
29 68 50
29 68 50
29 68 50
29 68 50
29 68 50
29 68 50
29 68 50
29 68 50
29 68 50
29 68 50
29 68 50
29 68 50
29 68 50
29 68 50
29 68 50
29 68 50
29 68 50
29 68 50
29 68 50
29 68 50
29 68 50
29 68 50
29 68 50
29 68 50
29 68 50
29 68 50
29 68 50
29 68 50
29 68 50
29 68 50
29 68 50
29 68 50
29 68 50
29 68 50
29 68 50
29 68 50
29 68 50
29 68 50
28 68 50
28 68 50
28 68 50
28 68 50
28 68 50
28 68 50
28 68 50
28 68 50
28 68 50
28 68 50
28 68 50
28 68 50
28 68 50
28 68 50
28 68 50
28 68 50
28 68 50
28 68 50
28 68 50
28 68 50
28 68 50
28 68 50
28 68 50
28 68 50
28 68 50
28 68 50
28 68 50
28 68 50
28 68 50
28 68 50
28 68 50
28 68 50
28 68 50
28 68 50
28 68 50
28 68 50
28 68 50
28 68 50
28 68 50
28 68 50
28 68 50
28 68 50
28 68 50
28 68 50
28 68 50
28 68 50
28 68 50
28 68 50
28 68 50
28 68 50
28 68 50
28 68 50
28 68 50
28 68 50
28 68 50
28 68 50
28 68 50
28 68 50
28 68 50
28 68 50
28 68 50
28 68 50
28 68 50
28 68 50
28 68 50
28 68 50
28 68 50
28 68 50
28 68 50
28 68 50
28 68 50
28 68 50
28 68 50
28 68 50
28 68 50
28 68 50
28 68 50
28 68 50
27 68 50
27 68 50
27 68 50
27 68 50
27 68 50
27 68 50
27 68 50
27 68 50
27 68 50
27 68 50
27 68 50
27 68 50
27 68 50
27 68 50
27 68 50
27 68 50
27 68 50
27 68 50
27 68 50
27 68 50
27 68 50
27 68 50
27 68 50
27 68 50
27 68 50
27 68 50
27 68 50
27 68 50
27 68 50
27 68 50
27 68 50
27 68 50
27 68 50
27 68 50
27 68 50
27 68 50
27 68 50
27 68 50
27 68 50
27 68 50
27 68 50
27 68 50
27 68 50
27 68 50
27 68 50
27 68 50
27 68 50
27 68 50
27 68 50
27 68 50
27 68 50
27 68 50
27 68 50
27 68 50
27 68 50
27 68 50
27 68 50
27 68 50
27 68 50
27 68 50
27 68 50
27 68 50
27 68 50
27 68 50
27 68 50
27 68 50
27 68 50
27 68 50
27 68 50
27 68 50
27 68 50
27 68 50
27 68 50
27 68 50
27 68 50
27 68 50
27 68 50
27 68 50
27 68 50
27 68 50
27 68 50
27 68 50
26 68 50
26 68 50
26 68 50
26 68 50
26 68 50
26 68 50
26 68 50
26 68 50
26 68 50
26 68 50
26 68 50
26 68 50
26 68 50
26 68 50
26 68 50
26 68 50
26 68 50
26 68 50
26 68 50
26 68 50
26 68 50
26 68 50
26 68 50
26 68 50
26 68 50
26 68 50
26 68 50
26 68 50
26 68 50
26 68 50
26 68 50
26 68 50
26 68 50
26 68 50
26 68 50
26 68 50
26 68 50
26 68 50
26 68 50
26 68 50
26 68 50
26 68 50
26 68 50
26 68 50
26 68 50
26 68 50
26 68 50
26 68 50
26 68 50
26 68 50
26 68 50
26 68 50
26 68 50
26 68 50
26 68 50
26 68 50
26 68 50
26 68 50
26 68 50
26 68 50
26 68 50
26 68 50
26 68 50
26 68 50
26 68 50
26 68 50
26 68 50
26 68 50
26 68 50
26 68 50
26 68 50
26 68 50
26 68 50
26 68 50
26 68 50
26 68 50
26 68 50
26 68 50
26 68 50
26 68 50
26 68 50
26 68 50
26 68 50
26 68 50
25 68 50
25 68 50
25 68 50
25 68 50
25 68 50
25 68 50
25 68 50
25 68 50
25 68 50
25 68 50
25 68 50
25 68 50
25 68 50
25 68 50
25 68 50
25 68 50
25 68 50
25 68 50
25 68 50
25 68 50
25 68 50
25 68 50
25 68 50
25 68 50
25 68 50
25 68 50
25 68 50
25 68 50
25 68 50
25 68 50
25 68 50
25 68 50
25 68 50
25 68 50
25 68 50
25 68 50
25 68 50
25 68 50
25 68 50
25 68 50
25 68 50
25 68 50
25 68 50
25 68 50
25 68 50
25 68 50
25 68 50
25 68 50
25 68 50
25 68 50
25 68 50
25 68 50
25 68 50
25 68 50
25 68 50
25 68 50
25 68 50
25 68 50
25 68 50
25 68 50
25 68 50
25 68 50
25 68 50
25 68 50
25 68 50
25 68 50
25 68 50
25 68 50
25 68 50
25 68 50
25 68 50
25 68 50
25 68 50
25 68 50
25 68 50
25 68 50
25 68 50
25 68 50
25 68 50
25 68 50
25 68 50
25 68 50
25 68 50
25 68 50
25 68 50
24 68 50
24 68 50
24 68 50
24 68 50
24 68 50
24 68 50
24 68 50
24 68 50
24 68 50
24 68 50
24 68 50
24 68 50
24 68 50
24 68 50
24 68 50
24 68 50
24 68 50
24 68 50
24 68 50
24 68 50
24 68 50
24 68 50
24 68 50
24 68 50
24 68 50
24 68 50
24 68 50
24 68 50
24 68 50
24 68 50
24 68 50
24 68 50
24 68 50
24 68 50
24 68 50
24 68 50
24 68 50
24 68 50
24 68 50
24 68 50
24 68 50
24 68 50
24 68 50
24 68 50
24 68 50
24 68 50
24 68 50
24 68 50
24 68 50
24 68 50
24 68 50
24 68 50
24 68 50
24 68 50
24 68 50
24 68 50
24 68 50
24 68 50
24 68 50
24 68 50
24 68 50
24 68 50
24 68 50
24 68 50
24 68 50
24 68 50
24 68 50
24 68 50
24 68 50
24 68 50
24 68 50
24 68 50
24 68 50
24 68 50
24 68 50
24 68 50
24 68 50
24 68 50
24 68 50
24 68 50
24 68 50
24 68 50
24 68 50
24 68 50
24 68 50
23 68 50
23 68 50
23 68 50
23 68 50
23 68 50
23 68 50
23 68 50
23 68 50
23 68 50
23 68 50
23 68 50
23 68 50
23 68 50
23 68 50
23 68 50
23 68 50
23 68 50
23 68 50
23 68 50
23 68 50
23 68 50
23 68 50
23 68 50
23 68 50
23 68 50
23 68 50
23 68 50
23 68 50
23 68 50
23 68 50
23 68 50
23 68 50
23 68 50
23 68 50
23 68 50
23 68 50
23 68 50
23 68 50
23 68 50
23 68 50
23 68 50
23 68 50
23 68 50
23 68 50
23 68 50
23 68 50
23 68 50
23 68 50
23 68 50
23 68 50
23 68 50
23 68 50
23 68 50
23 68 50
23 68 50
23 68 50
23 68 50
23 68 50
23 68 50
23 68 50
23 68 50
23 68 50
23 68 50
23 68 50
23 68 50
23 68 50
23 68 50
23 68 50
23 68 50
23 68 50
23 68 50
23 68 50
23 68 50
23 68 50
23 68 50
23 68 50
23 68 50
23 68 50
23 68 50
23 68 50
23 68 50
23 68 50
23 68 50
23 68 50
22 68 50
22 68 50
22 68 50
22 68 50
22 68 50
22 68 50
22 68 50
22 68 50
22 68 50
22 68 50
22 68 50
22 68 50
22 68 50
22 68 50
22 68 50
22 68 50
22 68 50
22 68 50
22 68 50
22 68 50
22 68 50
22 68 50
22 68 50
22 68 50
22 68 50
22 68 50
22 68 50
22 68 50
22 68 50
22 68 50
22 68 50
22 68 50
22 68 50
22 68 50
22 68 50
22 68 50
22 68 50
22 68 50
22 68 50
22 68 50
22 68 50
22 68 50
22 68 50
22 68 50
22 68 50
22 68 50
22 68 50
22 68 50
22 68 50
22 68 50
22 68 50
22 68 50
22 68 50
22 68 50
22 68 50
22 68 50
22 68 50
22 68 50
22 68 50
22 68 50
22 68 50
22 68 50
22 68 50
22 68 50
22 68 50
22 68 50
22 68 50
22 68 50
22 68 50
22 68 50
22 68 50
22 68 50
22 68 50
22 68 50
22 68 50
22 68 50
22 68 50
22 68 50
22 68 50
22 68 50
22 68 50
21 68 50
21 68 50
21 68 50
21 68 50
21 68 50
21 68 50
21 68 50
21 68 50
21 68 50
21 68 50
21 68 50
21 68 50
21 68 50
21 68 50
21 68 50
21 68 50
21 68 50
21 68 50
21 68 50
21 68 50
21 68 50
21 68 50
21 68 50
21 68 50
21 68 50
21 68 50
21 68 50
21 68 50
21 68 50
21 68 50
21 68 50
21 68 50
21 68 50
21 68 50
21 68 50
21 68 50
21 68 50
21 68 50
21 68 50
21 68 50
21 68 50
21 68 50
21 68 50
21 68 50
21 68 50
21 68 50
21 68 50
21 68 50
21 68 50
21 68 50
21 68 50
21 68 50
21 68 50
21 68 50
21 68 50
21 68 50
21 68 50
21 68 50
21 68 50
21 68 50
21 68 50
21 68 50
21 68 50
21 68 50
21 68 50
21 68 50
21 68 50
21 68 50
21 68 50
21 68 50
21 68 50
21 68 50
21 68 50
21 68 50
21 68 50
21 68 50
21 68 50
21 68 50
20 68 50
20 68 50
20 68 50
20 68 50
20 68 50
20 68 50
20 68 50
20 68 50
20 68 50
20 68 50
20 68 50
20 68 50
20 68 50
20 68 50
20 68 50
20 68 50
20 68 50
20 68 50
20 68 50
20 68 50
20 68 50
20 68 50
20 68 50
20 68 50
20 68 50
20 68 50
20 68 50
20 68 50
20 68 50
20 68 50
20 68 50
20 68 50
20 68 50
20 68 50
20 68 50
20 68 50
20 68 50
20 68 50
20 68 50
20 68 50
20 68 50
20 68 50
20 68 50
20 68 50
20 68 50
20 68 50
20 68 50
20 68 50
20 68 50
20 68 50
20 68 50
20 68 50
20 68 50
20 68 50
20 68 50
20 68 50
20 68 50
20 68 50
20 68 50
20 68 50
20 68 50
20 68 50
20 68 50
20 68 50
20 68 50
20 68 50
20 68 50
20 68 50
20 68 50
20 68 50
20 68 50
20 68 50
20 68 50
20 67 3600
20 66 50
20 66 50
20 66 50
20 66 50
20 66 50
20 66 50
20 66 50
20 66 50
20 66 50
20 66 50
20 66 50
20 66 50
20 66 50
20 66 50
20 66 50
20 66 50
20 66 50
20 66 50
20 66 50
20 66 50
20 66 50
20 66 50
20 66 50
20 66 50
20 66 50
20 66 50
20 66 50
20 66 50
20 66 50
20 66 50
20 66 50
20 66 50
20 66 50
20 66 50
20 66 50
20 66 50
20 66 50
20 66 50
20 66 50
20 66 50
20 66 50
20 66 50
20 66 50
20 66 50
20 66 50
20 66 50
20 66 50
20 66 50
20 66 50
20 66 50
20 66 50
20 66 50
20 66 50
20 66 50
20 66 50
20 66 50
20 66 50
20 66 50
20 66 50
20 66 50
20 66 50
20 66 50
20 65 50
20 65 50
20 65 50
20 65 50
20 65 50
20 65 50
20 65 50
20 65 50
20 65 50
20 65 50
20 65 50
20 65 50
20 65 50
20 65 50
20 65 50
20 65 50
20 65 50
20 65 50
20 65 50
20 65 50
20 65 50
20 65 50
20 65 50
20 65 50
20 65 50
20 65 50
20 65 50
20 65 50
20 65 50
20 65 50
20 65 50
20 65 50
20 65 50
20 65 50
20 65 50
20 65 50
20 65 50
20 65 50
20 65 50
20 65 50
20 65 50
20 65 50
20 65 50
20 65 50
20 65 50
20 65 50
20 65 50
20 65 50
20 65 50
20 65 50
20 65 50
20 65 50
20 65 50
20 65 50
20 65 50
20 65 50
20 64 50
20 64 50
20 64 50
20 64 50
20 64 50
20 64 50
20 64 50
20 64 50
20 64 50
20 64 50
20 64 50
20 64 50
20 64 50
20 64 50
20 64 50
20 64 50
20 64 50
20 64 50
20 64 50
20 64 50
20 64 50
20 64 50
20 64 50
20 64 50
20 64 50
20 64 50
20 64 50
20 64 50
20 64 50
20 64 50
20 64 50
20 64 50
20 64 50
20 64 50
20 64 50
20 64 50
20 64 50
20 64 50
20 64 50
20 64 50
20 64 50
20 64 50
20 64 50
20 64 50
20 64 50
20 64 50
20 64 50
20 64 50
20 64 50
20 63 50
20 63 50
20 63 50
20 63 50
20 63 50
20 63 50
20 63 50
20 63 50
20 63 50
20 63 50
20 63 50
20 63 50
20 63 50
20 63 50
20 63 50
20 63 50
20 63 50
20 63 50
20 63 50
20 63 50
20 63 50
20 63 50
20 63 50
20 63 50
20 63 50
20 63 50
20 63 50
20 63 50
20 63 50
20 63 50
20 63 50
20 63 50
20 63 50
20 63 50
20 63 50
20 63 50
20 63 50
20 63 50
20 63 50
20 63 50
20 63 50
20 63 50
20 62 50
20 62 50
20 62 50
20 62 50
20 62 50
20 62 50
20 62 50
20 62 50
20 62 50
20 62 50
20 62 50
20 62 50
20 62 50
20 62 50
20 62 50
20 62 50
20 62 50
20 62 50
20 62 50
20 62 50
20 62 50
20 62 50
20 62 50
20 62 50
20 62 50
20 62 50
20 62 50
20 62 50
20 62 50
20 62 50
20 62 50
20 62 50
20 62 50
20 62 50
20 62 50
20 62 50
20 61 50
20 61 50
20 61 50
20 61 50
20 61 50
20 61 50
20 61 50
20 61 50
20 61 50
20 61 50
20 61 50
20 61 50
20 61 50
20 61 50
20 61 50
20 61 50
20 61 50
20 61 50
20 61 50
20 61 50
20 61 50
20 61 50
20 61 50
20 61 50
20 61 50
20 61 50
20 61 50
20 61 50
20 61 50
20 60 50
20 60 50
20 60 50
20 60 50
20 60 50
20 60 50
20 60 50
20 60 50
20 60 50
20 60 50
20 60 50
20 60 50
20 60 50
20 60 50
20 60 50
20 60 50
20 60 50
20 60 50
20 60 50
20 60 50
20 60 50
20 60 50
20 60 50
20 59 50
20 59 50
20 59 50
20 59 50
20 59 50
20 59 50
20 59 50
20 59 50
20 59 50
20 59 50
20 59 50
20 59 50
20 59 50
20 59 50
20 59 50
20 59 50
20 59 50
20 59 50
20 59 50
20 58 50
20 58 50
20 58 50
20 58 50
20 58 50
20 58 50
20 58 50
20 58 50
20 58 50
20 58 50
20 58 50
20 58 50
20 58 50
20 58 50
20 57 50
20 57 50
20 57 50
20 57 50
20 57 50
20 57 50
20 57 50
20 57 50
20 57 50
20 57 50
20 57 50
20 56 50
20 56 50
20 56 50
20 56 50
20 56 50
20 56 50
20 56 50
20 56 50
20 56 50
20 55 50
20 55 50
20 55 50
20 55 50
20 55 50
20 55 50
20 55 50
20 54 50
20 54 50
20 54 50
20 54 50
20 54 50
20 53 50
20 53 50
20 53 50
20 53 50
20 52 50
20 52 50
20 52 50
20 51 50
20 51 50
20 51 50
20 50 50
20 50 50
20 49 50
20 49 50
20 48 50
20 48 50
20 47 50
20 46 50
20 45 50
20 44 50
20 43 50
20 42 50
20 41 50
20 40 50
20 40 50
20 39 50
20 39 50
20 38 50
20 38 50
20 37 50
20 37 50
20 36 50
20 36 50
20 35 50
20 35 50
20 34 50
20 34 50
20 34 50
20 33 50
20 33 50
20 33 50
20 32 50
20 32 50
20 32 50
20 31 50
20 31 50
20 31 50
20 31 50
20 30 50
20 30 50
20 30 50
20 30 50
20 29 50
20 29 50
20 29 50
20 29 50
20 29 50
20 28 50
20 28 50
20 28 50
20 28 50
20 28 50
20 27 50
20 27 50
20 27 50
20 27 50
20 27 50
20 26 50
20 26 50
20 26 50
20 26 50
20 25 50
20 25 50
20 25 50
20 25 50
20 24 50
20 24 50
20 24 50
20 24 50
