149 146 100
150 146 100
151 146 100
152 146 100
153 146 100
154 146 100
155 146 100
156 146 100
157 146 100
157 145 100
157 144 100
157 143 100
157 142 100
157 141 100
157 140 100
157 139 100
157 138 100
157 137 100
157 136 100
157 135 100
157 134 100
157 133 100
157 132 100
157 131 100
157 130 100
157 129 100
157 128 100
157 127 100
157 126 100
157 125 100
157 124 100
157 123 100
157 123 100
157 122 100
157 122 100
157 121 100
157 121 100
157 121 100
157 120 200
157 120 100
157 119 200
157 118 200
157 117 200
157 116 100
157 116 100
157 115 100
157 114 100
157 113 100
157 112 100
157 111 100
157 110 100
157 109 100
157 108 100
157 107 100
157 107 100
157 106 100
157 106 100
157 105 100
157 105 100
157 104 100
157 104 100
157 103 100
157 103 100
157 102 100
157 102 100
157 101 100
157 101 100
157 100 100
157 100 100
157 99 100
157 99 100
157 98 100
157 98 100
157 98 100
157 97 200
157 97 100
157 97 100
157 96 300
157 96 100
157 96 100
157 95 400
157 95 100
157 95 100
157 95 100
157 94 600
157 94 100
157 94 100
157 94 100
157 93 800
157 93 100
157 92 800
157 92 100
157 91 800
157 90 800
157 89 800
157 88 100
157 88 100
157 88 100
157 88 100
157 88 100
157 87 400
157 86 400
157 85 400
157 84 100
157 84 100
157 83 100
157 83 100
157 82 100
157 81 100
157 80 100
157 79 100
157 78 100
157 77 100
157 76 100
157 75 100
157 74 100
157 73 100
158 146 100
159 146 100
160 146 100
161 146 100
162 146 100
163 146 100
164 146 100
164 146 100
165 146 100
165 146 100
166 146 100
166 146 100
166 146 100
166 146 100
167 146 300
167 146 100
167 146 100
167 146 100
168 146 500
168 146 100
168 146 100
168 146 100
169 146 700
169 146 100
169 146 100
170 146 800
170 146 100
171 146 800
171 146 100
172 146 800
173 146 800
173 147 800
173 148 100
173 148 100
173 148 100
173 148 100
173 148 100
173 148 100
173 148 100
173 149 600
173 149 100
173 150 600
173 150 100
173 151 600
173 151 100
173 152 600
173 153 600
173 154 600
173 155 100
173 155 100
173 156 100
173 157 100
173 158 100
173 159 100
173 160 100
173 161 100
173 162 100
173 163 100
173 164 100
173 165 100
173 166 100
173 167 100
173 168 100
148 146 100
147 146 100
146 146 100
145 146 100
144 146 100
143 146 100
142 146 100
141 146 100
140 146 100
139 146 100
138 146 100
137 146 100
136 146 100
136 146 100
135 146 100
135 146 100
134 146 100
134 146 100
133 146 100
133 146 100
132 146 100
132 146 100
131 146 100
131 146 100
130 146 100
130 146 100
129 146 100
128 146 100
128 147 100
128 148 100
128 149 100
128 150 100
128 151 100
128 152 100
128 153 100
128 154 100
128 155 100
128 156 100
128 157 100
128 158 100
128 159 100
128 160 100
128 161 100
128 162 100
128 163 100
128 164 100
128 165 100
128 166 100
128 167 100
128 168 100
128 169 100
128 170 100
128 171 100
128 172 100
128 173 100
128 174 100
128 175 100
128 176 100
59 164 100
60 164 100
61 164 100
62 164 100
63 164 100
64 164 100
64 164 100
65 164 100
65 164 100
66 164 100
66 164 100
67 164 100
67 164 100
67 164 100
68 164 200
68 164 100
69 164 200
69 164 100
70 164 200
70 164 100
71 164 200
71 164 100
71 163 200
71 162 200
71 162 100
71 161 200
71 161 100
71 160 200
71 160 100
71 160 100
71 159 300
71 159 100
71 158 300
71 158 100
71 158 100
71 157 400
71 157 100
71 157 100
71 157 100
71 156 600
71 156 100
71 156 100
71 155 700
71 155 100
71 155 100
71 154 800
71 154 100
71 153 800
71 153 100
71 153 100
71 152 900
71 152 100
71 151 900
71 151 100
71 151 100
71 151 100
71 150 1100
71 150 100
71 150 100
71 150 100
71 150 100
71 149 1400
71 149 100
71 149 100
71 149 100
71 149 100
71 149 100
71 148 1800
71 148 100
71 148 100
71 148 100
71 148 100
71 148 100
71 148 100
71 147 2300
71 147 100
71 147 100
71 147 100
71 147 100
71 147 100
71 147 100
71 147 100
71 146 2900
71 146 100
71 146 100
71 146 100
71 146 100
71 146 100
71 146 100
71 146 100
71 145 3500
71 145 100
71 145 100
71 145 100
71 145 100
71 145 100
71 145 100
71 144 4000
71 144 100
71 144 100
71 144 100
71 144 100
71 144 100
71 143 4400
71 143 100
71 143 100
71 143 100
71 143 100
71 142 4700
71 141 4700
71 140 4700
71 139 100
71 139 100
71 139 100
71 139 100
71 139 100
71 139 100
71 139 100
71 139 100
71 139 100
71 139 100
71 139 100
71 139 100
71 139 100
71 139 100
71 139 100
71 139 100
71 139 100
71 139 100
71 139 100
71 139 100
71 139 100
71 139 100
71 139 100
71 139 100
71 139 100
71 139 100
71 139 100
71 139 100
71 139 100
71 139 100
71 139 100
71 139 100
71 139 100
71 139 100
71 139 100
71 139 100
71 139 100
71 139 100
71 139 100
71 139 100
71 139 100
71 139 100
71 139 100
71 139 100
71 138 4300
71 137 4300
71 136 4300
71 135 100
71 135 100
71 135 100
71 135 100
71 135 100
71 135 100
71 135 100
71 135 100
71 135 100
71 135 100
71 135 100
71 135 100
71 135 100
71 135 100
71 135 100
71 135 100
71 135 100
71 135 100
71 135 100
71 135 100
71 135 100
71 135 100
71 135 100
71 135 100
71 135 100
71 135 100
71 135 100
71 135 100
71 135 100
71 135 100
71 135 100
71 135 100
71 135 100
71 135 100
71 135 100
71 135 100
71 135 100
71 135 100
71 134 3700
71 133 3700
71 132 3700
71 131 100
71 131 100
71 131 100
71 131 100
71 131 100
71 131 100
71 131 100
71 131 100
71 131 100
71 131 100
71 131 100
71 131 100
71 131 100
71 131 100
71 131 100
71 131 100
71 131 100
71 131 100
71 131 100
71 131 100
71 131 100
71 131 100
71 131 100
71 131 100
71 131 100
71 130 2400
71 129 2400
71 128 2400
71 127 100
71 127 100
71 127 100
71 127 100
71 127 100
71 127 100
71 127 100
71 127 100
71 127 100
71 127 100
71 127 100
71 127 100
71 127 100
71 127 100
71 127 100
71 127 100
71 127 100
71 127 100
71 127 100
71 126 1800
71 125 1800
71 124 1800
71 123 100
71 123 100
71 123 100
71 123 100
71 123 100
71 123 100
71 123 100
71 123 100
71 123 100
71 123 100
71 123 100
71 123 100
71 123 100
71 123 100
71 122 1300
71 121 1300
71 120 1300
71 119 100
71 119 100
71 119 100
71 118 200
71 117 200
71 116 200
71 115 100
71 114 100
71 113 100
71 112 100
71 111 100
71 110 100
71 109 100
47 129 100
48 129 100
49 129 100
50 129 100
51 129 100
52 129 100
53 129 100
54 129 100
55 129 100
56 129 100
57 129 100
58 129 100
59 129 100
59 129 100
60 129 100
60 129 100
61 129 100
61 129 100
62 129 100
62 129 100
63 129 100
63 129 100
63 129 100
64 129 200
64 129 100
65 129 200
65 129 100
65 129 100
66 129 300
66 129 100
66 129 100
67 129 400
67 129 100
67 129 100
67 129 100
67 129 100
68 129 700
68 129 100
68 129 100
68 129 100
68 129 100
69 129 1000
69 129 100
69 129 100
69 129 100
69 129 100
69 129 100
70 129 1400
70 129 100
70 129 100
70 129 100
70 129 100
70 129 100
46 129 1800
45 129 1800
44 129 1800
43 129 100
42 129 100
41 129 100
40 129 100
39 129 100
38 129 100
37 129 100
37 129 100
36 129 100
36 129 100
35 129 100
35 129 100
35 129 100
34 129 200
34 129 100
34 129 100
33 129 300
33 129 100
33 129 100
33 129 100
32 129 500
32 129 100
32 129 100
31 129 600
31 129 100
31 129 100
31 129 100
30 129 800
30 129 100
30 129 100
29 129 900
29 129 100
29 129 100
29 129 100
28 129 1100
28 129 100
28 129 100
27 129 1200
27 129 100
27 129 100
26 129 1300
26 129 100
25 129 1300
24 129 1300
23 129 1300
23 128 100
23 128 100
23 128 100
23 128 100
23 128 100
23 127 400
23 126 400
23 125 400
23 124 100
23 124 100
23 123 100
23 122 100
23 121 100
23 120 100
23 119 100
23 118 100
23 117 100
23 116 100
23 115 100
23 114 100
23 113 100
23 112 100
23 111 100
23 110 100
23 109 100
23 108 100
23 107 100
23 106 100
23 105 100
22 105 100
21 105 100
20 105 100
19 105 100
18 105 100
17 105 100
16 105 100
15 105 100
14 105 100
13 105 100
12 105 100
12 105 100
11 105 100
11 105 100
11 105 100
10 105 200
10 105 100
10 105 100
10 105 100
9 105 400
9 105 100
9 105 100
9 105 100
9 105 100
8 105 700
8 105 100
8 105 100
8 105 100
8 105 100
7 105 1000
7 105 100
7 105 100
7 105 100
7 105 100
7 105 100
6 105 1400
6 105 100
6 105 100
6 105 100
6 105 100
6 105 100
5 105 1800
5 105 100
5 105 100
5 105 100
5 105 100
4 105 2100
4 105 100
4 105 100
4 105 100
4 104 2300
4 104 100
4 104 100
4 104 100
4 103 2500
4 103 100
4 102 2500
4 101 2500
4 100 2500
4 99 100
4 99 100
4 99 100
4 99 100
4 99 100
4 99 100
4 99 100
4 99 100
4 99 100
4 99 100
4 99 100
4 99 100
4 99 100
4 99 100
4 99 100
4 99 100
4 99 100
4 99 100
4 99 100
4 99 100
4 98 1900
4 97 1900
4 96 1900
4 95 100
4 95 100
4 95 100
4 95 100
4 95 100
4 95 100
4 94 500
4 93 500
4 92 500
4 91 100
4 91 100
4 90 100
4 90 100
4 89 100
4 89 100
4 88 100
4 88 100
4 88 100
4 87 200
4 87 100
4 87 100
4 86 300
4 86 100
4 86 100
4 86 100
4 85 500
4 85 100
4 85 100
4 85 100
4 84 700
4 84 100
4 84 100
4 84 100
4 83 900
4 83 100
4 83 100
4 83 100
4 82 1100
4 82 100
4 82 100
4 81 1200
4 81 100
4 80 1200
4 80 100
4 80 100
4 79 1300
4 79 100
4 78 1300
4 78 100
4 77 1300
4 77 100
4 76 1300
4 76 100
4 76 100
4 75 1400
4 75 100
4 74 1400
4 74 100
4 73 1400
4 73 100
4 73 100
4 72 1500
4 71 1500
4 70 1500
4 69 100
4 69 100
4 69 100
4 69 100
4 69 100
4 69 100
4 69 100
4 69 100
4 69 100
4 69 100
4 68 900
4 67 900
4 66 900
4 65 100
4 65 100
4 65 100
4 64 200
5 64 200
6 64 200
7 64 100
8 64 100
9 64 100
10 64 100
11 64 100
12 64 100
13 64 100
14 64 100
15 64 100
16 64 100
17 64 100
18 64 100
19 64 100
20 64 100
21 64 100
22 64 100
23 64 100
24 64 100
25 64 100
26 64 100
27 64 100
28 64 100
29 64 100
30 64 100
31 64 100
32 64 100
33 64 100
34 64 100
35 64 100
36 64 100
37 64 100
38 64 100
39 64 100
40 64 100
41 64 100
42 64 100
42 64 100
43 64 100
43 64 100
43 64 100
43 64 100
44 64 300
44 64 100
44 64 100
44 64 100
45 64 500
45 64 100
45 64 100
45 64 100
46 64 700
46 64 100
46 64 100
46 64 100
46 64 100
47 64 1000
47 64 100
47 64 100
47 64 100
48 64 1200
48 64 100
48 64 100
49 64 1300
49 64 100
49 64 100
49 64 100
49 64 100
50 64 1600
50 64 100
50 64 100
50 64 100
51 64 1800
51 64 100
51 64 100
51 64 100
51 64 100
51 64 100
52 64 2200
52 64 100
52 64 100
52 64 100
52 64 100
53 64 2500
53 64 100
53 64 100
53 64 100
53 64 100
54 64 2800
54 64 100
54 64 100
54 64 100
55 64 3000
55 64 100
55 64 100
56 64 3100
56 64 100
56 64 100
57 64 3200
57 63 3200
57 62 3200
57 61 100
57 61 100
57 61 100
57 61 100
57 61 100
57 61 100
57 61 100
57 61 100
57 61 100
57 61 100
57 61 100
57 61 100
57 61 100
57 61 100
57 61 100
57 61 100
57 61 100
57 61 100
57 61 100
57 61 100
57 61 100
57 61 100
57 61 100
57 61 100
57 61 100
57 61 100
57 61 100
57 61 100
57 61 100
57 61 100
57 61 100
57 60 3000
57 60 100
57 59 3000
57 59 100
57 59 100
57 58 3100
57 58 100
57 58 100
57 57 3200
57 57 100
57 57 100
57 56 3300
57 56 100
57 55 3300
57 54 3300
57 53 3300
57 52 100
57 52 100
57 52 100
57 52 100
57 52 100
57 52 100
57 52 100
57 52 100
57 52 100
57 52 100
57 52 100
57 52 100
57 52 100
57 52 100
57 52 100
57 52 100
57 52 100
57 52 100
57 52 100
57 52 100
57 52 100
57 52 100
57 52 100
57 51 2200
57 50 2200
57 49 2200
57 48 100
57 48 100
57 48 100
57 47 200
57 46 200
57 45 200
57 44 100
57 43 100
57 42 100
57 41 100
57 40 100
57 39 100
57 38 100
57 37 100
57 36 100
57 35 100
57 34 100
57 33 100
57 32 100
57 31 100
57 30 100
57 29 100
57 28 100
57 27 100
57 26 100
173 110 100
172 110 100
171 110 100
170 110 100
169 110 100
168 110 100
167 110 100
166 110 100
165 110 100
164 110 100
163 110 100
162 110 100
161 110 100
161 110 100
160 110 100
160 110 100
159 110 100
158 110 100
