73 0 50
73 0 50
73 0 50
73 0 50
73 0 50
73 0 50
73 0 50
72 0 50
72 0 50
72 0 50
72 0 50
72 0 50
72 0 50
72 0 50
71 0 50
71 0 50
71 0 50
71 0 50
71 0 50
71 0 50
71 0 50
70 0 50
70 0 50
70 0 50
70 0 50
70 0 50
70 0 50
70 0 50
69 0 50
69 0 50
69 0 50
69 0 50
69 0 50
69 0 50
69 0 50
68 0 50
68 0 50
68 0 50
68 0 50
68 0 50
68 0 50
68 0 50
67 0 50
67 0 50
67 0 50
67 0 50
67 0 50
67 0 50
67 0 50
66 0 50
66 0 50
66 0 50
66 0 50
66 0 50
66 0 50
66 0 50
65 0 50
65 0 50
65 0 50
65 0 50
65 0 50
65 0 50
65 0 50
64 0 50
64 0 50
64 0 50
64 0 50
64 0 50
64 0 50
64 0 50
64 0 50
63 0 50
63 0 50
63 0 50
63 0 50
63 0 50
63 0 50
63 0 50
63 0 50
62 0 50
62 0 50
62 0 50
62 0 50
62 0 50
62 0 50
62 0 50
62 0 50
62 0 50
61 0 50
61 0 50
61 0 50
61 0 50
61 0 50
61 0 50
61 0 50
61 0 50
61 0 50
61 0 50
61 0 50
60 0 50
60 0 50
60 0 50
60 0 50
60 0 50
60 0 50
60 0 50
60 0 50
60 0 50
60 0 50
60 0 50
60 0 50
59 0 50
59 0 50
59 0 50
59 0 50
59 0 50
59 0 50
59 0 50
59 0 50
59 0 50
59 0 50
59 0 50
59 0 50
59 0 50
59 0 50
58 0 50
58 0 50
58 0 50
58 0 50
58 0 50
58 0 50
58 0 50
58 0 50
58 0 50
58 0 50
58 0 50
58 0 50
58 0 50
58 0 50
58 0 50
57 0 50
57 0 50
57 0 50
57 0 50
57 0 50
57 0 50
57 0 50
57 0 50
57 0 50
57 0 50
57 0 50
57 0 50
57 0 50
57 0 50
57 0 50
57 0 50
57 0 50
56 0 50
56 0 50
56 0 50
56 0 50
56 0 50
56 0 50
56 0 50
56 0 50
56 0 50
56 0 50
56 0 50
56 0 50
56 0 50
56 0 50
56 0 50
56 0 50
56 0 50
56 0 50
56 0 50
55 0 50
55 0 50
55 0 50
55 0 50
55 0 50
55 0 50
55 0 50
55 0 50
55 0 50
55 0 50
55 0 50
55 0 50
55 0 50
55 0 50
55 0 50
55 0 50
55 0 50
55 0 50
55 0 50
55 0 50
54 0 50
54 0 50
54 0 50
54 0 50
54 0 50
54 0 50
54 0 50
54 0 50
54 0 50
54 0 50
54 0 50
54 0 50
54 0 50
54 0 50
54 0 50
54 0 50
54 0 50
54 0 50
54 0 50
54 0 50
53 0 50
53 0 50
53 0 50
53 0 50
53 0 50
53 0 50
53 0 50
53 0 50
53 0 50
53 0 50
53 0 50
53 0 50
53 0 50
53 0 50
53 0 50
53 0 50
53 0 50
53 0 50
53 0 50
53 0 50
52 0 50
52 0 50
52 0 50
52 0 50
52 0 50
52 0 50
52 0 50
52 0 50
52 0 50
52 0 50
52 0 50
52 0 50
52 0 50
52 0 50
52 0 50
52 0 50
52 0 50
52 0 50
52 0 50
52 0 50
51 0 50
51 0 50
51 0 50
51 0 50
51 0 50
51 0 50
51 0 50
51 0 50
51 0 50
51 0 50
51 0 50
51 0 50
51 0 50
51 0 50
51 0 50
51 0 50
51 0 50
51 0 50
51 0 50
50 0 50
50 0 50
50 0 50
50 0 50
50 0 50
50 0 50
50 0 50
50 0 50
50 0 50
50 0 50
50 0 50
50 0 50
50 0 50
50 0 50
50 0 50
50 0 50
50 0 50
50 0 50
50 0 50
49 0 50
49 0 50
49 0 50
49 0 50
49 0 50
49 0 50
49 0 50
49 0 50
49 0 50
49 0 50
49 0 50
49 0 50
49 0 50
49 0 50
49 0 50
49 0 50
49 0 50
49 0 50
48 0 50
48 0 50
48 0 50
48 0 50
48 0 50
48 0 50
48 0 50
48 0 50
48 0 50
48 0 50
48 0 50
48 0 50
48 0 50
48 0 50
48 0 50
48 0 50
48 0 50
48 0 50
47 0 50
47 0 50
47 0 50
47 0 50
47 0 50
47 0 50
47 0 50
47 0 50
47 0 50
47 0 50
47 0 50
47 0 50
47 0 50
47 0 50
47 0 50
47 0 50
47 0 50
46 0 50
46 0 50
46 0 50
46 0 50
46 0 50
46 0 50
46 0 50
46 0 50
46 0 50
46 0 50
46 0 50
46 0 50
46 0 50
46 0 50
46 0 50
46 0 50
46 0 50
45 0 50
45 0 50
45 0 50
45 0 50
45 0 50
45 0 50
45 0 50
45 0 50
45 0 50
45 0 50
45 0 50
45 0 50
45 0 50
45 0 50
45 0 50
45 0 50
44 0 50
44 0 50
44 0 50
44 0 50
44 0 50
44 0 50
44 0 50
44 0 50
44 0 50
44 0 50
44 0 50
44 0 50
44 0 50
44 0 50
44 0 50
44 0 50
43 0 50
43 0 50
43 0 50
43 0 50
43 0 50
43 0 50
43 0 50
43 0 50
43 0 50
43 0 50
43 0 50
43 0 50
43 0 50
43 0 50
43 0 50
42 0 50
42 0 50
42 0 50
42 0 50
42 0 50
42 0 50
42 0 50
42 0 50
42 0 50
42 0 50
42 0 50
42 0 50
42 0 50
42 0 50
42 0 50
41 0 50
41 0 50
41 0 50
41 0 50
41 0 50
41 0 50
41 0 50
41 0 50
41 0 50
41 0 50
41 0 50
41 0 50
41 0 50
41 0 50
40 0 50
40 0 50
40 0 50
40 0 50
40 0 50
40 0 50
40 0 50
40 0 50
40 0 50
40 0 50
40 0 50
40 0 50
40 0 50
39 0 50
39 0 50
39 0 50
39 0 50
39 0 50
39 0 50
39 0 50
39 0 50
39 0 50
39 0 50
39 0 50
39 0 50
38 0 50
38 0 50
38 0 50
38 0 50
38 0 50
38 0 50
38 0 50
38 0 50
38 0 50
38 0 50
38 0 50
37 0 50
37 0 50
37 0 50
37 0 50
37 0 50
37 0 50
37 0 50
37 0 50
37 0 50
37 0 50
36 0 50
36 0 50
36 0 50
36 0 50
36 0 50
36 0 50
36 0 50
36 0 50
36 0 50
35 0 50
35 0 50
35 0 50
35 0 50
35 0 50
35 0 50
35 0 50
35 0 50
35 0 50
34 0 50
34 0 50
34 0 50
34 0 50
34 0 50
34 0 50
34 0 50
34 0 50
33 0 50
33 0 50
33 0 50
33 0 50
33 0 50
33 0 50
33 0 50
32 0 50
32 0 50
32 0 50
32 0 50
32 0 50
32 0 50
32 0 50
31 0 50
31 0 50
31 0 50
31 0 50
31 0 50
31 0 50
30 0 50
30 0 50
30 0 50
30 0 50
30 0 50
29 0 50
29 0 50
29 0 50
29 0 50
29 0 50
28 0 50
28 0 50
28 0 50
28 0 50
28 0 50
27 0 50
27 0 50
27 0 50
27 0 50
26 0 50
26 0 50
26 0 50
26 0 50
25 0 50
25 0 50
25 0 50
25 0 50
24 0 50
24 0 50
24 0 50
24 0 50
23 0 50
23 0 50
23 0 50
23 0 50
22 0 50
22 0 50
22 0 50
22 0 50
21 0 50
21 0 50
21 0 50
21 0 50
21 0 50
20 0 50
20 0 50
20 0 50
20 0 50
20 0 50
19 0 50
19 0 50
19 0 50
19 0 50
19 0 50
19 0 50
18 0 50
18 0 50
18 0 50
18 0 50
18 0 50
18 0 50
18 0 50
17 0 50
17 0 50
17 0 50
17 0 50
17 0 50
17 0 50
17 0 50
17 0 50
16 0 50
16 0 50
16 0 50
16 0 50
16 0 50
16 0 50
16 0 50
16 0 50
16 0 50
15 0 50
15 0 50
15 0 50
15 0 50
15 0 50
15 0 50
15 0 50
15 0 50
15 0 50
15 0 50
14 0 50
14 0 50
14 0 50
14 0 50
14 0 50
14 0 50
14 0 50
14 0 50
14 0 50
14 0 50
14 0 50
13 0 50
13 0 50
13 0 50
13 0 50
13 0 50
13 0 50
13 0 50
13 0 50
13 0 50
13 0 50
13 0 50
13 0 50
12 0 50
12 0 50
12 0 50
12 0 50
12 0 50
12 0 50
12 0 50
12 0 50
12 0 50
12 0 50
12 0 50
12 0 50
12 0 50
11 0 50
11 0 50
11 0 50
11 0 50
11 0 50
11 0 50
11 0 50
11 0 50
11 0 50
11 0 50
11 0 50
11 0 50
11 0 50
11 0 50
10 0 50
10 0 50
10 0 50
10 0 50
10 0 50
10 0 50
10 0 50
10 0 50
10 0 50
10 0 50
10 0 50
10 0 50
10 0 50
10 0 50
9 0 50
9 0 50
9 0 50
9 0 50
9 0 50
9 0 50
9 0 50
9 0 50
9 0 50
9 0 50
9 0 50
9 0 50
9 0 50
8 0 50
8 0 50
8 0 50
8 0 50
8 0 50
8 0 50
8 0 50
8 0 50
8 0 50
8 0 50
8 0 50
8 0 50
7 0 50
7 0 50
7 0 50
7 0 50
7 0 50
7 0 50
7 0 50
7 0 50
7 0 50
7 0 50
7 0 50
6 0 50
6 0 50
6 0 50
6 0 50
6 0 50
6 0 50
6 0 50
6 0 50
6 0 50
6 0 50
6 1 450
6 1 50
6 1 50
6 1 50
6 2 50
6 2 50
6 2 50
6 2 50
6 2 50
6 2 50
6 2 50
6 2 50
6 2 50
6 2 50
6 2 50
6 2 50
6 2 50
6 3 50
6 3 50
6 3 50
6 3 50
6 3 50
6 3 50
6 3 50
6 3 50
6 3 50
6 3 50
6 3 50
6 3 50
6 3 50
6 3 50
6 3 50
6 4 50
6 4 50
6 4 50
6 4 50
6 4 50
6 4 50
6 4 50
6 4 50
6 4 50
6 4 50
6 4 50
6 4 50
6 4 50
6 4 50
6 4 50
6 4 50
6 5 50
6 5 50
6 5 50
6 5 50
6 5 50
6 5 50
6 5 50
6 5 50
6 5 50
6 5 50
6 5 50
6 5 50
6 5 50
6 5 50
6 5 50
6 5 50
6 5 50
6 6 50
6 6 50
6 6 50
6 6 50
6 6 50
6 6 50
6 6 50
6 6 50
6 6 50
6 6 50
6 6 50
6 6 50
6 6 50
6 6 50
6 6 50
6 6 50
6 6 50
6 6 50
6 7 50
6 7 50
6 7 50
6 7 50
6 7 50
6 7 50
6 7 50
6 7 50
6 7 50
6 7 50
6 7 50
6 7 50
6 7 50
6 7 50
6 7 50
6 7 50
6 7 50
6 7 50
6 8 50
6 8 50
6 8 50
6 8 50
6 8 50
6 8 50
6 8 50
6 8 50
6 8 50
6 8 50
6 8 50
6 8 50
6 8 50
6 8 50
6 8 50
6 8 50
6 8 50
6 8 50
6 9 50
6 9 50
6 9 50
6 9 50
6 9 50
6 9 50
6 9 50
6 9 50
6 9 50
6 9 50
6 9 50
6 9 50
6 9 50
6 9 50
6 9 50
6 9 50
6 9 50
6 10 50
6 10 50
6 10 50
6 10 50
6 10 50
6 10 50
6 10 50
6 10 50
6 10 50
6 10 50
6 10 50
6 10 50
6 10 50
6 10 50
6 10 50
6 10 50
6 11 50
6 11 50
6 11 50
6 11 50
6 11 50
6 11 50
6 11 50
6 11 50
6 11 50
6 11 50
6 11 50
6 11 50
6 11 50
6 11 50
6 12 50
6 12 50
6 12 50
6 12 50
6 12 50
6 12 50
6 12 50
6 12 50
6 12 50
6 12 50
6 12 50
6 12 50
6 13 50
6 13 50
6 13 50
6 13 50
6 13 50
6 13 50
6 13 50
6 13 50
6 13 50
6 13 50
6 14 50
6 14 50
6 14 50
6 14 50
6 14 50
6 14 50
6 14 50
6 14 50
6 14 50
6 15 50
6 15 50
6 15 50
6 15 50
6 15 50
6 15 50
6 15 50
6 16 50
6 16 50
6 16 50
6 16 50
6 16 50
6 16 50
6 17 50
6 17 50
6 17 50
6 17 50
6 17 50
6 18 50
6 18 50
6 18 50
6 18 50
6 18 50
6 19 50
6 19 50
6 19 50
6 19 50
6 19 50
6 20 50
6 20 50
6 20 50
6 20 50
6 20 50
6 21 50
6 21 50
6 21 50
6 21 50
6 21 50
6 22 50
6 22 50
6 22 50
6 22 50
6 22 50
6 23 50
6 23 50
6 23 50
6 23 50
6 23 50
6 24 50
6 24 50
6 24 50
6 24 50
6 24 50
6 24 50
6 25 50
6 25 50
6 25 50
6 25 50
6 25 50
6 25 50
6 25 50
6 26 50
6 26 50
6 26 50
6 26 50
6 26 50
6 26 50
6 26 50
6 26 50
6 27 50
6 27 50
6 27 50
6 27 50
6 27 50
6 27 50
6 27 50
6 27 50
6 27 50
6 28 50
6 28 50
6 28 50
6 28 50
6 28 50
6 28 50
6 28 50
6 28 50
6 28 50
6 28 50
6 28 50
6 29 50
6 29 50
6 29 50
6 29 50
6 29 50
6 29 50
6 29 50
6 29 50
6 29 50
6 29 50
6 29 50
6 29 50
6 29 50
6 30 50
6 30 50
6 30 50
6 30 50
6 30 50
6 30 50
6 30 50
6 30 50
6 30 50
6 30 50
6 30 50
6 30 50
6 30 50
6 30 50
6 30 50
6 31 50
6 31 50
6 31 50
6 31 50
6 31 50
6 31 50
6 31 50
6 31 50
6 31 50
6 31 50
6 31 50
6 31 50
6 31 50
6 31 50
6 31 50
6 31 50
6 31 50
6 32 50
6 32 50
6 32 50
6 32 50
6 32 50
6 32 50
6 32 50
6 32 50
6 32 50
6 32 50
6 32 50
6 32 50
6 32 50
6 32 50
6 32 50
6 32 50
6 32 50
6 32 50
6 32 50
6 32 50
6 33 50
6 33 50
6 33 50
6 33 50
6 33 50
6 33 50
6 33 50
6 33 50
6 33 50
6 33 50
6 33 50
6 33 50
6 33 50
6 33 50
6 33 50
6 33 50
6 33 50
6 33 50
6 33 50
6 33 50
6 33 50
6 33 50
6 33 50
6 34 50
6 34 50
6 34 50
6 34 50
6 34 50
6 34 50
6 34 50
6 34 50
6 34 50
6 34 50
6 34 50
6 34 50
6 34 50
6 34 50
6 34 50
6 34 50
6 34 50
6 34 50
6 34 50
6 34 50
6 34 50
6 34 50
6 34 50
6 34 50
6 34 50
6 34 50
6 34 50
6 35 50
6 35 50
6 35 50
6 35 50
6 35 50
6 35 50
6 35 50
6 35 50
6 35 50
6 35 50
6 35 50
6 35 50
6 35 50
6 35 50
6 35 50
6 35 50
6 35 50
6 35 50
6 35 50
6 35 50
6 35 50
6 35 50
6 35 50
6 35 50
6 35 50
6 35 50
6 35 50
6 35 50
6 35 50
6 35 50
6 36 50
6 36 50
6 36 50
6 36 50
6 36 50
6 36 50
6 36 50
6 36 50
6 36 50
6 36 50
6 36 50
6 36 50
6 36 50
6 36 50
6 36 50
6 36 50
6 36 50
6 36 50
6 36 50
6 36 50
6 36 50
6 36 50
6 36 50
6 36 50
6 36 50
6 36 50
6 36 50
6 36 50
6 36 50
6 36 50
6 36 50
6 36 50
6 36 50
6 36 50
6 37 50
6 37 50
6 37 50
6 37 50
6 37 50
6 37 50
6 37 50
6 37 50
6 37 50
6 37 50
6 37 50
6 37 50
6 37 50
6 37 50
6 37 50
6 37 50
6 37 50
6 37 50
6 37 50
6 37 50
6 37 50
6 37 50
6 37 50
6 37 50
6 37 50
6 37 50
6 37 50
6 37 50
6 37 50
6 37 50
6 37 50
6 37 50
6 37 50
6 37 50
6 37 50
6 37 50
6 37 50
6 38 50
6 38 50
6 38 50
6 38 50
6 38 50
6 38 50
6 38 50
6 38 50
6 38 50
6 38 50
6 38 50
6 38 50
6 38 50
6 38 50
6 38 50
6 38 50
6 38 50
6 38 50
6 38 50
6 38 50
6 38 50
6 38 50
6 38 50
6 38 50
6 38 50
6 38 50
6 38 50
6 38 50
6 38 50
6 38 50
6 38 50
6 38 50
6 38 50
6 38 50
6 38 50
6 38 50
6 38 50
6 38 50
6 38 50
6 39 50
6 39 50
6 39 50
6 39 50
6 39 50
6 39 50
6 39 50
6 39 50
6 39 50
6 39 50
6 39 50
6 39 50
6 39 50
6 39 50
6 39 50
6 39 50
6 39 50
6 39 50
6 39 50
6 39 50
6 39 50
6 39 50
6 39 50
6 39 50
6 39 50
6 39 50
6 39 50
6 39 50
6 39 50
6 39 50
6 39 50
6 39 50
6 39 50
6 39 50
6 39 50
6 39 50
6 39 50
6 39 50
6 39 50
6 39 50
6 39 50
6 40 50
6 40 50
6 40 50
6 40 50
6 40 50
6 40 50
6 40 50
6 40 50
6 40 50
6 40 50
6 40 50
6 40 50
6 40 50
6 40 50
6 40 50
6 40 50
6 40 50
6 40 50
6 40 50
6 40 50
6 40 50
6 40 50
6 40 50
6 40 50
6 40 50
6 40 50
6 40 50
6 40 50
6 40 50
6 40 50
6 40 50
6 40 50
6 40 50
6 40 50
6 40 50
6 40 50
6 40 50
6 40 50
6 40 50
6 40 50
6 40 50
6 40 50
6 41 50
6 41 50
6 41 50
6 41 50
6 41 50
6 41 50
6 41 50
6 41 50
6 41 50
6 41 50
6 41 50
6 41 50
6 41 50
6 41 50
6 41 50
6 41 50
6 41 50
6 41 50
6 41 50
6 41 50
6 41 50
6 41 50
6 41 50
6 41 50
6 41 50
6 41 50
6 41 50
6 41 50
6 41 50
6 41 50
6 41 50
6 41 50
6 41 50
6 41 50
6 41 50
6 41 50
6 41 50
6 41 50
6 41 50
6 41 50
6 41 50
6 42 50
6 42 50
6 42 50
6 42 50
6 42 50
6 42 50
6 42 50
6 42 50
6 42 50
6 42 50
6 42 50
6 42 50
6 42 50
6 42 50
6 42 50
6 42 50
6 42 50
6 42 50
6 42 50
6 42 50
6 42 50
6 42 50
6 42 50
6 42 50
6 42 50
6 42 50
6 42 50
6 42 50
6 42 50
6 42 50
6 42 50
6 42 50
6 42 50
6 42 50
6 42 50
6 42 50
6 42 50
6 42 50
6 42 50
6 42 50
6 43 50
6 43 50
6 43 50
6 43 50
6 43 50
6 43 50
6 43 50
6 43 50
6 43 50
6 43 50
6 43 50
6 43 50
6 43 50
6 43 50
6 43 50
6 43 50
6 43 50
6 43 50
6 43 50
6 43 50
6 43 50
6 43 50
6 43 50
6 43 50
6 43 50
6 43 50
6 43 50
6 43 50
6 43 50
6 43 50
6 43 50
6 43 50
6 43 50
6 43 50
6 43 50
6 43 50
6 43 50
6 44 50
6 44 50
6 44 50
6 44 50
6 44 50
6 44 50
6 44 50
6 44 50
6 44 50
6 44 50
6 44 50
6 44 50
6 44 50
6 44 50
6 44 50
6 44 50
6 44 50
6 44 50
6 44 50
6 44 50
6 44 50
6 44 50
6 44 50
6 44 50
6 44 50
6 44 50
6 44 50
6 44 50
6 44 50
6 44 50
6 44 50
6 44 50
6 44 50
6 44 50
6 45 50
6 45 50
6 45 50
6 45 50
6 45 50
6 45 50
6 45 50
6 45 50
6 45 50
6 45 50
6 45 50
6 45 50
6 45 50
6 45 50
6 45 50
6 45 50
6 45 50
6 45 50
6 45 50
6 45 50
6 45 50
6 45 50
6 45 50
6 45 50
6 45 50
6 45 50
6 45 50
6 45 50
6 45 50
6 46 50
6 46 50
6 46 50
6 46 50
6 46 50
6 46 50
6 46 50
6 46 50
6 46 50
6 46 50
6 46 50
6 46 50
6 46 50
6 46 50
6 46 50
6 46 50
6 46 50
6 46 50
6 46 50
6 46 50
6 46 50
6 46 50
6 46 50
6 46 50
6 46 50
6 47 50
6 47 50
6 47 50
6 47 50
6 47 50
6 47 50
6 47 50
6 47 50
6 47 50
6 47 50
6 47 50
6 47 50
6 47 50
6 47 50
6 47 50
6 47 50
6 47 50
6 47 50
6 47 50
6 47 50
6 48 50
6 48 50
6 48 50
6 48 50
6 48 50
6 48 50
6 48 50
6 48 50
6 48 50
6 48 50
6 48 50
6 48 50
6 48 50
6 48 50
6 48 50
6 48 50
6 49 50
6 49 50
6 49 50
6 49 50
6 49 50
6 49 50
6 49 50
6 49 50
6 49 50
6 49 50
6 49 50
6 49 50
6 49 50
6 50 50
6 50 50
6 50 50
6 50 50
6 50 50
6 50 50
6 50 50
6 50 50
6 50 50
6 50 50
6 51 50
6 51 50
6 51 50
6 51 50
6 51 50
6 51 50
6 51 50
6 51 50
6 52 50
6 52 50
6 52 50
6 52 50
6 52 50
6 52 50
6 53 50
6 53 50
6 53 50
6 53 50
6 54 50
6 54 50
6 54 50
6 55 50
6 55 50
6 56 50
6 56 50
6 57 50
6 57 50
6 58 50
6 59 50
6 60 50
6 61 50
6 62 50
6 63 50
6 64 50
6 65 50
6 66 50
6 67 50
6 68 50
6 69 50
6 70 50
6 71 50
6 72 50
6 73 50
6 74 50
6 75 50
6 76 50
6 77 50
6 78 50
6 79 50
6 80 50
6 80 50
6 81 50
6 81 50
6 82 50
6 82 50
6 82 50
6 83 50
6 83 50
6 83 50
6 84 50
6 84 50
6 84 50
6 84 50
6 85 50
6 85 50
6 85 50
6 85 50
6 85 50
6 86 50
6 86 50
6 86 50
6 86 50
6 86 50
6 86 50
6 87 50
6 87 50
6 87 50
6 87 50
6 87 50
6 87 50
6 88 50
6 88 50
6 88 50
6 88 50
6 88 50
6 88 50
6 88 50
6 89 50
6 89 50
6 89 50
6 89 50
6 89 50
6 89 50
6 89 50
6 90 50
6 90 50
6 90 50
6 90 50
6 90 50
6 90 50
6 90 50
6 91 50
6 91 50
6 91 50
6 91 50
6 91 50
6 91 50
6 91 50
6 92 50
6 92 50
6 92 50
6 92 50
6 92 50
6 92 50
6 92 50
6 93 50
6 93 50
6 93 50
6 93 50
6 93 50
6 93 50
6 94 50
6 94 50
6 94 50
6 94 50
6 94 50
6 94 50
6 95 50
6 95 50
6 95 50
6 95 50
6 95 50
6 96 50
6 96 50
6 96 50
6 96 50
6 97 50
6 97 50
6 97 50
6 97 50
6 98 50
6 98 50
6 98 50
6 99 50
6 99 50
6 99 50
6 100 50
6 100 50
6 101 50
6 101 50
6 102 50
6 102 50
6 103 50
6 103 50
6 104 50
6 105 50
6 106 50
6 107 50
6 108 50
6 109 50
6 110 50
6 111 50
112 114 50
111 114 50
110 114 50
109 114 50
109 114 50
108 114 50
108 114 50
107 114 50
107 114 50
107 114 50
106 114 50
106 114 50
106 114 50
106 114 50
105 114 50
105 114 50
105 114 50
105 114 50
105 114 50
105 114 50
104 114 50
104 114 50
104 114 50
104 114 50
104 114 50
104 114 50
104 114 50
104 114 50
103 114 50
103 114 50
103 114 50
103 114 50
103 114 50
103 114 50
103 114 50
103 114 50
103 114 50
103 114 50
103 114 50
102 114 50
102 114 50
102 114 50
102 114 50
102 114 50
102 114 50
102 114 50
102 114 50
102 114 50
102 114 50
102 114 50
102 114 50
102 114 50
102 114 50
102 114 50
101 114 50
101 114 50
101 114 50
101 114 50
101 114 50
101 114 50
101 114 50
101 114 50
101 114 50
101 114 50
101 114 50
101 114 50
101 114 50
101 114 50
101 114 50
101 114 50
101 114 50
101 114 50
101 114 50
101 114 50
100 114 50
100 114 50
100 114 50
100 114 50
100 114 50
100 114 50
100 114 50
100 114 50
100 114 50
100 114 50
100 114 50
100 114 50
100 114 50
100 114 50
100 114 50
100 114 50
100 114 50
100 114 50
100 114 50
100 114 50
100 114 50
100 114 50
100 114 50
100 114 50
100 114 50
100 114 50
99 114 50
99 114 50
99 114 50
99 114 50
99 114 50
99 114 50
99 114 50
99 114 50
99 114 50
99 114 50
99 114 50
99 114 50
99 114 50
99 114 50
99 114 50
99 114 50
99 114 50
99 114 50
99 114 50
99 114 50
99 114 50
99 114 50
99 114 50
99 114 50
99 114 50
99 114 50
99 114 50
99 114 50
99 114 50
99 114 50
99 114 50
99 114 50
98 114 50
98 114 50
98 114 50
98 114 50
98 114 50
98 114 50
98 114 50
98 114 50
98 114 50
98 114 50
98 114 50
98 114 50
98 114 50
98 114 50
98 114 50
98 114 50
98 114 50
98 114 50
98 114 50
98 114 50
98 114 50
98 114 50
98 114 50
98 114 50
98 114 50
98 114 50
98 114 50
98 114 50
98 114 50
98 114 50
98 114 50
98 114 50
98 114 50
98 114 50
98 114 50
98 114 50
98 114 50
98 114 50
97 114 50
97 114 50
97 114 50
97 114 50
97 114 50
97 114 50
97 114 50
97 114 50
97 114 50
97 114 50
97 114 50
97 114 50
97 114 50
97 114 50
97 114 50
97 114 50
97 114 50
97 114 50
97 114 50
97 114 50
97 114 50
97 114 50
97 114 50
97 114 50
97 114 50
97 114 50
97 114 50
97 114 50
97 114 50
97 114 50
97 114 50
97 114 50
97 114 50
97 114 50
97 114 50
97 114 50
97 114 50
97 114 50
97 114 50
97 114 50
97 114 50
97 114 50
97 114 50
97 114 50
97 114 50
96 114 50
96 114 50
96 114 50
96 114 50
96 114 50
96 114 50
96 114 50
96 114 50
96 114 50
96 114 50
96 114 50
96 114 50
96 114 50
96 114 50
96 114 50
96 114 50
96 114 50
96 114 50
96 114 50
96 114 50
96 114 50
96 114 50
96 114 50
96 114 50
96 114 50
96 114 50
96 114 50
96 114 50
96 114 50
96 114 50
96 114 50
96 114 50
96 114 50
96 114 50
96 114 50
96 114 50
96 114 50
96 114 50
96 114 50
96 114 50
96 114 50
96 114 50
96 114 50
96 114 50
96 114 50
96 114 50
96 114 50
96 114 50
96 114 50
96 114 50
96 114 50
95 114 50
95 114 50
95 114 50
95 114 50
95 114 50
95 114 50
95 114 50
95 114 50
95 114 50
95 114 50
95 114 50
95 114 50
95 114 50
95 114 50
95 114 50
95 114 50
95 114 50
95 114 50
95 114 50
95 114 50
95 114 50
95 114 50
95 114 50
95 114 50
95 114 50
95 114 50
95 114 50
95 114 50
95 114 50
95 114 50
95 114 50
95 114 50
95 114 50
95 114 50
95 114 50
95 114 50
95 114 50
95 114 50
95 114 50
95 114 50
95 114 50
95 114 50
95 114 50
95 114 50
95 114 50
95 114 50
95 114 50
95 114 50
95 114 50
95 114 50
95 114 50
95 114 50
95 114 50
95 114 50
95 114 50
95 114 50
95 114 50
94 114 50
94 114 50
94 114 50
94 114 50
94 114 50
94 114 50
94 114 50
94 114 50
94 114 50
94 114 50
94 114 50
94 114 50
94 114 50
94 114 50
94 114 50
94 114 50
94 114 50
94 114 50
94 114 50
94 114 50
94 114 50
94 114 50
94 114 50
94 114 50
94 114 50
94 114 50
94 114 50
94 114 50
94 114 50
94 114 50
94 114 50
94 114 50
94 114 50
94 114 50
94 114 50
94 114 50
94 114 50
94 114 50
94 114 50
94 114 50
94 114 50
94 114 50
94 114 50
94 114 50
94 114 50
94 114 50
94 114 50
94 114 50
94 114 50
94 114 50
94 114 50
94 114 50
94 114 50
94 114 50
94 114 50
94 114 50
94 114 50
94 114 50
94 114 50
94 114 50
94 114 50
93 114 50
93 114 50
93 114 50
93 114 50
93 114 50
93 114 50
93 114 50
93 114 50
93 114 50
93 114 50
93 114 50
93 114 50
93 114 50
93 114 50
93 114 50
93 114 50
93 114 50
93 114 50
93 114 50
93 114 50
93 114 50
93 114 50
93 114 50
93 114 50
93 114 50
93 114 50
93 114 50
93 114 50
93 114 50
93 114 50
93 114 50
93 114 50
93 114 50
93 114 50
93 114 50
93 114 50
93 114 50
93 114 50
93 114 50
93 114 50
93 114 50
93 114 50
93 114 50
93 114 50
93 114 50
93 114 50
93 114 50
93 114 50
93 114 50
93 114 50
93 114 50
93 114 50
93 114 50
93 114 50
93 114 50
93 114 50
93 114 50
93 114 50
93 114 50
93 114 50
93 114 50
93 114 50
93 114 50
93 114 50
93 114 50
92 114 50
92 114 50
92 114 50
92 114 50
92 114 50
92 114 50
92 114 50
92 114 50
92 114 50
92 114 50
92 114 50
92 114 50
92 114 50
92 114 50
92 114 50
92 114 50
92 114 50
92 114 50
92 114 50
92 114 50
92 114 50
92 114 50
92 114 50
92 114 50
92 114 50
92 114 50
92 114 50
92 114 50
92 114 50
92 114 50
92 114 50
92 114 50
92 114 50
92 114 50
92 114 50
92 114 50
92 114 50
92 114 50
92 114 50
92 114 50
92 114 50
92 114 50
92 114 50
92 114 50
92 114 50
92 114 50
92 114 50
92 114 50
92 114 50
92 114 50
92 114 50
92 114 50
92 114 50
92 114 50
92 114 50
92 114 50
92 114 50
92 114 50
92 114 50
92 114 50
92 114 50
92 114 50
92 114 50
92 114 50
92 114 50
92 114 50
92 114 50
92 114 50
92 114 50
91 114 50
91 114 50
91 114 50
91 114 50
91 114 50
91 114 50
91 114 50
91 114 50
91 114 50
91 114 50
91 114 50
91 114 50
91 114 50
91 114 50
91 114 50
91 114 50
91 114 50
91 114 50
91 114 50
91 114 50
91 114 50
91 114 50
91 114 50
91 114 50
91 114 50
91 114 50
91 114 50
91 114 50
91 114 50
91 114 50
91 114 50
91 114 50
91 114 50
91 114 50
91 114 50
91 114 50
91 114 50
91 114 50
91 114 50
91 114 50
91 114 50
91 114 50
91 114 50
91 114 50
91 114 50
91 114 50
91 114 50
91 114 50
91 114 50
91 114 50
91 114 50
91 114 50
91 114 50
91 114 50
91 114 50
91 114 50
91 114 50
91 114 50
91 114 50
91 114 50
91 114 50
91 114 50
91 114 50
91 114 50
91 114 50
91 114 50
91 114 50
91 114 50
91 114 50
91 114 50
91 114 50
90 114 50
90 114 50
90 114 50
90 114 50
90 114 50
90 114 50
90 114 50
90 114 50
90 114 50
90 114 50
90 114 50
90 114 50
90 114 50
90 114 50
90 114 50
90 114 50
90 114 50
90 114 50
90 114 50
90 114 50
90 114 50
90 114 50
90 114 50
90 114 50
90 114 50
90 114 50
90 114 50
90 114 50
90 114 50
90 114 50
90 114 50
90 114 50
90 114 50
90 114 50
90 114 50
90 114 50
90 114 50
90 114 50
90 114 50
90 114 50
90 114 50
90 114 50
90 114 50
90 114 50
90 114 50
90 114 50
90 114 50
90 114 50
90 114 50
90 114 50
90 114 50
90 114 50
90 114 50
90 114 50
90 114 50
90 114 50
90 114 50
90 114 50
90 114 50
90 114 50
90 114 50
90 114 50
90 114 50
90 114 50
90 114 50
90 114 50
90 114 50
90 114 50
90 114 50
90 114 50
90 114 50
90 114 50
90 114 50
89 114 50
89 114 50
89 114 50
89 114 50
89 114 50
89 114 50
89 114 50
89 114 50
89 114 50
89 114 50
89 114 50
89 114 50
89 114 50
89 114 50
89 114 50
89 114 50
89 114 50
89 114 50
89 114 50
89 114 50
89 114 50
89 114 50
89 114 50
89 114 50
89 114 50
89 114 50
89 114 50
89 114 50
89 114 50
89 114 50
89 114 50
89 114 50
89 114 50
89 114 50
89 114 50
89 114 50
89 114 50
89 114 50
89 114 50
89 114 50
89 114 50
89 114 50
89 114 50
89 114 50
89 114 50
89 114 50
89 114 50
89 114 50
89 114 50
89 114 50
89 114 50
89 114 50
89 114 50
89 114 50
89 114 50
89 114 50
89 114 50
89 114 50
89 114 50
89 114 50
89 114 50
89 114 50
89 114 50
89 114 50
89 114 50
89 114 50
89 114 50
89 114 50
89 114 50
89 114 50
89 114 50
89 114 50
89 114 50
89 114 50
89 114 50
88 114 50
88 114 50
88 114 50
88 114 50
88 114 50
88 114 50
88 114 50
88 114 50
88 114 50
88 114 50
88 114 50
88 114 50
88 114 50
88 114 50
88 114 50
88 114 50
88 114 50
88 114 50
88 114 50
88 114 50
88 114 50
88 114 50
88 114 50
88 114 50
88 114 50
88 114 50
88 114 50
88 114 50
88 114 50
88 114 50
88 114 50
88 114 50
88 114 50
88 114 50
88 114 50
88 114 50
88 114 50
88 114 50
88 114 50
88 114 50
88 114 50
88 114 50
88 114 50
88 114 50
88 114 50
88 114 50
88 114 50
88 114 50
88 114 50
88 114 50
88 114 50
88 114 50
88 114 50
88 114 50
88 114 50
88 114 50
88 114 50
88 114 50
88 114 50
88 114 50
88 114 50
88 114 50
88 114 50
88 114 50
88 114 50
88 114 50
88 114 50
88 114 50
88 114 50
88 114 50
88 114 50
88 114 50
88 114 50
88 114 50
88 114 50
87 114 50
87 114 50
87 114 50
87 114 50
87 114 50
87 114 50
87 114 50
87 114 50
87 114 50
87 114 50
87 114 50
87 114 50
87 114 50
87 114 50
87 114 50
87 114 50
87 114 50
87 114 50
87 114 50
87 114 50
87 114 50
87 114 50
87 114 50
87 114 50
87 114 50
87 114 50
87 114 50
87 114 50
87 114 50
87 114 50
87 114 50
87 114 50
87 114 50
87 114 50
87 114 50
87 114 50
87 114 50
87 114 50
87 114 50
87 114 50
87 114 50
87 114 50
87 114 50
87 114 50
87 114 50
87 114 50
87 114 50
87 114 50
87 114 50
87 114 50
87 114 50
87 114 50
87 114 50
87 114 50
87 114 50
87 114 50
87 114 50
87 114 50
87 114 50
87 114 50
87 114 50
87 114 50
87 114 50
87 114 50
87 114 50
87 114 50
87 114 50
87 114 50
87 114 50
87 114 50
87 114 50
87 114 50
87 114 50
87 114 50
87 114 50
86 114 50
86 114 50
86 114 50
86 114 50
86 114 50
86 114 50
86 114 50
86 114 50
86 114 50
86 114 50
86 114 50
86 114 50
86 114 50
86 114 50
86 114 50
86 114 50
86 114 50
86 114 50
86 114 50
86 114 50
86 114 50
86 114 50
86 114 50
86 114 50
86 114 50
86 114 50
86 114 50
86 114 50
86 114 50
86 114 50
86 114 50
86 114 50
86 114 50
86 114 50
86 114 50
86 114 50
86 114 50
86 114 50
86 114 50
86 114 50
86 114 50
86 114 50
86 114 50
86 114 50
86 114 50
86 114 50
86 114 50
86 114 50
86 114 50
86 114 50
86 114 50
86 114 50
86 114 50
86 114 50
86 114 50
86 114 50
86 114 50
86 114 50
86 114 50
86 114 50
86 114 50
86 114 50
86 114 50
86 114 50
86 114 50
86 114 50
86 114 50
86 114 50
86 114 50
86 114 50
86 114 50
86 114 50
86 114 50
86 114 50
86 114 50
85 114 50
85 114 50
85 114 50
85 114 50
85 114 50
85 114 50
85 114 50
85 114 50
85 114 50
85 114 50
85 114 50
85 114 50
85 114 50
85 114 50
85 114 50
85 114 50
85 114 50
85 114 50
85 114 50
85 114 50
85 114 50
85 114 50
85 114 50
85 114 50
85 114 50
85 114 50
85 114 50
85 114 50
85 114 50
85 114 50
85 114 50
85 114 50
85 114 50
85 114 50
85 114 50
85 114 50
85 114 50
85 114 50
85 114 50
85 114 50
85 114 50
85 114 50
85 114 50
85 114 50
85 114 50
85 114 50
85 114 50
85 114 50
85 114 50
85 114 50
85 114 50
85 114 50
85 114 50
85 114 50
85 114 50
85 114 50
85 114 50
85 114 50
85 114 50
85 114 50
85 114 50
85 114 50
85 114 50
85 114 50
85 114 50
85 114 50
85 114 50
85 114 50
85 114 50
85 114 50
85 114 50
85 114 50
85 114 50
85 114 50
84 114 50
84 114 50
84 114 50
84 114 50
84 114 50
84 114 50
84 114 50
84 114 50
84 114 50
84 114 50
84 114 50
84 114 50
84 114 50
84 114 50
84 114 50
84 114 50
84 114 50
84 114 50
84 114 50
84 114 50
84 114 50
84 114 50
84 114 50
84 114 50
84 114 50
84 114 50
84 114 50
84 114 50
84 114 50
84 114 50
84 114 50
84 114 50
84 114 50
84 114 50
84 114 50
84 114 50
84 114 50
84 114 50
84 114 50
84 114 50
84 114 50
84 114 50
84 114 50
84 114 50
84 114 50
84 114 50
84 114 50
84 114 50
84 114 50
84 114 50
84 114 50
84 114 50
84 114 50
84 114 50
84 114 50
84 114 50
84 114 50
84 114 50
84 114 50
84 114 50
84 114 50
84 114 50
84 114 50
84 114 50
84 114 50
84 114 50
84 114 50
84 114 50
84 114 50
84 114 50
84 114 50
84 114 50
83 114 50
83 114 50
83 114 50
83 114 50
83 114 50
83 114 50
83 114 50
83 114 50
83 114 50
83 114 50
83 114 50
83 114 50
83 114 50
83 114 50
83 114 50
83 114 50
83 114 50
83 114 50
83 114 50
83 114 50
83 114 50
83 114 50
83 114 50
83 114 50
83 114 50
83 114 50
83 114 50
83 114 50
83 114 50
83 114 50
83 114 50
83 114 50
83 114 50
83 114 50
83 114 50
83 114 50
83 114 50
83 114 50
83 114 50
83 114 50
83 114 50
83 114 50
83 114 50
83 114 50
83 114 50
83 114 50
83 114 50
83 114 50
83 114 50
83 114 50
83 114 50
83 114 50
83 114 50
83 114 50
83 114 50
83 114 50
83 114 50
83 114 50
83 114 50
83 114 50
83 114 50
83 114 50
83 114 50
83 114 50
83 114 50
83 114 50
83 114 50
83 114 50
83 114 50
83 114 50
82 114 50
82 114 50
82 114 50
82 114 50
82 114 50
82 114 50
82 114 50
82 114 50
82 114 50
82 114 50
82 114 50
82 114 50
82 114 50
82 114 50
82 114 50
82 114 50
82 114 50
82 114 50
82 114 50
82 114 50
82 114 50
82 114 50
82 114 50
82 114 50
82 114 50
82 114 50
82 114 50
82 114 50
82 114 50
82 114 50
82 114 50
82 114 50
82 114 50
82 114 50
82 114 50
82 114 50
82 114 50
82 114 50
82 114 50
82 114 50
82 114 50
82 114 50
82 114 50
82 114 50
82 114 50
82 114 50
82 114 50
82 114 50
82 114 50
82 114 50
82 114 50
82 114 50
82 114 50
82 114 50
82 114 50
82 114 50
82 114 50
82 114 50
82 114 50
82 114 50
82 114 50
82 114 50
82 114 50
82 114 50
82 114 50
82 114 50
82 114 50
82 114 50
81 114 50
81 114 50
81 114 50
81 114 50
81 114 50
81 114 50
81 114 50
81 114 50
81 114 50
81 114 50
81 114 50
81 114 50
81 114 50
81 114 50
81 114 50
81 114 50
81 114 50
81 114 50
81 114 50
81 114 50
81 114 50
81 114 50
81 114 50
81 114 50
81 114 50
81 114 50
81 114 50
81 114 50
81 114 50
81 114 50
81 114 50
81 114 50
81 114 50
81 114 50
81 114 50
81 114 50
81 114 50
81 114 50
81 114 50
81 114 50
81 114 50
81 114 50
81 114 50
81 114 50
81 114 50
81 114 50
81 114 50
81 114 50
81 114 50
81 114 50
81 114 50
81 114 50
81 114 50
81 114 50
81 114 50
81 114 50
81 114 50
81 114 50
81 114 50
81 114 50
81 114 50
81 114 50
81 114 50
81 114 50
81 114 50
80 114 50
80 114 50
80 114 50
80 114 50
80 114 50
80 114 50
80 114 50
80 114 50
80 114 50
80 114 50
80 114 50
80 114 50
80 114 50
80 114 50
80 114 50
80 114 50
80 114 50
80 114 50
80 114 50
80 114 50
80 114 50
80 114 50
80 114 50
80 114 50
80 114 50
80 114 50
80 114 50
80 114 50
80 114 50
80 114 50
80 114 50
80 114 50
80 114 50
80 114 50
80 114 50
80 114 50
80 114 50
80 114 50
80 114 50
80 114 50
80 114 50
80 114 50
80 114 50
80 114 50
80 114 50
80 114 50
80 114 50
80 114 50
80 114 50
80 114 50
80 114 50
80 114 50
80 114 50
80 114 50
80 114 50
80 114 50
80 114 50
80 114 50
80 114 50
80 114 50
80 114 50
79 114 50
79 114 50
79 114 50
79 114 50
79 114 50
79 114 50
79 114 50
79 114 50
79 114 50
79 114 50
79 114 50
79 114 50
79 114 50
79 114 50
79 114 50
79 114 50
79 114 50
79 114 50
79 114 50
79 114 50
79 114 50
79 114 50
79 114 50
79 114 50
79 114 50
79 114 50
79 114 50
79 114 50
79 114 50
79 114 50
79 114 50
79 114 50
79 114 50
79 114 50
79 114 50
79 114 50
79 114 50
79 114 50
79 114 50
79 114 50
79 114 50
79 114 50
79 114 50
79 114 50
79 114 50
79 114 50
79 114 50
79 114 50
79 114 50
79 114 50
79 114 50
79 114 50
79 114 50
79 114 50
79 114 50
79 114 50
79 114 50
78 114 50
78 114 50
78 114 50
78 114 50
78 114 50
78 114 50
78 114 50
78 114 50
78 114 50
78 114 50
78 114 50
78 114 50
78 114 50
78 114 50
78 114 50
78 114 50
78 114 50
78 114 50
78 114 50
78 114 50
78 114 50
78 114 50
78 114 50
78 114 50
78 114 50
78 114 50
78 114 50
78 114 50
78 114 50
78 114 50
78 114 50
78 114 50
78 114 50
78 114 50
78 114 50
78 114 50
78 114 50
78 114 50
78 114 50
78 114 50
78 114 50
78 114 50
78 114 50
78 114 50
78 114 50
78 114 50
78 114 50
78 114 50
78 114 50
78 114 50
78 114 50
78 114 50
77 114 50
77 114 50
77 114 50
77 114 50
77 114 50
77 114 50
77 114 50
77 114 50
77 114 50
77 114 50
77 114 50
77 114 50
77 114 50
77 114 50
77 114 50
77 114 50
77 114 50
77 114 50
77 114 50
77 114 50
77 114 50
77 114 50
77 114 50
77 114 50
77 114 50
77 114 50
77 114 50
77 114 50
77 114 50
77 114 50
77 114 50
77 114 50
77 114 50
77 114 50
77 114 50
77 114 50
77 114 50
77 114 50
77 114 50
77 114 50
77 114 50
77 114 50
77 114 50
77 114 50
77 114 50
77 114 50
77 114 50
76 114 50
76 114 50
76 114 50
76 114 50
76 114 50
76 114 50
76 114 50
76 114 50
76 114 50
76 114 50
76 114 50
76 114 50
76 114 50
76 114 50
76 114 50
76 114 50
76 114 50
76 114 50
76 114 50
76 114 50
76 114 50
76 114 50
76 114 50
76 114 50
76 114 50
76 114 50
76 114 50
76 114 50
76 114 50
76 114 50
76 114 50
76 114 50
76 114 50
76 114 50
76 114 50
76 114 50
76 114 50
76 114 50
76 114 50
76 114 50
76 114 50
75 114 50
75 114 50
75 114 50
75 114 50
75 114 50
75 114 50
75 114 50
75 114 50
75 114 50
75 114 50
75 114 50
75 114 50
75 114 50
75 114 50
75 114 50
75 114 50
75 114 50
75 114 50
75 114 50
75 114 50
75 114 50
75 114 50
75 114 50
75 114 50
75 114 50
75 114 50
75 114 50
75 114 50
75 114 50
75 114 50
75 114 50
75 114 50
75 114 50
75 114 50
75 114 50
74 114 50
74 114 50
74 114 50
74 114 50
74 114 50
74 114 50
74 114 50
74 114 50
74 114 50
74 114 50
74 114 50
74 114 50
74 114 50
74 114 50
74 114 50
74 114 50
74 114 50
74 114 50
74 114 50
74 114 50
74 114 50
74 114 50
74 114 50
74 114 50
74 114 50
74 114 50
74 114 50
74 114 50
74 114 50
73 114 50
73 114 50
73 114 50
73 114 50
73 114 50
73 114 50
73 114 50
73 114 50
73 114 50
73 114 50
73 114 50
73 114 50
73 114 50
73 114 50
73 114 50
73 114 50
73 114 50
73 114 50
73 114 50
73 114 50
73 114 50
73 114 50
73 114 50
73 114 50
72 114 50
72 114 50
72 114 50
72 114 50
72 114 50
72 114 50
72 114 50
72 114 50
72 114 50
72 114 50
72 114 50
72 114 50
72 114 50
72 114 50
72 114 50
72 114 50
72 114 50
72 114 50
72 114 50
71 114 50
71 114 50
71 114 50
71 114 50
71 114 50
71 114 50
71 114 50
71 114 50
71 114 50
71 114 50
71 114 50
71 114 50
71 114 50
71 114 50
71 114 50
70 114 50
70 114 50
70 114 50
70 114 50
70 114 50
70 114 50
70 114 50
70 114 50
70 114 50
70 114 50
70 114 50
70 114 50
69 114 50
69 114 50
69 114 50
69 114 50
69 114 50
69 114 50
69 114 50
69 114 50
69 114 50
68 114 50
68 114 50
68 114 50
68 114 50
68 114 50
68 114 50
68 114 50
67 114 50
67 114 50
67 114 50
67 114 50
67 114 50
66 114 50
66 114 50
66 114 50
66 114 50
65 114 50
65 114 50
65 114 50
64 114 50
64 114 50
63 114 50
63 114 50
62 114 50
62 114 50
61 114 50
61 114 50
60 114 50
60 114 50
59 114 50
59 114 50
58 114 50
58 114 50
57 114 50
57 114 50
56 114 50
56 114 50
55 114 50
55 114 50
54 114 50
54 114 50
54 114 50
53 114 50
53 114 50
53 114 50
53 114 50
52 114 50
52 114 50
52 114 50
52 114 50
51 114 50
51 114 50
51 114 50
51 114 50
51 114 50
50 114 50
50 114 50
50 114 50
50 114 50
50 114 50
50 114 50
50 114 50
49 114 50
49 114 50
49 114 50
49 114 50
49 114 50
49 114 50
49 114 50
49 114 50
48 114 50
48 114 50
48 114 50
48 114 50
48 114 50
48 114 50
48 114 50
48 114 50
48 114 50
48 114 50
47 114 50
47 114 50
47 114 50
47 114 50
47 114 50
47 114 50
47 114 50
47 114 50
47 114 50
47 114 50
47 114 50
47 114 50
46 114 50
46 114 50
46 114 50
46 114 50
46 114 50
46 114 50
46 114 50
46 114 50
46 114 50
46 114 50
46 114 50
46 114 50
46 114 50
46 114 50
45 114 50
45 114 50
45 114 50
45 114 50
45 114 50
45 114 50
45 114 50
45 114 50
45 114 50
45 114 50
45 114 50
45 114 50
45 114 50
45 114 50
45 114 50
45 114 50
44 114 50
44 114 50
44 114 50
44 114 50
44 114 50
44 114 50
44 114 50
44 114 50
44 114 50
44 114 50
44 114 50
44 114 50
44 114 50
44 114 50
44 114 50
44 114 50
44 114 50
44 114 50
43 114 50
43 114 50
43 114 50
43 114 50
43 114 50
43 114 50
43 114 50
43 114 50
43 114 50
43 114 50
43 114 50
43 114 50
43 114 50
43 114 50
43 114 50
43 114 50
43 114 50
43 114 50
43 114 50
43 114 50
42 114 50
42 114 50
42 114 50
42 114 50
42 114 50
42 114 50
42 114 50
42 114 50
42 114 50
42 114 50
42 114 50
42 114 50
42 114 50
42 114 50
42 114 50
42 114 50
42 114 50
42 114 50
42 114 50
42 114 50
41 114 50
41 114 50
41 114 50
41 114 50
41 114 50
41 114 50
41 114 50
41 114 50
41 114 50
41 114 50
41 114 50
41 114 50
41 114 50
41 114 50
41 114 50
41 114 50
41 114 50
41 114 50
41 114 50
41 114 50
40 114 50
40 114 50
40 114 50
40 114 50
40 114 50
40 114 50
40 114 50
40 114 50
40 114 50
40 114 50
40 114 50
40 114 50
40 114 50
40 114 50
40 114 50
40 114 50
40 114 50
40 114 50
40 114 50
40 114 50
39 114 50
39 114 50
39 114 50
39 114 50
39 114 50
39 114 50
39 114 50
39 114 50
39 114 50
39 114 50
39 114 50
39 114 50
39 114 50
39 114 50
39 114 50
39 114 50
39 114 50
39 114 50
38 114 50
38 114 50
38 114 50
38 114 50
38 114 50
38 114 50
38 114 50
38 114 50
38 114 50
38 114 50
38 114 50
38 114 50
38 114 50
38 114 50
38 114 50
38 114 50
37 114 50
37 114 50
37 114 50
37 114 50
37 114 50
37 114 50
37 114 50
37 114 50
37 114 50
37 114 50
37 114 50
37 114 50
37 114 50
37 114 50
36 114 50
36 114 50
36 114 50
36 114 50
36 114 50
36 114 50
36 114 50
36 114 50
36 114 50
36 114 50
36 114 50
36 114 50
35 114 50
35 114 50
35 114 50
35 114 50
35 114 50
35 114 50
35 114 50
35 114 50
35 114 50
35 114 50
34 114 50
34 114 50
34 114 50
34 114 50
34 114 50
34 114 50
34 114 50
34 114 50
33 114 50
33 114 50
33 114 50
33 114 50
33 114 50
33 114 50
33 114 50
32 114 50
32 114 50
32 114 50
32 114 50
32 114 50
31 114 50
31 114 50
31 114 50
31 114 50
30 114 50
30 114 50
30 114 50
29 114 50
29 114 50
29 114 50
28 114 50
28 114 50
27 114 50
27 114 50
26 114 50
25 114 50
24 114 50
23 114 50
22 114 50
21 114 50
20 114 50
19 114 50
18 114 50
17 114 50
16 114 50
15 114 50
14 114 50
13 114 50
12 114 50
11 114 50
10 114 50
9 114 50
8 114 50
7 114 50
6 114 50
6 114 50
6 113 50
6 112 50
113 114 50
114 114 50
115 114 50
116 114 50
117 114 50
118 114 50
119 114 50
120 114 50
121 114 50
122 114 50
123 114 50
124 114 50
125 114 50
126 114 50
127 114 50
128 114 50
129 114 50
129 114 50
130 114 50
130 114 50
131 114 50
131 114 50
132 114 50
132 114 50
132 114 50
133 114 50
133 114 50
133 114 50
133 114 50
134 114 50
134 114 50
134 114 50
134 114 50
135 114 50
135 114 50
135 114 50
135 114 50
135 114 50
136 114 50
136 114 50
136 114 50
136 114 50
136 114 50
136 114 50
137 114 50
137 114 50
137 114 50
137 114 50
137 114 50
137 114 50
137 114 50
138 114 50
138 114 50
138 114 50
138 114 50
138 114 50
138 114 50
138 114 50
139 114 50
139 114 50
139 114 50
139 114 50
139 114 50
139 114 50
139 114 50
139 114 50
139 114 50
140 114 50
140 114 50
140 114 50
140 114 50
140 114 50
140 114 50
140 114 50
140 114 50
140 114 50
140 114 50
141 114 50
141 114 50
141 114 50
141 114 50
141 114 50
141 114 50
141 114 50
141 114 50
141 114 50
141 114 50
141 114 50
141 114 50
142 114 50
142 114 50
142 114 50
142 114 50
142 114 50
142 114 50
142 114 50
142 114 50
142 114 50
142 114 50
142 114 50
142 114 50
142 114 50
142 114 50
142 114 50
143 114 50
143 114 50
143 114 50
143 114 50
143 114 50
143 114 50
143 114 50
143 114 50
143 114 50
143 114 50
143 114 50
143 114 50
143 114 50
143 114 50
143 114 50
143 114 50
143 114 50
143 114 50
144 114 50
144 114 50
144 114 50
144 114 50
144 114 50
144 114 50
144 114 50
144 114 50
144 114 50
144 114 50
144 114 50
144 114 50
144 114 50
144 114 50
144 114 50
144 114 50
144 114 50
144 114 50
144 114 50
144 114 50
144 114 50
144 114 50
145 114 50
145 114 50
145 114 50
145 114 50
145 114 50
145 114 50
145 114 50
145 114 50
145 114 50
145 114 50
145 114 50
145 114 50
145 114 50
145 114 50
145 114 50
145 114 50
145 114 50
145 114 50
145 114 50
145 114 50
145 114 50
145 114 50
145 114 50
145 114 50
145 114 50
145 114 50
145 114 50
145 114 50
146 114 50
146 114 50
146 114 50
146 114 50
146 114 50
146 114 50
146 114 50
146 114 50
146 114 50
146 114 50
146 114 50
146 114 50
146 114 50
146 114 50
146 114 50
146 114 50
146 114 50
146 114 50
146 114 50
146 114 50
146 114 50
146 114 50
146 114 50
146 114 50
146 114 50
146 114 50
146 114 50
146 114 50
146 114 50
146 114 50
146 114 50
146 114 50
146 114 50
146 114 50
147 114 50
147 114 50
147 114 50
147 114 50
147 114 50
147 114 50
147 114 50
147 114 50
147 114 50
147 114 50
147 114 50
147 114 50
147 114 50
147 114 50
147 114 50
147 114 50
147 114 50
147 114 50
147 114 50
147 114 50
147 114 50
147 114 50
147 114 50
147 114 50
147 114 50
147 114 50
147 114 50
147 114 50
147 114 50
147 114 50
147 114 50
147 114 50
147 114 50
147 114 50
147 114 50
147 114 50
147 114 50
147 114 50
147 114 50
147 114 50
148 114 50
148 114 50
148 114 50
148 114 50
148 114 50
148 114 50
148 114 50
148 114 50
148 114 50
148 114 50
148 114 50
148 114 50
148 114 50
148 114 50
148 114 50
148 114 50
148 114 50
148 114 50
148 114 50
148 114 50
148 114 50
148 114 50
148 114 50
148 114 50
148 114 50
148 114 50
148 114 50
148 114 50
148 114 50
148 114 50
148 114 50
148 114 50
148 114 50
148 114 50
148 114 50
148 114 50
148 114 50
148 114 50
148 114 50
148 114 50
148 114 50
148 114 50
148 114 50
148 114 50
148 114 50
148 114 50
149 114 50
149 114 50
149 114 50
149 114 50
149 114 50
149 114 50
149 114 50
149 114 50
149 114 50
149 114 50
149 114 50
149 114 50
149 114 50
149 114 50
149 114 50
149 114 50
149 114 50
149 114 50
149 114 50
149 114 50
149 114 50
149 114 50
149 114 50
149 114 50
149 114 50
149 114 50
149 114 50
149 114 50
149 114 50
149 114 50
149 114 50
149 114 50
149 114 50
149 114 50
149 114 50
149 114 50
149 114 50
149 114 50
149 114 50
149 114 50
149 114 50
149 114 50
149 114 50
149 114 50
149 114 50
149 114 50
149 114 50
149 114 50
149 114 50
149 114 50
149 114 50
150 114 50
150 114 50
150 114 50
150 114 50
150 114 50
150 114 50
150 114 50
150 114 50
150 114 50
150 114 50
150 114 50
150 114 50
150 114 50
150 114 50
150 114 50
150 114 50
150 114 50
150 114 50
150 114 50
150 114 50
150 114 50
150 114 50
150 114 50
150 114 50
150 114 50
150 114 50
150 114 50
150 114 50
150 114 50
150 114 50
150 114 50
150 114 50
150 114 50
150 114 50
150 114 50
150 114 50
150 114 50
150 114 50
150 114 50
150 114 50
150 114 50
150 114 50
150 114 50
150 114 50
150 114 50
150 114 50
150 114 50
150 114 50
150 114 50
150 114 50
150 114 50
150 114 50
150 114 50
150 114 50
150 114 50
151 114 50
151 114 50
151 114 50
151 114 50
151 114 50
151 114 50
151 114 50
151 114 50
151 114 50
151 114 50
151 114 50
151 114 50
151 114 50
151 114 50
151 114 50
151 114 50
151 114 50
151 114 50
151 114 50
151 114 50
151 114 50
151 114 50
151 114 50
151 114 50
151 114 50
151 114 50
151 114 50
151 114 50
151 114 50
151 114 50
151 114 50
151 114 50
151 114 50
151 114 50
151 114 50
151 114 50
151 114 50
151 114 50
151 114 50
151 114 50
151 114 50
151 114 50
151 114 50
151 114 50
151 114 50
151 114 50
151 114 50
151 114 50
151 114 50
151 114 50
151 114 50
151 114 50
151 114 50
151 114 50
151 114 50
151 114 50
151 114 50
151 114 50
151 114 50
152 114 50
152 114 50
152 114 50
152 114 50
152 114 50
152 114 50
152 114 50
152 114 50
152 114 50
152 114 50
152 114 50
152 114 50
152 114 50
152 114 50
152 114 50
152 114 50
152 114 50
152 114 50
152 114 50
152 114 50
152 114 50
152 114 50
152 114 50
152 114 50
152 114 50
152 114 50
152 114 50
152 114 50
152 114 50
152 114 50
152 114 50
152 114 50
152 114 50
152 114 50
152 114 50
152 114 50
152 114 50
152 114 50
152 114 50
152 114 50
152 114 50
152 114 50
152 114 50
152 114 50
152 114 50
152 114 50
152 114 50
152 114 50
152 114 50
152 114 50
152 114 50
152 114 50
152 114 50
152 114 50
152 114 50
152 114 50
152 114 50
152 114 50
152 114 50
152 114 50
152 114 50
153 114 50
153 114 50
153 114 50
153 114 50
153 114 50
153 114 50
153 114 50
153 114 50
153 114 50
153 114 50
153 114 50
153 114 50
153 114 50
153 114 50
153 114 50
153 114 50
153 114 50
153 114 50
153 114 50
153 114 50
153 114 50
153 114 50
153 114 50
153 114 50
153 114 50
153 114 50
153 114 50
153 114 50
153 114 50
153 114 50
153 114 50
153 114 50
153 114 50
153 114 50
153 114 50
153 114 50
153 114 50
153 114 50
153 114 50
153 114 50
153 114 50
153 114 50
153 114 50
153 114 50
153 114 50
153 114 50
153 114 50
153 114 50
153 114 50
153 114 50
153 114 50
153 114 50
153 114 50
153 114 50
153 114 50
153 114 50
153 114 50
153 114 50
153 114 50
153 114 50
153 114 50
153 114 50
153 114 50
154 114 50
154 114 50
154 114 50
154 114 50
154 114 50
154 114 50
154 114 50
154 114 50
154 114 50
154 114 50
154 114 50
154 114 50
154 114 50
154 114 50
154 114 50
154 114 50
154 114 50
154 114 50
154 114 50
154 114 50
154 114 50
154 114 50
154 114 50
154 114 50
154 114 50
154 114 50
154 114 50
154 114 50
154 114 50
154 114 50
154 114 50
154 114 50
154 114 50
154 114 50
154 114 50
154 114 50
154 114 50
154 114 50
154 114 50
154 114 50
154 114 50
154 114 50
154 114 50
154 114 50
154 114 50
154 114 50
154 114 50
154 114 50
154 114 50
154 114 50
154 114 50
154 114 50
154 114 50
154 114 50
154 114 50
154 114 50
154 114 50
154 114 50
154 114 50
154 114 50
154 114 50
154 114 50
154 114 50
155 114 50
155 114 50
155 114 50
155 114 50
155 114 50
155 114 50
155 114 50
155 114 50
155 114 50
155 114 50
155 114 50
155 114 50
155 114 50
155 114 50
155 114 50
155 114 50
155 114 50
155 114 50
155 114 50
155 114 50
155 114 50
155 114 50
155 114 50
155 114 50
155 114 50
155 114 50
155 114 50
155 114 50
155 114 50
155 114 50
155 114 50
155 114 50
155 114 50
155 114 50
155 114 50
155 114 50
155 114 50
155 114 50
155 114 50
155 114 50
155 114 50
155 114 50
155 114 50
155 114 50
155 114 50
155 114 50
155 114 50
155 114 50
155 114 50
155 114 50
155 114 50
155 114 50
155 114 50
155 114 50
155 114 50
155 114 50
155 114 50
155 114 50
155 114 50
155 114 50
155 114 50
155 114 50
155 114 50
156 114 50
156 114 50
156 114 50
156 114 50
156 114 50
156 114 50
156 114 50
156 114 50
156 114 50
156 114 50
156 114 50
156 114 50
156 114 50
156 114 50
156 114 50
156 114 50
156 114 50
156 114 50
156 114 50
156 114 50
156 114 50
156 114 50
156 114 50
156 114 50
156 114 50
156 114 50
156 114 50
156 114 50
156 114 50
156 114 50
156 114 50
156 114 50
156 114 50
156 114 50
156 114 50
156 114 50
156 114 50
156 114 50
156 114 50
156 114 50
156 114 50
156 114 50
156 114 50
156 114 50
156 114 50
156 114 50
156 114 50
156 114 50
156 114 50
156 114 50
156 114 50
156 114 50
156 114 50
156 114 50
156 114 50
156 114 50
156 114 50
156 114 50
156 114 50
156 114 50
156 114 50
156 114 50
156 114 50
157 114 50
157 114 50
157 114 50
157 114 50
157 114 50
157 114 50
157 114 50
157 114 50
157 114 50
157 114 50
157 114 50
157 114 50
157 114 50
157 114 50
157 114 50
157 114 50
157 114 50
157 114 50
157 114 50
157 114 50
157 114 50
157 114 50
157 114 50
157 114 50
157 114 50
157 114 50
157 114 50
157 114 50
157 114 50
157 114 50
157 114 50
157 114 50
157 114 50
157 114 50
157 114 50
157 114 50
157 114 50
157 114 50
157 114 50
157 114 50
157 114 50
157 114 50
157 114 50
157 114 50
157 114 50
157 114 50
157 114 50
157 114 50
157 114 50
157 114 50
157 114 50
157 114 50
157 114 50
157 114 50
157 114 50
157 114 50
157 114 50
157 114 50
157 114 50
157 114 50
157 114 50
158 114 50
158 114 50
158 114 50
158 114 50
158 114 50
158 114 50
158 114 50
158 114 50
158 114 50
158 114 50
158 114 50
158 114 50
158 114 50
158 114 50
158 114 50
158 114 50
158 114 50
158 114 50
158 114 50
158 114 50
158 114 50
158 114 50
158 114 50
158 114 50
158 114 50
158 114 50
158 114 50
158 114 50
158 114 50
158 114 50
158 114 50
158 114 50
158 114 50
158 114 50
158 114 50
158 114 50
158 114 50
158 114 50
158 114 50
158 114 50
158 114 50
158 114 50
158 114 50
158 114 50
158 114 50
158 114 50
158 114 50
158 114 50
158 114 50
158 114 50
158 114 50
158 114 50
158 114 50
158 114 50
158 114 50
158 114 50
158 114 50
158 114 50
158 114 50
159 114 50
159 114 50
159 114 50
159 114 50
159 114 50
159 114 50
159 114 50
159 114 50
159 114 50
159 114 50
159 114 50
159 114 50
159 114 50
159 114 50
159 114 50
159 114 50
159 114 50
159 114 50
159 114 50
159 114 50
159 114 50
159 114 50
159 114 50
159 114 50
159 114 50
159 114 50
159 114 50
159 114 50
159 114 50
159 114 50
159 114 50
159 114 50
159 114 50
159 114 50
159 114 50
159 114 50
159 114 50
159 114 50
159 114 50
159 114 50
159 114 50
159 114 50
159 114 50
159 114 50
159 114 50
159 114 50
159 114 50
159 114 50
159 114 50
159 114 50
159 114 50
159 114 50
159 114 50
159 114 50
159 114 50
159 114 50
159 114 50
160 114 50
160 114 50
160 114 50
160 114 50
160 114 50
160 114 50
160 114 50
160 114 50
160 114 50
160 114 50
160 114 50
160 114 50
160 114 50
160 114 50
160 114 50
160 114 50
160 114 50
160 114 50
160 114 50
160 114 50
160 114 50
160 114 50
160 114 50
160 114 50
160 114 50
160 114 50
160 114 50
160 114 50
160 114 50
160 114 50
160 114 50
160 114 50
160 114 50
160 114 50
160 114 50
160 114 50
160 114 50
160 114 50
160 114 50
160 114 50
160 114 50
160 114 50
160 114 50
160 114 50
160 114 50
160 114 50
160 114 50
160 114 50
160 114 50
160 114 50
160 114 50
160 114 50
160 114 50
160 114 50
161 114 50
161 114 50
161 114 50
161 114 50
161 114 50
161 114 50
161 114 50
161 114 50
161 114 50
161 114 50
161 114 50
161 114 50
161 114 50
161 114 50
161 114 50
161 114 50
161 114 50
161 114 50
161 114 50
161 114 50
161 114 50
161 114 50
161 114 50
161 114 50
161 114 50
161 114 50
161 114 50
161 114 50
161 114 50
161 114 50
161 114 50
161 114 50
161 114 50
161 114 50
161 114 50
161 114 50
161 114 50
161 114 50
161 114 50
161 114 50
161 114 50
161 114 50
161 114 50
161 114 50
161 114 50
161 114 50
161 114 50
161 114 50
161 114 50
161 114 50
162 114 50
162 114 50
162 114 50
162 114 50
162 114 50
162 114 50
162 114 50
162 114 50
162 114 50
162 114 50
162 114 50
162 114 50
162 114 50
162 114 50
162 114 50
162 114 50
162 114 50
162 114 50
162 114 50
162 114 50
162 114 50
162 114 50
162 114 50
162 114 50
162 114 50
162 114 50
162 114 50
162 114 50
162 114 50
162 114 50
162 114 50
162 114 50
162 114 50
162 114 50
162 114 50
162 114 50
162 114 50
162 114 50
162 114 50
162 114 50
162 114 50
162 114 50
162 114 50
162 114 50
162 114 50
162 114 50
162 114 50
163 114 50
163 114 50
163 114 50
163 114 50
163 114 50
163 114 50
163 114 50
163 114 50
163 114 50
163 114 50
163 114 50
163 114 50
163 114 50
163 114 50
163 114 50
163 114 50
163 114 50
163 114 50
163 114 50
163 114 50
163 114 50
163 114 50
163 114 50
163 114 50
163 114 50
163 114 50
163 114 50
163 114 50
163 114 50
163 114 50
163 114 50
163 114 50
163 114 50
163 114 50
163 114 50
163 114 50
163 114 50
163 114 50
163 114 50
163 114 50
163 114 50
163 114 50
163 114 50
164 114 50
164 114 50
164 114 50
164 114 50
164 114 50
164 114 50
164 114 50
164 114 50
164 114 50
164 114 50
164 114 50
164 114 50
164 114 50
164 114 50
164 114 50
164 114 50
164 114 50
164 114 50
164 114 50
164 114 50
164 114 50
164 114 50
164 114 50
164 114 50
164 114 50
164 114 50
164 114 50
164 114 50
164 114 50
164 114 50
164 114 50
164 114 50
164 114 50
164 114 50
164 114 50
164 114 50
164 114 50
164 114 50
164 114 50
165 114 50
165 114 50
165 114 50
165 114 50
165 114 50
165 114 50
165 114 50
165 114 50
165 114 50
165 114 50
165 114 50
165 114 50
165 114 50
165 114 50
165 114 50
165 114 50
165 114 50
165 114 50
165 114 50
165 114 50
165 114 50
165 114 50
165 114 50
165 114 50
165 114 50
165 114 50
165 114 50
165 114 50
165 114 50
165 114 50
165 114 50
165 114 50
165 114 50
165 114 50
165 114 50
166 114 50
166 114 50
166 114 50
166 114 50
166 114 50
166 114 50
166 114 50
166 114 50
166 114 50
166 114 50
166 114 50
166 114 50
166 114 50
166 114 50
166 114 50
166 114 50
166 114 50
166 114 50
166 114 50
166 114 50
166 114 50
166 114 50
166 114 50
166 114 50
166 114 50
166 114 50
166 114 50
166 114 50
166 114 50
166 114 50
166 114 50
167 114 50
167 114 50
167 114 50
167 114 50
167 114 50
167 114 50
167 114 50
167 114 50
167 114 50
167 114 50
167 114 50
167 114 50
167 114 50
167 114 50
167 114 50
167 114 50
167 114 50
167 114 50
167 114 50
167 114 50
167 114 50
167 114 50
167 114 50
167 114 50
167 114 50
167 114 50
167 114 50
167 114 50
168 114 50
168 114 50
168 114 50
168 114 50
168 114 50
168 114 50
168 114 50
168 114 50
168 114 50
168 114 50
168 114 50
168 114 50
168 114 50
168 114 50
168 114 50
168 114 50
168 114 50
168 114 50
168 114 50
168 114 50
168 114 50
168 114 50
168 114 50
168 114 50
168 114 50
169 114 50
169 114 50
169 114 50
169 114 50
169 114 50
169 114 50
169 114 50
169 114 50
169 114 50
169 114 50
169 114 50
169 114 50
169 114 50
169 114 50
169 114 50
169 114 50
169 114 50
169 114 50
169 114 50
169 114 50
169 114 50
169 114 50
170 114 50
170 114 50
170 114 50
170 114 50
170 114 50
170 114 50
170 114 50
170 114 50
170 114 50
170 114 50
170 114 50
170 114 50
170 114 50
170 114 50
170 114 50
170 114 50
170 114 50
170 114 50
170 114 50
171 114 50
171 114 50
171 114 50
171 114 50
171 114 50
171 114 50
171 114 50
171 114 50
171 114 50
171 114 50
171 114 50
171 114 50
171 114 50
171 114 50
171 114 50
171 114 50
172 114 50
172 114 50
172 114 50
172 114 50
172 114 50
172 114 50
172 114 50
172 114 50
172 114 50
172 114 50
172 114 50
172 114 50
172 114 50
172 114 50
173 114 50
173 114 50
173 114 50
173 114 50
173 114 50
173 114 50
173 114 50
173 114 50
173 114 50
173 114 50
173 114 50
174 114 50
174 114 50
174 114 50
174 114 50
174 114 50
174 114 50
174 114 50
174 114 50
174 114 50
175 114 50
175 114 50
175 114 50
175 114 50
175 114 50
175 114 50
175 114 50
176 114 50
176 114 50
176 114 50
176 114 50
176 114 50
177 114 50
177 114 50
177 114 50
177 114 50
178 114 50
178 114 50
178 114 50
179 114 50
179 114 50
180 114 50
180 114 50
181 114 50
182 114 50
183 114 50
184 114 50
185 114 50
186 114 50
187 114 50
188 114 50
189 114 50
190 114 50
191 114 50
192 114 50
193 114 50
194 114 50
195 114 50
196 114 50
197 114 50
198 114 50
198 113 50
198 112 50
198 112 50
198 111 50
198 111 50
198 110 50
198 110 50
198 110 50
198 109 50
198 109 50
198 109 50
198 109 50
198 108 50
198 108 50
198 108 50
198 108 50
198 108 50
198 108 50
198 107 50
198 107 50
198 107 50
198 107 50
198 107 50
198 107 50
198 107 50
198 107 50
198 106 50
198 106 50
198 106 50
198 106 50
198 106 50
198 106 50
198 106 50
198 106 50
198 106 50
198 106 50
198 105 50
198 105 50
198 105 50
198 105 50
198 105 50
198 105 50
198 105 50
198 105 50
198 105 50
198 105 50
198 105 50
198 105 50
198 105 50
198 104 50
198 104 50
198 104 50
198 104 50
198 104 50
198 104 50
198 104 50
198 104 50
198 104 50
198 104 50
198 104 50
198 104 50
198 104 50
198 104 50
198 104 50
198 104 50
198 103 50
198 103 50
198 103 50
198 103 50
198 103 50
198 103 50
198 103 50
198 103 50
198 103 50
198 103 50
198 103 50
198 103 50
198 103 50
198 103 50
198 103 50
198 103 50
198 103 50
198 103 50
198 103 50
198 103 50
198 102 50
198 102 50
198 102 50
198 102 50
198 102 50
198 102 50
198 102 50
198 102 50
198 102 50
198 102 50
198 102 50
198 102 50
198 102 50
198 102 50
198 102 50
198 102 50
198 102 50
198 102 50
198 102 50
198 102 50
198 102 50
198 102 50
198 102 50
198 101 50
198 101 50
198 101 50
198 101 50
198 101 50
198 101 50
198 101 50
198 101 50
198 101 50
198 101 50
198 101 50
198 101 50
198 101 50
198 101 50
198 101 50
198 101 50
198 101 50
198 101 50
198 101 50
198 101 50
198 101 50
198 101 50
198 101 50
198 101 50
198 101 50
198 101 50
198 100 50
198 100 50
198 100 50
198 100 50
198 100 50
198 100 50
198 100 50
198 100 50
198 100 50
198 100 50
198 100 50
198 100 50
198 100 50
198 100 50
198 100 50
198 100 50
198 100 50
198 100 50
198 100 50
198 100 50
198 100 50
198 100 50
198 100 50
198 100 50
198 100 50
198 100 50
198 100 50
198 100 50
198 100 50
198 99 50
198 99 50
198 99 50
198 99 50
198 99 50
198 99 50
198 99 50
198 99 50
198 99 50
198 99 50
198 99 50
198 99 50
198 99 50
198 99 50
198 99 50
198 99 50
198 99 50
198 99 50
198 99 50
198 99 50
198 99 50
198 99 50
198 99 50
198 99 50
198 99 50
198 99 50
198 99 50
198 99 50
198 99 50
198 99 50
198 99 50
198 98 50
198 98 50
198 98 50
198 98 50
198 98 50
198 98 50
198 98 50
198 98 50
198 98 50
198 98 50
198 98 50
198 98 50
198 98 50
198 98 50
198 98 50
198 98 50
198 98 50
198 98 50
198 98 50
198 98 50
198 98 50
198 98 50
198 98 50
198 98 50
198 98 50
198 98 50
198 98 50
198 98 50
198 98 50
198 98 50
198 98 50
198 98 50
198 97 50
198 97 50
198 97 50
198 97 50
198 97 50
198 97 50
198 97 50
198 97 50
198 97 50
198 97 50
198 97 50
198 97 50
198 97 50
198 97 50
198 97 50
198 97 50
198 97 50
198 97 50
198 97 50
198 97 50
198 97 50
198 97 50
198 97 50
198 97 50
198 97 50
198 97 50
198 97 50
198 97 50
198 97 50
198 97 50
198 97 50
198 96 50
198 96 50
198 96 50
198 96 50
198 96 50
198 96 50
198 96 50
198 96 50
198 96 50
198 96 50
198 96 50
198 96 50
198 96 50
198 96 50
198 96 50
198 96 50
198 96 50
198 96 50
198 96 50
198 96 50
198 96 50
198 96 50
198 96 50
198 96 50
198 96 50
198 96 50
198 96 50
198 96 50
198 96 50
198 95 50
198 95 50
198 95 50
198 95 50
198 95 50
198 95 50
198 95 50
198 95 50
198 95 50
198 95 50
198 95 50
198 95 50
198 95 50
198 95 50
198 95 50
198 95 50
198 95 50
198 95 50
198 95 50
198 95 50
198 95 50
198 95 50
198 95 50
198 95 50
198 95 50
198 95 50
198 94 50
198 94 50
198 94 50
198 94 50
198 94 50
198 94 50
198 94 50
198 94 50
198 94 50
198 94 50
198 94 50
198 94 50
198 94 50
198 94 50
198 94 50
198 94 50
198 94 50
198 94 50
198 94 50
198 94 50
198 94 50
198 94 50
198 94 50
198 93 50
198 93 50
198 93 50
198 93 50
198 93 50
198 93 50
198 93 50
198 93 50
198 93 50
198 93 50
198 93 50
198 93 50
198 93 50
198 93 50
198 93 50
198 93 50
198 93 50
198 93 50
198 92 50
198 92 50
198 92 50
198 92 50
198 92 50
198 92 50
198 92 50
198 92 50
198 92 50
198 92 50
198 92 50
198 92 50
198 92 50
198 92 50
198 91 50
198 91 50
198 91 50
198 91 50
198 91 50
198 91 50
198 91 50
198 91 50
198 91 50
198 91 50
198 91 50
198 90 50
198 90 50
198 90 50
198 90 50
198 90 50
198 90 50
198 90 50
198 90 50
198 89 50
198 89 50
198 89 50
198 89 50
198 89 50
198 89 50
198 88 50
198 88 50
198 88 50
198 88 50
198 87 50
198 87 50
198 87 50
198 86 50
198 86 50
198 85 50
198 85 50
198 84 50
198 83 50
197 83 50
196 83 50
196 84 50
196 85 50
196 86 50
196 87 50
196 88 50
196 88 50
196 89 50
196 89 50
196 90 50
196 90 50
196 90 50
196 91 50
196 91 50
196 91 50
196 91 50
196 92 50
196 92 50
196 92 50
196 92 50
196 92 50
196 92 50
196 93 50
196 93 50
196 93 50
196 93 50
196 93 50
196 93 50
196 93 50
196 93 50
196 94 50
196 94 50
196 94 50
196 94 50
196 94 50
196 94 50
196 94 50
196 94 50
196 94 50
196 94 50
196 95 50
196 95 50
196 95 50
196 95 50
196 95 50
196 95 50
196 95 50
196 95 50
196 95 50
196 95 50
196 95 50
196 95 50
196 96 50
196 96 50
196 96 50
196 96 50
196 96 50
196 96 50
196 96 50
196 96 50
196 96 50
196 96 50
196 96 50
196 96 50
196 96 50
196 96 50
196 97 50
196 97 50
196 97 50
196 97 50
196 97 50
196 97 50
196 97 50
196 97 50
196 97 50
196 97 50
196 97 50
196 97 50
196 97 50
196 97 50
196 97 50
196 97 50
196 98 50
196 98 50
196 98 50
196 98 50
196 98 50
196 98 50
196 98 50
196 98 50
196 98 50
196 98 50
196 98 50
196 98 50
196 98 50
196 98 50
196 98 50
196 98 50
196 99 50
196 99 50
196 99 50
196 99 50
196 99 50
196 99 50
196 99 50
196 99 50
196 99 50
196 99 50
196 99 50
196 99 50
196 99 50
196 99 50
196 99 50
196 99 50
196 100 50
196 100 50
196 100 50
196 100 50
196 100 50
196 100 50
196 100 50
196 100 50
196 100 50
196 100 50
196 100 50
196 100 50
196 100 50
196 100 50
196 100 50
196 100 50
196 101 50
196 101 50
196 101 50
196 101 50
196 101 50
196 101 50
196 101 50
196 101 50
196 101 50
196 101 50
196 101 50
196 101 50
196 101 50
196 101 50
196 102 50
196 102 50
196 102 50
196 102 50
196 102 50
196 102 50
196 102 50
196 102 50
196 102 50
196 102 50
196 102 50
196 102 50
196 102 50
196 103 50
196 103 50
196 103 50
196 103 50
196 103 50
196 103 50
196 103 50
196 103 50
196 103 50
196 103 50
196 103 50
196 104 50
196 104 50
196 104 50
196 104 50
196 104 50
196 104 50
196 104 50
196 104 50
196 104 50
196 105 50
196 105 50
196 105 50
196 105 50
196 105 50
196 105 50
196 105 50
196 106 50
196 106 50
196 106 50
196 106 50
196 106 50
196 106 50
196 107 50
196 107 50
196 107 50
196 107 50
196 108 50
196 108 50
196 108 50
196 109 50
196 109 50
196 110 50
196 110 50
196 111 50
196 111 50
196 112 50
196 113 50
196 115 50
196 116 50
196 117 50
196 118 50
196 119 50
196 120 50
196 121 50
196 122 50
196 123 50
196 124 50
196 125 50
196 126 50
196 127 50
196 128 50
196 129 50
196 130 50
196 131 50
196 132 50
196 132 50
196 133 50
196 133 50
196 134 50
196 134 50
196 135 50
196 135 50
196 136 50
196 136 50
196 137 50
196 137 50
196 137 50
196 138 50
196 138 50
196 138 50
196 139 50
196 139 50
196 139 50
196 140 50
196 140 50
196 140 50
196 141 50
196 141 50
196 141 50
196 142 50
196 142 50
196 142 50
196 143 50
196 143 50
196 143 50
196 144 50
196 144 50
196 144 50
196 145 50
196 145 50
196 145 50
196 146 50
196 146 50
196 147 50
196 147 50
196 148 50
196 148 50
196 149 50
196 149 50
196 150 50
196 150 50
196 151 50
196 151 50
196 152 50
196 153 50
196 154 50
196 155 50
196 156 50
196 157 50
196 158 50
196 159 50
196 160 50
196 161 50
196 162 50
196 163 50
196 164 50
196 165 50
196 166 50
196 167 50
196 168 50
196 169 50
196 170 50
196 171 50
196 172 50
196 173 50
196 174 50
196 175 50
196 176 50
196 177 50
196 178 50
196 179 50
196 180 50
196 181 50
