9 101 100
9 101 100
9 101 100
9 101 100
9 101 100
9 101 100
10 101 500
10 101 100
10 101 100
11 101 600
11 101 100
12 101 600
12 101 100
12 101 100
13 101 700
13 101 100
13 101 100
14 101 800
14 101 100
14 101 100
14 101 100
15 101 1000
15 101 100
15 101 100
16 101 1100
16 101 100
16 101 100
17 101 1200
17 101 100
18 101 1200
18 101 100
18 101 100
19 101 1300
19 101 100
20 101 1300
20 101 100
21 101 1300
22 101 1300
23 101 1300
24 101 100
24 101 100
24 101 100
24 101 100
24 101 100
24 101 100
24 101 100
24 101 100
24 101 100
24 101 100
24 101 100
24 101 100
25 101 1100
25 101 100
26 101 1100
26 101 100
27 101 1100
27 101 100
28 101 1100
28 101 100
29 101 1100
29 101 100
30 101 1100
30 101 100
31 101 1100
32 101 1100
33 101 1100
34 101 100
34 101 100
34 101 100
34 101 100
34 101 100
34 101 100
34 101 100
35 101 600
36 101 600
37 101 600
38 101 100
38 101 100
38 101 100
39 101 200
40 101 200
41 101 200
42 101 100
43 101 100
44 101 100
45 101 100
46 101 100
47 101 100
48 101 100
49 101 100
50 101 100
51 101 100
52 101 100
53 101 100
54 101 100
55 101 100
56 101 100
57 101 100
58 101 100
59 101 100
60 101 100
61 101 100
62 101 100
63 101 100
64 101 100
65 101 100
66 101 100
67 101 100
68 101 100
69 101 100
70 101 100
71 101 100
72 101 100
73 101 100
74 101 100
75 101 100
76 101 100
77 101 100
78 101 100
78 101 100
79 101 100
79 101 100
80 101 100
80 101 100
81 101 100
81 101 100
81 101 100
82 101 200
82 101 100
83 101 200
83 101 100
83 101 100
84 101 300
84 101 100
85 101 300
85 101 100
86 101 300
86 101 100
87 101 300
87 101 100
88 101 300
88 101 100
89 101 300
89 101 100
90 101 300
90 101 100
90 101 100
91 101 400
91 101 100
92 101 400
92 101 100
93 101 400
93 101 100
94 101 400
94 101 100
95 101 400
95 101 100
96 101 400
96 101 100
96 101 100
97 101 500
97 101 100
98 101 500
98 101 100
98 101 100
99 101 600
99 101 100
99 101 100
100 101 700
100 101 100
100 101 100
100 101 100
101 101 900
101 101 100
101 101 100
101 101 100
102 101 1100
102 101 100
102 101 100
102 101 100
103 101 1300
103 101 100
103 101 100
103 101 100
104 101 1500
104 101 100
104 101 100
104 101 100
105 101 1700
105 101 100
105 101 100
106 101 1800
106 101 100
106 101 100
106 101 100
107 101 2000
107 101 100
107 101 100
107 101 100
108 101 2200
108 101 100
108 101 100
109 101 2300
109 101 100
110 101 2300
110 101 100
110 101 100
111 101 2400
111 101 100
112 101 2400
112 101 100
113 101 2400
113 101 100
114 101 2400
114 101 100
115 101 2400
115 101 100
116 101 2400
116 101 100
116 101 100
117 101 2500
117 101 100
118 101 2500
118 101 100
118 101 100
119 101 2600
119 101 100
119 101 100
119 101 100
120 101 2800
120 101 100
120 101 100
121 101 2900
121 101 100
121 101 100
121 101 100
122 101 3100
122 101 100
122 101 100
123 101 3200
123 101 100
123 101 100
123 101 100
124 101 3400
124 101 100
124 101 100
125 101 3500
125 101 100
125 101 100
126 101 3600
126 101 100
126 101 100
127 101 3700
127 101 100
127 101 100
128 101 3800
128 101 100
129 101 3800
129 101 100
130 101 3800
131 101 3800
132 101 3800
133 101 100
133 101 100
133 101 100
133 101 100
133 101 100
133 101 100
133 101 100
133 101 100
133 101 100
133 101 100
133 101 100
133 101 100
133 101 100
133 101 100
133 101 100
133 101 100
133 101 100
133 101 100
133 101 100
133 101 100
133 101 100
133 101 100
133 101 100
133 101 100
133 101 100
133 101 100
133 101 100
133 101 100
133 101 100
133 101 100
133 101 100
133 101 100
133 101 100
133 101 100
133 101 100
133 101 100
133 101 100
134 101 3600
134 101 100
135 101 3600
135 101 100
136 101 3600
136 101 100
136 101 100
137 101 3700
137 101 100
138 101 3700
138 101 100
139 101 3700
139 101 100
139 101 100
140 101 3800
140 101 100
141 101 3800
141 101 100
141 101 100
142 101 3900
142 101 100
142 101 100
143 101 4000
143 101 100
143 101 100
144 101 4100
144 101 100
144 101 100
145 101 4200
145 101 100
145 101 100
146 101 4300
146 101 100
146 101 100
147 101 4400
147 101 100
147 101 100
148 101 4500
148 101 100
148 101 100
149 101 4600
149 101 100
150 101 4600
150 101 100
150 101 100
151 101 4700
151 101 100
152 101 4700
152 101 100
152 101 100
153 101 4800
153 101 100
154 101 4800
154 101 100
154 101 100
155 101 4900
155 101 100
156 101 4900
156 101 100
157 101 4900
157 101 100
158 101 4900
158 101 100
159 101 4900
159 101 100
160 101 4900
161 101 4900
162 101 4900
163 101 100
163 101 100
163 101 100
163 101 100
163 101 100
163 101 100
163 101 100
163 101 100
163 101 100
163 101 100
163 101 100
163 101 100
163 101 100
163 101 100
163 101 100
163 101 100
163 101 100
163 101 100
163 101 100
163 101 100
163 101 100
163 101 100
163 101 100
163 101 100
163 101 100
163 101 100
163 101 100
163 101 100
163 101 100
163 101 100
163 101 100
163 101 100
163 101 100
163 101 100
163 101 100
163 101 100
163 101 100
163 101 100
163 101 100
163 101 100
163 101 100
163 101 100
163 101 100
163 101 100
163 101 100
163 101 100
163 101 100
164 101 4600
165 101 4600
166 101 4600
167 101 100
167 101 100
167 101 100
167 101 100
167 101 100
167 101 100
167 101 100
167 101 100
167 101 100
167 101 100
167 101 100
167 101 100
167 101 100
167 101 100
167 101 100
167 101 100
167 101 100
167 101 100
167 101 100
167 101 100
167 101 100
167 101 100
167 101 100
167 101 100
167 101 100
167 101 100
167 101 100
167 101 100
167 101 100
167 101 100
167 101 100
167 101 100
167 101 100
167 101 100
167 101 100
167 101 100
167 101 100
167 101 100
167 101 100
167 101 100
167 101 100
167 101 100
168 101 4100
169 101 4100
170 101 4100
171 101 100
171 101 100
171 101 100
171 101 100
171 101 100
171 101 100
171 101 100
171 101 100
171 101 100
171 101 100
171 101 100
171 101 100
171 101 100
171 101 100
171 101 100
171 101 100
171 101 100
171 101 100
171 101 100
171 101 100
171 101 100
171 101 100
171 101 100
171 101 100
171 101 100
171 101 100
171 101 100
171 101 100
171 101 100
171 101 100
171 101 100
171 101 100
171 101 100
171 101 100
171 101 100
171 101 100
171 101 100
172 101 3600
173 101 3600
174 101 3600
175 101 100
175 101 100
175 101 100
175 101 100
175 101 100
175 101 100
175 101 100
175 101 100
175 101 100
175 101 100
175 101 100
175 101 100
175 101 100
175 101 100
175 101 100
175 101 100
175 101 100
175 101 100
175 101 100
175 101 100
175 101 100
175 101 100
175 101 100
175 101 100
175 101 100
175 101 100
175 101 100
175 101 100
175 101 100
175 101 100
175 101 100
175 101 100
175 101 100
175 101 100
176 101 3300
177 101 3300
178 101 3300
179 101 100
179 101 100
179 101 100
179 101 100
179 101 100
179 101 100
179 101 100
179 101 100
179 101 100
179 101 100
179 101 100
179 101 100
179 101 100
179 101 100
179 101 100
179 101 100
179 101 100
179 101 100
179 101 100
179 101 100
179 101 100
179 101 100
179 101 100
179 101 100
179 101 100
179 101 100
179 101 100
179 101 100
180 101 2700
181 101 2700
182 101 2700
183 101 100
183 101 100
183 101 100
183 101 100
183 101 100
183 101 100
183 101 100
183 101 100
183 101 100
183 101 100
183 101 100
183 101 100
183 101 100
183 101 100
183 101 100
183 101 100
183 101 100
183 101 100
184 101 1700
185 101 1700
186 101 1700
187 101 100
187 101 100
187 101 100
187 101 100
187 101 100
187 101 100
187 101 100
187 101 100
187 101 100
187 101 100
188 101 900
189 101 900
190 101 900
191 101 100
191 101 100
191 101 100
191 101 100
191 101 100
191 101 100
191 101 100
192 101 600
193 101 600
194 101 600
194 102 100
194 102 100
194 102 100
194 102 100
194 102 100
194 103 400
194 104 400
194 105 400
194 106 100
194 106 100
194 107 100
194 107 100
194 108 100
194 108 100
194 109 100
194 110 100
194 111 100
194 112 100
194 113 100
194 114 100
194 115 100
194 116 100
194 117 100
194 118 100
194 119 100
194 120 100
194 121 100
194 122 100
194 123 100
194 124 100
194 125 100
194 126 100
194 127 100
194 128 100
194 129 100
194 130 100
194 131 100
194 132 100
194 133 100
194 134 100
194 135 100
194 136 100
194 137 100
194 138 100
194 139 100
194 140 100
194 141 100
194 142 100
194 143 100
194 144 100
194 145 100
194 146 100
194 147 100
194 148 100
194 149 100
194 150 100
194 151 100
194 152 100
194 153 100
194 154 100
194 155 100
194 156 100
194 157 100
