139 32 120
138 32 120
137 32 120
136 32 120
135 32 120
134 32 120
133 32 120
132 32 120
131 32 120
130 32 120
129 32 120
128 32 120
127 32 120
126 32 120
125 32 120
124 32 120
123 32 120
122 32 120
121 32 120
120 32 120
119 32 120
118 32 120
118 32 120
117 32 120
117 32 120
117 32 120
117 32 120
116 32 360
116 32 120
116 32 120
116 32 120
116 32 120
115 32 720
115 32 120
115 32 120
115 32 120
115 32 120
115 32 120
114 32 1200
114 32 120
114 32 120
114 32 120
114 32 120
113 32 1560
113 32 120
113 32 120
113 32 120
113 32 120
112 32 1920
112 32 120
112 32 120
112 32 120
112 32 120
111 32 2280
111 32 120
111 32 120
110 32 2400
110 32 120
110 32 120
109 32 2520
108 32 2520
107 32 2520
106 32 120
106 32 120
106 32 120
106 32 120
106 32 120
106 32 120
106 32 120
106 32 120
106 32 120
106 32 120
106 32 120
105 32 1200
104 32 1200
103 32 1200
102 32 120
102 32 120
101 32 120
101 32 120
100 32 120
99 32 120
98 32 120
97 32 120
96 32 120
95 32 120
94 32 120
93 32 120
92 32 120
91 32 120
90 32 120
89 32 120
88 32 120
87 32 120
86 32 120
86 32 120
85 32 120
85 32 120
84 32 120
84 32 120
84 32 120
84 32 120
83 32 360
83 32 120
83 32 120
82 32 480
82 32 120
82 32 120
82 32 120
81 32 720
81 32 120
81 32 120
81 32 120
80 32 960
80 32 120
80 32 120
79 32 1080
79 32 120
79 32 120
78 32 1200
78 32 120
77 32 1200
77 32 120
77 32 120
76 32 1320
76 32 120
76 32 120
75 32 1440
75 32 120
74 32 1440
74 32 120
73 32 1440
72 32 1440
71 32 1440
70 32 120
70 32 120
70 32 120
70 32 120
70 32 120
70 32 120
70 32 120
69 32 720
68 32 720
67 32 720
66 32 120
65 32 120
64 32 120
63 32 120
62 32 120
61 32 120
60 32 120
59 32 120
58 32 120
57 32 120
56 32 120
55 32 120
54 32 120
53 32 120
52 32 120
51 32 120
50 32 120
49 32 120
48 32 120
47 32 120
47 32 120
46 32 120
46 32 120
46 32 120
45 32 240
45 32 120
45 32 120
44 32 360
44 32 120
43 32 360
43 32 120
43 32 120
42 32 480
42 32 120
42 32 120
41 32 600
41 32 120
40 32 600
40 32 120
40 32 120
39 32 720
39 32 120
39 32 120
38 32 840
38 32 120
37 32 840
37 32 120
36 32 840
35 32 840
34 32 840
33 32 120
33 32 120
33 32 120
32 32 240
31 32 240
30 32 240
29 32 120
28 32 120
27 32 120
26 32 120
25 32 120
24 32 120
23 32 120
22 32 120
21 32 120
20 32 120
19 32 120
18 32 120
17 32 120
16 32 120
15 32 120
14 32 120
13 32 120
12 32 120
11 32 120
10 32 120
9 32 120
8 32 120
7 32 120
6 32 120
5 32 120
5 33 120
5 34 120
5 35 120
5 36 120
5 37 120
5 38 120
5 39 120
5 40 120
5 41 120
5 42 120
5 43 120
