50 158 120
50 158 120
50 158 120
50 158 120
50 158 120
50 158 120
50 158 120
50 158 120
50 158 120
50 158 120
50 158 120
50 158 120
50 158 120
50 158 120
50 158 120
50 158 120
50 158 120
51 158 1920
51 158 120
52 158 1920
53 158 1920
54 158 1920
55 158 120
55 158 120
55 158 120
55 158 120
55 158 120
55 158 120
55 158 120
55 158 120
55 158 120
55 158 120
55 158 120
55 158 120
56 158 1320
57 158 1320
58 158 1320
59 158 120
59 158 120
59 158 120
59 158 120
59 158 120
59 158 120
60 158 600
61 158 600
62 158 600
63 158 120
63 158 120
63 158 120
64 158 240
64 158 120
65 158 240
66 158 240
67 158 240
68 158 120
68 158 120
69 158 120
69 158 120
70 158 120
70 158 120
71 158 120
71 158 120
72 158 120
72 158 120
73 158 120
73 158 120
74 158 120
74 158 120
75 158 120
75 158 120
76 158 120
76 158 120
77 158 120
77 158 120
78 158 120
78 158 120
79 158 120
79 158 120
80 158 120
80 158 120
81 158 120
81 158 120
82 158 120
82 158 120
83 158 120
83 158 120
84 158 120
85 158 120
85 158 120
86 158 120
86 158 120
87 158 120
87 158 120
88 158 120
88 158 120
89 158 120
89 158 120
90 158 120
90 158 120
90 158 120
91 158 240
91 158 120
92 158 240
92 158 120
93 158 240
93 158 120
93 158 120
94 158 360
94 158 120
95 158 360
95 158 120
96 158 360
96 158 120
97 158 360
97 158 120
98 158 360
98 158 120
99 158 360
100 158 360
101 158 360
102 158 120
102 158 120
102 158 120
103 158 240
103 158 120
104 158 240
104 158 120
105 158 240
105 158 120
106 158 240
106 158 120
107 158 240
107 158 120
108 158 240
108 158 120
109 158 240
109 158 120
110 158 240
110 158 120
111 158 240
111 158 120
111 158 120
112 158 360
112 158 120
113 158 360
113 158 120
113 158 120
114 158 480
114 158 120
114 158 120
115 158 600
115 158 120
116 158 600
116 158 120
116 158 120
117 158 720
117 158 120
118 158 720
118 158 120
119 158 720
119 158 120
120 158 720
120 158 120
121 158 720
121 158 120
122 158 720
123 158 720
124 158 720
125 158 120
125 158 120
125 158 120
125 158 120
125 158 120
126 158 480
126 158 120
127 158 480
127 158 120
128 158 480
128 158 120
129 158 480
129 158 120
130 158 480
130 158 120
131 158 480
131 158 120
131 158 120
132 158 600
132 158 120
133 158 600
133 158 120
134 158 600
134 158 120
135 158 600
135 158 120
136 158 600
136 158 120
137 158 600
138 158 600
139 158 600
140 158 120
140 158 120
140 158 120
141 158 240
141 158 120
142 158 240
143 158 240
144 158 240
145 158 120
146 158 120
147 158 120
148 158 120
148 157 120
148 156 120
148 155 120
148 154 120
148 153 120
148 152 120
148 151 120
148 150 120
148 149 120
148 148 120
148 147 120
148 146 120
148 145 120
148 144 120
148 143 120
148 142 120
148 141 120
148 140 120
148 139 120
148 138 120
148 137 120
148 136 120
148 135 120
148 134 120
148 133 120
148 132 120
148 131 120
148 130 120
148 129 120
148 128 120
148 127 120
148 126 120
148 125 120
148 124 120
148 123 120
148 122 120
148 121 120
148 120 120
148 119 120
148 118 120
148 117 120
148 117 120
148 116 120
148 116 120
148 115 120
148 115 120
148 114 120
148 114 120
148 113 120
148 113 120
148 113 120
148 112 240
148 112 120
148 111 240
148 111 120
148 111 120
148 110 360
148 110 120
148 109 360
148 109 120
148 109 120
148 108 480
148 108 120
148 108 120
148 107 600
148 107 120
148 106 600
148 106 120
148 105 600
148 105 120
148 104 600
148 104 120
148 103 600
148 102 600
148 101 600
148 100 120
148 100 120
148 100 120
148 100 120
148 99 360
148 98 360
148 97 360
148 96 120
148 96 120
148 95 120
148 95 120
148 94 120
148 94 120
148 93 120
148 92 120
148 91 120
148 90 120
148 89 120
148 88 120
148 87 120
148 86 120
148 85 120
148 84 120
148 83 120
148 82 120
148 81 120
148 80 120
148 79 120
148 78 120
148 77 120
148 76 120
148 75 120
148 74 120
148 73 120
148 72 120
148 71 120
148 70 120
148 69 120
148 68 120
148 67 120
90 159 120
90 159 120
90 160 120
90 160 120
90 161 120
90 161 120
90 162 120
90 163 120
90 164 120
90 165 120
90 166 120
90 167 120
90 168 120
90 169 120
90 170 120
90 171 120
90 172 120
90 173 120
90 174 120
90 175 120
90 176 120
90 177 120
90 178 120
90 179 120
90 180 120
90 181 120
90 182 120
90 183 120
90 184 120
90 185 120
90 186 120
90 187 120
90 188 120
90 189 120
90 190 120
90 191 120
90 192 120
90 193 120
90 194 120
90 195 120
90 196 120
90 197 120
66 63 120
67 63 120
68 63 120
69 63 120
70 63 120
71 63 120
72 63 120
73 63 120
74 63 120
75 63 120
76 63 120
77 63 120
78 63 120
79 63 120
80 63 120
81 63 120
82 63 120
83 63 120
84 63 120
85 63 120
86 63 120
87 63 120
88 63 120
89 63 120
90 63 120
91 63 120
92 63 120
93 63 120
94 63 120
95 63 120
96 63 120
97 63 120
98 63 120
99 63 120
100 63 120
101 63 120
102 63 120
102 63 120
103 63 120
103 63 120
104 63 120
104 63 120
105 63 120
105 63 120
105 63 120
106 63 240
106 63 120
107 63 240
107 63 120
108 63 240
108 63 120
109 63 240
109 63 120
109 63 120
110 63 360
111 63 360
112 63 360
113 63 120
113 63 120
113 63 120
114 63 240
114 63 120
115 63 240
115 63 120
116 63 240
117 63 240
118 63 240
119 63 120
119 63 120
120 63 120
120 63 120
121 63 120
121 63 120
122 63 120
122 63 120
123 63 120
123 63 120
124 63 120
124 63 120
125 63 120
125 63 120
125 63 120
126 63 240
126 63 120
127 63 240
127 63 120
128 63 240
128 63 120
129 63 240
129 63 120
129 63 120
130 63 360
130 63 120
131 63 360
131 63 120
132 63 360
132 63 120
133 63 360
133 63 120
134 63 360
134 63 120
134 63 120
135 63 480
135 63 120
136 63 480
137 63 480
138 63 480
139 63 120
139 63 120
139 63 120
140 63 240
141 63 240
142 63 240
143 63 120
144 63 120
145 63 120
146 63 120
147 63 120
148 63 120
148 64 120
148 65 120
148 66 120
129 3 120
129 3 120
129 3 120
129 3 120
129 3 120
130 3 480
131 3 480
132 3 480
133 3 120
133 3 120
133 3 120
134 3 240
134 3 120
135 3 240
135 3 120
136 3 240
136 3 120
137 3 240
137 3 120
138 3 240
138 3 120
139 3 240
140 3 240
141 3 240
142 3 120
142 3 120
143 3 120
143 3 120
144 3 120
145 3 120
146 3 120
147 3 120
148 3 120
148 4 120
148 5 120
148 6 120
148 7 120
148 7 120
148 8 120
148 8 120
148 9 120
148 9 120
148 9 120
148 10 240
148 10 120
148 11 240
148 11 120
148 12 240
148 12 120
148 12 120
148 13 360
148 13 120
148 14 360
148 14 120
148 15 360
148 15 120
148 16 360
148 16 120
148 17 360
148 17 120
148 18 360
148 18 120
148 19 360
148 20 360
148 21 360
148 22 120
148 22 120
148 22 120
148 23 240
148 23 120
148 23 120
148 24 360
148 24 120
148 25 360
148 25 120
148 26 360
148 26 120
148 26 120
148 27 480
148 27 120
148 28 480
148 28 120
148 29 480
148 29 120
148 30 480
148 30 120
148 31 480
148 31 120
148 32 480
148 33 480
148 34 480
148 35 120
148 35 120
148 35 120
148 36 240
148 36 120
148 37 240
148 37 120
148 38 240
148 38 120
148 39 240
148 39 120
148 40 240
148 40 120
148 41 240
148 41 120
148 42 240
148 42 120
148 42 120
148 43 360
148 43 120
148 44 360
148 44 120
148 45 360
148 46 360
148 47 360
148 48 120
148 48 120
148 49 120
148 49 120
148 50 120
148 50 120
148 51 120
148 52 120
148 53 120
148 54 120
148 55 120
148 56 120
148 57 120
148 58 120
148 59 120
148 60 120
148 61 120
148 62 120
185 33 120
184 33 120
183 33 120
182 33 120
181 33 120
180 33 120
179 33 120
178 33 120
177 33 120
176 33 120
175 33 120
174 33 120
173 33 120
172 33 120
171 33 120
170 33 120
169 33 120
168 33 120
167 33 120
166 33 120
165 33 120
164 33 120
163 33 120
162 33 120
161 33 120
160 33 120
159 33 120
158 33 120
157 33 120
156 33 120
155 33 120
154 33 120
153 33 120
153 33 120
152 33 120
152 33 120
151 33 120
151 33 120
150 33 120
150 33 120
150 33 120
149 33 240
149 33 120
