43 37 120
43 37 120
42 37 120
42 37 120
41 37 120
41 37 120
40 37 120
40 37 120
39 37 120
39 37 120
39 38 120
39 38 120
39 39 120
39 39 120
39 40 120
39 40 120
39 41 120
39 41 120
39 42 120
39 42 120
39 43 120
39 43 120
39 44 120
39 44 120
39 45 120
39 45 120
39 46 120
39 46 120
39 47 120
39 48 120
39 49 120
39 50 120
39 51 120
39 52 120
39 53 120
39 54 120
39 55 120
39 56 120
39 57 120
39 58 120
39 59 120
39 60 120
39 61 120
39 62 120
39 63 120
39 64 120
39 65 120
39 66 120
39 67 120
39 68 120
39 69 120
39 70 120
39 71 120
39 72 120
39 73 120
39 74 120
39 75 120
39 76 120
39 77 120
39 78 120
39 79 120
39 80 120
9 61 120
9 61 120
10 61 120
10 61 120
11 61 120
11 61 120
12 61 120
12 61 120
13 61 120
13 61 120
14 61 120
14 61 120
15 61 120
15 61 120
16 61 120
16 61 120
17 61 120
18 61 120
19 61 120
20 61 120
21 61 120
22 61 120
23 61 120
24 61 120
25 61 120
26 61 120
27 61 120
28 61 120
29 61 120
30 61 120
31 61 120
32 61 120
33 61 120
34 61 120
35 61 120
36 61 120
37 61 120
38 61 120
65 138 120
66 138 120
67 138 120
68 138 120
69 138 120
70 138 120
71 138 120
72 138 120
73 138 120
73 137 120
73 136 120
73 135 120
73 134 120
73 133 120
73 132 120
73 131 120
73 130 120
73 129 120
73 128 120
73 127 120
73 126 120
73 125 120
73 124 120
73 123 120
73 122 120
73 121 120
73 120 120
73 119 120
73 118 120
73 117 120
73 116 120
73 115 120
73 114 120
73 113 120
73 112 120
73 111 120
73 110 120
73 109 120
73 108 120
73 107 120
73 106 120
73 105 120
73 104 120
73 103 120
73 102 120
73 101 120
73 100 120
73 99 120
73 98 120
74 138 120
75 138 120
76 138 120
77 138 120
78 138 120
79 138 120
80 138 120
81 138 120
82 138 120
83 138 120
84 138 120
85 138 120
86 138 120
87 138 120
87 139 120
87 140 120
87 141 120
87 142 120
87 143 120
87 144 120
87 145 120
87 146 120
87 147 120
87 148 120
87 149 120
87 150 120
87 151 120
87 152 120
87 153 120
87 154 120
87 155 120
87 156 120
87 157 120
87 158 120
87 159 120
87 160 120
87 161 120
87 162 120
87 163 120
87 164 120
87 165 120
87 166 120
87 167 120
87 168 120
87 169 120
87 170 120
87 171 120
87 172 120
87 173 120
87 174 120
87 175 120
87 176 120
87 177 120
87 178 120
87 179 120
87 180 120
87 181 120
87 182 120
87 183 120
87 184 120
87 185 120
87 186 120
87 187 120
87 188 120
87 189 120
87 190 120
87 191 120
87 192 120
87 193 120
87 194 120
115 94 120
115 94 120
114 94 120
114 94 120
113 94 120
113 94 120
112 94 120
112 94 120
111 94 120
111 94 120
110 94 120
110 94 120
109 94 120
109 94 120
108 94 120
108 94 120
107 94 120
107 94 120
106 94 120
106 94 120
105 94 120
105 94 120
104 94 120
104 94 120
103 94 120
103 94 120
102 94 120
102 94 120
101 94 120
101 94 120
100 94 120
100 94 120
99 94 120
99 94 120
98 94 120
98 94 120
97 94 120
97 94 120
96 94 120
96 94 120
95 94 120
95 94 120
94 94 120
94 94 120
93 94 120
93 94 120
92 94 120
92 94 120
91 94 120
90 94 120
89 94 120
88 94 120
87 94 120
86 94 120
85 94 120
84 94 120
83 94 120
82 94 120
81 94 120
80 94 120
79 94 120
78 94 120
77 94 120
76 94 120
75 94 120
74 94 120
73 94 120
73 95 120
73 96 120
73 97 120
116 94 120
116 94 120
116 93 120
116 93 120
116 92 120
116 92 120
116 91 120
116 91 120
116 90 120
116 90 120
116 90 120
116 89 240
116 89 120
116 88 240
116 88 120
116 88 120
116 87 360
116 87 120
116 87 120
116 86 480
116 86 120
116 86 120
116 85 600
116 85 120
116 85 120
116 84 720
116 84 120
116 84 120
116 83 840
116 83 120
116 83 120
116 82 960
116 82 120
116 82 120
116 81 1080
116 81 120
116 81 120
116 80 1200
116 80 120
116 80 120
116 79 1320
116 79 120
116 78 1320
116 78 120
116 78 120
116 77 1440
116 77 120
116 76 1440
116 76 120
116 76 120
116 75 1560
116 75 120
116 74 1560
116 74 120
116 74 120
116 73 1680
116 73 120
116 73 120
116 72 1800
116 72 120
116 72 120
116 71 1920
116 71 120
116 70 1920
116 70 120
116 69 1920
116 69 120
116 68 1920
116 68 120
116 67 1920
116 67 120
116 66 1920
116 66 120
116 65 1920
116 65 120
116 64 1920
116 64 120
116 63 1920
116 62 1920
116 61 1920
116 60 120
116 60 120
116 60 120
116 60 120
116 60 120
116 60 120
116 60 120
116 60 120
116 60 120
116 60 120
116 60 120
116 60 120
116 60 120
116 60 120
116 59 1560
116 58 1560
116 57 1560
116 56 120
116 56 120
116 56 120
116 56 120
116 56 120
116 56 120
116 56 120
116 56 120
116 56 120
116 56 120
116 55 1080
116 54 1080
116 53 1080
116 52 120
116 52 120
116 52 120
116 52 120
116 52 120
116 52 120
116 51 600
116 50 600
116 49 600
116 48 120
116 48 120
116 48 120
116 48 120
116 47 360
116 46 360
116 45 360
116 44 120
116 44 120
116 43 120
116 43 120
116 42 120
116 42 120
116 41 120
116 41 120
116 40 120
116 40 120
116 39 120
116 39 120
116 38 120
116 38 120
116 37 120
116 36 120
116 35 120
116 34 120
116 33 120
116 32 120
116 31 120
116 30 120
116 29 120
116 28 120
