25 164 120
26 164 120
27 164 120
28 164 120
29 164 120
30 164 120
31 164 120
32 164 120
33 164 120
34 164 120
35 164 120
36 164 120
37 164 120
38 164 120
39 164 120
40 164 120
41 164 120
42 164 120
43 164 120
44 164 120
45 164 120
46 164 120
47 164 120
48 164 120
49 164 120
50 164 120
51 164 120
52 164 120
53 164 120
54 164 120
55 164 120
56 164 120
57 164 120
58 164 120
59 164 120
60 164 120
61 164 120
62 164 120
63 164 120
64 164 120
65 164 120
66 164 120
67 164 120
68 164 120
69 164 120
70 164 120
71 164 120
72 164 120
73 164 120
73 164 120
74 164 120
74 164 120
75 164 120
75 164 120
76 164 120
76 164 120
77 164 120
77 164 120
77 164 120
78 164 240
78 164 120
79 164 240
80 164 240
81 164 240
82 164 120
82 164 120
83 164 120
83 164 120
84 164 120
84 164 120
85 164 120
86 164 120
87 164 120
87 164 120
88 164 120
88 164 120
89 164 120
89 164 120
90 164 120
90 164 120
91 164 120
91 164 120
92 164 120
92 164 120
93 164 120
93 164 120
94 164 120
94 164 120
95 164 120
95 164 120
96 164 120
96 164 120
97 164 120
98 164 120
99 164 120
100 164 120
101 164 120
102 164 120
103 164 120
104 164 120
105 164 120
106 164 120
107 164 120
108 164 120
109 164 120
110 164 120
111 164 120
112 164 120
113 164 120
114 164 120
115 164 120
116 164 120
117 164 120
118 164 120
119 164 120
120 164 120
121 164 120
122 164 120
123 164 120
124 164 120
125 164 120
126 164 120
127 164 120
128 164 120
129 164 120
130 164 120
131 164 120
132 164 120
133 164 120
134 164 120
135 164 120
136 164 120
137 164 120
138 164 120
139 164 120
140 164 120
140 164 120
141 164 120
141 164 120
142 164 120
142 164 120
143 164 120
143 164 120
143 164 120
144 164 240
144 164 120
145 164 240
145 164 120
145 164 120
146 164 360
146 164 120
146 164 120
147 164 480
147 164 120
147 164 120
147 164 120
148 164 720
148 164 120
148 164 120
148 164 120
148 163 960
148 162 960
148 161 960
148 160 120
148 160 120
148 160 120
148 160 120
148 160 120
148 159 480
148 158 480
148 157 480
148 156 120
148 156 120
148 155 120
148 155 120
148 154 120
148 154 120
148 153 120
148 153 120
148 152 120
148 152 120
148 151 120
148 151 120
148 150 120
148 150 120
148 149 120
148 149 120
148 148 120
148 148 120
148 147 120
148 147 120
148 146 120
148 146 120
148 145 120
148 145 120
148 144 120
148 144 120
148 143 120
148 143 120
148 142 120
148 142 120
148 141 120
148 141 120
148 140 120
148 140 120
148 139 120
148 139 120
148 138 120
148 138 120
148 137 120
148 137 120
148 136 120
148 136 120
148 135 120
148 135 120
148 134 120
148 134 120
148 133 120
148 133 120
148 132 120
148 132 120
148 132 120
148 131 240
148 131 120
148 130 240
148 130 120
148 129 240
148 129 120
148 128 240
148 128 120
148 127 240
148 127 120
148 126 240
148 126 120
148 125 240
148 124 240
148 123 240
148 122 120
148 121 120
148 120 120
148 119 120
148 118 120
148 117 120
148 116 120
148 115 120
148 114 120
148 113 120
148 112 120
148 111 120
148 110 120
148 109 120
148 108 120
148 107 120
148 106 120
148 105 120
148 104 120
148 103 120
148 102 120
148 101 120
148 100 120
148 99 120
148 98 120
148 97 120
148 96 120
148 95 120
148 94 120
148 93 120
148 92 120
148 91 120
148 90 120
148 89 120
148 88 120
148 87 120
148 86 120
148 85 120
148 84 120
148 83 120
148 82 120
148 81 120
148 80 120
148 79 120
148 78 120
148 77 120
148 76 120
148 75 120
148 74 120
148 73 120
148 73 120
148 72 120
148 72 120
148 72 120
148 71 240
148 71 120
148 70 240
148 70 120
148 70 120
148 69 360
148 69 120
148 69 120
148 68 480
148 68 120
148 67 480
148 67 120
148 67 120
148 66 600
148 66 120
148 65 600
148 65 120
148 64 600
148 64 120
148 63 600
148 63 120
148 62 600
148 62 120
148 61 600
148 61 120
148 60 600
148 60 120
148 59 600
148 58 600
148 58 120
148 57 600
148 57 120
148 56 600
148 56 120
148 55 600
148 55 120
148 55 120
148 54 720
148 54 120
148 54 120
148 53 840
148 53 120
148 53 120
148 52 960
148 52 120
148 52 120
148 52 120
148 51 1200
148 51 120
148 51 120
148 50 1320
148 50 120
148 50 120
148 49 1440
148 49 120
148 48 1440
148 48 120
148 48 120
148 47 1560
148 47 120
148 47 120
148 46 1680
148 46 120
148 45 1680
148 45 120
148 44 1680
148 44 120
148 43 1680
148 42 1680
148 41 1680
148 40 120
148 40 120
148 40 120
148 40 120
148 40 120
148 40 120
148 40 120
148 40 120
148 40 120
148 39 960
148 38 960
148 37 960
148 36 120
148 36 120
148 36 120
148 36 120
148 35 360
148 34 360
148 33 360
148 32 120
148 32 120
148 31 120
148 31 120
148 30 120
148 30 120
148 29 120
148 29 120
148 28 120
148 27 120
148 26 120
148 25 120
148 24 120
148 23 120
148 22 120
148 21 120
148 20 120
148 19 120
148 18 120
148 17 120
148 16 120
148 15 120
148 14 120
148 13 120
148 12 120
148 11 120
148 10 120
148 9 120
148 8 120
148 7 120
148 6 120
24 164 120
23 164 120
22 164 120
21 164 120
20 164 120
19 164 120
18 164 120
17 164 120
16 164 120
15 164 120
14 164 120
13 164 120
13 163 120
13 162 120
13 161 120
13 160 120
13 159 120
13 158 120
13 157 120
13 156 120
13 155 120
13 154 120
13 153 120
13 152 120
13 151 120
13 150 120
13 149 120
13 148 120
13 147 120
13 146 120
13 145 120
13 144 120
13 143 120
13 142 120
13 141 120
13 140 120
13 139 120
13 138 120
13 137 120
13 136 120
13 135 120
13 134 120
13 133 120
13 132 120
13 131 120
13 130 120
13 129 120
14 129 120
15 129 120
16 129 120
17 129 120
18 129 120
19 129 120
20 129 120
21 129 120
22 129 120
22 128 120
22 127 120
22 126 120
22 125 120
22 124 120
22 123 120
22 122 120
22 121 120
22 120 120
22 119 120
22 118 120
22 117 120
22 116 120
22 115 120
22 114 120
22 113 120
22 112 120
22 111 120
22 110 120
22 109 120
22 108 120
22 107 120
22 106 120
22 106 120
22 105 120
22 105 120
22 104 120
22 104 120
22 103 120
22 103 120
22 102 120
22 102 120
22 101 120
22 101 120
22 100 120
22 99 120
22 98 120
22 97 120
22 96 120
22 95 120
22 94 120
22 93 120
22 92 120
22 91 120
22 90 120
22 89 120
22 88 120
22 87 120
22 87 120
22 86 120
22 86 120
22 85 120
22 84 120
22 83 120
22 82 120
22 81 120
22 80 120
22 79 120
23 79 120
24 79 120
25 79 120
26 79 120
27 79 120
28 79 120
29 79 120
30 79 120
31 79 120
32 79 120
33 79 120
34 79 120
35 79 120
36 79 120
37 79 120
38 79 120
39 79 120
40 79 120
41 79 120
42 79 120
43 79 120
44 79 120
45 79 120
46 79 120
47 79 120
48 79 120
49 79 120
50 79 120
51 79 120
52 79 120
53 79 120
54 79 120
55 79 120
56 79 120
57 79 120
58 79 120
59 79 120
60 79 120
60 78 120
60 77 120
60 76 120
60 75 120
60 74 120
60 73 120
60 72 120
60 71 120
60 70 120
60 69 120
60 68 120
60 67 120
60 66 120
60 65 120
60 64 120
60 63 120
60 62 120
60 61 120
60 60 120
61 60 120
62 60 120
63 60 120
64 60 120
65 60 120
66 60 120
67 60 120
68 60 120
69 60 120
70 60 120
71 60 120
72 60 120
73 60 120
74 60 120
75 60 120
76 60 120
77 60 120
78 60 120
79 60 120
80 60 120
81 60 120
82 60 120
83 60 120
84 60 120
85 60 120
85 59 120
85 58 120
85 57 120
85 56 120
85 55 120
85 54 120
85 53 120
85 52 120
85 51 120
85 50 120
85 49 120
85 48 120
85 47 120
85 46 120
85 45 120
85 44 120
85 43 120
85 42 120
85 41 120
85 40 120
85 39 120
85 38 120
85 37 120
85 36 120
85 35 120
85 34 120
85 33 120
85 32 120
85 31 120
85 30 120
85 29 120
85 28 120
85 27 120
192 47 120
191 47 120
190 47 120
189 47 120
188 47 120
187 47 120
186 47 120
185 47 120
184 47 120
183 47 120
182 47 120
181 47 120
180 47 120
179 47 120
178 47 120
177 47 120
176 47 120
175 47 120
174 47 120
173 47 120
172 47 120
171 47 120
170 47 120
169 47 120
168 47 120
167 47 120
166 47 120
165 47 120
164 47 120
164 47 120
163 47 120
163 47 120
162 47 120
162 47 120
162 47 120
161 47 240
161 47 120
161 47 120
160 47 360
160 47 120
160 47 120
159 47 480
159 47 120
159 47 120
158 47 600
158 47 120
158 47 120
157 47 720
157 47 120
157 47 120
156 47 840
156 47 120
156 47 120
156 47 120
155 47 1080
155 47 120
155 47 120
155 47 120
154 47 1320
154 47 120
154 47 120
153 47 1440
153 47 120
153 47 120
153 47 120
152 47 1680
152 47 120
152 47 120
151 47 1800
151 47 120
150 47 1800
150 47 120
149 47 1800
149 47 120
191 48 1800
191 49 1800
191 50 1800
191 51 120
191 52 120
191 53 120
191 54 120
191 55 120
191 56 120
191 57 120
191 58 120
191 59 120
191 60 120
191 61 120
191 62 120
191 63 120
191 64 120
191 65 120
191 66 120
191 66 120
191 67 120
191 67 120
191 68 120
191 68 120
191 69 120
191 69 120
191 69 120
191 70 240
191 70 120
191 71 240
191 71 120
191 72 240
191 72 120
191 73 240
191 73 120
191 74 240
191 74 120
191 75 240
191 75 120
191 76 240
191 76 120
191 77 240
191 77 120
191 78 240
191 78 120
191 79 240
191 79 120
191 80 240
191 80 120
191 81 240
191 81 120
191 81 120
191 82 360
191 82 120
191 83 360
191 83 120
191 84 360
191 84 120
191 84 120
191 85 480
191 85 120
191 86 480
191 86 120
191 86 120
191 87 600
191 87 120
191 88 600
191 88 120
191 89 600
191 89 120
191 90 600
191 90 120
191 91 600
191 91 120
191 92 600
191 92 120
191 93 600
191 94 600
191 95 600
191 96 120
191 96 120
191 96 120
191 96 120
191 97 360
191 97 120
191 98 360
191 98 120
191 99 360
191 99 120
191 100 360
191 100 120
191 100 120
191 101 480
191 101 120
191 102 480
191 102 120
191 102 120
191 103 600
191 103 120
191 104 600
191 104 120
191 105 600
191 105 120
191 106 600
191 106 120
191 107 600
191 107 120
191 108 600
191 108 120
191 109 600
191 109 120
191 110 600
191 110 120
191 111 600
191 111 120
191 112 600
191 112 120
191 113 600
191 114 600
191 115 600
191 116 120
191 116 120
191 116 120
191 116 120
191 117 360
191 118 360
191 119 360
191 120 120
191 120 120
191 121 120
191 121 120
191 122 120
191 122 120
191 123 120
191 124 120
191 125 120
191 126 120
191 127 120
191 128 120
191 129 120
191 130 120
191 131 120
191 132 120
191 133 120
191 133 120
191 134 120
191 134 120
191 135 120
191 135 120
191 135 120
191 136 240
191 136 120
191 137 240
191 137 120
191 137 120
191 138 360
191 138 120
191 139 360
191 139 120
191 140 360
191 140 120
191 140 120
191 141 480
191 141 120
191 142 480
191 142 120
191 143 480
191 143 120
191 143 120
191 144 600
191 144 120
191 145 600
191 145 120
191 145 120
191 146 720
191 146 120
191 147 720
191 147 120
191 147 120
191 148 840
191 148 120
191 148 120
191 149 960
191 149 120
191 149 120
191 149 120
191 150 1200
191 150 120
191 150 120
191 151 1320
191 151 120
191 151 120
191 151 120
191 152 1560
191 152 120
191 152 120
191 152 120
191 153 1800
191 153 120
191 153 120
191 154 1920
191 154 120
191 154 120
191 154 120
191 155 2160
191 155 120
191 155 120
191 156 2280
191 156 120
191 157 2280
191 157 120
191 158 2280
191 159 2280
191 160 2280
191 161 120
191 161 120
191 161 120
191 161 120
191 161 120
191 161 120
191 161 120
191 161 120
191 161 120
191 161 120
191 161 120
191 161 120
191 161 120
191 161 120
191 161 120
191 162 1680
191 163 1680
191 164 1680
191 165 120
191 165 120
191 165 120
191 165 120
191 165 120
191 165 120
191 165 120
191 165 120
191 165 120
191 165 120
191 166 1080
191 167 1080
191 168 1080
191 169 120
191 169 120
191 169 120
191 169 120
191 169 120
191 169 120
191 169 120
191 169 120
191 169 120
191 170 960
191 170 120
190 170 960
190 170 120
190 170 120
189 170 1080
189 170 120
188 170 1080
188 170 120
188 170 120
187 170 1200
187 170 120
186 170 1200
186 170 120
185 170 1200
185 170 120
185 170 120
184 170 1320
184 170 120
183 170 1320
182 170 1320
181 170 1320
181 170 120
180 170 1320
180 170 120
179 170 1320
179 170 120
179 170 120
178 170 1440
178 170 120
178 170 120
178 170 120
177 170 1680
177 170 120
177 170 120
177 170 120
176 170 1920
176 170 120
176 170 120
176 170 120
175 170 2160
175 170 120
175 170 120
175 170 120
174 170 2400
174 170 120
174 170 120
174 170 120
173 170 2640
173 170 120
173 170 120
173 170 120
172 170 2880
172 170 120
172 170 120
172 170 120
171 170 3120
171 170 120
171 170 120
170 170 3240
170 170 120
170 170 120
169 170 3360
169 170 120
169 170 120
168 170 3480
168 170 120
167 170 3480
167 170 120
167 170 120
166 170 3600
165 170 3600
164 170 3600
163 170 120
163 170 120
163 170 120
163 170 120
163 170 120
163 170 120
163 170 120
163 170 120
163 170 120
163 170 120
163 170 120
163 170 120
163 170 120
163 170 120
163 170 120
163 170 120
163 170 120
163 170 120
163 170 120
163 170 120
163 170 120
163 170 120
163 170 120
163 170 120
163 170 120
163 170 120
163 170 120
163 170 120
163 170 120
163 170 120
162 170 3480
161 170 3480
160 170 3480
159 170 120
159 170 120
159 170 120
159 170 120
159 170 120
159 170 120
159 170 120
159 170 120
159 170 120
159 170 120
159 170 120
159 170 120
159 170 120
159 170 120
159 170 120
159 170 120
159 170 120
159 170 120
159 170 120
159 170 120
159 170 120
159 170 120
159 170 120
159 170 120
159 170 120
159 170 120
159 170 120
159 170 120
159 170 120
158 170 3360
158 170 120
157 170 3360
157 170 120
156 170 3360
156 170 120
155 170 3360
154 170 3360
153 170 3360
152 170 120
152 170 120
152 170 120
152 170 120
152 170 120
152 170 120
152 170 120
152 170 120
152 170 120
152 170 120
152 170 120
152 170 120
152 170 120
152 170 120
152 170 120
152 170 120
152 170 120
152 170 120
152 170 120
152 170 120
152 170 120
152 170 120
152 170 120
151 170 2640
150 170 2640
149 170 2640
148 170 120
148 170 120
148 170 120
148 170 120
148 170 120
148 170 120
148 170 120
148 170 120
148 170 120
148 170 120
148 170 120
148 170 120
148 170 120
147 170 1440
146 170 1440
145 170 1440
144 170 120
144 170 120
144 170 120
144 170 120
144 170 120
143 170 480
142 170 480
141 170 480
140 170 120
140 170 120
139 170 120
138 170 120
137 170 120
136 170 120
135 170 120
134 170 120
133 170 120
132 170 120
131 170 120
130 170 120
129 170 120
128 170 120
127 170 120
126 170 120
125 170 120
124 170 120
123 170 120
122 170 120
121 170 120
120 170 120
119 170 120
119 169 120
119 168 120
119 167 120
119 166 120
119 165 120
119 163 120
119 162 120
119 161 120
119 160 120
119 159 120
119 158 120
119 157 120
119 156 120
