48 51 120
47 51 120
46 51 120
45 51 120
44 51 120
43 51 120
42 51 120
41 51 120
40 51 120
39 51 120
38 51 120
37 51 120
36 51 120
35 51 120
34 51 120
33 51 120
32 51 120
31 51 120
30 51 120
29 51 120
28 51 120
27 51 120
26 51 120
25 51 120
24 51 120
23 51 120
22 51 120
22 52 120
22 53 120
22 54 120
22 55 120
22 56 120
22 57 120
22 58 120
22 59 120
22 60 120
22 61 120
22 62 120
22 63 120
22 64 120
22 65 120
22 66 120
22 67 120
22 68 120
22 69 120
22 70 120
22 71 120
22 72 120
22 73 120
22 74 120
22 75 120
22 76 120
22 77 120
22 78 120
22 79 120
22 80 120
22 81 120
22 82 120
22 83 120
22 84 120
22 85 120
22 86 120
22 87 120
22 88 120
22 89 120
22 90 120
22 91 120
22 92 120
22 93 120
22 94 120
22 95 120
22 96 120
22 97 120
22 98 120
22 99 120
22 100 120
22 101 120
22 102 120
22 103 120
22 104 120
22 105 120
22 106 120
22 107 120
22 108 120
22 109 120
22 110 120
22 111 120
22 112 120
22 113 120
22 114 120
22 115 120
22 116 120
22 117 120
22 118 120
22 119 120
22 120 120
22 121 120
22 122 120
22 123 120
22 124 120
22 125 120
22 126 120
22 127 120
22 128 120
22 128 120
22 129 120
22 129 120
22 130 120
22 130 120
22 131 120
22 131 120
152 47 120
151 47 120
150 47 120
149 47 120
148 47 120
147 47 120
146 47 120
145 47 120
144 47 120
143 47 120
142 47 120
141 47 120
140 47 120
139 47 120
138 47 120
137 47 120
136 47 120
135 47 120
134 47 120
133 47 120
132 47 120
131 47 120
131 47 120
130 47 120
130 47 120
129 47 120
129 47 120
129 47 120
128 47 240
128 47 120
127 47 240
127 47 120
127 47 120
126 47 360
126 47 120
126 47 120
125 47 480
125 47 120
124 47 480
124 47 120
123 47 480
122 47 480
121 47 480
120 47 120
120 47 120
120 47 120
120 47 120
119 47 360
118 47 360
117 47 360
116 47 120
116 47 120
116 47 120
116 48 240
116 48 120
116 49 240
116 50 240
116 51 240
116 51 120
116 52 240
116 52 120
116 53 240
116 53 120
116 53 120
116 54 360
116 54 120
116 55 360
116 55 120
116 55 120
116 56 480
116 56 120
116 56 120
116 57 600
116 57 120
116 58 600
116 59 600
116 60 600
116 61 120
116 61 120
116 61 120
116 62 240
116 62 120
116 63 240
116 63 120
116 64 240
116 64 120
116 65 240
116 65 120
116 65 120
116 66 360
116 66 120
116 67 360
116 67 120
116 68 360
116 68 120
116 68 120
116 69 480
116 70 480
116 71 480
116 72 120
116 72 120
116 72 120
116 73 240
116 74 240
116 75 240
116 76 120
116 76 120
116 77 120
116 77 120
116 78 120
116 78 120
116 79 120
116 79 120
116 80 120
116 80 120
116 81 120
116 81 120
116 82 120
116 82 120
116 83 120
116 83 120
116 84 120
116 85 120
116 86 120
116 87 120
116 88 120
116 89 120
116 90 120
116 91 120
116 92 120
116 93 120
116 94 120
116 95 120
134 184 120
134 184 120
134 184 120
133 184 240
133 184 120
132 184 240
131 184 240
130 184 240
129 184 120
128 184 120
127 184 120
126 184 120
125 184 120
124 184 120
123 184 120
122 184 120
121 184 120
120 184 120
119 184 120
118 184 120
117 184 120
116 184 120
116 183 120
116 182 120
116 181 120
116 180 120
116 179 120
116 178 120
116 177 120
116 176 120
116 175 120
116 174 120
116 173 120
116 172 120
116 171 120
116 170 120
116 169 120
116 168 120
116 167 120
116 166 120
116 165 120
116 164 120
116 163 120
116 162 120
116 161 120
116 160 120
116 159 120
116 158 120
116 157 120
116 156 120
116 155 120
116 154 120
116 153 120
116 152 120
116 151 120
116 150 120
116 149 120
116 148 120
116 147 120
116 146 120
116 145 120
116 144 120
116 143 120
116 142 120
116 141 120
116 140 120
116 139 120
116 138 120
116 137 120
116 136 120
116 135 120
116 135 120
116 134 120
116 134 120
116 133 120
116 133 120
116 132 120
116 132 120
116 131 120
116 131 120
116 130 120
116 130 120
116 129 120
116 129 120
116 128 120
116 128 120
116 127 120
116 127 120
116 126 120
116 125 120
116 124 120
116 123 120
116 122 120
116 121 120
116 120 120
116 119 120
116 119 120
116 118 120
116 118 120
116 117 120
116 117 120
116 116 120
116 116 120
116 115 120
116 115 120
116 115 120
116 114 240
116 114 120
116 113 240
116 113 120
116 112 240
116 112 120
116 111 240
116 111 120
116 110 240
116 110 120
116 109 240
116 108 240
116 107 240
116 106 120
116 106 120
116 105 120
116 105 120
116 104 120
116 104 120
116 103 120
116 103 120
116 102 120
116 102 120
116 101 120
116 101 120
116 100 120
116 100 120
116 99 120
116 99 120
116 98 120
116 97 120
116 96 120
79 141 120
79 141 120
79 141 120
79 141 120
79 141 120
79 141 120
79 141 120
79 141 120
79 141 120
79 141 120
79 141 120
78 141 1200
78 141 120
77 141 1200
77 141 120
76 141 1200
76 141 120
75 141 1200
74 141 1200
73 141 1200
72 141 120
72 141 120
72 141 120
72 141 120
72 141 120
72 141 120
72 141 120
72 141 120
71 141 840
71 141 120
70 141 840
69 141 840
68 141 840
67 141 120
67 141 120
67 141 120
67 141 120
66 141 360
66 141 120
65 141 360
65 141 120
64 141 360
64 141 120
63 141 360
63 141 120
62 141 360
62 141 120
62 141 120
61 141 480
61 141 120
60 141 480
60 141 120
59 141 480
59 141 120
58 141 480
58 141 120
58 141 120
57 141 600
57 141 120
56 141 600
56 141 120
55 141 600
55 141 120
54 141 600
53 141 600
52 141 600
51 141 120
51 141 120
51 141 120
50 141 240
49 141 240
48 141 240
47 141 120
46 141 120
45 141 120
44 141 120
43 141 120
43 141 120
42 141 120
42 141 120
41 141 120
41 141 120
40 141 120
40 141 120
39 141 120
39 141 120
38 141 120
38 141 120
37 141 120
37 141 120
36 141 120
36 141 120
35 141 120
35 141 120
34 141 120
34 141 120
33 141 120
32 141 120
31 141 120
30 141 120
29 141 120
29 141 120
28 141 120
28 141 120
27 141 120
27 141 120
27 141 120
26 141 240
26 141 120
25 141 240
25 141 120
25 141 120
24 141 360
24 141 120
24 141 120
23 141 480
23 141 120
23 141 120
22 141 600
22 141 120
22 141 120
22 141 120
22 140 840
22 139 840
22 138 840
22 137 120
22 137 120
22 137 120
22 137 120
22 136 360
22 135 360
22 134 360
22 133 120
22 133 120
22 132 120
22 132 120
