75 1 25
74 1 25
73 1 25
72 1 25
71 1 25
70 1 25
69 1 25
68 1 25
68 1 25
67 1 25
67 1 25
67 2 25
67 2 25
67 3 25
67 4 25
67 5 25
67 6 25
67 7 25
67 8 25
67 9 25
67 10 25
67 11 25
67 11 25
67 12 25
67 12 25
67 13 25
67 13 25
67 14 25
67 14 25
67 14 25
67 15 25
67 15 25
67 15 25
67 16 25
67 16 25
67 16 25
67 16 25
67 17 25
67 17 25
67 17 25
67 17 25
67 17 25
67 18 25
67 18 25
67 18 25
67 18 25
67 18 25
67 18 25
67 19 25
67 19 25
67 19 25
67 19 25
67 19 25
67 19 25
67 19 25
67 20 25
67 20 25
67 20 25
67 20 25
67 20 25
67 20 25
67 20 25
67 20 25
67 21 25
67 21 25
67 21 25
67 21 25
67 21 25
67 21 25
67 21 25
67 21 25
67 21 25
67 21 25
67 22 25
67 22 25
67 22 25
67 22 25
67 22 25
67 22 25
67 22 25
67 22 25
67 22 25
67 22 25
67 22 25
67 22 25
67 23 25
67 23 25
67 23 25
67 23 25
67 23 25
67 23 25
67 23 25
67 23 25
67 23 25
67 23 25
67 23 25
67 23 25
67 23 25
67 23 25
67 23 25
67 24 25
67 24 25
67 24 25
67 24 25
67 24 25
67 24 25
67 24 25
67 24 25
67 24 25
67 24 25
67 24 25
67 24 25
67 24 25
67 24 25
67 24 25
67 24 25
67 24 25
67 24 25
67 24 25
67 24 25
67 25 25
67 25 25
67 25 25
67 25 25
67 25 25
67 25 25
67 25 25
67 25 25
67 25 25
67 25 25
67 25 25
67 25 25
67 25 25
67 25 25
67 25 25
67 25 25
67 25 25
67 25 25
67 25 25
67 25 25
67 25 25
67 25 25
67 25 25
67 25 25
67 25 25
67 25 25
67 26 25
67 26 25
67 26 25
67 26 25
67 26 25
67 26 25
67 26 25
67 26 25
67 26 25
67 26 25
67 26 25
67 26 25
67 26 25
67 26 25
67 26 25
67 26 25
67 26 25
67 26 25
67 26 25
67 26 25
67 26 25
67 26 25
67 26 25
67 26 25
67 26 25
67 26 25
67 26 25
67 26 25
67 26 25
67 26 25
67 26 25
67 26 25
67 26 25
67 26 25
67 27 25
67 27 25
67 27 25
67 27 25
67 27 25
67 27 25
67 27 25
67 27 25
67 27 25
67 27 25
67 27 25
67 27 25
67 27 25
67 27 25
67 27 25
67 27 25
67 27 25
67 27 25
67 27 25
67 27 25
67 27 25
67 27 25
67 27 25
67 27 25
67 27 25
67 27 25
67 27 25
67 27 25
67 27 25
67 27 25
67 27 25
67 27 25
67 27 25
67 27 25
67 27 25
67 27 25
67 27 25
67 27 25
67 27 25
67 27 25
67 27 25
67 27 25
67 27 25
67 28 25
67 28 25
67 28 25
67 28 25
67 28 25
67 28 25
67 28 25
67 28 25
67 28 25
67 28 25
67 28 25
67 28 25
67 28 25
67 28 25
67 28 25
67 28 25
67 28 25
67 28 25
67 28 25
67 28 25
67 28 25
67 28 25
67 28 25
67 28 25
67 28 25
67 28 25
67 28 25
67 28 25
67 28 25
67 28 25
67 28 25
67 28 25
67 28 25
67 28 25
67 28 25
67 28 25
67 28 25
67 28 25
67 28 25
67 28 25
67 28 25
67 28 25
67 28 25
67 28 25
67 28 25
67 28 25
67 28 25
67 28 25
67 28 25
67 28 25
67 28 25
67 28 25
67 28 25
67 29 25
67 29 25
67 29 25
67 29 25
67 29 25
67 29 25
67 29 25
67 29 25
67 29 25
67 29 25
67 29 25
67 29 25
67 29 25
67 29 25
67 29 25
67 29 25
67 29 25
67 29 25
67 29 25
67 29 25
67 29 25
67 29 25
67 29 25
67 29 25
67 29 25
67 29 25
67 29 25
67 29 25
67 29 25
67 29 25
67 29 25
67 29 25
67 29 25
67 29 25
67 29 25
67 29 25
67 29 25
67 29 25
67 29 25
67 29 25
67 29 25
67 29 25
67 29 25
67 29 25
67 29 25
67 29 25
67 29 25
67 29 25
67 29 25
67 29 25
67 29 25
67 29 25
67 29 25
67 29 25
67 29 25
67 29 25
67 29 25
67 29 25
67 29 25
67 29 25
67 29 25
67 29 25
67 29 25
67 30 25
67 30 25
67 30 25
67 30 25
67 30 25
67 30 25
67 30 25
67 30 25
67 30 25
67 30 25
67 30 25
67 30 25
67 30 25
67 30 25
67 30 25
67 30 25
67 30 25
67 30 25
67 30 25
67 30 25
67 30 25
67 30 25
67 30 25
67 30 25
67 30 25
67 30 25
67 30 25
67 30 25
67 30 25
67 30 25
67 30 25
67 30 25
67 30 25
67 30 25
67 30 25
67 30 25
67 30 25
67 30 25
67 30 25
67 30 25
67 30 25
67 30 25
67 30 25
67 30 25
67 30 25
67 30 25
67 30 25
67 30 25
67 30 25
67 30 25
67 30 25
67 30 25
67 30 25
67 30 25
67 30 25
67 30 25
67 30 25
67 30 25
67 30 25
67 30 25
67 30 25
67 30 25
67 30 25
67 30 25
67 30 25
67 30 25
67 30 25
67 30 25
67 30 25
67 30 25
67 30 25
67 30 25
67 30 25
67 31 25
67 31 25
67 31 25
67 31 25
67 31 25
67 31 25
67 31 25
67 31 25
67 31 25
67 31 25
67 31 25
67 31 25
67 31 25
67 31 25
67 31 25
67 31 25
67 31 25
67 31 25
67 31 25
67 31 25
67 31 25
67 31 25
67 31 25
67 31 25
67 31 25
67 31 25
67 31 25
67 31 25
67 31 25
67 31 25
67 31 25
67 31 25
67 31 25
67 31 25
67 31 25
67 31 25
67 31 25
67 31 25
67 31 25
67 31 25
67 31 25
67 31 25
67 31 25
67 31 25
67 31 25
67 31 25
67 31 25
67 31 25
67 31 25
67 31 25
67 31 25
67 31 25
67 31 25
67 31 25
67 31 25
67 31 25
67 31 25
67 31 25
67 31 25
67 31 25
67 31 25
67 31 25
67 31 25
67 31 25
67 31 25
67 31 25
67 31 25
67 31 25
67 31 25
67 31 25
67 31 25
67 31 25
67 31 25
67 31 25
67 31 25
67 31 25
67 31 25
67 31 25
67 31 25
67 31 25
67 32 25
67 32 25
67 32 25
67 32 25
67 32 25
67 32 25
67 32 25
67 32 25
67 32 25
67 32 25
67 32 25
67 32 25
67 32 25
67 32 25
67 32 25
67 32 25
67 32 25
67 32 25
67 32 25
67 32 25
67 32 25
67 32 25
67 32 25
67 32 25
67 32 25
67 32 25
67 32 25
67 32 25
67 32 25
67 32 25
67 32 25
67 32 25
67 32 25
67 32 25
67 32 25
67 32 25
67 32 25
67 32 25
67 32 25
67 32 25
67 32 25
67 32 25
67 32 25
67 32 25
67 32 25
67 32 25
67 32 25
67 32 25
67 32 25
67 32 25
67 32 25
67 32 25
67 32 25
67 32 25
67 32 25
67 32 25
67 32 25
67 32 25
67 32 25
67 32 25
67 32 25
67 32 25
67 32 25
67 32 25
67 32 25
67 32 25
67 32 25
67 32 25
67 32 25
67 32 25
67 32 25
67 32 25
67 32 25
67 32 25
67 32 25
67 32 25
67 32 25
67 32 25
67 32 25
67 32 25
67 32 25
67 32 25
67 32 25
67 32 25
67 32 25
67 32 25
67 33 25
67 33 25
67 33 25
67 33 25
67 33 25
67 33 25
67 33 25
67 33 25
67 33 25
67 33 25
67 33 25
67 33 25
67 33 25
67 33 25
67 33 25
67 33 25
67 33 25
67 33 25
67 33 25
67 33 25
67 33 25
67 33 25
67 33 25
67 33 25
67 33 25
67 33 25
67 33 25
67 33 25
67 33 25
67 33 25
67 33 25
67 33 25
67 33 25
67 33 25
67 33 25
67 33 25
67 33 25
67 33 25
67 33 25
67 33 25
67 33 25
67 33 25
67 33 25
67 33 25
67 33 25
67 33 25
67 33 25
67 33 25
67 33 25
67 33 25
67 33 25
67 33 25
67 33 25
67 33 25
67 33 25
67 33 25
67 33 25
67 33 25
67 33 25
67 33 25
67 33 25
67 33 25
67 33 25
67 33 25
67 33 25
67 33 25
67 33 25
67 33 25
67 33 25
67 33 25
67 33 25
67 33 25
67 33 25
67 33 25
67 33 25
67 33 25
67 33 25
67 33 25
67 33 25
67 33 25
67 33 25
67 33 25
67 33 25
67 33 25
67 33 25
67 33 25
67 33 25
67 33 25
67 34 25
67 34 25
67 34 25
67 34 25
67 34 25
67 34 25
67 34 25
67 34 25
67 34 25
67 34 25
67 34 25
67 34 25
67 34 25
67 34 25
67 34 25
67 34 25
67 34 25
67 34 25
67 34 25
67 34 25
67 34 25
67 34 25
67 34 25
67 34 25
67 34 25
67 34 25
67 34 25
67 34 25
67 34 25
67 34 25
67 34 25
67 34 25
67 34 25
67 34 25
67 34 25
67 34 25
67 34 25
67 34 25
67 34 25
67 34 25
67 34 25
67 34 25
67 34 25
67 34 25
67 34 25
67 34 25
67 34 25
67 34 25
67 34 25
67 34 25
67 34 25
67 34 25
67 34 25
67 34 25
67 34 25
67 34 25
67 34 25
67 34 25
67 34 25
67 34 25
67 34 25
67 34 25
67 34 25
67 34 25
67 34 25
67 34 25
67 34 25
67 34 25
67 34 25
67 34 25
67 34 25
67 34 25
67 34 25
67 34 25
67 34 25
67 34 25
67 34 25
67 34 25
67 34 25
67 34 25
67 34 25
67 34 25
67 34 25
67 34 25
67 34 25
67 34 25
67 34 25
67 35 25
67 35 25
67 35 25
67 35 25
67 35 25
67 35 25
67 35 25
67 35 25
67 35 25
67 35 25
67 35 25
67 35 25
67 35 25
67 35 25
67 35 25
67 35 25
67 35 25
67 35 25
67 35 25
67 35 25
67 35 25
67 35 25
67 35 25
67 35 25
67 35 25
67 35 25
67 35 25
67 35 25
67 35 25
67 35 25
67 35 25
67 35 25
67 35 25
67 35 25
67 35 25
67 35 25
67 35 25
67 35 25
67 35 25
67 35 25
67 35 25
67 35 25
67 35 25
67 35 25
67 35 25
67 35 25
67 35 25
67 35 25
67 35 25
67 35 25
67 35 25
67 35 25
67 35 25
67 35 25
67 35 25
67 35 25
67 35 25
67 35 25
67 35 25
67 35 25
67 35 25
67 35 25
67 35 25
67 35 25
67 35 25
67 35 25
67 35 25
67 35 25
67 35 25
67 35 25
67 35 25
67 35 25
67 35 25
67 35 25
67 35 25
67 35 25
67 35 25
67 35 25
67 35 25
67 35 25
67 35 25
67 35 25
67 35 25
67 35 25
67 36 25
67 36 25
67 36 25
67 36 25
67 36 25
67 36 25
67 36 25
67 36 25
67 36 25
67 36 25
67 36 25
67 36 25
67 36 25
67 36 25
67 36 25
67 36 25
67 36 25
67 36 25
67 36 25
67 36 25
67 36 25
67 36 25
67 36 25
67 36 25
67 36 25
67 36 25
67 36 25
67 36 25
67 36 25
67 36 25
67 36 25
67 36 25
67 36 25
67 36 25
67 36 25
67 36 25
67 36 25
67 36 25
67 36 25
67 36 25
67 36 25
67 36 25
67 36 25
67 36 25
67 36 25
67 36 25
67 36 25
67 36 25
67 36 25
67 36 25
67 36 25
67 36 25
67 36 25
67 36 25
67 36 25
67 36 25
67 36 25
67 36 25
67 36 25
67 36 25
67 36 25
67 36 25
67 36 25
67 36 25
67 36 25
67 36 25
67 36 25
67 36 25
67 36 25
67 36 25
67 36 25
67 36 25
67 36 25
67 36 25
67 36 25
67 36 25
67 36 25
67 36 25
67 37 25
67 37 25
67 37 25
67 37 25
67 37 25
67 37 25
67 37 25
67 37 25
67 37 25
67 37 25
67 37 25
67 37 25
67 37 25
67 37 25
67 37 25
67 37 25
67 37 25
67 37 25
67 37 25
67 37 25
67 37 25
67 37 25
67 37 25
67 37 25
67 37 25
67 37 25
67 37 25
67 37 25
67 37 25
67 37 25
67 37 25
67 37 25
67 37 25
67 37 25
67 37 25
67 37 25
67 37 25
67 37 25
67 37 25
67 37 25
67 37 25
67 37 25
67 37 25
67 37 25
67 37 25
67 37 25
67 37 25
67 37 25
67 37 25
67 37 25
67 37 25
67 37 25
67 37 25
67 37 25
67 37 25
67 37 25
67 37 25
67 37 25
67 37 25
67 37 25
67 37 25
67 37 25
67 37 25
67 37 25
67 37 25
67 37 25
67 37 25
67 37 25
67 37 25
67 37 25
67 37 25
67 38 25
67 38 25
67 38 25
67 38 25
67 38 25
67 38 25
67 38 25
67 38 25
67 38 25
67 38 25
67 38 25
67 38 25
67 38 25
67 38 25
67 38 25
67 38 25
67 38 25
67 38 25
67 38 25
67 38 25
67 38 25
67 38 25
67 38 25
67 38 25
67 38 25
67 38 25
67 38 25
67 38 25
67 38 25
67 38 25
67 38 25
67 38 25
67 38 25
67 38 25
67 38 25
67 38 25
67 38 25
67 38 25
67 38 25
67 38 25
67 38 25
67 38 25
67 38 25
67 38 25
67 38 25
67 38 25
67 38 25
67 38 25
67 38 25
67 38 25
67 38 25
67 38 25
67 38 25
67 38 25
67 38 25
67 38 25
67 38 25
67 38 25
67 38 25
67 38 25
67 38 25
67 38 25
67 38 25
67 39 25
67 39 25
67 39 25
67 39 25
67 39 25
67 39 25
67 39 25
67 39 25
67 39 25
67 39 25
67 39 25
67 39 25
67 39 25
67 39 25
67 39 25
67 39 25
67 39 25
67 39 25
67 39 25
67 39 25
67 39 25
67 39 25
67 39 25
67 39 25
67 39 25
67 39 25
67 39 25
67 39 25
67 39 25
67 39 25
67 39 25
67 39 25
67 39 25
67 39 25
67 39 25
67 39 25
67 39 25
67 39 25
67 39 25
67 39 25
67 39 25
67 39 25
67 39 25
67 39 25
67 39 25
67 39 25
67 39 25
67 39 25
67 39 25
67 39 25
67 39 25
67 39 25
67 39 25
67 39 25
67 40 25
67 40 25
67 40 25
67 40 25
67 40 25
67 40 25
67 40 25
67 40 25
67 40 25
67 40 25
67 40 25
67 40 25
67 40 25
67 40 25
67 40 25
67 40 25
67 40 25
67 40 25
67 40 25
67 40 25
67 40 25
67 40 25
67 40 25
67 40 25
67 40 25
67 40 25
67 40 25
67 40 25
67 40 25
67 40 25
67 40 25
67 40 25
67 40 25
67 40 25
67 40 25
67 40 25
67 40 25
67 40 25
67 40 25
67 40 25
67 40 25
67 40 25
67 40 25
67 40 25
67 41 25
67 41 25
67 41 25
67 41 25
67 41 25
67 41 25
67 41 25
67 41 25
67 41 25
67 41 25
67 41 25
67 41 25
67 41 25
67 41 25
67 41 25
67 41 25
67 41 25
67 41 25
67 41 25
67 41 25
67 41 25
67 41 25
67 41 25
67 41 25
67 41 25
67 41 25
67 41 25
67 41 25
67 41 25
67 41 25
67 41 25
67 41 25
67 41 25
67 41 25
67 41 25
67 41 25
67 42 25
67 42 25
67 42 25
67 42 25
67 42 25
67 42 25
67 42 25
67 42 25
67 42 25
67 42 25
67 42 25
67 42 25
67 42 25
67 42 25
67 42 25
67 42 25
67 42 25
67 42 25
67 42 25
67 42 25
67 42 25
67 42 25
67 42 25
67 42 25
67 42 25
67 42 25
67 42 25
67 42 25
67 42 25
67 43 25
67 43 25
67 43 25
67 43 25
67 43 25
67 43 25
67 43 25
67 43 25
67 43 25
67 43 25
67 43 25
67 43 25
67 43 25
67 43 25
67 43 25
67 43 25
67 43 25
67 43 25
67 43 25
67 43 25
67 43 25
67 43 25
67 43 25
67 44 25
67 44 25
67 44 25
67 44 25
67 44 25
67 44 25
67 44 25
67 44 25
67 44 25
67 44 25
67 44 25
67 44 25
67 44 25
67 44 25
67 44 25
67 44 25
67 44 25
67 44 25
67 44 25
67 45 25
67 45 25
67 45 25
67 45 25
67 45 25
67 45 25
67 45 25
67 45 25
67 45 25
67 45 25
67 45 25
67 45 25
67 45 25
67 45 25
67 45 25
67 46 25
67 46 25
67 46 25
67 46 25
67 46 25
67 46 25
67 46 25
67 46 25
67 46 25
67 46 25
67 46 25
67 46 25
67 46 25
67 47 25
67 47 25
67 47 25
67 47 25
67 47 25
67 47 25
67 47 25
67 47 25
67 47 25
67 47 25
67 47 25
67 48 25
67 48 25
67 48 25
67 48 25
67 48 25
67 48 25
67 48 25
67 48 25
67 48 25
67 48 25
67 49 25
67 49 25
67 49 25
67 49 25
67 49 25
67 49 25
67 49 25
67 49 25
67 49 25
67 50 25
67 50 25
67 50 25
67 50 25
67 50 25
67 50 25
67 50 25
67 50 25
67 51 25
67 51 25
67 51 25
67 51 25
67 51 25
67 51 25
67 51 25
67 52 25
67 52 25
67 52 25
67 52 25
67 52 25
67 52 25
67 53 25
67 53 25
67 53 25
67 53 25
67 53 25
67 54 25
67 54 25
67 54 25
67 54 25
67 54 25
67 55 25
67 55 25
67 55 25
67 55 25
67 56 25
67 56 25
67 56 25
67 56 25
67 57 25
67 57 25
67 57 25
67 57 25
67 58 25
67 58 25
67 58 25
67 59 25
67 59 25
67 59 25
67 60 25
67 60 25
67 61 25
67 61 25
67 62 25
67 63 25
67 64 25
67 65 25
67 66 25
67 67 25
67 68 25
67 69 25
67 70 25
67 71 25
67 72 25
67 73 25
67 74 25
67 75 25
67 76 25
67 77 25
67 78 25
67 79 25
67 80 25
67 81 25
67 82 25
67 83 25
67 84 25
67 85 25
67 86 25
67 87 25
67 88 25
