168 1 120
168 1 120
168 1 120
169 1 240
169 1 120
170 1 240
170 1 120
170 1 120
171 1 360
171 1 120
171 1 120
172 1 480
172 1 120
172 1 120
173 1 600
173 1 120
173 1 120
174 1 720
174 1 120
174 1 120
175 1 840
175 1 120
175 1 120
176 1 960
176 1 120
177 1 960
177 1 120
177 1 120
178 1 1080
178 1 120
179 1 1080
179 1 120
179 1 120
180 1 1200
180 1 120
181 1 1200
181 1 120
182 1 1200
182 1 120
183 1 1200
183 1 120
184 1 1200
184 1 120
185 1 1200
186 1 1200
187 1 1200
188 1 120
188 1 120
188 1 120
188 1 120
188 1 120
188 1 120
188 1 120
188 1 120
188 1 120
189 1 960
189 1 120
190 1 960
190 1 120
190 1 120
191 1 1080
191 1 120
192 1 1080
192 1 120
192 1 120
193 1 1200
193 1 120
193 1 120
194 1 1320
194 1 120
194 1 120
194 1 120
195 1 1560
195 1 120
195 1 120
196 1 1680
196 1 120
196 1 120
196 1 120
197 1 1920
197 1 120
197 1 120
198 1 2040
198 1 120
198 1 120
198 1 120
198 2 2280
198 3 2280
198 4 2280
198 5 120
198 5 120
198 5 120
198 5 120
198 5 120
198 5 120
198 5 120
198 5 120
198 5 120
198 5 120
198 5 120
198 5 120
198 6 1320
198 7 1320
198 8 1320
198 9 120
198 9 120
198 9 120
198 9 120
198 9 120
198 9 120
198 9 120
198 9 120
198 10 840
198 10 120
198 11 840
198 12 840
198 13 840
198 14 120
198 14 120
198 14 120
198 14 120
198 14 120
198 15 480
198 15 120
198 16 480
198 17 480
198 18 480
198 19 120
198 19 120
198 20 120
198 20 120
198 21 120
198 22 120
198 23 120
198 24 120
198 25 120
198 26 120
198 27 120
198 28 120
198 29 120
198 30 120
198 31 120
198 32 120
198 33 120
198 34 120
198 35 120
198 36 120
198 37 120
198 38 120
198 39 120
198 40 120
198 41 120
198 42 120
198 43 120
198 44 120
198 45 120
167 1 120
167 1 120
166 1 120
166 1 120
165 1 120
164 1 120
163 1 120
162 1 120
161 1 120
160 1 120
159 1 120
158 1 120
157 1 120
156 1 120
155 1 120
154 1 120
153 1 120
152 1 120
151 1 120
150 1 120
149 1 120
148 1 120
147 1 120
146 1 120
145 1 120
144 1 120
143 1 120
142 1 120
141 1 120
140 1 120
139 1 120
138 1 120
137 1 120
136 1 120
135 1 120
134 1 120
133 1 120
132 1 120
131 1 120
130 1 120
129 1 120
128 1 120
127 1 120
126 1 120
125 1 120
124 1 120
123 1 120
122 1 120
121 1 120
120 1 120
119 1 120
118 1 120
117 1 120
116 1 120
115 1 120
114 1 120
113 1 120
112 1 120
111 1 120
110 1 120
110 2 120
110 3 120
110 4 120
110 5 120
110 6 120
110 7 120
110 8 120
110 9 120
110 10 120
110 11 120
110 12 120
109 12 120
108 12 120
107 12 120
106 12 120
105 12 120
104 12 120
103 12 120
102 12 120
101 12 120
100 12 120
99 12 120
98 12 120
97 12 120
96 12 120
95 12 120
94 12 120
94 12 120
93 12 120
93 12 120
92 12 120
92 12 120
91 12 120
91 12 120
90 12 120
90 12 120
89 12 120
89 12 120
89 13 120
89 13 120
89 14 120
89 14 120
89 15 120
89 15 120
89 16 120
89 16 120
89 17 120
89 17 120
89 18 120
89 18 120
89 19 120
89 19 120
89 19 120
89 20 240
89 20 120
89 21 240
89 21 120
89 21 120
89 22 360
89 22 120
89 22 120
89 23 480
89 23 120
89 23 120
89 24 600
89 24 120
89 24 120
89 25 720
89 25 120
89 25 120
89 26 840
89 26 120
89 27 840
89 27 120
89 28 840
89 28 120
89 29 840
89 30 840
89 31 840
89 32 120
89 32 120
89 32 120
89 32 120
89 33 360
89 34 360
89 35 360
89 36 120
89 37 120
89 38 120
89 39 120
89 40 120
89 41 120
89 42 120
89 43 120
89 44 120
89 45 120
89 46 120
89 47 120
89 48 120
89 49 120
89 50 120
89 51 120
89 52 120
89 53 120
89 54 120
89 55 120
89 56 120
89 57 120
89 58 120
89 59 120
89 60 120
89 61 120
89 62 120
89 63 120
89 64 120
89 65 120
89 66 120
89 67 120
89 68 120
89 69 120
89 70 120
90 70 120
90 71 120
90 72 120
90 73 120
90 74 120
90 75 120
90 76 120
90 77 120
90 78 120
90 79 120
90 80 120
90 81 120
90 81 120
90 82 120
90 82 120
90 83 120
90 83 120
90 83 120
90 84 240
90 84 120
90 85 240
90 85 120
90 86 240
90 86 120
90 86 120
90 87 360
90 87 120
90 88 360
90 88 120
90 89 360
90 90 360
90 91 360
90 92 120
90 92 120
90 92 120
90 93 240
90 94 240
90 95 240
90 96 120
90 96 120
90 97 120
90 98 120
90 99 120
90 100 120
90 101 120
90 102 120
90 103 120
90 104 120
90 105 120
90 106 120
90 107 120
90 108 120
90 109 120
90 110 120
90 111 120
90 112 120
90 113 120
90 114 120
90 115 120
90 116 120
90 117 120
90 118 120
90 119 120
90 120 120
90 121 120
89 121 120
88 121 120
87 121 120
86 121 120
85 121 120
84 121 120
83 121 120
82 121 120
81 121 120
80 121 120
79 121 120
78 121 120
77 121 120
76 121 120
75 121 120
74 121 120
73 121 120
72 121 120
71 121 120
70 121 120
69 121 120
68 121 120
67 121 120
66 121 120
65 121 120
64 121 120
63 121 120
62 121 120
61 121 120
61 122 120
61 123 120
61 124 120
61 125 120
61 126 120
61 127 120
61 128 120
61 129 120
61 130 120
61 131 120
61 132 120
61 133 120
61 134 120
61 135 120
61 136 120
61 137 120
91 121 120
92 121 120
93 121 120
94 121 120
95 121 120
96 121 120
97 121 120
98 121 120
99 121 120
100 121 120
101 121 120
102 121 120
103 121 120
104 121 120
105 121 120
106 121 120
107 121 120
108 121 120
109 121 120
110 121 120
111 121 120
112 121 120
113 121 120
114 121 120
115 121 120
116 121 120
117 121 120
118 121 120
119 121 120
120 121 120
121 121 120
122 121 120
123 121 120
124 121 120
124 122 120
124 123 120
124 124 120
124 125 120
124 126 120
124 127 120
124 128 120
124 129 120
124 130 120
124 131 120
124 132 120
124 133 120
124 134 120
124 135 120
124 136 120
124 137 120
124 138 120
124 139 120
124 140 120
124 141 120
124 142 120
124 143 120
124 144 120
124 145 120
124 146 120
124 147 120
124 148 120
192 108 120
193 108 120
194 108 120
195 108 120
196 108 120
197 108 120
198 108 120
198 107 120
198 106 120
198 105 120
198 104 120
198 103 120
198 102 120
198 101 120
198 100 120
198 99 120
198 98 120
198 97 120
198 96 120
198 95 120
198 94 120
198 93 120
198 92 120
198 91 120
198 90 120
198 89 120
198 88 120
198 88 120
198 87 120
198 87 120
198 86 120
198 86 120
198 86 120
198 85 240
198 85 120
198 84 240
198 84 120
198 84 120
198 83 360
198 83 120
198 83 120
198 82 480
198 82 120
198 82 120
198 81 600
198 81 120
198 80 600
198 80 120
198 79 600
198 79 120
198 78 600
198 78 120
198 77 600
198 77 120
198 76 600
198 75 600
198 74 600
198 73 120
198 73 120
198 73 120
198 72 240
198 72 120
198 71 240
198 70 240
198 69 240
198 68 120
198 67 120
198 66 120
198 65 120
198 64 120
198 63 120
198 62 120
198 61 120
198 60 120
198 59 120
198 58 120
198 57 120
198 56 120
198 55 120
198 54 120
198 53 120
198 52 120
198 51 120
198 50 120
198 49 120
198 48 120
198 47 120
198 46 120
