9 145 80
10 145 80
11 145 80
12 145 80
13 145 80
13 145 80
14 145 80
14 145 80
15 145 80
15 145 80
16 145 80
16 145 80
16 145 80
17 145 80
17 145 80
17 145 80
17 145 80
18 145 80
18 145 80
18 145 80
18 145 80
19 145 80
19 145 80
19 145 80
19 145 80
19 145 80
20 145 80
20 145 80
20 145 80
20 145 80
20 145 80
20 145 80
20 145 80
21 145 80
21 145 80
21 145 80
21 145 80
21 145 80
21 145 80
21 145 80
21 145 80
21 145 80
22 145 80
22 145 80
22 145 80
22 145 80
22 145 80
22 145 80
22 145 80
22 145 80
22 145 80
22 145 80
23 145 80
23 145 80
23 145 80
23 145 80
23 145 80
23 145 80
23 145 80
23 145 80
23 145 80
23 145 80
23 145 80
24 145 80
24 145 80
24 145 80
24 145 80
24 145 80
24 145 80
24 145 80
24 145 80
24 145 80
24 145 80
24 145 80
25 145 80
25 145 80
25 145 80
25 145 80
25 145 80
25 145 80
25 145 80
25 145 80
25 145 80
25 145 80
25 145 80
26 145 80
26 145 80
26 145 80
26 145 80
26 145 80
26 145 80
26 145 80
26 145 80
26 145 80
26 145 80
27 145 80
27 145 80
27 145 80
27 145 80
27 145 80
27 145 80
27 145 80
27 145 80
27 145 80
27 145 80
28 145 80
28 145 80
28 145 80
28 145 80
28 145 80
28 145 80
28 145 80
28 145 80
28 145 80
29 145 80
29 145 80
29 145 80
29 145 80
29 145 80
29 145 80
29 145 80
29 145 80
29 145 80
30 145 80
30 145 80
30 145 80
30 145 80
30 145 80
30 145 80
30 145 80
30 145 80
31 145 80
31 145 80
31 145 80
31 145 80
31 145 80
31 145 80
31 145 80
31 145 80
32 145 80
32 145 80
32 145 80
32 145 80
32 145 80
32 145 80
32 145 80
32 145 80
33 145 80
33 145 80
33 145 80
33 145 80
33 145 80
33 145 80
33 145 80
33 145 80
33 145 80
34 145 80
34 145 80
34 145 80
34 145 80
34 145 80
34 145 80
34 145 80
34 145 80
34 145 80
34 145 80
34 145 80
35 145 80
35 145 80
35 145 80
35 145 80
35 145 80
35 145 80
35 145 80
35 145 80
35 145 80
35 145 80
35 145 80
35 145 80
35 145 80
36 145 80
36 145 80
36 145 80
36 145 80
36 145 80
36 145 80
36 145 80
36 145 80
36 145 80
36 145 80
36 145 80
36 145 80
36 145 80
36 145 80
36 145 80
36 145 80
37 145 80
37 145 80
37 145 80
37 145 80
37 145 80
37 145 80
37 145 80
37 145 80
37 145 80
37 145 80
37 145 80
37 145 80
37 145 80
37 145 80
37 145 80
37 145 80
37 145 80
37 145 80
37 145 80
38 145 80
38 145 80
38 145 80
38 145 80
38 145 80
38 145 80
38 145 80
38 145 80
38 145 80
38 145 80
38 145 80
38 145 80
38 145 80
38 145 80
38 145 80
38 145 80
38 145 80
38 145 80
38 145 80
38 145 80
38 145 80
38 145 80
39 145 80
39 145 80
39 145 80
39 145 80
39 145 80
39 145 80
39 145 80
39 145 80
39 145 80
39 145 80
39 145 80
39 145 80
39 145 80
39 145 80
39 145 80
39 145 80
39 145 80
39 145 80
39 145 80
39 145 80
39 145 80
39 145 80
39 145 80
39 145 80
40 145 80
40 145 80
40 145 80
40 145 80
40 145 80
40 145 80
40 145 80
40 145 80
40 145 80
40 145 80
40 145 80
40 145 80
40 145 80
40 145 80
40 145 80
40 145 80
40 145 80
40 145 80
40 145 80
40 145 80
40 145 80
40 145 80
40 145 80
40 145 80
40 145 80
40 145 80
40 145 80
41 145 80
41 145 80
41 145 80
41 145 80
41 145 80
41 145 80
41 145 80
41 145 80
41 145 80
41 145 80
41 145 80
41 145 80
41 145 80
41 145 80
41 145 80
41 145 80
41 145 80
41 145 80
41 145 80
41 145 80
41 145 80
41 145 80
41 145 80
41 145 80
41 145 80
41 145 80
41 145 80
41 145 80
41 145 80
41 145 80
42 145 80
42 145 80
42 145 80
42 145 80
42 145 80
42 145 80
42 145 80
42 145 80
42 145 80
42 145 80
42 145 80
42 145 80
42 145 80
42 145 80
42 145 80
42 145 80
42 145 80
42 145 80
42 145 80
42 145 80
42 145 80
42 145 80
42 145 80
42 145 80
42 145 80
42 145 80
42 145 80
42 145 80
42 145 80
42 145 80
42 145 80
42 145 80
42 145 80
43 145 80
43 145 80
43 145 80
43 145 80
43 145 80
43 145 80
43 145 80
43 145 80
43 145 80
43 145 80
43 145 80
43 145 80
43 145 80
43 145 80
43 145 80
43 145 80
43 145 80
43 145 80
43 145 80
43 145 80
43 145 80
43 145 80
43 145 80
43 145 80
43 145 80
43 145 80
43 145 80
43 145 80
43 145 80
43 145 80
43 145 80
43 145 80
43 145 80
43 145 80
44 145 80
44 145 80
44 145 80
44 145 80
44 145 80
44 145 80
44 145 80
44 145 80
44 145 80
44 145 80
44 145 80
44 145 80
44 145 80
44 145 80
44 145 80
44 145 80
44 145 80
44 145 80
44 145 80
44 145 80
44 145 80
44 145 80
44 145 80
44 145 80
44 145 80
44 145 80
44 145 80
44 145 80
44 145 80
44 145 80
44 145 80
44 145 80
44 145 80
44 145 80
45 145 80
45 145 80
45 145 80
45 145 80
45 145 80
45 145 80
45 145 80
45 145 80
45 145 80
45 145 80
45 145 80
45 145 80
45 145 80
45 145 80
45 145 80
45 145 80
45 145 80
45 145 80
45 145 80
45 145 80
45 145 80
45 145 80
45 145 80
45 145 80
45 145 80
45 145 80
45 145 80
45 145 80
45 145 80
45 145 80
45 145 80
45 145 80
46 145 80
46 145 80
46 145 80
46 145 80
46 145 80
46 145 80
46 145 80
46 145 80
46 145 80
46 145 80
46 145 80
46 145 80
46 145 80
46 145 80
46 145 80
46 145 80
46 145 80
46 145 80
46 145 80
46 145 80
46 145 80
46 145 80
46 145 80
46 145 80
46 145 80
46 145 80
46 145 80
46 145 80
46 145 80
46 145 80
46 145 80
47 145 80
47 145 80
47 145 80
47 145 80
47 145 80
47 145 80
47 145 80
47 145 80
47 145 80
47 145 80
47 145 80
47 145 80
47 145 80
47 145 80
47 145 80
47 145 80
47 145 80
47 145 80
47 145 80
47 145 80
47 145 80
47 145 80
47 145 80
47 145 80
47 145 80
47 145 80
47 145 80
47 145 80
47 145 80
48 145 80
48 145 80
48 145 80
48 145 80
48 145 80
48 145 80
48 145 80
48 145 80
48 145 80
48 145 80
48 145 80
48 145 80
48 145 80
48 145 80
48 145 80
48 145 80
48 145 80
48 145 80
48 145 80
48 145 80
48 145 80
48 145 80
48 145 80
48 145 80
48 145 80
48 145 80
48 145 80
49 145 80
49 145 80
49 145 80
49 145 80
49 145 80
49 145 80
49 145 80
49 145 80
49 145 80
49 145 80
49 145 80
49 145 80
49 145 80
49 145 80
49 145 80
49 145 80
49 145 80
49 145 80
49 145 80
49 145 80
49 145 80
49 145 80
49 145 80
49 145 80
49 145 80
49 145 80
49 144 2000
49 143 80
49 143 80
49 143 80
49 143 80
49 143 80
49 143 80
49 143 80
49 143 80
49 143 80
49 143 80
49 143 80
49 143 80
49 143 80
49 143 80
49 143 80
49 143 80
49 143 80
49 143 80
49 143 80
49 143 80
49 143 80
49 143 80
49 143 80
49 143 80
49 142 80
49 142 80
49 142 80
49 142 80
49 142 80
49 142 80
49 142 80
49 142 80
49 142 80
49 142 80
49 142 80
49 142 80
49 142 80
49 142 80
49 142 80
49 142 80
49 142 80
49 142 80
49 142 80
49 142 80
49 142 80
49 142 80
49 141 80
49 141 80
49 141 80
49 141 80
49 141 80
49 141 80
49 141 80
49 141 80
49 141 80
49 141 80
49 141 80
49 141 80
49 141 80
49 141 80
49 141 80
49 141 80
49 141 80
49 141 80
49 141 80
49 141 80
49 140 80
49 140 80
49 140 80
49 140 80
49 140 80
49 140 80
49 140 80
49 140 80
49 140 80
49 140 80
49 140 80
49 140 80
49 140 80
49 140 80
49 140 80
49 140 80
49 140 80
49 140 80
49 140 80
49 139 80
49 139 80
49 139 80
49 139 80
49 139 80
49 139 80
49 139 80
49 139 80
49 139 80
49 139 80
49 139 80
49 139 80
49 139 80
49 139 80
49 139 80
49 139 80
49 139 80
49 139 80
49 138 80
49 138 80
49 138 80
49 138 80
49 138 80
49 138 80
49 138 80
49 138 80
49 138 80
49 138 80
49 138 80
49 138 80
49 138 80
49 138 80
49 138 80
49 138 80
49 138 80
49 137 80
49 137 80
49 137 80
49 137 80
49 137 80
49 137 80
49 137 80
49 137 80
49 137 80
49 137 80
49 137 80
49 137 80
49 137 80
49 137 80
49 137 80
49 137 80
49 137 80
49 137 80
49 136 80
49 136 80
49 136 80
49 136 80
49 136 80
49 136 80
49 136 80
49 136 80
49 136 80
49 136 80
49 136 80
49 136 80
49 136 80
49 136 80
49 136 80
49 136 80
49 136 80
49 136 80
49 136 80
49 136 80
49 135 80
49 135 80
49 135 80
49 135 80
49 135 80
49 135 80
49 135 80
49 135 80
49 135 80
49 135 80
49 135 80
49 135 80
49 135 80
49 135 80
49 135 80
49 135 80
49 135 80
49 135 80
49 135 80
49 135 80
49 135 80
49 135 80
49 134 80
49 134 80
49 134 80
49 134 80
49 134 80
49 134 80
49 134 80
49 134 80
49 134 80
49 134 80
49 134 80
49 134 80
49 134 80
49 134 80
49 134 80
49 134 80
49 134 80
49 134 80
49 134 80
49 134 80
49 134 80
49 134 80
49 134 80
49 134 80
49 133 80
49 133 80
49 133 80
49 133 80
49 133 80
49 133 80
49 133 80
49 133 80
49 133 80
49 133 80
49 133 80
49 133 80
49 133 80
49 133 80
49 133 80
49 133 80
49 133 80
49 133 80
49 133 80
49 133 80
49 133 80
49 133 80
49 133 80
49 133 80
49 133 80
49 133 80
49 132 80
49 132 80
49 132 80
49 132 80
49 132 80
49 132 80
49 132 80
49 132 80
49 132 80
49 132 80
49 132 80
49 132 80
49 132 80
49 132 80
49 132 80
49 132 80
49 132 80
49 132 80
49 132 80
49 132 80
49 132 80
49 132 80
49 132 80
49 132 80
49 132 80
49 132 80
49 132 80
49 132 80
49 131 80
49 131 80
49 131 80
49 131 80
49 131 80
49 131 80
49 131 80
49 131 80
49 131 80
49 131 80
49 131 80
49 131 80
49 131 80
49 131 80
49 131 80
49 131 80
49 131 80
49 131 80
49 131 80
49 131 80
49 131 80
49 131 80
49 131 80
49 131 80
49 131 80
49 131 80
49 131 80
49 131 80
49 131 80
49 131 80
49 130 80
49 130 80
49 130 80
49 130 80
49 130 80
49 130 80
49 130 80
49 130 80
49 130 80
49 130 80
49 130 80
49 130 80
49 130 80
49 130 80
49 130 80
49 130 80
49 130 80
49 130 80
49 130 80
49 130 80
49 130 80
49 130 80
49 130 80
49 130 80
49 130 80
49 130 80
49 130 80
49 130 80
49 130 80
49 130 80
49 130 80
49 130 80
49 129 80
49 129 80
49 129 80
49 129 80
49 129 80
49 129 80
49 129 80
49 129 80
49 129 80
49 129 80
49 129 80
49 129 80
49 129 80
49 129 80
49 129 80
49 129 80
49 129 80
49 129 80
49 129 80
49 129 80
49 129 80
49 129 80
49 129 80
49 129 80
49 129 80
49 129 80
49 129 80
49 129 80
49 129 80
49 129 80
49 129 80
49 129 80
49 129 80
49 129 80
49 128 80
49 128 80
49 128 80
49 128 80
49 128 80
49 128 80
49 128 80
49 128 80
49 128 80
49 128 80
49 128 80
49 128 80
49 128 80
49 128 80
49 128 80
49 128 80
49 128 80
49 128 80
49 128 80
49 128 80
49 128 80
49 128 80
49 128 80
49 128 80
49 128 80
49 128 80
49 128 80
49 128 80
49 128 80
49 128 80
49 128 80
49 128 80
49 128 80
49 128 80
49 127 80
49 127 80
49 127 80
49 127 80
49 127 80
49 127 80
49 127 80
49 127 80
49 127 80
49 127 80
49 127 80
49 127 80
49 127 80
49 127 80
49 127 80
49 127 80
49 127 80
49 127 80
49 127 80
49 127 80
49 127 80
49 127 80
49 127 80
49 127 80
49 127 80
49 127 80
49 127 80
49 127 80
49 127 80
49 127 80
49 127 80
49 127 80
49 127 80
49 126 80
49 126 80
49 126 80
49 126 80
49 126 80
49 126 80
49 126 80
49 126 80
49 126 80
49 126 80
49 126 80
49 126 80
49 126 80
49 126 80
49 126 80
49 126 80
49 126 80
49 126 80
49 126 80
49 126 80
49 126 80
49 126 80
49 126 80
49 126 80
49 126 80
49 126 80
49 126 80
49 126 80
49 126 80
49 126 80
49 125 80
49 125 80
49 125 80
49 125 80
49 125 80
49 125 80
49 125 80
49 125 80
49 125 80
49 125 80
49 125 80
49 125 80
49 125 80
49 125 80
49 125 80
49 125 80
49 125 80
49 125 80
49 125 80
49 125 80
49 125 80
49 125 80
49 125 80
49 125 80
49 125 80
49 125 80
49 125 80
49 125 80
49 124 80
49 124 80
49 124 80
49 124 80
49 124 80
49 124 80
49 124 80
49 124 80
49 124 80
49 124 80
49 124 80
49 124 80
49 124 80
49 124 80
49 124 80
49 124 80
49 124 80
49 124 80
49 124 80
49 124 80
49 124 80
49 124 80
49 124 80
49 124 80
49 124 80
49 123 80
49 123 80
49 123 80
49 123 80
49 123 80
49 123 80
49 123 80
49 123 80
49 123 80
49 123 80
49 123 80
49 123 80
49 123 80
49 123 80
49 123 80
49 123 80
49 123 80
49 123 80
49 123 80
49 123 80
49 123 80
49 123 80
49 122 80
49 122 80
49 122 80
49 122 80
49 122 80
49 122 80
49 122 80
49 122 80
49 122 80
49 122 80
49 122 80
49 122 80
49 122 80
49 122 80
49 122 80
49 122 80
49 122 80
49 122 80
49 122 80
49 122 80
49 121 80
49 121 80
49 121 80
49 121 80
49 121 80
49 121 80
49 121 80
49 121 80
49 121 80
49 121 80
49 121 80
49 121 80
49 121 80
49 121 80
49 121 80
49 121 80
49 121 80
49 121 80
49 120 80
49 120 80
49 120 80
49 120 80
49 120 80
49 120 80
49 120 80
49 120 80
49 120 80
49 120 80
49 120 80
49 120 80
49 120 80
49 120 80
49 120 80
49 119 80
49 119 80
49 119 80
49 119 80
49 119 80
49 119 80
49 119 80
49 119 80
49 119 80
49 119 80
49 119 80
49 119 80
49 119 80
49 118 80
49 118 80
49 118 80
49 118 80
49 118 80
49 118 80
49 118 80
49 118 80
49 118 80
49 118 80
49 118 80
49 118 80
49 117 80
49 117 80
49 117 80
49 117 80
49 117 80
49 117 80
49 117 80
49 117 80
49 117 80
49 117 80
49 117 80
49 117 80
49 116 80
49 116 80
49 116 80
49 116 80
49 116 80
49 116 80
49 116 80
49 116 80
49 116 80
49 116 80
49 116 80
49 116 80
49 116 80
49 115 80
49 115 80
49 115 80
49 115 80
49 115 80
49 115 80
49 115 80
49 115 80
49 115 80
49 115 80
49 115 80
49 115 80
49 115 80
49 115 80
49 114 80
49 114 80
49 114 80
49 114 80
49 114 80
49 114 80
49 114 80
49 114 80
49 114 80
49 114 80
49 114 80
49 114 80
49 114 80
49 114 80
49 114 80
49 113 80
49 113 80
49 113 80
49 113 80
49 113 80
49 113 80
49 113 80
49 113 80
49 113 80
49 113 80
49 113 80
49 113 80
49 113 80
49 113 80
49 113 80
49 113 80
49 113 80
49 112 80
49 112 80
49 112 80
49 112 80
49 112 80
49 112 80
49 112 80
49 112 80
49 112 80
49 112 80
49 112 80
49 112 80
49 112 80
49 112 80
49 112 80
49 112 80
49 112 80
49 112 80
49 111 80
49 111 80
49 111 80
49 111 80
49 111 80
49 111 80
49 111 80
49 111 80
49 111 80
49 111 80
49 111 80
49 111 80
49 111 80
49 111 80
49 111 80
49 111 80
49 111 80
49 111 80
49 111 80
49 110 80
49 110 80
49 110 80
49 110 80
49 110 80
49 110 80
49 110 80
49 110 80
49 110 80
49 110 80
49 110 80
49 110 80
49 110 80
49 110 80
49 110 80
49 110 80
49 110 80
49 110 80
49 110 80
49 110 80
49 110 80
49 109 80
49 109 80
49 109 80
49 109 80
49 109 80
49 109 80
49 109 80
49 109 80
49 109 80
49 109 80
49 109 80
49 109 80
49 109 80
49 109 80
49 109 80
49 109 80
49 109 80
49 109 80
49 109 80
49 109 80
49 109 80
49 109 80
49 109 80
49 108 80
49 108 80
49 108 80
49 108 80
49 108 80
49 108 80
49 108 80
49 108 80
49 108 80
49 108 80
49 108 80
49 108 80
49 108 80
49 108 80
49 108 80
49 108 80
49 108 80
49 108 80
49 108 80
49 108 80
49 108 80
49 108 80
49 108 80
49 108 80
49 107 80
49 107 80
49 107 80
49 107 80
49 107 80
49 107 80
49 107 80
49 107 80
49 107 80
49 107 80
49 107 80
49 107 80
49 107 80
49 107 80
49 107 80
49 107 80
49 107 80
49 107 80
49 107 80
49 107 80
49 107 80
49 107 80
49 107 80
49 107 80
49 106 80
49 106 80
49 106 80
49 106 80
49 106 80
49 106 80
49 106 80
49 106 80
49 106 80
49 106 80
49 106 80
49 106 80
49 106 80
49 106 80
49 106 80
49 106 80
49 106 80
49 106 80
49 106 80
49 106 80
49 106 80
49 106 80
49 106 80
49 105 80
49 105 80
49 105 80
49 105 80
49 105 80
49 105 80
49 105 80
49 105 80
49 105 80
49 105 80
49 105 80
49 105 80
49 105 80
49 105 80
49 105 80
49 105 80
49 105 80
49 105 80
49 105 80
49 105 80
49 105 80
49 104 80
49 104 80
49 104 80
49 104 80
49 104 80
49 104 80
49 104 80
49 104 80
49 104 80
49 104 80
49 104 80
49 104 80
49 104 80
49 104 80
49 104 80
49 104 80
49 104 80
49 104 80
49 104 80
49 103 80
49 103 80
49 103 80
49 103 80
49 103 80
49 103 80
49 103 80
49 103 80
49 103 80
49 103 80
49 103 80
49 103 80
49 103 80
49 103 80
49 103 80
49 103 80
49 103 80
49 102 80
49 102 80
49 102 80
49 102 80
49 102 80
49 102 80
49 102 80
49 102 80
49 102 80
49 102 80
49 102 80
49 102 80
49 102 80
49 102 80
49 102 80
49 101 80
49 101 80
49 101 80
49 101 80
49 101 80
49 101 80
49 101 80
49 101 80
49 101 80
49 101 80
49 101 80
49 101 80
49 101 80
49 100 80
49 100 80
49 100 80
49 100 80
49 100 80
49 100 80
49 100 80
49 100 80
49 100 80
49 100 80
49 100 80
49 99 80
49 99 80
49 99 80
49 99 80
49 99 80
49 99 80
49 99 80
49 99 80
49 99 80
49 99 80
49 98 80
49 98 80
49 98 80
49 98 80
49 98 80
49 98 80
49 98 80
49 98 80
49 98 80
49 97 80
49 97 80
49 97 80
49 97 80
49 97 80
49 97 80
49 97 80
49 97 80
49 97 80
49 96 80
49 96 80
49 96 80
49 96 80
49 96 80
49 96 80
49 96 80
49 96 80
49 96 80
49 96 80
49 95 80
49 95 80
49 95 80
49 95 80
49 95 80
49 95 80
49 95 80
49 95 80
49 95 80
49 95 80
49 95 80
49 94 80
49 94 80
49 94 80
49 94 80
49 94 80
49 94 80
49 94 80
49 94 80
49 94 80
49 94 80
49 94 80
49 94 80
49 94 80
49 93 80
49 93 80
49 93 80
49 93 80
49 93 80
49 93 80
49 93 80
49 93 80
49 93 80
49 93 80
49 93 80
49 93 80
49 93 80
49 93 80
49 93 80
49 92 80
49 92 80
49 92 80
49 92 80
49 92 80
49 92 80
49 92 80
49 92 80
49 92 80
49 92 80
49 92 80
49 92 80
49 92 80
49 92 80
49 92 80
49 92 80
49 91 80
49 91 80
49 91 80
49 91 80
49 91 80
49 91 80
49 91 80
49 91 80
49 91 80
49 91 80
49 91 80
49 91 80
49 91 80
49 91 80
49 91 80
49 91 80
49 91 80
49 91 80
49 90 80
49 90 80
49 90 80
49 90 80
49 90 80
49 90 80
49 90 80
49 90 80
49 90 80
49 90 80
49 90 80
49 90 80
49 90 80
49 90 80
49 90 80
49 90 80
49 90 80
49 90 80
49 90 80
49 90 80
49 90 80
49 89 80
49 89 80
49 89 80
49 89 80
49 89 80
49 89 80
49 89 80
49 89 80
49 89 80
49 89 80
49 89 80
49 89 80
49 89 80
49 89 80
49 89 80
49 89 80
49 89 80
49 89 80
49 89 80
49 89 80
49 89 80
49 89 80
49 89 80
49 88 80
49 88 80
49 88 80
49 88 80
49 88 80
49 88 80
49 88 80
49 88 80
49 88 80
49 88 80
49 88 80
49 88 80
49 88 80
49 88 80
49 88 80
49 88 80
49 88 80
49 88 80
49 88 80
49 88 80
49 88 80
49 88 80
49 88 80
49 88 80
49 87 80
49 87 80
49 87 80
49 87 80
49 87 80
49 87 80
49 87 80
49 87 80
49 87 80
49 87 80
49 87 80
49 87 80
49 87 80
49 87 80
49 87 80
49 87 80
49 87 80
49 87 80
49 87 80
49 87 80
49 87 80
49 87 80
49 87 80
49 87 80
49 87 80
49 86 80
49 86 80
49 86 80
49 86 80
49 86 80
49 86 80
49 86 80
49 86 80
49 86 80
49 86 80
49 86 80
49 86 80
49 86 80
49 86 80
49 86 80
49 86 80
49 86 80
49 86 80
49 86 80
49 86 80
49 86 80
49 86 80
49 86 80
49 86 80
49 85 80
49 85 80
49 85 80
49 85 80
49 85 80
49 85 80
49 85 80
49 85 80
49 85 80
49 85 80
49 85 80
49 85 80
49 85 80
49 85 80
49 85 80
49 85 80
49 85 80
49 85 80
49 85 80
49 85 80
49 85 80
49 85 80
49 84 80
49 84 80
49 84 80
49 84 80
49 84 80
49 84 80
49 84 80
49 84 80
49 84 80
49 84 80
49 84 80
49 84 80
49 84 80
49 84 80
49 84 80
49 84 80
49 84 80
49 84 80
49 84 80
49 84 80
49 84 80
49 83 80
49 83 80
49 83 80
49 83 80
49 83 80
49 83 80
49 83 80
49 83 80
49 83 80
49 83 80
49 83 80
49 83 80
49 83 80
49 83 80
49 83 80
49 83 80
49 83 80
49 83 80
49 83 80
49 82 80
49 82 80
49 82 80
49 82 80
49 82 80
49 82 80
49 82 80
49 82 80
49 82 80
49 82 80
49 82 80
49 82 80
49 82 80
49 82 80
49 82 80
49 82 80
49 82 80
49 82 80
49 81 80
49 81 80
49 81 80
49 81 80
49 81 80
49 81 80
49 81 80
49 81 80
49 81 80
49 81 80
49 81 80
49 81 80
49 81 80
49 81 80
49 81 80
49 81 80
49 81 80
49 81 80
49 80 80
49 80 80
49 80 80
49 80 80
49 80 80
49 80 80
49 80 80
49 80 80
49 80 80
49 80 80
49 80 80
49 80 80
49 80 80
49 80 80
49 80 80
49 80 80
49 80 80
49 80 80
49 79 80
49 79 80
49 79 80
49 79 80
49 79 80
49 79 80
49 79 80
49 79 80
49 79 80
49 79 80
49 79 80
49 79 80
49 79 80
49 79 80
49 79 80
49 79 80
49 79 80
49 79 80
49 78 80
49 78 80
49 78 80
49 78 80
49 78 80
49 78 80
49 78 80
49 78 80
49 78 80
49 78 80
49 78 80
49 78 80
49 78 80
49 78 80
49 78 80
49 78 80
49 78 80
49 78 80
49 78 80
49 78 80
49 77 80
49 77 80
49 77 80
49 77 80
49 77 80
49 77 80
49 77 80
49 77 80
49 77 80
49 77 80
49 77 80
49 77 80
49 77 80
49 77 80
49 77 80
49 77 80
49 77 80
49 77 80
49 77 80
49 77 80
49 77 80
49 77 80
49 76 80
49 76 80
49 76 80
49 76 80
49 76 80
49 76 80
49 76 80
49 76 80
49 76 80
49 76 80
49 76 80
49 76 80
49 76 80
49 76 80
49 76 80
49 76 80
49 76 80
49 76 80
49 76 80
49 76 80
49 76 80
49 76 80
49 76 80
49 76 80
49 76 80
49 75 80
49 75 80
49 75 80
49 75 80
49 75 80
49 75 80
49 75 80
49 75 80
49 75 80
49 75 80
49 75 80
49 75 80
49 75 80
49 75 80
49 75 80
49 75 80
49 75 80
49 75 80
49 75 80
49 75 80
49 75 80
49 75 80
49 75 80
49 75 80
49 75 80
49 75 80
49 75 80
49 74 80
49 74 80
49 74 80
49 74 80
49 74 80
49 74 80
49 74 80
49 74 80
49 74 80
49 74 80
49 74 80
49 74 80
49 74 80
49 74 80
49 74 80
49 74 80
49 74 80
49 74 80
49 74 80
49 74 80
49 74 80
49 74 80
49 74 80
49 74 80
49 74 80
49 74 80
49 74 80
49 74 80
49 73 80
49 73 80
49 73 80
49 73 80
49 73 80
49 73 80
49 73 80
49 73 80
49 73 80
49 73 80
49 73 80
49 73 80
49 73 80
49 73 80
49 73 80
49 73 80
49 73 80
49 73 80
49 73 80
49 73 80
49 73 80
49 73 80
49 73 80
49 73 80
49 73 80
49 73 80
49 73 80
49 73 80
49 72 80
49 72 80
49 72 80
49 72 80
49 72 80
49 72 80
49 72 80
49 72 80
49 72 80
49 72 80
49 72 80
49 72 80
49 72 80
49 72 80
49 72 80
49 72 80
49 72 80
49 72 80
49 72 80
49 72 80
49 72 80
49 72 80
49 72 80
49 72 80
49 72 80
49 72 80
49 72 80
49 71 80
49 71 80
49 71 80
49 71 80
49 71 80
49 71 80
49 71 80
49 71 80
49 71 80
49 71 80
49 71 80
49 71 80
49 71 80
49 71 80
49 71 80
49 71 80
49 71 80
49 71 80
49 71 80
49 71 80
49 71 80
49 71 80
49 71 80
49 71 80
49 71 80
49 71 80
49 70 80
49 70 80
49 70 80
49 70 80
49 70 80
49 70 80
49 70 80
49 70 80
49 70 80
49 70 80
49 70 80
49 70 80
49 70 80
49 70 80
49 70 80
49 70 80
49 70 80
49 70 80
49 70 80
49 70 80
49 70 80
49 70 80
49 70 80
49 70 80
49 70 80
49 69 80
49 69 80
49 69 80
49 69 80
49 69 80
49 69 80
49 69 80
49 69 80
49 69 80
49 69 80
49 69 80
49 69 80
49 69 80
49 69 80
49 69 80
49 69 80
49 69 80
49 69 80
49 69 80
49 69 80
49 69 80
49 69 80
49 69 80
49 69 80
49 68 80
49 68 80
49 68 80
49 68 80
49 68 80
49 68 80
49 68 80
49 68 80
49 68 80
49 68 80
49 68 80
49 68 80
49 68 80
49 68 80
49 68 80
49 68 80
49 68 80
49 68 80
49 68 80
49 68 80
49 68 80
49 68 80
49 68 80
49 67 80
49 67 80
49 67 80
49 67 80
49 67 80
49 67 80
49 67 80
49 67 80
49 67 80
49 67 80
49 67 80
49 67 80
49 67 80
49 67 80
49 67 80
49 67 80
49 67 80
49 67 80
49 67 80
49 67 80
49 67 80
49 67 80
49 67 80
49 66 80
49 66 80
49 66 80
49 66 80
49 66 80
49 66 80
49 66 80
49 66 80
49 66 80
49 66 80
49 66 80
49 66 80
49 66 80
49 66 80
49 66 80
49 66 80
49 66 80
49 66 80
49 66 80
49 66 80
49 66 80
49 66 80
49 66 80
49 66 80
49 65 80
49 65 80
49 65 80
49 65 80
49 65 80
49 65 80
49 65 80
49 65 80
49 65 80
49 65 80
49 65 80
49 65 80
49 65 80
49 65 80
49 65 80
49 65 80
49 65 80
49 65 80
49 65 80
49 65 80
49 65 80
49 65 80
49 65 80
49 65 80
49 65 80
49 65 80
49 65 80
49 64 80
49 64 80
49 64 80
49 64 80
49 64 80
49 64 80
49 64 80
49 64 80
49 64 80
49 64 80
49 64 80
49 64 80
49 64 80
49 64 80
49 64 80
49 64 80
49 64 80
49 64 80
49 64 80
49 64 80
49 64 80
49 64 80
49 64 80
49 64 80
49 64 80
49 64 80
49 64 80
49 64 80
49 64 80
49 64 80
49 63 80
49 63 80
49 63 80
49 63 80
49 63 80
49 63 80
49 63 80
49 63 80
49 63 80
49 63 80
49 63 80
49 63 80
49 63 80
49 63 80
49 63 80
49 63 80
49 63 80
49 63 80
49 63 80
49 63 80
49 63 80
49 63 80
49 63 80
49 63 80
49 63 80
49 63 80
49 63 80
49 63 80
49 63 80
49 63 80
49 63 80
49 63 80
49 63 80
49 62 80
49 62 80
49 62 80
49 62 80
49 62 80
49 62 80
49 62 80
49 62 80
49 62 80
49 62 80
49 62 80
49 62 80
49 62 80
49 62 80
49 62 80
49 62 80
49 62 80
49 62 80
49 62 80
49 62 80
49 62 80
49 62 80
49 62 80
49 62 80
49 62 80
49 62 80
49 62 80
49 62 80
49 62 80
49 62 80
49 62 80
49 62 80
49 62 80
49 62 80
49 62 80
49 61 80
49 61 80
49 61 80
49 61 80
49 61 80
49 61 80
49 61 80
49 61 80
49 61 80
49 61 80
49 61 80
49 61 80
49 61 80
49 61 80
49 61 80
49 61 80
49 61 80
49 61 80
49 61 80
49 61 80
49 61 80
49 61 80
49 61 80
49 61 80
49 61 80
49 61 80
49 61 80
49 61 80
49 61 80
49 61 80
49 61 80
49 61 80
49 61 80
49 61 80
49 61 80
49 61 80
49 61 80
49 60 80
49 60 80
49 60 80
49 60 80
49 60 80
49 60 80
49 60 80
49 60 80
49 60 80
49 60 80
49 60 80
49 60 80
49 60 80
49 60 80
49 60 80
49 60 80
49 60 80
49 60 80
49 60 80
49 60 80
49 60 80
49 60 80
49 60 80
49 60 80
49 60 80
49 60 80
49 60 80
49 60 80
49 60 80
49 60 80
49 60 80
49 60 80
49 60 80
49 60 80
49 60 80
49 60 80
49 60 80
49 60 80
49 59 80
49 59 80
49 59 80
49 59 80
49 59 80
49 59 80
49 59 80
49 59 80
49 59 80
49 59 80
49 59 80
49 59 80
49 59 80
49 59 80
49 59 80
49 59 80
49 59 80
49 59 80
49 59 80
49 59 80
49 59 80
49 59 80
49 59 80
49 59 80
49 59 80
49 59 80
49 59 80
49 59 80
49 59 80
49 59 80
49 59 80
49 59 80
49 59 80
49 59 80
49 59 80
49 59 80
49 59 80
49 59 80
49 58 80
49 58 80
49 58 80
49 58 80
49 58 80
49 58 80
49 58 80
49 58 80
49 58 80
49 58 80
49 58 80
49 58 80
49 58 80
49 58 80
49 58 80
49 58 80
49 58 80
49 58 80
49 58 80
49 58 80
49 58 80
49 58 80
49 58 80
49 58 80
49 58 80
49 58 80
49 58 80
49 58 80
49 58 80
49 58 80
49 58 80
49 58 80
49 58 80
49 58 80
49 58 80
49 58 80
49 58 80
49 57 80
49 57 80
49 57 80
49 57 80
49 57 80
49 57 80
49 57 80
49 57 80
49 57 80
49 57 80
49 57 80
49 57 80
49 57 80
49 57 80
49 57 80
49 57 80
49 57 80
49 57 80
49 57 80
49 57 80
49 57 80
49 57 80
49 57 80
49 57 80
49 57 80
49 57 80
49 57 80
49 57 80
49 57 80
49 57 80
49 57 80
49 57 80
49 57 80
49 57 80
49 57 80
49 56 80
49 56 80
49 56 80
49 56 80
49 56 80
49 56 80
49 56 80
49 56 80
49 56 80
49 56 80
49 56 80
49 56 80
49 56 80
49 56 80
49 56 80
49 56 80
49 56 80
49 56 80
49 56 80
49 56 80
49 56 80
49 56 80
49 56 80
49 56 80
49 56 80
49 56 80
49 56 80
49 56 80
49 56 80
49 56 80
49 56 80
49 56 80
49 55 80
49 55 80
49 55 80
49 55 80
49 55 80
49 55 80
49 55 80
49 55 80
49 55 80
49 55 80
49 55 80
49 55 80
49 55 80
49 55 80
49 55 80
49 55 80
49 55 80
49 55 80
49 55 80
49 55 80
49 55 80
49 55 80
49 55 80
49 55 80
49 55 80
49 55 80
49 55 80
49 55 80
49 55 80
49 55 80
49 54 80
49 54 80
49 54 80
49 54 80
49 54 80
49 54 80
49 54 80
49 54 80
49 54 80
49 54 80
49 54 80
49 54 80
49 54 80
49 54 80
49 54 80
49 54 80
49 54 80
49 54 80
49 54 80
49 54 80
49 54 80
49 54 80
49 54 80
49 54 80
49 54 80
49 54 80
49 54 80
49 54 80
49 53 80
49 53 80
49 53 80
49 53 80
49 53 80
49 53 80
49 53 80
49 53 80
49 53 80
49 53 80
49 53 80
49 53 80
49 53 80
49 53 80
49 53 80
49 53 80
49 53 80
49 53 80
49 53 80
49 53 80
49 53 80
49 53 80
49 53 80
49 53 80
49 53 80
49 53 80
49 53 80
49 53 80
49 52 80
49 52 80
49 52 80
49 52 80
49 52 80
49 52 80
49 52 80
49 52 80
49 52 80
49 52 80
49 52 80
49 52 80
49 52 80
49 52 80
49 52 80
49 52 80
49 52 80
49 52 80
49 52 80
49 52 80
49 52 80
49 52 80
49 52 80
49 52 80
49 52 80
49 52 80
49 52 80
49 52 80
49 52 80
49 51 80
49 51 80
49 51 80
49 51 80
49 51 80
49 51 80
49 51 80
49 51 80
49 51 80
49 51 80
49 51 80
49 51 80
49 51 80
49 51 80
49 51 80
49 51 80
49 51 80
49 51 80
49 51 80
49 51 80
49 51 80
49 51 80
49 51 80
49 51 80
49 51 80
49 51 80
49 51 80
49 51 80
49 51 80
49 51 80
49 50 80
49 50 80
49 50 80
49 50 80
49 50 80
49 50 80
49 50 80
49 50 80
49 50 80
49 50 80
49 50 80
49 50 80
49 50 80
49 50 80
49 50 80
49 50 80
49 50 80
49 50 80
49 50 80
49 50 80
49 50 80
49 50 80
49 50 80
49 50 80
49 50 80
49 50 80
49 50 80
49 50 80
49 50 80
49 50 80
49 50 80
49 49 80
49 49 80
49 49 80
49 49 80
49 49 80
49 49 80
49 49 80
49 49 80
49 49 80
49 49 80
49 49 80
49 49 80
49 49 80
49 49 80
49 49 80
49 49 80
49 49 80
49 49 80
49 49 80
49 49 80
49 49 80
49 49 80
49 49 80
49 49 80
49 49 80
49 49 80
49 49 80
49 49 80
49 49 80
49 49 80
49 49 80
49 49 80
49 49 80
49 48 80
49 48 80
49 48 80
49 48 80
49 48 80
49 48 80
49 48 80
49 48 80
49 48 80
49 48 80
49 48 80
49 48 80
49 48 80
49 48 80
49 48 80
49 48 80
49 48 80
49 48 80
49 48 80
49 48 80
49 48 80
49 48 80
49 48 80
49 48 80
49 48 80
49 48 80
49 48 80
49 48 80
49 48 80
49 48 80
49 48 80
49 48 80
49 48 80
49 48 80
49 48 80
49 47 80
49 47 80
49 47 80
49 47 80
49 47 80
49 47 80
49 47 80
49 47 80
49 47 80
49 47 80
49 47 80
49 47 80
49 47 80
49 47 80
49 47 80
49 47 80
49 47 80
49 47 80
49 47 80
49 47 80
49 47 80
49 47 80
49 47 80
49 47 80
49 47 80
49 47 80
49 47 80
49 47 80
49 47 80
49 47 80
49 47 80
49 47 80
49 47 80
49 47 80
49 47 80
49 47 80
49 46 80
49 46 80
49 46 80
49 46 80
49 46 80
49 46 80
49 46 80
49 46 80
49 46 80
49 46 80
49 46 80
49 46 80
49 46 80
49 46 80
49 46 80
49 46 80
49 46 80
49 46 80
49 46 80
49 46 80
49 46 80
49 46 80
49 46 80
49 46 80
49 46 80
49 46 80
49 46 80
49 46 80
49 46 80
49 46 80
49 46 80
49 46 80
49 46 80
49 46 80
49 46 80
49 46 80
49 45 80
49 45 80
49 45 80
49 45 80
49 45 80
49 45 80
49 45 80
49 45 80
49 45 80
49 45 80
49 45 80
49 45 80
49 45 80
49 45 80
49 45 80
49 45 80
49 45 80
49 45 80
49 45 80
49 45 80
49 45 80
49 45 80
49 45 80
49 45 80
49 45 80
49 45 80
49 45 80
49 45 80
49 45 80
49 45 80
49 45 80
49 45 80
49 45 80
49 45 80
49 45 80
49 44 80
49 44 80
49 44 80
49 44 80
49 44 80
49 44 80
49 44 80
49 44 80
49 44 80
49 44 80
49 44 80
49 44 80
49 44 80
49 44 80
49 44 80
49 44 80
49 44 80
49 44 80
49 44 80
49 44 80
49 44 80
49 44 80
49 44 80
49 44 80
49 44 80
49 44 80
49 44 80
49 44 80
49 44 80
49 44 80
49 44 80
49 44 80
49 44 80
49 43 80
49 43 80
49 43 80
49 43 80
49 43 80
49 43 80
49 43 80
49 43 80
49 43 80
49 43 80
49 43 80
49 43 80
49 43 80
49 43 80
49 43 80
49 43 80
49 43 80
49 43 80
49 43 80
49 43 80
49 43 80
49 43 80
49 43 80
49 43 80
49 43 80
49 43 80
49 43 80
49 43 80
49 43 80
49 42 80
49 42 80
49 42 80
49 42 80
49 42 80
49 42 80
49 42 80
49 42 80
49 42 80
49 42 80
49 42 80
49 42 80
49 42 80
49 42 80
49 42 80
49 42 80
49 42 80
49 42 80
49 42 80
49 42 80
49 42 80
49 42 80
49 42 80
49 42 80
49 42 80
49 42 80
49 41 80
49 41 80
49 41 80
49 41 80
49 41 80
49 41 80
49 41 80
49 41 80
49 41 80
49 41 80
49 41 80
49 41 80
49 41 80
49 41 80
49 41 80
49 41 80
49 41 80
49 41 80
49 41 80
49 41 80
49 41 80
49 41 80
49 41 80
49 41 80
49 40 80
49 40 80
49 40 80
49 40 80
49 40 80
49 40 80
49 40 80
49 40 80
49 40 80
49 40 80
49 40 80
49 40 80
49 40 80
49 40 80
49 40 80
49 40 80
49 40 80
49 40 80
49 40 80
49 40 80
49 40 80
49 39 80
49 39 80
49 39 80
49 39 80
49 39 80
49 39 80
49 39 80
49 39 80
49 39 80
49 39 80
49 39 80
49 39 80
49 39 80
49 39 80
49 39 80
49 39 80
49 39 80
49 39 80
49 39 80
49 38 80
49 38 80
49 38 80
49 38 80
49 38 80
49 38 80
49 38 80
49 38 80
49 38 80
49 38 80
49 38 80
49 38 80
49 38 80
49 38 80
49 38 80
49 38 80
49 38 80
49 38 80
49 37 80
49 37 80
49 37 80
49 37 80
49 37 80
49 37 80
49 37 80
49 37 80
49 37 80
49 37 80
49 37 80
49 37 80
49 37 80
49 37 80
49 37 80
49 37 80
49 37 80
49 37 80
49 36 80
49 36 80
49 36 80
49 36 80
49 36 80
49 36 80
49 36 80
49 36 80
49 36 80
49 36 80
49 36 80
49 36 80
49 36 80
49 36 80
49 36 80
49 36 80
49 36 80
49 36 80
49 35 80
49 35 80
49 35 80
49 35 80
49 35 80
49 35 80
49 35 80
49 35 80
49 35 80
49 35 80
49 35 80
49 35 80
49 35 80
49 35 80
49 35 80
49 35 80
49 35 80
49 34 80
49 34 80
49 34 80
49 34 80
49 34 80
49 34 80
49 34 80
49 34 80
49 34 80
49 34 80
49 34 80
49 34 80
49 34 80
49 34 80
49 34 80
49 34 80
49 34 80
49 33 80
49 33 80
49 33 80
49 33 80
49 33 80
49 33 80
49 33 80
49 33 80
49 33 80
49 33 80
49 33 80
49 33 80
49 33 80
49 33 80
49 33 80
49 33 80
49 32 80
49 32 80
49 32 80
49 32 80
49 32 80
49 32 80
49 32 80
49 32 80
49 32 80
49 32 80
49 32 80
49 32 80
49 32 80
49 32 80
49 31 80
49 31 80
49 31 80
49 31 80
49 31 80
49 31 80
49 31 80
49 31 80
49 31 80
49 31 80
49 31 80
49 31 80
49 30 80
49 30 80
49 30 80
49 30 80
49 30 80
49 30 80
49 30 80
49 30 80
49 30 80
49 30 80
49 29 80
49 29 80
49 29 80
49 29 80
49 29 80
49 29 80
49 29 80
49 29 80
49 28 80
49 28 80
49 28 80
49 28 80
49 28 80
49 28 80
49 28 80
49 27 80
49 27 80
49 27 80
49 27 80
49 27 80
49 27 80
49 26 80
49 26 80
49 26 80
49 26 80
49 26 80
49 25 80
49 25 80
49 25 80
49 25 80
49 25 80
49 24 80
49 24 80
49 24 80
49 24 80
49 24 80
49 23 80
49 23 80
49 23 80
49 23 80
49 23 80
49 23 80
49 22 80
49 22 80
49 22 80
49 22 80
49 22 80
49 22 80
49 22 80
49 21 80
49 21 80
49 21 80
49 21 80
49 21 80
49 21 80
49 21 80
49 20 80
49 20 80
49 20 80
49 20 80
49 20 80
49 20 80
49 20 80
49 20 80
49 19 80
49 19 80
49 19 80
49 19 80
49 19 80
49 19 80
49 19 80
49 19 80
50 145 560
50 145 80
50 145 80
50 145 80
50 145 80
50 145 80
50 145 80
50 145 80
50 145 80
50 145 80
50 145 80
50 145 80
50 145 80
50 145 80
50 145 80
50 145 80
50 145 80
50 145 80
50 145 80
51 145 80
51 145 80
51 145 80
51 145 80
51 145 80
51 145 80
51 145 80
51 145 80
51 145 80
51 145 80
51 145 80
51 145 80
51 145 80
51 145 80
51 145 80
51 145 80
51 145 80
51 145 80
51 145 80
51 145 80
51 145 80
51 145 80
51 145 80
51 145 80
51 145 80
52 145 80
52 145 80
52 145 80
52 145 80
52 145 80
52 145 80
52 145 80
52 145 80
52 145 80
52 145 80
52 145 80
52 145 80
52 145 80
52 145 80
52 145 80
52 145 80
52 145 80
52 145 80
52 145 80
52 145 80
52 145 80
52 145 80
52 145 80
52 145 80
52 145 80
53 145 80
53 145 80
53 145 80
53 145 80
53 145 80
53 145 80
53 145 80
53 145 80
53 145 80
53 145 80
53 145 80
53 145 80
53 145 80
53 145 80
53 145 80
53 145 80
53 145 80
53 145 80
53 145 80
53 145 80
53 145 80
53 145 80
53 145 80
53 145 80
53 145 80
54 145 80
54 145 80
54 145 80
54 145 80
54 145 80
54 145 80
54 145 80
54 145 80
54 145 80
54 145 80
54 145 80
54 145 80
54 145 80
54 145 80
54 145 80
54 145 80
54 145 80
54 145 80
54 145 80
54 145 80
54 145 80
54 145 80
54 145 80
54 145 80
54 145 80
54 145 80
55 145 80
55 145 80
55 145 80
55 145 80
55 145 80
55 145 80
55 145 80
55 145 80
55 145 80
55 145 80
55 145 80
55 145 80
55 145 80
55 145 80
55 145 80
55 145 80
55 145 80
55 145 80
55 145 80
55 145 80
55 145 80
55 145 80
55 145 80
55 145 80
55 145 80
55 145 80
56 145 80
56 145 80
56 145 80
56 145 80
56 145 80
56 145 80
56 145 80
56 145 80
56 145 80
56 145 80
56 145 80
56 145 80
56 145 80
56 145 80
56 145 80
56 145 80
56 145 80
56 145 80
56 145 80
56 145 80
56 145 80
56 145 80
56 145 80
56 145 80
56 145 80
57 145 80
57 145 80
57 145 80
57 145 80
57 145 80
57 145 80
57 145 80
57 145 80
57 145 80
57 145 80
57 145 80
57 145 80
57 145 80
57 145 80
57 145 80
57 145 80
57 145 80
57 145 80
57 145 80
57 145 80
57 145 80
57 145 80
57 145 80
57 145 80
58 145 80
58 145 80
58 145 80
58 145 80
58 145 80
58 145 80
58 145 80
58 145 80
58 145 80
58 145 80
58 145 80
58 145 80
58 145 80
58 145 80
58 145 80
58 145 80
58 145 80
58 145 80
58 145 80
58 145 80
58 145 80
58 145 80
59 145 80
59 145 80
59 145 80
59 145 80
59 145 80
59 145 80
59 145 80
59 145 80
59 145 80
59 145 80
59 145 80
59 145 80
59 145 80
59 145 80
59 145 80
59 145 80
59 145 80
59 145 80
59 145 80
59 145 80
60 145 80
60 145 80
60 145 80
60 145 80
60 145 80
60 145 80
60 145 80
60 145 80
60 145 80
60 145 80
60 145 80
60 145 80
60 145 80
60 145 80
60 145 80
60 145 80
60 145 80
60 145 80
61 145 80
61 145 80
61 145 80
61 145 80
61 145 80
61 145 80
61 145 80
61 145 80
61 145 80
61 145 80
61 145 80
61 145 80
61 145 80
61 145 80
61 145 80
62 145 80
62 145 80
62 145 80
62 145 80
62 145 80
62 145 80
62 145 80
62 145 80
62 145 80
62 145 80
62 145 80
62 145 80
62 145 80
63 145 80
63 145 80
63 145 80
63 145 80
63 145 80
63 145 80
63 145 80
63 145 80
63 145 80
63 145 80
63 145 80
63 145 80
64 145 80
64 145 80
64 145 80
64 145 80
64 145 80
64 145 80
64 145 80
64 145 80
64 145 80
64 145 80
64 145 80
64 145 80
65 145 80
65 145 80
65 145 80
65 145 80
65 145 80
65 145 80
65 145 80
65 145 80
65 145 80
65 145 80
65 145 80
65 145 80
66 145 80
66 145 80
66 145 80
66 145 80
66 145 80
66 145 80
66 145 80
66 145 80
66 145 80
66 145 80
66 145 80
66 145 80
66 145 80
67 145 80
67 145 80
67 145 80
67 145 80
67 145 80
67 145 80
67 145 80
67 145 80
67 145 80
67 145 80
67 145 80
67 145 80
67 145 80
67 145 80
68 145 80
68 145 80
68 145 80
68 145 80
68 145 80
68 145 80
68 145 80
68 145 80
68 145 80
68 145 80
68 145 80
68 145 80
68 145 80
68 145 80
68 145 80
69 145 80
69 145 80
69 145 80
69 145 80
69 145 80
69 145 80
69 145 80
69 145 80
69 145 80
69 145 80
69 145 80
69 145 80
69 145 80
69 145 80
69 145 80
69 145 80
70 145 80
70 145 80
70 145 80
70 145 80
70 145 80
70 145 80
70 145 80
70 145 80
70 145 80
70 145 80
70 145 80
70 145 80
70 145 80
70 145 80
70 145 80
70 145 80
71 145 80
71 145 80
71 145 80
71 145 80
71 145 80
71 145 80
71 145 80
71 145 80
71 145 80
71 145 80
71 145 80
71 145 80
71 145 80
71 145 80
71 145 80
71 145 80
72 145 80
72 145 80
72 145 80
72 145 80
72 145 80
72 145 80
72 145 80
72 145 80
72 145 80
72 145 80
72 145 80
72 145 80
72 145 80
72 145 80
72 145 80
72 145 80
73 145 80
73 145 80
73 145 80
73 145 80
73 145 80
73 145 80
73 145 80
73 145 80
73 145 80
73 145 80
73 145 80
73 145 80
73 145 80
73 145 80
73 145 80
74 145 80
74 145 80
74 145 80
74 145 80
74 145 80
74 145 80
74 145 80
74 145 80
74 145 80
74 145 80
74 145 80
74 145 80
74 145 80
74 145 80
75 145 80
75 145 80
75 145 80
75 145 80
75 145 80
75 145 80
75 145 80
75 145 80
75 145 80
75 145 80
75 145 80
75 145 80
75 145 80
76 145 80
76 145 80
76 145 80
76 145 80
76 145 80
76 145 80
76 145 80
76 145 80
76 145 80
76 145 80
76 145 80
76 145 80
76 145 80
77 145 80
77 145 80
77 145 80
77 145 80
77 145 80
77 145 80
77 145 80
77 145 80
77 145 80
77 145 80
77 145 80
77 145 80
77 145 80
78 145 80
78 145 80
78 145 80
78 145 80
78 145 80
78 145 80
78 145 80
78 145 80
78 145 80
78 145 80
78 145 80
78 145 80
78 145 80
78 145 80
79 145 80
79 145 80
79 145 80
79 145 80
79 145 80
79 145 80
79 145 80
79 145 80
79 145 80
79 145 80
79 145 80
79 145 80
79 145 80
79 145 80
80 145 80
80 145 80
80 145 80
80 145 80
80 145 80
80 145 80
80 145 80
80 145 80
80 145 80
80 145 80
80 145 80
80 145 80
80 145 80
80 145 80
80 145 80
81 145 80
81 145 80
81 145 80
81 145 80
81 145 80
81 145 80
81 145 80
81 145 80
81 145 80
81 145 80
81 145 80
81 145 80
81 145 80
81 145 80
81 145 80
82 145 80
82 145 80
82 145 80
82 145 80
82 145 80
82 145 80
82 145 80
82 145 80
82 145 80
82 145 80
82 145 80
82 145 80
82 145 80
82 145 80
83 145 80
83 145 80
83 145 80
83 145 80
83 145 80
83 145 80
83 145 80
83 145 80
83 145 80
83 145 80
83 145 80
83 145 80
83 145 80
84 145 80
84 145 80
84 145 80
84 145 80
84 145 80
84 145 80
84 145 80
84 145 80
84 145 80
84 145 80
84 145 80
85 145 80
85 145 80
85 145 80
85 145 80
85 145 80
85 145 80
85 145 80
85 145 80
85 145 80
85 145 80
86 145 80
86 145 80
86 145 80
86 145 80
86 145 80
86 145 80
86 145 80
86 145 80
86 145 80
87 145 80
87 145 80
87 145 80
87 145 80
87 145 80
87 145 80
87 145 80
87 145 80
87 145 80
88 145 80
88 145 80
88 145 80
88 145 80
88 145 80
88 145 80
88 145 80
88 145 80
88 145 80
89 145 80
89 145 80
89 145 80
89 145 80
89 145 80
89 145 80
89 145 80
89 145 80
89 145 80
89 145 80
90 145 80
90 145 80
90 145 80
90 145 80
90 145 80
90 145 80
90 145 80
90 145 80
90 145 80
90 145 80
90 145 80
91 145 80
91 145 80
91 145 80
91 145 80
91 145 80
91 145 80
91 145 80
91 145 80
91 145 80
91 145 80
91 145 80
91 145 80
92 145 80
92 145 80
92 145 80
92 145 80
92 145 80
92 145 80
92 145 80
92 145 80
92 145 80
92 145 80
92 145 80
92 145 80
93 145 80
93 145 80
93 145 80
93 145 80
93 145 80
93 145 80
93 145 80
93 145 80
93 145 80
93 145 80
93 145 80
94 145 80
94 145 80
94 145 80
94 145 80
94 145 80
94 145 80
94 145 80
94 145 80
94 145 80
94 145 80
95 145 80
95 145 80
95 145 80
95 145 80
95 145 80
95 145 80
95 145 80
95 145 80
95 145 80
96 145 80
96 145 80
96 145 80
96 145 80
96 145 80
96 145 80
96 145 80
96 145 80
96 145 80
97 145 80
97 145 80
97 145 80
97 145 80
97 145 80
97 145 80
97 145 80
97 145 80
97 145 80
98 145 80
98 145 80
98 145 80
98 145 80
98 145 80
98 145 80
98 145 80
98 145 80
98 145 80
98 145 80
99 145 80
99 145 80
99 145 80
99 145 80
99 145 80
99 145 80
99 145 80
99 145 80
99 145 80
99 145 80
99 145 80
100 145 80
100 145 80
100 145 80
100 145 80
100 145 80
100 145 80
100 145 80
100 145 80
100 145 80
100 145 80
100 145 80
100 145 80
100 145 80
101 145 80
101 145 80
101 145 80
101 145 80
101 145 80
101 145 80
101 145 80
101 145 80
101 145 80
101 145 80
101 145 80
101 145 80
101 145 80
101 145 80
101 145 80
102 145 80
102 145 80
102 145 80
102 145 80
102 145 80
102 145 80
102 145 80
102 145 80
102 145 80
102 145 80
102 145 80
102 145 80
102 145 80
102 145 80
102 145 80
102 145 80
102 145 80
103 145 80
103 145 80
103 145 80
103 145 80
103 145 80
103 145 80
103 145 80
103 145 80
103 145 80
103 145 80
103 145 80
103 145 80
103 145 80
103 145 80
103 145 80
103 145 80
103 145 80
103 145 80
103 145 80
103 145 80
104 145 80
104 145 80
104 145 80
104 145 80
104 145 80
104 145 80
104 145 80
104 145 80
104 145 80
104 145 80
104 145 80
104 145 80
104 145 80
104 145 80
104 145 80
104 145 80
104 145 80
104 145 80
104 145 80
104 145 80
104 145 80
105 145 80
105 145 80
105 145 80
105 145 80
105 145 80
105 145 80
105 145 80
105 145 80
105 145 80
105 145 80
105 145 80
105 145 80
105 145 80
105 145 80
105 145 80
105 145 80
105 145 80
105 145 80
105 145 80
105 145 80
105 145 80
105 145 80
106 145 80
106 145 80
106 145 80
106 145 80
106 145 80
106 145 80
106 145 80
106 145 80
106 145 80
106 145 80
106 145 80
106 145 80
106 145 80
106 145 80
106 145 80
106 145 80
106 145 80
106 145 80
106 145 80
106 145 80
106 145 80
106 145 80
107 145 80
107 145 80
107 145 80
107 145 80
107 145 80
107 145 80
107 145 80
107 145 80
107 145 80
107 145 80
107 145 80
107 145 80
107 145 80
107 145 80
107 145 80
107 145 80
107 145 80
107 145 80
107 145 80
107 145 80
108 145 80
108 145 80
108 145 80
108 145 80
108 145 80
108 145 80
108 145 80
108 145 80
108 145 80
108 145 80
108 145 80
108 145 80
108 145 80
108 145 80
108 145 80
108 145 80
108 145 80
108 145 80
108 145 80
109 145 80
109 145 80
109 145 80
109 145 80
109 145 80
109 145 80
109 145 80
109 145 80
109 145 80
109 145 80
109 145 80
109 145 80
109 145 80
109 145 80
109 145 80
109 145 80
109 145 80
109 145 80
110 145 80
110 145 80
110 145 80
110 145 80
110 145 80
110 145 80
110 145 80
110 145 80
110 145 80
110 145 80
110 145 80
110 145 80
110 145 80
110 145 80
110 145 80
110 145 80
110 145 80
110 145 80
111 145 80
111 145 80
111 145 80
111 145 80
111 145 80
111 145 80
111 145 80
111 145 80
111 145 80
111 145 80
111 145 80
111 145 80
111 145 80
111 145 80
111 145 80
111 145 80
111 145 80
112 145 80
112 145 80
112 145 80
112 145 80
112 145 80
112 145 80
112 145 80
112 145 80
112 145 80
112 145 80
112 145 80
112 145 80
112 145 80
112 145 80
112 145 80
112 145 80
112 145 80
113 145 80
113 145 80
113 145 80
113 145 80
113 145 80
113 145 80
113 145 80
113 145 80
113 145 80
113 145 80
113 145 80
113 145 80
113 145 80
113 145 80
113 145 80
113 145 80
113 145 80
113 145 80
114 145 80
114 145 80
114 145 80
114 145 80
114 145 80
114 145 80
114 145 80
114 145 80
114 145 80
114 145 80
114 145 80
114 145 80
114 145 80
114 145 80
114 145 80
114 145 80
114 145 80
114 145 80
114 145 80
115 145 80
115 145 80
115 145 80
115 145 80
115 145 80
115 145 80
115 145 80
115 145 80
115 145 80
115 145 80
115 145 80
115 145 80
115 145 80
115 145 80
115 145 80
115 145 80
115 145 80
115 145 80
115 145 80
115 145 80
115 145 80
116 145 80
116 145 80
116 145 80
116 145 80
116 145 80
116 145 80
116 145 80
116 145 80
116 145 80
116 145 80
116 145 80
116 145 80
116 145 80
116 145 80
116 145 80
116 145 80
116 145 80
116 145 80
116 145 80
116 145 80
116 145 80
116 145 80
117 145 80
117 145 80
117 145 80
117 145 80
117 145 80
117 145 80
117 145 80
117 145 80
117 145 80
117 145 80
117 145 80
117 145 80
117 145 80
117 145 80
117 145 80
117 145 80
117 145 80
117 145 80
117 145 80
117 145 80
117 145 80
117 145 80
117 145 80
118 145 80
118 145 80
118 145 80
118 145 80
118 145 80
118 145 80
118 145 80
118 145 80
118 145 80
118 145 80
118 145 80
118 145 80
118 145 80
118 145 80
118 145 80
118 145 80
118 145 80
118 145 80
118 145 80
118 145 80
118 145 80
118 145 80
118 145 80
119 145 80
119 145 80
119 145 80
119 145 80
119 145 80
119 145 80
119 145 80
119 145 80
119 145 80
119 145 80
119 145 80
119 145 80
119 145 80
119 145 80
119 145 80
119 145 80
119 145 80
119 145 80
119 145 80
119 145 80
119 145 80
119 145 80
119 145 80
120 145 80
120 145 80
120 145 80
120 145 80
120 145 80
120 145 80
120 145 80
120 145 80
120 145 80
120 145 80
120 145 80
120 145 80
120 145 80
120 145 80
120 145 80
120 145 80
120 145 80
120 145 80
120 145 80
120 145 80
120 145 80
120 145 80
120 145 80
121 145 80
121 145 80
121 145 80
121 145 80
121 145 80
121 145 80
121 145 80
121 145 80
121 145 80
121 145 80
121 145 80
121 145 80
121 145 80
121 145 80
121 145 80
121 145 80
121 145 80
121 145 80
121 145 80
121 145 80
121 145 80
121 145 80
122 145 80
122 145 80
122 145 80
122 145 80
122 145 80
122 145 80
122 145 80
122 145 80
122 145 80
122 145 80
122 145 80
122 145 80
122 145 80
122 145 80
122 145 80
122 145 80
122 145 80
122 145 80
122 145 80
122 145 80
122 145 80
123 145 80
123 145 80
123 145 80
123 145 80
123 145 80
123 145 80
123 145 80
123 145 80
123 145 80
123 145 80
123 145 80
123 145 80
123 145 80
123 145 80
123 145 80
123 145 80
123 145 80
123 145 80
123 145 80
123 145 80
124 145 80
124 145 80
124 145 80
124 145 80
124 145 80
124 145 80
124 145 80
124 145 80
124 145 80
124 145 80
124 145 80
124 145 80
124 145 80
124 145 80
124 145 80
124 145 80
124 145 80
124 145 80
124 145 80
124 145 80
125 145 80
125 145 80
125 145 80
125 145 80
125 145 80
125 145 80
125 145 80
125 145 80
125 145 80
125 145 80
125 145 80
125 145 80
125 145 80
125 145 80
125 145 80
125 145 80
125 145 80
125 145 80
125 145 80
125 145 80
125 145 80
126 145 80
126 145 80
126 145 80
126 145 80
126 145 80
126 145 80
126 145 80
126 145 80
126 145 80
126 145 80
126 145 80
126 145 80
126 145 80
126 145 80
126 145 80
126 145 80
126 145 80
126 145 80
126 145 80
126 145 80
126 145 80
126 145 80
126 145 80
127 145 80
127 145 80
127 145 80
127 145 80
127 145 80
127 145 80
127 145 80
127 145 80
127 145 80
127 145 80
127 145 80
127 145 80
127 145 80
127 145 80
127 145 80
127 145 80
127 145 80
127 145 80
127 145 80
127 145 80
127 145 80
127 145 80
127 145 80
127 145 80
127 145 80
127 145 80
127 145 80
128 145 80
128 145 80
128 145 80
128 145 80
128 145 80
128 145 80
128 145 80
128 145 80
128 145 80
128 145 80
128 145 80
128 145 80
128 145 80
128 145 80
128 145 80
128 145 80
128 145 80
128 145 80
128 145 80
128 145 80
128 145 80
128 145 80
128 145 80
128 145 80
128 145 80
128 145 80
128 145 80
128 145 80
128 145 80
128 145 80
129 145 80
129 145 80
129 145 80
129 145 80
129 145 80
129 145 80
129 145 80
129 145 80
129 145 80
129 145 80
129 145 80
129 145 80
129 145 80
129 145 80
129 145 80
129 145 80
129 145 80
129 145 80
129 145 80
129 145 80
129 145 80
129 145 80
129 145 80
129 145 80
129 145 80
129 145 80
129 145 80
129 145 80
129 145 80
129 145 80
129 145 80
129 145 80
129 145 80
129 145 80
130 145 80
130 145 80
130 145 80
130 145 80
130 145 80
130 145 80
130 145 80
130 145 80
130 145 80
130 145 80
130 145 80
130 145 80
130 145 80
130 145 80
130 145 80
130 145 80
130 145 80
130 145 80
130 145 80
130 145 80
130 145 80
130 145 80
130 145 80
130 145 80
130 145 80
130 145 80
130 145 80
130 145 80
130 145 80
130 145 80
130 145 80
130 145 80
130 145 80
130 145 80
130 145 80
130 145 80
130 145 80
131 145 80
131 145 80
131 145 80
131 145 80
131 145 80
131 145 80
131 145 80
131 145 80
131 145 80
131 145 80
131 145 80
131 145 80
131 145 80
131 145 80
131 145 80
131 145 80
131 145 80
131 145 80
131 145 80
131 145 80
131 145 80
131 145 80
131 145 80
131 145 80
131 145 80
131 145 80
131 145 80
131 145 80
131 145 80
131 145 80
131 145 80
131 145 80
131 145 80
131 145 80
131 145 80
131 145 80
131 145 80
131 145 80
131 145 80
131 145 80
131 145 80
132 145 80
132 145 80
132 145 80
132 145 80
132 145 80
132 145 80
132 145 80
132 145 80
132 145 80
132 145 80
132 145 80
132 145 80
132 145 80
132 145 80
132 145 80
132 145 80
132 145 80
132 145 80
132 145 80
132 145 80
132 145 80
132 145 80
132 145 80
132 145 80
132 145 80
132 145 80
132 145 80
132 145 80
132 145 80
132 145 80
132 145 80
132 145 80
132 145 80
132 145 80
132 145 80
132 145 80
132 145 80
132 145 80
132 145 80
132 145 80
132 145 80
132 145 80
132 145 80
132 145 80
132 145 80
133 145 80
133 145 80
133 145 80
133 145 80
133 145 80
133 145 80
133 145 80
133 145 80
133 145 80
133 145 80
133 145 80
133 145 80
133 145 80
133 145 80
133 145 80
133 145 80
133 145 80
133 145 80
133 145 80
133 145 80
133 145 80
133 145 80
133 145 80
133 145 80
133 145 80
133 145 80
133 145 80
133 145 80
133 145 80
133 145 80
133 145 80
133 145 80
133 145 80
133 145 80
133 145 80
133 145 80
133 145 80
133 145 80
133 145 80
133 145 80
133 145 80
133 145 80
133 145 80
133 145 80
133 145 80
133 145 80
133 145 80
133 145 80
134 145 80
134 145 80
134 145 80
134 145 80
134 145 80
134 145 80
134 145 80
134 145 80
134 145 80
134 145 80
134 145 80
134 145 80
134 145 80
134 145 80
134 145 80
134 145 80
134 145 80
134 145 80
134 145 80
134 145 80
134 145 80
134 145 80
134 145 80
134 145 80
134 145 80
134 145 80
134 145 80
134 145 80
134 145 80
134 145 80
134 145 80
134 145 80
134 145 80
134 145 80
134 145 80
134 145 80
134 145 80
134 145 80
134 145 80
134 145 80
134 145 80
134 145 80
134 145 80
134 145 80
134 145 80
134 145 80
134 145 80
134 145 80
134 145 80
134 145 80
134 145 80
135 145 80
135 145 80
135 145 80
135 145 80
135 145 80
135 145 80
135 145 80
135 145 80
135 145 80
135 145 80
135 145 80
135 145 80
135 145 80
135 145 80
135 145 80
135 145 80
135 145 80
135 145 80
135 145 80
135 145 80
135 145 80
135 145 80
135 145 80
135 145 80
135 145 80
135 145 80
135 145 80
135 145 80
135 145 80
135 145 80
135 145 80
135 145 80
135 145 80
135 145 80
135 145 80
135 145 80
135 145 80
135 145 80
135 145 80
135 145 80
135 145 80
135 145 80
135 145 80
135 145 80
135 145 80
135 145 80
135 145 80
135 145 80
135 145 80
135 145 80
135 145 80
135 145 80
135 145 80
135 146 4160
135 146 80
135 147 80
135 147 80
135 147 80
135 147 80
135 147 80
135 147 80
135 147 80
135 147 80
135 147 80
135 147 80
135 147 80
135 147 80
135 147 80
135 147 80
135 147 80
135 147 80
135 147 80
135 147 80
135 147 80
135 147 80
135 147 80
135 147 80
135 147 80
135 147 80
135 147 80
135 147 80
135 147 80
135 147 80
135 147 80
135 147 80
135 147 80
135 147 80
135 147 80
135 147 80
135 147 80
135 147 80
135 147 80
135 147 80
135 147 80
135 147 80
135 147 80
135 147 80
135 147 80
135 147 80
135 147 80
135 147 80
135 147 80
135 147 80
135 147 80
135 147 80
135 147 80
135 147 80
135 148 80
135 148 80
135 148 80
135 148 80
135 148 80
135 148 80
135 148 80
135 148 80
135 148 80
135 148 80
135 148 80
135 148 80
135 148 80
135 148 80
135 148 80
135 148 80
135 148 80
135 148 80
135 148 80
135 148 80
135 148 80
135 148 80
135 148 80
135 148 80
135 148 80
135 148 80
135 148 80
135 148 80
135 148 80
135 148 80
135 148 80
135 148 80
135 148 80
135 148 80
135 148 80
135 148 80
135 148 80
135 148 80
135 148 80
135 148 80
135 148 80
135 148 80
135 148 80
135 148 80
135 148 80
135 148 80
135 148 80
135 148 80
135 148 80
135 148 80
135 148 80
135 149 80
135 149 80
135 149 80
135 149 80
135 149 80
135 149 80
135 149 80
135 149 80
135 149 80
135 149 80
135 149 80
135 149 80
135 149 80
135 149 80
135 149 80
135 149 80
135 149 80
135 149 80
135 149 80
135 149 80
135 149 80
135 149 80
135 149 80
135 149 80
135 149 80
135 149 80
135 149 80
135 149 80
135 149 80
135 149 80
135 149 80
135 149 80
135 149 80
135 149 80
135 149 80
135 149 80
135 149 80
135 149 80
135 149 80
135 149 80
135 149 80
135 149 80
135 149 80
135 149 80
135 149 80
135 149 80
135 149 80
135 149 80
135 149 80
135 149 80
135 150 80
135 150 80
135 150 80
135 150 80
135 150 80
135 150 80
135 150 80
135 150 80
135 150 80
135 150 80
135 150 80
135 150 80
135 150 80
135 150 80
135 150 80
135 150 80
135 150 80
135 150 80
135 150 80
135 150 80
135 150 80
135 150 80
135 150 80
135 150 80
135 150 80
135 150 80
135 150 80
135 150 80
135 150 80
135 150 80
135 150 80
135 150 80
135 150 80
135 150 80
135 150 80
135 150 80
135 150 80
135 150 80
135 150 80
135 150 80
135 150 80
135 150 80
135 150 80
135 150 80
135 150 80
135 150 80
135 150 80
135 150 80
135 150 80
135 151 80
135 151 80
135 151 80
135 151 80
135 151 80
135 151 80
135 151 80
135 151 80
135 151 80
135 151 80
135 151 80
135 151 80
135 151 80
135 151 80
135 151 80
135 151 80
135 151 80
135 151 80
135 151 80
135 151 80
135 151 80
135 151 80
135 151 80
135 151 80
135 151 80
135 151 80
135 151 80
135 151 80
135 151 80
135 151 80
135 151 80
135 151 80
135 151 80
135 151 80
135 151 80
135 151 80
135 151 80
135 151 80
135 151 80
135 151 80
135 151 80
135 151 80
135 151 80
135 151 80
135 151 80
135 151 80
135 151 80
135 151 80
135 152 80
135 152 80
135 152 80
135 152 80
135 152 80
135 152 80
135 152 80
135 152 80
135 152 80
135 152 80
135 152 80
135 152 80
135 152 80
135 152 80
135 152 80
135 152 80
135 152 80
135 152 80
135 152 80
135 152 80
135 152 80
135 152 80
135 152 80
135 152 80
135 152 80
135 152 80
135 152 80
135 152 80
135 152 80
135 152 80
135 152 80
135 152 80
135 152 80
135 152 80
135 152 80
135 152 80
135 152 80
135 152 80
135 152 80
135 152 80
135 152 80
135 152 80
135 152 80
135 152 80
135 152 80
135 152 80
135 152 80
135 153 80
135 153 80
135 153 80
135 153 80
135 153 80
135 153 80
135 153 80
135 153 80
135 153 80
135 153 80
135 153 80
135 153 80
135 153 80
135 153 80
135 153 80
135 153 80
135 153 80
135 153 80
135 153 80
135 153 80
135 153 80
135 153 80
135 153 80
135 153 80
135 153 80
135 153 80
135 153 80
135 153 80
135 153 80
135 153 80
135 153 80
135 153 80
135 153 80
135 153 80
135 153 80
135 153 80
135 153 80
135 153 80
135 153 80
135 153 80
135 153 80
135 153 80
135 153 80
135 153 80
135 153 80
135 153 80
135 154 80
135 154 80
135 154 80
135 154 80
135 154 80
135 154 80
135 154 80
135 154 80
135 154 80
135 154 80
135 154 80
135 154 80
135 154 80
135 154 80
135 154 80
135 154 80
135 154 80
135 154 80
135 154 80
135 154 80
135 154 80
135 154 80
135 154 80
135 154 80
135 154 80
135 154 80
135 154 80
135 154 80
135 154 80
135 154 80
135 154 80
135 154 80
135 154 80
135 154 80
135 154 80
135 154 80
135 154 80
135 154 80
135 154 80
135 154 80
135 154 80
135 154 80
135 154 80
135 154 80
135 154 80
135 155 80
135 155 80
135 155 80
135 155 80
135 155 80
135 155 80
135 155 80
135 155 80
135 155 80
135 155 80
135 155 80
135 155 80
135 155 80
135 155 80
135 155 80
135 155 80
135 155 80
135 155 80
135 155 80
135 155 80
135 155 80
135 155 80
135 155 80
135 155 80
135 155 80
135 155 80
135 155 80
135 155 80
135 155 80
135 155 80
135 155 80
135 155 80
135 155 80
135 155 80
135 155 80
135 155 80
135 155 80
135 155 80
135 155 80
135 155 80
135 155 80
135 155 80
135 155 80
135 156 80
135 156 80
135 156 80
135 156 80
135 156 80
135 156 80
135 156 80
135 156 80
135 156 80
135 156 80
135 156 80
135 156 80
135 156 80
135 156 80
135 156 80
135 156 80
135 156 80
135 156 80
135 156 80
135 156 80
135 156 80
135 156 80
135 156 80
135 156 80
135 156 80
135 156 80
135 156 80
135 156 80
135 156 80
135 156 80
135 156 80
135 156 80
135 156 80
135 156 80
135 156 80
135 156 80
135 156 80
135 156 80
135 156 80
135 156 80
135 157 80
135 157 80
135 157 80
135 157 80
135 157 80
135 157 80
135 157 80
135 157 80
135 157 80
135 157 80
135 157 80
135 157 80
135 157 80
135 157 80
135 157 80
135 157 80
135 157 80
135 157 80
135 157 80
135 157 80
135 157 80
135 157 80
135 157 80
135 157 80
135 157 80
135 157 80
135 157 80
135 157 80
135 157 80
135 157 80
135 157 80
135 157 80
135 157 80
135 157 80
135 157 80
135 157 80
135 158 80
135 158 80
135 158 80
135 158 80
135 158 80
135 158 80
135 158 80
135 158 80
135 158 80
135 158 80
135 158 80
135 158 80
135 158 80
135 158 80
135 158 80
135 158 80
135 158 80
135 158 80
135 158 80
135 158 80
135 158 80
135 158 80
135 158 80
135 158 80
135 158 80
135 158 80
135 158 80
135 158 80
135 158 80
135 158 80
135 159 80
135 159 80
135 159 80
135 159 80
135 159 80
135 159 80
135 159 80
135 159 80
135 159 80
135 159 80
135 159 80
135 159 80
135 159 80
135 159 80
135 159 80
135 159 80
135 159 80
135 159 80
135 159 80
135 159 80
135 159 80
135 159 80
135 159 80
135 159 80
135 159 80
135 160 80
135 160 80
135 160 80
135 160 80
135 160 80
135 160 80
135 160 80
135 160 80
135 160 80
135 160 80
135 160 80
135 160 80
135 160 80
135 160 80
135 160 80
135 160 80
135 160 80
135 160 80
135 160 80
135 160 80
135 161 80
135 161 80
135 161 80
135 161 80
135 161 80
135 161 80
135 161 80
135 161 80
135 161 80
135 161 80
135 161 80
135 161 80
135 161 80
135 161 80
135 161 80
135 161 80
135 161 80
135 161 80
135 162 80
135 162 80
135 162 80
135 162 80
135 162 80
135 162 80
135 162 80
135 162 80
135 162 80
135 162 80
135 162 80
135 162 80
135 162 80
135 162 80
135 162 80
135 162 80
135 163 80
135 163 80
135 163 80
135 163 80
135 163 80
135 163 80
135 163 80
135 163 80
135 163 80
135 163 80
135 163 80
135 163 80
135 163 80
135 163 80
135 163 80
135 163 80
135 164 80
135 164 80
135 164 80
135 164 80
135 164 80
135 164 80
135 164 80
135 164 80
135 164 80
135 164 80
135 164 80
135 164 80
135 164 80
135 164 80
135 164 80
135 164 80
135 165 80
135 165 80
135 165 80
135 165 80
135 165 80
135 165 80
135 165 80
135 165 80
135 165 80
135 165 80
135 165 80
135 165 80
135 165 80
135 165 80
135 165 80
135 165 80
135 165 80
135 166 80
135 166 80
135 166 80
135 166 80
135 166 80
135 166 80
135 166 80
135 166 80
135 166 80
135 166 80
135 166 80
135 166 80
135 166 80
135 166 80
135 166 80
135 166 80
135 166 80
135 167 80
135 167 80
135 167 80
135 167 80
135 167 80
135 167 80
135 167 80
135 167 80
135 167 80
135 167 80
135 167 80
135 167 80
135 167 80
135 167 80
135 167 80
135 167 80
135 168 80
135 168 80
135 168 80
135 168 80
135 168 80
135 168 80
135 168 80
135 168 80
135 168 80
135 168 80
135 168 80
135 168 80
135 168 80
135 168 80
135 168 80
135 169 80
135 169 80
135 169 80
135 169 80
135 169 80
135 169 80
135 169 80
135 169 80
135 169 80
135 169 80
135 169 80
135 169 80
135 169 80
135 169 80
135 170 80
135 170 80
135 170 80
135 170 80
135 170 80
135 170 80
135 170 80
135 170 80
135 170 80
135 170 80
135 170 80
135 170 80
135 170 80
135 171 80
135 171 80
135 171 80
135 171 80
135 171 80
135 171 80
135 171 80
135 171 80
135 171 80
135 171 80
135 171 80
135 171 80
135 172 80
135 172 80
135 172 80
135 172 80
135 172 80
135 172 80
135 172 80
135 172 80
135 172 80
135 172 80
135 172 80
135 172 80
135 173 80
135 173 80
135 173 80
135 173 80
135 173 80
135 173 80
135 173 80
135 173 80
135 173 80
135 173 80
135 173 80
135 173 80
135 174 80
135 174 80
135 174 80
135 174 80
135 174 80
135 174 80
135 174 80
135 174 80
135 174 80
135 174 80
135 174 80
135 175 80
135 175 80
135 175 80
135 175 80
135 175 80
135 175 80
135 175 80
135 175 80
135 175 80
135 175 80
135 175 80
135 175 80
135 176 80
135 176 80
135 176 80
135 176 80
135 176 80
135 176 80
135 176 80
135 176 80
135 176 80
135 176 80
135 176 80
135 176 80
135 177 80
135 177 80
135 177 80
135 177 80
135 177 80
135 177 80
135 177 80
135 177 80
135 177 80
135 177 80
135 177 80
135 177 80
135 178 80
135 178 80
135 178 80
135 178 80
135 178 80
135 178 80
135 178 80
135 178 80
135 178 80
135 178 80
135 178 80
135 178 80
135 179 80
135 179 80
135 179 80
135 179 80
135 179 80
135 179 80
135 179 80
135 179 80
135 179 80
135 179 80
135 179 80
135 180 80
135 180 80
135 180 80
135 180 80
135 180 80
135 180 80
135 180 80
135 180 80
135 180 80
135 180 80
135 181 80
135 181 80
135 181 80
135 181 80
135 181 80
135 181 80
135 181 80
135 181 80
135 182 80
135 182 80
135 182 80
135 182 80
135 182 80
135 182 80
135 183 80
135 183 80
135 183 80
135 183 80
135 184 80
135 184 80
135 184 80
135 185 80
135 185 80
135 185 80
135 186 80
135 186 80
135 187 80
135 188 80
135 189 80
135 190 80
