79 84 50
80 84 50
81 84 50
82 84 50
83 84 50
84 84 50
85 84 50
86 84 50
87 84 50
88 84 50
89 84 50
90 84 50
91 84 50
92 84 50
93 84 50
94 84 50
95 84 50
96 84 50
97 84 50
98 84 50
98 84 50
99 84 50
99 84 50
100 84 50
100 84 50
101 84 50
101 84 50
102 84 50
102 84 50
103 84 50
103 84 50
104 84 50
104 84 50
105 84 50
105 84 50
106 84 50
107 84 50
108 84 50
109 84 50
110 84 50
111 84 50
112 84 50
113 84 50
114 84 50
115 84 50
116 84 50
117 84 50
118 84 50
119 84 50
120 84 50
121 84 50
122 84 50
123 84 50
124 84 50
124 84 50
125 84 50
125 84 50
126 84 50
126 84 50
126 84 50
127 84 50
127 84 50
127 84 50
127 84 50
127 84 50
128 84 50
128 84 50
128 84 50
128 84 50
128 84 50
128 84 50
128 84 50
129 84 50
129 84 50
129 84 50
129 84 50
129 84 50
129 84 50
129 84 50
129 84 50
129 84 50
130 84 50
130 84 50
130 84 50
130 84 50
130 84 50
130 84 50
130 84 50
130 84 50
130 84 50
130 84 50
130 84 50
130 84 50
131 84 50
131 84 50
131 84 50
131 84 50
131 84 50
131 84 50
131 84 50
131 84 50
131 84 50
131 84 50
131 84 50
131 84 50
131 84 50
131 84 50
131 84 50
131 83 700
131 83 50
131 82 50
131 82 50
131 82 50
131 82 50
131 82 50
131 82 50
131 82 50
131 82 50
131 82 50
131 82 50
131 82 50
131 82 50
131 82 50
131 82 50
131 82 50
131 81 50
131 81 50
131 81 50
131 81 50
131 81 50
131 81 50
131 81 50
131 81 50
131 81 50
131 81 50
131 81 50
131 81 50
131 81 50
131 81 50
131 81 50
131 80 50
131 80 50
131 80 50
131 80 50
131 80 50
131 80 50
131 80 50
131 80 50
131 80 50
131 80 50
131 80 50
131 80 50
131 80 50
131 80 50
131 80 50
131 79 50
131 79 50
131 79 50
131 79 50
131 79 50
131 79 50
131 79 50
131 79 50
131 79 50
131 79 50
131 79 50
131 79 50
131 79 50
131 79 50
131 78 50
131 78 50
131 78 50
131 78 50
131 78 50
131 78 50
131 78 50
131 78 50
131 78 50
131 78 50
131 78 50
131 78 50
131 78 50
131 77 50
131 77 50
131 77 50
131 77 50
131 77 50
131 77 50
131 77 50
131 77 50
131 77 50
131 77 50
131 77 50
131 77 50
131 76 50
131 76 50
131 76 50
131 76 50
131 76 50
131 76 50
131 76 50
131 76 50
131 76 50
131 76 50
131 76 50
131 75 50
131 75 50
131 75 50
131 75 50
131 75 50
131 75 50
131 75 50
131 75 50
131 75 50
131 75 50
131 74 50
131 74 50
131 74 50
131 74 50
131 74 50
131 74 50
131 74 50
131 74 50
131 74 50
131 73 50
131 73 50
131 73 50
131 73 50
131 73 50
131 73 50
131 73 50
131 72 50
131 72 50
131 72 50
131 72 50
131 72 50
131 72 50
131 71 50
131 71 50
131 71 50
131 71 50
131 71 50
131 70 50
131 70 50
131 70 50
131 70 50
131 69 50
131 69 50
131 69 50
110 17 100
111 17 50
112 17 50
113 17 50
114 17 50
115 17 50
116 17 50
117 17 50
118 17 50
119 17 50
120 17 50
121 17 50
122 17 50
123 17 50
124 17 50
125 17 50
126 17 50
127 17 50
128 17 50
129 17 50
130 17 50
131 17 50
131 18 50
131 19 50
131 20 50
131 21 50
131 22 50
131 23 50
131 24 50
131 25 50
131 26 50
131 27 50
131 28 50
131 29 50
131 30 50
131 31 50
131 32 50
131 33 50
131 34 50
131 35 50
131 36 50
131 37 50
131 38 50
131 39 50
131 40 50
131 41 50
131 42 50
131 43 50
131 44 50
131 45 50
131 46 50
131 47 50
131 48 50
131 49 50
131 50 50
131 51 50
131 52 50
131 53 50
131 54 50
131 55 50
131 56 50
131 57 50
131 58 50
131 59 50
131 60 50
131 61 50
131 62 50
131 63 50
131 64 50
131 65 50
131 65 50
131 66 50
131 66 50
131 67 50
131 67 50
131 68 50
131 68 50
0 21 50
1 21 50
2 21 50
3 21 50
4 21 50
5 21 50
5 22 50
5 23 50
5 24 50
5 25 50
5 26 50
5 27 50
5 28 50
5 29 50
5 30 50
5 31 50
5 32 50
5 33 50
5 34 50
5 35 50
5 36 50
5 36 50
5 37 50
5 37 50
5 37 50
5 38 50
5 38 50
5 38 50
5 39 50
5 39 50
5 39 50
5 40 50
5 40 50
5 40 50
5 41 50
5 41 50
5 41 50
5 42 50
5 42 50
5 42 50
5 43 50
5 43 50
5 44 50
5 44 50
5 45 50
5 45 50
5 46 50
5 47 50
5 48 50
5 49 50
5 50 50
5 51 50
5 52 50
5 53 50
5 54 50
5 55 50
5 56 50
5 57 50
5 58 50
5 59 50
5 60 50
5 61 50
5 62 50
5 63 50
5 63 50
5 64 50
5 64 50
5 65 50
5 65 50
5 66 50
5 66 50
5 67 50
5 67 50
5 68 50
5 68 50
5 69 50
5 69 50
5 70 50
5 70 50
5 71 50
5 71 50
5 72 50
5 72 50
5 73 50
5 73 50
5 74 50
5 74 50
5 75 50
5 75 50
5 76 50
5 77 50
5 78 50
5 79 50
5 80 50
5 81 50
5 82 50
5 83 50
5 84 50
5 85 50
5 86 50
112 85 50
112 86 50
112 87 50
112 88 50
112 89 50
112 90 50
112 91 50
112 92 50
112 93 50
112 94 50
112 95 50
112 96 50
112 97 50
112 98 50
112 99 50
112 100 50
112 101 50
112 102 50
112 103 50
112 104 50
112 105 50
112 106 50
112 107 50
112 108 50
112 109 50
112 110 50
112 111 50
112 112 50
112 113 50
112 114 50
112 115 50
112 116 50
112 117 50
112 118 50
112 119 50
112 120 50
112 121 50
112 122 50
112 123 50
112 124 50
112 125 50
112 126 50
112 127 50
112 128 50
112 129 50
112 130 50
112 131 50
112 132 50
112 133 50
112 134 50
112 135 50
112 136 50
112 137 50
112 138 50
112 138 50
112 139 50
112 139 50
112 140 50
112 140 50
112 140 50
112 141 50
112 141 50
112 141 50
112 141 50
112 141 50
112 142 50
112 142 50
112 142 50
112 142 50
112 142 50
112 142 50
112 142 50
112 143 50
112 143 50
112 143 50
112 143 50
112 143 50
112 143 50
112 143 50
112 143 50
112 143 50
112 144 50
112 144 50
112 144 50
112 144 50
112 144 50
112 144 50
112 144 50
112 144 50
112 144 50
112 144 50
112 144 50
112 145 50
112 145 50
112 145 50
112 145 50
112 145 50
112 145 50
112 145 50
112 145 50
112 145 50
112 145 50
112 145 50
112 145 50
112 145 50
112 145 50
112 146 50
112 146 50
112 146 50
112 146 50
112 146 50
112 146 50
112 146 50
112 146 50
112 146 50
112 146 50
112 146 50
112 146 50
112 146 50
112 146 50
112 146 50
112 146 50
112 146 50
112 147 50
112 147 50
112 147 50
112 147 50
112 147 50
112 147 50
112 147 50
112 147 50
112 147 50
112 147 50
112 147 50
112 147 50
112 147 50
112 147 50
112 147 50
112 147 50
112 147 50
112 147 50
112 147 50
112 147 50
112 148 50
112 148 50
112 148 50
112 148 50
112 148 50
112 148 50
112 148 50
112 148 50
112 148 50
112 148 50
112 148 50
112 148 50
112 148 50
112 148 50
112 148 50
112 148 50
112 148 50
112 148 50
112 148 50
112 148 50
112 148 50
112 148 50
112 148 50
112 148 50
112 148 50
112 149 50
112 149 50
112 149 50
112 149 50
112 149 50
112 149 50
112 149 50
112 149 50
112 149 50
112 149 50
112 149 50
112 149 50
112 149 50
112 149 50
112 149 50
112 149 50
112 149 50
112 149 50
112 149 50
112 149 50
112 149 50
112 149 50
112 149 50
112 149 50
112 149 50
112 149 50
112 149 50
112 149 50
112 149 50
112 149 50
112 149 50
112 150 50
112 150 50
112 150 50
112 150 50
112 150 50
112 150 50
112 150 50
112 150 50
112 150 50
112 150 50
112 150 50
112 150 50
112 150 50
112 150 50
112 150 50
112 150 50
112 150 50
112 150 50
112 150 50
112 150 50
112 150 50
112 150 50
112 150 50
112 150 50
112 150 50
112 150 50
112 150 50
112 150 50
112 150 50
112 150 50
112 150 50
112 150 50
112 150 50
112 150 50
112 150 50
112 150 50
112 150 50
112 150 50
112 151 50
112 151 50
112 151 50
112 151 50
112 151 50
112 151 50
112 151 50
112 151 50
112 151 50
112 151 50
112 151 50
112 151 50
112 151 50
112 151 50
112 151 50
112 151 50
112 151 50
112 151 50
112 151 50
112 151 50
112 151 50
112 151 50
112 151 50
112 151 50
112 151 50
112 151 50
112 151 50
112 151 50
112 151 50
112 151 50
112 151 50
112 151 50
112 151 50
112 151 50
112 151 50
112 151 50
112 151 50
112 151 50
112 151 50
112 151 50
112 151 50
112 151 50
112 151 50
112 151 50
112 151 50
112 151 50
112 152 50
112 152 50
112 152 50
112 152 50
112 152 50
112 152 50
112 152 50
112 152 50
112 152 50
112 152 50
112 152 50
112 152 50
112 152 50
112 152 50
112 152 50
112 152 50
112 152 50
112 152 50
112 152 50
112 152 50
112 152 50
112 152 50
112 152 50
112 152 50
112 152 50
112 152 50
112 152 50
112 152 50
112 152 50
112 152 50
112 152 50
112 152 50
112 152 50
112 152 50
112 152 50
112 152 50
112 152 50
112 152 50
112 152 50
112 152 50
112 152 50
112 152 50
112 152 50
112 152 50
112 152 50
112 152 50
112 152 50
112 152 50
112 152 50
112 152 50
112 152 50
112 152 50
112 152 50
112 153 50
112 153 50
112 153 50
112 153 50
112 153 50
112 153 50
112 153 50
112 153 50
112 153 50
112 153 50
112 153 50
112 153 50
112 153 50
112 153 50
112 153 50
112 153 50
112 153 50
112 153 50
112 153 50
112 153 50
112 153 50
112 153 50
112 153 50
112 153 50
112 153 50
112 153 50
112 153 50
112 153 50
112 153 50
112 153 50
112 153 50
112 153 50
112 153 50
112 153 50
112 153 50
112 153 50
112 153 50
112 153 50
112 153 50
112 153 50
112 153 50
112 153 50
112 153 50
112 153 50
112 153 50
112 153 50
112 153 50
112 153 50
112 153 50
112 153 50
112 153 50
112 153 50
112 153 50
112 153 50
112 153 50
112 153 50
112 153 50
112 153 50
112 153 50
112 154 50
112 154 50
112 154 50
112 154 50
112 154 50
112 154 50
112 154 50
112 154 50
112 154 50
112 154 50
112 154 50
112 154 50
112 154 50
112 154 50
112 154 50
112 154 50
112 154 50
112 154 50
112 154 50
112 154 50
112 154 50
112 154 50
112 154 50
112 154 50
112 154 50
112 154 50
112 154 50
112 154 50
112 154 50
112 154 50
112 154 50
112 154 50
112 154 50
112 154 50
112 154 50
112 154 50
112 154 50
112 154 50
112 154 50
112 154 50
112 154 50
112 154 50
112 154 50
112 154 50
112 154 50
112 154 50
112 154 50
112 154 50
112 154 50
112 154 50
112 154 50
112 154 50
112 154 50
112 154 50
112 154 50
112 154 50
112 154 50
112 154 50
112 154 50
112 154 50
112 154 50
112 154 50
112 154 50
112 155 50
112 155 50
112 155 50
112 155 50
112 155 50
112 155 50
112 155 50
112 155 50
112 155 50
112 155 50
112 155 50
112 155 50
112 155 50
112 155 50
112 155 50
112 155 50
112 155 50
112 155 50
112 155 50
112 155 50
112 155 50
112 155 50
112 155 50
112 155 50
112 155 50
112 155 50
112 155 50
112 155 50
112 155 50
112 155 50
112 155 50
112 155 50
112 155 50
112 155 50
112 155 50
112 155 50
112 155 50
112 155 50
112 155 50
112 155 50
112 155 50
112 155 50
112 155 50
112 155 50
112 155 50
112 155 50
112 155 50
112 155 50
112 155 50
112 155 50
112 155 50
112 155 50
112 155 50
112 155 50
112 155 50
112 155 50
112 155 50
112 155 50
112 155 50
112 155 50
112 155 50
112 155 50
112 155 50
112 155 50
112 155 50
112 156 50
112 156 50
112 156 50
112 156 50
112 156 50
112 156 50
112 156 50
112 156 50
112 156 50
112 156 50
112 156 50
112 156 50
112 156 50
112 156 50
112 156 50
112 156 50
112 156 50
112 156 50
112 156 50
112 156 50
112 156 50
112 156 50
112 156 50
112 156 50
112 156 50
112 156 50
112 156 50
112 156 50
112 156 50
112 156 50
112 156 50
112 156 50
112 156 50
112 156 50
112 156 50
112 156 50
112 156 50
112 156 50
112 156 50
112 156 50
112 156 50
112 156 50
112 156 50
112 156 50
112 156 50
112 156 50
112 156 50
112 156 50
112 156 50
112 156 50
112 156 50
112 156 50
112 156 50
112 156 50
112 156 50
112 156 50
112 156 50
112 156 50
112 156 50
112 156 50
112 156 50
112 156 50
112 156 50
112 156 50
112 156 50
112 156 50
112 157 50
112 157 50
112 157 50
112 157 50
112 157 50
112 157 50
112 157 50
112 157 50
112 157 50
112 157 50
112 157 50
112 157 50
112 157 50
112 157 50
112 157 50
112 157 50
112 157 50
112 157 50
112 157 50
112 157 50
112 157 50
112 157 50
112 157 50
112 157 50
112 157 50
112 157 50
112 157 50
112 157 50
112 157 50
112 157 50
112 157 50
112 157 50
112 157 50
112 157 50
112 157 50
112 157 50
112 157 50
112 157 50
112 157 50
112 157 50
112 157 50
112 157 50
112 157 50
112 157 50
112 157 50
112 157 50
112 157 50
112 157 50
112 157 50
112 157 50
112 157 50
112 157 50
112 157 50
112 157 50
112 157 50
112 157 50
112 157 50
112 157 50
112 157 50
112 157 50
112 157 50
112 157 50
112 157 50
112 157 50
112 158 50
112 158 50
112 158 50
112 158 50
112 158 50
112 158 50
112 158 50
112 158 50
112 158 50
112 158 50
112 158 50
112 158 50
112 158 50
112 158 50
112 158 50
112 158 50
112 158 50
112 158 50
112 158 50
112 158 50
112 158 50
112 158 50
112 158 50
112 158 50
112 158 50
112 158 50
112 158 50
112 158 50
112 158 50
112 158 50
112 158 50
112 158 50
112 158 50
112 158 50
112 158 50
112 158 50
112 158 50
112 158 50
112 158 50
112 158 50
112 158 50
112 158 50
112 158 50
112 158 50
112 158 50
112 158 50
112 158 50
112 158 50
112 158 50
112 158 50
112 158 50
112 158 50
112 158 50
112 158 50
112 158 50
112 158 50
112 158 50
112 158 50
112 158 50
112 158 50
112 158 50
112 159 50
112 159 50
112 159 50
112 159 50
112 159 50
112 159 50
112 159 50
112 159 50
112 159 50
112 159 50
112 159 50
112 159 50
112 159 50
112 159 50
112 159 50
112 159 50
112 159 50
112 159 50
112 159 50
112 159 50
112 159 50
112 159 50
112 159 50
112 159 50
112 159 50
112 159 50
112 159 50
112 159 50
112 159 50
112 159 50
112 159 50
112 159 50
112 159 50
112 159 50
112 159 50
112 159 50
112 159 50
112 159 50
112 159 50
112 159 50
112 159 50
112 159 50
112 159 50
112 159 50
112 159 50
112 159 50
112 159 50
112 159 50
112 159 50
112 159 50
112 159 50
112 159 50
112 159 50
112 159 50
112 159 50
112 159 50
112 159 50
112 159 50
112 160 50
112 160 50
112 160 50
112 160 50
112 160 50
112 160 50
112 160 50
112 160 50
112 160 50
112 160 50
112 160 50
112 160 50
112 160 50
112 160 50
112 160 50
112 160 50
112 160 50
112 160 50
112 160 50
112 160 50
112 160 50
112 160 50
112 160 50
112 160 50
112 160 50
112 160 50
112 160 50
112 160 50
112 160 50
112 160 50
112 160 50
112 160 50
112 160 50
112 160 50
112 160 50
112 160 50
112 160 50
112 160 50
112 160 50
112 160 50
112 160 50
112 160 50
112 160 50
112 160 50
112 160 50
112 160 50
112 160 50
112 160 50
112 160 50
112 160 50
112 160 50
112 160 50
112 160 50
112 161 50
112 161 50
112 161 50
112 161 50
112 161 50
112 161 50
112 161 50
112 161 50
112 161 50
112 161 50
112 161 50
112 161 50
112 161 50
112 161 50
112 161 50
112 161 50
112 161 50
112 161 50
112 161 50
112 161 50
112 161 50
112 161 50
112 161 50
112 161 50
112 161 50
112 161 50
112 161 50
112 161 50
112 161 50
112 161 50
112 161 50
112 161 50
112 161 50
112 161 50
112 161 50
112 161 50
112 161 50
112 161 50
112 161 50
112 161 50
112 161 50
112 161 50
112 161 50
112 161 50
112 161 50
112 161 50
112 161 50
112 161 50
112 162 50
112 162 50
112 162 50
112 162 50
112 162 50
112 162 50
112 162 50
112 162 50
112 162 50
112 162 50
112 162 50
112 162 50
112 162 50
112 162 50
112 162 50
112 162 50
112 162 50
112 162 50
112 162 50
112 162 50
112 162 50
112 162 50
112 162 50
112 162 50
112 162 50
112 162 50
112 162 50
112 162 50
112 162 50
112 162 50
112 162 50
112 162 50
112 162 50
112 162 50
112 162 50
112 162 50
112 162 50
112 162 50
112 162 50
112 162 50
112 162 50
112 162 50
112 162 50
112 162 50
112 163 50
112 163 50
112 163 50
112 163 50
112 163 50
112 163 50
112 163 50
112 163 50
112 163 50
112 163 50
112 163 50
112 163 50
112 163 50
112 163 50
112 163 50
112 163 50
112 163 50
112 163 50
112 163 50
112 163 50
112 163 50
112 163 50
112 163 50
112 163 50
112 163 50
112 163 50
112 163 50
112 163 50
112 163 50
112 163 50
112 163 50
112 163 50
112 163 50
112 163 50
112 163 50
112 163 50
112 163 50
112 163 50
112 163 50
112 164 50
112 164 50
112 164 50
112 164 50
112 164 50
112 164 50
112 164 50
112 164 50
112 164 50
112 164 50
112 164 50
112 164 50
112 164 50
112 164 50
112 164 50
112 164 50
112 164 50
112 164 50
112 164 50
112 164 50
112 164 50
112 164 50
112 164 50
112 164 50
112 164 50
112 164 50
112 164 50
112 164 50
112 164 50
112 164 50
112 164 50
112 164 50
112 164 50
112 164 50
112 165 50
112 165 50
112 165 50
112 165 50
112 165 50
112 165 50
112 165 50
112 165 50
112 165 50
112 165 50
112 165 50
112 165 50
112 165 50
112 165 50
112 165 50
112 165 50
112 165 50
112 165 50
112 165 50
112 165 50
112 165 50
112 165 50
112 165 50
112 165 50
112 165 50
112 165 50
112 165 50
112 165 50
112 165 50
112 165 50
112 166 50
112 166 50
112 166 50
112 166 50
112 166 50
112 166 50
112 166 50
112 166 50
112 166 50
112 166 50
112 166 50
112 166 50
112 166 50
112 166 50
112 166 50
112 166 50
112 166 50
112 166 50
112 166 50
112 166 50
112 166 50
112 166 50
112 166 50
112 166 50
112 166 50
112 166 50
112 167 50
112 167 50
112 167 50
112 167 50
112 167 50
112 167 50
112 167 50
112 167 50
112 167 50
112 167 50
112 167 50
112 167 50
112 167 50
112 167 50
112 167 50
112 167 50
112 167 50
112 167 50
112 167 50
112 167 50
112 167 50
112 167 50
112 168 50
112 168 50
112 168 50
112 168 50
112 168 50
112 168 50
112 168 50
112 168 50
112 168 50
112 168 50
112 168 50
112 168 50
112 168 50
112 168 50
112 168 50
112 168 50
112 168 50
112 168 50
112 169 50
112 169 50
112 169 50
112 169 50
112 169 50
112 169 50
112 169 50
112 169 50
112 169 50
112 169 50
112 169 50
112 169 50
112 169 50
112 169 50
112 169 50
112 170 50
112 170 50
112 170 50
112 170 50
112 170 50
112 170 50
112 170 50
112 170 50
112 170 50
112 170 50
112 170 50
112 171 50
112 171 50
112 171 50
112 171 50
112 171 50
112 171 50
112 171 50
112 171 50
112 172 50
112 172 50
112 172 50
112 172 50
112 172 50
112 172 50
112 173 50
112 173 50
112 173 50
112 173 50
112 174 50
112 174 50
112 174 50
112 175 50
112 175 50
112 176 50
112 177 50
112 178 50
112 179 50
112 180 50
112 181 50
