131 142 120
130 142 120
129 142 120
128 142 120
127 142 120
126 142 120
125 142 120
124 142 120
123 142 120
122 142 120
121 142 120
121 142 120
120 142 120
120 142 120
120 142 120
120 141 240
120 140 240
120 139 240
120 138 120
120 138 120
120 137 120
120 137 120
120 136 120
120 135 120
120 134 120
120 133 120
120 132 120
120 131 120
120 130 120
120 129 120
120 128 120
120 127 120
120 126 120
120 125 120
120 124 120
120 123 120
120 122 120
120 121 120
120 120 120
120 119 120
120 118 120
120 118 120
120 117 120
120 117 120
120 116 120
120 116 120
120 116 120
120 115 240
120 115 120
120 114 240
120 114 120
120 113 240
120 113 120
120 112 240
120 112 120
120 111 240
120 111 120
120 110 240
120 110 120
120 109 240
120 108 240
120 107 240
120 106 120
120 106 120
120 105 120
120 105 120
120 104 120
120 103 120
120 102 120
120 101 120
120 100 120
120 99 120
120 98 120
120 97 120
120 96 120
120 95 120
120 94 120
120 93 120
120 92 120
132 142 120
133 142 120
134 142 120
135 142 120
136 142 120
137 142 120
138 142 120
139 142 120
140 142 120
141 142 120
142 142 120
143 142 120
144 142 120
145 142 120
146 142 120
147 142 120
148 142 120
148 142 120
149 142 120
149 142 120
150 142 120
150 142 120
150 142 120
151 142 240
151 142 120
152 142 240
152 142 120
152 142 120
153 142 360
153 142 120
153 142 120
154 142 480
154 142 120
154 142 120
155 142 600
155 142 120
155 142 120
156 142 720
156 142 120
157 142 720
157 142 120
157 142 120
158 142 840
158 142 120
159 142 840
159 142 120
160 142 840
161 142 840
162 142 840
163 142 120
163 142 120
163 142 120
163 142 120
164 142 360
165 142 360
166 142 360
167 142 120
167 142 120
168 142 120
169 142 120
170 142 120
171 142 120
172 142 120
173 142 120
174 142 120
175 142 120
176 142 120
177 142 120
178 142 120
179 142 120
180 142 120
181 142 120
182 142 120
183 142 120
184 142 120
185 142 120
186 142 120
187 142 120
187 142 120
188 142 120
188 142 120
189 142 120
189 142 120
190 142 120
190 142 120
190 142 120
191 142 240
191 142 120
192 142 240
192 142 120
193 142 240
193 142 120
194 142 240
194 142 120
194 143 240
194 144 240
194 145 240
194 146 120
194 146 120
194 147 120
194 147 120
194 148 120
194 149 120
194 150 120
194 151 120
119 142 120
119 142 120
119 142 120
119 142 120
118 142 360
118 142 120
118 142 120
118 142 120
117 142 600
117 142 120
117 142 120
117 142 120
116 142 840
116 142 120
116 142 120
116 142 120
115 142 1080
115 142 120
115 142 120
115 142 120
114 142 1320
114 142 120
114 142 120
113 142 1440
113 142 120
113 142 120
113 142 120
112 142 1680
112 142 120
112 142 120
111 142 1800
111 142 120
110 142 1800
110 142 120
110 142 120
109 142 1920
109 142 120
108 142 1920
108 142 120
107 142 1920
107 142 120
106 142 1920
105 142 1920
104 142 1920
103 142 120
103 142 120
103 142 120
103 142 120
103 142 120
103 142 120
103 142 120
103 142 120
103 142 120
103 142 120
103 142 120
103 142 120
102 142 1320
101 142 1320
100 142 1320
99 142 120
99 142 120
99 142 120
99 142 120
99 142 120
99 142 120
99 142 120
99 142 120
98 142 840
97 142 840
96 142 840
95 142 120
95 142 120
95 142 120
95 142 120
95 142 120
94 142 480
93 142 480
92 142 480
91 142 120
91 142 120
90 142 120
90 142 120
89 142 120
89 142 120
88 142 120
87 142 120
86 142 120
85 142 120
84 142 120
83 142 120
82 142 120
81 142 120
80 142 120
79 142 120
78 142 120
77 142 120
76 142 120
75 142 120
74 142 120
73 142 120
73 142 120
72 142 120
72 142 120
71 142 120
71 142 120
71 142 120
70 142 240
70 142 120
70 142 120
69 142 360
69 142 120
69 142 120
69 142 120
68 142 600
68 142 120
68 142 120
68 142 120
68 142 120
67 142 960
67 142 120
67 142 120
67 142 120
66 142 1200
66 142 120
66 142 120
66 142 120
66 142 120
65 142 1560
65 142 120
65 142 120
65 142 120
65 142 120
64 142 1920
64 142 120
64 142 120
64 142 120
64 142 120
63 142 2280
63 142 120
63 142 120
63 142 120
63 142 120
62 142 2640
62 142 120
62 142 120
62 142 120
61 142 2880
61 142 120
61 142 120
60 142 3000
60 142 120
60 142 120
59 142 3120
59 142 120
59 142 120
58 142 3240
58 142 120
58 142 120
57 142 3360
57 142 120
56 142 3360
56 142 120
55 142 3360
55 142 120
54 142 3360
54 142 120
53 142 3360
53 142 120
52 142 3360
51 142 3360
50 142 3360
49 142 120
49 142 120
49 142 120
49 142 120
49 142 120
49 142 120
49 142 120
49 142 120
49 142 120
49 142 120
49 142 120
49 142 120
49 142 120
49 142 120
49 142 120
49 142 120
49 142 120
49 142 120
49 142 120
49 142 120
49 142 120
49 142 120
48 142 2520
47 142 2520
46 142 2520
46 141 120
46 141 120
46 141 120
46 141 120
46 141 120
46 141 120
46 141 120
46 141 120
46 141 120
46 141 120
46 141 120
46 140 1200
46 139 1200
46 138 1200
46 137 120
46 137 120
46 137 120
46 137 120
46 137 120
46 137 120
46 137 120
46 136 720
46 135 720
46 134 720
46 133 120
46 133 120
46 133 120
46 133 120
46 133 120
45 133 480
44 133 480
43 133 480
42 133 120
42 133 120
42 133 120
41 133 240
41 133 120
40 133 240
39 133 240
38 133 240
37 133 120
37 133 120
36 133 120
35 133 120
34 133 120
33 133 120
32 133 120
31 133 120
30 133 120
29 133 120
29 134 120
29 135 120
29 136 120
29 137 120
29 137 120
29 138 120
29 138 120
29 139 120
29 139 120
29 139 120
29 140 240
29 140 120
29 141 240
29 141 120
29 141 120
29 142 360
29 142 120
29 142 120
29 143 480
29 143 120
29 143 120
29 144 600
29 144 120
29 145 600
29 145 120
29 145 120
29 146 720
29 146 120
29 146 120
29 147 840
29 147 120
29 148 840
29 148 120
29 148 120
29 149 960
29 149 120
29 150 960
29 150 120
29 151 960
29 151 120
29 151 120
29 152 1080
29 152 120
29 153 1080
29 153 120
29 154 1080
29 155 1080
29 156 1080
29 157 120
29 157 120
29 157 120
29 157 120
29 157 120
29 157 120
29 158 600
29 159 600
29 160 600
29 161 120
29 161 120
29 162 120
29 163 120
29 164 120
29 165 120
29 166 120
29 167 120
29 168 120
29 169 120
29 170 120
29 171 120
29 172 120
29 173 120
29 174 120
29 175 120
29 176 120
29 177 120
29 178 120
29 179 120
29 180 120
29 181 120
29 182 120
29 183 120
29 184 120
29 185 120
29 186 120
29 187 120
29 188 120
29 189 120
84 41 120
85 41 120
86 41 120
87 41 120
88 41 120
89 41 120
90 41 120
91 41 120
92 41 120
93 41 120
94 41 120
95 41 120
96 41 120
97 41 120
98 41 120
99 41 120
99 40 120
99 39 120
99 38 120
99 37 120
99 36 120
99 35 120
99 34 120
99 33 120
99 32 120
99 31 120
99 30 120
99 29 120
99 28 120
99 27 120
99 26 120
99 25 120
99 24 120
99 23 120
99 22 120
99 21 120
99 20 120
99 19 120
99 18 120
99 17 120
99 16 120
99 15 120
99 14 120
99 13 120
99 12 120
99 11 120
99 10 120
99 9 120
99 8 120
99 7 120
99 6 120
99 5 120
99 4 120
99 3 120
99 2 120
99 1 120
99 0 120
