120 77 80
119 77 80
118 77 80
117 77 80
116 77 80
115 77 80
114 77 80
114 76 80
114 75 80
114 74 80
114 73 80
114 72 80
114 71 80
114 70 80
114 69 80
114 68 80
114 67 80
114 66 80
114 65 80
114 64 80
114 63 80
114 62 80
114 61 80
114 60 80
114 59 80
114 58 80
114 57 80
114 56 80
114 56 80
114 55 80
114 55 80
114 54 80
114 54 80
114 54 80
114 53 80
114 53 80
114 53 80
114 53 80
114 52 80
114 52 80
114 52 80
114 52 80
114 52 80
114 51 80
114 51 80
114 51 80
114 51 80
114 51 80
114 51 80
114 51 80
114 50 80
114 50 80
114 50 80
114 50 80
114 50 80
114 50 80
114 50 80
114 50 80
114 50 80
114 50 80
114 49 80
114 49 80
114 49 80
114 49 80
114 49 80
114 49 80
114 49 80
114 49 80
114 49 80
114 49 80
114 49 80
114 49 80
114 49 80
114 48 80
114 48 80
114 48 80
114 48 80
114 48 80
114 48 80
114 48 80
114 48 80
114 48 80
114 48 80
114 48 80
114 48 80
114 48 80
114 48 80
114 48 80
114 48 80
114 48 80
114 48 80
114 47 80
114 47 80
114 47 80
114 47 80
114 47 80
114 47 80
114 47 80
114 47 80
114 47 80
114 47 80
114 47 80
114 47 80
114 47 80
114 47 80
114 47 80
114 47 80
114 47 80
114 47 80
114 47 80
114 47 80
114 47 80
114 47 80
114 46 80
114 46 80
114 46 80
114 46 80
114 46 80
114 46 80
114 46 80
114 46 80
114 46 80
114 46 80
114 46 80
114 46 80
114 46 80
114 46 80
114 46 80
114 46 80
114 46 80
114 46 80
114 46 80
114 46 80
114 46 80
114 46 80
114 46 80
114 46 80
114 46 80
114 46 80
114 45 80
114 45 80
114 45 80
114 45 80
114 45 80
114 45 80
114 45 80
114 45 80
114 45 80
114 45 80
114 45 80
114 45 80
114 45 80
114 45 80
114 45 80
114 45 80
114 45 80
114 45 80
114 45 80
114 45 80
114 45 80
114 45 80
114 45 80
114 45 80
114 45 80
114 45 80
114 45 80
114 45 80
114 45 80
114 44 80
114 44 80
114 44 80
114 44 80
114 44 80
114 44 80
114 44 80
114 44 80
114 44 80
114 44 80
114 44 80
114 44 80
114 44 80
114 44 80
114 44 80
114 44 80
114 44 80
114 44 80
114 44 80
114 44 80
114 44 80
114 44 80
114 44 80
114 44 80
114 44 80
114 44 80
114 44 80
114 44 80
114 44 80
114 44 80
114 44 80
114 43 80
114 43 80
114 43 80
114 43 80
114 43 80
114 43 80
114 43 80
114 43 80
114 43 80
114 43 80
114 43 80
114 43 80
114 43 80
114 43 80
114 43 80
114 43 80
114 43 80
114 43 80
114 43 80
114 43 80
114 43 80
114 43 80
114 43 80
114 43 80
114 43 80
114 43 80
114 43 80
114 43 80
114 43 80
114 43 80
114 43 80
114 43 80
114 42 80
114 42 80
114 42 80
114 42 80
114 42 80
114 42 80
114 42 80
114 42 80
114 42 80
114 42 80
114 42 80
114 42 80
114 42 80
114 42 80
114 42 80
114 42 80
114 42 80
114 42 80
114 42 80
114 42 80
114 42 80
114 42 80
114 42 80
114 42 80
114 42 80
114 42 80
114 42 80
114 42 80
114 42 80
114 42 80
114 42 80
114 42 80
114 42 80
114 41 80
114 41 80
114 41 80
114 41 80
114 41 80
114 41 80
114 41 80
114 41 80
114 41 80
114 41 80
114 41 80
114 41 80
114 41 80
114 41 80
114 41 80
114 41 80
114 41 80
114 41 80
114 41 80
114 41 80
114 41 80
114 41 80
114 41 80
114 41 80
114 41 80
114 41 80
114 41 80
114 41 80
114 41 80
114 41 80
114 41 80
114 41 80
114 41 80
114 40 80
114 40 80
114 40 80
114 40 80
114 40 80
114 40 80
114 40 80
114 40 80
114 40 80
114 40 80
114 40 80
114 40 80
114 40 80
114 40 80
114 40 80
114 40 80
114 40 80
114 40 80
114 40 80
114 40 80
114 40 80
114 40 80
114 40 80
114 40 80
114 40 80
114 40 80
114 40 80
114 40 80
114 40 80
114 40 80
114 39 80
114 39 80
114 39 80
114 39 80
114 39 80
114 39 80
114 39 80
114 39 80
114 39 80
114 39 80
114 39 80
114 39 80
114 39 80
114 39 80
114 39 80
114 39 80
114 39 80
114 39 80
114 39 80
114 39 80
114 39 80
114 39 80
114 39 80
114 39 80
114 39 80
114 39 80
114 39 80
114 39 80
114 38 80
114 38 80
114 38 80
114 38 80
114 38 80
114 38 80
114 38 80
114 38 80
114 38 80
114 38 80
114 38 80
114 38 80
114 38 80
114 38 80
114 38 80
114 38 80
114 38 80
114 38 80
114 38 80
114 38 80
114 38 80
114 38 80
114 38 80
114 38 80
114 37 80
114 37 80
114 37 80
114 37 80
114 37 80
114 37 80
114 37 80
114 37 80
114 37 80
114 37 80
114 37 80
114 37 80
114 37 80
114 37 80
114 37 80
114 37 80
114 37 80
114 37 80
114 37 80
114 37 80
114 37 80
114 36 80
114 36 80
114 36 80
114 36 80
114 36 80
114 36 80
114 36 80
114 36 80
114 36 80
114 36 80
114 36 80
114 36 80
114 36 80
114 36 80
114 36 80
114 36 80
114 36 80
114 36 80
114 35 80
114 35 80
114 35 80
114 35 80
114 35 80
114 35 80
114 35 80
114 35 80
114 35 80
114 35 80
114 35 80
114 35 80
114 35 80
114 35 80
114 35 80
114 34 80
114 34 80
114 34 80
114 34 80
114 34 80
114 34 80
114 34 80
114 34 80
114 34 80
114 34 80
114 34 80
114 34 80
114 33 80
114 33 80
114 33 80
114 33 80
114 33 80
114 33 80
114 33 80
114 33 80
114 32 80
114 32 80
114 32 80
114 32 80
114 32 80
114 32 80
114 31 80
114 31 80
114 31 80
114 31 80
114 30 80
114 30 80
114 30 80
114 29 80
114 29 80
114 28 80
114 27 80
114 26 80
114 25 80
114 24 80
114 23 80
113 77 80
112 77 80
111 77 80
110 77 80
109 77 80
108 77 80
107 77 80
106 77 80
105 77 80
104 77 80
103 77 80
102 77 80
101 77 80
100 77 80
99 77 80
98 77 80
97 77 80
96 77 80
95 77 80
94 77 80
93 77 80
92 77 80
91 77 80
90 77 80
89 77 80
88 77 80
87 77 80
86 77 80
85 77 80
84 77 80
83 77 80
82 77 80
81 77 80
81 77 80
80 77 80
80 77 80
79 77 80
79 77 80
78 77 80
78 77 80
77 77 80
77 77 80
77 78 80
77 78 80
77 78 80
77 79 80
77 79 80
77 79 80
77 80 80
77 80 80
77 80 80
77 80 80
77 81 80
77 81 80
77 81 80
77 81 80
77 81 80
77 81 80
77 82 80
77 82 80
77 82 80
77 82 80
77 82 80
77 82 80
77 82 80
77 83 80
77 83 80
77 83 80
77 83 80
77 83 80
77 83 80
77 83 80
77 83 80
77 83 80
77 83 80
77 84 80
77 84 80
77 84 80
77 84 80
77 84 80
77 84 80
77 84 80
77 84 80
77 84 80
77 84 80
77 84 80
77 84 80
77 84 80
77 85 80
77 85 80
77 85 80
77 85 80
77 85 80
77 85 80
77 85 80
77 85 80
77 85 80
77 85 80
77 85 80
77 85 80
77 85 80
77 85 80
77 85 80
77 86 80
77 86 80
77 86 80
77 86 80
77 86 80
77 86 80
77 86 80
77 86 80
77 86 80
77 86 80
77 86 80
77 86 80
77 86 80
77 86 80
77 86 80
77 86 80
77 86 80
77 86 80
77 87 80
77 87 80
77 87 80
77 87 80
77 87 80
77 87 80
77 87 80
77 87 80
77 87 80
77 87 80
77 87 80
77 87 80
77 87 80
77 87 80
77 87 80
77 87 80
77 87 80
77 87 80
77 87 80
77 88 80
77 88 80
77 88 80
77 88 80
77 88 80
77 88 80
77 88 80
77 88 80
77 88 80
77 88 80
77 88 80
77 88 80
77 88 80
77 88 80
77 88 80
77 88 80
77 88 80
77 88 80
77 88 80
77 88 80
77 89 80
77 89 80
77 89 80
77 89 80
77 89 80
77 89 80
77 89 80
77 89 80
77 89 80
77 89 80
77 89 80
77 89 80
77 89 80
77 89 80
77 89 80
77 89 80
77 89 80
77 89 80
77 89 80
77 90 80
77 90 80
77 90 80
77 90 80
77 90 80
77 90 80
77 90 80
77 90 80
77 90 80
77 90 80
77 90 80
77 90 80
77 90 80
77 90 80
77 90 80
77 90 80
77 90 80
77 90 80
77 90 80
77 91 80
77 91 80
77 91 80
77 91 80
77 91 80
77 91 80
77 91 80
77 91 80
77 91 80
77 91 80
77 91 80
77 91 80
77 91 80
77 91 80
77 91 80
77 91 80
77 91 80
77 91 80
77 92 80
77 92 80
77 92 80
77 92 80
77 92 80
77 92 80
77 92 80
77 92 80
77 92 80
77 92 80
77 92 80
77 92 80
77 92 80
77 92 80
77 92 80
77 92 80
77 93 80
77 93 80
77 93 80
77 93 80
77 93 80
77 93 80
77 93 80
77 93 80
77 93 80
77 93 80
77 93 80
77 93 80
77 93 80
77 93 80
77 94 80
77 94 80
77 94 80
77 94 80
77 94 80
77 94 80
77 94 80
77 94 80
77 94 80
77 94 80
77 94 80
77 95 80
77 95 80
77 95 80
77 95 80
77 95 80
77 95 80
77 95 80
77 95 80
77 95 80
77 96 80
77 96 80
77 96 80
77 96 80
77 96 80
77 96 80
77 96 80
77 97 80
77 97 80
77 97 80
77 97 80
77 97 80
77 97 80
77 98 80
77 98 80
77 98 80
77 98 80
77 98 80
77 99 80
77 99 80
77 99 80
77 99 80
77 99 80
77 100 80
77 100 80
77 100 80
77 100 80
77 101 80
77 101 80
77 101 80
77 101 80
77 102 80
77 102 80
77 102 80
77 102 80
77 103 80
77 103 80
77 103 80
77 104 80
77 104 80
77 104 80
77 105 80
77 105 80
77 106 80
77 106 80
77 107 80
77 107 80
77 108 80
77 109 80
77 110 80
77 111 80
77 112 80
77 113 80
77 114 80
77 115 80
77 116 80
77 117 80
77 118 80
77 119 80
77 120 80
76 120 80
75 120 80
74 120 80
73 120 80
72 120 80
71 120 80
70 120 80
69 120 80
68 120 80
67 120 80
66 120 80
65 120 80
64 120 80
63 120 80
62 120 80
61 120 80
60 120 80
59 120 80
58 120 80
57 120 80
56 120 80
55 120 80
54 120 80
53 120 80
52 120 80
51 120 80
50 120 80
49 120 80
48 120 80
47 120 80
46 120 80
45 120 80
44 120 80
43 120 80
42 120 80
41 120 80
40 120 80
39 120 80
38 120 80
37 120 80
36 120 80
35 120 80
34 120 80
33 120 80
32 120 80
31 120 80
30 120 80
29 120 80
28 120 80
27 120 80
26 120 80
25 120 80
24 120 80
23 120 80
22 120 80
21 120 80
20 120 80
19 120 80
18 120 80
17 120 80
16 120 80
15 120 80
14 120 80
13 120 80
12 120 80
11 120 80
10 120 80
9 120 80
8 120 80
7 120 80
6 120 80
5 120 80
4 120 80
3 120 80
2 120 80
1 120 80
0 120 80
0 119 80
0 118 80
0 117 80
0 116 80
0 115 80
0 114 80
0 113 80
0 112 80
0 111 80
0 110 80
0 109 80
0 108 80
45 121 80
45 122 80
45 123 80
45 124 80
45 125 80
45 126 80
45 126 80
45 127 80
45 127 80
45 128 80
45 128 80
45 129 80
45 129 80
45 130 80
45 130 80
45 131 80
45 131 80
45 132 80
45 132 80
45 133 80
45 133 80
45 134 80
45 134 80
45 135 80
45 135 80
45 136 80
45 136 80
45 137 80
45 137 80
45 137 80
45 138 80
45 138 80
45 138 80
45 138 80
45 138 80
45 139 80
45 139 80
45 139 80
45 139 80
45 139 80
45 139 80
45 139 80
45 140 80
45 140 80
45 140 80
45 140 80
45 140 80
45 140 80
45 140 80
45 140 80
45 140 80
45 140 80
45 140 80
45 141 80
45 141 80
45 141 80
45 141 80
45 141 80
45 141 80
45 141 80
45 141 80
45 141 80
45 141 80
45 141 80
45 141 80
45 141 80
45 141 80
45 141 80
45 141 80
45 142 80
45 142 80
45 142 80
45 142 80
45 142 80
45 142 80
45 142 80
45 142 80
45 142 80
45 142 80
45 142 80
45 142 80
45 142 80
45 142 80
45 142 80
45 142 80
45 142 80
45 142 80
45 142 80
45 142 80
45 142 80
45 143 80
45 143 80
45 143 80
45 143 80
45 143 80
45 143 80
45 143 80
45 143 80
45 143 80
45 143 80
45 143 80
45 143 80
45 143 80
45 143 80
45 143 80
45 143 80
45 143 80
45 143 80
45 143 80
45 143 80
45 143 80
45 143 80
45 143 80
45 143 80
45 143 80
45 143 80
45 143 80
45 144 80
45 144 80
45 144 80
45 144 80
45 144 80
45 144 80
45 144 80
45 144 80
45 144 80
45 144 80
45 144 80
45 144 80
45 144 80
45 144 80
45 144 80
45 144 80
45 144 80
45 144 80
45 144 80
45 144 80
45 144 80
45 144 80
45 144 80
45 144 80
45 144 80
45 144 80
45 144 80
45 144 80
45 144 80
45 144 80
45 144 80
45 145 80
45 145 80
45 145 80
45 145 80
45 145 80
45 145 80
45 145 80
45 145 80
45 145 80
45 145 80
45 145 80
45 145 80
45 145 80
45 145 80
45 145 80
45 145 80
45 145 80
45 145 80
45 145 80
45 145 80
45 145 80
45 145 80
45 145 80
45 145 80
45 145 80
45 145 80
45 145 80
45 145 80
45 145 80
45 145 80
45 145 80
45 145 80
45 145 80
45 145 80
45 145 80
45 146 80
45 146 80
45 146 80
45 146 80
45 146 80
45 146 80
45 146 80
45 146 80
45 146 80
45 146 80
45 146 80
45 146 80
45 146 80
45 146 80
45 146 80
45 146 80
45 146 80
45 146 80
45 146 80
45 146 80
45 146 80
45 146 80
45 146 80
45 146 80
45 146 80
45 146 80
45 146 80
45 146 80
45 146 80
45 146 80
45 146 80
45 146 80
45 146 80
45 146 80
45 146 80
45 146 80
45 146 80
45 147 80
45 147 80
45 147 80
45 147 80
45 147 80
45 147 80
45 147 80
45 147 80
45 147 80
45 147 80
45 147 80
45 147 80
45 147 80
45 147 80
45 147 80
45 147 80
45 147 80
45 147 80
45 147 80
45 147 80
45 147 80
45 147 80
45 147 80
45 147 80
45 147 80
45 147 80
45 147 80
45 147 80
45 147 80
45 147 80
45 147 80
45 147 80
45 147 80
45 147 80
45 147 80
45 147 80
45 147 80
45 147 80
45 148 80
45 148 80
45 148 80
45 148 80
45 148 80
45 148 80
45 148 80
45 148 80
45 148 80
45 148 80
45 148 80
45 148 80
45 148 80
45 148 80
45 148 80
45 148 80
45 148 80
45 148 80
45 148 80
45 148 80
45 148 80
45 148 80
45 148 80
45 148 80
45 148 80
45 148 80
45 148 80
45 148 80
45 148 80
45 148 80
45 148 80
45 148 80
45 148 80
45 148 80
45 148 80
45 148 80
45 148 80
45 148 80
45 149 80
45 149 80
45 149 80
45 149 80
45 149 80
45 149 80
45 149 80
45 149 80
45 149 80
45 149 80
45 149 80
45 149 80
45 149 80
45 149 80
45 149 80
45 149 80
45 149 80
45 149 80
45 149 80
45 149 80
45 149 80
45 149 80
45 149 80
45 149 80
45 149 80
45 149 80
45 149 80
45 149 80
45 149 80
45 149 80
45 149 80
45 149 80
45 149 80
45 149 80
45 149 80
45 149 80
45 149 80
45 149 80
45 150 80
45 150 80
45 150 80
45 150 80
45 150 80
45 150 80
45 150 80
45 150 80
45 150 80
45 150 80
45 150 80
45 150 80
45 150 80
45 150 80
45 150 80
45 150 80
45 150 80
45 150 80
45 150 80
45 150 80
45 150 80
45 150 80
45 150 80
45 150 80
45 150 80
45 150 80
45 150 80
45 150 80
45 150 80
45 150 80
45 150 80
45 150 80
45 150 80
45 150 80
45 150 80
45 150 80
45 150 80
45 150 80
45 151 80
45 151 80
45 151 80
45 151 80
45 151 80
45 151 80
45 151 80
45 151 80
45 151 80
45 151 80
45 151 80
45 151 80
45 151 80
45 151 80
45 151 80
45 151 80
45 151 80
45 151 80
45 151 80
45 151 80
45 151 80
45 151 80
45 151 80
45 151 80
45 151 80
45 151 80
45 151 80
45 151 80
45 151 80
45 151 80
45 151 80
45 151 80
45 151 80
45 151 80
45 151 80
45 151 80
45 151 80
45 152 80
45 152 80
45 152 80
45 152 80
45 152 80
45 152 80
45 152 80
45 152 80
45 152 80
45 152 80
45 152 80
45 152 80
45 152 80
45 152 80
45 152 80
45 152 80
45 152 80
45 152 80
45 152 80
45 152 80
45 152 80
45 152 80
45 152 80
45 152 80
45 152 80
45 152 80
45 152 80
45 152 80
45 152 80
45 152 80
45 152 80
45 152 80
45 152 80
45 152 80
45 152 80
45 153 80
45 153 80
45 153 80
45 153 80
45 153 80
45 153 80
45 153 80
45 153 80
45 153 80
45 153 80
45 153 80
45 153 80
45 153 80
45 153 80
45 153 80
45 153 80
45 153 80
45 153 80
45 153 80
45 153 80
45 153 80
45 153 80
45 153 80
45 153 80
45 153 80
45 153 80
45 153 80
45 153 80
45 153 80
45 153 80
45 153 80
45 153 80
45 153 80
45 154 80
45 154 80
45 154 80
45 154 80
45 154 80
45 154 80
45 154 80
45 154 80
45 154 80
45 154 80
45 154 80
45 154 80
45 154 80
45 154 80
45 154 80
45 154 80
45 154 80
45 154 80
45 154 80
45 154 80
45 154 80
45 154 80
45 154 80
45 154 80
45 154 80
45 154 80
45 154 80
45 154 80
45 154 80
45 154 80
45 154 80
45 155 80
45 155 80
45 155 80
45 155 80
45 155 80
45 155 80
45 155 80
45 155 80
45 155 80
45 155 80
45 155 80
45 155 80
45 155 80
45 155 80
45 155 80
45 155 80
45 155 80
45 155 80
45 155 80
45 155 80
45 155 80
45 155 80
45 155 80
45 155 80
45 155 80
45 155 80
45 155 80
45 155 80
45 155 80
45 155 80
45 156 80
45 156 80
45 156 80
45 156 80
45 156 80
45 156 80
45 156 80
45 156 80
45 156 80
45 156 80
45 156 80
45 156 80
45 156 80
45 156 80
45 156 80
45 156 80
45 156 80
45 156 80
45 156 80
45 156 80
45 156 80
45 156 80
45 156 80
45 156 80
45 156 80
45 156 80
45 156 80
45 156 80
45 157 80
45 157 80
45 157 80
45 157 80
45 157 80
45 157 80
45 157 80
45 157 80
45 157 80
45 157 80
45 157 80
45 157 80
45 157 80
45 157 80
45 157 80
45 157 80
45 157 80
45 157 80
45 157 80
45 157 80
45 157 80
45 157 80
45 157 80
45 157 80
45 157 80
45 157 80
45 157 80
45 158 80
45 158 80
45 158 80
45 158 80
45 158 80
45 158 80
45 158 80
45 158 80
45 158 80
45 158 80
45 158 80
45 158 80
45 158 80
45 158 80
45 158 80
45 158 80
45 158 80
45 158 80
45 158 80
45 158 80
45 158 80
45 158 80
45 158 80
45 158 80
45 158 80
45 158 80
45 159 80
45 159 80
45 159 80
45 159 80
45 159 80
45 159 80
45 159 80
45 159 80
45 159 80
45 159 80
45 159 80
45 159 80
45 159 80
45 159 80
45 159 80
45 159 80
45 159 80
45 159 80
45 159 80
45 159 80
45 159 80
45 159 80
45 159 80
45 159 80
45 160 80
45 160 80
45 160 80
45 160 80
45 160 80
45 160 80
45 160 80
45 160 80
45 160 80
45 160 80
45 160 80
45 160 80
45 160 80
45 160 80
45 160 80
45 160 80
45 160 80
45 160 80
45 160 80
45 160 80
45 160 80
45 160 80
45 161 80
45 161 80
45 161 80
45 161 80
45 161 80
45 161 80
45 161 80
45 161 80
45 161 80
45 161 80
45 161 80
45 161 80
45 161 80
45 161 80
45 161 80
45 161 80
45 161 80
45 161 80
45 161 80
45 162 80
45 162 80
45 162 80
45 162 80
45 162 80
45 162 80
45 162 80
45 162 80
45 162 80
45 162 80
45 162 80
45 162 80
45 162 80
45 162 80
45 162 80
45 162 80
45 162 80
45 163 80
45 163 80
45 163 80
45 163 80
45 163 80
45 163 80
45 163 80
45 163 80
45 163 80
45 163 80
45 163 80
45 163 80
45 163 80
45 163 80
45 164 80
45 164 80
45 164 80
45 164 80
45 164 80
45 164 80
45 164 80
45 164 80
45 164 80
45 164 80
45 164 80
45 165 80
45 165 80
45 165 80
45 165 80
45 165 80
45 165 80
45 165 80
45 165 80
45 166 80
45 166 80
45 166 80
45 166 80
45 166 80
45 167 80
45 167 80
45 167 80
45 168 80
45 168 80
45 169 80
45 169 80
45 170 80
45 171 80
45 172 80
45 173 80
45 174 80
45 175 80
45 176 80
45 177 80
45 178 80
45 179 80
45 180 80
45 181 80
45 182 80
45 183 80
