185 191 50
184 191 50
183 191 50
182 191 50
181 191 50
180 191 50
179 191 50
178 191 50
177 191 50
176 191 50
175 191 50
174 191 50
173 191 50
172 191 50
171 191 50
170 191 50
169 191 50
168 191 50
167 191 50
166 191 50
165 191 50
164 191 50
163 191 50
162 191 50
161 191 50
160 191 50
159 191 50
158 191 50
157 191 50
156 191 50
155 191 50
154 191 50
153 191 50
152 191 50
151 191 50
150 191 50
149 191 50
148 191 50
147 191 50
146 191 50
145 191 50
144 191 50
143 191 50
143 190 50
143 189 50
143 188 50
143 187 50
143 186 50
143 185 50
143 184 50
143 183 50
143 182 50
143 181 50
143 180 50
143 179 50
143 178 50
143 177 50
143 176 50
143 175 50
143 174 50
143 173 50
143 173 50
143 172 50
143 172 50
143 171 50
143 171 50
143 171 50
143 171 50
143 170 50
143 170 50
143 170 50
143 170 50
143 170 50
143 170 50
143 170 50
143 169 50
143 169 50
143 169 50
143 169 50
143 169 50
143 169 50
143 169 50
143 169 50
143 169 50
143 169 50
143 169 50
143 168 50
143 168 50
143 168 50
143 168 50
143 168 50
143 168 50
143 168 50
143 168 50
143 168 50
143 168 50
143 168 50
143 168 50
143 168 50
143 168 50
143 168 50
143 168 50
143 167 50
143 167 50
143 167 50
143 167 50
143 167 50
143 167 50
143 167 50
143 167 50
143 167 50
143 167 50
143 167 50
143 167 50
143 167 50
143 167 50
143 167 50
143 167 50
143 167 50
143 167 50
143 167 50
143 167 50
143 167 50
143 167 50
143 166 50
143 166 50
143 166 50
143 166 50
143 166 50
143 166 50
143 166 50
143 166 50
143 166 50
143 166 50
143 166 50
143 166 50
143 166 50
143 166 50
143 166 50
143 166 50
143 166 50
143 166 50
143 166 50
143 166 50
143 166 50
143 166 50
143 166 50
143 166 50
143 166 50
143 166 50
143 166 50
143 166 50
143 165 50
143 165 50
143 165 50
143 165 50
143 165 50
143 165 50
143 165 50
143 165 50
143 165 50
143 165 50
143 165 50
143 165 50
143 165 50
143 165 50
143 165 50
143 165 50
143 165 50
143 165 50
143 165 50
143 165 50
143 165 50
143 165 50
143 165 50
143 165 50
143 165 50
143 165 50
143 165 50
143 165 50
143 165 50
143 165 50
143 165 50
143 165 50
143 165 50
143 164 50
143 164 50
143 164 50
143 164 50
143 164 50
143 164 50
143 164 50
143 164 50
143 164 50
143 164 50
143 164 50
143 164 50
143 164 50
143 164 50
143 164 50
143 164 50
143 164 50
143 164 50
143 164 50
143 164 50
143 164 50
143 164 50
143 164 50
143 164 50
143 164 50
143 164 50
143 164 50
143 164 50
143 164 50
143 164 50
143 164 50
143 164 50
143 164 50
143 164 50
143 164 50
143 164 50
143 164 50
143 163 50
143 163 50
143 163 50
143 163 50
143 163 50
143 163 50
143 163 50
143 163 50
143 163 50
143 163 50
143 163 50
143 163 50
143 163 50
143 163 50
143 163 50
143 163 50
143 163 50
143 163 50
143 163 50
143 163 50
143 163 50
143 163 50
143 163 50
143 163 50
143 163 50
143 163 50
143 163 50
143 163 50
143 163 50
143 163 50
143 163 50
143 163 50
143 163 50
143 163 50
143 163 50
143 163 50
143 163 50
143 163 50
143 163 50
143 163 50
143 163 50
143 162 50
143 162 50
143 162 50
143 162 50
143 162 50
143 162 50
143 162 50
143 162 50
143 162 50
143 162 50
143 162 50
143 162 50
143 162 50
143 162 50
143 162 50
143 162 50
143 162 50
143 162 50
143 162 50
143 162 50
143 162 50
143 162 50
143 162 50
143 162 50
143 162 50
143 162 50
143 162 50
143 162 50
143 162 50
143 162 50
143 162 50
143 162 50
143 162 50
143 162 50
143 162 50
143 162 50
143 162 50
143 162 50
143 162 50
143 162 50
143 162 50
143 162 50
143 162 50
143 162 50
143 161 50
143 161 50
143 161 50
143 161 50
143 161 50
143 161 50
143 161 50
143 161 50
143 161 50
143 161 50
143 161 50
143 161 50
143 161 50
143 161 50
143 161 50
143 161 50
143 161 50
143 161 50
143 161 50
143 161 50
143 161 50
143 161 50
143 161 50
143 161 50
143 161 50
143 161 50
143 161 50
143 161 50
143 161 50
143 161 50
143 161 50
143 161 50
143 161 50
143 161 50
143 161 50
143 161 50
143 161 50
143 161 50
143 161 50
143 161 50
143 161 50
143 161 50
143 161 50
143 161 50
143 161 50
143 161 50
143 160 50
143 160 50
143 160 50
143 160 50
143 160 50
143 160 50
143 160 50
143 160 50
143 160 50
143 160 50
143 160 50
143 160 50
143 160 50
143 160 50
143 160 50
143 160 50
143 160 50
143 160 50
143 160 50
143 160 50
143 160 50
143 160 50
143 160 50
143 160 50
143 160 50
143 160 50
143 160 50
143 160 50
143 160 50
143 160 50
143 160 50
143 160 50
143 160 50
143 160 50
143 160 50
143 160 50
143 160 50
143 160 50
143 160 50
143 160 50
143 160 50
143 160 50
143 160 50
143 160 50
143 160 50
143 160 50
143 160 50
143 159 50
143 159 50
143 159 50
143 159 50
143 159 50
143 159 50
143 159 50
143 159 50
143 159 50
143 159 50
143 159 50
143 159 50
143 159 50
143 159 50
143 159 50
143 159 50
143 159 50
143 159 50
143 159 50
143 159 50
143 159 50
143 159 50
143 159 50
143 159 50
143 159 50
143 159 50
143 159 50
143 159 50
143 159 50
143 159 50
143 159 50
143 159 50
143 159 50
143 159 50
143 159 50
143 159 50
143 159 50
143 159 50
143 159 50
143 159 50
143 159 50
143 159 50
143 159 50
143 159 50
143 159 50
143 159 50
143 159 50
143 159 50
143 158 50
143 158 50
143 158 50
143 158 50
143 158 50
143 158 50
143 158 50
143 158 50
143 158 50
143 158 50
143 158 50
143 158 50
143 158 50
143 158 50
143 158 50
143 158 50
143 158 50
143 158 50
143 158 50
143 158 50
143 158 50
143 158 50
143 158 50
143 158 50
143 158 50
143 158 50
143 158 50
143 158 50
143 158 50
143 158 50
143 158 50
143 158 50
143 158 50
143 158 50
143 158 50
143 158 50
143 158 50
143 158 50
143 158 50
143 158 50
143 158 50
143 158 50
143 158 50
143 158 50
143 158 50
143 158 50
143 158 50
143 158 50
143 158 50
143 157 50
143 157 50
143 157 50
143 157 50
143 157 50
143 157 50
143 157 50
143 157 50
143 157 50
143 157 50
143 157 50
143 157 50
143 157 50
143 157 50
143 157 50
143 157 50
143 157 50
143 157 50
143 157 50
143 157 50
143 157 50
143 157 50
143 157 50
143 157 50
143 157 50
143 157 50
143 157 50
143 157 50
143 157 50
143 157 50
143 157 50
143 157 50
143 157 50
143 157 50
143 157 50
143 157 50
143 157 50
143 157 50
143 157 50
143 157 50
143 157 50
143 157 50
143 157 50
143 157 50
143 157 50
143 157 50
143 157 50
143 157 50
143 157 50
143 156 50
143 156 50
143 156 50
143 156 50
143 156 50
143 156 50
143 156 50
143 156 50
143 156 50
143 156 50
143 156 50
143 156 50
143 156 50
143 156 50
143 156 50
143 156 50
143 156 50
143 156 50
143 156 50
143 156 50
143 156 50
143 156 50
143 156 50
143 156 50
143 156 50
143 156 50
143 156 50
143 156 50
143 156 50
143 156 50
143 156 50
143 156 50
143 156 50
143 156 50
143 156 50
143 156 50
143 156 50
143 156 50
143 156 50
143 156 50
143 156 50
143 156 50
143 156 50
143 156 50
143 156 50
143 156 50
143 156 50
143 156 50
143 155 50
143 155 50
143 155 50
143 155 50
143 155 50
143 155 50
143 155 50
143 155 50
143 155 50
143 155 50
143 155 50
143 155 50
143 155 50
143 155 50
143 155 50
143 155 50
143 155 50
143 155 50
143 155 50
143 155 50
143 155 50
143 155 50
143 155 50
143 155 50
143 155 50
143 155 50
143 155 50
143 155 50
143 155 50
143 155 50
143 155 50
143 155 50
143 155 50
143 155 50
143 155 50
143 155 50
143 155 50
143 155 50
143 155 50
143 155 50
143 155 50
143 155 50
143 155 50
143 155 50
143 155 50
143 155 50
143 154 50
143 154 50
143 154 50
143 154 50
143 154 50
143 154 50
143 154 50
143 154 50
143 154 50
143 154 50
143 154 50
143 154 50
143 154 50
143 154 50
143 154 50
143 154 50
143 154 50
143 154 50
143 154 50
143 154 50
143 154 50
143 154 50
143 154 50
143 154 50
143 154 50
143 154 50
143 154 50
143 154 50
143 154 50
143 154 50
143 154 50
143 154 50
143 154 50
143 154 50
143 154 50
143 154 50
143 154 50
143 154 50
143 154 50
143 154 50
143 154 50
143 154 50
143 153 50
143 153 50
143 153 50
143 153 50
143 153 50
143 153 50
143 153 50
143 153 50
143 153 50
143 153 50
143 153 50
143 153 50
143 153 50
143 153 50
143 153 50
143 153 50
143 153 50
143 153 50
143 153 50
143 153 50
143 153 50
143 153 50
143 153 50
143 153 50
143 153 50
143 153 50
143 153 50
143 153 50
143 153 50
143 153 50
143 153 50
143 153 50
143 153 50
143 153 50
143 153 50
143 153 50
143 153 50
143 152 50
143 152 50
143 152 50
143 152 50
143 152 50
143 152 50
143 152 50
143 152 50
143 152 50
143 152 50
143 152 50
143 152 50
143 152 50
143 152 50
143 152 50
143 152 50
143 152 50
143 152 50
143 152 50
143 152 50
143 152 50
143 152 50
143 152 50
143 152 50
143 152 50
143 152 50
143 152 50
143 152 50
143 152 50
143 151 50
143 151 50
143 151 50
143 151 50
143 151 50
143 151 50
143 151 50
143 151 50
143 151 50
143 151 50
143 151 50
143 151 50
143 151 50
143 151 50
143 151 50
143 151 50
143 151 50
143 151 50
143 151 50
143 151 50
143 151 50
143 151 50
143 150 50
143 150 50
143 150 50
143 150 50
143 150 50
143 150 50
143 150 50
143 150 50
143 150 50
143 150 50
143 150 50
143 150 50
143 150 50
143 150 50
143 150 50
143 149 50
143 149 50
143 149 50
143 149 50
143 149 50
143 149 50
143 149 50
143 149 50
143 149 50
143 149 50
143 148 50
143 148 50
143 148 50
143 148 50
143 148 50
143 148 50
143 148 50
143 147 50
143 147 50
143 147 50
143 147 50
143 147 50
143 146 50
143 146 50
143 146 50
143 146 50
143 145 50
143 145 50
143 145 50
143 145 50
143 144 50
143 144 50
143 144 50
143 144 50
143 143 50
143 143 50
143 143 50
143 142 50
143 142 50
143 142 50
143 141 50
143 141 50
143 141 50
143 140 50
143 140 50
143 140 50
143 139 50
143 139 50
143 138 50
143 138 50
143 137 50
143 137 50
143 136 50
143 136 50
143 135 50
143 135 50
143 134 50
143 134 50
143 133 50
143 133 50
143 133 50
143 132 50
143 132 50
143 132 50
143 132 50
143 131 50
143 131 50
143 131 50
143 131 50
143 131 50
143 130 50
143 130 50
143 130 50
143 130 50
143 130 50
143 130 50
143 130 50
143 130 50
143 129 50
143 129 50
143 129 50
143 129 50
143 129 50
143 129 50
143 129 50
143 129 50
143 129 50
143 129 50
143 129 50
143 128 50
143 128 50
143 128 50
143 128 50
143 128 50
143 128 50
143 128 50
143 128 50
143 128 50
143 128 50
143 128 50
143 128 50
143 128 50
143 128 50
143 128 50
143 127 50
143 127 50
143 127 50
143 127 50
143 127 50
143 127 50
143 127 50
143 127 50
143 127 50
143 127 50
143 127 50
143 127 50
143 127 50
143 127 50
143 127 50
143 127 50
143 127 50
143 127 50
143 126 50
143 126 50
143 126 50
143 126 50
143 126 50
143 126 50
143 126 50
143 126 50
143 126 50
143 126 50
143 126 50
143 126 50
143 126 50
143 126 50
143 126 50
143 126 50
143 126 50
143 126 50
143 126 50
143 126 50
143 126 50
143 125 50
143 125 50
143 125 50
143 125 50
143 125 50
143 125 50
143 125 50
143 125 50
143 125 50
143 125 50
143 125 50
143 125 50
143 125 50
143 125 50
143 125 50
143 125 50
143 125 50
143 125 50
143 125 50
143 125 50
143 125 50
143 125 50
143 124 50
143 124 50
143 124 50
143 124 50
143 124 50
143 124 50
143 124 50
143 124 50
143 124 50
143 124 50
143 124 50
143 124 50
143 124 50
143 124 50
143 124 50
143 124 50
143 124 50
143 124 50
143 124 50
143 124 50
143 124 50
143 123 50
143 123 50
143 123 50
143 123 50
143 123 50
143 123 50
143 123 50
143 123 50
143 123 50
143 123 50
143 123 50
143 123 50
143 123 50
143 123 50
143 123 50
143 123 50
143 123 50
143 123 50
143 123 50
143 122 50
143 122 50
143 122 50
143 122 50
143 122 50
143 122 50
143 122 50
143 122 50
143 122 50
143 122 50
143 122 50
143 122 50
143 122 50
143 122 50
143 122 50
143 121 50
143 121 50
143 121 50
143 121 50
143 121 50
143 121 50
143 121 50
143 121 50
143 121 50
143 121 50
143 121 50
143 120 50
143 120 50
143 120 50
143 120 50
143 120 50
143 120 50
143 120 50
143 120 50
143 119 50
143 119 50
143 119 50
143 119 50
143 119 50
143 119 50
143 118 50
143 118 50
143 118 50
143 118 50
143 117 50
143 117 50
143 117 50
143 116 50
143 116 50
143 116 50
143 115 50
143 115 50
143 115 50
143 114 50
143 114 50
143 114 50
143 113 50
143 113 50
143 112 50
143 112 50
143 111 50
143 111 50
143 110 50
143 110 50
143 109 50
143 109 50
143 108 50
143 108 50
143 107 50
143 107 50
143 106 50
143 106 50
143 106 50
143 105 50
143 105 50
143 105 50
143 104 50
143 104 50
143 104 50
143 104 50
143 103 50
143 103 50
143 103 50
143 103 50
143 103 50
143 103 50
143 102 50
143 102 50
143 102 50
143 102 50
143 102 50
143 102 50
143 102 50
143 101 50
143 101 50
143 101 50
143 101 50
143 101 50
143 101 50
143 101 50
143 101 50
143 100 50
143 100 50
143 100 50
143 100 50
143 100 50
143 100 50
143 100 50
143 100 50
143 99 50
143 99 50
143 99 50
143 99 50
143 99 50
143 99 50
143 99 50
143 98 50
143 98 50
143 98 50
143 98 50
143 98 50
143 98 50
143 97 50
143 97 50
143 97 50
143 97 50
143 97 50
143 96 50
143 96 50
143 96 50
143 96 50
143 95 50
143 95 50
143 95 50
143 94 50
143 94 50
143 94 50
143 93 50
143 93 50
143 92 50
143 92 50
143 91 50
143 91 50
143 90 50
143 90 50
143 89 50
143 89 50
143 88 50
143 88 50
143 87 50
143 86 50
143 85 50
143 84 50
143 83 50
143 82 50
143 81 50
143 80 50
130 146 50
131 146 50
132 146 50
133 146 50
134 146 50
135 146 50
136 146 50
137 146 50
138 146 50
139 146 50
139 146 50
140 146 50
140 146 50
141 146 50
141 146 50
142 146 50
142 146 50
142 146 50
115 27 100
116 27 50
117 27 50
118 27 50
119 27 50
120 27 50
121 27 50
122 27 50
123 27 50
124 27 50
125 27 50
126 27 50
127 27 50
128 27 50
129 27 50
130 27 50
131 27 50
132 27 50
133 27 50
134 27 50
135 27 50
136 27 50
137 27 50
138 27 50
139 27 50
140 27 50
141 27 50
142 27 50
143 27 50
143 28 50
143 29 50
143 30 50
143 31 50
143 32 50
143 33 50
143 34 50
143 35 50
143 36 50
143 37 50
143 38 50
143 39 50
143 40 50
143 41 50
143 41 50
143 42 50
143 42 50
143 43 50
143 43 50
143 43 50
143 44 50
143 44 50
143 44 50
143 44 50
143 45 50
143 45 50
143 45 50
143 45 50
143 46 50
143 46 50
143 46 50
143 46 50
143 46 50
143 47 50
143 47 50
143 47 50
143 47 50
143 47 50
143 48 50
143 48 50
143 48 50
143 48 50
143 48 50
143 48 50
143 49 50
143 49 50
143 49 50
143 49 50
143 49 50
143 49 50
143 50 50
143 50 50
143 50 50
143 50 50
143 50 50
143 50 50
143 51 50
143 51 50
143 51 50
143 51 50
143 51 50
143 51 50
143 52 50
143 52 50
143 52 50
143 52 50
143 52 50
143 53 50
143 53 50
143 53 50
143 53 50
143 54 50
143 54 50
143 54 50
143 55 50
143 55 50
143 56 50
143 56 50
143 57 50
143 57 50
143 58 50
143 59 50
143 60 50
143 61 50
143 62 50
143 63 50
143 63 50
143 64 50
143 64 50
143 65 50
143 65 50
143 65 50
143 66 50
143 66 50
143 66 50
143 66 50
143 67 50
143 67 50
143 67 50
143 67 50
143 67 50
143 67 50
143 67 50
143 68 50
143 68 50
143 68 50
143 68 50
143 68 50
143 68 50
143 68 50
143 68 50
143 68 50
143 69 50
143 69 50
143 69 50
143 69 50
143 69 50
143 69 50
143 69 50
143 69 50
143 69 50
143 69 50
143 69 50
143 69 50
143 70 50
143 70 50
143 70 50
143 70 50
143 70 50
143 70 50
143 70 50
143 70 50
143 70 50
143 70 50
143 70 50
143 70 50
143 70 50
143 70 50
143 71 50
143 71 50
143 71 50
143 71 50
143 71 50
143 71 50
143 71 50
143 71 50
143 71 50
143 71 50
143 71 50
143 71 50
143 71 50
143 71 50
143 71 50
143 71 50
143 72 50
143 72 50
143 72 50
143 72 50
143 72 50
143 72 50
143 72 50
143 72 50
143 72 50
143 72 50
143 72 50
143 72 50
143 72 50
143 72 50
143 72 50
143 73 50
143 73 50
143 73 50
143 73 50
143 73 50
143 73 50
143 73 50
143 73 50
143 73 50
143 73 50
143 73 50
143 73 50
143 73 50
143 74 50
143 74 50
143 74 50
143 74 50
143 74 50
143 74 50
143 74 50
143 74 50
143 74 50
143 74 50
143 75 50
143 75 50
143 75 50
143 75 50
143 75 50
143 75 50
143 75 50
143 76 50
143 76 50
143 76 50
143 76 50
143 76 50
143 77 50
143 77 50
143 77 50
143 78 50
143 78 50
143 79 50
143 79 50
144 27 50
145 27 50
146 27 50
147 27 50
148 27 50
149 27 50
150 27 50
151 27 50
152 27 50
153 27 50
154 27 50
155 27 50
156 27 50
157 27 50
158 27 50
159 27 50
160 27 50
161 27 50
162 27 50
163 27 50
164 27 50
165 27 50
166 27 50
167 27 50
168 27 50
168 27 50
169 27 50
169 27 50
169 27 50
170 27 50
170 27 50
170 27 50
170 27 50
171 27 50
171 27 50
171 27 50
171 27 50
171 27 50
172 27 50
172 27 50
172 27 50
172 27 50
172 27 50
172 27 50
173 27 50
173 27 50
173 27 50
173 27 50
173 27 50
173 27 50
173 27 50
174 27 50
174 27 50
174 27 50
174 27 50
174 27 50
174 27 50
174 27 50
175 27 50
175 27 50
175 27 50
175 27 50
175 27 50
175 27 50
175 27 50
176 27 50
176 27 50
176 27 50
176 27 50
176 27 50
176 27 50
177 27 50
177 27 50
177 27 50
177 27 50
177 27 50
177 27 50
178 27 50
178 27 50
178 27 50
178 27 50
178 27 50
178 27 50
179 27 50
179 27 50
179 27 50
179 27 50
179 27 50
180 27 50
180 27 50
180 27 50
180 27 50
180 27 50
181 27 50
181 27 50
181 27 50
181 27 50
182 27 50
182 27 50
182 27 50
182 27 50
183 27 50
183 27 50
183 27 50
184 27 50
184 27 50
184 27 50
184 26 100
184 26 50
184 25 50
184 25 50
184 25 50
184 24 50
184 24 50
184 24 50
184 24 50
184 23 50
184 23 50
184 23 50
184 23 50
184 23 50
184 22 50
184 22 50
184 22 50
184 22 50
184 22 50
184 22 50
184 21 50
184 21 50
184 21 50
184 21 50
184 21 50
184 21 50
184 21 50
184 20 50
184 20 50
184 20 50
184 20 50
184 20 50
184 20 50
184 20 50
184 20 50
184 19 50
184 19 50
184 19 50
184 19 50
184 19 50
184 19 50
184 19 50
184 19 50
184 18 50
184 18 50
184 18 50
184 18 50
184 18 50
184 18 50
184 18 50
184 18 50
184 17 50
184 17 50
184 17 50
184 17 50
184 17 50
184 17 50
184 17 50
184 16 50
184 16 50
184 16 50
184 16 50
184 16 50
184 16 50
184 16 50
184 15 50
184 15 50
184 15 50
184 15 50
184 15 50
184 14 50
184 14 50
184 14 50
184 14 50
184 13 50
184 13 50
184 13 50
184 12 50
184 12 50
184 12 50
184 11 50
184 11 50
184 10 50
184 9 50
184 8 50
184 7 50
184 6 50
184 5 50
184 4 50
184 3 50
184 2 50
184 1 50
184 0 50
25 92 50
24 92 50
23 92 50
22 92 50
21 92 50
20 92 50
19 92 50
18 92 50
17 92 50
16 92 50
15 92 50
14 92 50
13 92 50
12 92 50
11 92 50
10 92 50
9 92 50
8 92 50
7 92 50
6 92 50
6 92 50
6 93 50
6 93 50
6 94 50
6 95 50
6 96 50
6 97 50
6 98 50
6 99 50
6 100 50
6 101 50
6 102 50
6 102 50
6 103 50
6 103 50
6 104 50
6 104 50
6 105 50
6 105 50
6 106 50
6 106 50
6 106 50
6 107 50
6 107 50
6 107 50
6 107 50
6 108 50
6 108 50
6 108 50
6 108 50
6 108 50
6 109 50
6 109 50
6 109 50
6 109 50
6 109 50
6 109 50
6 109 50
6 110 50
6 110 50
6 110 50
6 110 50
6 110 50
6 110 50
6 110 50
6 110 50
6 110 50
6 111 50
6 111 50
6 111 50
6 111 50
6 111 50
6 111 50
6 111 50
6 111 50
6 111 50
6 111 50
6 111 50
6 112 50
6 112 50
6 112 50
6 112 50
6 112 50
6 112 50
6 112 50
6 112 50
6 112 50
6 112 50
6 112 50
6 112 50
6 113 50
6 113 50
6 113 50
6 113 50
6 113 50
6 113 50
6 113 50
6 113 50
6 113 50
6 113 50
6 113 50
6 113 50
6 113 50
6 114 50
6 114 50
6 114 50
6 114 50
6 114 50
6 114 50
6 114 50
6 114 50
6 114 50
6 114 50
6 114 50
6 115 50
6 115 50
6 115 50
6 115 50
6 115 50
6 115 50
6 115 50
6 115 50
6 115 50
6 116 50
6 116 50
6 116 50
6 116 50
6 116 50
6 116 50
6 116 50
6 117 50
6 117 50
6 117 50
6 117 50
6 117 50
6 118 50
6 118 50
6 118 50
6 118 50
6 119 50
6 119 50
6 119 50
6 120 50
6 120 50
6 121 50
6 121 50
6 122 50
6 122 50
6 123 50
6 123 50
6 124 50
6 124 50
6 125 50
6 126 50
6 127 50
6 128 50
6 129 50
6 130 50
6 130 50
6 131 50
6 131 50
6 132 50
6 132 50
6 132 50
6 133 50
6 133 50
6 133 50
6 133 50
6 134 50
6 134 50
6 134 50
6 134 50
6 134 50
6 134 50
6 134 50
6 135 50
6 135 50
6 135 50
6 135 50
6 135 50
6 135 50
6 135 50
6 135 50
6 135 50
6 136 50
6 136 50
6 136 50
6 136 50
6 136 50
6 136 50
6 136 50
6 136 50
6 136 50
6 136 50
6 136 50
6 137 50
6 137 50
6 137 50
6 137 50
6 137 50
6 137 50
6 137 50
6 137 50
6 137 50
6 137 50
6 137 50
6 137 50
6 137 50
6 138 50
6 138 50
6 138 50
6 138 50
6 138 50
6 138 50
6 138 50
6 138 50
6 138 50
6 138 50
6 138 50
6 138 50
6 138 50
6 139 50
6 139 50
6 139 50
6 139 50
6 139 50
6 139 50
6 139 50
6 139 50
6 139 50
6 139 50
6 139 50
6 139 50
6 140 50
6 140 50
6 140 50
6 140 50
6 140 50
6 140 50
6 140 50
6 140 50
6 140 50
6 140 50
6 141 50
6 141 50
6 141 50
6 141 50
6 141 50
6 141 50
6 141 50
6 141 50
6 142 50
6 142 50
6 142 50
6 142 50
6 142 50
6 142 50
6 143 50
6 143 50
6 143 50
6 143 50
6 143 50
6 144 50
6 144 50
6 144 50
6 145 50
6 145 50
6 145 50
6 146 50
6 146 50
6 147 50
6 147 50
6 148 50
6 148 50
6 149 50
6 149 50
