169 144 120
168 144 120
167 144 120
166 144 120
165 144 120
164 144 120
163 144 120
162 144 120
161 144 120
160 144 120
159 144 120
158 144 120
157 144 120
156 144 120
155 144 120
154 144 120
153 144 120
152 144 120
151 144 120
150 144 120
150 144 120
149 144 120
149 144 120
149 144 120
148 144 240
148 144 120
147 144 240
147 144 120
147 144 120
147 144 120
146 144 480
146 144 120
146 144 120
145 144 600
145 144 120
145 144 120
144 144 720
144 144 120
144 144 120
143 144 840
143 144 120
142 144 840
142 144 120
142 144 120
141 144 960
141 144 120
140 144 960
140 144 120
139 144 960
138 144 960
137 144 960
136 144 120
136 144 120
136 144 120
136 144 120
136 144 120
136 144 120
135 144 600
134 144 600
133 144 600
132 144 120
132 144 120
132 144 120
131 144 240
130 144 240
129 144 240
128 144 120
128 144 120
127 144 120
127 144 120
126 144 120
126 144 120
125 144 120
125 144 120
124 144 120
124 144 120
123 144 120
123 144 120
122 144 120
122 144 120
121 144 120
121 144 120
120 144 120
120 144 120
120 144 120
119 144 240
119 144 120
118 144 240
118 144 120
117 144 240
117 144 120
116 144 240
116 144 120
115 144 240
115 144 120
114 144 240
114 144 120
113 144 240
113 144 120
112 144 240
112 144 120
111 144 240
110 144 240
109 144 240
108 144 120
108 144 120
107 144 120
107 144 120
107 144 120
106 144 240
106 144 120
105 144 240
105 144 120
104 144 240
104 144 120
103 144 240
103 144 120
102 144 240
102 144 120
102 143 240
102 143 120
102 142 240
102 141 240
102 140 240
102 139 120
102 138 120
102 137 120
102 136 120
102 135 120
102 134 120
102 133 120
102 132 120
102 131 120
102 130 120
102 129 120
102 128 120
102 127 120
102 126 120
102 125 120
102 125 120
102 124 120
102 124 120
102 123 120
102 123 120
102 123 120
102 122 240
102 122 120
102 121 240
102 121 120
102 121 120
102 120 360
102 120 120
102 120 120
102 119 480
102 119 120
102 119 120
102 118 600
102 118 120
102 117 600
102 117 120
102 116 600
102 116 120
102 115 600
102 114 600
102 113 600
102 112 120
102 112 120
102 112 120
102 111 240
102 110 240
102 109 240
102 108 120
102 107 120
102 106 120
102 105 120
102 104 120
102 103 120
102 102 120
102 101 120
102 100 120
102 99 120
22 107 120
23 107 120
24 107 120
25 107 120
26 107 120
27 107 120
28 107 120
29 107 120
30 107 120
31 107 120
32 107 120
33 107 120
34 107 120
35 107 120
36 107 120
37 107 120
37 107 120
38 107 120
38 107 120
39 107 120
39 107 120
40 107 120
40 107 120
40 107 120
41 107 240
41 107 120
42 107 240
42 107 120
42 107 120
43 107 360
43 107 120
43 107 120
43 107 120
44 107 600
44 107 120
44 107 120
44 107 120
45 107 840
45 107 120
45 107 120
45 107 120
46 107 1080
46 107 120
46 107 120
46 107 120
46 107 120
47 107 1440
47 107 120
47 107 120
47 107 120
47 107 120
47 107 120
48 107 1920
48 107 120
48 107 120
48 107 120
48 107 120
48 107 120
49 107 2400
49 107 120
49 107 120
49 107 120
49 107 120
50 107 2760
50 107 120
50 107 120
50 107 120
50 107 120
51 107 3120
51 107 120
51 107 120
51 107 120
52 107 3360
52 107 120
52 107 120
52 107 120
53 107 3600
53 107 120
54 107 3600
54 107 120
55 107 3600
56 107 3600
57 107 3600
58 107 120
58 107 120
58 107 120
58 107 120
58 107 120
58 107 120
58 107 120
58 107 120
58 107 120
58 107 120
58 107 120
58 107 120
58 107 120
58 107 120
58 107 120
58 107 120
58 107 120
58 107 120
58 107 120
58 107 120
58 107 120
58 107 120
58 107 120
59 107 2640
60 107 2640
61 107 2640
62 107 120
62 107 120
62 107 120
62 107 120
62 107 120
62 107 120
62 107 120
62 107 120
62 107 120
62 107 120
62 107 120
63 107 1200
64 107 1200
65 107 1200
66 107 120
66 107 120
66 107 120
66 107 120
67 107 360
68 107 360
69 107 360
70 107 120
70 107 120
71 107 120
72 107 120
73 107 120
74 107 120
75 107 120
76 107 120
77 107 120
77 107 120
78 107 120
78 107 120
79 107 120
79 107 120
80 107 120
80 107 120
80 107 120
81 107 240
81 107 120
81 107 120
82 107 360
82 107 120
82 107 120
83 107 480
83 107 120
83 107 120
83 107 120
84 107 720
84 107 120
84 107 120
85 107 840
85 107 120
85 107 120
86 107 960
86 107 120
87 107 960
87 107 120
88 107 960
89 107 960
90 107 960
91 107 120
91 107 120
91 107 120
91 107 120
91 107 120
92 107 480
93 107 480
94 107 480
95 107 120
95 107 120
96 107 120
96 107 120
97 107 120
98 107 120
99 107 120
100 107 120
101 107 120
21 107 120
20 107 120
19 107 120
18 107 120
17 107 120
16 107 120
15 107 120
14 107 120
14 107 120
13 107 120
13 107 120
12 107 120
12 107 120
12 107 120
11 107 240
11 107 120
11 107 120
10 107 360
10 107 120
10 107 120
9 107 480
9 107 120
9 107 120
9 107 120
8 107 720
8 107 120
8 107 120
8 107 120
7 107 960
7 107 120
7 107 120
7 107 120
6 107 1200
6 107 120
6 107 120
5 107 1320
5 107 120
5 107 120
5 107 120
4 107 1560
4 107 120
3 107 1560
3 107 120
3 107 120
2 107 1680
1 107 1680
1 108 1680
1 108 120
1 109 1680
1 109 120
1 109 120
1 109 120
1 110 1920
1 110 120
1 110 120
1 110 120
1 111 2160
1 111 120
1 111 120
1 112 2280
1 112 120
1 113 2280
1 113 120
1 114 2280
1 114 120
1 115 2280
1 116 2280
1 117 2280
1 118 120
1 118 120
1 118 120
1 118 120
1 118 120
1 118 120
1 118 120
1 118 120
1 118 120
1 118 120
1 118 120
1 118 120
1 119 1320
1 120 1320
1 121 1320
1 122 120
1 122 120
1 122 120
1 123 240
1 124 240
1 125 240
1 126 120
1 127 120
1 128 120
1 129 120
1 130 120
1 131 120
1 132 120
1 133 120
1 134 120
1 135 120
1 136 120
1 137 120
1 138 120
1 139 120
1 140 120
1 141 120
1 142 120
1 143 120
1 144 120
1 145 120
1 146 120
1 147 120
1 148 120
1 149 120
1 150 120
1 151 120
1 152 120
1 153 120
1 154 120
1 155 120
1 156 120
1 157 120
1 158 120
1 159 120
1 160 120
1 161 120
1 162 120
1 163 120
1 164 120
1 165 120
1 166 120
16 106 120
16 105 120
16 104 120
16 103 120
16 102 120
16 101 120
16 100 120
16 99 120
16 98 120
16 97 120
16 96 120
16 95 120
16 94 120
16 93 120
16 92 120
16 91 120
16 90 120
16 89 120
16 88 120
16 87 120
16 86 120
16 85 120
16 84 120
16 83 120
16 82 120
16 81 120
16 81 120
16 80 120
16 80 120
16 80 120
16 79 240
16 79 120
16 79 120
16 78 360
16 78 120
16 78 120
16 77 480
16 77 120
16 76 480
16 76 120
16 76 120
16 75 600
16 75 120
16 75 120
16 74 720
16 74 120
16 74 120
16 73 840
16 73 120
16 73 120
16 72 960
16 72 120
16 72 120
16 71 1080
16 71 120
16 71 120
16 70 1200
16 70 120
16 69 1200
16 69 120
16 68 1200
16 68 120
16 67 1200
16 66 1200
16 65 1200
16 64 120
16 64 120
16 64 120
16 64 120
16 64 120
16 64 120
16 63 600
16 62 600
16 61 600
16 60 120
16 60 120
16 59 120
16 58 120
16 57 120
16 56 120
16 55 120
16 54 120
16 53 120
16 52 120
16 51 120
16 50 120
16 49 120
16 48 120
16 47 120
16 46 120
16 45 120
16 45 120
16 44 120
16 44 120
16 43 120
16 43 120
16 43 120
16 42 240
16 42 120
16 42 120
16 41 360
16 41 120
16 41 120
16 40 480
16 40 120
16 40 120
16 40 120
16 39 720
16 39 120
16 39 120
16 38 840
16 38 120
16 38 120
16 38 120
16 37 1080
16 37 120
16 37 120
16 36 1200
16 36 120
16 35 1200
16 35 120
16 35 120
16 34 1320
16 34 120
16 33 1320
16 32 1320
16 31 1320
16 30 120
16 30 120
16 30 120
16 30 120
16 30 120
16 30 120
16 30 120
16 29 720
16 28 720
16 27 720
16 26 120
16 26 120
16 25 120
16 25 120
16 24 120
16 23 120
16 22 120
16 21 120
16 20 120
16 19 120
16 18 120
16 17 120
16 16 120
16 15 120
16 14 120
16 13 120
