156 108 120
155 108 120
154 108 120
153 108 120
152 108 120
151 108 120
150 108 120
149 108 120
148 108 120
147 108 120
146 108 120
145 108 120
144 108 120
143 108 120
142 108 120
141 108 120
140 108 120
139 108 120
138 108 120
137 108 120
136 108 120
135 108 120
134 108 120
133 108 120
132 108 120
131 108 120
130 108 120
129 108 120
128 108 120
127 108 120
126 108 120
125 108 120
124 108 120
123 108 120
122 108 120
121 108 120
120 108 120
119 108 120
118 108 120
117 108 120
116 108 120
115 108 120
114 108 120
113 108 120
112 108 120
111 108 120
110 108 120
109 108 120
108 108 120
107 108 120
106 108 120
105 108 120
104 108 120
103 108 120
102 108 120
102 108 120
101 108 120
101 108 120
100 108 120
100 108 120
100 108 120
99 108 240
99 108 120
99 108 120
98 108 360
98 108 120
98 108 120
97 108 480
97 108 120
97 108 120
96 108 600
96 108 120
96 108 120
96 108 120
95 108 840
95 108 120
95 108 120
95 108 120
94 108 1080
94 108 120
94 108 120
93 108 1200
93 108 120
93 108 120
93 108 120
92 108 1440
92 108 120
92 108 120
91 108 1560
91 108 120
91 108 120
91 108 120
90 108 1800
90 108 120
90 108 120
89 108 1920
89 108 120
89 108 120
89 108 120
88 108 2160
88 108 120
88 108 120
88 108 120
87 108 2400
87 108 120
87 108 120
86 108 2520
86 108 120
86 108 120
86 108 120
85 108 2760
85 108 120
85 108 120
85 108 120
84 108 3000
84 108 120
84 108 120
84 108 120
83 108 3240
83 108 120
83 108 120
82 108 3360
82 108 120
82 108 120
81 108 3480
81 108 120
81 108 120
80 108 3600
80 108 120
79 108 3600
78 108 3600
77 108 3600
76 108 120
76 108 120
76 108 120
76 108 120
76 108 120
76 108 120
76 108 120
76 108 120
76 108 120
76 108 120
76 108 120
76 108 120
76 108 120
76 108 120
76 108 120
76 108 120
76 108 120
76 108 120
76 108 120
76 108 120
76 108 120
76 108 120
76 108 120
76 108 120
76 108 120
76 108 120
76 108 120
76 108 120
75 108 3240
74 108 3240
73 108 3240
72 108 120
72 108 120
72 108 120
72 108 120
72 108 120
72 108 120
72 108 120
72 108 120
72 108 120
72 108 120
72 108 120
72 108 120
72 108 120
72 108 120
72 108 120
72 108 120
72 108 120
72 108 120
72 108 120
72 108 120
72 108 120
72 108 120
72 108 120
72 108 120
72 108 120
72 108 120
72 108 120
71 108 3120
71 108 120
70 108 3120
70 108 120
69 108 3120
69 108 120
69 108 120
68 108 3240
68 108 120
67 108 3240
67 108 120
67 108 120
66 108 3360
66 108 120
65 108 3360
65 108 120
65 109 3360
65 110 3360
65 111 3360
65 112 120
65 112 120
65 112 120
65 112 120
65 112 120
65 112 120
65 112 120
65 112 120
65 112 120
65 112 120
65 112 120
65 112 120
65 112 120
65 112 120
65 112 120
65 112 120
65 112 120
65 112 120
65 112 120
65 112 120
65 112 120
65 112 120
65 112 120
65 112 120
65 113 2760
65 114 2760
65 115 2760
65 116 120
65 116 120
65 116 120
65 116 120
65 116 120
65 116 120
65 116 120
65 116 120
65 116 120
65 116 120
65 116 120
65 116 120
65 116 120
65 116 120
65 116 120
65 116 120
65 117 1800
65 118 1800
65 119 1800
65 120 120
65 120 120
65 120 120
65 120 120
65 120 120
65 120 120
65 120 120
65 120 120
65 120 120
65 121 960
65 122 960
65 123 960
65 124 120
65 124 120
65 124 120
65 124 120
65 124 120
65 125 480
65 125 120
65 126 480
65 127 480
65 128 480
65 129 120
65 129 120
65 129 120
65 130 240
65 131 240
65 132 240
65 133 120
65 134 120
65 135 120
65 136 120
65 137 120
65 138 120
65 139 120
65 140 120
65 141 120
65 142 120
65 143 120
65 144 120
65 145 120
65 146 120
65 146 120
65 147 120
65 147 120
65 148 120
65 148 120
65 149 120
65 149 120
65 150 120
65 150 120
65 150 120
65 151 240
65 151 120
65 152 240
65 152 120
65 152 120
65 153 360
65 153 120
65 153 120
65 154 480
65 154 120
65 154 120
65 155 600
65 155 120
65 155 120
65 156 720
65 156 120
65 156 120
144 107 840
144 106 840
144 105 840
144 104 120
144 103 120
144 102 120
144 101 120
144 100 120
144 99 120
144 98 120
144 97 120
144 96 120
144 95 120
144 94 120
144 93 120
144 92 120
144 91 120
144 90 120
144 89 120
144 88 120
144 87 120
144 86 120
144 85 120
144 84 120
144 84 120
144 83 120
144 83 120
144 82 120
144 82 120
144 81 120
144 81 120
144 80 120
144 80 120
144 80 120
144 79 240
144 79 120
144 78 240
144 78 120
144 77 240
144 77 120
144 77 120
144 76 360
144 76 120
144 75 360
144 75 120
144 75 120
144 74 480
144 74 120
144 73 480
144 73 120
144 73 120
144 72 600
144 72 120
144 71 600
144 71 120
144 70 600
144 70 120
144 69 600
144 69 120
144 68 600
144 67 600
144 66 600
144 65 120
144 65 120
144 65 120
144 65 120
144 64 360
144 63 360
144 62 360
144 61 120
144 61 120
144 60 120
144 60 120
144 59 120
144 59 120
144 58 120
144 57 120
144 56 120
144 55 120
144 54 120
144 53 120
144 52 120
144 51 120
144 50 120
144 49 120
144 48 120
144 47 120
144 46 120
144 45 120
144 44 120
144 43 120
144 42 120
144 41 120
144 40 120
144 39 120
144 38 120
144 37 120
143 37 120
142 37 120
141 37 120
140 37 120
139 37 120
138 37 120
137 37 120
136 37 120
135 37 120
134 37 120
133 37 120
132 37 120
131 37 120
130 37 120
129 37 120
128 37 120
127 37 120
126 37 120
125 37 120
124 37 120
123 37 120
122 37 120
121 37 120
120 37 120
119 37 120
118 37 120
117 37 120
116 37 120
115 37 120
115 37 120
114 37 120
114 37 120
113 37 120
113 37 120
112 37 120
112 37 120
111 37 120
111 37 120
110 37 120
110 37 120
109 37 120
109 37 120
108 37 120
108 37 120
107 37 120
107 37 120
106 37 120
106 37 120
105 37 120
105 37 120
104 37 120
103 37 120
102 37 120
101 37 120
100 37 120
99 37 120
98 37 120
97 37 120
97 38 120
97 39 120
97 40 120
97 41 120
97 42 120
97 43 120
97 44 120
97 45 120
97 46 120
97 47 120
97 48 120
97 49 120
97 50 120
97 51 120
97 52 120
97 53 120
97 54 120
96 54 120
95 54 120
94 54 120
93 54 120
92 54 120
91 54 120
90 54 120
89 54 120
88 54 120
87 54 120
86 54 120
85 54 120
84 54 120
83 54 120
82 54 120
81 54 120
80 54 120
79 54 120
78 54 120
77 54 120
76 54 120
75 54 120
74 54 120
73 54 120
72 54 120
71 54 120
70 54 120
69 54 120
68 54 120
67 54 120
66 54 120
65 54 120
64 54 120
63 54 120
62 54 120
61 54 120
60 54 120
59 54 120
58 54 120
57 54 120
56 54 120
55 54 120
54 54 120
53 54 120
52 54 120
51 54 120
50 54 120
49 54 120
49 54 120
48 54 120
48 54 120
47 54 120
46 54 120
45 54 120
44 54 120
43 54 120
42 54 120
41 54 120
40 54 120
39 54 120
39 54 120
38 54 120
38 54 120
37 54 120
37 54 120
36 54 120
36 54 120
36 54 120
35 54 240
35 54 120
34 54 240
34 54 120
33 54 240
33 54 120
33 54 120
32 54 360
32 54 120
31 54 360
31 54 120
30 54 360
30 54 120
29 54 360
29 54 120
28 54 360
28 54 120
27 54 360
26 54 360
25 54 360
24 54 120
24 54 120
24 54 120
24 54 120
23 54 360
23 54 120
22 54 360
22 54 120
22 54 120
21 54 480
21 54 120
20 54 480
20 54 120
20 54 120
19 54 600
19 54 120
19 54 120
18 54 720
18 54 120
17 54 720
17 54 120
16 54 720
16 54 120
16 54 120
15 54 840
15 54 120
14 54 840
14 55 840
14 55 120
14 55 120
14 56 960
14 56 120
14 56 120
14 57 1080
14 57 120
14 57 120
14 58 1200
14 58 120
14 59 1200
14 59 120
14 60 1200
14 60 120
14 61 1200
14 62 1200
14 63 1200
14 64 120
14 64 120
14 64 120
14 64 120
14 64 120
14 64 120
14 64 120
14 65 720
14 66 720
14 67 720
14 68 120
14 68 120
14 68 120
14 69 240
14 69 120
14 70 240
14 71 240
14 72 240
14 73 120
14 73 120
14 74 120
14 74 120
14 75 120
14 75 120
14 76 120
14 76 120
14 77 120
14 77 120
14 78 120
14 78 120
14 79 120
14 79 120
14 80 120
14 80 120
14 81 120
14 82 120
14 83 120
32 135 120
33 135 120
34 135 120
35 135 120
36 135 120
37 135 120
38 135 120
39 135 120
40 135 120
41 135 120
42 135 120
43 135 120
44 135 120
45 135 120
46 135 120
47 135 120
48 135 120
49 135 120
50 135 120
51 135 120
52 135 120
53 135 120
54 135 120
55 135 120
56 135 120
57 135 120
58 135 120
59 135 120
60 135 120
61 135 120
62 135 120
63 135 120
64 135 120
31 135 120
30 135 120
29 135 120
28 135 120
27 135 120
26 135 120
25 135 120
24 135 120
23 135 120
22 135 120
21 135 120
20 135 120
19 135 120
18 135 120
17 135 120
16 135 120
15 135 120
14 135 120
13 135 120
13 135 120
12 135 120
12 135 120
11 135 120
11 135 120
10 135 120
10 135 120
9 135 120
9 135 120
8 135 120
8 135 120
7 135 120
7 135 120
6 135 120
6 135 120
6 135 120
5 135 240
5 135 120
4 135 240
4 135 120
4 136 240
4 136 120
4 137 240
4 137 120
4 138 240
4 138 120
4 138 120
4 139 360
4 139 120
4 140 360
4 140 120
4 140 120
4 141 480
4 141 120
4 142 480
4 142 120
4 143 480
4 143 120
4 144 480
4 144 120
4 145 480
4 145 120
4 146 480
4 147 480
4 148 480
4 149 120
4 149 120
4 149 120
4 149 120
4 150 360
4 150 120
4 151 360
4 151 120
4 152 360
4 152 120
4 153 360
4 153 120
4 154 360
4 154 120
4 154 120
4 155 480
4 155 120
4 156 480
4 156 120
4 156 120
4 157 600
4 157 120
4 158 600
4 158 120
4 158 120
4 159 720
4 159 120
4 160 720
4 161 720
4 162 720
4 163 120
4 163 120
4 163 120
4 163 120
4 163 120
4 164 480
4 164 120
4 165 480
4 166 480
4 167 480
4 168 120
4 168 120
4 168 120
4 168 120
4 169 360
4 169 120
4 170 360
4 170 120
4 171 360
4 171 120
4 172 360
4 173 360
4 174 360
4 175 120
4 175 120
4 176 120
4 176 120
4 177 120
4 177 120
4 178 120
4 179 120
4 180 120
4 181 120
4 182 120
4 183 120
4 184 120
4 185 120
88 173 120
87 173 120
86 173 120
85 173 120
84 173 120
83 173 120
82 173 120
81 173 120
80 173 120
79 173 120
78 173 120
77 173 120
76 173 120
75 173 120
74 173 120
74 173 120
73 173 120
73 173 120
72 173 120
72 173 120
71 173 120
71 173 120
70 173 120
70 173 120
69 173 120
69 173 120
68 173 120
68 173 120
68 173 120
67 173 240
67 173 120
66 173 240
66 173 120
66 173 120
65 173 360
65 173 120
65 172 360
65 172 120
65 171 360
65 171 120
65 171 120
65 170 480
65 170 120
65 169 480
65 169 120
65 169 120
65 168 600
65 168 120
65 168 120
65 167 720
65 167 120
65 167 120
65 166 840
65 166 120
65 166 120
65 166 120
65 165 1080
65 165 120
65 165 120
65 164 1200
65 164 120
65 163 1200
65 163 120
65 163 120
65 162 1320
65 162 120
65 161 1320
65 160 1320
65 159 1320
65 158 120
65 158 120
65 158 120
65 158 120
65 158 120
65 158 120
65 158 120
65 158 120
65 158 120
65 158 120
65 157 1080
157 108 1080
158 108 1080
159 108 120
160 108 120
161 108 120
162 108 120
163 108 120
164 108 120
165 108 120
166 108 120
167 108 120
168 108 120
169 108 120
170 108 120
171 108 120
172 108 120
172 108 120
173 108 120
173 108 120
174 108 120
174 108 120
175 108 120
175 108 120
176 108 120
176 108 120
176 108 120
177 108 240
177 108 120
178 108 240
178 108 120
179 108 240
179 108 120
179 108 120
180 108 360
180 108 120
180 108 120
181 108 480
181 108 120
181 108 120
182 108 600
182 108 120
182 108 120
183 108 720
183 108 120
183 108 120
183 108 120
184 108 960
184 108 120
184 108 120
184 108 120
185 108 1200
185 108 120
185 108 120
185 108 120
186 108 1440
186 108 120
186 108 120
186 108 120
186 108 120
187 108 1800
187 108 120
187 108 120
187 108 120
188 108 2040
188 108 120
188 108 120
188 108 120
189 108 2280
189 108 120
189 108 120
190 108 2400
190 108 120
191 108 2400
191 108 120
191 108 120
192 108 2520
193 108 2520
193 109 2520
193 110 120
193 110 120
193 110 120
193 110 120
193 110 120
193 110 120
193 110 120
193 110 120
193 110 120
193 110 120
193 110 120
193 110 120
193 110 120
193 110 120
193 110 120
193 110 120
193 110 120
193 111 1920
193 112 1920
193 113 1920
193 114 120
193 114 120
193 114 120
193 114 120
193 114 120
193 114 120
193 114 120
193 114 120
193 114 120
193 114 120
193 114 120
193 114 120
193 115 1320
193 115 120
193 116 1320
193 116 120
193 116 120
193 117 1440
193 117 120
193 117 120
193 118 1560
193 118 120
193 118 120
193 119 1680
193 119 120
193 119 120
193 120 1800
193 120 120
193 120 120
193 120 120
193 121 2040
193 121 120
193 121 120
193 121 120
193 122 2280
193 122 120
193 122 120
193 122 120
193 123 2520
193 123 120
193 123 120
193 123 120
193 124 2760
193 124 120
193 124 120
193 124 120
193 125 3000
193 125 120
193 125 120
193 125 120
193 126 3240
193 126 120
193 126 120
193 126 120
193 127 3480
193 127 120
193 127 120
193 128 3600
193 128 120
193 128 120
193 129 3720
193 129 120
193 129 120
193 130 3840
193 130 120
193 131 3840
193 131 120
193 132 3840
193 132 120
193 132 120
193 133 3960
193 133 120
193 134 3960
193 134 120
193 135 3960
193 135 120
193 135 120
193 136 4080
193 136 120
193 137 4080
193 137 120
193 137 120
193 138 4200
193 138 120
193 138 120
193 139 4320
193 139 120
193 139 120
193 140 4440
193 140 120
193 140 120
193 141 4560
193 141 120
193 142 4560
193 142 120
193 142 120
193 143 4680
193 143 120
193 143 120
193 144 4800
193 144 120
193 145 4800
193 145 120
193 146 4800
193 146 120
193 147 4800
193 147 120
193 148 4800
193 149 4800
193 150 4800
193 151 120
193 151 120
193 151 120
193 151 120
193 151 120
193 151 120
193 151 120
193 151 120
193 151 120
193 151 120
193 151 120
193 151 120
193 151 120
193 151 120
193 151 120
193 151 120
193 151 120
193 151 120
193 151 120
193 151 120
193 151 120
193 151 120
193 151 120
193 151 120
193 151 120
193 151 120
193 151 120
193 151 120
193 151 120
193 151 120
193 151 120
193 151 120
193 151 120
193 151 120
193 151 120
193 151 120
193 151 120
193 151 120
193 151 120
193 152 4560
193 153 4560
193 154 4560
193 155 120
193 155 120
193 155 120
193 155 120
193 155 120
193 155 120
193 155 120
193 155 120
193 155 120
193 155 120
193 155 120
193 155 120
193 155 120
193 155 120
193 155 120
193 155 120
193 155 120
193 155 120
193 155 120
193 155 120
193 155 120
193 155 120
193 155 120
193 155 120
193 155 120
193 155 120
193 155 120
193 155 120
193 155 120
193 155 120
193 155 120
193 155 120
193 155 120
193 155 120
193 156 3960
193 157 3960
193 158 3960
193 159 120
193 159 120
193 159 120
193 159 120
193 159 120
193 159 120
193 159 120
193 159 120
193 159 120
193 159 120
193 159 120
193 159 120
193 159 120
193 159 120
193 159 120
193 159 120
193 159 120
193 159 120
193 159 120
193 159 120
193 159 120
193 159 120
193 159 120
193 159 120
193 159 120
193 159 120
193 160 3000
193 161 3000
193 162 3000
193 163 120
193 163 120
193 163 120
193 163 120
193 163 120
193 163 120
193 163 120
193 163 120
193 163 120
193 163 120
193 163 120
193 163 120
193 163 120
193 163 120
193 164 1560
193 165 1560
193 166 1560
193 167 120
193 167 120
193 167 120
193 167 120
193 167 120
193 167 120
193 167 120
193 167 120
193 168 840
193 168 120
193 169 840
193 170 840
193 171 840
193 172 120
193 172 120
193 172 120
193 172 120
193 172 120
193 172 120
193 173 600
193 174 600
193 175 600
193 176 120
193 176 120
193 176 120
193 177 240
193 178 240
193 179 240
193 180 120
193 181 120
193 182 120
193 183 120
193 184 120
193 185 120
193 186 120
193 187 120
193 188 120
193 189 120
193 190 120
193 191 120
193 192 120
193 193 120
193 194 120
193 195 120
145 37 120
146 37 120
147 37 120
148 37 120
149 37 120
150 37 120
151 37 120
152 37 120
153 37 120
154 37 120
155 37 120
156 37 120
157 37 120
158 37 120
159 37 120
160 37 120
161 37 120
162 37 120
163 37 120
164 37 120
165 37 120
166 37 120
167 37 120
168 37 120
169 37 120
170 37 120
171 37 120
172 37 120
173 37 120
174 37 120
175 37 120
176 37 120
177 37 120
178 37 120
179 37 120
180 37 120
181 37 120
182 37 120
183 37 120
184 37 120
185 37 120
186 37 120
187 37 120
188 37 120
189 37 120
190 37 120
191 37 120
192 37 120
193 37 120
194 37 120
195 37 120
195 36 120
195 35 120
195 34 120
195 33 120
195 32 120
195 31 120
195 30 120
195 29 120
195 28 120
195 27 120
195 26 120
195 25 120
195 24 120
195 23 120
195 22 120
195 21 120
195 20 120
195 19 120
195 18 120
195 17 120
