95 157 120
96 157 120
97 157 120
98 157 120
99 157 120
100 157 120
101 157 120
102 157 120
103 157 120
104 157 120
105 157 120
106 157 120
107 157 120
107 157 120
108 157 120
108 157 120
109 157 120
109 157 120
110 157 120
110 157 120
111 157 120
111 157 120
111 157 120
112 157 240
112 157 120
113 157 240
113 157 120
114 157 240
114 157 120
115 157 240
116 157 240
117 157 240
118 157 120
118 157 120
119 157 120
120 157 120
121 157 120
122 157 120
123 157 120
124 157 120
125 157 120
126 157 120
127 157 120
128 157 120
129 157 120
130 157 120
130 157 120
131 157 120
131 157 120
132 157 120
132 157 120
133 157 120
133 157 120
133 157 120
134 157 240
134 157 120
135 157 240
135 157 120
135 157 120
136 157 360
136 157 120
137 157 360
137 157 120
138 157 360
138 157 120
139 157 360
139 157 120
140 157 360
140 157 120
141 157 360
141 157 120
142 157 360
143 157 360
144 157 360
145 157 120
145 157 120
146 157 120
147 157 120
148 157 120
149 157 120
150 157 120
151 157 120
152 157 120
153 157 120
154 157 120
155 157 120
155 157 120
156 157 120
156 157 120
157 157 120
157 157 120
157 157 120
158 157 240
158 157 120
158 157 120
159 157 360
159 157 120
159 157 120
160 157 480
160 157 120
160 157 120
161 157 600
161 157 120
161 157 120
162 157 720
162 157 120
163 157 720
163 157 120
163 157 120
164 157 840
164 157 120
165 157 840
166 157 840
167 157 840
168 157 120
168 157 120
168 157 120
168 157 120
169 157 360
170 157 360
171 157 360
171 156 120
171 156 120
171 155 120
171 155 120
171 155 120
171 154 240
171 154 120
171 153 240
171 153 120
171 152 240
171 152 120
171 152 120
171 151 360
171 151 120
171 150 360
171 150 120
171 149 360
171 149 120
171 148 360
171 148 120
171 147 360
171 146 360
171 145 360
171 144 120
171 144 120
171 143 120
171 143 120
171 142 120
171 142 120
171 141 120
171 141 120
171 140 120
171 139 120
171 138 120
171 137 120
171 136 120
171 135 120
171 134 120
171 133 120
171 133 120
171 132 120
171 132 120
171 131 120
171 131 120
171 130 120
171 130 120
171 129 120
171 129 120
171 128 120
171 128 120
171 128 120
171 127 240
171 127 120
171 126 240
171 126 120
171 125 240
171 125 120
171 125 120
171 124 360
171 124 120
171 123 360
171 123 120
171 122 360
171 122 120
171 121 360
171 121 120
171 120 360
171 119 360
171 118 360
171 117 120
171 117 120
171 116 120
171 115 120
171 114 120
171 113 120
171 112 120
171 111 120
171 110 120
171 109 120
171 108 120
171 107 120
171 106 120
171 105 120
171 104 120
171 103 120
171 102 120
171 101 120
171 100 120
171 99 120
171 98 120
171 97 120
171 96 120
171 95 120
171 94 120
171 94 120
171 93 120
171 93 120
171 93 120
171 92 240
171 92 120
171 92 120
171 92 120
171 91 480
171 91 120
171 91 120
171 91 120
171 91 120
171 90 840
171 90 120
171 90 120
171 90 120
171 90 120
171 89 1200
171 89 120
171 89 120
171 89 120
171 89 120
171 88 1560
171 88 120
171 88 120
171 88 120
171 88 120
171 87 1920
171 87 120
171 87 120
171 87 120
171 86 2160
171 86 120
171 86 120
171 86 120
171 85 2400
171 85 120
171 84 2400
171 84 120
171 83 2400
171 83 120
171 82 2400
171 81 2400
171 80 2400
171 79 120
171 79 120
171 79 120
171 79 120
171 79 120
171 79 120
171 79 120
171 79 120
171 79 120
171 79 120
171 79 120
171 79 120
171 79 120
171 79 120
171 79 120
171 78 1680
171 77 1680
171 76 1680
171 75 120
171 75 120
171 75 120
171 75 120
171 75 120
171 75 120
171 74 600
171 73 600
171 72 600
171 71 120
171 70 120
171 69 120
171 68 120
171 67 120
171 66 120
171 65 120
171 64 120
171 63 120
171 62 120
171 61 120
171 60 120
171 59 120
171 58 120
171 57 120
171 56 120
171 55 120
171 54 120
171 53 120
171 52 120
171 51 120
171 50 120
171 49 120
171 48 120
171 47 120
171 47 120
171 46 120
171 46 120
171 46 120
171 46 120
171 45 360
171 45 120
171 45 120
171 45 120
171 45 120
171 44 720
171 44 120
171 44 120
171 44 120
171 44 120
171 44 120
171 44 120
171 43 1320
171 43 120
171 43 120
171 43 120
171 43 120
171 43 120
171 43 120
171 42 1920
171 42 120
171 42 120
171 42 120
171 42 120
171 42 120
171 41 2400
171 41 120
171 41 120
171 41 120
171 41 120
171 41 120
171 41 120
171 40 3000
171 40 120
171 40 120
171 40 120
171 40 120
171 39 3360
171 39 120
171 39 120
171 39 120
171 38 3600
171 38 120
171 38 120
171 38 120
171 37 3840
171 37 120
171 37 120
171 36 3960
171 36 120
171 35 3960
171 34 3960
171 33 3960
171 32 120
171 32 120
171 32 120
171 32 120
171 32 120
171 32 120
171 32 120
171 32 120
171 32 120
171 32 120
171 32 120
171 32 120
171 32 120
171 32 120
171 32 120
171 32 120
171 32 120
171 32 120
171 32 120
171 32 120
171 32 120
171 32 120
171 32 120
171 32 120
171 32 120
171 32 120
171 32 120
171 32 120
171 32 120
171 31 3360
171 30 3360
171 29 3360
171 28 120
171 28 120
171 28 120
171 28 120
171 28 120
171 28 120
171 28 120
171 28 120
171 28 120
171 28 120
171 28 120
171 28 120
171 28 120
171 28 120
171 28 120
171 28 120
171 28 120
171 28 120
171 28 120
171 27 2160
171 26 2160
171 25 2160
171 24 120
171 24 120
171 24 120
171 24 120
171 24 120
171 24 120
171 23 600
171 22 600
171 21 600
171 20 120
171 19 120
