139 133 80
138 133 80
137 133 80
136 133 80
135 133 80
135 133 80
134 133 80
134 133 80
133 133 80
133 133 80
133 133 80
132 133 80
132 133 80
132 133 80
131 133 80
131 133 80
131 133 80
130 133 80
130 133 80
130 133 80
129 133 80
129 133 80
129 133 80
128 133 80
128 133 80
127 133 80
127 133 80
126 133 80
125 133 80
124 133 80
123 133 80
122 133 80
121 133 80
120 133 80
119 133 80
118 133 80
117 133 80
116 133 80
115 133 80
115 133 80
114 133 80
114 133 80
113 133 80
113 133 80
112 133 80
112 133 80
112 133 80
111 133 80
111 133 80
111 133 80
110 133 80
110 133 80
110 133 80
110 133 80
109 133 80
109 133 80
109 133 80
109 133 80
108 133 80
108 133 80
108 133 80
108 133 80
108 133 80
107 133 80
107 133 80
107 133 80
107 133 80
107 133 80
107 133 80
107 133 80
106 133 80
106 133 80
106 133 80
106 133 80
106 133 80
106 133 80
106 133 80
106 133 80
105 133 80
105 133 80
105 133 80
105 133 80
105 133 80
105 133 80
105 133 80
105 133 80
105 133 80
105 133 80
105 133 80
104 133 80
104 133 80
104 133 80
104 133 80
104 133 80
104 133 80
104 133 80
104 133 80
104 133 80
104 133 80
104 133 80
104 133 80
104 133 80
104 133 80
103 133 80
103 133 80
103 133 80
103 133 80
103 133 80
103 133 80
103 133 80
103 133 80
103 133 80
103 133 80
103 133 80
103 133 80
103 133 80
103 133 80
103 133 80
103 133 80
103 133 80
103 133 80
102 133 80
102 133 80
102 133 80
102 133 80
102 133 80
102 133 80
102 133 80
102 133 80
102 133 80
102 133 80
102 133 80
102 133 80
102 133 80
102 133 80
102 133 80
102 133 80
102 133 80
102 133 80
102 133 80
102 133 80
102 133 80
102 133 80
102 133 80
101 133 80
101 133 80
101 133 80
101 133 80
101 133 80
101 133 80
101 133 80
101 133 80
101 133 80
101 133 80
101 133 80
101 133 80
101 133 80
101 133 80
101 133 80
101 133 80
101 133 80
101 133 80
101 133 80
101 133 80
101 133 80
101 133 80
101 133 80
101 133 80
101 133 80
101 133 80
101 133 80
100 133 80
100 133 80
100 133 80
100 133 80
100 133 80
100 133 80
100 133 80
100 133 80
100 133 80
100 133 80
100 133 80
100 133 80
100 133 80
100 133 80
100 133 80
100 133 80
100 133 80
100 133 80
100 133 80
100 133 80
100 133 80
100 133 80
100 133 80
100 133 80
100 133 80
100 133 80
100 133 80
100 133 80
100 133 80
100 133 80
100 133 80
99 133 80
99 133 80
99 133 80
99 133 80
99 133 80
99 133 80
99 133 80
99 133 80
99 133 80
99 133 80
99 133 80
99 133 80
99 133 80
99 133 80
99 133 80
99 133 80
99 133 80
99 133 80
99 133 80
99 133 80
99 133 80
99 133 80
99 133 80
99 133 80
99 133 80
99 133 80
99 133 80
99 133 80
99 133 80
99 133 80
99 133 80
99 133 80
99 133 80
99 133 80
99 133 80
98 133 80
98 133 80
98 133 80
98 133 80
98 133 80
98 133 80
98 133 80
98 133 80
98 133 80
98 133 80
98 133 80
98 133 80
98 133 80
98 133 80
98 133 80
98 133 80
98 133 80
98 133 80
98 133 80
98 133 80
98 133 80
98 133 80
98 133 80
98 133 80
98 133 80
98 133 80
98 133 80
98 133 80
98 133 80
98 133 80
98 133 80
98 133 80
98 133 80
98 133 80
98 133 80
98 133 80
98 133 80
97 133 80
97 133 80
97 133 80
97 133 80
97 133 80
97 133 80
97 133 80
97 133 80
97 133 80
97 133 80
97 133 80
97 133 80
97 133 80
97 133 80
97 133 80
97 133 80
97 133 80
97 133 80
97 133 80
97 133 80
97 133 80
97 133 80
97 133 80
97 133 80
97 133 80
97 133 80
97 133 80
97 133 80
97 133 80
97 133 80
97 133 80
97 133 80
97 133 80
97 133 80
97 133 80
97 133 80
97 133 80
97 133 80
97 132 2960
97 132 80
97 132 80
97 132 80
97 131 80
97 131 80
97 131 80
97 131 80
97 131 80
97 131 80
97 131 80
97 131 80
97 131 80
97 131 80
97 131 80
97 131 80
97 131 80
97 131 80
97 131 80
97 131 80
97 131 80
97 131 80
97 131 80
97 131 80
97 131 80
97 131 80
97 131 80
97 131 80
97 131 80
97 131 80
97 131 80
97 131 80
97 131 80
97 131 80
97 131 80
97 131 80
97 131 80
97 131 80
97 131 80
97 131 80
97 131 80
97 131 80
97 131 80
97 131 80
97 131 80
97 131 80
97 131 80
97 130 80
97 130 80
97 130 80
97 130 80
97 130 80
97 130 80
97 130 80
97 130 80
97 130 80
97 130 80
97 130 80
97 130 80
97 130 80
97 130 80
97 130 80
97 130 80
97 130 80
97 130 80
97 130 80
97 130 80
97 130 80
97 130 80
97 130 80
97 130 80
97 130 80
97 130 80
97 130 80
97 130 80
97 130 80
97 130 80
97 130 80
97 130 80
97 130 80
97 130 80
97 130 80
97 130 80
97 130 80
97 130 80
97 130 80
97 130 80
97 130 80
97 130 80
97 130 80
97 130 80
97 130 80
97 130 80
97 129 80
97 129 80
97 129 80
97 129 80
97 129 80
97 129 80
97 129 80
97 129 80
97 129 80
97 129 80
97 129 80
97 129 80
97 129 80
97 129 80
97 129 80
97 129 80
97 129 80
97 129 80
97 129 80
97 129 80
97 129 80
97 129 80
97 129 80
97 129 80
97 129 80
97 129 80
97 129 80
97 129 80
97 129 80
97 129 80
97 129 80
97 129 80
97 129 80
97 129 80
97 129 80
97 129 80
97 129 80
97 129 80
97 129 80
97 129 80
97 129 80
97 129 80
97 129 80
97 129 80
97 129 80
97 129 80
97 129 80
97 128 80
97 128 80
97 128 80
97 128 80
97 128 80
97 128 80
97 128 80
97 128 80
97 128 80
97 128 80
97 128 80
97 128 80
97 128 80
97 128 80
97 128 80
97 128 80
97 128 80
97 128 80
97 128 80
97 128 80
97 128 80
97 128 80
97 128 80
97 128 80
97 128 80
97 128 80
97 128 80
97 128 80
97 128 80
97 128 80
97 128 80
97 128 80
97 128 80
97 128 80
97 128 80
97 128 80
97 128 80
97 128 80
97 128 80
97 128 80
97 128 80
97 128 80
97 128 80
97 128 80
97 128 80
97 128 80
97 128 80
97 128 80
97 128 80
97 127 80
97 127 80
97 127 80
97 127 80
97 127 80
97 127 80
97 127 80
97 127 80
97 127 80
97 127 80
97 127 80
97 127 80
97 127 80
97 127 80
97 127 80
97 127 80
97 127 80
97 127 80
97 127 80
97 127 80
97 127 80
97 127 80
97 127 80
97 127 80
97 127 80
97 127 80
97 127 80
97 127 80
97 127 80
97 127 80
97 127 80
97 127 80
97 127 80
97 127 80
97 127 80
97 127 80
97 127 80
97 127 80
97 127 80
97 127 80
97 127 80
97 127 80
97 127 80
97 127 80
97 127 80
97 127 80
97 127 80
97 127 80
97 127 80
97 126 80
97 126 80
97 126 80
97 126 80
97 126 80
97 126 80
97 126 80
97 126 80
97 126 80
97 126 80
97 126 80
97 126 80
97 126 80
97 126 80
97 126 80
97 126 80
97 126 80
97 126 80
97 126 80
97 126 80
97 126 80
97 126 80
97 126 80
97 126 80
97 126 80
97 126 80
97 126 80
97 126 80
97 126 80
97 126 80
97 126 80
97 126 80
97 126 80
97 126 80
97 126 80
97 126 80
97 126 80
97 126 80
97 126 80
97 126 80
97 126 80
97 126 80
97 126 80
97 126 80
97 126 80
97 126 80
97 126 80
97 126 80
97 126 80
97 126 80
97 125 80
97 125 80
97 125 80
97 125 80
97 125 80
97 125 80
97 125 80
97 125 80
97 125 80
97 125 80
97 125 80
97 125 80
97 125 80
97 125 80
97 125 80
97 125 80
97 125 80
97 125 80
97 125 80
97 125 80
97 125 80
97 125 80
97 125 80
97 125 80
97 125 80
97 125 80
97 125 80
97 125 80
97 125 80
97 125 80
97 125 80
97 125 80
97 125 80
97 125 80
97 125 80
97 125 80
97 125 80
97 125 80
97 125 80
97 125 80
97 125 80
97 125 80
97 125 80
97 125 80
97 125 80
97 125 80
97 125 80
97 125 80
97 125 80
97 125 80
97 124 80
97 124 80
97 124 80
97 124 80
97 124 80
97 124 80
97 124 80
97 124 80
97 124 80
97 124 80
97 124 80
97 124 80
97 124 80
97 124 80
97 124 80
97 124 80
97 124 80
97 124 80
97 124 80
97 124 80
97 124 80
97 124 80
97 124 80
97 124 80
97 124 80
97 124 80
97 124 80
97 124 80
97 124 80
97 124 80
97 124 80
97 124 80
97 124 80
97 124 80
97 124 80
97 124 80
97 124 80
97 124 80
97 124 80
97 124 80
97 124 80
97 124 80
97 124 80
97 124 80
97 124 80
97 124 80
97 124 80
97 124 80
97 124 80
97 124 80
97 123 80
97 123 80
97 123 80
97 123 80
97 123 80
97 123 80
97 123 80
97 123 80
97 123 80
97 123 80
97 123 80
97 123 80
97 123 80
97 123 80
97 123 80
97 123 80
97 123 80
97 123 80
97 123 80
97 123 80
97 123 80
97 123 80
97 123 80
97 123 80
97 123 80
97 123 80
97 123 80
97 123 80
97 123 80
97 123 80
97 123 80
97 123 80
97 123 80
97 123 80
97 123 80
97 123 80
97 123 80
97 123 80
97 123 80
97 123 80
97 123 80
97 123 80
97 123 80
97 123 80
97 123 80
97 123 80
97 123 80
97 123 80
97 122 80
97 122 80
97 122 80
97 122 80
97 122 80
97 122 80
97 122 80
97 122 80
97 122 80
97 122 80
97 122 80
97 122 80
97 122 80
97 122 80
97 122 80
97 122 80
97 122 80
97 122 80
97 122 80
97 122 80
97 122 80
97 122 80
97 122 80
97 122 80
97 122 80
97 122 80
97 122 80
97 122 80
97 122 80
97 122 80
97 122 80
97 122 80
97 122 80
97 122 80
97 122 80
97 122 80
97 122 80
97 122 80
97 122 80
97 122 80
97 122 80
97 122 80
97 122 80
97 122 80
97 122 80
97 122 80
97 121 80
97 121 80
97 121 80
97 121 80
97 121 80
97 121 80
97 121 80
97 121 80
97 121 80
97 121 80
97 121 80
97 121 80
97 121 80
97 121 80
97 121 80
97 121 80
97 121 80
97 121 80
97 121 80
97 121 80
97 121 80
97 121 80
97 121 80
97 121 80
97 121 80
97 121 80
97 121 80
97 121 80
97 121 80
97 121 80
97 121 80
97 121 80
97 121 80
97 121 80
97 121 80
97 121 80
97 121 80
97 121 80
97 121 80
97 121 80
97 121 80
97 120 80
97 120 80
97 120 80
97 120 80
97 120 80
97 120 80
97 120 80
97 120 80
97 120 80
97 120 80
97 120 80
97 120 80
97 120 80
97 120 80
97 120 80
97 120 80
97 120 80
97 120 80
97 120 80
97 120 80
97 120 80
97 120 80
97 120 80
97 120 80
97 120 80
97 120 80
97 120 80
97 120 80
97 120 80
97 120 80
97 120 80
97 120 80
97 120 80
97 120 80
97 120 80
97 120 80
97 119 80
97 119 80
97 119 80
97 119 80
97 119 80
97 119 80
97 119 80
97 119 80
97 119 80
97 119 80
97 119 80
97 119 80
97 119 80
97 119 80
97 119 80
97 119 80
97 119 80
97 119 80
97 119 80
97 119 80
97 119 80
97 119 80
97 119 80
97 119 80
97 119 80
97 119 80
97 119 80
97 119 80
97 119 80
97 118 80
97 118 80
97 118 80
97 118 80
97 118 80
97 118 80
97 118 80
97 118 80
97 118 80
97 118 80
97 118 80
97 118 80
97 118 80
97 118 80
97 118 80
97 118 80
97 118 80
97 118 80
97 118 80
97 118 80
97 118 80
97 118 80
97 118 80
97 117 80
97 117 80
97 117 80
97 117 80
97 117 80
97 117 80
97 117 80
97 117 80
97 117 80
97 117 80
97 117 80
97 117 80
97 117 80
97 117 80
97 117 80
97 117 80
97 117 80
97 116 80
97 116 80
97 116 80
97 116 80
97 116 80
97 116 80
97 116 80
97 116 80
97 116 80
97 116 80
97 116 80
97 116 80
97 116 80
97 115 80
97 115 80
97 115 80
97 115 80
97 115 80
97 115 80
97 115 80
97 115 80
97 115 80
97 114 80
97 114 80
97 114 80
97 114 80
97 114 80
97 114 80
97 113 80
97 113 80
97 113 80
97 113 80
97 112 80
97 112 80
97 112 80
97 111 80
97 111 80
97 110 80
97 110 80
97 109 80
97 108 80
97 107 80
97 106 80
97 105 80
97 104 80
97 103 80
97 102 80
97 101 80
97 100 80
97 99 80
97 98 80
97 97 80
97 96 80
97 95 80
97 94 80
97 93 80
33 152 80
34 152 80
35 152 80
36 152 80
37 152 80
38 152 80
39 152 80
39 152 80
40 152 80
40 152 80
41 152 80
41 152 80
41 152 80
42 152 80
42 152 80
42 152 80
43 152 80
43 152 80
43 152 80
44 152 80
44 152 80
44 152 80
45 152 80
45 152 80
46 152 80
46 152 80
47 152 80
47 152 80
48 152 80
49 152 80
50 152 80
51 152 80
52 152 80
53 152 80
54 152 80
55 152 80
56 152 80
57 152 80
58 152 80
59 152 80
60 152 80
61 152 80
62 152 80
63 152 80
64 152 80
65 152 80
66 152 80
67 152 80
68 152 80
69 152 80
70 152 80
71 152 80
72 152 80
73 152 80
74 152 80
75 152 80
76 152 80
77 152 80
78 152 80
79 152 80
80 152 80
81 152 80
82 152 80
83 152 80
84 152 80
85 152 80
86 152 80
87 152 80
88 152 80
89 152 80
90 152 80
90 152 80
91 152 80
91 152 80
91 152 80
92 152 80
92 152 80
92 152 80
92 152 80
93 152 80
93 152 80
93 152 80
93 152 80
93 152 80
94 152 80
94 152 80
94 152 80
94 152 80
94 152 80
94 152 80
94 152 80
95 152 80
95 152 80
95 152 80
95 152 80
95 152 80
95 152 80
95 152 80
95 152 80
95 152 80
96 152 80
96 152 80
96 152 80
96 152 80
96 152 80
96 152 80
96 152 80
96 152 80
96 152 80
96 152 80
96 152 80
97 152 80
97 152 80
97 152 80
97 152 80
97 152 80
97 152 80
97 152 80
97 152 80
97 152 80
97 152 80
97 152 80
97 152 80
97 152 80
97 151 960
97 151 80
97 150 80
97 150 80
97 150 80
97 150 80
97 150 80
97 150 80
97 150 80
97 150 80
97 150 80
97 150 80
97 150 80
97 150 80
97 150 80
97 150 80
97 149 80
97 149 80
97 149 80
97 149 80
97 149 80
97 149 80
97 149 80
97 149 80
97 149 80
97 149 80
97 149 80
97 149 80
97 149 80
97 149 80
97 149 80
97 149 80
97 148 80
97 148 80
97 148 80
97 148 80
97 148 80
97 148 80
97 148 80
97 148 80
97 148 80
97 148 80
97 148 80
97 148 80
97 148 80
97 148 80
97 148 80
97 148 80
97 148 80
97 148 80
97 148 80
97 147 80
97 147 80
97 147 80
97 147 80
97 147 80
97 147 80
97 147 80
97 147 80
97 147 80
97 147 80
97 147 80
97 147 80
97 147 80
97 147 80
97 147 80
97 147 80
97 147 80
97 147 80
97 147 80
97 147 80
97 147 80
97 147 80
97 147 80
97 146 80
97 146 80
97 146 80
97 146 80
97 146 80
97 146 80
97 146 80
97 146 80
97 146 80
97 146 80
97 146 80
97 146 80
97 146 80
97 146 80
97 146 80
97 146 80
97 146 80
97 146 80
97 146 80
97 146 80
97 146 80
97 146 80
97 146 80
97 146 80
97 146 80
97 146 80
97 146 80
97 145 80
97 145 80
97 145 80
97 145 80
97 145 80
97 145 80
97 145 80
97 145 80
97 145 80
97 145 80
97 145 80
97 145 80
97 145 80
97 145 80
97 145 80
97 145 80
97 145 80
97 145 80
97 145 80
97 145 80
97 145 80
97 145 80
97 145 80
97 145 80
97 145 80
97 145 80
97 145 80
97 145 80
97 145 80
97 145 80
97 145 80
97 144 80
97 144 80
97 144 80
97 144 80
97 144 80
97 144 80
97 144 80
97 144 80
97 144 80
97 144 80
97 144 80
97 144 80
97 144 80
97 144 80
97 144 80
97 144 80
97 144 80
97 144 80
97 144 80
97 144 80
97 144 80
97 144 80
97 144 80
97 144 80
97 144 80
97 144 80
97 144 80
97 144 80
97 144 80
97 144 80
97 144 80
97 144 80
97 144 80
97 144 80
97 143 80
97 143 80
97 143 80
97 143 80
97 143 80
97 143 80
97 143 80
97 143 80
97 143 80
97 143 80
97 143 80
97 143 80
97 143 80
97 143 80
97 143 80
97 143 80
97 143 80
97 143 80
97 143 80
97 143 80
97 143 80
97 143 80
97 143 80
97 143 80
97 143 80
97 143 80
97 143 80
97 143 80
97 143 80
97 143 80
97 143 80
97 143 80
97 143 80
97 143 80
97 143 80
97 143 80
97 142 80
97 142 80
97 142 80
97 142 80
97 142 80
97 142 80
97 142 80
97 142 80
97 142 80
97 142 80
97 142 80
97 142 80
97 142 80
97 142 80
97 142 80
97 142 80
97 142 80
97 142 80
97 142 80
97 142 80
97 142 80
97 142 80
97 142 80
97 142 80
97 142 80
97 142 80
97 142 80
97 142 80
97 142 80
97 142 80
97 142 80
97 142 80
97 142 80
97 142 80
97 142 80
97 142 80
97 142 80
97 142 80
97 141 80
97 141 80
97 141 80
97 141 80
97 141 80
97 141 80
97 141 80
97 141 80
97 141 80
97 141 80
97 141 80
97 141 80
97 141 80
97 141 80
97 141 80
97 141 80
97 141 80
97 141 80
97 141 80
97 141 80
97 141 80
97 141 80
97 141 80
97 141 80
97 141 80
97 141 80
97 141 80
97 141 80
97 141 80
97 141 80
97 141 80
97 141 80
97 141 80
97 141 80
97 141 80
97 141 80
97 141 80
97 141 80
97 140 80
97 140 80
97 140 80
97 140 80
97 140 80
97 140 80
97 140 80
97 140 80
97 140 80
97 140 80
97 140 80
97 140 80
97 140 80
97 140 80
97 140 80
97 140 80
97 140 80
97 140 80
97 140 80
97 140 80
97 140 80
97 140 80
97 140 80
97 140 80
97 140 80
97 140 80
97 140 80
97 140 80
97 140 80
97 140 80
97 140 80
97 140 80
97 140 80
97 140 80
97 140 80
97 140 80
97 140 80
97 140 80
97 139 80
97 139 80
97 139 80
97 139 80
97 139 80
97 139 80
97 139 80
97 139 80
97 139 80
97 139 80
97 139 80
97 139 80
97 139 80
97 139 80
97 139 80
97 139 80
97 139 80
97 139 80
97 139 80
97 139 80
97 139 80
97 139 80
97 139 80
97 139 80
97 139 80
97 139 80
97 139 80
97 139 80
97 139 80
97 139 80
97 139 80
97 139 80
97 139 80
97 139 80
97 139 80
97 139 80
97 139 80
97 138 80
97 138 80
97 138 80
97 138 80
97 138 80
97 138 80
97 138 80
97 138 80
97 138 80
97 138 80
97 138 80
97 138 80
97 138 80
97 138 80
97 138 80
97 138 80
97 138 80
97 138 80
97 138 80
97 138 80
97 138 80
97 138 80
97 138 80
97 138 80
97 138 80
97 138 80
97 138 80
97 138 80
97 138 80
97 138 80
97 138 80
97 138 80
97 138 80
97 138 80
97 138 80
97 138 80
97 137 80
97 137 80
97 137 80
97 137 80
97 137 80
97 137 80
97 137 80
97 137 80
97 137 80
97 137 80
97 137 80
97 137 80
97 137 80
97 137 80
97 137 80
97 137 80
97 137 80
97 137 80
97 137 80
97 137 80
97 137 80
97 137 80
97 137 80
97 137 80
97 137 80
97 137 80
97 137 80
97 137 80
97 137 80
97 137 80
97 137 80
97 137 80
97 137 80
97 137 80
97 137 80
97 136 80
97 136 80
97 136 80
97 136 80
97 136 80
97 136 80
97 136 80
97 136 80
97 136 80
97 136 80
97 136 80
97 136 80
97 136 80
97 136 80
97 136 80
97 136 80
97 136 80
97 136 80
97 136 80
97 136 80
97 136 80
97 136 80
97 136 80
97 136 80
97 136 80
97 136 80
97 136 80
97 136 80
97 136 80
97 136 80
97 136 80
97 136 80
97 136 80
97 136 80
97 135 80
97 135 80
97 135 80
97 135 80
97 135 80
97 135 80
97 135 80
97 135 80
97 135 80
97 135 80
97 135 80
97 135 80
97 135 80
97 135 80
97 135 80
97 135 80
97 135 80
97 135 80
97 135 80
97 135 80
97 135 80
97 135 80
97 135 80
97 135 80
97 135 80
97 135 80
97 135 80
97 135 80
97 135 80
97 135 80
97 135 80
97 135 80
97 135 80
97 135 80
97 134 80
97 134 80
97 134 80
97 134 80
97 134 80
97 134 80
97 134 80
97 134 80
97 134 80
97 134 80
97 134 80
97 134 80
97 134 80
97 134 80
97 134 80
97 134 80
97 134 80
97 134 80
97 134 80
97 134 80
97 134 80
97 134 80
97 134 80
97 134 80
97 134 80
97 134 80
97 134 80
97 134 80
97 134 80
97 134 80
97 134 80
97 134 80
97 134 80
97 134 80
97 134 80
97 134 80
53 3 2800
54 3 80
55 3 80
56 3 80
57 3 80
58 3 80
59 3 80
59 3 80
60 3 80
60 3 80
61 3 80
61 3 80
62 3 80
62 3 80
63 3 80
63 3 80
63 3 80
64 3 80
64 3 80
64 3 80
64 3 80
65 3 80
65 3 80
65 3 80
65 3 80
65 3 80
65 3 80
66 3 80
66 3 80
66 3 80
66 3 80
66 3 80
66 3 80
66 3 80
66 3 80
66 3 80
67 3 80
67 3 80
67 3 80
67 3 80
67 3 80
67 3 80
67 3 80
67 3 80
67 3 80
67 3 80
67 3 80
67 3 80
67 3 80
68 3 80
68 3 80
68 3 80
68 3 80
68 3 80
68 3 80
68 3 80
68 3 80
68 3 80
68 3 80
68 3 80
68 3 80
68 3 80
68 3 80
68 3 80
68 3 80
68 3 80
68 3 80
68 3 80
69 3 80
69 3 80
69 3 80
69 3 80
69 3 80
69 3 80
69 3 80
69 3 80
69 3 80
69 3 80
69 3 80
69 3 80
69 3 80
69 3 80
69 3 80
69 3 80
69 3 80
69 3 80
69 3 80
69 3 80
69 3 80
69 3 80
69 3 80
69 3 80
69 3 80
69 3 80
70 3 80
70 3 80
70 3 80
70 3 80
70 3 80
70 3 80
70 3 80
70 3 80
70 3 80
70 3 80
70 3 80
70 3 80
70 3 80
70 3 80
70 3 80
70 3 80
70 3 80
70 3 80
70 3 80
70 3 80
70 3 80
70 3 80
70 3 80
70 3 80
70 3 80
70 3 80
70 3 80
70 3 80
70 3 80
70 3 80
70 3 80
70 3 80
71 3 80
71 3 80
71 3 80
71 3 80
71 3 80
71 3 80
71 3 80
71 3 80
71 3 80
71 3 80
71 3 80
71 3 80
71 3 80
71 3 80
71 3 80
71 3 80
71 3 80
71 3 80
71 3 80
71 3 80
71 3 80
71 3 80
71 3 80
71 3 80
71 3 80
71 3 80
71 3 80
71 3 80
71 3 80
71 3 80
71 3 80
71 3 80
71 3 80
71 3 80
71 3 80
71 3 80
71 3 80
72 3 80
72 3 80
72 3 80
72 3 80
72 3 80
72 3 80
72 3 80
72 3 80
72 3 80
72 3 80
72 3 80
72 3 80
72 3 80
72 3 80
72 3 80
72 3 80
72 3 80
72 3 80
72 3 80
72 3 80
72 3 80
72 3 80
72 3 80
72 3 80
72 3 80
72 3 80
72 3 80
72 3 80
72 3 80
72 3 80
72 3 80
72 3 80
72 3 80
72 3 80
72 3 80
72 3 80
72 3 80
72 3 80
72 3 80
72 3 80
72 3 80
73 3 80
73 3 80
73 3 80
73 3 80
73 3 80
73 3 80
73 3 80
73 3 80
73 3 80
73 3 80
73 3 80
73 3 80
73 3 80
73 3 80
73 3 80
73 3 80
73 3 80
73 3 80
73 3 80
73 3 80
73 3 80
73 3 80
73 3 80
73 3 80
73 3 80
73 3 80
73 3 80
73 3 80
73 3 80
73 3 80
73 3 80
73 3 80
73 3 80
73 3 80
73 3 80
73 3 80
73 3 80
73 3 80
73 3 80
73 3 80
73 3 80
73 3 80
73 3 80
74 3 80
74 3 80
74 3 80
74 3 80
74 3 80
74 3 80
74 3 80
74 3 80
74 3 80
74 3 80
74 3 80
74 3 80
74 3 80
74 3 80
74 3 80
74 3 80
74 3 80
74 3 80
74 3 80
74 3 80
74 3 80
74 3 80
74 3 80
74 3 80
74 3 80
74 3 80
74 3 80
74 3 80
74 3 80
74 3 80
74 3 80
74 3 80
74 3 80
74 3 80
74 3 80
74 3 80
74 3 80
74 3 80
74 3 80
74 3 80
74 3 80
74 3 80
74 3 80
74 3 80
75 3 80
75 3 80
75 3 80
75 3 80
75 3 80
75 3 80
75 3 80
75 3 80
75 3 80
75 3 80
75 3 80
75 3 80
75 3 80
75 3 80
75 3 80
75 3 80
75 3 80
75 3 80
75 3 80
75 3 80
75 3 80
75 3 80
75 3 80
75 3 80
75 3 80
75 3 80
75 3 80
75 3 80
75 3 80
75 3 80
75 3 80
75 3 80
75 3 80
75 3 80
75 3 80
75 3 80
75 3 80
75 3 80
75 3 80
75 3 80
75 3 80
75 3 80
75 3 80
75 3 80
76 3 80
76 3 80
76 3 80
76 3 80
76 3 80
76 3 80
76 3 80
76 3 80
76 3 80
76 3 80
76 3 80
76 3 80
76 3 80
76 3 80
76 3 80
76 3 80
76 3 80
76 3 80
76 3 80
76 3 80
76 3 80
76 3 80
76 3 80
76 3 80
76 3 80
76 3 80
76 3 80
76 3 80
76 3 80
76 3 80
76 3 80
76 3 80
76 3 80
76 3 80
76 3 80
76 3 80
76 3 80
76 3 80
76 3 80
76 3 80
76 3 80
77 3 80
77 3 80
77 3 80
77 3 80
77 3 80
77 3 80
77 3 80
77 3 80
77 3 80
77 3 80
77 3 80
77 3 80
77 3 80
77 3 80
77 3 80
77 3 80
77 3 80
77 3 80
77 3 80
77 3 80
77 3 80
77 3 80
77 3 80
77 3 80
77 3 80
77 3 80
77 3 80
77 3 80
77 3 80
77 3 80
77 3 80
77 3 80
77 3 80
77 3 80
77 3 80
77 3 80
77 3 80
77 3 80
78 3 80
78 3 80
78 3 80
78 3 80
78 3 80
78 3 80
78 3 80
78 3 80
78 3 80
78 3 80
78 3 80
78 3 80
78 3 80
78 3 80
78 3 80
78 3 80
78 3 80
78 3 80
78 3 80
78 3 80
78 3 80
78 3 80
78 3 80
78 3 80
78 3 80
78 3 80
78 3 80
78 3 80
78 3 80
78 3 80
78 3 80
78 3 80
78 3 80
79 3 80
79 3 80
79 3 80
79 3 80
79 3 80
79 3 80
79 3 80
79 3 80
79 3 80
79 3 80
79 3 80
79 3 80
79 3 80
79 3 80
79 3 80
79 3 80
79 3 80
79 3 80
79 3 80
79 3 80
79 3 80
79 3 80
79 3 80
79 3 80
79 3 80
79 3 80
79 3 80
79 3 80
80 3 80
80 3 80
80 3 80
80 3 80
80 3 80
80 3 80
80 3 80
80 3 80
80 3 80
80 3 80
80 3 80
80 3 80
80 3 80
80 3 80
80 3 80
80 3 80
80 3 80
80 3 80
80 3 80
80 3 80
80 3 80
80 3 80
80 3 80
81 3 80
81 3 80
81 3 80
81 3 80
81 3 80
81 3 80
81 3 80
81 3 80
81 3 80
81 3 80
81 3 80
81 3 80
81 3 80
81 3 80
81 3 80
81 3 80
81 3 80
81 3 80
82 3 80
82 3 80
82 3 80
82 3 80
82 3 80
82 3 80
82 3 80
82 3 80
82 3 80
82 3 80
82 3 80
82 3 80
82 3 80
82 3 80
82 3 80
83 3 80
83 3 80
83 3 80
83 3 80
83 3 80
83 3 80
83 3 80
83 3 80
83 3 80
83 3 80
83 3 80
83 3 80
83 3 80
84 3 80
84 3 80
84 3 80
84 3 80
84 3 80
84 3 80
84 3 80
84 3 80
84 3 80
84 3 80
84 3 80
84 3 80
85 3 80
85 3 80
85 3 80
85 3 80
85 3 80
85 3 80
85 3 80
85 3 80
85 3 80
85 3 80
85 3 80
86 3 80
86 3 80
86 3 80
86 3 80
86 3 80
86 3 80
86 3 80
86 3 80
86 3 80
86 3 80
87 3 80
87 3 80
87 3 80
87 3 80
87 3 80
87 3 80
87 3 80
87 3 80
87 3 80
88 3 80
88 3 80
88 3 80
88 3 80
88 3 80
88 3 80
88 3 80
88 3 80
89 3 80
89 3 80
89 3 80
89 3 80
89 3 80
89 3 80
89 3 80
90 3 80
90 3 80
90 3 80
90 3 80
90 3 80
91 3 80
91 3 80
91 3 80
91 3 80
92 3 80
92 3 80
92 3 80
93 3 80
93 3 80
94 3 80
95 3 80
96 3 80
97 3 80
97 4 80
97 5 80
97 6 80
97 7 80
97 8 80
97 9 80
97 10 80
97 11 80
97 12 80
97 13 80
97 14 80
97 15 80
97 16 80
97 17 80
97 18 80
97 19 80
97 20 80
97 21 80
97 22 80
97 23 80
97 24 80
97 25 80
97 26 80
97 27 80
97 28 80
97 29 80
97 30 80
97 31 80
97 32 80
97 33 80
97 34 80
97 35 80
97 36 80
97 37 80
97 38 80
97 39 80
97 40 80
97 41 80
97 42 80
97 43 80
97 44 80
97 45 80
97 45 80
97 46 80
97 46 80
97 47 80
97 47 80
97 47 80
97 48 80
97 48 80
97 48 80
97 49 80
97 49 80
97 49 80
97 50 80
97 50 80
97 51 80
97 51 80
97 52 80
97 53 80
97 54 80
97 55 80
97 56 80
97 57 80
97 58 80
97 59 80
97 60 80
97 61 80
97 62 80
97 63 80
97 64 80
97 65 80
97 66 80
97 67 80
97 68 80
97 69 80
97 70 80
97 71 80
97 72 80
97 73 80
97 74 80
97 74 80
97 75 80
97 75 80
97 76 80
97 76 80
97 76 80
97 77 80
97 77 80
97 77 80
97 77 80
97 77 80
97 78 80
97 78 80
97 78 80
97 78 80
97 78 80
97 78 80
97 79 80
97 79 80
97 79 80
97 79 80
97 79 80
97 79 80
97 79 80
97 79 80
97 80 80
97 80 80
97 80 80
97 80 80
97 80 80
97 80 80
97 80 80
97 80 80
97 80 80
97 80 80
97 81 80
97 81 80
97 81 80
97 81 80
97 81 80
97 81 80
97 81 80
97 81 80
97 81 80
97 81 80
97 82 80
97 82 80
97 82 80
97 82 80
97 82 80
97 82 80
97 82 80
97 82 80
97 82 80
97 82 80
97 83 80
97 83 80
97 83 80
97 83 80
97 83 80
97 83 80
97 83 80
97 83 80
97 84 80
97 84 80
97 84 80
97 84 80
97 84 80
97 84 80
97 85 80
97 85 80
97 85 80
97 85 80
97 85 80
97 86 80
97 86 80
97 86 80
97 87 80
97 87 80
97 88 80
97 88 80
97 89 80
97 90 80
97 91 80
97 92 80
