65 116 120
64 116 120
63 116 120
62 116 120
61 116 120
60 116 120
59 116 120
58 116 120
57 116 120
56 116 120
55 116 120
54 116 120
53 116 120
52 116 120
51 116 120
50 116 120
49 116 120
48 116 120
47 116 120
46 116 120
45 116 120
44 116 120
43 116 120
42 116 120
41 116 120
41 116 120
40 116 120
40 116 120
39 116 120
39 116 120
38 116 120
38 116 120
38 116 120
37 116 240
37 116 120
36 116 240
36 116 120
36 116 120
35 116 360
35 116 120
34 116 360
33 116 360
32 116 360
32 116 120
31 116 360
31 116 120
30 116 360
30 116 120
30 116 120
29 116 480
29 116 120
29 116 120
29 116 120
28 116 720
28 116 120
28 116 120
28 116 120
27 116 960
27 116 120
27 116 120
27 116 120
27 116 120
26 116 1320
26 116 120
26 116 120
26 116 120
26 116 120
25 116 1680
25 116 120
25 116 120
25 116 120
25 116 120
25 116 120
24 116 2160
24 116 120
24 116 120
24 116 120
24 116 120
23 116 2520
23 116 120
23 116 120
23 116 120
22 116 2760
22 116 120
22 116 120
21 116 2880
21 116 120
20 116 2880
20 116 120
19 116 2880
18 116 2880
17 116 2880
16 116 120
16 116 120
16 116 120
16 116 120
16 116 120
16 116 120
16 116 120
16 116 120
16 116 120
16 116 120
16 116 120
16 116 120
16 116 120
16 116 120
16 116 120
16 116 120
16 116 120
16 116 120
16 116 120
16 116 120
16 116 120
16 116 120
16 116 120
15 116 2640
14 116 2640
14 117 2640
14 118 120
14 118 120
14 118 120
14 118 120
14 118 120
14 118 120
14 118 120
14 118 120
14 118 120
14 118 120
14 118 120
14 118 120
14 118 120
14 118 120
14 118 120
14 118 120
14 118 120
14 118 120
14 119 2040
14 120 2040
14 121 2040
14 122 120
14 122 120
14 122 120
14 122 120
14 122 120
14 122 120
14 122 120
14 122 120
14 122 120
14 122 120
14 122 120
14 122 120
14 122 120
14 122 120
14 122 120
14 123 1680
14 123 120
14 124 1680
14 125 1680
14 126 1680
14 127 120
14 127 120
14 127 120
14 127 120
14 127 120
14 127 120
14 127 120
14 127 120
14 127 120
14 127 120
14 127 120
14 127 120
14 127 120
14 127 120
14 127 120
14 128 1680
14 128 120
14 128 120
14 129 1800
14 129 120
14 129 120
14 130 1920
14 130 120
14 131 1920
14 131 120
14 132 1920
14 133 1920
14 134 1920
14 135 120
14 135 120
14 135 120
14 135 120
14 135 120
14 135 120
14 135 120
14 135 120
14 135 120
14 135 120
14 135 120
14 136 1200
14 137 1200
14 138 1200
14 139 120
14 139 120
14 139 120
14 139 120
14 139 120
14 139 120
14 139 120
14 140 720
14 140 120
14 141 720
14 142 720
14 143 720
14 144 120
14 144 120
14 144 120
14 144 120
14 145 360
14 146 360
14 147 360
14 148 120
14 148 120
14 149 120
14 149 120
14 150 120
14 151 120
14 152 120
14 153 120
14 154 120
14 155 120
14 156 120
14 157 120
14 158 120
14 159 120
14 160 120
14 161 120
14 162 120
14 163 120
14 164 120
14 165 120
14 166 120
14 167 120
66 116 120
67 116 120
68 116 120
69 116 120
70 116 120
71 116 120
72 116 120
73 116 120
74 116 120
75 116 120
76 116 120
77 116 120
78 116 120
79 116 120
80 116 120
81 116 120
82 116 120
83 116 120
84 116 120
85 116 120
86 116 120
87 116 120
88 116 120
89 116 120
90 116 120
91 116 120
92 116 120
93 116 120
94 116 120
95 116 120
96 116 120
97 116 120
98 116 120
99 116 120
100 116 120
101 116 120
101 116 120
102 116 120
102 116 120
103 116 120
103 116 120
103 116 120
104 116 240
104 116 120
104 116 120
105 116 360
105 116 120
105 116 120
106 116 480
106 116 120
106 116 120
106 116 120
107 116 720
107 116 120
107 116 120
107 116 120
108 116 960
108 116 120
108 116 120
109 116 1080
109 116 120
109 116 120
110 116 1200
110 116 120
111 116 1200
112 116 1200
113 116 1200
114 116 120
114 116 120
114 116 120
114 116 120
114 116 120
114 116 120
114 116 120
114 116 120
115 116 840
115 116 120
116 116 840
116 116 120
117 116 840
117 116 120
118 116 840
118 116 120
119 116 840
119 116 120
119 116 120
120 116 960
120 116 120
121 116 960
121 116 120
122 116 960
123 116 960
124 116 960
125 116 120
125 116 120
125 116 120
125 116 120
125 116 120
126 116 480
127 116 480
128 116 480
129 116 120
129 116 120
129 116 120
130 116 240
130 116 120
131 116 240
131 116 120
132 116 240
133 116 240
134 116 240
135 116 120
136 116 120
137 116 120
138 116 120
139 116 120
140 116 120
141 116 120
142 116 120
143 116 120
144 116 120
145 116 120
146 116 120
147 116 120
148 116 120
149 116 120
150 116 120
151 116 120
152 116 120
153 116 120
154 116 120
155 116 120
156 116 120
157 116 120
158 116 120
159 116 120
159 117 120
159 118 120
159 119 120
159 120 120
159 121 120
159 122 120
159 123 120
159 124 120
159 125 120
159 126 120
159 127 120
159 128 120
159 129 120
159 130 120
159 131 120
159 132 120
159 133 120
159 134 120
159 135 120
159 136 120
159 137 120
159 138 120
159 139 120
159 140 120
159 141 120
159 142 120
159 143 120
159 144 120
159 145 120
159 146 120
159 147 120
159 148 120
159 149 120
159 150 120
159 151 120
159 152 120
159 153 120
159 154 120
159 155 120
159 156 120
159 157 120
159 158 120
159 159 120
159 160 120
159 161 120
159 162 120
159 163 120
159 164 120
159 165 120
159 166 120
