21 191 50
22 191 50
23 191 50
24 191 50
25 191 50
26 191 50
27 191 50
28 191 50
29 191 50
30 191 50
31 191 50
32 191 50
33 191 50
34 191 50
34 191 50
35 191 50
35 191 50
35 191 50
36 191 50
36 191 50
36 191 50
36 191 50
37 191 50
37 191 50
37 191 50
37 191 50
37 191 50
37 191 50
38 191 50
38 191 50
38 191 50
38 191 50
38 191 50
38 191 50
39 191 50
39 191 50
39 191 50
39 191 50
39 191 50
39 191 50
40 191 50
40 191 50
40 191 50
40 191 50
40 191 50
41 191 50
41 191 50
41 191 50
41 191 50
42 191 50
42 191 50
42 191 50
43 191 50
43 191 50
43 191 50
44 191 50
44 191 50
45 191 50
45 191 50
46 191 50
46 191 50
47 191 50
47 191 50
48 191 50
49 191 50
50 191 50
51 191 50
52 191 50
53 191 50
54 191 50
55 191 50
56 191 50
57 191 50
58 191 50
59 191 50
60 191 50
61 191 50
62 191 50
63 191 50
64 191 50
65 191 50
66 191 50
67 191 50
68 191 50
69 191 50
70 191 50
71 191 50
72 191 50
73 191 50
74 191 50
75 191 50
76 191 50
77 191 50
78 191 50
79 191 50
80 191 50
81 191 50
82 191 50
83 191 50
84 191 50
85 191 50
86 191 50
87 191 50
88 191 50
89 191 50
90 191 50
91 191 50
92 191 50
93 191 50
94 191 50
95 191 50
95 191 50
96 191 50
96 191 50
97 191 50
97 191 50
97 191 50
98 191 50
98 191 50
98 191 50
99 191 50
99 191 50
99 191 50
99 191 50
100 191 50
100 191 50
100 191 50
100 191 50
100 191 50
101 191 50
101 191 50
101 191 50
101 191 50
101 191 50
101 191 50
102 191 50
102 191 50
102 191 50
102 191 50
102 191 50
102 191 50
103 191 50
103 191 50
103 191 50
103 191 50
103 191 50
103 191 50
104 191 50
104 191 50
104 191 50
104 191 50
104 191 50
105 191 50
105 191 50
105 191 50
105 191 50
106 191 50
106 191 50
106 191 50
106 191 50
107 191 50
107 191 50
107 191 50
108 191 50
108 191 50
108 191 50
109 191 50
109 191 50
110 191 50
110 191 50
111 191 50
111 191 50
111 191 50
112 191 50
112 191 50
112 191 50
113 191 50
113 191 50
113 191 50
114 191 50
114 191 50
114 191 50
114 191 50
115 191 50
115 191 50
115 191 50
115 191 50
116 191 50
116 191 50
116 191 50
116 191 50
117 191 50
117 191 50
117 191 50
117 191 50
117 190 150
117 189 50
117 189 50
117 188 50
117 188 50
117 187 50
117 186 50
117 185 50
117 184 50
117 183 50
117 182 50
117 181 50
117 180 50
117 179 50
117 178 50
117 177 50
117 177 50
117 176 50
117 176 50
117 175 50
117 175 50
117 175 50
117 175 50
117 174 50
117 174 50
117 174 50
117 174 50
117 174 50
117 173 50
117 173 50
117 173 50
117 173 50
117 173 50
117 173 50
117 172 50
117 172 50
117 172 50
117 172 50
117 172 50
117 172 50
117 171 50
117 171 50
117 171 50
117 171 50
117 171 50
117 171 50
117 170 50
117 170 50
117 170 50
117 170 50
117 170 50
117 169 50
117 169 50
117 169 50
117 169 50
117 168 50
117 168 50
117 168 50
117 167 50
117 167 50
117 166 50
117 166 50
117 165 50
117 165 50
117 164 50
117 164 50
117 163 50
117 163 50
117 162 50
117 162 50
117 161 50
117 161 50
117 160 50
117 160 50
117 159 50
117 159 50
117 158 50
117 157 50
117 156 50
117 155 50
117 154 50
117 153 50
117 153 50
117 152 50
117 152 50
117 152 50
117 151 50
117 151 50
117 151 50
117 151 50
117 150 50
117 150 50
117 150 50
117 150 50
117 150 50
117 150 50
117 150 50
117 149 50
117 149 50
117 149 50
117 149 50
117 149 50
117 149 50
117 149 50
117 149 50
117 149 50
117 149 50
117 148 50
117 148 50
117 148 50
117 148 50
117 148 50
117 148 50
117 148 50
117 148 50
117 148 50
117 148 50
117 148 50
117 148 50
117 148 50
117 148 50
117 147 50
117 147 50
117 147 50
117 147 50
117 147 50
117 147 50
117 147 50
117 147 50
117 147 50
117 147 50
117 147 50
117 147 50
117 147 50
117 147 50
117 147 50
117 147 50
117 147 50
117 146 50
117 146 50
117 146 50
117 146 50
117 146 50
117 146 50
117 146 50
117 146 50
117 146 50
117 146 50
117 146 50
117 146 50
117 146 50
117 146 50
117 146 50
117 146 50
117 146 50
117 146 50
117 146 50
117 146 50
117 146 50
117 145 50
117 145 50
117 145 50
117 145 50
117 145 50
117 145 50
117 145 50
117 145 50
117 145 50
117 145 50
117 145 50
117 145 50
117 145 50
117 145 50
117 145 50
117 145 50
117 145 50
117 145 50
117 145 50
117 145 50
117 145 50
117 145 50
117 145 50
117 145 50
117 145 50
117 145 50
117 144 50
117 144 50
117 144 50
117 144 50
117 144 50
117 144 50
117 144 50
117 144 50
117 144 50
117 144 50
117 144 50
117 144 50
117 144 50
117 144 50
117 144 50
117 144 50
117 144 50
117 144 50
117 144 50
117 144 50
117 144 50
117 144 50
117 144 50
117 144 50
117 144 50
117 144 50
117 144 50
117 144 50
117 144 50
117 144 50
117 144 50
117 143 50
117 143 50
117 143 50
117 143 50
117 143 50
117 143 50
117 143 50
117 143 50
117 143 50
117 143 50
117 143 50
117 143 50
117 143 50
117 143 50
117 143 50
117 143 50
117 143 50
117 143 50
117 143 50
117 143 50
117 143 50
117 143 50
117 143 50
117 143 50
117 143 50
117 143 50
117 143 50
117 143 50
117 143 50
117 143 50
117 143 50
117 143 50
117 143 50
117 143 50
117 143 50
117 143 50
117 143 50
117 143 50
117 142 50
117 142 50
117 142 50
117 142 50
117 142 50
117 142 50
117 142 50
117 142 50
117 142 50
117 142 50
117 142 50
117 142 50
117 142 50
117 142 50
117 142 50
117 142 50
117 142 50
117 142 50
117 142 50
117 142 50
117 142 50
117 142 50
117 142 50
117 142 50
117 142 50
117 142 50
117 142 50
117 142 50
117 142 50
117 142 50
117 142 50
117 142 50
117 142 50
117 142 50
117 142 50
117 142 50
117 142 50
117 142 50
117 142 50
117 142 50
117 142 50
117 142 50
117 142 50
117 142 50
117 142 50
117 142 50
117 141 50
117 141 50
117 141 50
117 141 50
117 141 50
117 141 50
117 141 50
117 141 50
117 141 50
117 141 50
117 141 50
117 141 50
117 141 50
117 141 50
117 141 50
117 141 50
117 141 50
117 141 50
117 141 50
117 141 50
117 141 50
117 141 50
117 141 50
117 141 50
117 141 50
117 141 50
117 141 50
117 141 50
117 141 50
117 141 50
117 141 50
117 141 50
117 141 50
117 141 50
117 141 50
117 141 50
117 141 50
117 141 50
117 141 50
117 141 50
117 141 50
117 141 50
117 141 50
117 141 50
117 141 50
117 141 50
117 141 50
117 141 50
117 141 50
117 141 50
117 141 50
117 141 50
117 141 50
117 140 50
117 140 50
117 140 50
117 140 50
117 140 50
117 140 50
117 140 50
117 140 50
117 140 50
117 140 50
117 140 50
117 140 50
117 140 50
117 140 50
117 140 50
117 140 50
117 140 50
117 140 50
117 140 50
117 140 50
117 140 50
117 140 50
117 140 50
117 140 50
117 140 50
117 140 50
117 140 50
117 140 50
117 140 50
117 140 50
117 140 50
117 140 50
117 140 50
117 140 50
117 140 50
117 140 50
117 140 50
117 140 50
117 140 50
117 140 50
117 140 50
117 140 50
117 140 50
117 140 50
117 140 50
117 140 50
117 140 50
117 140 50
117 140 50
117 140 50
117 140 50
117 140 50
117 140 50
117 140 50
117 140 50
117 140 50
117 140 50
117 140 50
117 139 50
117 139 50
117 139 50
117 139 50
117 139 50
117 139 50
117 139 50
117 139 50
117 139 50
117 139 50
117 139 50
117 139 50
117 139 50
117 139 50
117 139 50
117 139 50
117 139 50
117 139 50
117 139 50
117 139 50
117 139 50
117 139 50
117 139 50
117 139 50
117 139 50
117 139 50
117 139 50
117 139 50
117 139 50
117 139 50
117 139 50
117 139 50
117 139 50
117 139 50
117 139 50
117 139 50
117 139 50
117 139 50
117 139 50
117 139 50
117 139 50
117 139 50
117 139 50
117 139 50
117 139 50
117 139 50
117 139 50
117 139 50
117 139 50
117 139 50
117 139 50
117 139 50
117 139 50
117 139 50
117 139 50
117 139 50
117 139 50
117 139 50
117 139 50
117 139 50
117 138 50
117 138 50
117 138 50
117 138 50
117 138 50
117 138 50
117 138 50
117 138 50
117 138 50
117 138 50
117 138 50
117 138 50
117 138 50
117 138 50
117 138 50
117 138 50
117 138 50
117 138 50
117 138 50
117 138 50
117 138 50
117 138 50
117 138 50
117 138 50
117 138 50
117 138 50
117 138 50
117 138 50
117 138 50
117 138 50
117 138 50
117 138 50
117 138 50
117 138 50
117 138 50
117 138 50
117 138 50
117 138 50
117 138 50
117 138 50
117 138 50
117 138 50
117 138 50
117 138 50
117 138 50
117 138 50
117 138 50
117 138 50
117 138 50
117 138 50
117 138 50
117 138 50
117 138 50
117 138 50
117 138 50
117 138 50
117 138 50
117 138 50
117 137 50
117 137 50
117 137 50
117 137 50
117 137 50
117 137 50
117 137 50
117 137 50
117 137 50
117 137 50
117 137 50
117 137 50
117 137 50
117 137 50
117 137 50
117 137 50
117 137 50
117 137 50
117 137 50
117 137 50
117 137 50
117 137 50
117 137 50
117 137 50
117 137 50
117 137 50
117 137 50
117 137 50
117 137 50
117 137 50
117 137 50
117 137 50
117 137 50
117 137 50
117 137 50
117 137 50
117 137 50
117 137 50
117 137 50
117 137 50
117 137 50
117 137 50
117 137 50
117 137 50
117 137 50
117 137 50
117 137 50
117 137 50
117 137 50
117 137 50
117 137 50
117 137 50
117 136 50
117 136 50
117 136 50
117 136 50
117 136 50
117 136 50
117 136 50
117 136 50
117 136 50
117 136 50
117 136 50
117 136 50
117 136 50
117 136 50
117 136 50
117 136 50
117 136 50
117 136 50
117 136 50
117 136 50
117 136 50
117 136 50
117 136 50
117 136 50
117 136 50
117 136 50
117 136 50
117 136 50
117 136 50
117 136 50
117 136 50
117 136 50
117 136 50
117 136 50
117 136 50
117 136 50
117 136 50
117 136 50
117 136 50
117 136 50
117 136 50
117 136 50
117 136 50
117 135 50
117 135 50
117 135 50
117 135 50
117 135 50
117 135 50
117 135 50
117 135 50
117 135 50
117 135 50
117 135 50
117 135 50
117 135 50
117 135 50
117 135 50
117 135 50
117 135 50
117 135 50
117 135 50
117 135 50
117 135 50
117 135 50
117 135 50
117 135 50
117 135 50
117 135 50
117 135 50
117 135 50
117 135 50
117 135 50
117 135 50
117 135 50
117 135 50
117 135 50
117 134 50
117 134 50
117 134 50
117 134 50
117 134 50
117 134 50
117 134 50
117 134 50
117 134 50
117 134 50
117 134 50
117 134 50
117 134 50
117 134 50
117 134 50
117 134 50
117 134 50
117 134 50
117 134 50
117 134 50
117 134 50
117 134 50
117 134 50
117 134 50
117 134 50
117 133 50
117 133 50
117 133 50
117 133 50
117 133 50
117 133 50
117 133 50
117 133 50
117 133 50
117 133 50
117 133 50
117 133 50
117 133 50
117 133 50
117 133 50
117 133 50
117 133 50
117 133 50
117 132 50
117 132 50
117 132 50
117 132 50
117 132 50
117 132 50
117 132 50
117 132 50
117 132 50
117 132 50
117 132 50
117 132 50
117 132 50
117 131 50
117 131 50
117 131 50
117 131 50
117 131 50
117 131 50
117 131 50
117 131 50
117 131 50
117 131 50
117 130 50
117 130 50
117 130 50
117 130 50
117 130 50
117 130 50
117 130 50
117 130 50
117 129 50
117 129 50
117 129 50
117 129 50
117 129 50
117 129 50
117 128 50
117 128 50
117 128 50
117 128 50
117 127 50
117 127 50
117 126 50
117 126 50
117 125 50
117 124 50
117 123 50
117 122 50
117 121 50
117 120 50
25 65 50
26 65 50
27 65 50
28 65 50
29 65 50
30 65 50
31 65 50
32 65 50
33 65 50
34 65 50
35 65 50
36 65 50
37 65 50
38 65 50
38 65 50
39 65 50
39 65 50
40 65 50
40 65 50
40 65 50
41 65 50
41 65 50
41 65 50
41 65 50
42 65 50
42 65 50
42 65 50
42 65 50
42 65 50
42 65 50
43 65 50
43 65 50
43 65 50
43 65 50
43 65 50
43 65 50
43 65 50
43 65 50
44 65 50
44 65 50
44 65 50
44 65 50
44 65 50
44 65 50
44 65 50
44 65 50
44 65 50
44 65 50
44 65 50
44 65 50
45 65 50
45 65 50
45 65 50
45 65 50
45 65 50
45 65 50
45 65 50
45 65 50
45 65 50
45 65 50
45 65 50
45 65 50
45 65 50
45 65 50
45 65 50
46 65 50
46 65 50
46 65 50
46 65 50
46 65 50
46 65 50
46 65 50
46 65 50
46 65 50
46 65 50
46 65 50
46 65 50
46 65 50
46 65 50
46 65 50
46 65 50
46 65 50
46 65 50
47 65 50
47 65 50
47 65 50
47 65 50
47 65 50
47 65 50
47 65 50
47 65 50
47 65 50
47 65 50
47 65 50
47 65 50
47 65 50
47 65 50
47 65 50
47 65 50
47 65 50
47 65 50
47 65 50
47 65 50
48 65 50
48 65 50
48 65 50
48 65 50
48 65 50
48 65 50
48 65 50
48 65 50
48 65 50
48 65 50
48 65 50
48 65 50
48 65 50
48 65 50
48 65 50
48 65 50
48 65 50
48 65 50
48 65 50
48 65 50
48 65 50
49 65 50
49 65 50
49 65 50
49 65 50
49 65 50
49 65 50
49 65 50
49 65 50
49 65 50
49 65 50
49 65 50
49 65 50
49 65 50
49 65 50
49 65 50
49 65 50
49 65 50
49 65 50
49 65 50
49 65 50
49 65 50
50 65 50
50 65 50
50 65 50
50 65 50
50 65 50
50 65 50
50 65 50
50 65 50
50 65 50
50 65 50
50 65 50
50 65 50
50 65 50
50 65 50
50 65 50
50 65 50
50 65 50
50 65 50
50 65 50
50 65 50
51 65 50
51 65 50
51 65 50
51 65 50
51 65 50
51 65 50
51 65 50
51 65 50
51 65 50
51 65 50
51 65 50
51 65 50
51 65 50
51 65 50
51 65 50
51 65 50
51 65 50
51 65 50
51 65 50
52 65 50
52 65 50
52 65 50
52 65 50
52 65 50
52 65 50
52 65 50
52 65 50
52 65 50
52 65 50
52 65 50
52 65 50
52 65 50
52 65 50
52 65 50
52 65 50
52 65 50
53 65 50
53 65 50
53 65 50
53 65 50
53 65 50
53 65 50
53 65 50
53 65 50
53 65 50
53 65 50
53 65 50
53 65 50
53 65 50
53 65 50
53 65 50
54 65 50
54 65 50
54 65 50
54 65 50
54 65 50
54 65 50
54 65 50
54 65 50
54 65 50
54 65 50
54 65 50
54 65 50
55 65 50
55 65 50
55 65 50
55 65 50
55 65 50
55 65 50
55 65 50
55 65 50
55 65 50
55 65 50
56 65 50
56 65 50
56 65 50
56 65 50
56 65 50
56 65 50
56 65 50
56 65 50
57 65 50
57 65 50
57 65 50
57 65 50
57 65 50
57 65 50
57 65 50
58 65 50
58 65 50
58 65 50
58 65 50
58 65 50
59 65 50
59 65 50
59 65 50
59 65 50
59 65 50
60 65 50
60 65 50
60 65 50
60 65 50
61 65 50
61 65 50
61 65 50
61 65 50
62 65 50
62 65 50
62 65 50
62 65 50
63 65 50
63 65 50
63 65 50
63 65 50
64 65 50
64 65 50
64 65 50
64 65 50
65 65 50
65 65 50
65 65 50
65 65 50
66 65 50
66 65 50
66 65 50
66 65 50
66 65 50
67 65 50
67 65 50
67 65 50
67 65 50
67 65 50
68 65 50
68 65 50
68 65 50
68 65 50
68 65 50
68 65 50
69 65 50
69 65 50
69 65 50
69 65 50
69 65 50
69 65 50
69 65 50
69 65 50
70 65 50
70 65 50
70 65 50
70 65 50
70 65 50
70 65 50
70 65 50
70 65 50
70 65 50
70 65 50
71 65 50
71 65 50
71 65 50
71 65 50
71 65 50
71 65 50
71 65 50
71 65 50
71 65 50
71 65 50
71 65 50
71 65 50
72 65 50
72 65 50
72 65 50
72 65 50
72 65 50
72 65 50
72 65 50
72 65 50
72 65 50
72 65 50
72 65 50
72 65 50
72 65 50
72 65 50
73 65 50
73 65 50
73 65 50
73 65 50
73 65 50
73 65 50
73 65 50
73 65 50
73 65 50
73 65 50
73 65 50
73 65 50
73 65 50
73 65 50
73 65 50
73 65 50
74 65 50
74 65 50
74 65 50
74 65 50
74 65 50
74 65 50
74 65 50
74 65 50
74 65 50
74 65 50
74 65 50
74 65 50
74 65 50
74 65 50
74 65 50
74 65 50
74 65 50
74 65 50
75 65 50
75 65 50
75 65 50
75 65 50
75 65 50
75 65 50
75 65 50
75 65 50
75 65 50
75 65 50
75 65 50
75 65 50
75 65 50
75 65 50
75 65 50
75 65 50
75 65 50
75 65 50
75 65 50
76 65 50
76 65 50
76 65 50
76 65 50
76 65 50
76 65 50
76 65 50
76 65 50
76 65 50
76 65 50
76 65 50
76 65 50
76 65 50
76 65 50
76 65 50
76 65 50
76 65 50
76 65 50
76 65 50
76 65 50
77 65 50
77 65 50
77 65 50
77 65 50
77 65 50
77 65 50
77 65 50
77 65 50
77 65 50
77 65 50
77 65 50
77 65 50
77 65 50
77 65 50
77 65 50
77 65 50
77 65 50
77 65 50
77 65 50
77 65 50
78 65 50
78 65 50
78 65 50
78 65 50
78 65 50
78 65 50
78 65 50
78 65 50
78 65 50
78 65 50
78 65 50
78 65 50
78 65 50
78 65 50
78 65 50
78 65 50
78 65 50
78 65 50
78 65 50
78 65 50
79 65 50
79 65 50
79 65 50
79 65 50
79 65 50
79 65 50
79 65 50
79 65 50
79 65 50
79 65 50
79 65 50
79 65 50
79 65 50
79 65 50
79 65 50
79 65 50
79 65 50
79 65 50
79 65 50
79 65 50
80 65 50
80 65 50
80 65 50
80 65 50
80 65 50
80 65 50
80 65 50
80 65 50
80 65 50
80 65 50
80 65 50
80 65 50
80 65 50
80 65 50
80 65 50
80 65 50
80 65 50
80 65 50
80 65 50
80 65 50
81 65 50
81 65 50
81 65 50
81 65 50
81 65 50
81 65 50
81 65 50
81 65 50
81 65 50
81 65 50
81 65 50
81 65 50
81 65 50
81 65 50
81 65 50
81 65 50
81 65 50
81 65 50
81 65 50
81 65 50
82 65 50
82 65 50
82 65 50
82 65 50
82 65 50
82 65 50
82 65 50
82 65 50
82 65 50
82 65 50
82 65 50
82 65 50
82 65 50
82 65 50
82 65 50
82 65 50
82 65 50
82 65 50
82 65 50
82 65 50
83 65 50
83 65 50
83 65 50
83 65 50
83 65 50
83 65 50
83 65 50
83 65 50
83 65 50
83 65 50
83 65 50
83 65 50
83 65 50
83 65 50
83 65 50
83 65 50
83 65 50
83 65 50
83 65 50
84 65 50
84 65 50
84 65 50
84 65 50
84 65 50
84 65 50
84 65 50
84 65 50
84 65 50
84 65 50
84 65 50
84 65 50
84 65 50
84 65 50
84 65 50
84 65 50
84 65 50
85 65 50
85 65 50
85 65 50
85 65 50
85 65 50
85 65 50
85 65 50
85 65 50
85 65 50
85 65 50
85 65 50
85 65 50
85 65 50
85 65 50
86 65 50
86 65 50
86 65 50
86 65 50
86 65 50
86 65 50
86 65 50
86 65 50
86 65 50
86 65 50
87 65 50
87 65 50
87 65 50
87 65 50
87 65 50
87 65 50
88 65 50
88 65 50
88 65 50
88 65 50
89 65 50
89 65 50
89 65 50
90 65 50
90 65 50
91 65 50
91 65 50
92 65 50
92 65 50
92 65 50
93 65 50
93 65 50
93 65 50
93 64 100
93 63 50
93 63 50
93 62 50
93 61 50
93 60 50
93 59 50
93 58 50
93 57 50
93 56 50
93 55 50
93 54 50
93 53 50
93 52 50
93 51 50
93 50 50
93 49 50
93 48 50
93 47 50
93 46 50
93 46 50
