148 191 25
147 191 25
146 191 25
145 191 25
144 191 25
143 191 25
142 191 25
141 191 25
140 191 25
139 191 25
138 191 25
137 191 25
136 191 25
135 191 25
134 191 25
133 191 25
132 191 25
131 191 25
130 191 25
129 191 25
128 191 25
127 191 25
126 191 25
125 191 25
124 191 25
123 191 25
122 191 25
121 191 25
120 191 25
119 191 25
118 191 25
117 191 25
116 191 25
115 191 25
114 191 25
113 191 25
112 191 25
111 191 25
110 191 25
109 191 25
108 191 25
107 191 25
106 191 25
105 191 25
104 191 25
103 191 25
102 191 25
102 191 25
101 191 25
101 191 25
100 191 25
100 191 25
100 191 25
99 191 25
99 191 25
99 191 25
99 191 25
98 191 25
98 191 25
98 191 25
98 191 25
98 191 25
97 191 25
97 191 25
97 191 25
97 191 25
97 191 25
97 191 25
96 191 25
96 191 25
96 191 25
96 191 25
96 191 25
96 191 25
96 191 25
96 191 25
95 191 25
95 191 25
95 191 25
95 191 25
95 191 25
95 191 25
95 191 25
95 191 25
95 191 25
94 191 25
94 191 25
94 191 25
94 191 25
94 191 25
94 191 25
94 191 25
94 191 25
94 191 25
94 191 25
93 191 25
93 191 25
93 191 25
93 191 25
93 191 25
93 191 25
93 191 25
93 191 25
93 191 25
93 191 25
93 191 25
92 191 25
92 191 25
92 191 25
92 191 25
92 191 25
92 191 25
92 191 25
92 191 25
92 191 25
92 191 25
92 191 25
92 191 25
91 191 25
91 191 25
91 191 25
91 191 25
91 191 25
91 191 25
91 191 25
91 191 25
91 191 25
91 191 25
91 191 25
91 191 25
91 191 25
90 191 25
90 191 25
90 191 25
90 191 25
90 191 25
90 191 25
90 191 25
90 191 25
90 191 25
90 191 25
90 191 25
90 191 25
90 191 25
90 191 25
89 191 25
89 191 25
89 191 25
89 191 25
89 191 25
89 191 25
89 191 25
89 191 25
89 191 25
89 191 25
89 191 25
89 191 25
89 191 25
89 191 25
89 191 25
88 191 25
88 191 25
88 191 25
88 191 25
88 191 25
88 191 25
88 191 25
88 191 25
88 191 25
88 191 25
88 191 25
88 191 25
88 191 25
88 191 25
88 191 25
87 191 25
87 191 25
87 191 25
87 191 25
87 191 25
87 191 25
87 191 25
87 191 25
87 191 25
87 191 25
87 191 25
87 191 25
87 191 25
87 191 25
87 191 25
87 191 25
86 191 25
86 191 25
86 191 25
86 191 25
86 191 25
86 191 25
86 191 25
86 191 25
86 191 25
86 191 25
86 191 25
86 191 25
86 191 25
86 191 25
86 191 25
86 191 25
86 191 25
85 191 25
85 191 25
85 191 25
85 191 25
85 191 25
85 191 25
85 191 25
85 191 25
85 191 25
85 191 25
85 191 25
85 191 25
85 191 25
85 191 25
85 191 25
85 191 25
85 191 25
84 191 25
84 191 25
84 191 25
84 191 25
84 191 25
84 191 25
84 191 25
84 191 25
84 191 25
84 191 25
84 191 25
84 191 25
84 191 25
84 191 25
84 191 25
84 191 25
84 191 25
83 191 25
83 191 25
83 191 25
83 191 25
83 191 25
83 191 25
83 191 25
83 191 25
83 191 25
83 191 25
83 191 25
83 191 25
83 191 25
83 191 25
83 191 25
83 191 25
83 191 25
82 191 25
82 191 25
82 191 25
82 191 25
82 191 25
82 191 25
82 191 25
82 191 25
82 191 25
82 191 25
82 191 25
82 191 25
82 191 25
82 191 25
82 191 25
82 191 25
82 191 25
81 191 25
81 191 25
81 191 25
81 191 25
81 191 25
81 191 25
81 191 25
81 191 25
81 191 25
81 191 25
81 191 25
81 191 25
81 191 25
81 191 25
81 191 25
81 191 25
80 191 25
80 191 25
80 191 25
80 191 25
80 191 25
80 191 25
80 191 25
80 191 25
80 191 25
80 191 25
80 191 25
80 191 25
80 191 25
80 191 25
80 191 25
79 191 25
79 191 25
79 191 25
79 191 25
79 191 25
79 191 25
79 191 25
79 191 25
79 191 25
79 191 25
79 191 25
79 191 25
79 191 25
79 191 25
79 191 25
78 191 25
78 191 25
78 191 25
78 191 25
78 191 25
78 191 25
78 191 25
78 191 25
78 191 25
78 191 25
78 191 25
78 191 25
78 191 25
78 191 25
77 191 25
77 191 25
77 191 25
77 191 25
77 191 25
77 191 25
77 191 25
77 191 25
77 191 25
77 191 25
77 191 25
77 191 25
77 191 25
77 191 25
76 191 25
76 191 25
76 191 25
76 191 25
76 191 25
76 191 25
76 191 25
76 191 25
76 191 25
76 191 25
76 191 25
76 191 25
76 191 25
76 191 25
76 191 25
75 191 25
75 191 25
75 191 25
75 191 25
75 191 25
75 191 25
75 191 25
75 191 25
75 191 25
75 191 25
75 191 25
75 191 25
75 191 25
75 191 25
75 191 25
75 191 25
74 191 25
74 191 25
74 191 25
74 191 25
74 191 25
74 191 25
74 191 25
74 191 25
74 191 25
74 191 25
74 191 25
74 191 25
74 191 25
74 191 25
74 191 25
74 191 25
74 191 25
73 191 25
73 191 25
73 191 25
73 191 25
73 191 25
73 191 25
73 191 25
73 191 25
73 191 25
73 191 25
73 191 25
73 191 25
73 191 25
73 191 25
73 191 25
73 191 25
73 191 25
73 191 25
73 191 25
72 191 25
72 191 25
72 191 25
72 191 25
72 191 25
72 191 25
72 191 25
72 191 25
72 191 25
72 191 25
72 191 25
72 191 25
72 191 25
72 191 25
72 191 25
72 191 25
72 191 25
72 191 25
72 191 25
72 191 25
72 191 25
72 190 500
72 190 25
72 189 25
72 189 25
72 189 25
72 189 25
72 189 25
72 189 25
72 189 25
72 189 25
72 189 25
72 189 25
72 189 25
72 189 25
72 189 25
72 189 25
72 189 25
72 189 25
72 189 25
72 189 25
72 189 25
72 189 25
72 188 25
72 188 25
72 188 25
72 188 25
72 188 25
72 188 25
72 188 25
72 188 25
72 188 25
72 188 25
72 188 25
72 188 25
72 188 25
72 188 25
72 188 25
72 188 25
72 188 25
72 188 25
72 187 25
72 187 25
72 187 25
72 187 25
72 187 25
72 187 25
72 187 25
72 187 25
72 187 25
72 187 25
72 187 25
72 187 25
72 187 25
72 187 25
72 187 25
72 187 25
72 186 25
72 186 25
72 186 25
72 186 25
72 186 25
72 186 25
72 186 25
72 186 25
72 186 25
72 186 25
72 186 25
72 186 25
72 186 25
72 186 25
72 185 25
72 185 25
72 185 25
72 185 25
72 185 25
72 185 25
72 185 25
72 185 25
72 185 25
72 185 25
72 185 25
72 185 25
72 184 25
72 184 25
72 184 25
72 184 25
72 184 25
72 184 25
72 184 25
72 184 25
72 184 25
72 184 25
72 183 25
72 183 25
72 183 25
72 183 25
72 183 25
72 183 25
72 183 25
72 183 25
72 183 25
72 182 25
72 182 25
72 182 25
72 182 25
72 182 25
72 182 25
72 182 25
72 182 25
72 181 25
72 181 25
72 181 25
72 181 25
72 181 25
72 181 25
72 181 25
72 180 25
72 180 25
72 180 25
72 180 25
72 180 25
72 180 25
72 180 25
72 179 25
72 179 25
72 179 25
72 179 25
72 179 25
72 179 25
72 179 25
72 178 25
72 178 25
72 178 25
72 178 25
72 178 25
72 178 25
72 178 25
72 177 25
72 177 25
72 177 25
72 177 25
72 177 25
72 177 25
72 177 25
72 176 25
72 176 25
72 176 25
72 176 25
72 176 25
72 176 25
72 176 25
72 175 25
72 175 25
72 175 25
72 175 25
72 175 25
72 175 25
72 175 25
72 174 25
72 174 25
72 174 25
72 174 25
72 174 25
72 174 25
72 173 25
72 173 25
72 173 25
72 173 25
72 173 25
72 172 25
72 172 25
72 172 25
72 171 25
72 171 25
72 171 25
72 170 25
72 170 25
72 169 25
72 168 25
72 167 25
72 166 25
72 165 25
72 164 25
72 163 25
72 162 25
72 161 25
72 160 25
72 159 25
72 158 25
149 191 25
150 191 25
151 191 25
152 191 25
153 191 25
153 191 25
154 191 25
154 191 25
155 191 25
155 191 25
156 191 25
156 191 25
157 191 25
157 191 25
158 191 25
158 191 25
159 191 25
159 191 25
160 191 25
160 191 25
160 190 25
160 190 25
160 189 25
160 188 25
160 187 25
160 187 25
160 186 25
160 186 25
160 185 25
160 185 25
160 184 25
160 184 25
160 183 25
160 183 25
160 182 25
160 182 25
160 181 25
160 181 25
160 181 25
160 180 25
160 180 25
160 180 25
160 179 25
160 179 25
160 179 25
160 179 25
160 178 25
160 178 25
160 178 25
160 178 25
160 177 25
160 177 25
160 177 25
160 177 25
160 177 25
160 176 25
160 176 25
160 176 25
160 176 25
160 176 25
160 176 25
160 175 25
160 175 25
160 175 25
160 175 25
160 175 25
160 175 25
160 175 25
160 175 25
160 174 25
160 174 25
160 174 25
160 174 25
160 174 25
160 174 25
160 174 25
160 174 25
160 174 25
160 174 25
160 173 25
160 173 25
160 173 25
160 173 25
160 173 25
160 173 25
160 173 25
160 173 25
160 173 25
160 173 25
160 173 25
160 173 25
160 173 25
160 172 25
160 172 25
160 172 25
160 172 25
160 172 25
160 172 25
160 172 25
160 172 25
160 172 25
160 172 25
160 172 25
160 172 25
160 172 25
160 172 25
160 172 25
160 172 25
160 172 25
160 171 25
160 171 25
160 171 25
160 171 25
160 171 25
160 171 25
160 171 25
160 171 25
160 171 25
160 171 25
160 171 25
160 171 25
160 171 25
160 171 25
160 171 25
160 171 25
160 171 25
160 171 25
160 171 25
160 171 25
160 171 25
160 171 25
160 170 25
160 170 25
160 170 25
160 170 25
160 170 25
160 170 25
160 170 25
160 170 25
160 170 25
160 170 25
160 170 25
160 170 25
160 170 25
160 170 25
160 170 25
160 170 25
160 170 25
160 170 25
160 170 25
160 170 25
160 170 25
160 170 25
160 170 25
160 170 25
160 170 25
160 170 25
160 170 25
160 169 25
160 169 25
160 169 25
160 169 25
160 169 25
160 169 25
160 169 25
160 169 25
160 169 25
160 169 25
160 169 25
160 169 25
160 169 25
160 169 25
160 169 25
160 169 25
160 169 25
160 169 25
160 169 25
160 169 25
160 169 25
160 169 25
160 169 25
160 169 25
160 169 25
160 169 25
160 169 25
160 169 25
160 169 25
160 169 25
160 169 25
160 169 25
160 168 25
160 168 25
160 168 25
160 168 25
160 168 25
160 168 25
160 168 25
160 168 25
160 168 25
160 168 25
160 168 25
160 168 25
160 168 25
160 168 25
160 168 25
160 168 25
160 168 25
160 168 25
160 168 25
160 168 25
160 168 25
160 168 25
160 168 25
160 168 25
160 168 25
160 168 25
160 168 25
160 168 25
160 168 25
160 168 25
160 168 25
160 168 25
160 168 25
160 168 25
160 168 25
160 168 25
160 168 25
160 168 25
160 168 25
160 167 25
160 167 25
160 167 25
160 167 25
160 167 25
160 167 25
160 167 25
160 167 25
160 167 25
160 167 25
160 167 25
160 167 25
160 167 25
160 167 25
160 167 25
160 167 25
160 167 25
160 167 25
160 167 25
160 167 25
160 167 25
160 167 25
160 167 25
160 167 25
160 167 25
160 167 25
160 167 25
160 167 25
160 167 25
160 167 25
160 167 25
160 167 25
160 167 25
160 167 25
160 167 25
160 167 25
160 167 25
160 167 25
160 167 25
160 167 25
160 167 25
160 167 25
160 167 25
160 167 25
160 167 25
160 166 25
160 166 25
160 166 25
160 166 25
160 166 25
160 166 25
160 166 25
160 166 25
160 166 25
160 166 25
160 166 25
160 166 25
160 166 25
160 166 25
160 166 25
160 166 25
160 166 25
160 166 25
160 166 25
160 166 25
160 166 25
160 166 25
160 166 25
160 166 25
160 166 25
160 166 25
160 166 25
160 166 25
160 166 25
160 166 25
160 166 25
160 166 25
160 166 25
160 166 25
160 166 25
160 166 25
160 166 25
160 166 25
160 166 25
160 166 25
160 166 25
160 166 25
160 166 25
160 166 25
160 166 25
160 166 25
160 166 25
160 166 25
160 166 25
160 166 25
160 165 25
160 165 25
160 165 25
160 165 25
160 165 25
160 165 25
160 165 25
160 165 25
160 165 25
160 165 25
160 165 25
160 165 25
160 165 25
160 165 25
160 165 25
160 165 25
160 165 25
160 165 25
160 165 25
160 165 25
160 165 25
160 165 25
160 165 25
160 165 25
160 165 25
160 165 25
160 165 25
160 165 25
160 165 25
160 165 25
160 165 25
160 165 25
160 165 25
160 165 25
160 165 25
160 165 25
160 165 25
160 165 25
160 165 25
160 165 25
160 165 25
160 165 25
160 165 25
160 165 25
160 165 25
160 165 25
160 165 25
160 165 25
160 165 25
160 165 25
160 165 25
160 165 25
160 165 25
160 165 25
160 164 25
160 164 25
160 164 25
160 164 25
160 164 25
160 164 25
160 164 25
160 164 25
160 164 25
160 164 25
160 164 25
160 164 25
160 164 25
160 164 25
160 164 25
160 164 25
160 164 25
160 164 25
160 164 25
160 164 25
160 164 25
160 164 25
160 164 25
160 164 25
160 164 25
160 164 25
160 164 25
160 164 25
160 164 25
160 164 25
160 164 25
160 164 25
160 164 25
160 164 25
160 164 25
160 164 25
160 164 25
160 164 25
160 164 25
160 164 25
160 164 25
160 164 25
160 164 25
160 164 25
160 164 25
160 164 25
160 164 25
160 164 25
160 164 25
160 164 25
160 164 25
160 164 25
160 164 25
160 164 25
160 164 25
160 163 25
160 163 25
160 163 25
160 163 25
160 163 25
160 163 25
160 163 25
160 163 25
160 163 25
160 163 25
160 163 25
160 163 25
160 163 25
160 163 25
160 163 25
160 163 25
160 163 25
160 163 25
160 163 25
160 163 25
160 163 25
160 163 25
160 163 25
160 163 25
160 163 25
160 163 25
160 163 25
160 163 25
160 163 25
160 163 25
160 163 25
160 163 25
160 163 25
160 163 25
160 163 25
160 163 25
160 163 25
160 163 25
160 163 25
160 163 25
160 163 25
160 163 25
160 163 25
160 163 25
160 163 25
160 163 25
160 163 25
160 163 25
160 163 25
160 163 25
160 163 25
160 163 25
160 162 25
160 162 25
160 162 25
160 162 25
160 162 25
160 162 25
160 162 25
160 162 25
160 162 25
160 162 25
160 162 25
160 162 25
160 162 25
160 162 25
160 162 25
160 162 25
160 162 25
160 162 25
160 162 25
160 162 25
160 162 25
160 162 25
160 162 25
160 162 25
160 162 25
160 162 25
160 162 25
160 162 25
160 162 25
160 162 25
160 162 25
160 162 25
160 162 25
160 162 25
160 162 25
160 162 25
160 162 25
160 162 25
160 162 25
160 162 25
160 162 25
160 162 25
160 162 25
160 162 25
160 161 25
160 161 25
160 161 25
160 161 25
160 161 25
160 161 25
160 161 25
160 161 25
160 161 25
160 161 25
160 161 25
160 161 25
160 161 25
160 161 25
160 161 25
160 161 25
160 161 25
160 161 25
160 161 25
160 161 25
160 161 25
160 161 25
160 161 25
160 161 25
160 161 25
160 161 25
160 161 25
160 161 25
160 161 25
160 161 25
160 161 25
160 161 25
160 161 25
160 161 25
160 161 25
160 161 25
160 160 25
160 160 25
160 160 25
160 160 25
160 160 25
160 160 25
160 160 25
160 160 25
160 160 25
160 160 25
160 160 25
160 160 25
160 160 25
160 160 25
160 160 25
160 160 25
160 160 25
160 160 25
160 160 25
160 160 25
160 160 25
160 160 25
160 160 25
160 160 25
160 160 25
160 160 25
160 160 25
160 160 25
160 159 25
160 159 25
160 159 25
160 159 25
160 159 25
160 159 25
160 159 25
160 159 25
160 159 25
160 159 25
160 159 25
160 159 25
160 159 25
160 159 25
160 159 25
160 159 25
160 159 25
160 159 25
160 159 25
160 159 25
160 158 25
160 158 25
160 158 25
160 158 25
160 158 25
160 158 25
160 158 25
160 158 25
160 158 25
160 158 25
160 158 25
160 158 25
160 158 25
160 157 25
160 157 25
160 157 25
160 157 25
160 157 25
160 157 25
160 157 25
160 157 25
160 156 25
160 156 25
160 156 25
160 156 25
160 156 25
160 155 25
160 155 25
160 155 25
160 154 25
160 154 25
160 153 25
160 153 25
160 152 25
160 151 25
160 150 25
160 149 25
160 148 25
160 147 25
160 146 25
160 145 25
160 144 25
160 143 25
160 142 25
160 141 25
160 140 25
160 139 25
160 138 25
160 137 25
160 136 25
160 135 25
160 134 25
160 133 25
160 132 25
160 131 25
160 130 25
160 129 25
160 128 25
160 127 25
160 126 25
160 125 25
159 125 25
158 125 25
157 125 25
156 125 25
155 125 25
154 125 25
153 125 25
152 125 25
151 125 25
150 125 25
150 125 25
149 125 25
149 125 25
148 125 25
148 125 25
148 125 25
147 125 25
147 125 25
147 125 25
147 125 25
146 125 25
146 125 25
146 125 25
146 125 25
146 125 25
145 125 25
145 125 25
145 125 25
145 125 25
145 125 25
145 125 25
144 125 25
144 125 25
144 125 25
144 125 25
144 125 25
144 125 25
144 125 25
143 125 25
143 125 25
143 125 25
143 125 25
143 125 25
143 125 25
143 125 25
143 125 25
142 125 25
142 125 25
142 125 25
142 125 25
142 125 25
142 125 25
142 125 25
142 125 25
142 125 25
142 125 25
141 125 25
141 125 25
141 125 25
141 125 25
141 125 25
141 125 25
141 125 25
141 125 25
141 125 25
141 125 25
140 125 25
140 125 25
140 125 25
140 125 25
140 125 25
140 125 25
140 125 25
140 125 25
140 125 25
140 125 25
140 125 25
139 125 25
139 125 25
139 125 25
139 125 25
139 125 25
139 125 25
139 125 25
139 125 25
139 125 25
139 125 25
139 125 25
138 125 25
138 125 25
138 125 25
138 125 25
138 125 25
138 125 25
138 125 25
138 125 25
138 125 25
138 125 25
138 125 25
138 125 25
137 125 25
137 125 25
137 125 25
137 125 25
137 125 25
137 125 25
137 125 25
137 125 25
137 125 25
137 125 25
137 125 25
137 125 25
136 125 25
136 125 25
136 125 25
136 125 25
136 125 25
136 125 25
136 125 25
136 125 25
136 125 25
136 125 25
136 125 25
136 125 25
135 125 25
135 125 25
135 125 25
135 125 25
135 125 25
135 125 25
135 125 25
135 125 25
135 125 25
135 125 25
135 125 25
135 125 25
134 125 25
134 125 25
134 125 25
134 125 25
134 125 25
134 125 25
134 125 25
134 125 25
134 125 25
134 125 25
134 125 25
134 125 25
133 125 25
133 125 25
133 125 25
133 125 25
133 125 25
133 125 25
133 125 25
133 125 25
133 125 25
133 125 25
133 125 25
133 125 25
132 125 25
132 125 25
132 125 25
132 125 25
132 125 25
132 125 25
132 125 25
132 125 25
132 125 25
132 125 25
132 125 25
132 125 25
131 125 25
131 125 25
131 125 25
131 125 25
131 125 25
131 125 25
131 125 25
131 125 25
131 125 25
131 125 25
131 125 25
131 125 25
130 125 25
130 125 25
130 125 25
130 125 25
130 125 25
130 125 25
130 125 25
130 125 25
130 125 25
130 125 25
130 125 25
130 125 25
129 125 25
129 125 25
129 125 25
129 125 25
129 125 25
129 125 25
129 125 25
129 125 25
129 125 25
129 125 25
129 125 25
129 125 25
128 125 25
128 125 25
128 125 25
128 125 25
128 125 25
128 125 25
128 125 25
128 125 25
128 125 25
128 125 25
128 125 25
127 125 25
127 125 25
127 125 25
127 125 25
127 125 25
127 125 25
127 125 25
127 125 25
127 125 25
127 125 25
127 125 25
126 125 25
126 125 25
126 125 25
126 125 25
126 125 25
126 125 25
126 125 25
126 125 25
126 125 25
126 125 25
125 125 25
125 125 25
125 125 25
125 125 25
125 125 25
125 125 25
125 125 25
125 125 25
125 125 25
124 125 25
124 125 25
124 125 25
124 125 25
124 125 25
124 125 25
124 125 25
123 125 25
123 125 25
123 125 25
123 125 25
123 125 25
123 125 25
122 125 25
122 125 25
122 125 25
122 125 25
122 125 25
121 125 25
121 125 25
121 125 25
121 125 25
121 125 25
121 124 100
121 124 25
121 123 25
121 123 25
121 123 25
121 123 25
121 123 25
121 123 25
121 122 25
121 122 25
121 122 25
121 122 25
121 122 25
121 122 25
121 122 25
121 121 25
121 121 25
121 121 25
121 121 25
121 121 25
121 121 25
121 121 25
121 121 25
121 120 25
121 120 25
121 120 25
121 120 25
121 120 25
121 120 25
121 120 25
121 120 25
121 120 25
121 119 25
121 119 25
121 119 25
121 119 25
121 119 25
121 119 25
121 119 25
121 119 25
121 119 25
121 119 25
121 118 25
121 118 25
121 118 25
121 118 25
121 118 25
121 118 25
121 118 25
121 118 25
121 118 25
121 118 25
121 117 25
121 117 25
121 117 25
121 117 25
121 117 25
121 117 25
121 117 25
121 117 25
121 117 25
121 116 25
121 116 25
121 116 25
121 116 25
121 116 25
121 116 25
121 116 25
121 116 25
121 115 25
121 115 25
121 115 25
121 115 25
121 115 25
121 115 25
122 115 125
122 115 25
122 114 125
122 113 25
122 113 25
122 113 25
122 113 25
122 112 25
122 112 25
122 112 25
122 111 25
122 111 25
122 111 25
122 110 25
122 110 25
122 109 25
122 109 25
122 108 25
122 108 25
122 107 25
122 107 25
122 106 25
122 106 25
122 105 25
122 105 25
122 104 25
122 104 25
122 103 25
122 103 25
122 103 25
122 102 25
122 102 25
122 102 25
122 101 25
122 101 25
122 101 25
122 101 25
122 101 25
122 100 25
122 100 25
122 100 25
122 100 25
122 100 25
122 100 25
122 99 25
122 99 25
122 99 25
122 99 25
122 99 25
122 99 25
122 99 25
122 99 25
122 99 25
122 98 25
122 98 25
122 98 25
122 98 25
122 98 25
122 98 25
122 98 25
122 98 25
122 98 25
122 98 25
122 98 25
122 98 25
122 97 25
122 97 25
122 97 25
122 97 25
122 97 25
122 97 25
122 97 25
122 97 25
122 97 25
122 97 25
122 97 25
122 97 25
122 97 25
122 97 25
122 97 25
122 97 25
122 96 25
122 96 25
122 96 25
122 96 25
122 96 25
122 96 25
122 96 25
122 96 25
122 96 25
122 96 25
122 96 25
122 96 25
122 96 25
122 96 25
122 96 25
122 96 25
122 96 25
122 96 25
122 96 25
122 96 25
122 96 25
122 95 25
122 95 25
122 95 25
122 95 25
122 95 25
122 95 25
122 95 25
122 95 25
122 95 25
122 95 25
122 95 25
122 95 25
122 95 25
122 95 25
122 95 25
122 95 25
122 95 25
122 95 25
122 95 25
122 95 25
122 95 25
122 95 25
122 95 25
122 95 25
122 95 25
122 94 25
122 94 25
122 94 25
122 94 25
122 94 25
122 94 25
122 94 25
122 94 25
122 94 25
122 94 25
122 94 25
122 94 25
122 94 25
122 94 25
122 94 25
122 94 25
122 94 25
122 94 25
122 94 25
122 94 25
122 94 25
122 94 25
122 94 25
122 94 25
122 94 25
122 94 25
122 94 25
122 94 25
122 93 25
122 93 25
122 93 25
122 93 25
122 93 25
122 93 25
122 93 25
122 93 25
122 93 25
122 93 25
122 93 25
122 93 25
122 93 25
122 93 25
122 93 25
122 93 25
122 93 25
122 93 25
122 93 25
122 93 25
122 93 25
122 93 25
122 93 25
122 93 25
122 93 25
122 93 25
122 93 25
122 93 25
122 93 25
122 93 25
122 92 25
122 92 25
122 92 25
122 92 25
122 92 25
122 92 25
122 92 25
122 92 25
122 92 25
122 92 25
122 92 25
122 92 25
122 92 25
122 92 25
122 92 25
122 92 25
122 92 25
122 92 25
122 92 25
122 92 25
122 92 25
122 92 25
122 92 25
122 92 25
122 92 25
122 92 25
122 92 25
122 92 25
122 92 25
122 92 25
122 92 25
122 91 25
122 91 25
122 91 25
122 91 25
122 91 25
122 91 25
122 91 25
122 91 25
122 91 25
122 91 25
122 91 25
122 91 25
122 91 25
122 91 25
122 91 25
122 91 25
122 91 25
122 91 25
122 91 25
122 91 25
122 91 25
122 91 25
122 91 25
122 91 25
122 91 25
122 91 25
122 91 25
122 91 25
122 91 25
122 91 25
122 91 25
122 91 25
122 90 25
122 90 25
122 90 25
122 90 25
122 90 25
122 90 25
122 90 25
122 90 25
122 90 25
122 90 25
122 90 25
122 90 25
122 90 25
122 90 25
122 90 25
122 90 25
122 90 25
122 90 25
122 90 25
122 90 25
122 90 25
122 90 25
122 90 25
122 90 25
122 90 25
122 90 25
122 90 25
122 90 25
122 90 25
122 90 25
122 90 25
122 90 25
122 89 25
122 89 25
122 89 25
122 89 25
122 89 25
122 89 25
122 89 25
122 89 25
122 89 25
122 89 25
122 89 25
122 89 25
122 89 25
122 89 25
122 89 25
122 89 25
122 89 25
122 89 25
122 89 25
122 89 25
122 89 25
122 89 25
122 89 25
122 89 25
122 89 25
122 89 25
122 89 25
122 89 25
122 89 25
122 89 25
122 89 25
122 89 25
122 88 25
122 88 25
122 88 25
122 88 25
122 88 25
122 88 25
122 88 25
122 88 25
122 88 25
122 88 25
122 88 25
122 88 25
122 88 25
122 88 25
122 88 25
122 88 25
122 88 25
122 88 25
122 88 25
122 88 25
122 88 25
122 88 25
122 88 25
122 88 25
122 88 25
122 88 25
122 88 25
122 88 25
122 88 25
122 88 25
122 88 25
122 88 25
122 87 25
122 87 25
122 87 25
122 87 25
122 87 25
122 87 25
122 87 25
122 87 25
122 87 25
122 87 25
122 87 25
122 87 25
122 87 25
122 87 25
122 87 25
122 87 25
122 87 25
122 87 25
122 87 25
122 87 25
122 87 25
122 87 25
122 87 25
122 87 25
122 87 25
122 87 25
122 87 25
122 87 25
122 87 25
122 87 25
122 87 25
122 87 25
122 86 25
122 86 25
122 86 25
122 86 25
122 86 25
122 86 25
122 86 25
122 86 25
122 86 25
122 86 25
122 86 25
122 86 25
122 86 25
122 86 25
122 86 25
122 86 25
122 86 25
122 86 25
122 86 25
122 86 25
122 86 25
122 86 25
122 86 25
122 86 25
122 86 25
122 86 25
122 86 25
122 86 25
122 86 25
122 86 25
122 86 25
122 86 25
122 85 25
122 85 25
122 85 25
122 85 25
122 85 25
122 85 25
122 85 25
122 85 25
122 85 25
122 85 25
122 85 25
122 85 25
122 85 25
122 85 25
122 85 25
122 85 25
122 85 25
122 85 25
122 85 25
122 85 25
122 85 25
122 85 25
122 85 25
122 85 25
122 85 25
122 85 25
122 85 25
122 85 25
122 85 25
122 85 25
122 85 25
122 85 25
122 85 25
122 84 25
122 84 25
122 84 25
122 84 25
122 84 25
122 84 25
122 84 25
122 84 25
122 84 25
122 84 25
122 84 25
122 84 25
122 84 25
122 84 25
122 84 25
122 84 25
122 84 25
122 84 25
122 84 25
122 84 25
122 84 25
122 84 25
122 84 25
122 84 25
122 84 25
122 84 25
122 84 25
122 84 25
122 84 25
122 84 25
122 84 25
122 84 25
122 83 25
122 83 25
122 83 25
122 83 25
122 83 25
122 83 25
122 83 25
122 83 25
122 83 25
122 83 25
122 83 25
122 83 25
122 83 25
122 83 25
122 83 25
122 83 25
122 83 25
122 83 25
122 83 25
122 83 25
122 83 25
122 83 25
122 83 25
122 83 25
122 83 25
122 83 25
122 83 25
122 83 25
122 83 25
122 83 25
122 83 25
122 83 25
122 82 25
122 82 25
122 82 25
122 82 25
122 82 25
122 82 25
122 82 25
122 82 25
122 82 25
122 82 25
122 82 25
122 82 25
122 82 25
122 82 25
122 82 25
122 82 25
122 82 25
122 82 25
122 82 25
122 82 25
122 82 25
122 82 25
122 82 25
122 82 25
122 82 25
122 82 25
122 82 25
122 82 25
122 82 25
122 82 25
122 82 25
122 82 25
122 81 25
122 81 25
122 81 25
122 81 25
122 81 25
122 81 25
122 81 25
122 81 25
122 81 25
122 81 25
122 81 25
122 81 25
122 81 25
122 81 25
122 81 25
122 81 25
122 81 25
122 81 25
122 81 25
122 81 25
122 81 25
122 81 25
122 81 25
122 81 25
122 81 25
122 81 25
122 81 25
122 81 25
122 81 25
122 81 25
122 81 25
122 81 25
122 80 25
122 80 25
122 80 25
122 80 25
122 80 25
122 80 25
122 80 25
122 80 25
122 80 25
122 80 25
122 80 25
122 80 25
122 80 25
122 80 25
122 80 25
122 80 25
122 80 25
122 80 25
122 80 25
122 80 25
122 80 25
122 80 25
122 80 25
122 80 25
122 80 25
122 80 25
122 80 25
122 80 25
122 80 25
122 80 25
122 80 25
122 79 25
122 79 25
122 79 25
122 79 25
122 79 25
122 79 25
122 79 25
122 79 25
122 79 25
122 79 25
122 79 25
122 79 25
122 79 25
122 79 25
122 79 25
122 79 25
122 79 25
122 79 25
122 79 25
122 79 25
122 79 25
122 79 25
122 79 25
122 79 25
122 79 25
122 79 25
122 79 25
122 79 25
122 79 25
122 78 25
122 78 25
122 78 25
122 78 25
122 78 25
122 78 25
122 78 25
122 78 25
122 78 25
122 78 25
122 78 25
122 78 25
122 78 25
122 78 25
122 78 25
122 78 25
122 78 25
122 78 25
122 78 25
122 78 25
122 78 25
122 78 25
122 78 25
122 78 25
122 78 25
122 78 25
122 77 25
122 77 25
122 77 25
122 77 25
122 77 25
122 77 25
122 77 25
122 77 25
122 77 25
122 77 25
122 77 25
122 77 25
122 77 25
122 77 25
122 77 25
122 77 25
122 77 25
122 77 25
122 77 25
122 77 25
122 77 25
122 77 25
122 76 25
122 76 25
122 76 25
122 76 25
122 76 25
122 76 25
122 76 25
122 76 25
122 76 25
122 76 25
122 76 25
122 76 25
122 76 25
122 76 25
122 76 25
122 76 25
122 76 25
122 75 25
122 75 25
122 75 25
122 75 25
122 75 25
122 75 25
122 75 25
122 75 25
122 75 25
122 75 25
122 75 25
122 75 25
122 75 25
122 74 25
122 74 25
122 74 25
122 74 25
122 74 25
122 74 25
122 74 25
122 74 25
122 74 25
122 73 25
122 73 25
122 73 25
122 73 25
122 73 25
122 73 25
122 73 25
122 72 25
122 72 25
122 72 25
122 72 25
122 72 25
123 72 100
123 72 25
123 72 25
123 72 25
124 72 25
124 72 25
124 72 25
124 72 25
124 72 25
124 72 25
124 72 25
124 72 25
124 72 25
125 72 25
125 72 25
125 72 25
125 72 25
125 72 25
125 72 25
125 72 25
125 72 25
125 72 25
125 72 25
125 72 25
126 72 25
126 72 25
126 72 25
126 72 25
126 72 25
126 72 25
126 72 25
126 72 25
126 72 25
126 72 25
126 72 25
126 72 25
126 72 25
127 72 25
127 72 25
127 72 25
127 72 25
127 72 25
127 72 25
127 72 25
127 72 25
127 72 25
127 72 25
127 72 25
127 72 25
127 72 25
127 72 25
127 72 25
128 72 25
128 72 25
128 72 25
128 72 25
128 72 25
128 72 25
128 72 25
128 72 25
128 72 25
128 72 25
128 72 25
128 72 25
128 72 25
128 72 25
128 72 25
128 72 25
128 72 25
129 72 25
129 72 25
129 72 25
129 72 25
129 72 25
129 72 25
129 72 25
129 72 25
129 72 25
129 72 25
129 72 25
129 72 25
129 72 25
129 72 25
129 72 25
129 72 25
129 72 25
129 72 25
130 72 25
130 72 25
130 72 25
130 72 25
130 72 25
130 72 25
130 72 25
130 72 25
130 72 25
130 72 25
130 72 25
130 72 25
130 72 25
130 72 25
130 72 25
130 72 25
130 72 25
130 72 25
130 72 25
131 72 25
131 72 25
131 72 25
131 72 25
131 72 25
131 72 25
131 72 25
131 72 25
131 72 25
131 72 25
131 72 25
131 72 25
131 72 25
131 72 25
131 72 25
131 72 25
131 72 25
131 72 25
131 72 25
131 72 25
132 72 25
132 72 25
132 72 25
132 72 25
132 72 25
132 72 25
132 72 25
132 72 25
132 72 25
132 72 25
132 72 25
132 72 25
132 72 25
132 72 25
132 72 25
132 72 25
132 72 25
132 72 25
132 72 25
132 72 25
132 72 25
132 72 25
133 72 25
133 72 25
133 72 25
133 72 25
133 72 25
133 72 25
133 72 25
133 72 25
133 72 25
133 72 25
133 72 25
133 72 25
133 72 25
133 72 25
133 72 25
133 72 25
133 72 25
133 72 25
133 72 25
133 72 25
133 72 25
133 72 25
133 72 25
133 72 25
133 72 25
134 72 25
134 72 25
134 72 25
134 72 25
134 72 25
134 72 25
134 72 25
134 72 25
134 72 25
134 72 25
134 72 25
134 72 25
134 72 25
134 72 25
134 72 25
134 72 25
134 72 25
134 72 25
134 72 25
134 72 25
134 72 25
134 72 25
134 72 25
134 72 25
134 72 25
134 72 25
134 72 25
134 72 25
134 72 25
135 72 25
135 72 25
135 72 25
135 72 25
135 72 25
135 72 25
135 72 25
135 72 25
135 72 25
135 72 25
135 72 25
135 72 25
135 72 25
135 72 25
135 72 25
135 72 25
135 72 25
135 72 25
135 72 25
135 72 25
135 72 25
135 72 25
135 72 25
135 72 25
135 72 25
135 72 25
135 72 25
135 72 25
135 72 25
135 72 25
135 72 25
135 72 25
135 72 25
135 72 25
136 72 25
136 72 25
136 72 25
136 72 25
136 72 25
136 72 25
136 72 25
136 72 25
136 72 25
136 72 25
136 72 25
136 72 25
136 72 25
136 72 25
136 72 25
136 72 25
136 72 25
136 72 25
136 72 25
136 72 25
136 72 25
136 72 25
136 72 25
136 72 25
136 72 25
136 72 25
136 72 25
136 72 25
136 72 25
136 72 25
136 72 25
136 72 25
136 72 25
136 72 25
136 72 25
136 72 25
136 72 25
136 72 25
136 72 25
136 72 25
136 72 25
136 72 25
137 72 25
137 72 25
137 72 25
137 72 25
137 72 25
137 72 25
137 72 25
137 72 25
137 72 25
137 72 25
137 72 25
137 72 25
137 72 25
137 72 25
137 72 25
137 72 25
137 72 25
137 72 25
137 72 25
137 72 25
137 72 25
137 72 25
137 72 25
137 72 25
137 72 25
137 72 25
137 72 25
137 72 25
137 72 25
137 72 25
137 72 25
137 72 25
137 72 25
137 72 25
137 72 25
137 72 25
137 72 25
137 72 25
137 72 25
137 72 25
137 72 25
137 72 25
137 72 25
137 72 25
137 72 25
137 72 25
137 72 25
137 72 25
137 72 25
137 72 25
137 72 25
137 72 25
138 72 25
138 72 25
138 72 25
138 72 25
138 72 25
138 72 25
138 72 25
138 72 25
138 72 25
138 72 25
138 72 25
138 72 25
138 72 25
138 72 25
138 72 25
138 72 25
138 72 25
138 72 25
138 72 25
138 72 25
138 72 25
138 72 25
138 72 25
138 72 25
138 72 25
138 72 25
138 72 25
138 72 25
138 72 25
138 72 25
138 72 25
138 72 25
138 72 25
138 72 25
138 72 25
138 72 25
138 72 25
138 72 25
138 72 25
138 72 25
138 72 25
138 72 25
138 72 25
138 72 25
138 72 25
138 72 25
138 72 25
138 72 25
138 72 25
138 72 25
138 72 25
138 72 25
138 72 25
138 72 25
138 72 25
138 72 25
138 72 25
138 72 25
138 72 25
138 72 25
138 72 25
138 72 25
138 72 25
138 72 25
139 72 25
139 72 25
139 72 25
139 72 25
139 72 25
139 72 25
139 72 25
139 72 25
139 72 25
139 72 25
139 72 25
139 72 25
139 72 25
139 72 25
139 72 25
139 72 25
139 72 25
139 72 25
139 72 25
139 72 25
139 72 25
139 72 25
139 72 25
139 72 25
139 72 25
139 72 25
139 72 25
139 72 25
139 72 25
139 72 25
139 72 25
139 72 25
139 72 25
139 72 25
139 72 25
139 72 25
139 72 25
139 72 25
139 72 25
139 72 25
139 72 25
139 72 25
139 72 25
139 72 25
139 72 25
139 72 25
139 72 25
139 72 25
139 72 25
139 72 25
139 72 25
139 72 25
139 72 25
139 72 25
139 72 25
139 72 25
139 72 25
139 72 25
139 72 25
139 72 25
139 72 25
139 72 25
139 72 25
139 72 25
139 72 25
139 72 25
139 72 25
139 72 25
139 72 25
139 72 25
139 72 25
139 72 25
139 72 25
139 72 25
139 72 25
139 72 25
139 72 25
140 72 25
140 72 25
140 72 25
140 72 25
140 72 25
140 72 25
140 72 25
140 72 25
140 72 25
140 72 25
140 72 25
140 72 25
140 72 25
140 72 25
140 72 25
140 72 25
140 72 25
140 72 25
140 72 25
140 72 25
140 72 25
140 72 25
140 72 25
140 72 25
140 72 25
140 72 25
140 72 25
140 72 25
140 72 25
140 72 25
140 72 25
140 72 25
140 72 25
140 72 25
140 72 25
140 72 25
140 72 25
140 72 25
140 72 25
140 72 25
140 72 25
140 72 25
140 72 25
140 72 25
140 72 25
140 72 25
140 72 25
140 72 25
140 72 25
140 72 25
140 72 25
140 72 25
140 72 25
140 72 25
140 72 25
140 72 25
140 72 25
140 72 25
140 72 25
140 72 25
140 72 25
140 72 25
140 72 25
140 72 25
140 72 25
140 72 25
140 72 25
140 72 25
140 72 25
140 72 25
140 72 25
140 72 25
140 72 25
140 72 25
140 72 25
140 72 25
140 72 25
140 72 25
140 72 25
140 72 25
140 72 25
140 72 25
140 72 25
140 72 25
140 72 25
140 72 25
140 72 25
140 72 25
140 72 25
140 72 25
140 72 25
140 72 25
141 72 25
141 72 25
141 72 25
141 72 25
141 72 25
141 72 25
141 72 25
141 72 25
141 72 25
141 72 25
141 72 25
141 72 25
141 72 25
141 72 25
141 72 25
141 72 25
141 72 25
141 72 25
141 72 25
141 72 25
141 72 25
141 72 25
141 72 25
141 72 25
141 72 25
141 72 25
141 72 25
141 72 25
141 72 25
141 72 25
141 72 25
141 72 25
141 72 25
141 72 25
141 72 25
141 72 25
141 72 25
141 72 25
141 72 25
141 72 25
141 72 25
141 72 25
141 72 25
141 72 25
141 72 25
141 72 25
141 72 25
141 72 25
141 72 25
141 72 25
141 72 25
141 72 25
141 72 25
141 72 25
141 72 25
141 72 25
141 72 25
141 72 25
141 72 25
141 72 25
141 72 25
141 72 25
141 72 25
141 72 25
141 72 25
141 72 25
141 72 25
141 72 25
141 72 25
141 72 25
141 72 25
141 72 25
141 72 25
141 72 25
141 72 25
141 72 25
141 72 25
141 72 25
141 72 25
141 72 25
141 72 25
141 72 25
141 72 25
141 72 25
141 72 25
141 72 25
141 72 25
141 72 25
141 72 25
141 72 25
141 72 25
141 72 25
141 72 25
141 72 25
141 72 25
141 72 25
141 72 25
141 72 25
141 72 25
141 72 25
141 72 25
141 72 25
141 72 25
141 72 25
141 72 25
141 72 25
141 72 25
142 72 25
142 72 25
142 72 25
142 72 25
142 72 25
142 72 25
142 72 25
142 72 25
142 72 25
142 72 25
142 72 25
142 72 25
142 72 25
142 72 25
142 72 25
142 72 25
142 72 25
142 72 25
142 72 25
142 72 25
142 72 25
142 72 25
142 72 25
142 72 25
142 72 25
142 72 25
142 72 25
142 72 25
142 72 25
142 72 25
142 72 25
142 72 25
142 72 25
142 72 25
142 72 25
142 72 25
142 72 25
142 72 25
142 72 25
142 72 25
142 72 25
142 72 25
142 72 25
142 72 25
142 72 25
142 72 25
142 72 25
142 72 25
142 72 25
142 72 25
142 72 25
142 72 25
142 72 25
142 72 25
142 72 25
142 72 25
142 72 25
142 72 25
142 72 25
142 72 25
142 72 25
142 72 25
142 72 25
142 72 25
142 72 25
142 72 25
142 72 25
142 72 25
142 72 25
142 72 25
142 72 25
142 72 25
142 72 25
142 72 25
142 72 25
142 72 25
142 72 25
142 72 25
142 72 25
142 72 25
142 72 25
142 72 25
142 72 25
142 72 25
142 72 25
142 72 25
142 72 25
142 72 25
142 72 25
142 72 25
142 72 25
142 72 25
142 72 25
142 72 25
142 72 25
142 72 25
142 72 25
142 72 25
142 72 25
142 72 25
142 72 25
142 72 25
142 72 25
142 72 25
142 72 25
142 72 25
142 72 25
142 72 25
142 72 25
142 72 25
142 72 25
142 72 25
142 72 25
142 72 25
142 72 25
142 72 25
142 72 25
142 72 25
142 72 25
142 72 25
142 72 25
142 72 25
143 72 25
143 72 25
143 72 25
143 72 25
143 72 25
143 72 25
143 72 25
143 72 25
143 72 25
143 72 25
143 72 25
143 72 25
143 72 25
143 72 25
143 72 25
143 72 25
143 72 25
143 72 25
143 72 25
143 72 25
143 72 25
143 72 25
143 72 25
143 72 25
143 72 25
143 72 25
143 72 25
143 72 25
143 72 25
143 72 25
143 72 25
143 72 25
143 72 25
143 72 25
143 72 25
143 72 25
143 72 25
143 72 25
143 72 25
143 72 25
143 72 25
143 72 25
143 72 25
143 72 25
143 72 25
143 72 25
143 72 25
143 72 25
143 72 25
143 72 25
143 72 25
143 72 25
143 72 25
143 72 25
143 72 25
143 72 25
143 72 25
143 72 25
143 72 25
143 72 25
143 72 25
143 72 25
143 72 25
143 72 25
143 72 25
143 72 25
143 72 25
143 72 25
143 72 25
143 72 25
143 72 25
143 72 25
143 72 25
143 72 25
143 72 25
143 72 25
143 72 25
143 72 25
143 72 25
143 72 25
143 72 25
143 72 25
143 72 25
143 72 25
143 72 25
143 72 25
143 72 25
143 72 25
143 72 25
143 72 25
143 72 25
143 72 25
143 72 25
143 72 25
143 72 25
143 72 25
143 72 25
143 72 25
143 72 25
143 72 25
143 72 25
143 72 25
143 72 25
143 72 25
143 72 25
143 72 25
143 72 25
143 72 25
143 72 25
143 72 25
143 72 25
143 72 25
143 72 25
143 72 25
143 72 25
143 72 25
143 72 25
143 72 25
143 72 25
143 72 25
143 72 25
143 72 25
143 72 25
143 72 25
143 72 25
143 72 25
143 72 25
143 72 25
143 72 25
143 72 25
143 72 25
143 72 25
143 72 25
143 72 25
144 72 25
144 72 25
144 72 25
144 72 25
144 72 25
144 72 25
144 72 25
144 72 25
144 72 25
144 72 25
144 72 25
144 72 25
144 72 25
144 72 25
144 72 25
144 72 25
144 72 25
144 72 25
144 72 25
144 72 25
144 72 25
144 72 25
144 72 25
144 72 25
144 72 25
144 72 25
144 72 25
144 72 25
144 72 25
144 72 25
144 72 25
144 72 25
144 72 25
144 72 25
144 72 25
144 72 25
144 72 25
144 72 25
144 72 25
144 72 25
144 72 25
144 72 25
144 72 25
144 72 25
144 72 25
144 72 25
144 72 25
144 72 25
144 72 25
144 72 25
144 72 25
144 72 25
144 72 25
144 72 25
144 72 25
144 72 25
144 72 25
144 72 25
144 72 25
144 72 25
144 72 25
144 72 25
144 72 25
144 72 25
144 72 25
144 72 25
144 72 25
144 72 25
144 72 25
144 72 25
144 72 25
144 72 25
144 72 25
144 72 25
144 72 25
144 72 25
144 72 25
144 72 25
144 72 25
144 72 25
144 72 25
144 72 25
144 72 25
144 72 25
144 72 25
144 72 25
144 72 25
144 72 25
144 72 25
144 72 25
144 72 25
144 72 25
144 72 25
144 72 25
144 72 25
144 72 25
144 72 25
144 72 25
144 72 25
144 72 25
144 72 25
144 72 25
144 72 25
144 72 25
144 72 25
144 72 25
144 72 25
144 72 25
144 72 25
144 72 25
144 72 25
144 72 25
144 72 25
144 72 25
144 72 25
144 72 25
144 72 25
144 72 25
144 72 25
144 72 25
144 72 25
144 72 25
144 72 25
144 72 25
144 72 25
144 72 25
144 72 25
144 72 25
144 72 25
144 72 25
144 72 25
144 72 25
144 72 25
144 72 25
144 72 25
144 72 25
144 72 25
144 72 25
144 72 25
144 72 25
144 72 25
144 72 25
144 72 25
144 71 3550
144 71 25
144 71 25
144 71 25
144 71 25
144 71 25
144 71 25
144 71 25
144 71 25
144 71 25
144 71 25
144 71 25
144 70 25
144 70 25
144 70 25
144 70 25
144 70 25
144 70 25
144 70 25
144 70 25
144 70 25
144 70 25
144 70 25
144 70 25
144 70 25
144 70 25
144 70 25
144 70 25
144 70 25
144 70 25
144 70 25
144 70 25
144 70 25
144 70 25
144 70 25
144 70 25
144 70 25
144 70 25
144 70 25
144 70 25
144 70 25
144 70 25
144 70 25
144 70 25
144 70 25
144 70 25
144 70 25
144 70 25
144 70 25
144 70 25
144 70 25
144 70 25
144 70 25
144 70 25
144 70 25
144 70 25
144 70 25
144 70 25
144 70 25
144 70 25
144 70 25
144 70 25
144 70 25
144 70 25
144 70 25
144 70 25
144 70 25
144 70 25
144 70 25
144 70 25
144 70 25
144 70 25
144 70 25
144 70 25
144 70 25
144 70 25
144 70 25
144 70 25
144 70 25
144 70 25
144 70 25
144 70 25
144 70 25
144 70 25
144 70 25
144 70 25
144 70 25
144 70 25
144 70 25
144 70 25
144 70 25
144 70 25
144 70 25
144 70 25
144 70 25
144 70 25
144 70 25
144 70 25
144 70 25
144 70 25
144 70 25
144 70 25
144 70 25
144 70 25
144 70 25
144 70 25
144 70 25
144 70 25
144 70 25
144 70 25
144 70 25
144 70 25
144 70 25
144 70 25
144 70 25
144 70 25
144 70 25
144 70 25
144 70 25
144 70 25
144 70 25
144 70 25
144 70 25
144 70 25
144 70 25
144 70 25
144 70 25
144 70 25
144 70 25
144 70 25
144 70 25
144 70 25
144 70 25
144 70 25
144 70 25
144 70 25
144 70 25
144 70 25
144 70 25
144 70 25
144 70 25
144 70 25
144 70 25
144 70 25
144 70 25
144 70 25
144 70 25
144 70 25
144 70 25
144 70 25
144 70 25
144 70 25
144 70 25
144 70 25
144 70 25
144 70 25
144 70 25
144 70 25
144 70 25
144 70 25
144 70 25
144 70 25
144 70 25
144 70 25
144 70 25
144 70 25
144 70 25
144 70 25
144 70 25
144 70 25
144 70 25
144 70 25
144 69 25
144 69 25
144 69 25
144 69 25
144 69 25
144 69 25
144 69 25
144 69 25
144 69 25
144 69 25
144 69 25
144 69 25
144 69 25
144 69 25
144 69 25
144 69 25
144 69 25
144 69 25
144 69 25
144 69 25
144 69 25
144 69 25
144 69 25
144 69 25
144 69 25
144 69 25
144 69 25
144 69 25
144 69 25
144 69 25
144 69 25
144 69 25
144 69 25
144 69 25
144 69 25
144 69 25
144 69 25
144 69 25
144 69 25
144 69 25
144 69 25
144 69 25
144 69 25
144 69 25
144 69 25
144 69 25
144 69 25
144 69 25
144 69 25
144 69 25
144 69 25
144 69 25
144 69 25
144 69 25
144 69 25
144 69 25
144 69 25
144 69 25
144 69 25
144 69 25
144 69 25
144 69 25
144 69 25
144 69 25
144 69 25
144 69 25
144 69 25
144 69 25
144 69 25
144 69 25
144 69 25
144 69 25
144 69 25
144 69 25
144 69 25
144 69 25
144 69 25
144 69 25
144 69 25
144 69 25
144 69 25
144 69 25
144 69 25
144 69 25
144 69 25
144 69 25
144 69 25
144 69 25
144 69 25
144 69 25
144 69 25
144 69 25
144 69 25
144 69 25
144 69 25
144 69 25
144 69 25
144 69 25
144 69 25
144 69 25
144 69 25
144 69 25
144 69 25
144 69 25
144 69 25
144 69 25
144 69 25
144 69 25
144 69 25
144 69 25
144 69 25
144 69 25
144 69 25
144 69 25
144 69 25
144 69 25
144 69 25
144 69 25
144 69 25
144 69 25
144 69 25
144 69 25
144 69 25
144 69 25
144 69 25
144 69 25
144 69 25
144 69 25
144 69 25
144 69 25
144 69 25
144 69 25
144 69 25
144 69 25
144 69 25
144 69 25
144 69 25
144 69 25
144 69 25
144 69 25
144 69 25
144 69 25
144 69 25
144 69 25
144 69 25
144 69 25
144 69 25
144 69 25
144 69 25
144 69 25
144 69 25
144 69 25
144 69 25
144 69 25
144 69 25
144 69 25
144 69 25
144 69 25
144 69 25
144 69 25
144 69 25
144 69 25
144 69 25
144 69 25
144 68 25
144 68 25
144 68 25
144 68 25
144 68 25
144 68 25
144 68 25
144 68 25
144 68 25
144 68 25
144 68 25
144 68 25
144 68 25
144 68 25
144 68 25
144 68 25
144 68 25
144 68 25
144 68 25
144 68 25
144 68 25
144 68 25
144 68 25
144 68 25
144 68 25
144 68 25
144 68 25
144 68 25
144 68 25
144 68 25
144 68 25
144 68 25
144 68 25
144 68 25
144 68 25
144 68 25
144 68 25
144 68 25
144 68 25
144 68 25
144 68 25
144 68 25
144 68 25
144 68 25
144 68 25
144 68 25
144 68 25
144 68 25
144 68 25
144 68 25
144 68 25
144 68 25
144 68 25
144 68 25
144 68 25
144 68 25
144 68 25
144 68 25
144 68 25
144 68 25
144 68 25
144 68 25
144 68 25
144 68 25
144 68 25
144 68 25
144 68 25
144 68 25
144 68 25
144 68 25
144 68 25
144 68 25
144 68 25
144 68 25
144 68 25
144 68 25
144 68 25
144 68 25
144 68 25
144 68 25
144 68 25
144 68 25
144 68 25
144 68 25
144 68 25
144 68 25
144 68 25
144 68 25
144 68 25
144 68 25
144 68 25
144 68 25
144 68 25
144 68 25
144 68 25
144 68 25
144 68 25
144 68 25
144 68 25
144 68 25
144 68 25
144 68 25
144 68 25
144 68 25
144 68 25
144 68 25
144 68 25
144 68 25
144 68 25
144 68 25
144 68 25
144 68 25
144 68 25
144 68 25
144 68 25
144 68 25
144 68 25
144 68 25
144 68 25
144 68 25
144 68 25
144 68 25
144 68 25
144 68 25
144 68 25
144 68 25
144 68 25
144 68 25
144 68 25
144 68 25
144 68 25
144 68 25
144 68 25
144 68 25
144 68 25
144 68 25
144 68 25
144 68 25
144 68 25
144 68 25
144 68 25
144 68 25
144 68 25
144 68 25
144 68 25
144 68 25
144 68 25
144 68 25
144 68 25
144 68 25
144 68 25
144 68 25
144 68 25
144 68 25
144 68 25
144 68 25
144 68 25
144 68 25
144 68 25
144 68 25
144 68 25
144 68 25
144 68 25
144 68 25
144 68 25
144 67 25
144 67 25
144 67 25
144 67 25
144 67 25
144 67 25
144 67 25
144 67 25
144 67 25
144 67 25
144 67 25
144 67 25
144 67 25
144 67 25
144 67 25
144 67 25
144 67 25
144 67 25
144 67 25
144 67 25
144 67 25
144 67 25
144 67 25
144 67 25
144 67 25
144 67 25
144 67 25
144 67 25
144 67 25
144 67 25
144 67 25
144 67 25
144 67 25
144 67 25
144 67 25
144 67 25
144 67 25
144 67 25
144 67 25
144 67 25
144 67 25
144 67 25
144 67 25
144 67 25
144 67 25
144 67 25
144 67 25
144 67 25
144 67 25
144 67 25
144 67 25
144 67 25
144 67 25
144 67 25
144 67 25
144 67 25
144 67 25
144 67 25
144 67 25
144 67 25
144 67 25
144 67 25
144 67 25
144 67 25
144 67 25
144 67 25
144 67 25
144 67 25
144 67 25
144 67 25
144 67 25
144 67 25
144 67 25
144 67 25
144 67 25
144 67 25
144 67 25
144 67 25
144 67 25
144 67 25
144 67 25
144 67 25
144 67 25
144 67 25
144 67 25
144 67 25
144 67 25
144 67 25
144 67 25
144 67 25
144 67 25
144 67 25
144 67 25
144 67 25
144 67 25
144 67 25
144 67 25
144 67 25
144 67 25
144 67 25
144 67 25
144 67 25
144 67 25
144 67 25
144 67 25
144 67 25
144 67 25
144 67 25
144 67 25
144 67 25
144 67 25
144 67 25
144 67 25
144 67 25
144 67 25
144 67 25
144 67 25
144 67 25
144 67 25
144 67 25
144 67 25
144 67 25
144 67 25
144 67 25
144 67 25
144 67 25
144 67 25
144 67 25
144 67 25
144 67 25
144 67 25
144 67 25
144 67 25
144 67 25
144 67 25
144 67 25
144 67 25
144 67 25
144 67 25
144 67 25
144 67 25
144 67 25
144 67 25
144 67 25
144 67 25
144 67 25
144 67 25
144 67 25
144 67 25
144 67 25
144 67 25
144 67 25
144 67 25
144 67 25
144 67 25
144 67 25
144 67 25
144 67 25
144 67 25
144 67 25
144 67 25
144 67 25
144 67 25
144 66 25
144 66 25
144 66 25
144 66 25
144 66 25
144 66 25
144 66 25
144 66 25
144 66 25
144 66 25
144 66 25
144 66 25
144 66 25
144 66 25
144 66 25
144 66 25
144 66 25
144 66 25
144 66 25
144 66 25
144 66 25
144 66 25
144 66 25
144 66 25
144 66 25
144 66 25
144 66 25
144 66 25
144 66 25
144 66 25
144 66 25
144 66 25
144 66 25
144 66 25
144 66 25
144 66 25
144 66 25
144 66 25
144 66 25
144 66 25
144 66 25
144 66 25
144 66 25
144 66 25
144 66 25
144 66 25
144 66 25
144 66 25
144 66 25
144 66 25
144 66 25
144 66 25
144 66 25
144 66 25
144 66 25
144 66 25
144 66 25
144 66 25
144 66 25
144 66 25
144 66 25
144 66 25
144 66 25
144 66 25
144 66 25
144 66 25
144 66 25
144 66 25
144 66 25
144 66 25
144 66 25
144 66 25
144 66 25
144 66 25
144 66 25
144 66 25
144 66 25
144 66 25
144 66 25
144 66 25
144 66 25
144 66 25
144 66 25
144 66 25
144 66 25
144 66 25
144 66 25
144 66 25
144 66 25
144 66 25
144 66 25
144 66 25
144 66 25
144 66 25
144 66 25
144 66 25
144 66 25
144 66 25
144 66 25
144 66 25
144 66 25
144 66 25
144 66 25
144 66 25
144 66 25
144 66 25
144 66 25
144 66 25
144 66 25
144 66 25
144 66 25
144 66 25
144 66 25
144 66 25
144 66 25
144 66 25
144 66 25
144 66 25
144 66 25
144 66 25
144 66 25
144 66 25
144 66 25
144 66 25
144 66 25
144 66 25
144 66 25
144 66 25
144 66 25
144 66 25
144 66 25
144 66 25
144 66 25
144 66 25
144 66 25
144 66 25
144 66 25
144 66 25
144 66 25
144 66 25
144 66 25
144 66 25
144 66 25
144 66 25
144 66 25
144 66 25
144 66 25
144 66 25
144 66 25
144 66 25
144 66 25
144 66 25
144 66 25
144 66 25
144 66 25
144 66 25
144 66 25
144 65 25
144 65 25
144 65 25
144 65 25
144 65 25
144 65 25
144 65 25
144 65 25
144 65 25
144 65 25
144 65 25
144 65 25
144 65 25
144 65 25
144 65 25
144 65 25
144 65 25
144 65 25
144 65 25
144 65 25
144 65 25
144 65 25
144 65 25
144 65 25
144 65 25
144 65 25
144 65 25
144 65 25
144 65 25
144 65 25
144 65 25
144 65 25
144 65 25
144 65 25
144 65 25
144 65 25
144 65 25
144 65 25
144 65 25
144 65 25
144 65 25
144 65 25
144 65 25
144 65 25
144 65 25
144 65 25
144 65 25
144 65 25
144 65 25
144 65 25
144 65 25
144 65 25
144 65 25
144 65 25
144 65 25
144 65 25
144 65 25
144 65 25
144 65 25
144 65 25
144 65 25
144 65 25
144 65 25
144 65 25
144 65 25
144 65 25
144 65 25
144 65 25
144 65 25
144 65 25
144 65 25
144 65 25
144 65 25
144 65 25
144 65 25
144 65 25
144 65 25
144 65 25
144 65 25
144 65 25
144 65 25
144 65 25
144 65 25
144 65 25
144 65 25
144 65 25
144 65 25
144 65 25
144 65 25
144 65 25
144 65 25
144 65 25
144 65 25
144 65 25
144 65 25
144 65 25
144 65 25
144 65 25
144 65 25
144 65 25
144 65 25
144 65 25
144 65 25
144 65 25
144 65 25
144 65 25
144 65 25
144 65 25
144 65 25
144 65 25
144 65 25
144 65 25
144 65 25
144 65 25
144 65 25
144 65 25
144 65 25
144 65 25
144 65 25
144 65 25
144 65 25
144 65 25
144 65 25
144 65 25
144 65 25
144 65 25
144 65 25
144 65 25
144 65 25
144 65 25
144 65 25
144 65 25
144 65 25
144 65 25
144 65 25
144 65 25
144 65 25
144 65 25
144 65 25
144 65 25
144 65 25
144 65 25
144 65 25
144 65 25
144 65 25
144 65 25
144 65 25
144 65 25
144 64 25
144 64 25
144 64 25
144 64 25
144 64 25
144 64 25
144 64 25
144 64 25
144 64 25
144 64 25
144 64 25
144 64 25
144 64 25
144 64 25
144 64 25
144 64 25
144 64 25
144 64 25
144 64 25
144 64 25
144 64 25
144 64 25
144 64 25
144 64 25
144 64 25
144 64 25
144 64 25
144 64 25
144 64 25
144 64 25
144 64 25
144 64 25
144 64 25
144 64 25
144 64 25
144 64 25
144 64 25
144 64 25
144 64 25
144 64 25
144 64 25
144 64 25
144 64 25
144 64 25
144 64 25
144 64 25
144 64 25
144 64 25
144 64 25
144 64 25
144 64 25
144 64 25
144 64 25
144 64 25
144 64 25
144 64 25
144 64 25
144 64 25
144 64 25
144 64 25
144 64 25
144 64 25
144 64 25
144 64 25
144 64 25
144 64 25
144 64 25
144 64 25
144 64 25
144 64 25
144 64 25
144 64 25
144 64 25
144 64 25
144 64 25
144 64 25
144 64 25
144 64 25
144 64 25
144 64 25
144 64 25
144 64 25
144 64 25
144 64 25
144 64 25
144 64 25
144 64 25
144 64 25
144 64 25
144 64 25
144 64 25
144 64 25
144 64 25
144 64 25
144 64 25
144 64 25
144 64 25
144 64 25
144 64 25
144 64 25
144 64 25
144 64 25
144 64 25
144 64 25
144 64 25
144 64 25
144 64 25
144 64 25
144 64 25
144 64 25
144 64 25
144 64 25
144 64 25
144 64 25
144 64 25
144 64 25
144 64 25
144 64 25
144 64 25
144 64 25
144 64 25
144 64 25
144 64 25
144 64 25
144 64 25
144 64 25
144 64 25
144 64 25
144 64 25
144 64 25
144 64 25
144 64 25
144 64 25
144 64 25
144 64 25
144 63 25
144 63 25
144 63 25
144 63 25
144 63 25
144 63 25
144 63 25
144 63 25
144 63 25
144 63 25
144 63 25
144 63 25
144 63 25
144 63 25
144 63 25
144 63 25
144 63 25
144 63 25
144 63 25
144 63 25
144 63 25
144 63 25
144 63 25
144 63 25
144 63 25
144 63 25
144 63 25
144 63 25
144 63 25
144 63 25
144 63 25
144 63 25
144 63 25
144 63 25
144 63 25
144 63 25
144 63 25
144 63 25
144 63 25
144 63 25
144 63 25
144 63 25
144 63 25
144 63 25
144 63 25
144 63 25
144 63 25
144 63 25
144 63 25
144 63 25
144 63 25
144 63 25
144 63 25
144 63 25
144 63 25
144 63 25
144 63 25
144 63 25
144 63 25
144 63 25
144 63 25
144 63 25
144 63 25
144 63 25
144 63 25
144 63 25
144 63 25
144 63 25
144 63 25
144 63 25
144 63 25
144 63 25
144 63 25
144 63 25
144 63 25
144 63 25
144 63 25
144 63 25
144 63 25
144 63 25
144 63 25
144 63 25
144 63 25
144 63 25
144 63 25
144 63 25
144 63 25
144 63 25
144 63 25
144 63 25
144 63 25
144 63 25
144 63 25
144 63 25
144 63 25
144 63 25
144 63 25
144 63 25
144 63 25
144 63 25
144 63 25
144 63 25
144 63 25
144 63 25
144 63 25
144 63 25
144 63 25
144 63 25
144 63 25
144 63 25
144 63 25
144 63 25
144 63 25
144 63 25
144 63 25
144 63 25
144 63 25
144 63 25
144 63 25
144 62 25
144 62 25
144 62 25
144 62 25
144 62 25
144 62 25
144 62 25
144 62 25
144 62 25
144 62 25
144 62 25
144 62 25
144 62 25
144 62 25
144 62 25
144 62 25
144 62 25
144 62 25
144 62 25
144 62 25
144 62 25
144 62 25
144 62 25
144 62 25
144 62 25
144 62 25
144 62 25
144 62 25
144 62 25
144 62 25
144 62 25
144 62 25
144 62 25
144 62 25
144 62 25
144 62 25
144 62 25
144 62 25
144 62 25
144 62 25
144 62 25
144 62 25
144 62 25
144 62 25
144 62 25
144 62 25
144 62 25
144 62 25
144 62 25
144 62 25
144 62 25
144 62 25
144 62 25
144 62 25
144 62 25
144 62 25
144 62 25
144 62 25
144 62 25
144 62 25
144 62 25
144 62 25
144 62 25
144 62 25
144 62 25
144 62 25
144 62 25
144 62 25
144 62 25
144 62 25
144 62 25
144 62 25
144 62 25
144 62 25
144 62 25
144 62 25
144 62 25
144 62 25
144 62 25
144 62 25
144 62 25
144 62 25
144 62 25
144 62 25
144 62 25
144 62 25
144 62 25
144 62 25
144 62 25
144 62 25
144 62 25
144 62 25
144 62 25
144 62 25
144 62 25
144 62 25
144 62 25
144 62 25
144 62 25
144 62 25
144 62 25
144 62 25
144 61 25
144 61 25
144 61 25
144 61 25
144 61 25
144 61 25
144 61 25
144 61 25
144 61 25
144 61 25
144 61 25
144 61 25
144 61 25
144 61 25
144 61 25
144 61 25
144 61 25
144 61 25
144 61 25
144 61 25
144 61 25
144 61 25
144 61 25
144 61 25
144 61 25
144 61 25
144 61 25
144 61 25
144 61 25
144 61 25
144 61 25
144 61 25
144 61 25
144 61 25
144 61 25
144 61 25
144 61 25
144 61 25
144 61 25
144 61 25
144 61 25
144 61 25
144 61 25
144 61 25
144 61 25
144 61 25
144 61 25
144 61 25
144 61 25
144 61 25
144 61 25
144 61 25
144 61 25
144 61 25
144 61 25
144 61 25
144 61 25
144 61 25
144 61 25
144 61 25
144 61 25
144 61 25
144 61 25
144 61 25
144 61 25
144 61 25
144 61 25
144 61 25
144 61 25
144 61 25
144 61 25
144 61 25
144 61 25
144 61 25
144 61 25
144 61 25
144 61 25
144 61 25
144 61 25
144 61 25
144 61 25
144 61 25
144 61 25
144 61 25
144 60 25
144 60 25
144 60 25
144 60 25
144 60 25
144 60 25
144 60 25
144 60 25
144 60 25
144 60 25
144 60 25
144 60 25
144 60 25
144 60 25
144 60 25
144 60 25
144 60 25
144 60 25
144 60 25
144 60 25
144 60 25
144 60 25
144 60 25
144 60 25
144 60 25
144 60 25
144 60 25
144 60 25
144 60 25
144 60 25
144 60 25
144 60 25
144 60 25
144 60 25
144 60 25
144 60 25
144 60 25
144 60 25
144 60 25
144 60 25
144 60 25
144 60 25
144 60 25
144 60 25
144 60 25
144 60 25
144 60 25
144 60 25
144 60 25
144 60 25
144 60 25
144 60 25
144 60 25
144 60 25
144 60 25
144 60 25
144 60 25
144 60 25
144 60 25
144 60 25
144 60 25
144 60 25
144 60 25
144 60 25
144 60 25
144 60 25
144 60 25
144 59 25
144 59 25
144 59 25
144 59 25
144 59 25
144 59 25
144 59 25
144 59 25
144 59 25
144 59 25
144 59 25
144 59 25
144 59 25
144 59 25
144 59 25
144 59 25
144 59 25
144 59 25
144 59 25
144 59 25
144 59 25
144 59 25
144 59 25
144 59 25
144 59 25
144 59 25
144 59 25
144 59 25
144 59 25
144 59 25
144 59 25
144 59 25
144 59 25
144 59 25
144 59 25
144 59 25
144 59 25
144 59 25
144 59 25
144 59 25
144 59 25
144 59 25
144 59 25
144 59 25
144 59 25
144 59 25
144 59 25
144 59 25
144 59 25
144 59 25
144 59 25
144 59 25
144 58 25
144 58 25
144 58 25
144 58 25
144 58 25
144 58 25
144 58 25
144 58 25
144 58 25
144 58 25
144 58 25
144 58 25
144 58 25
144 58 25
144 58 25
144 58 25
144 58 25
144 58 25
144 58 25
144 58 25
144 58 25
144 58 25
144 58 25
144 58 25
144 58 25
144 58 25
144 58 25
144 58 25
144 58 25
144 58 25
144 58 25
144 58 25
144 58 25
144 58 25
144 58 25
144 58 25
144 58 25
144 58 25
144 58 25
144 58 25
144 57 25
144 57 25
144 57 25
144 57 25
144 57 25
144 57 25
144 57 25
144 57 25
144 57 25
144 57 25
144 57 25
144 57 25
144 57 25
144 57 25
144 57 25
144 57 25
144 57 25
144 57 25
144 57 25
144 57 25
144 57 25
144 57 25
144 57 25
144 57 25
144 57 25
144 57 25
144 57 25
144 57 25
144 57 25
144 57 25
144 57 25
144 56 25
144 56 25
144 56 25
144 56 25
144 56 25
144 56 25
144 56 25
144 56 25
144 56 25
144 56 25
144 56 25
144 56 25
144 56 25
144 56 25
144 56 25
144 56 25
144 56 25
144 56 25
144 56 25
144 56 25
144 56 25
144 56 25
144 56 25
144 56 25
144 55 25
144 55 25
144 55 25
144 55 25
144 55 25
144 55 25
144 55 25
144 55 25
144 55 25
144 55 25
144 55 25
144 55 25
144 55 25
144 55 25
144 55 25
144 55 25
144 55 25
144 55 25
144 54 25
144 54 25
144 54 25
144 54 25
144 54 25
144 54 25
144 54 25
144 54 25
144 54 25
144 54 25
144 54 25
144 54 25
144 54 25
144 54 25
144 53 25
144 53 25
144 53 25
144 53 25
144 53 25
144 53 25
144 53 25
144 53 25
144 53 25
144 53 25
144 53 25
144 52 25
144 52 25
144 52 25
144 52 25
144 52 25
144 52 25
144 52 25
144 52 25
144 52 25
144 51 25
144 51 25
144 51 25
144 51 25
144 51 25
144 51 25
144 51 25
144 51 25
144 50 25
144 50 25
144 50 25
144 50 25
144 50 25
144 50 25
144 50 25
144 49 25
144 49 25
144 49 25
144 49 25
144 49 25
144 49 25
144 48 25
144 48 25
144 48 25
144 48 25
144 48 25
144 48 25
144 47 25
144 47 25
144 47 25
144 47 25
144 47 25
144 46 25
144 46 25
144 46 25
144 46 25
144 45 25
144 45 25
144 45 25
144 45 25
144 44 25
144 44 25
144 44 25
144 43 25
144 43 25
144 43 25
144 42 25
144 42 25
143 42 25
143 42 25
142 42 25
142 42 25
141 42 25
140 42 25
139 42 25
138 42 25
137 42 25
136 42 25
135 42 25
134 42 25
133 42 25
132 42 25
131 42 25
130 42 25
130 42 25
129 42 25
129 42 25
129 42 25
128 42 25
128 42 25
128 42 25
128 42 25
127 42 25
127 42 25
127 42 25
127 42 25
127 42 25
127 42 25
127 42 25
126 42 25
126 42 25
126 42 25
126 42 25
126 42 25
126 42 25
126 42 25
126 42 25
126 42 25
126 42 25
126 42 25
126 42 25
126 42 25
125 42 25
125 42 25
125 42 25
125 42 25
125 42 25
125 42 25
125 42 25
125 42 25
125 42 25
125 42 25
125 42 25
125 42 25
125 42 25
125 42 25
125 42 25
125 42 25
125 42 25
125 42 25
125 42 25
125 42 25
125 42 25
125 42 25
125 42 25
124 42 25
124 42 25
124 42 25
124 42 25
124 42 25
124 42 25
124 42 25
124 42 25
124 42 25
124 42 25
124 42 25
124 42 25
124 42 25
124 42 25
124 42 25
124 42 25
124 42 25
124 42 25
124 42 25
124 42 25
124 42 25
124 42 25
124 42 25
124 42 25
124 42 25
124 42 25
124 42 25
124 42 25
124 42 25
124 42 25
124 42 25
124 42 25
124 42 25
124 42 25
124 42 25
124 42 25
124 42 25
123 42 25
123 42 25
123 42 25
123 42 25
123 42 25
123 42 25
123 42 25
123 42 25
123 42 25
123 42 25
123 42 25
123 42 25
123 42 25
123 42 25
123 42 25
123 42 25
123 42 25
123 42 25
123 42 25
123 42 25
123 42 25
123 42 25
123 42 25
123 42 25
123 42 25
123 42 25
123 42 25
123 42 25
123 42 25
123 42 25
123 42 25
123 42 25
123 42 25
123 42 25
123 42 25
123 42 25
123 42 25
123 42 25
123 42 25
123 42 25
123 42 25
123 42 25
123 42 25
123 42 25
123 42 25
123 42 25
123 42 25
123 42 25
123 42 25
123 42 25
123 42 25
123 42 25
123 42 25
122 42 25
122 42 25
122 42 25
122 42 25
122 42 25
122 42 25
122 42 25
122 42 25
122 42 25
122 42 25
122 42 25
122 42 25
122 42 25
122 42 25
122 42 25
122 42 25
122 42 25
122 42 25
122 42 25
122 42 25
122 42 25
122 42 25
122 42 25
122 42 25
122 42 25
122 42 25
122 42 25
122 42 25
122 42 25
122 42 25
122 42 25
122 42 25
122 42 25
122 42 25
122 42 25
122 42 25
122 42 25
122 42 25
122 42 25
122 42 25
122 42 25
122 42 25
122 42 25
122 42 25
122 42 25
122 42 25
122 42 25
122 42 25
122 42 25
122 42 25
122 42 25
122 42 25
122 42 25
122 42 25
122 42 25
122 42 25
122 42 25
122 42 25
122 42 25
122 42 25
122 42 25
122 42 25
122 42 25
122 42 25
122 42 25
122 42 25
122 42 25
122 42 25
122 42 25
122 42 25
121 42 25
121 42 25
121 42 25
121 42 25
121 42 25
121 42 25
121 42 25
121 42 25
121 42 25
121 42 25
121 42 25
121 42 25
121 42 25
121 42 25
121 42 25
121 42 25
121 42 25
121 42 25
121 42 25
121 42 25
121 42 25
121 42 25
121 42 25
121 42 25
121 42 25
121 42 25
121 42 25
121 42 25
121 42 25
121 42 25
121 42 25
121 42 25
121 42 25
121 42 25
121 42 25
121 42 25
121 42 25
121 42 25
121 42 25
121 42 25
121 42 25
121 42 25
121 42 25
121 42 25
121 42 25
121 42 25
121 42 25
121 42 25
121 42 25
121 42 25
121 42 25
121 42 25
121 42 25
121 42 25
121 42 25
121 42 25
121 42 25
121 42 25
121 42 25
121 42 25
121 42 25
121 42 25
121 42 25
121 42 25
121 42 25
121 42 25
121 42 25
121 42 25
121 42 25
121 42 25
121 42 25
121 42 25
121 42 25
121 42 25
121 42 25
121 42 25
121 42 25
121 42 25
121 42 25
121 42 25
121 42 25
121 42 25
121 42 25
121 42 25
121 42 25
121 42 25
121 42 25
120 42 25
120 42 25
120 42 25
120 42 25
120 42 25
120 42 25
120 42 25
120 42 25
120 42 25
120 42 25
120 42 25
120 42 25
120 42 25
120 42 25
120 42 25
120 42 25
120 42 25
120 42 25
120 42 25
120 42 25
120 42 25
120 42 25
120 42 25
120 42 25
120 42 25
120 42 25
120 42 25
120 42 25
120 42 25
120 42 25
120 42 25
120 42 25
120 42 25
120 42 25
120 42 25
120 42 25
120 42 25
120 42 25
120 42 25
120 42 25
120 42 25
120 42 25
120 42 25
120 42 25
120 42 25
120 42 25
120 42 25
120 42 25
120 42 25
120 42 25
120 42 25
120 42 25
120 42 25
120 42 25
120 42 25
120 42 25
120 42 25
120 42 25
120 42 25
120 42 25
120 42 25
120 42 25
120 42 25
120 42 25
120 42 25
120 42 25
120 42 25
120 42 25
120 42 25
120 42 25
120 42 25
120 42 25
120 42 25
120 42 25
120 42 25
120 42 25
120 42 25
120 42 25
120 42 25
120 42 25
120 42 25
120 42 25
120 42 25
120 42 25
120 42 25
120 42 25
120 42 25
120 42 25
120 42 25
120 42 25
120 42 25
120 42 25
120 42 25
120 42 25
120 42 25
120 42 25
120 42 25
120 42 25
120 42 25
120 42 25
120 42 25
120 42 25
120 42 25
120 42 25
120 41 2575
120 41 25
120 41 25
120 41 25
120 41 25
120 41 25
120 41 25
120 41 25
120 41 25
120 41 25
120 41 25
120 40 25
120 40 25
120 40 25
120 40 25
120 40 25
120 40 25
120 40 25
120 40 25
120 40 25
120 40 25
120 40 25
120 40 25
120 40 25
120 40 25
120 40 25
120 40 25
120 40 25
120 40 25
120 40 25
120 40 25
120 40 25
120 40 25
120 40 25
120 40 25
120 40 25
120 40 25
120 40 25
120 40 25
120 40 25
120 40 25
120 40 25
120 40 25
120 40 25
120 40 25
120 40 25
120 40 25
120 40 25
120 40 25
120 40 25
120 40 25
120 40 25
120 40 25
120 40 25
120 40 25
120 40 25
120 40 25
120 40 25
120 40 25
120 40 25
120 40 25
120 40 25
120 40 25
120 40 25
120 40 25
120 40 25
120 40 25
120 40 25
120 40 25
120 40 25
120 40 25
120 40 25
120 40 25
120 40 25
120 40 25
120 40 25
120 40 25
120 40 25
120 40 25
120 40 25
120 40 25
120 40 25
120 40 25
120 40 25
120 40 25
120 40 25
120 40 25
120 40 25
120 40 25
120 40 25
120 40 25
120 40 25
120 40 25
120 40 25
120 40 25
120 40 25
120 40 25
120 40 25
120 40 25
120 40 25
120 40 25
120 40 25
120 40 25
120 40 25
120 40 25
120 40 25
120 40 25
120 40 25
120 40 25
120 40 25
120 40 25
120 40 25
120 40 25
120 40 25
120 40 25
120 40 25
120 40 25
120 40 25
120 40 25
120 40 25
120 40 25
120 40 25
120 40 25
120 40 25
120 40 25
120 40 25
120 40 25
120 40 25
120 40 25
120 40 25
120 39 25
120 39 25
120 39 25
120 39 25
120 39 25
120 39 25
120 39 25
120 39 25
120 39 25
120 39 25
120 39 25
120 39 25
120 39 25
120 39 25
120 39 25
120 39 25
120 39 25
120 39 25
120 39 25
120 39 25
120 39 25
120 39 25
120 39 25
120 39 25
120 39 25
120 39 25
120 39 25
120 39 25
120 39 25
120 39 25
120 39 25
120 39 25
120 39 25
120 39 25
120 39 25
120 39 25
120 39 25
120 39 25
120 39 25
120 39 25
120 39 25
120 39 25
120 39 25
120 39 25
120 39 25
120 39 25
120 39 25
120 39 25
120 39 25
120 39 25
120 39 25
120 39 25
120 39 25
120 39 25
120 39 25
120 39 25
120 39 25
120 39 25
120 39 25
120 39 25
120 39 25
120 39 25
120 39 25
120 39 25
120 39 25
120 39 25
120 39 25
120 39 25
120 39 25
120 39 25
120 39 25
120 39 25
120 39 25
120 39 25
120 39 25
120 39 25
120 39 25
120 39 25
120 39 25
120 39 25
120 39 25
120 39 25
120 39 25
120 39 25
120 39 25
120 39 25
120 39 25
120 39 25
120 39 25
120 39 25
120 39 25
120 39 25
120 39 25
120 39 25
120 39 25
120 39 25
120 39 25
120 39 25
120 39 25
120 39 25
120 39 25
120 39 25
120 39 25
120 39 25
120 39 25
120 39 25
120 39 25
120 39 25
120 39 25
120 39 25
120 39 25
120 39 25
120 39 25
120 39 25
120 39 25
120 39 25
120 39 25
120 39 25
120 39 25
120 39 25
120 39 25
120 39 25
120 38 25
120 38 25
120 38 25
120 38 25
120 38 25
120 38 25
120 38 25
120 38 25
120 38 25
120 38 25
120 38 25
120 38 25
120 38 25
120 38 25
120 38 25
120 38 25
120 38 25
120 38 25
120 38 25
120 38 25
120 38 25
120 38 25
120 38 25
120 38 25
120 38 25
120 38 25
120 38 25
120 38 25
120 38 25
120 38 25
120 38 25
120 38 25
120 38 25
120 38 25
120 38 25
120 38 25
120 38 25
120 38 25
120 38 25
120 38 25
120 38 25
120 38 25
120 38 25
120 38 25
120 38 25
120 38 25
120 38 25
120 38 25
120 38 25
120 38 25
120 38 25
120 38 25
120 38 25
120 38 25
120 38 25
120 38 25
120 38 25
120 38 25
120 38 25
120 38 25
120 38 25
120 38 25
120 38 25
120 38 25
120 38 25
120 38 25
120 38 25
120 38 25
120 38 25
120 38 25
120 38 25
120 38 25
120 38 25
120 38 25
120 38 25
120 38 25
120 38 25
120 38 25
120 38 25
120 38 25
120 38 25
120 38 25
120 38 25
120 38 25
120 38 25
120 38 25
120 38 25
120 38 25
120 38 25
120 38 25
120 38 25
120 38 25
120 38 25
120 38 25
120 38 25
120 38 25
120 38 25
120 38 25
120 38 25
120 38 25
120 38 25
120 38 25
120 38 25
120 38 25
120 38 25
120 38 25
120 38 25
120 38 25
120 38 25
120 38 25
120 38 25
120 38 25
120 38 25
120 38 25
120 38 25
120 38 25
120 38 25
120 38 25
120 38 25
120 38 25
120 37 25
120 37 25
120 37 25
120 37 25
120 37 25
120 37 25
120 37 25
120 37 25
120 37 25
120 37 25
120 37 25
120 37 25
120 37 25
120 37 25
120 37 25
120 37 25
120 37 25
120 37 25
120 37 25
120 37 25
120 37 25
120 37 25
120 37 25
120 37 25
120 37 25
120 37 25
120 37 25
120 37 25
120 37 25
120 37 25
120 37 25
120 37 25
120 37 25
120 37 25
120 37 25
120 37 25
120 37 25
120 37 25
120 37 25
120 37 25
120 37 25
120 37 25
120 37 25
120 37 25
120 37 25
120 37 25
120 37 25
120 37 25
120 37 25
120 37 25
120 37 25
120 37 25
120 37 25
120 37 25
120 37 25
120 37 25
120 37 25
120 37 25
120 37 25
120 37 25
120 37 25
120 37 25
120 37 25
120 37 25
120 37 25
120 37 25
120 37 25
120 37 25
120 37 25
120 37 25
120 37 25
120 37 25
120 37 25
120 37 25
120 37 25
120 37 25
120 37 25
120 37 25
120 37 25
120 37 25
120 37 25
120 37 25
120 37 25
120 37 25
120 37 25
120 37 25
120 37 25
120 37 25
120 37 25
120 37 25
120 37 25
120 37 25
120 37 25
120 37 25
120 37 25
120 37 25
120 37 25
120 37 25
120 37 25
120 37 25
120 37 25
120 37 25
120 37 25
120 37 25
120 37 25
120 37 25
120 37 25
120 37 25
120 37 25
120 37 25
120 37 25
120 37 25
120 37 25
120 37 25
120 36 25
120 36 25
120 36 25
120 36 25
120 36 25
120 36 25
120 36 25
120 36 25
120 36 25
120 36 25
120 36 25
120 36 25
120 36 25
120 36 25
120 36 25
120 36 25
120 36 25
120 36 25
120 36 25
120 36 25
120 36 25
120 36 25
120 36 25
120 36 25
120 36 25
120 36 25
120 36 25
120 36 25
120 36 25
120 36 25
120 36 25
120 36 25
120 36 25
120 36 25
120 36 25
120 36 25
120 36 25
120 36 25
120 36 25
120 36 25
120 36 25
120 36 25
120 36 25
120 36 25
120 36 25
120 36 25
120 36 25
120 36 25
120 36 25
120 36 25
120 36 25
120 36 25
120 36 25
120 36 25
120 36 25
120 36 25
120 36 25
120 36 25
120 36 25
120 36 25
120 36 25
120 36 25
120 36 25
120 36 25
120 36 25
120 36 25
120 36 25
120 36 25
120 36 25
120 36 25
120 36 25
120 36 25
120 36 25
120 36 25
120 36 25
120 36 25
120 36 25
120 36 25
120 36 25
120 36 25
120 36 25
120 36 25
120 36 25
120 36 25
120 36 25
120 36 25
120 36 25
120 36 25
120 36 25
120 36 25
120 36 25
120 36 25
120 36 25
120 36 25
120 36 25
120 36 25
120 36 25
120 36 25
120 36 25
120 36 25
120 36 25
120 36 25
120 36 25
120 36 25
120 35 25
120 35 25
120 35 25
120 35 25
120 35 25
120 35 25
120 35 25
120 35 25
120 35 25
120 35 25
120 35 25
120 35 25
120 35 25
120 35 25
120 35 25
120 35 25
120 35 25
120 35 25
120 35 25
120 35 25
120 35 25
120 35 25
120 35 25
120 35 25
120 35 25
120 35 25
120 35 25
120 35 25
120 35 25
120 35 25
120 35 25
120 35 25
120 35 25
120 35 25
120 35 25
120 35 25
120 35 25
120 35 25
120 35 25
120 35 25
120 35 25
120 35 25
120 35 25
120 35 25
120 35 25
120 35 25
120 35 25
120 35 25
120 35 25
120 35 25
120 35 25
120 35 25
120 35 25
120 35 25
120 35 25
120 35 25
120 35 25
120 35 25
120 35 25
120 35 25
120 35 25
120 35 25
120 35 25
120 35 25
120 35 25
120 35 25
120 35 25
120 35 25
120 35 25
120 35 25
120 35 25
120 35 25
120 35 25
120 35 25
120 35 25
120 35 25
120 35 25
120 35 25
120 35 25
120 35 25
120 35 25
120 35 25
120 35 25
120 35 25
120 35 25
120 35 25
120 35 25
120 35 25
120 35 25
120 35 25
120 35 25
120 35 25
120 34 25
120 34 25
120 34 25
120 34 25
120 34 25
120 34 25
120 34 25
120 34 25
120 34 25
120 34 25
120 34 25
120 34 25
120 34 25
120 34 25
120 34 25
120 34 25
120 34 25
120 34 25
120 34 25
120 34 25
120 34 25
120 34 25
120 34 25
120 34 25
120 34 25
120 34 25
120 34 25
120 34 25
120 34 25
120 34 25
120 34 25
120 34 25
120 34 25
120 34 25
120 34 25
120 34 25
120 34 25
120 34 25
120 34 25
120 34 25
120 34 25
120 34 25
120 34 25
120 34 25
120 34 25
120 34 25
120 34 25
120 34 25
120 34 25
120 34 25
120 34 25
120 34 25
120 34 25
120 34 25
120 34 25
120 34 25
120 34 25
120 34 25
120 34 25
120 34 25
120 34 25
120 34 25
120 34 25
120 34 25
120 34 25
120 34 25
120 34 25
120 34 25
120 34 25
120 34 25
120 34 25
120 34 25
120 34 25
120 34 25
120 34 25
120 34 25
120 34 25
120 34 25
120 33 25
120 33 25
120 33 25
120 33 25
120 33 25
120 33 25
120 33 25
120 33 25
120 33 25
120 33 25
120 33 25
120 33 25
120 33 25
120 33 25
120 33 25
120 33 25
120 33 25
120 33 25
120 33 25
120 33 25
120 33 25
120 33 25
120 33 25
120 33 25
120 33 25
120 33 25
120 33 25
120 33 25
120 33 25
120 33 25
120 33 25
120 33 25
120 33 25
120 33 25
120 33 25
120 33 25
120 33 25
120 33 25
120 33 25
120 33 25
120 33 25
120 33 25
120 33 25
120 33 25
120 33 25
120 33 25
120 33 25
120 33 25
120 33 25
120 33 25
120 33 25
120 33 25
120 33 25
120 33 25
120 33 25
120 33 25
120 33 25
120 33 25
120 33 25
120 33 25
120 33 25
120 33 25
120 33 25
120 33 25
120 32 25
120 32 25
120 32 25
120 32 25
120 32 25
120 32 25
120 32 25
120 32 25
120 32 25
120 32 25
120 32 25
120 32 25
120 32 25
120 32 25
120 32 25
120 32 25
120 32 25
120 32 25
120 32 25
120 32 25
120 32 25
120 32 25
120 32 25
120 32 25
120 32 25
120 32 25
120 32 25
120 32 25
120 32 25
120 32 25
120 32 25
120 32 25
120 32 25
120 32 25
120 32 25
120 32 25
120 32 25
120 32 25
120 32 25
120 32 25
120 32 25
120 32 25
120 32 25
120 32 25
120 32 25
120 32 25
120 32 25
120 32 25
120 32 25
120 32 25
120 32 25
120 32 25
120 31 25
120 31 25
120 31 25
120 31 25
120 31 25
120 31 25
120 31 25
120 31 25
120 31 25
120 31 25
120 31 25
120 31 25
120 31 25
120 31 25
120 31 25
120 31 25
120 31 25
120 31 25
120 31 25
120 31 25
120 31 25
120 31 25
120 31 25
120 31 25
120 31 25
120 31 25
120 31 25
120 31 25
120 31 25
120 31 25
120 31 25
120 31 25
120 31 25
120 31 25
120 31 25
120 31 25
120 31 25
120 31 25
120 31 25
120 31 25
120 31 25
120 30 25
120 30 25
120 30 25
120 30 25
120 30 25
120 30 25
120 30 25
120 30 25
120 30 25
120 30 25
120 30 25
120 30 25
120 30 25
120 30 25
120 30 25
120 30 25
120 30 25
120 30 25
120 30 25
120 30 25
120 30 25
120 30 25
120 30 25
120 30 25
120 30 25
120 30 25
120 30 25
120 30 25
120 30 25
120 30 25
120 30 25
120 30 25
120 30 25
120 29 25
120 29 25
120 29 25
120 29 25
120 29 25
120 29 25
120 29 25
120 29 25
120 29 25
120 29 25
120 29 25
120 29 25
120 29 25
120 29 25
120 29 25
120 29 25
120 29 25
120 29 25
120 29 25
120 29 25
120 29 25
120 29 25
120 29 25
120 29 25
120 29 25
120 29 25
120 29 25
120 28 25
120 28 25
120 28 25
120 28 25
120 28 25
120 28 25
120 28 25
120 28 25
120 28 25
120 28 25
120 28 25
120 28 25
120 28 25
120 28 25
120 28 25
120 28 25
120 28 25
120 28 25
120 28 25
120 28 25
120 28 25
120 28 25
120 27 25
120 27 25
120 27 25
120 27 25
120 27 25
120 27 25
120 27 25
120 27 25
120 27 25
120 27 25
120 27 25
120 27 25
120 27 25
120 27 25
120 27 25
120 27 25
120 27 25
120 27 25
120 26 25
120 26 25
120 26 25
120 26 25
120 26 25
120 26 25
120 26 25
120 26 25
120 26 25
120 26 25
120 26 25
120 26 25
120 26 25
120 26 25
120 26 25
120 25 25
120 25 25
120 25 25
120 25 25
120 25 25
120 25 25
120 25 25
120 25 25
120 25 25
120 25 25
120 25 25
120 25 25
120 24 25
120 24 25
120 24 25
120 24 25
120 24 25
120 24 25
120 24 25
120 24 25
120 24 25
120 23 25
120 23 25
120 23 25
120 23 25
120 23 25
120 23 25
120 23 25
120 22 25
120 22 25
120 22 25
120 22 25
120 22 25
120 22 25
120 21 25
120 21 25
120 21 25
120 21 25
120 21 25
120 20 25
120 20 25
120 20 25
120 20 25
120 19 25
120 19 25
120 19 25
120 18 25
120 18 25
120 18 25
119 18 50
119 18 25
118 18 25
118 18 25
118 18 25
117 18 25
117 18 25
117 18 25
116 18 25
116 18 25
116 18 25
115 18 25
115 18 25
115 18 25
114 18 25
114 18 25
114 18 25
114 18 25
113 18 25
113 18 25
113 18 25
113 18 25
113 18 25
112 18 25
112 18 25
112 18 25
112 18 25
112 18 25
112 18 25
112 18 25
111 18 25
111 18 25
111 18 25
111 18 25
111 18 25
111 18 25
111 18 25
111 18 25
111 18 25
110 18 25
110 18 25
110 18 25
110 18 25
110 18 25
110 18 25
110 18 25
110 18 25
110 18 25
110 18 25
110 18 25
109 18 25
109 18 25
109 18 25
109 18 25
109 18 25
109 18 25
109 18 25
109 18 25
109 18 25
109 18 25
109 18 25
109 18 25
109 18 25
109 18 25
109 18 25
108 18 25
108 18 25
108 18 25
108 18 25
108 18 25
108 18 25
108 18 25
108 18 25
108 18 25
108 18 25
108 18 25
108 18 25
108 18 25
108 18 25
108 18 25
108 18 25
108 18 25
108 18 25
108 18 25
107 18 25
107 18 25
107 18 25
107 18 25
107 18 25
107 18 25
107 18 25
107 18 25
107 18 25
107 18 25
107 18 25
107 18 25
107 18 25
107 18 25
107 18 25
107 18 25
107 18 25
107 18 25
107 18 25
107 18 25
107 18 25
107 18 25
107 18 25
106 18 25
106 18 25
106 18 25
106 18 25
106 18 25
106 18 25
106 18 25
106 18 25
106 18 25
106 18 25
106 18 25
106 18 25
106 18 25
106 18 25
106 18 25
106 18 25
106 18 25
106 18 25
106 18 25
106 18 25
106 18 25
106 18 25
106 18 25
106 18 25
106 18 25
106 18 25
105 18 25
105 18 25
105 18 25
105 18 25
105 18 25
105 18 25
105 18 25
105 18 25
105 18 25
105 18 25
105 18 25
105 18 25
105 18 25
105 18 25
105 18 25
105 18 25
105 18 25
105 18 25
105 18 25
105 18 25
105 18 25
105 18 25
105 18 25
105 18 25
105 18 25
105 18 25
105 18 25
105 18 25
105 18 25
104 18 25
104 18 25
104 18 25
104 18 25
104 18 25
104 18 25
104 18 25
104 18 25
104 18 25
104 18 25
104 18 25
104 18 25
104 18 25
104 18 25
104 18 25
104 18 25
104 18 25
104 18 25
104 18 25
104 18 25
104 18 25
104 18 25
104 18 25
104 18 25
104 18 25
104 18 25
104 18 25
104 18 25
104 18 25
104 18 25
103 18 25
103 18 25
103 18 25
103 18 25
103 18 25
103 18 25
103 18 25
103 18 25
103 18 25
103 18 25
103 18 25
103 18 25
103 18 25
103 18 25
103 18 25
103 18 25
103 18 25
103 18 25
103 18 25
103 18 25
103 18 25
103 18 25
103 18 25
103 18 25
103 18 25
103 18 25
103 18 25
103 18 25
103 18 25
102 18 25
102 18 25
102 18 25
102 18 25
102 18 25
102 18 25
102 18 25
102 18 25
102 18 25
102 18 25
102 18 25
102 18 25
102 18 25
102 18 25
102 18 25
102 18 25
102 18 25
102 18 25
102 18 25
102 18 25
102 18 25
102 18 25
102 18 25
102 18 25
102 18 25
102 18 25
102 18 25
101 18 25
101 18 25
101 18 25
101 18 25
101 18 25
101 18 25
101 18 25
101 18 25
101 18 25
101 18 25
101 18 25
101 18 25
101 18 25
101 18 25
101 18 25
101 18 25
101 18 25
101 18 25
101 18 25
101 18 25
101 18 25
101 18 25
101 18 25
100 18 25
100 18 25
100 18 25
100 18 25
100 18 25
100 18 25
100 18 25
100 18 25
100 18 25
100 18 25
100 18 25
100 18 25
100 18 25
100 18 25
100 18 25
100 18 25
100 18 25
100 18 25
99 18 25
99 18 25
99 18 25
99 18 25
99 18 25
99 18 25
99 18 25
99 18 25
99 18 25
99 18 25
99 18 25
99 18 25
99 18 25
98 18 25
98 18 25
98 18 25
98 18 25
98 18 25
98 18 25
98 18 25
98 18 25
98 18 25
98 18 25
97 18 25
97 18 25
97 18 25
97 18 25
97 18 25
97 18 25
97 18 25
96 18 25
96 18 25
96 18 25
96 18 25
96 18 25
95 18 25
95 18 25
95 18 25
95 18 25
94 18 25
94 18 25
94 18 25
94 19 50
94 19 25
94 20 25
94 20 25
94 20 25
94 20 25
94 21 25
94 21 25
94 21 25
94 21 25
94 21 25
94 22 25
94 22 25
94 22 25
94 22 25
94 22 25
94 22 25
94 23 25
94 23 25
94 23 25
94 23 25
94 23 25
94 23 25
94 23 25
94 23 25
94 24 25
94 24 25
94 24 25
94 24 25
94 24 25
94 24 25
94 24 25
94 24 25
94 24 25
94 24 25
94 24 25
94 25 25
94 25 25
94 25 25
94 25 25
94 25 25
94 25 25
94 25 25
94 25 25
94 25 25
94 25 25
94 25 25
94 25 25
94 25 25
94 25 25
94 25 25
94 26 25
94 26 25
94 26 25
94 26 25
94 26 25
94 26 25
94 26 25
94 26 25
94 26 25
94 26 25
94 26 25
94 26 25
94 26 25
94 26 25
94 26 25
94 26 25
94 26 25
94 26 25
94 26 25
94 27 25
94 27 25
94 27 25
94 27 25
94 27 25
94 27 25
94 27 25
94 27 25
94 27 25
94 27 25
94 27 25
94 27 25
94 27 25
94 27 25
94 27 25
94 27 25
94 27 25
94 27 25
94 27 25
94 27 25
94 27 25
94 27 25
94 28 25
94 28 25
94 28 25
94 28 25
94 28 25
94 28 25
94 28 25
94 28 25
94 28 25
94 28 25
94 28 25
94 28 25
94 28 25
94 28 25
94 28 25
94 28 25
94 28 25
94 28 25
94 28 25
94 28 25
94 28 25
94 28 25
94 28 25
94 28 25
94 29 25
94 29 25
94 29 25
94 29 25
94 29 25
94 29 25
94 29 25
94 29 25
94 29 25
94 29 25
94 29 25
94 29 25
94 29 25
94 29 25
94 29 25
94 29 25
94 29 25
94 29 25
94 29 25
94 29 25
94 29 25
94 29 25
94 29 25
94 29 25
94 29 25
94 29 25
94 30 25
94 30 25
94 30 25
94 30 25
94 30 25
94 30 25
94 30 25
94 30 25
94 30 25
94 30 25
94 30 25
94 30 25
94 30 25
94 30 25
94 30 25
94 30 25
94 30 25
94 30 25
94 30 25
94 30 25
94 30 25
94 30 25
94 30 25
94 30 25
94 30 25
94 30 25
94 30 25
94 31 25
94 31 25
94 31 25
94 31 25
94 31 25
94 31 25
94 31 25
94 31 25
94 31 25
94 31 25
94 31 25
94 31 25
94 31 25
94 31 25
94 31 25
94 31 25
94 31 25
94 31 25
94 31 25
94 31 25
94 31 25
94 31 25
94 31 25
94 31 25
94 31 25
94 31 25
94 31 25
94 32 25
94 32 25
94 32 25
94 32 25
94 32 25
94 32 25
94 32 25
94 32 25
94 32 25
94 32 25
94 32 25
94 32 25
94 32 25
94 32 25
94 32 25
94 32 25
94 32 25
94 32 25
94 32 25
94 32 25
94 32 25
94 32 25
94 32 25
94 32 25
94 32 25
94 32 25
94 33 25
94 33 25
94 33 25
94 33 25
94 33 25
94 33 25
94 33 25
94 33 25
94 33 25
94 33 25
94 33 25
94 33 25
94 33 25
94 33 25
94 33 25
94 33 25
94 33 25
94 33 25
94 33 25
94 33 25
94 33 25
94 33 25
94 33 25
94 33 25
94 34 25
94 34 25
94 34 25
94 34 25
94 34 25
94 34 25
94 34 25
94 34 25
94 34 25
94 34 25
94 34 25
94 34 25
94 34 25
94 34 25
94 34 25
94 34 25
94 34 25
94 34 25
94 34 25
94 34 25
94 35 25
94 35 25
94 35 25
94 35 25
94 35 25
94 35 25
94 35 25
94 35 25
94 35 25
94 35 25
94 35 25
94 35 25
94 35 25
94 35 25
94 35 25
94 35 25
94 36 25
94 36 25
94 36 25
94 36 25
94 36 25
94 36 25
94 36 25
94 36 25
94 36 25
94 36 25
94 36 25
94 37 25
94 37 25
94 37 25
94 37 25
94 37 25
94 37 25
94 37 25
94 38 25
94 38 25
94 38 25
94 38 25
94 38 25
94 39 25
94 39 25
94 39 25
94 40 25
94 40 25
94 41 25
94 42 25
94 43 25
28 69 25
29 69 25
30 69 25
31 69 25
32 69 25
33 69 25
34 69 25
35 69 25
35 69 25
36 69 25
36 69 25
37 69 25
37 69 25
38 69 25
38 69 25
39 69 25
39 69 25
39 69 25
40 69 25
40 69 25
40 69 25
40 68 50
40 68 25
40 67 25
40 67 25
40 67 25
40 67 25
40 66 25
40 66 25
40 66 25
40 66 25
40 65 25
40 65 25
40 65 25
40 65 25
40 65 25
40 64 25
40 64 25
40 64 25
40 64 25
40 64 25
40 64 25
40 63 25
40 63 25
40 63 25
40 63 25
40 63 25
40 63 25
40 63 25
40 63 25
40 62 25
40 62 25
40 62 25
40 62 25
40 62 25
40 62 25
40 62 25
40 62 25
40 62 25
40 61 25
40 61 25
40 61 25
40 61 25
40 61 25
40 61 25
40 61 25
40 61 25
40 61 25
40 61 25
40 61 25
40 60 25
40 60 25
40 60 25
40 60 25
40 60 25
40 60 25
40 60 25
40 60 25
40 60 25
40 60 25
40 60 25
40 60 25
40 59 25
40 59 25
40 59 25
40 59 25
40 59 25
40 59 25
40 59 25
40 59 25
40 59 25
40 59 25
40 59 25
40 59 25
40 59 25
40 59 25
40 59 25
40 58 25
40 58 25
40 58 25
40 58 25
40 58 25
40 58 25
40 58 25
40 58 25
40 58 25
40 58 25
40 58 25
40 58 25
40 58 25
40 58 25
40 58 25
40 58 25
40 58 25
40 58 25
40 57 25
40 57 25
40 57 25
40 57 25
40 57 25
40 57 25
40 57 25
40 57 25
40 57 25
40 57 25
40 57 25
40 57 25
40 57 25
40 57 25
40 57 25
40 57 25
40 57 25
40 57 25
40 57 25
40 57 25
40 57 25
40 57 25
40 57 25
40 56 25
40 56 25
40 56 25
40 56 25
40 56 25
40 56 25
40 56 25
40 56 25
40 56 25
40 56 25
40 56 25
40 56 25
40 56 25
40 56 25
40 56 25
40 56 25
40 56 25
40 56 25
40 56 25
40 56 25
40 56 25
40 56 25
40 56 25
40 56 25
40 56 25
40 56 25
40 56 25
40 56 25
40 55 25
40 55 25
40 55 25
40 55 25
40 55 25
40 55 25
40 55 25
40 55 25
40 55 25
40 55 25
40 55 25
40 55 25
40 55 25
40 55 25
40 55 25
40 55 25
40 55 25
40 55 25
40 55 25
40 55 25
40 55 25
40 55 25
40 55 25
40 55 25
40 55 25
40 55 25
40 55 25
40 55 25
40 55 25
40 55 25
40 55 25
40 55 25
40 55 25
40 55 25
40 54 25
40 54 25
40 54 25
40 54 25
40 54 25
40 54 25
40 54 25
40 54 25
40 54 25
40 54 25
40 54 25
40 54 25
40 54 25
40 54 25
40 54 25
40 54 25
40 54 25
40 54 25
40 54 25
40 54 25
40 54 25
40 54 25
40 54 25
40 54 25
40 54 25
40 54 25
40 54 25
40 54 25
40 54 25
40 54 25
40 54 25
40 54 25
40 54 25
40 54 25
40 54 25
40 54 25
40 54 25
40 54 25
40 54 25
40 54 25
40 54 25
40 53 25
40 53 25
40 53 25
40 53 25
40 53 25
40 53 25
40 53 25
40 53 25
40 53 25
40 53 25
40 53 25
40 53 25
40 53 25
40 53 25
40 53 25
40 53 25
40 53 25
40 53 25
40 53 25
40 53 25
40 53 25
40 53 25
40 53 25
40 53 25
40 53 25
40 53 25
40 53 25
40 53 25
40 53 25
40 53 25
40 53 25
40 53 25
40 53 25
40 53 25
40 53 25
40 53 25
40 53 25
40 53 25
40 53 25
40 53 25
40 53 25
40 53 25
40 53 25
40 53 25
40 53 25
40 53 25
40 53 25
40 53 25
40 53 25
40 53 25
40 52 25
40 52 25
40 52 25
40 52 25
40 52 25
40 52 25
40 52 25
40 52 25
40 52 25
40 52 25
40 52 25
40 52 25
40 52 25
40 52 25
40 52 25
40 52 25
40 52 25
40 52 25
40 52 25
40 52 25
40 52 25
40 52 25
40 52 25
40 52 25
40 52 25
40 52 25
40 52 25
40 52 25
40 52 25
40 52 25
40 52 25
40 52 25
40 52 25
40 52 25
40 52 25
40 52 25
40 52 25
40 52 25
40 52 25
40 52 25
40 52 25
40 52 25
40 52 25
40 52 25
40 52 25
40 52 25
40 52 25
40 52 25
40 52 25
40 52 25
40 52 25
40 52 25
40 52 25
40 52 25
40 52 25
40 52 25
40 52 25
40 52 25
40 52 25
40 52 25
40 52 25
40 52 25
40 51 25
40 51 25
40 51 25
40 51 25
40 51 25
40 51 25
40 51 25
40 51 25
40 51 25
40 51 25
40 51 25
40 51 25
40 51 25
40 51 25
40 51 25
40 51 25
40 51 25
40 51 25
40 51 25
40 51 25
40 51 25
40 51 25
40 51 25
40 51 25
40 51 25
40 51 25
40 51 25
40 51 25
40 51 25
40 51 25
40 51 25
40 51 25
40 51 25
40 51 25
40 51 25
40 51 25
40 51 25
40 51 25
40 51 25
40 51 25
40 51 25
40 51 25
40 51 25
40 51 25
40 51 25
40 51 25
40 51 25
40 51 25
40 51 25
40 51 25
40 51 25
40 51 25
40 51 25
40 51 25
40 51 25
40 51 25
40 51 25
40 51 25
40 51 25
40 51 25
40 51 25
40 51 25
40 51 25
40 51 25
40 51 25
40 51 25
40 51 25
40 51 25
40 51 25
40 51 25
40 51 25
40 51 25
40 51 25
40 51 25
40 51 25
40 51 25
40 50 25
40 50 25
40 50 25
40 50 25
40 50 25
40 50 25
40 50 25
40 50 25
40 50 25
40 50 25
40 50 25
40 50 25
40 50 25
40 50 25
40 50 25
40 50 25
40 50 25
40 50 25
40 50 25
40 50 25
40 50 25
40 50 25
40 50 25
40 50 25
40 50 25
40 50 25
40 50 25
40 50 25
40 50 25
40 50 25
40 50 25
40 50 25
40 50 25
40 50 25
40 50 25
40 50 25
40 50 25
40 50 25
40 50 25
40 50 25
40 50 25
40 50 25
40 50 25
40 50 25
40 50 25
40 50 25
40 50 25
40 50 25
40 50 25
40 50 25
40 50 25
40 50 25
40 50 25
40 50 25
40 50 25
40 50 25
40 50 25
40 50 25
40 50 25
40 50 25
40 50 25
40 50 25
40 50 25
40 50 25
40 50 25
40 50 25
40 50 25
40 50 25
40 50 25
40 50 25
40 50 25
40 50 25
40 50 25
40 50 25
40 50 25
40 50 25
40 50 25
40 50 25
40 50 25
40 50 25
40 50 25
40 50 25
40 50 25
40 50 25
40 50 25
40 50 25
40 50 25
40 50 25
40 50 25
40 50 25
40 50 25
40 50 25
40 50 25
40 49 25
40 49 25
40 49 25
40 49 25
40 49 25
40 49 25
40 49 25
40 49 25
40 49 25
40 49 25
40 49 25
40 49 25
40 49 25
40 49 25
40 49 25
40 49 25
40 49 25
40 49 25
40 49 25
40 49 25
40 49 25
40 49 25
40 49 25
40 49 25
40 49 25
40 49 25
40 49 25
40 49 25
40 49 25
40 49 25
40 49 25
40 49 25
40 49 25
40 49 25
40 49 25
40 49 25
40 49 25
40 49 25
40 49 25
40 49 25
40 49 25
40 49 25
40 49 25
40 49 25
40 49 25
40 49 25
40 49 25
40 49 25
40 49 25
40 49 25
40 49 25
40 49 25
40 49 25
40 49 25
40 49 25
40 49 25
40 49 25
40 49 25
40 49 25
40 49 25
40 49 25
40 49 25
40 49 25
40 49 25
40 49 25
40 49 25
40 49 25
40 49 25
40 49 25
40 49 25
40 49 25
40 49 25
40 49 25
40 49 25
40 49 25
40 49 25
40 49 25
40 49 25
40 49 25
40 49 25
40 49 25
40 49 25
40 49 25
40 49 25
40 49 25
40 49 25
40 49 25
40 49 25
40 49 25
40 49 25
40 49 25
40 49 25
40 49 25
40 49 25
40 49 25
40 49 25
40 49 25
40 49 25
40 49 25
40 49 25
40 49 25
40 49 25
40 49 25
40 49 25
40 49 25
40 49 25
40 49 25
40 49 25
40 49 25
21 142 2700
22 142 25
22 142 25
22 142 25
22 142 25
22 142 25
22 142 25
23 142 25
23 142 25
23 142 25
23 142 25
23 142 25
24 142 25
24 142 25
24 142 25
24 142 25
25 142 25
25 142 25
25 142 25
25 142 25
26 142 25
26 142 25
26 142 25
27 142 25
27 142 25
27 142 25
28 142 25
28 142 25
29 142 25
29 142 25
30 142 25
30 142 25
31 142 25
31 142 25
32 142 25
33 142 25
34 142 25
35 142 25
36 142 25
37 142 25
38 142 25
39 142 25
40 142 25
40 142 25
40 141 25
40 141 25
40 140 25
40 140 25
40 139 25
40 139 25
40 139 25
40 138 25
40 138 25
40 138 25
40 138 25
40 137 25
40 137 25
40 137 25
40 137 25
40 137 25
40 137 25
40 136 25
40 136 25
40 136 25
40 136 25
40 136 25
40 136 25
40 136 25
40 136 25
40 136 25
40 135 25
40 135 25
40 135 25
40 135 25
40 135 25
40 135 25
40 135 25
40 135 25
40 135 25
40 135 25
40 135 25
40 135 25
40 135 25
40 134 25
40 134 25
40 134 25
40 134 25
40 134 25
40 134 25
40 134 25
40 134 25
40 134 25
40 134 25
40 134 25
40 134 25
40 134 25
40 134 25
40 134 25
40 134 25
40 134 25
40 134 25
40 133 25
40 133 25
40 133 25
40 133 25
40 133 25
40 133 25
40 133 25
40 133 25
40 133 25
40 133 25
40 133 25
40 133 25
40 133 25
40 133 25
40 133 25
40 133 25
40 133 25
40 133 25
40 133 25
40 133 25
40 133 25
40 133 25
40 133 25
40 132 25
40 132 25
40 132 25
40 132 25
40 132 25
40 132 25
40 132 25
40 132 25
40 132 25
40 132 25
40 132 25
40 132 25
40 132 25
40 132 25
40 132 25
40 132 25
40 132 25
40 132 25
40 132 25
40 132 25
40 132 25
40 132 25
40 132 25
40 132 25
40 132 25
40 132 25
40 132 25
40 132 25
40 131 25
40 131 25
40 131 25
40 131 25
40 131 25
40 131 25
40 131 25
40 131 25
40 131 25
40 131 25
40 131 25
40 131 25
40 131 25
40 131 25
40 131 25
40 131 25
40 131 25
40 131 25
40 131 25
40 131 25
40 131 25
40 131 25
40 131 25
40 131 25
40 131 25
40 131 25
40 131 25
40 131 25
40 131 25
40 131 25
40 131 25
40 130 25
40 130 25
40 130 25
40 130 25
40 130 25
40 130 25
40 130 25
40 130 25
40 130 25
40 130 25
40 130 25
40 130 25
40 130 25
40 130 25
40 130 25
40 130 25
40 130 25
40 130 25
40 130 25
40 130 25
40 130 25
40 130 25
40 130 25
40 130 25
40 130 25
40 130 25
40 130 25
40 130 25
40 130 25
40 130 25
40 130 25
40 129 25
40 129 25
40 129 25
40 129 25
40 129 25
40 129 25
40 129 25
40 129 25
40 129 25
40 129 25
40 129 25
40 129 25
40 129 25
40 129 25
40 129 25
40 129 25
40 129 25
40 129 25
40 129 25
40 129 25
40 129 25
40 129 25
40 129 25
40 129 25
40 129 25
40 129 25
40 129 25
40 129 25
40 129 25
40 128 25
40 128 25
40 128 25
40 128 25
40 128 25
40 128 25
40 128 25
40 128 25
40 128 25
40 128 25
40 128 25
40 128 25
40 128 25
40 128 25
40 128 25
40 128 25
40 128 25
40 128 25
40 128 25
40 128 25
40 128 25
40 128 25
40 128 25
40 128 25
40 128 25
40 128 25
40 127 25
40 127 25
40 127 25
40 127 25
40 127 25
40 127 25
40 127 25
40 127 25
40 127 25
40 127 25
40 127 25
40 127 25
40 127 25
40 127 25
40 127 25
40 127 25
40 127 25
40 127 25
40 127 25
40 127 25
40 127 25
40 126 25
40 126 25
40 126 25
40 126 25
40 126 25
40 126 25
40 126 25
40 126 25
40 126 25
40 126 25
40 126 25
40 126 25
40 126 25
40 126 25
40 126 25
40 126 25
40 125 25
40 125 25
40 125 25
40 125 25
40 125 25
40 125 25
40 125 25
40 125 25
40 125 25
40 125 25
40 125 25
40 125 25
40 124 25
40 124 25
40 124 25
40 124 25
40 124 25
40 124 25
40 124 25
40 124 25
40 123 25
40 123 25
40 123 25
40 123 25
40 123 25
40 123 25
40 122 25
40 122 25
40 122 25
40 122 25
40 121 25
40 121 25
40 121 25
40 120 25
40 120 25
40 119 25
40 119 25
145 42 25
145 42 25
146 42 25
146 42 25
146 42 25
147 42 25
147 42 25
147 42 25
148 42 25
148 42 25
149 42 25
149 42 25
150 42 25
150 42 25
151 42 25
151 42 25
152 42 25
152 42 25
153 42 25
153 42 25
154 42 25
155 42 25
156 42 25
157 42 25
158 42 25
159 42 25
160 42 25
161 42 25
162 42 25
163 42 25
164 42 25
165 42 25
166 42 25
167 42 25
168 42 25
169 42 25
170 42 25
171 42 25
172 42 25
173 42 25
174 42 25
175 42 25
176 42 25
176 42 25
177 42 25
177 42 25
178 42 25
178 42 25
179 42 25
179 42 25
180 42 25
180 42 25
180 42 25
181 42 25
181 42 25
181 42 25
182 42 25
182 42 25
182 42 25
183 42 25
183 42 25
183 42 25
183 42 25
184 42 25
184 42 25
184 42 25
184 42 25
185 42 25
185 42 25
185 42 25
185 42 25
185 42 25
186 42 25
186 42 25
186 42 25
186 42 25
186 42 25
186 42 25
187 42 25
187 42 25
187 42 25
187 42 25
187 42 25
187 42 25
187 42 25
188 42 25
188 42 25
188 42 25
188 42 25
188 42 25
188 42 25
188 42 25
188 42 25
188 42 25
189 42 25
189 42 25
189 42 25
189 42 25
189 42 25
189 42 25
189 42 25
189 42 25
189 42 25
189 42 25
189 42 25
190 42 25
190 42 25
190 42 25
190 42 25
190 42 25
190 42 25
190 42 25
190 42 25
190 42 25
190 42 25
190 42 25
190 42 25
190 42 25
190 42 25
190 41 325
190 40 25
190 40 25
190 40 25
190 40 25
190 40 25
190 40 25
190 40 25
190 40 25
190 39 25
190 39 25
190 39 25
190 39 25
190 39 25
190 39 25
190 38 25
190 38 25
190 38 25
190 38 25
190 37 25
190 37 25
190 37 25
190 36 25
190 36 25
190 35 25
190 35 25
190 34 25
190 33 25
190 32 25
190 31 25
190 30 25
190 29 25
190 28 25
190 27 25
190 26 25
190 25 25
