90 188 50
90 188 50
90 188 50
91 188 50
91 188 50
92 188 50
92 188 50
93 188 50
93 188 50
94 188 50
94 188 50
95 188 50
95 188 50
96 188 50
96 188 50
97 188 50
97 188 50
98 188 50
98 188 50
99 188 50
100 188 50
101 188 50
102 188 50
103 188 50
104 188 50
105 188 50
106 188 50
107 188 50
108 188 50
109 188 50
110 188 50
111 188 50
112 188 50
113 188 50
114 188 50
115 188 50
116 188 50
117 188 50
118 188 50
119 188 50
120 188 50
121 188 50
122 188 50
123 188 50
124 188 50
125 188 50
125 188 50
126 188 50
126 188 50
127 188 50
127 188 50
127 188 50
128 188 50
128 188 50
128 188 50
128 188 50
129 188 50
129 188 50
129 188 50
129 188 50
129 188 50
129 188 50
130 188 50
130 188 50
130 188 50
130 188 50
130 188 50
130 188 50
130 188 50
131 188 50
131 188 50
131 188 50
131 188 50
131 188 50
131 188 50
131 188 50
131 188 50
131 188 50
132 188 50
132 188 50
132 188 50
132 188 50
132 188 50
132 188 50
132 188 50
132 188 50
132 188 50
132 188 50
132 188 50
133 188 50
133 188 50
133 188 50
133 188 50
133 188 50
133 188 50
133 188 50
133 188 50
133 188 50
133 188 50
133 188 50
133 188 50
133 188 50
133 188 50
134 188 50
134 188 50
134 188 50
134 188 50
134 188 50
134 188 50
134 188 50
134 188 50
134 188 50
134 188 50
134 188 50
134 188 50
134 188 50
134 188 50
134 188 50
134 188 50
134 188 50
135 188 50
135 188 50
135 188 50
135 188 50
135 188 50
135 188 50
135 188 50
135 188 50
135 188 50
135 188 50
135 188 50
135 188 50
135 188 50
135 188 50
135 188 50
135 188 50
135 188 50
135 188 50
135 188 50
135 188 50
135 188 50
135 188 50
135 188 50
136 188 50
136 188 50
136 188 50
136 188 50
136 188 50
136 188 50
136 188 50
136 188 50
136 188 50
136 188 50
136 188 50
136 188 50
136 188 50
136 188 50
136 188 50
136 188 50
136 188 50
136 188 50
136 188 50
136 188 50
136 188 50
136 188 50
136 188 50
136 188 50
136 188 50
136 188 50
136 188 50
136 188 50
136 188 50
136 188 50
137 188 50
137 188 50
137 188 50
137 188 50
137 188 50
137 188 50
137 188 50
137 188 50
137 188 50
137 188 50
137 188 50
137 188 50
137 188 50
137 188 50
137 188 50
137 188 50
137 188 50
137 188 50
137 188 50
137 188 50
137 188 50
137 188 50
137 188 50
137 188 50
137 188 50
137 188 50
137 188 50
137 188 50
137 188 50
137 188 50
137 188 50
137 188 50
137 188 50
137 188 50
137 188 50
137 188 50
137 188 50
137 188 50
138 188 50
138 188 50
138 188 50
138 188 50
138 188 50
138 188 50
138 188 50
138 188 50
138 188 50
138 188 50
138 188 50
138 188 50
138 188 50
138 188 50
138 188 50
138 188 50
138 188 50
138 188 50
138 188 50
138 188 50
138 188 50
138 188 50
138 188 50
138 188 50
138 188 50
138 188 50
138 188 50
138 188 50
138 188 50
138 188 50
138 188 50
138 188 50
138 188 50
138 188 50
138 188 50
138 188 50
138 188 50
138 188 50
138 188 50
138 188 50
138 188 50
138 188 50
138 188 50
138 188 50
138 188 50
138 188 50
138 188 50
138 188 50
139 188 50
139 188 50
139 188 50
139 188 50
139 188 50
139 188 50
139 188 50
139 188 50
139 188 50
139 188 50
139 188 50
139 188 50
139 188 50
139 188 50
139 188 50
139 188 50
139 188 50
139 188 50
139 188 50
139 188 50
139 188 50
139 188 50
139 188 50
139 188 50
139 188 50
139 188 50
139 188 50
139 188 50
139 188 50
139 188 50
139 188 50
139 188 50
139 188 50
139 188 50
139 188 50
139 188 50
139 188 50
139 188 50
139 188 50
139 188 50
139 188 50
139 188 50
139 188 50
139 188 50
139 188 50
139 188 50
139 188 50
139 188 50
139 188 50
139 188 50
139 188 50
139 188 50
139 188 50
139 188 50
139 188 50
139 188 50
139 188 50
139 188 50
140 188 50
140 188 50
140 188 50
140 188 50
140 188 50
140 188 50
140 188 50
140 188 50
140 188 50
140 188 50
140 188 50
140 188 50
140 188 50
140 188 50
140 188 50
140 188 50
140 188 50
140 188 50
140 188 50
140 188 50
140 188 50
140 188 50
140 188 50
140 188 50
140 188 50
140 188 50
140 188 50
140 188 50
140 188 50
140 188 50
140 188 50
140 188 50
140 188 50
140 188 50
140 188 50
140 188 50
140 188 50
140 188 50
140 188 50
140 188 50
140 188 50
140 188 50
140 188 50
140 188 50
140 188 50
140 188 50
140 188 50
140 188 50
140 188 50
140 188 50
140 188 50
140 188 50
140 188 50
140 188 50
140 188 50
140 188 50
140 188 50
140 188 50
140 188 50
140 188 50
140 188 50
140 188 50
140 188 50
140 188 50
140 188 50
140 188 50
140 188 50
141 188 50
141 188 50
141 188 50
141 188 50
141 188 50
141 188 50
141 188 50
141 188 50
141 188 50
141 188 50
141 188 50
141 188 50
141 188 50
141 188 50
141 188 50
141 188 50
141 188 50
141 188 50
141 188 50
141 188 50
141 188 50
141 188 50
141 188 50
141 188 50
141 188 50
141 188 50
141 188 50
141 188 50
141 188 50
141 188 50
141 188 50
141 188 50
141 188 50
141 188 50
141 188 50
141 188 50
141 188 50
141 188 50
141 188 50
141 188 50
141 188 50
141 188 50
141 188 50
141 188 50
141 188 50
141 188 50
141 188 50
141 188 50
141 188 50
141 188 50
141 188 50
141 188 50
141 188 50
141 188 50
141 188 50
141 188 50
141 188 50
141 188 50
141 188 50
141 188 50
141 188 50
141 188 50
141 188 50
141 188 50
141 188 50
141 188 50
141 188 50
141 188 50
141 188 50
141 188 50
141 188 50
141 188 50
141 188 50
141 188 50
141 188 50
141 188 50
142 188 50
142 188 50
142 188 50
142 188 50
142 188 50
142 188 50
142 188 50
142 188 50
142 188 50
142 188 50
142 188 50
142 188 50
142 188 50
142 188 50
142 188 50
142 188 50
142 188 50
142 188 50
142 188 50
142 188 50
142 188 50
142 188 50
142 188 50
142 188 50
142 188 50
142 188 50
142 188 50
142 188 50
142 188 50
142 188 50
142 188 50
142 188 50
142 188 50
142 188 50
142 188 50
142 188 50
142 188 50
142 188 50
142 188 50
142 188 50
142 188 50
142 188 50
142 188 50
142 188 50
142 188 50
142 188 50
142 188 50
142 188 50
142 188 50
142 188 50
142 188 50
142 188 50
142 188 50
142 188 50
142 188 50
142 188 50
142 188 50
142 188 50
142 188 50
142 188 50
142 188 50
142 188 50
142 188 50
142 188 50
142 188 50
142 188 50
142 188 50
142 188 50
142 188 50
142 188 50
142 188 50
142 188 50
142 188 50
142 188 50
142 188 50
142 188 50
142 188 50
142 188 50
142 188 50
142 188 50
142 188 50
142 188 50
142 188 50
143 188 50
143 188 50
143 188 50
143 188 50
143 188 50
143 188 50
143 188 50
143 188 50
143 188 50
143 188 50
143 188 50
143 188 50
143 188 50
143 188 50
143 188 50
143 188 50
143 188 50
143 188 50
143 188 50
143 188 50
143 188 50
143 188 50
143 188 50
143 188 50
143 188 50
143 188 50
143 188 50
143 188 50
143 188 50
143 188 50
143 188 50
143 188 50
143 188 50
143 188 50
143 188 50
143 188 50
143 188 50
143 188 50
143 188 50
143 188 50
143 188 50
143 188 50
143 188 50
143 188 50
143 188 50
143 188 50
143 188 50
143 188 50
143 188 50
143 188 50
143 188 50
143 188 50
143 188 50
143 188 50
143 188 50
143 188 50
143 188 50
143 188 50
143 188 50
143 188 50
143 188 50
143 188 50
143 188 50
143 188 50
143 188 50
143 188 50
143 188 50
143 188 50
143 188 50
143 188 50
143 188 50
143 188 50
143 188 50
143 188 50
143 188 50
143 188 50
143 188 50
143 188 50
143 188 50
143 188 50
143 188 50
143 188 50
143 188 50
143 188 50
143 188 50
143 188 50
143 188 50
143 188 50
144 188 50
144 188 50
144 188 50
144 188 50
144 188 50
144 188 50
144 188 50
144 188 50
144 188 50
144 188 50
144 188 50
144 188 50
144 188 50
144 188 50
144 188 50
144 188 50
144 188 50
144 188 50
144 188 50
144 188 50
144 188 50
144 188 50
144 188 50
144 188 50
144 188 50
144 188 50
144 188 50
144 188 50
144 188 50
144 188 50
144 188 50
144 188 50
144 188 50
144 188 50
144 188 50
144 188 50
144 188 50
144 188 50
144 188 50
144 188 50
144 188 50
144 188 50
144 188 50
144 188 50
144 188 50
144 188 50
144 188 50
144 188 50
144 188 50
144 188 50
144 188 50
144 188 50
144 188 50
144 188 50
144 188 50
144 188 50
144 188 50
144 188 50
144 188 50
144 188 50
144 188 50
144 188 50
144 188 50
144 188 50
144 188 50
144 188 50
144 188 50
144 188 50
144 188 50
144 188 50
144 188 50
144 188 50
144 188 50
144 188 50
144 188 50
144 188 50
144 188 50
144 188 50
144 188 50
144 188 50
144 188 50
144 188 50
144 188 50
144 188 50
144 188 50
144 188 50
144 188 50
144 188 50
144 188 50
145 188 50
145 188 50
145 188 50
145 188 50
145 188 50
145 188 50
145 188 50
145 188 50
145 188 50
145 188 50
145 188 50
145 188 50
145 188 50
145 188 50
145 188 50
145 188 50
145 188 50
145 188 50
145 188 50
145 188 50
145 188 50
145 188 50
145 188 50
145 188 50
145 188 50
145 188 50
145 188 50
145 188 50
145 188 50
145 188 50
145 188 50
145 188 50
145 188 50
145 188 50
145 188 50
145 188 50
145 188 50
145 188 50
145 188 50
145 188 50
145 188 50
145 188 50
145 188 50
145 188 50
145 188 50
145 188 50
145 188 50
145 188 50
145 188 50
145 188 50
145 188 50
145 188 50
145 188 50
145 188 50
145 188 50
145 188 50
145 188 50
145 188 50
145 188 50
145 188 50
145 188 50
145 188 50
145 188 50
145 188 50
145 188 50
145 188 50
145 188 50
145 188 50
145 188 50
145 188 50
145 188 50
145 188 50
145 188 50
145 188 50
145 188 50
145 188 50
145 188 50
145 188 50
145 188 50
145 188 50
145 188 50
145 188 50
145 188 50
145 188 50
145 188 50
145 188 50
145 188 50
145 188 50
145 188 50
146 188 50
146 188 50
146 188 50
146 188 50
146 188 50
146 188 50
146 188 50
146 188 50
146 188 50
146 188 50
146 188 50
146 188 50
146 188 50
146 188 50
146 188 50
146 188 50
146 188 50
146 188 50
146 188 50
146 188 50
146 188 50
146 188 50
146 188 50
146 188 50
146 188 50
146 188 50
146 188 50
146 188 50
146 188 50
146 188 50
146 188 50
146 188 50
146 188 50
146 188 50
146 188 50
146 188 50
146 188 50
146 188 50
146 188 50
146 188 50
146 188 50
146 188 50
146 188 50
146 188 50
146 188 50
146 188 50
146 188 50
146 188 50
146 188 50
146 188 50
146 188 50
146 188 50
146 188 50
146 188 50
146 188 50
146 188 50
146 188 50
146 188 50
146 188 50
146 188 50
146 188 50
146 188 50
146 188 50
146 188 50
146 188 50
146 188 50
146 188 50
146 188 50
146 188 50
146 188 50
146 188 50
146 188 50
146 188 50
146 188 50
146 188 50
146 188 50
146 188 50
146 188 50
146 188 50
146 188 50
146 188 50
146 188 50
146 188 50
146 188 50
146 188 50
146 188 50
146 188 50
146 188 50
147 188 50
147 188 50
147 188 50
147 188 50
147 188 50
147 188 50
147 188 50
147 188 50
147 188 50
147 188 50
147 188 50
147 188 50
147 188 50
147 188 50
147 188 50
147 188 50
147 188 50
147 188 50
147 188 50
147 188 50
147 188 50
147 188 50
147 188 50
147 188 50
147 188 50
147 188 50
147 188 50
147 188 50
147 188 50
147 188 50
147 188 50
147 188 50
147 188 50
147 188 50
147 188 50
147 188 50
147 188 50
147 188 50
147 188 50
147 188 50
147 188 50
147 188 50
147 188 50
147 188 50
147 188 50
147 188 50
147 188 50
147 188 50
147 188 50
147 188 50
147 188 50
147 188 50
147 188 50
147 188 50
147 188 50
147 188 50
147 188 50
147 188 50
147 188 50
147 188 50
147 188 50
147 188 50
147 188 50
147 188 50
147 188 50
147 188 50
147 188 50
147 188 50
147 188 50
147 188 50
147 188 50
147 188 50
147 188 50
147 188 50
147 188 50
147 188 50
147 188 50
147 188 50
147 188 50
147 188 50
147 188 50
147 188 50
147 188 50
147 188 50
147 188 50
147 188 50
147 188 50
148 188 50
148 188 50
148 188 50
148 188 50
148 188 50
148 188 50
148 188 50
148 188 50
148 188 50
148 188 50
148 188 50
148 188 50
148 188 50
148 188 50
148 188 50
148 188 50
148 188 50
148 188 50
148 188 50
148 188 50
148 188 50
148 188 50
148 188 50
148 188 50
148 188 50
148 188 50
148 188 50
148 188 50
148 188 50
148 188 50
148 188 50
148 188 50
148 188 50
148 188 50
148 188 50
148 188 50
148 188 50
148 188 50
148 188 50
148 188 50
148 188 50
148 188 50
148 188 50
148 188 50
148 188 50
148 188 50
148 188 50
148 188 50
148 188 50
148 188 50
148 188 50
148 188 50
148 188 50
148 188 50
148 188 50
148 188 50
148 188 50
148 188 50
148 188 50
148 188 50
148 188 50
148 188 50
148 188 50
148 188 50
148 188 50
148 188 50
148 188 50
148 188 50
148 188 50
148 188 50
148 188 50
148 188 50
148 188 50
148 188 50
148 188 50
148 188 50
148 188 50
148 188 50
148 188 50
148 188 50
148 188 50
148 188 50
148 188 50
148 188 50
148 188 50
148 188 50
149 188 50
149 188 50
149 188 50
149 188 50
149 188 50
149 188 50
149 188 50
149 188 50
149 188 50
149 188 50
149 188 50
149 188 50
149 188 50
149 188 50
149 188 50
149 188 50
149 188 50
149 188 50
149 188 50
149 188 50
149 188 50
149 188 50
149 188 50
149 188 50
149 188 50
149 188 50
149 188 50
149 188 50
149 188 50
149 188 50
149 188 50
149 188 50
149 188 50
149 188 50
149 188 50
149 188 50
149 188 50
149 188 50
149 188 50
149 188 50
149 188 50
149 188 50
149 188 50
149 188 50
149 188 50
149 188 50
149 188 50
149 188 50
149 188 50
149 188 50
149 188 50
149 188 50
149 188 50
149 188 50
149 188 50
149 188 50
149 188 50
149 188 50
149 188 50
149 188 50
149 188 50
149 188 50
149 188 50
149 188 50
149 188 50
149 188 50
149 188 50
149 188 50
149 188 50
149 188 50
149 188 50
149 188 50
149 188 50
149 188 50
149 188 50
149 188 50
149 188 50
149 188 50
149 188 50
149 188 50
149 188 50
149 188 50
149 188 50
149 188 50
149 188 50
150 188 50
150 188 50
150 188 50
150 188 50
150 188 50
150 188 50
150 188 50
150 188 50
150 188 50
150 188 50
150 188 50
150 188 50
150 188 50
150 188 50
150 188 50
150 188 50
150 188 50
150 188 50
150 188 50
150 188 50
150 188 50
150 188 50
150 188 50
150 188 50
150 188 50
150 188 50
150 188 50
150 188 50
150 188 50
150 188 50
150 188 50
150 188 50
150 188 50
150 188 50
150 188 50
150 188 50
150 188 50
150 188 50
150 188 50
150 188 50
150 188 50
150 188 50
150 188 50
150 188 50
150 188 50
150 188 50
150 188 50
150 188 50
150 188 50
150 188 50
150 188 50
150 188 50
150 188 50
150 188 50
150 188 50
150 188 50
150 188 50
150 188 50
150 188 50
150 188 50
150 188 50
150 188 50
150 188 50
150 188 50
150 188 50
150 188 50
150 188 50
150 188 50
150 188 50
150 188 50
150 188 50
150 188 50
150 188 50
150 188 50
150 188 50
150 188 50
150 188 50
150 188 50
150 188 50
150 188 50
150 188 50
150 188 50
150 188 50
151 188 50
151 188 50
151 188 50
151 188 50
151 188 50
151 188 50
151 188 50
151 188 50
151 188 50
151 188 50
151 188 50
151 188 50
151 188 50
151 188 50
151 188 50
151 188 50
151 188 50
151 188 50
151 188 50
151 188 50
151 188 50
151 188 50
151 188 50
151 188 50
151 188 50
151 188 50
151 188 50
151 188 50
151 188 50
151 188 50
151 188 50
151 188 50
151 188 50
151 188 50
151 188 50
151 188 50
151 188 50
151 188 50
151 188 50
151 188 50
151 188 50
151 188 50
151 188 50
151 188 50
151 188 50
151 188 50
151 188 50
151 188 50
151 188 50
151 188 50
151 188 50
151 188 50
151 188 50
151 188 50
151 188 50
151 188 50
151 188 50
151 188 50
151 188 50
151 188 50
151 188 50
151 188 50
151 188 50
151 188 50
151 188 50
151 188 50
151 188 50
151 188 50
151 188 50
151 188 50
151 188 50
151 188 50
151 188 50
151 188 50
151 188 50
151 188 50
151 188 50
151 188 50
151 188 50
151 188 50
151 188 50
152 188 50
152 188 50
152 188 50
152 188 50
152 188 50
152 188 50
152 188 50
152 188 50
152 188 50
152 188 50
152 188 50
152 188 50
152 188 50
152 188 50
152 188 50
152 188 50
152 188 50
152 188 50
152 188 50
152 188 50
152 188 50
152 188 50
152 188 50
152 188 50
152 188 50
152 188 50
152 188 50
152 188 50
152 188 50
152 188 50
152 188 50
152 188 50
152 188 50
152 188 50
152 188 50
152 188 50
152 188 50
152 188 50
152 188 50
152 188 50
152 188 50
152 188 50
152 188 50
152 188 50
152 188 50
152 188 50
152 188 50
152 188 50
152 188 50
152 188 50
152 188 50
152 188 50
152 188 50
152 188 50
152 188 50
152 188 50
152 188 50
152 188 50
152 188 50
152 188 50
152 188 50
152 188 50
152 188 50
152 188 50
152 188 50
152 188 50
152 188 50
152 188 50
152 188 50
152 188 50
152 188 50
152 188 50
152 188 50
152 188 50
152 188 50
153 188 50
153 188 50
153 188 50
153 188 50
153 188 50
153 188 50
153 188 50
153 188 50
153 188 50
153 188 50
153 188 50
153 188 50
153 188 50
153 188 50
153 188 50
153 188 50
153 188 50
153 188 50
153 188 50
153 188 50
153 188 50
153 188 50
153 188 50
153 188 50
153 188 50
153 188 50
153 188 50
153 188 50
153 188 50
153 188 50
153 188 50
153 188 50
153 188 50
153 188 50
153 188 50
153 188 50
153 188 50
153 188 50
153 188 50
153 188 50
153 188 50
153 188 50
153 188 50
153 188 50
153 188 50
153 188 50
153 188 50
153 188 50
153 188 50
153 188 50
153 188 50
153 188 50
153 188 50
153 188 50
153 188 50
153 188 50
153 188 50
153 188 50
153 188 50
153 188 50
153 188 50
153 188 50
153 188 50
153 188 50
153 188 50
153 188 50
153 188 50
154 188 50
154 188 50
154 188 50
154 188 50
154 188 50
154 188 50
154 188 50
154 188 50
154 188 50
154 188 50
154 188 50
154 188 50
154 188 50
154 188 50
154 188 50
154 188 50
154 188 50
154 188 50
154 188 50
154 188 50
154 188 50
154 188 50
154 188 50
154 188 50
154 188 50
154 188 50
154 188 50
154 188 50
154 188 50
154 188 50
154 188 50
154 188 50
154 188 50
154 188 50
154 188 50
154 188 50
154 188 50
154 188 50
154 188 50
154 188 50
154 188 50
154 188 50
154 188 50
154 188 50
154 188 50
154 188 50
154 188 50
154 188 50
154 188 50
154 188 50
154 188 50
154 188 50
154 188 50
154 188 50
154 188 50
154 188 50
154 188 50
154 188 50
154 188 50
154 188 50
155 188 50
155 188 50
155 188 50
155 188 50
155 188 50
155 188 50
155 188 50
155 188 50
155 188 50
155 188 50
155 188 50
155 188 50
155 188 50
155 188 50
155 188 50
155 188 50
155 188 50
155 188 50
155 188 50
155 188 50
155 188 50
155 188 50
155 188 50
155 188 50
155 188 50
155 188 50
155 188 50
155 188 50
155 188 50
155 188 50
155 188 50
155 188 50
155 188 50
155 188 50
155 188 50
155 188 50
155 188 50
155 188 50
155 188 50
155 188 50
155 188 50
155 188 50
155 188 50
155 188 50
155 188 50
155 188 50
155 188 50
155 188 50
155 188 50
155 188 50
155 188 50
155 188 50
156 188 50
156 188 50
156 188 50
156 188 50
156 188 50
156 188 50
156 188 50
156 188 50
156 188 50
156 188 50
156 188 50
156 188 50
156 188 50
156 188 50
156 188 50
156 188 50
156 188 50
156 188 50
156 188 50
156 188 50
156 188 50
156 188 50
156 188 50
156 188 50
156 188 50
156 188 50
156 188 50
156 188 50
156 188 50
156 188 50
156 188 50
156 188 50
156 188 50
156 188 50
156 188 50
156 188 50
156 188 50
156 188 50
156 188 50
156 188 50
156 188 50
156 188 50
156 188 50
156 188 50
156 188 50
157 188 50
157 188 50
157 188 50
157 188 50
157 188 50
157 188 50
157 188 50
157 188 50
157 188 50
157 188 50
157 188 50
157 188 50
157 188 50
157 188 50
157 188 50
157 188 50
157 188 50
157 188 50
157 188 50
157 188 50
157 188 50
157 188 50
157 188 50
157 188 50
157 188 50
157 188 50
157 188 50
157 188 50
157 188 50
157 188 50
157 188 50
157 188 50
157 188 50
157 188 50
157 188 50
157 188 50
157 188 50
157 188 50
158 188 50
158 188 50
158 188 50
158 188 50
158 188 50
158 188 50
158 188 50
158 188 50
158 188 50
158 188 50
158 188 50
158 188 50
158 188 50
158 188 50
158 188 50
158 188 50
158 188 50
158 188 50
158 188 50
158 188 50
158 188 50
158 188 50
158 188 50
158 188 50
158 188 50
158 188 50
158 188 50
158 188 50
158 188 50
158 188 50
158 188 50
158 188 50
158 188 50
159 188 50
159 188 50
159 188 50
159 188 50
159 188 50
159 188 50
159 188 50
159 188 50
159 188 50
159 188 50
159 188 50
159 188 50
159 188 50
159 188 50
159 188 50
159 188 50
159 188 50
159 188 50
159 188 50
159 188 50
159 188 50
159 188 50
159 188 50
159 188 50
159 188 50
159 188 50
159 188 50
159 188 50
160 188 50
160 188 50
160 188 50
160 188 50
160 188 50
160 188 50
160 188 50
160 188 50
160 188 50
160 188 50
160 188 50
160 188 50
160 188 50
160 188 50
160 188 50
160 188 50
160 188 50
160 188 50
160 188 50
160 188 50
160 188 50
160 188 50
160 188 50
160 188 50
160 188 50
161 188 50
161 188 50
161 188 50
161 188 50
161 188 50
161 188 50
161 188 50
161 188 50
161 188 50
161 188 50
161 188 50
161 188 50
161 188 50
161 188 50
161 188 50
161 188 50
161 188 50
161 188 50
161 188 50
161 188 50
161 188 50
161 188 50
162 188 50
162 188 50
162 188 50
162 188 50
162 188 50
162 188 50
162 188 50
162 188 50
162 188 50
162 188 50
162 188 50
162 188 50
162 188 50
162 188 50
162 188 50
162 188 50
162 188 50
162 188 50
162 188 50
163 188 50
163 188 50
163 188 50
163 188 50
163 188 50
163 188 50
163 188 50
163 188 50
163 188 50
163 188 50
163 188 50
163 188 50
163 188 50
163 188 50
163 188 50
163 188 50
163 188 50
164 188 50
164 188 50
164 188 50
164 188 50
164 188 50
164 188 50
164 188 50
164 188 50
164 188 50
164 188 50
164 188 50
164 188 50
164 188 50
164 188 50
164 188 50
165 188 50
165 188 50
165 188 50
165 188 50
165 188 50
165 188 50
165 188 50
165 188 50
165 188 50
165 188 50
165 188 50
165 188 50
166 188 50
166 188 50
166 188 50
166 188 50
166 188 50
166 188 50
166 188 50
166 188 50
166 188 50
166 188 50
167 188 50
167 188 50
167 188 50
167 188 50
167 188 50
167 188 50
167 188 50
168 188 50
168 188 50
168 188 50
168 188 50
168 188 50
169 188 50
169 188 50
169 188 50
170 188 50
170 188 50
171 188 50
172 188 50
173 188 50
174 188 50
175 188 50
176 188 50
177 188 50
177 187 50
177 186 50
177 185 50
177 184 50
177 183 50
177 182 50
177 181 50
177 180 50
177 179 50
177 178 50
177 177 50
177 176 50
177 175 50
177 174 50
177 173 50
177 172 50
177 171 50
177 170 50
177 169 50
177 168 50
177 167 50
177 166 50
177 165 50
177 164 50
177 163 50
177 162 50
177 161 50
177 160 50
177 159 50
177 158 50
177 157 50
177 156 50
177 156 50
177 155 50
177 155 50
177 154 50
177 154 50
177 153 50
177 153 50
177 152 50
177 152 50
177 151 50
177 151 50
177 150 50
177 150 50
177 149 50
177 149 50
177 149 50
177 148 50
177 148 50
177 148 50
177 147 50
177 147 50
177 147 50
177 146 50
177 146 50
177 146 50
177 145 50
177 145 50
177 145 50
177 144 50
177 144 50
177 144 50
177 143 50
177 143 50
177 143 50
177 142 50
177 142 50
177 141 50
177 141 50
177 140 50
177 140 50
177 139 50
177 138 50
177 137 50
177 136 50
177 135 50
177 134 50
177 133 50
177 132 50
177 131 50
177 130 50
177 129 50
177 128 50
177 127 50
177 126 50
177 125 50
177 124 50
177 123 50
177 122 50
177 121 50
177 120 50
177 119 50
177 118 50
177 117 50
177 116 50
177 115 50
177 114 50
177 113 50
177 112 50
177 111 50
177 110 50
177 109 50
177 108 50
177 107 50
177 106 50
177 105 50
177 104 50
177 103 50
177 102 50
177 101 50
177 100 50
177 99 50
177 98 50
177 97 50
177 96 50
177 95 50
177 94 50
177 93 50
177 92 50
177 91 50
177 90 50
177 89 50
177 88 50
177 87 50
177 86 50
177 85 50
177 84 50
177 83 50
177 82 50
177 81 50
177 80 50
177 79 50
177 78 50
177 77 50
177 76 50
177 75 50
177 74 50
177 73 50
113 187 50
113 186 50
113 185 50
113 184 50
113 183 50
113 182 50
113 181 50
113 180 50
113 179 50
113 178 50
113 177 50
113 176 50
113 175 50
113 174 50
113 173 50
113 172 50
113 171 50
113 170 50
113 170 50
113 169 50
113 169 50
113 169 50
113 168 50
113 168 50
113 168 50
113 168 50
113 168 50
113 167 50
113 167 50
113 167 50
113 167 50
113 167 50
113 167 50
113 167 50
113 167 50
113 166 50
113 166 50
113 166 50
113 166 50
113 166 50
113 166 50
113 166 50
113 166 50
113 166 50
113 166 50
113 166 50
113 166 50
113 165 50
113 165 50
113 165 50
113 165 50
113 165 50
113 165 50
113 165 50
113 165 50
113 165 50
113 165 50
113 165 50
113 165 50
113 165 50
113 165 50
113 165 50
113 165 50
113 165 50
113 164 50
113 164 50
113 164 50
113 164 50
113 164 50
113 164 50
113 164 50
113 164 50
113 164 50
113 164 50
113 164 50
113 164 50
113 164 50
113 164 50
113 164 50
113 164 50
113 164 50
113 164 50
113 164 50
113 164 50
113 164 50
113 164 50
113 163 50
113 163 50
113 163 50
113 163 50
113 163 50
113 163 50
113 163 50
113 163 50
113 163 50
113 163 50
113 163 50
113 163 50
113 163 50
113 163 50
113 163 50
113 163 50
113 163 50
113 163 50
113 163 50
113 163 50
113 163 50
113 163 50
113 163 50
113 163 50
113 163 50
113 163 50
113 163 50
113 163 50
113 162 50
113 162 50
113 162 50
113 162 50
113 162 50
113 162 50
113 162 50
113 162 50
113 162 50
113 162 50
113 162 50
113 162 50
113 162 50
113 162 50
113 162 50
113 162 50
113 162 50
113 162 50
113 162 50
113 162 50
113 162 50
113 162 50
113 162 50
113 162 50
113 162 50
113 162 50
113 162 50
113 162 50
113 162 50
113 162 50
113 162 50
113 162 50
113 162 50
113 161 50
113 161 50
113 161 50
113 161 50
113 161 50
113 161 50
113 161 50
113 161 50
113 161 50
113 161 50
113 161 50
113 161 50
113 161 50
113 161 50
113 161 50
113 161 50
113 161 50
113 161 50
113 161 50
113 161 50
113 161 50
113 161 50
113 161 50
113 161 50
113 161 50
113 161 50
113 161 50
113 161 50
113 161 50
113 161 50
113 161 50
113 161 50
113 161 50
113 161 50
113 161 50
113 161 50
113 161 50
113 161 50
113 160 50
113 160 50
113 160 50
113 160 50
113 160 50
113 160 50
113 160 50
113 160 50
113 160 50
113 160 50
113 160 50
113 160 50
113 160 50
113 160 50
113 160 50
113 160 50
113 160 50
113 160 50
113 160 50
113 160 50
113 160 50
113 160 50
113 160 50
113 160 50
113 160 50
113 160 50
113 160 50
113 160 50
113 160 50
113 160 50
113 160 50
113 160 50
113 160 50
113 160 50
113 160 50
113 160 50
113 160 50
113 160 50
113 160 50
113 160 50
113 160 50
113 160 50
113 160 50
113 159 50
113 159 50
113 159 50
113 159 50
113 159 50
113 159 50
113 159 50
113 159 50
113 159 50
113 159 50
113 159 50
113 159 50
113 159 50
113 159 50
113 159 50
113 159 50
113 159 50
113 159 50
113 159 50
113 159 50
113 159 50
113 159 50
113 159 50
113 159 50
113 159 50
113 159 50
113 159 50
113 159 50
113 159 50
113 159 50
113 159 50
113 159 50
113 159 50
113 159 50
113 159 50
113 159 50
113 159 50
113 159 50
113 159 50
113 159 50
113 159 50
113 159 50
113 159 50
113 159 50
113 159 50
113 159 50
113 158 50
113 158 50
113 158 50
113 158 50
113 158 50
113 158 50
113 158 50
113 158 50
113 158 50
113 158 50
113 158 50
113 158 50
113 158 50
113 158 50
113 158 50
113 158 50
113 158 50
113 158 50
113 158 50
113 158 50
113 158 50
113 158 50
113 158 50
113 158 50
113 158 50
113 158 50
113 158 50
113 158 50
113 158 50
113 158 50
113 158 50
113 158 50
113 158 50
113 158 50
113 158 50
113 158 50
113 158 50
113 158 50
113 158 50
113 158 50
113 158 50
113 158 50
113 158 50
113 158 50
113 158 50
113 158 50
113 158 50
113 158 50
113 157 50
113 157 50
113 157 50
113 157 50
113 157 50
113 157 50
113 157 50
113 157 50
113 157 50
113 157 50
113 157 50
113 157 50
113 157 50
113 157 50
113 157 50
113 157 50
113 157 50
113 157 50
113 157 50
113 157 50
113 157 50
113 157 50
113 157 50
113 157 50
113 157 50
113 157 50
113 157 50
113 157 50
113 157 50
113 157 50
113 157 50
113 157 50
113 157 50
113 157 50
113 157 50
113 157 50
113 157 50
113 157 50
113 157 50
113 157 50
113 157 50
113 157 50
113 157 50
113 157 50
113 157 50
113 157 50
113 157 50
113 157 50
113 157 50
113 157 50
113 156 50
113 156 50
113 156 50
113 156 50
113 156 50
113 156 50
113 156 50
113 156 50
113 156 50
113 156 50
113 156 50
113 156 50
113 156 50
113 156 50
113 156 50
113 156 50
113 156 50
113 156 50
113 156 50
113 156 50
113 156 50
113 156 50
113 156 50
113 156 50
113 156 50
113 156 50
113 156 50
113 156 50
113 156 50
113 156 50
113 156 50
113 156 50
113 156 50
113 156 50
113 156 50
113 156 50
113 156 50
113 156 50
113 156 50
113 156 50
113 156 50
113 156 50
113 156 50
113 156 50
113 156 50
113 156 50
113 156 50
113 156 50
113 156 50
113 156 50
113 155 50
113 155 50
113 155 50
113 155 50
113 155 50
113 155 50
113 155 50
113 155 50
113 155 50
113 155 50
113 155 50
113 155 50
113 155 50
113 155 50
113 155 50
113 155 50
113 155 50
113 155 50
113 155 50
113 155 50
113 155 50
113 155 50
113 155 50
113 155 50
113 155 50
113 155 50
113 155 50
113 155 50
113 155 50
113 155 50
113 155 50
113 155 50
113 155 50
113 155 50
113 155 50
113 155 50
113 155 50
113 155 50
113 155 50
113 155 50
113 155 50
113 155 50
113 155 50
113 155 50
113 155 50
113 155 50
113 155 50
113 155 50
113 155 50
113 154 50
113 154 50
113 154 50
113 154 50
113 154 50
113 154 50
113 154 50
113 154 50
113 154 50
113 154 50
113 154 50
113 154 50
113 154 50
113 154 50
113 154 50
113 154 50
113 154 50
113 154 50
113 154 50
113 154 50
113 154 50
113 154 50
113 154 50
113 154 50
113 154 50
113 154 50
113 154 50
113 154 50
113 154 50
113 154 50
113 154 50
113 154 50
113 154 50
113 154 50
113 154 50
113 154 50
113 154 50
113 154 50
113 154 50
113 154 50
113 154 50
113 154 50
113 154 50
113 154 50
113 154 50
113 154 50
113 154 50
113 154 50
113 153 50
113 153 50
113 153 50
113 153 50
113 153 50
113 153 50
113 153 50
113 153 50
113 153 50
113 153 50
113 153 50
113 153 50
113 153 50
113 153 50
113 153 50
113 153 50
113 153 50
113 153 50
113 153 50
113 153 50
113 153 50
113 153 50
113 153 50
113 153 50
113 153 50
113 153 50
113 153 50
113 153 50
113 153 50
113 153 50
113 153 50
113 153 50
113 153 50
113 153 50
113 153 50
113 153 50
113 153 50
113 153 50
113 153 50
113 153 50
113 153 50
113 153 50
113 153 50
113 153 50
113 153 50
113 153 50
113 152 50
113 152 50
113 152 50
113 152 50
113 152 50
113 152 50
113 152 50
113 152 50
113 152 50
113 152 50
113 152 50
113 152 50
113 152 50
113 152 50
113 152 50
113 152 50
113 152 50
113 152 50
113 152 50
113 152 50
113 152 50
113 152 50
113 152 50
113 152 50
113 152 50
113 152 50
113 152 50
113 152 50
113 152 50
113 152 50
113 152 50
113 152 50
113 152 50
113 152 50
113 152 50
113 152 50
113 152 50
113 152 50
113 152 50
113 152 50
113 152 50
113 152 50
113 152 50
113 151 50
113 151 50
113 151 50
113 151 50
113 151 50
113 151 50
113 151 50
113 151 50
113 151 50
113 151 50
113 151 50
113 151 50
113 151 50
113 151 50
113 151 50
113 151 50
113 151 50
113 151 50
113 151 50
113 151 50
113 151 50
113 151 50
113 151 50
113 151 50
113 151 50
113 151 50
113 151 50
113 151 50
113 151 50
113 151 50
113 151 50
113 151 50
113 151 50
113 151 50
113 151 50
113 151 50
113 151 50
113 151 50
113 151 50
113 151 50
113 150 50
113 150 50
113 150 50
113 150 50
113 150 50
113 150 50
113 150 50
113 150 50
113 150 50
113 150 50
113 150 50
113 150 50
113 150 50
113 150 50
113 150 50
113 150 50
113 150 50
113 150 50
113 150 50
113 150 50
113 150 50
113 150 50
113 150 50
113 150 50
113 150 50
113 150 50
113 150 50
113 150 50
113 150 50
113 150 50
113 150 50
113 150 50
113 150 50
113 150 50
113 150 50
113 150 50
113 150 50
113 150 50
113 149 50
113 149 50
113 149 50
113 149 50
113 149 50
113 149 50
113 149 50
113 149 50
113 149 50
113 149 50
113 149 50
113 149 50
113 149 50
113 149 50
113 149 50
113 149 50
113 149 50
113 149 50
113 149 50
113 149 50
113 149 50
113 149 50
113 149 50
113 149 50
113 149 50
113 149 50
113 149 50
113 149 50
113 149 50
113 149 50
113 149 50
113 149 50
113 149 50
113 149 50
113 148 50
113 148 50
113 148 50
113 148 50
113 148 50
113 148 50
113 148 50
113 148 50
113 148 50
113 148 50
113 148 50
113 148 50
113 148 50
113 148 50
113 148 50
113 148 50
113 148 50
113 148 50
113 148 50
113 148 50
113 148 50
113 148 50
113 148 50
113 148 50
113 148 50
113 148 50
113 148 50
113 148 50
113 148 50
113 148 50
113 148 50
113 148 50
113 147 50
113 147 50
113 147 50
113 147 50
113 147 50
113 147 50
113 147 50
113 147 50
113 147 50
113 147 50
113 147 50
113 147 50
113 147 50
113 147 50
113 147 50
113 147 50
113 147 50
113 147 50
113 147 50
113 147 50
113 147 50
113 147 50
113 147 50
113 147 50
113 147 50
113 147 50
113 147 50
113 147 50
113 147 50
113 146 50
113 146 50
113 146 50
113 146 50
113 146 50
113 146 50
113 146 50
113 146 50
113 146 50
113 146 50
113 146 50
113 146 50
113 146 50
113 146 50
113 146 50
113 146 50
113 146 50
113 146 50
113 146 50
113 146 50
113 146 50
113 146 50
113 146 50
113 146 50
113 146 50
113 146 50
113 145 50
113 145 50
113 145 50
113 145 50
113 145 50
113 145 50
113 145 50
113 145 50
113 145 50
113 145 50
113 145 50
113 145 50
113 145 50
113 145 50
113 145 50
113 145 50
113 145 50
113 145 50
113 145 50
113 145 50
113 145 50
113 145 50
113 145 50
113 144 50
113 144 50
113 144 50
113 144 50
113 144 50
113 144 50
113 144 50
113 144 50
113 144 50
113 144 50
113 144 50
113 144 50
113 144 50
113 144 50
113 144 50
113 144 50
113 144 50
113 144 50
113 144 50
113 144 50
113 143 50
113 143 50
113 143 50
113 143 50
113 143 50
113 143 50
113 143 50
113 143 50
113 143 50
113 143 50
113 143 50
113 143 50
113 143 50
113 143 50
113 143 50
113 143 50
113 143 50
113 142 50
113 142 50
113 142 50
113 142 50
113 142 50
113 142 50
113 142 50
113 142 50
113 142 50
113 142 50
113 142 50
113 142 50
113 142 50
113 142 50
113 141 50
113 141 50
113 141 50
113 141 50
113 141 50
113 141 50
113 141 50
113 141 50
113 141 50
113 141 50
113 141 50
113 141 50
113 140 50
113 140 50
113 140 50
113 140 50
113 140 50
113 140 50
113 140 50
113 140 50
113 140 50
113 140 50
113 139 50
113 139 50
113 139 50
113 139 50
113 139 50
113 139 50
113 139 50
113 139 50
113 138 50
113 138 50
113 138 50
113 138 50
113 138 50
113 138 50
113 137 50
113 137 50
113 137 50
113 137 50
113 137 50
113 136 50
113 136 50
113 136 50
113 136 50
113 135 50
113 135 50
113 135 50
113 134 50
113 134 50
113 134 50
113 133 50
113 133 50
113 132 50
113 132 50
113 131 50
113 131 50
114 131 50
114 131 50
115 131 50
115 131 50
116 131 50
116 131 50
117 131 50
117 131 50
117 131 50
118 131 50
118 131 50
118 131 50
119 131 50
119 131 50
119 131 50
119 131 50
120 131 50
120 131 50
120 131 50
120 131 50
121 131 50
121 131 50
121 131 50
121 131 50
121 131 50
122 131 50
122 131 50
122 131 50
122 131 50
122 131 50
123 131 50
123 131 50
123 131 50
123 131 50
123 131 50
123 131 50
124 131 50
124 131 50
124 131 50
124 131 50
124 131 50
124 131 50
125 131 50
125 131 50
125 131 50
125 131 50
125 131 50
125 131 50
126 131 50
126 131 50
126 131 50
126 131 50
126 131 50
127 131 50
127 131 50
127 131 50
127 131 50
127 131 50
128 131 50
128 131 50
128 131 50
128 131 50
128 131 50
129 131 50
129 131 50
129 131 50
129 131 50
130 131 50
130 131 50
130 131 50
131 131 50
131 131 50
131 131 50
132 131 50
132 131 50
133 131 50
133 131 50
134 131 50
135 131 50
136 131 50
137 131 50
138 131 50
139 131 50
140 131 50
141 131 50
142 131 50
143 131 50
144 131 50
145 131 50
146 131 50
147 131 50
148 131 50
148 131 50
149 131 50
149 131 50
149 131 50
150 131 50
150 131 50
150 131 50
150 131 50
151 131 50
151 131 50
151 131 50
151 131 50
151 131 50
151 131 50
152 131 50
152 131 50
152 131 50
152 131 50
152 131 50
152 131 50
152 131 50
152 131 50
152 131 50
153 131 50
153 131 50
153 131 50
153 131 50
153 131 50
153 131 50
153 131 50
153 131 50
153 131 50
153 131 50
153 131 50
154 131 50
154 131 50
154 131 50
154 131 50
154 131 50
154 131 50
154 131 50
154 131 50
154 131 50
154 131 50
154 131 50
154 131 50
154 131 50
155 131 50
155 131 50
155 131 50
155 131 50
155 131 50
155 131 50
155 131 50
155 131 50
155 131 50
155 131 50
155 131 50
155 131 50
155 131 50
155 131 50
155 131 50
156 131 50
156 131 50
156 131 50
156 131 50
156 131 50
156 131 50
156 131 50
156 131 50
156 131 50
156 131 50
156 131 50
156 131 50
156 131 50
156 131 50
156 131 50
157 131 50
157 131 50
157 131 50
157 131 50
157 131 50
157 131 50
157 131 50
157 131 50
157 131 50
157 131 50
157 131 50
157 131 50
157 131 50
157 131 50
157 131 50
158 131 50
158 131 50
158 131 50
158 131 50
158 131 50
158 131 50
158 131 50
158 131 50
158 131 50
158 131 50
158 131 50
158 131 50
158 131 50
159 131 50
159 131 50
159 131 50
159 131 50
159 131 50
159 131 50
159 131 50
159 131 50
159 131 50
159 131 50
159 131 50
160 131 50
160 131 50
160 131 50
160 131 50
160 131 50
160 131 50
160 131 50
160 131 50
160 131 50
161 131 50
161 131 50
161 131 50
161 131 50
161 131 50
161 131 50
161 131 50
162 131 50
162 131 50
162 131 50
162 131 50
162 131 50
162 131 50
163 131 50
163 131 50
163 131 50
163 131 50
163 131 50
164 131 50
164 131 50
164 131 50
164 131 50
164 132 150
164 132 50
164 133 50
164 133 50
164 133 50
164 134 50
164 134 50
164 134 50
164 135 50
164 135 50
164 136 50
164 136 50
164 137 50
164 137 50
164 138 50
164 138 50
165 138 50
165 138 50
166 138 50
166 138 50
167 138 50
167 138 50
168 138 50
168 138 50
169 138 50
169 138 50
170 138 50
170 138 50
171 138 50
171 138 50
172 138 50
172 138 50
173 138 50
173 138 50
174 138 50
174 138 50
175 138 50
176 138 50
178 138 50
179 138 50
180 138 50
181 138 50
182 138 50
182 139 50
182 140 50
182 140 50
182 141 50
182 141 50
182 142 50
182 142 50
182 143 50
182 143 50
182 143 50
182 144 50
182 144 50
182 144 50
182 145 50
182 145 50
182 145 50
182 146 50
182 146 50
182 146 50
182 147 50
182 147 50
182 148 50
182 148 50
182 149 50
182 149 50
182 150 50
182 150 50
182 151 50
182 152 50
182 153 50
182 154 50
182 155 50
182 156 50
182 157 50
182 158 50
182 159 50
182 160 50
182 161 50
182 162 50
182 163 50
182 164 50
182 165 50
182 166 50
182 167 50
182 168 50
182 169 50
182 170 50
182 171 50
182 172 50
182 173 50
182 174 50
182 175 50
182 176 50
182 177 50
182 178 50
182 179 50
128 15 50
129 15 50
130 15 50
131 15 50
132 15 50
133 15 50
134 15 50
135 15 50
136 15 50
137 15 50
138 15 50
139 15 50
140 15 50
141 15 50
142 15 50
143 15 50
143 15 50
144 15 50
144 15 50
145 15 50
145 15 50
145 15 50
146 15 50
146 15 50
146 15 50
146 15 50
146 15 50
147 15 50
147 15 50
147 15 50
147 15 50
147 15 50
147 15 50
148 15 50
148 15 50
148 15 50
148 15 50
148 15 50
148 15 50
148 15 50
149 15 50
149 15 50
149 15 50
149 15 50
149 15 50
149 15 50
149 15 50
149 15 50
149 15 50
150 15 50
150 15 50
150 15 50
150 15 50
150 15 50
150 15 50
150 15 50
150 15 50
150 15 50
151 15 50
151 15 50
151 15 50
151 15 50
151 15 50
151 15 50
151 15 50
151 15 50
151 15 50
151 15 50
152 15 50
152 15 50
152 15 50
152 15 50
152 15 50
152 15 50
152 15 50
152 15 50
152 15 50
153 15 50
153 15 50
153 15 50
153 15 50
153 15 50
153 15 50
153 15 50
153 15 50
153 15 50
154 15 50
154 15 50
154 15 50
154 15 50
154 15 50
154 15 50
154 15 50
154 15 50
155 15 50
155 15 50
155 15 50
155 15 50
155 15 50
155 15 50
156 15 50
156 15 50
156 15 50
156 15 50
156 15 50
157 15 50
157 15 50
157 15 50
157 15 50
158 15 50
158 15 50
158 15 50
159 15 50
159 15 50
160 15 50
160 15 50
161 15 50
162 15 50
163 15 50
164 15 50
165 15 50
166 15 50
167 15 50
168 15 50
169 15 50
170 15 50
171 15 50
172 15 50
173 15 50
174 15 50
175 15 50
175 15 50
176 15 50
176 15 50
177 15 50
177 15 50
177 15 50
177 16 100
177 16 50
177 17 50
177 17 50
177 17 50
177 18 50
177 18 50
177 18 50
177 19 50
177 19 50
177 19 50
177 20 50
177 20 50
177 20 50
177 21 50
177 21 50
177 21 50
177 22 50
177 22 50
177 22 50
177 23 50
177 23 50
177 23 50
177 24 50
177 24 50
177 24 50
177 25 50
177 25 50
177 25 50
177 26 50
177 26 50
177 26 50
177 26 50
177 27 50
177 27 50
177 27 50
177 27 50
177 28 50
177 28 50
177 28 50
177 28 50
177 29 50
177 29 50
177 29 50
177 29 50
177 30 50
177 30 50
177 30 50
177 30 50
177 31 50
177 31 50
177 31 50
177 32 50
177 32 50
177 32 50
177 33 50
177 33 50
177 33 50
177 34 50
177 34 50
177 34 50
177 35 50
177 35 50
177 35 50
177 36 50
177 36 50
177 36 50
177 37 50
177 37 50
177 37 50
177 38 50
177 38 50
177 38 50
177 39 50
177 39 50
177 39 50
177 40 50
177 40 50
177 40 50
177 40 50
177 41 50
177 41 50
177 41 50
177 41 50
177 42 50
177 42 50
177 42 50
177 42 50
177 42 50
177 43 50
177 43 50
177 43 50
177 43 50
177 43 50
177 43 50
177 44 50
177 44 50
177 44 50
177 44 50
177 44 50
177 44 50
177 45 50
177 45 50
177 45 50
177 45 50
177 45 50
177 45 50
177 45 50
177 46 50
177 46 50
177 46 50
177 46 50
177 46 50
177 46 50
177 46 50
177 46 50
177 47 50
177 47 50
177 47 50
177 47 50
177 47 50
177 47 50
177 47 50
177 47 50
177 48 50
177 48 50
177 48 50
177 48 50
177 48 50
177 48 50
177 48 50
177 49 50
177 49 50
177 49 50
177 49 50
177 49 50
177 49 50
177 49 50
177 50 50
177 50 50
177 50 50
177 50 50
177 50 50
177 50 50
177 51 50
177 51 50
177 51 50
177 51 50
177 52 50
177 52 50
177 52 50
177 53 50
177 53 50
177 54 50
177 54 50
177 55 50
177 56 50
177 57 50
177 58 50
177 59 50
177 60 50
177 61 50
177 62 50
177 63 50
177 64 50
177 65 50
177 66 50
177 67 50
177 68 50
177 69 50
177 70 50
177 71 50
177 72 50
127 15 50
126 15 50
125 15 50
124 15 50
123 15 50
122 15 50
121 15 50
120 15 50
119 15 50
118 15 50
117 15 50
116 15 50
116 15 50
115 15 50
115 15 50
115 15 50
114 15 50
114 15 50
114 15 50
114 15 50
113 15 50
113 15 50
113 15 50
113 15 50
113 15 50
112 15 50
112 15 50
112 15 50
112 15 50
112 15 50
112 15 50
111 15 50
111 15 50
111 15 50
111 15 50
111 15 50
111 15 50
111 15 50
111 15 50
110 15 50
110 15 50
110 15 50
110 15 50
110 15 50
110 15 50
110 15 50
110 15 50
109 15 50
109 15 50
109 15 50
109 15 50
109 15 50
109 15 50
109 15 50
109 15 50
109 15 50
108 15 50
108 15 50
108 15 50
108 15 50
108 15 50
108 15 50
108 15 50
108 15 50
108 15 50
107 15 50
107 15 50
107 15 50
107 15 50
107 15 50
107 15 50
107 15 50
107 15 50
107 15 50
106 15 50
106 15 50
106 15 50
106 15 50
106 15 50
106 15 50
106 15 50
106 15 50
106 15 50
105 15 50
105 15 50
105 15 50
105 15 50
105 15 50
105 15 50
105 15 50
105 15 50
104 15 50
104 15 50
104 15 50
104 15 50
104 15 50
104 15 50
104 15 50
103 15 50
103 15 50
103 15 50
103 15 50
103 15 50
103 15 50
102 15 50
102 15 50
102 15 50
102 15 50
102 15 50
102 15 50
101 15 50
101 15 50
101 15 50
101 15 50
101 15 50
100 15 50
100 15 50
100 15 50
100 15 50
99 15 50
99 15 50
99 15 50
98 15 50
98 15 50
98 15 50
97 15 50
97 15 50
96 15 50
96 15 50
95 15 50
94 15 50
93 15 50
92 15 50
91 15 50
90 15 50
89 15 50
88 15 50
87 15 50
86 15 50
85 15 50
84 15 50
83 15 50
82 15 50
81 15 50
80 15 50
79 15 50
78 15 50
77 15 50
76 15 50
75 15 50
74 15 50
73 15 50
72 15 50
71 15 50
70 15 50
69 15 50
68 15 50
67 15 50
66 15 50
65 15 50
64 15 50
63 15 50
62 15 50
61 15 50
60 15 50
59 15 50
59 15 50
58 15 50
58 15 50
57 15 50
57 15 50
56 15 50
56 15 50
55 15 50
55 15 50
55 15 50
54 15 50
54 15 50
54 15 50
53 15 50
53 15 50
53 15 50
53 15 50
52 15 50
52 15 50
52 15 50
52 15 50
51 15 50
51 15 50
51 15 50
51 15 50
51 15 50
50 15 50
50 15 50
50 15 50
50 15 50
50 15 50
50 15 50
49 15 50
49 15 50
49 15 50
49 15 50
49 15 50
49 15 50
48 15 50
48 15 50
48 15 50
48 15 50
48 15 50
48 15 50
48 15 50
47 15 50
47 15 50
47 15 50
47 15 50
47 15 50
47 15 50
47 15 50
47 15 50
46 15 50
46 15 50
46 15 50
46 15 50
46 15 50
46 15 50
46 15 50
46 15 50
46 15 50
46 15 50
45 15 50
45 15 50
45 15 50
45 15 50
45 15 50
45 15 50
45 15 50
45 15 50
45 15 50
45 15 50
45 15 50
44 15 50
44 15 50
44 15 50
44 15 50
44 15 50
44 15 50
44 15 50
44 15 50
44 15 50
44 15 50
44 15 50
44 15 50
43 15 50
43 15 50
43 15 50
43 15 50
43 15 50
43 15 50
43 15 50
43 15 50
43 15 50
43 15 50
43 15 50
43 15 50
43 15 50
42 15 50
42 15 50
42 15 50
42 15 50
42 15 50
42 15 50
42 15 50
42 15 50
42 15 50
42 15 50
42 15 50
42 15 50
42 15 50
42 15 50
42 15 50
41 15 50
41 15 50
41 15 50
41 15 50
41 15 50
41 15 50
41 15 50
41 15 50
41 15 50
41 15 50
41 15 50
41 15 50
41 15 50
41 15 50
41 15 50
41 15 50
40 15 50
40 15 50
40 15 50
40 15 50
40 15 50
40 15 50
40 15 50
40 15 50
40 15 50
40 15 50
40 15 50
40 15 50
40 15 50
40 15 50
40 15 50
40 15 50
40 15 50
39 15 50
39 15 50
39 15 50
39 15 50
39 15 50
39 15 50
39 15 50
39 15 50
39 15 50
39 15 50
39 15 50
39 15 50
39 15 50
39 15 50
39 15 50
39 15 50
39 15 50
39 15 50
39 15 50
38 15 50
38 15 50
38 15 50
38 15 50
38 15 50
38 15 50
38 15 50
38 15 50
38 15 50
38 15 50
38 15 50
38 15 50
38 15 50
38 15 50
38 15 50
38 15 50
38 15 50
38 15 50
38 15 50
38 15 50
37 15 50
37 15 50
37 15 50
37 15 50
37 15 50
37 15 50
37 15 50
37 15 50
37 15 50
37 15 50
37 15 50
37 15 50
37 15 50
37 15 50
37 15 50
37 15 50
37 15 50
37 15 50
37 15 50
37 15 50
37 15 50
37 15 50
36 15 50
36 15 50
36 15 50
36 15 50
36 15 50
36 15 50
36 15 50
36 15 50
36 15 50
36 15 50
36 15 50
36 15 50
36 15 50
36 15 50
36 15 50
36 15 50
36 15 50
36 15 50
36 15 50
36 15 50
36 15 50
36 15 50
36 15 50
36 15 50
35 15 50
35 15 50
35 15 50
35 15 50
35 15 50
35 15 50
35 15 50
35 15 50
35 15 50
35 15 50
35 15 50
35 15 50
35 15 50
35 15 50
35 15 50
35 15 50
35 15 50
35 15 50
35 15 50
35 15 50
35 15 50
35 15 50
35 15 50
35 15 50
35 15 50
35 15 50
34 15 50
34 15 50
34 15 50
34 15 50
34 15 50
34 15 50
34 15 50
34 15 50
34 15 50
34 15 50
34 15 50
34 15 50
34 15 50
34 15 50
34 15 50
34 15 50
34 15 50
34 15 50
34 15 50
34 15 50
34 15 50
34 15 50
34 15 50
34 15 50
34 15 50
34 15 50
34 15 50
33 15 50
33 15 50
33 15 50
33 15 50
33 15 50
33 15 50
33 15 50
33 15 50
33 15 50
33 15 50
33 15 50
33 15 50
33 15 50
33 15 50
33 15 50
33 15 50
33 15 50
33 15 50
33 15 50
33 15 50
33 15 50
33 15 50
33 15 50
33 15 50
33 15 50
33 15 50
33 15 50
33 15 50
33 15 50
32 15 50
32 15 50
32 15 50
32 15 50
32 15 50
32 15 50
32 15 50
32 15 50
32 15 50
32 15 50
32 15 50
32 15 50
32 15 50
32 15 50
32 15 50
32 15 50
32 15 50
32 15 50
32 15 50
32 15 50
32 15 50
32 15 50
32 15 50
32 15 50
32 15 50
32 15 50
32 15 50
32 15 50
32 15 50
32 15 50
31 15 50
31 15 50
31 15 50
31 15 50
31 15 50
31 15 50
31 15 50
31 15 50
31 15 50
31 15 50
31 15 50
31 15 50
31 15 50
31 15 50
31 15 50
31 15 50
31 15 50
31 15 50
31 15 50
31 15 50
31 15 50
31 15 50
31 15 50
31 15 50
31 15 50
31 15 50
31 15 50
31 15 50
31 15 50
31 15 50
30 15 50
30 15 50
30 15 50
30 15 50
30 15 50
30 15 50
30 15 50
30 15 50
30 15 50
30 15 50
30 15 50
30 15 50
30 15 50
30 15 50
30 15 50
30 15 50
30 15 50
30 15 50
30 15 50
30 15 50
30 15 50
30 15 50
30 15 50
30 15 50
30 15 50
30 15 50
30 15 50
30 15 50
30 15 50
29 15 50
29 15 50
29 15 50
29 15 50
29 15 50
29 15 50
29 15 50
29 15 50
29 15 50
29 15 50
29 15 50
29 15 50
29 15 50
29 15 50
29 15 50
29 15 50
29 15 50
29 15 50
29 15 50
29 15 50
29 15 50
29 15 50
29 15 50
29 15 50
29 15 50
29 15 50
29 15 50
29 15 50
28 15 50
28 15 50
28 15 50
28 15 50
28 15 50
28 15 50
28 15 50
28 15 50
28 15 50
28 15 50
28 15 50
28 15 50
28 15 50
28 15 50
28 15 50
28 15 50
28 15 50
28 15 50
28 15 50
28 15 50
28 15 50
28 15 50
28 15 50
28 15 50
28 15 50
28 15 50
27 15 50
27 15 50
27 15 50
27 15 50
27 15 50
27 15 50
27 15 50
27 15 50
27 15 50
27 15 50
27 15 50
27 15 50
27 15 50
27 15 50
27 15 50
27 15 50
27 15 50
27 15 50
27 15 50
27 15 50
27 15 50
27 15 50
27 15 50
27 15 50
26 15 50
26 15 50
26 15 50
26 15 50
26 15 50
26 15 50
26 15 50
26 15 50
26 15 50
26 15 50
26 15 50
26 15 50
26 15 50
26 15 50
26 15 50
26 15 50
26 15 50
26 15 50
26 15 50
26 15 50
26 15 50
26 15 50
25 15 50
25 15 50
25 15 50
25 15 50
25 15 50
25 15 50
25 15 50
25 15 50
25 15 50
25 15 50
25 15 50
25 15 50
25 15 50
25 15 50
25 15 50
25 15 50
25 15 50
25 15 50
25 15 50
24 15 50
24 15 50
24 15 50
24 15 50
24 15 50
24 15 50
24 15 50
24 15 50
24 15 50
24 15 50
24 15 50
24 15 50
24 15 50
24 15 50
24 15 50
24 15 50
24 15 50
23 15 50
23 15 50
23 15 50
23 15 50
23 15 50
23 15 50
23 15 50
23 15 50
23 15 50
23 15 50
23 15 50
23 15 50
23 15 50
23 15 50
22 15 50
22 15 50
22 15 50
22 15 50
22 15 50
22 15 50
22 15 50
22 15 50
22 15 50
22 15 50
22 15 50
21 15 50
21 15 50
21 15 50
21 15 50
21 15 50
21 15 50
21 15 50
21 15 50
21 15 50
20 15 50
20 15 50
20 15 50
20 15 50
20 15 50
20 15 50
20 15 50
19 15 50
19 15 50
19 15 50
19 15 50
19 15 50
19 15 50
18 15 50
18 15 50
18 15 50
18 15 50
17 15 50
17 15 50
17 15 50
16 15 50
16 15 50
15 15 50
15 15 50
14 15 50
13 15 50
12 15 50
11 15 50
10 15 50
9 15 50
8 15 50
7 15 50
6 15 50
6 14 50
6 13 50
6 12 50
6 11 50
5 11 50
4 11 50
4 12 50
4 13 50
4 14 50
4 15 50
4 16 50
4 17 50
4 18 50
4 19 50
4 20 50
4 21 50
4 22 50
4 23 50
4 24 50
4 25 50
4 26 50
4 27 50
4 28 50
4 29 50
4 30 50
4 31 50
4 32 50
4 33 50
4 34 50
4 35 50
4 36 50
4 37 50
4 38 50
4 39 50
4 40 50
4 41 50
4 42 50
4 43 50
4 44 50
4 45 50
4 46 50
4 47 50
4 48 50
4 49 50
4 50 50
4 51 50
4 51 50
4 52 50
4 52 50
4 53 50
4 53 50
4 53 50
4 54 50
4 54 50
4 54 50
4 55 50
4 55 50
4 55 50
4 55 50
4 56 50
4 56 50
4 56 50
4 56 50
4 56 50
4 57 50
4 57 50
4 57 50
4 57 50
4 57 50
4 58 50
4 58 50
4 58 50
4 58 50
4 58 50
4 59 50
4 59 50
4 59 50
4 59 50
4 59 50
4 60 50
4 60 50
4 60 50
4 60 50
4 60 50
4 61 50
4 61 50
4 61 50
4 61 50
4 62 50
4 62 50
4 62 50
4 63 50
4 63 50
4 63 50
4 64 50
4 64 50
4 65 50
4 65 50
4 66 50
4 67 50
4 68 50
4 69 50
4 70 50
4 71 50
4 72 50
