165 118 80
164 118 80
163 118 80
162 118 80
161 118 80
160 118 80
159 118 80
158 118 80
157 118 80
156 118 80
156 117 80
156 116 80
156 115 80
156 114 80
156 113 80
156 112 80
156 111 80
156 110 80
156 109 80
156 108 80
156 107 80
156 106 80
156 105 80
156 104 80
156 103 80
156 102 80
156 101 80
156 100 80
156 99 80
156 98 80
156 97 80
156 96 80
156 95 80
156 94 80
156 93 80
163 119 80
163 120 80
163 121 80
163 122 80
163 123 80
163 124 80
163 125 80
163 126 80
163 127 80
163 127 80
163 128 80
163 128 80
163 129 80
163 129 80
163 130 80
163 130 80
163 130 80
163 131 80
163 131 80
163 131 80
163 132 80
163 132 80
163 132 80
163 133 80
163 133 80
163 133 80
163 133 80
163 134 80
163 134 80
163 134 80
163 134 80
163 135 80
163 135 80
163 135 80
163 135 80
163 135 80
163 136 80
163 136 80
163 136 80
163 136 80
163 136 80
163 136 80
163 137 80
163 137 80
163 137 80
163 137 80
163 137 80
163 137 80
163 137 80
163 138 80
163 138 80
163 138 80
163 138 80
163 138 80
163 138 80
163 138 80
163 138 80
163 139 80
163 139 80
163 139 80
163 139 80
163 139 80
163 139 80
163 139 80
163 139 80
163 140 80
163 140 80
163 140 80
163 140 80
163 140 80
163 140 80
163 140 80
163 140 80
163 141 80
163 141 80
163 141 80
163 141 80
163 141 80
163 141 80
163 141 80
163 142 80
163 142 80
163 142 80
163 142 80
163 142 80
163 142 80
163 143 80
163 143 80
163 143 80
163 143 80
163 143 80
163 144 80
163 144 80
163 144 80
163 144 80
163 145 80
163 145 80
163 145 80
163 146 80
163 146 80
163 147 80
163 147 80
163 148 80
163 148 80
163 149 80
163 149 80
163 150 80
163 150 80
163 151 80
163 151 80
163 152 80
163 152 80
163 153 80
163 154 80
163 155 80
163 156 80
163 157 80
163 158 80
163 159 80
163 160 80
163 161 80
163 162 80
163 163 80
162 163 80
161 163 80
160 163 80
159 163 80
158 163 80
157 163 80
156 163 80
155 163 80
154 163 80
153 163 80
152 163 80
151 163 80
151 164 80
151 165 80
151 166 80
151 167 80
151 168 80
151 169 80
151 170 80
151 171 80
151 172 80
151 173 80
151 174 80
151 175 80
151 176 80
151 177 80
151 178 80
151 179 80
151 180 80
151 181 80
151 182 80
151 183 80
151 184 80
151 185 80
151 186 80
151 187 80
151 188 80
151 189 80
151 190 80
151 191 80
155 41 80
156 41 80
156 42 80
156 43 80
156 44 80
156 45 80
156 46 80
156 47 80
156 48 80
156 49 80
156 50 80
156 51 80
156 52 80
156 53 80
156 54 80
156 55 80
156 56 80
156 57 80
156 58 80
156 59 80
156 60 80
156 61 80
156 62 80
156 63 80
156 63 80
156 64 80
156 64 80
156 65 80
156 65 80
156 65 80
156 66 80
156 66 80
156 66 80
156 67 80
156 67 80
156 67 80
156 67 80
156 68 80
156 68 80
156 68 80
156 68 80
156 68 80
156 69 80
156 69 80
156 69 80
156 69 80
156 69 80
156 69 80
156 69 80
156 70 80
156 70 80
156 70 80
156 70 80
156 70 80
156 70 80
156 70 80
156 70 80
156 71 80
156 71 80
156 71 80
156 71 80
156 71 80
156 71 80
156 71 80
156 71 80
156 71 80
156 71 80
156 72 80
156 72 80
156 72 80
156 72 80
156 72 80
156 72 80
156 72 80
156 72 80
156 72 80
156 72 80
156 72 80
156 73 80
156 73 80
156 73 80
156 73 80
156 73 80
156 73 80
156 73 80
156 73 80
156 73 80
156 73 80
156 73 80
156 73 80
156 74 80
156 74 80
156 74 80
156 74 80
156 74 80
156 74 80
156 74 80
156 74 80
156 74 80
156 74 80
156 74 80
156 74 80
156 74 80
156 75 80
156 75 80
156 75 80
156 75 80
156 75 80
156 75 80
156 75 80
156 75 80
156 75 80
156 75 80
156 75 80
156 75 80
156 75 80
156 76 80
156 76 80
156 76 80
156 76 80
156 76 80
156 76 80
156 76 80
156 76 80
156 76 80
156 76 80
156 76 80
156 76 80
156 76 80
156 77 80
156 77 80
156 77 80
156 77 80
156 77 80
156 77 80
156 77 80
156 77 80
156 77 80
156 77 80
156 77 80
156 77 80
156 78 80
156 78 80
156 78 80
156 78 80
156 78 80
156 78 80
156 78 80
156 78 80
156 78 80
156 78 80
156 79 80
156 79 80
156 79 80
156 79 80
156 79 80
156 79 80
156 79 80
156 79 80
156 80 80
156 80 80
156 80 80
156 80 80
156 80 80
156 80 80
156 81 80
156 81 80
156 81 80
156 81 80
156 81 80
156 82 80
156 82 80
156 82 80
156 82 80
156 83 80
156 83 80
156 83 80
156 84 80
156 84 80
156 84 80
156 85 80
156 85 80
156 86 80
156 86 80
156 87 80
156 87 80
156 88 80
156 88 80
156 89 80
156 90 80
156 91 80
156 92 80
157 41 80
158 41 80
159 41 80
160 41 80
161 41 80
162 41 80
163 41 80
164 41 80
165 41 80
166 41 80
167 41 80
168 41 80
168 40 80
168 39 80
168 38 80
168 37 80
168 37 80
168 36 80
168 36 80
168 35 80
168 35 80
168 34 80
168 34 80
168 33 80
168 33 80
168 32 80
168 32 80
168 31 80
168 31 80
168 30 80
168 30 80
168 30 80
168 29 80
168 29 80
168 29 80
168 28 80
168 28 80
168 28 80
168 27 80
168 27 80
168 27 80
168 27 80
168 26 80
168 26 80
168 26 80
168 26 80
168 25 80
168 25 80
168 25 80
168 25 80
168 25 80
168 24 80
168 24 80
168 24 80
168 24 80
168 24 80
168 24 80
168 24 80
168 23 80
168 23 80
168 23 80
168 23 80
168 23 80
168 23 80
168 23 80
168 23 80
168 22 80
168 22 80
168 22 80
168 22 80
168 22 80
168 22 80
168 22 80
168 22 80
168 22 80
168 21 80
168 21 80
168 21 80
168 21 80
168 21 80
168 21 80
168 21 80
168 21 80
168 21 80
168 21 80
168 20 80
168 20 80
168 20 80
168 20 80
168 20 80
168 20 80
168 20 80
168 20 80
168 20 80
168 20 80
168 20 80
168 19 80
168 19 80
168 19 80
168 19 80
168 19 80
168 19 80
168 19 80
168 19 80
168 19 80
168 19 80
168 18 80
168 18 80
168 18 80
168 18 80
168 18 80
168 18 80
168 18 80
168 18 80
168 18 80
168 17 80
168 17 80
168 17 80
168 17 80
168 17 80
168 17 80
168 17 80
168 16 80
168 16 80
168 16 80
168 16 80
168 16 80
168 15 80
168 15 80
168 15 80
168 15 80
167 15 240
167 15 80
166 15 80
166 15 80
166 15 80
166 15 80
165 15 80
165 15 80
165 15 80
165 15 80
165 15 80
164 15 80
164 15 80
164 15 80
164 15 80
164 15 80
163 15 80
163 15 80
163 15 80
163 15 80
163 15 80
162 15 80
162 15 80
162 15 80
162 15 80
162 15 80
161 15 80
161 15 80
161 15 80
161 15 80
161 15 80
161 15 80
160 15 80
160 15 80
160 15 80
160 15 80
160 15 80
160 15 80
159 15 80
159 15 80
159 15 80
159 15 80
159 15 80
159 15 80
159 15 80
158 15 80
158 15 80
158 15 80
158 15 80
158 15 80
158 15 80
158 15 80
157 15 80
157 15 80
157 15 80
157 15 80
157 15 80
157 15 80
157 15 80
156 15 80
156 15 80
156 15 80
156 15 80
156 15 80
156 15 80
156 15 80
155 15 80
155 15 80
155 15 80
155 15 80
155 15 80
155 15 80
155 15 80
154 15 80
154 15 80
154 15 80
154 15 80
154 15 80
154 15 80
153 15 80
153 15 80
153 15 80
153 15 80
153 15 80
152 15 80
152 15 80
152 15 80
152 15 80
151 15 80
151 15 80
151 15 80
150 15 80
150 15 80
149 15 80
149 15 80
148 15 80
147 15 80
146 15 80
145 15 80
144 15 80
143 15 80
142 15 80
141 15 80
140 15 80
139 15 80
138 15 80
138 15 80
137 15 80
137 15 80
137 14 80
137 13 80
137 12 80
137 11 80
137 10 80
137 9 80
137 8 80
137 7 80
137 6 80
137 5 80
137 4 80
137 3 80
137 2 80
137 1 80
77 38 80
78 38 80
79 38 80
80 38 80
81 38 80
82 38 80
83 38 80
84 38 80
85 38 80
86 38 80
87 38 80
88 38 80
89 38 80
90 38 80
91 38 80
92 38 80
93 38 80
94 38 80
95 38 80
96 38 80
97 38 80
98 38 80
99 38 80
100 38 80
101 38 80
102 38 80
102 39 80
102 40 80
102 41 80
102 42 80
102 43 80
102 44 80
102 45 80
102 46 80
102 47 80
102 47 80
94 73 80
95 73 80
96 73 80
97 73 80
98 73 80
99 73 80
100 73 80
101 73 80
102 73 80
102 72 80
102 71 80
102 70 80
102 69 80
102 68 80
102 68 80
102 67 80
102 67 80
102 66 80
102 66 80
102 66 80
102 65 80
102 65 80
102 65 80
102 65 80
102 64 80
102 64 80
102 64 80
102 64 80
102 64 80
102 63 80
102 63 80
102 63 80
102 63 80
102 63 80
102 62 80
102 62 80
102 62 80
102 62 80
102 62 80
102 62 80
102 61 80
102 61 80
102 61 80
102 61 80
102 61 80
102 61 80
102 60 80
102 60 80
102 60 80
102 60 80
102 60 80
102 60 80
102 59 80
102 59 80
102 59 80
102 59 80
102 59 80
102 58 80
102 58 80
102 58 80
102 58 80
102 58 80
102 57 80
102 57 80
102 57 80
102 57 80
102 56 80
102 56 80
102 56 80
102 56 80
102 55 80
102 55 80
102 55 80
102 55 80
102 54 80
102 54 80
102 54 80
102 54 80
102 53 80
102 53 80
102 53 80
102 53 80
102 52 80
102 52 80
102 52 80
102 51 80
102 51 80
102 51 80
102 50 80
102 50 80
102 50 80
102 49 80
102 49 80
102 48 80
102 48 80
93 73 80
92 73 80
91 73 80
90 73 80
89 73 80
88 73 80
87 73 80
86 73 80
85 73 80
84 73 80
83 73 80
82 73 80
81 73 80
80 73 80
79 73 80
78 73 80
77 73 80
76 73 80
76 73 80
75 73 80
75 73 80
74 73 80
74 73 80
73 73 80
73 73 80
72 73 80
72 73 80
71 73 80
71 73 80
70 73 80
69 73 80
68 73 80
67 73 80
66 73 80
65 73 80
64 73 80
63 73 80
62 73 80
61 73 80
60 73 80
59 73 80
58 73 80
57 73 80
56 73 80
55 73 80
54 73 80
53 73 80
52 73 80
51 73 80
50 73 80
49 73 80
48 73 80
47 73 80
46 73 80
46 73 80
45 73 80
45 73 80
44 73 80
44 73 80
44 73 80
43 73 80
43 73 80
43 73 80
43 73 80
43 73 80
43 74 320
43 75 80
43 75 80
43 76 80
43 76 80
43 77 80
43 78 80
43 79 80
43 80 80
43 81 80
43 82 80
43 83 80
43 84 80
43 85 80
43 86 80
43 87 80
43 88 80
43 89 80
43 90 80
43 91 80
43 92 80
43 93 80
43 94 80
43 95 80
43 96 80
43 97 80
43 98 80
43 99 80
43 100 80
43 101 80
43 102 80
43 103 80
43 104 80
43 105 80
43 106 80
43 107 80
43 108 80
43 109 80
43 110 80
43 111 80
43 112 80
43 113 80
43 114 80
43 115 80
43 115 80
43 116 80
43 116 80
43 117 80
43 117 80
43 118 80
43 118 80
43 119 80
43 119 80
43 120 80
43 120 80
43 121 80
43 121 80
43 122 80
43 122 80
43 123 80
43 123 80
43 124 80
43 125 80
43 126 80
43 127 80
43 128 80
43 129 80
43 130 80
43 131 80
43 132 80
43 133 80
43 134 80
43 135 80
43 136 80
43 137 80
76 38 80
75 38 80
74 38 80
73 38 80
72 38 80
71 38 80
70 38 80
69 38 80
68 38 80
67 38 80
66 38 80
65 38 80
64 38 80
63 38 80
62 38 80
61 38 80
60 38 80
59 38 80
58 38 80
57 38 80
56 38 80
55 38 80
54 38 80
53 38 80
52 38 80
51 38 80
50 38 80
49 38 80
48 38 80
48 38 80
47 38 80
47 38 80
46 38 80
46 38 80
45 38 80
45 38 80
44 38 80
44 38 80
44 38 80
43 38 80
43 38 80
42 38 80
42 38 80
41 38 80
41 38 80
40 38 80
39 38 80
38 38 80
37 38 80
36 38 80
35 38 80
34 38 80
33 38 80
32 38 80
31 38 80
30 38 80
29 38 80
28 38 80
27 38 80
26 38 80
25 38 80
24 38 80
23 38 80
22 38 80
21 38 80
20 38 80
19 38 80
18 38 80
17 38 80
16 38 80
15 38 80
14 38 80
13 38 80
12 38 80
11 38 80
10 38 80
9 38 80
8 38 80
7 38 80
6 38 80
5 38 80
4 38 80
3 38 80
2 38 80
2 37 80
2 36 80
