140 186 120
139 186 120
138 186 120
137 186 120
136 186 120
135 186 120
134 186 120
133 186 120
132 186 120
131 186 120
130 186 120
129 186 120
128 186 120
127 186 120
126 186 120
125 186 120
124 186 120
123 186 120
122 186 120
121 186 120
120 186 120
119 186 120
118 186 120
117 186 120
116 186 120
115 186 120
114 186 120
113 186 120
112 186 120
111 186 120
110 186 120
109 186 120
108 186 120
107 186 120
106 186 120
105 186 120
104 186 120
103 186 120
102 186 120
101 186 120
100 186 120
99 186 120
98 186 120
97 186 120
96 186 120
95 186 120
95 186 120
94 186 120
94 186 120
93 186 120
93 186 120
93 186 120
92 186 240
92 186 120
91 186 240
91 186 120
90 186 240
90 186 120
90 186 120
89 186 360
89 186 120
88 186 360
88 186 120
88 186 120
87 186 480
87 186 120
86 186 480
86 186 120
86 186 120
85 186 600
85 186 120
84 186 600
84 186 120
83 186 600
83 186 120
83 186 120
82 186 720
82 186 120
82 186 120
81 186 840
81 186 120
80 186 840
80 186 120
80 186 120
79 186 960
79 186 120
78 186 960
78 186 120
77 186 960
77 186 120
76 186 960
75 186 960
74 186 960
73 186 120
73 186 120
73 186 120
73 186 120
73 186 120
73 186 120
72 186 600
72 186 120
71 186 600
71 186 120
70 186 600
70 186 120
69 186 600
69 186 120
68 186 600
68 186 120
68 186 120
67 186 720
67 186 120
66 186 720
66 186 120
66 186 120
65 186 840
65 186 120
64 186 840
64 186 120
63 186 840
63 186 120
62 186 840
62 186 120
61 186 840
61 186 120
60 186 840
60 186 120
59 186 840
59 186 120
58 186 840
58 186 120
57 186 840
56 186 840
55 186 840
54 186 120
54 186 120
54 186 120
54 186 120
54 186 120
54 186 120
53 186 600
53 186 120
52 186 600
51 186 600
50 186 600
49 186 120
49 186 120
49 186 120
49 186 120
48 186 360
47 186 360
46 186 360
45 186 120
45 186 120
44 186 120
43 186 120
42 186 120
41 186 120
40 186 120
40 187 120
40 188 120
40 189 120
40 190 120
132 185 120
132 184 120
132 183 120
132 182 120
132 181 120
132 180 120
132 179 120
132 178 120
132 177 120
132 176 120
132 175 120
132 174 120
132 173 120
132 172 120
132 171 120
132 170 120
132 169 120
132 168 120
132 167 120
132 166 120
132 165 120
132 164 120
132 163 120
132 162 120
132 161 120
132 160 120
132 160 120
132 159 120
132 159 120
132 158 120
132 158 120
132 158 120
132 157 240
132 157 120
132 157 120
132 156 360
132 156 120
132 156 120
132 155 480
132 155 120
132 155 120
132 154 600
132 154 120
132 154 120
132 153 720
132 153 120
132 152 720
132 152 120
132 152 120
132 151 840
132 151 120
132 151 120
132 150 960
132 150 120
132 149 960
132 148 960
132 147 960
132 146 120
132 146 120
132 146 120
132 146 120
132 146 120
132 146 120
132 146 120
132 146 120
132 145 840
132 144 840
132 143 840
132 142 120
132 142 120
132 142 120
132 142 120
132 142 120
132 142 120
132 142 120
132 141 720
132 141 120
132 140 720
132 140 120
132 139 720
132 139 120
132 138 720
132 138 120
132 137 720
132 137 120
132 136 720
132 136 120
132 135 720
132 135 120
132 134 720
132 133 720
132 132 720
132 131 120
132 131 120
132 131 120
132 131 120
132 130 360
132 130 120
132 129 360
132 128 360
132 127 360
132 126 120
132 126 120
132 125 120
132 125 120
132 124 120
132 123 120
132 122 120
132 121 120
132 120 120
132 119 120
132 118 120
132 117 120
132 116 120
132 115 120
132 114 120
132 113 120
132 112 120
132 111 120
131 111 120
130 111 120
129 111 120
128 111 120
128 111 120
128 110 120
128 110 120
128 109 120
128 109 120
128 108 120
128 107 120
128 106 120
128 105 120
128 104 120
128 103 120
128 102 120
128 101 120
128 100 120
128 99 120
128 98 120
128 97 120
128 96 120
128 95 120
128 94 120
128 93 120
128 93 120
128 92 120
128 92 120
128 91 120
128 91 120
128 90 120
128 89 120
128 88 120
128 87 120
128 86 120
128 85 120
128 84 120
128 83 120
128 82 120
128 81 120
128 80 120
128 79 120
128 78 120
128 77 120
128 76 120
128 75 120
128 74 120
128 73 120
128 72 120
128 71 120
128 70 120
128 69 120
128 68 120
128 67 120
128 66 120
128 65 120
128 64 120
128 63 120
128 62 120
128 61 120
128 60 120
128 59 120
128 58 120
128 57 120
128 56 120
128 55 120
128 54 120
128 53 120
128 52 120
128 51 120
128 50 120
128 49 120
128 48 120
128 47 120
128 46 120
128 45 120
128 44 120
129 44 120
130 44 120
131 44 120
132 44 120
133 44 120
134 44 120
135 44 120
136 44 120
137 44 120
138 44 120
139 44 120
140 44 120
141 44 120
142 44 120
143 44 120
144 44 120
145 44 120
146 44 120
147 44 120
148 44 120
149 44 120
150 44 120
151 44 120
152 44 120
153 44 120
154 44 120
155 44 120
156 44 120
157 44 120
157 44 120
158 44 120
158 44 120
159 44 120
159 44 120
160 44 120
160 44 120
161 44 120
161 44 120
161 44 120
162 44 240
162 44 120
163 44 240
163 44 120
164 44 240
164 44 120
165 44 240
165 44 120
166 44 240
167 44 240
168 44 240
169 44 120
169 44 120
170 44 120
171 44 120
172 44 120
173 44 120
174 44 120
175 44 120
176 44 120
177 44 120
178 44 120
179 44 120
180 44 120
181 44 120
181 43 120
181 42 120
181 41 120
181 40 120
181 39 120
181 38 120
181 37 120
181 36 120
181 35 120
181 34 120
181 33 120
181 32 120
181 31 120
181 30 120
181 29 120
181 28 120
181 27 120
181 26 120
181 25 120
181 24 120
181 23 120
181 22 120
181 21 120
181 20 120
181 19 120
181 18 120
181 17 120
181 16 120
181 15 120
182 15 120
183 15 120
184 15 120
184 16 120
184 17 120
184 18 120
184 19 120
184 20 120
184 21 120
184 22 120
184 23 120
184 24 120
184 25 120
184 26 120
184 27 120
184 28 120
184 29 120
184 30 120
184 31 120
184 32 120
184 33 120
184 34 120
184 35 120
184 36 120
184 37 120
184 38 120
184 39 120
184 40 120
184 41 120
184 42 120
184 43 120
184 44 120
184 45 120
184 46 120
184 47 120
184 47 120
184 48 120
184 48 120
184 49 120
184 49 120
184 50 120
184 50 120
184 51 120
184 51 120
184 52 120
184 52 120
184 53 120
184 53 120
184 54 120
184 55 120
184 56 120
184 57 120
184 58 120
184 58 120
184 59 120
184 59 120
184 60 120
184 60 120
184 61 120
184 61 120
184 62 120
184 62 120
184 63 120
184 63 120
184 64 120
184 64 120
184 65 120
184 65 120
184 66 120
184 66 120
184 67 120
184 67 120
184 68 120
184 68 120
184 69 120
184 69 120
184 70 120
184 71 120
184 72 120
184 73 120
184 74 120
184 75 120
184 76 120
184 77 120
185 77 120
186 77 120
187 77 120
188 77 120
189 77 120
190 77 120
191 77 120
192 77 120
192 78 120
192 79 120
192 80 120
192 81 120
192 82 120
192 83 120
192 84 120
192 85 120
192 86 120
192 87 120
192 88 120
192 89 120
192 90 120
192 91 120
192 92 120
192 93 120
192 94 120
192 95 120
192 95 120
192 96 120
192 96 120
192 97 120
192 97 120
192 98 120
192 98 120
192 99 120
192 99 120
192 100 120
192 100 120
192 101 120
192 101 120
192 102 120
192 102 120
192 103 120
192 103 120
192 104 120
192 104 120
192 105 120
192 106 120
192 107 120
192 108 120
192 109 120
192 110 120
192 111 120
192 112 120
192 113 120
192 114 120
192 115 120
192 116 120
192 117 120
192 118 120
192 119 120
192 120 120
192 121 120
192 122 120
192 123 120
192 124 120
192 125 120
192 126 120
192 127 120
192 128 120
192 129 120
192 130 120
192 131 120
192 132 120
192 133 120
192 134 120
192 135 120
7 92 120
7 92 120
7 92 120
7 92 120
7 92 120
7 92 120
7 92 120
7 92 120
7 92 120
7 92 120
7 92 120
7 92 120
7 92 120
7 92 120
7 92 120
7 92 120
8 92 1800
8 92 120
9 92 1800
9 92 120
10 92 1800
11 92 1800
12 92 1800
13 92 120
13 92 120
13 92 120
13 92 120
13 92 120
13 92 120
13 92 120
13 92 120
13 92 120
13 92 120
13 92 120
13 92 120
14 92 1320
15 92 1320
16 92 1320
17 92 120
17 92 120
17 92 120
17 92 120
17 92 120
17 92 120
18 92 600
19 92 600
20 92 600
21 92 120
21 92 120
21 92 120
21 92 120
22 92 360
22 92 120
23 92 360
23 92 120
24 92 360
24 92 120
25 92 360
25 92 120
25 92 120
26 92 480
26 92 120
27 92 480
27 92 120
28 92 480
28 92 120
29 92 480
30 92 480
31 92 480
32 92 120
32 92 120
32 92 120
33 92 240
34 92 240
35 92 240
36 92 120
36 92 120
37 92 120
37 92 120
38 92 120
39 92 120
40 92 120
40 93 120
40 94 120
40 95 120
40 96 120
40 97 120
40 98 120
40 99 120
40 100 120
40 101 120
40 102 120
40 103 120
40 104 120
40 105 120
40 106 120
40 107 120
40 108 120
40 109 120
40 110 120
40 111 120
40 112 120
40 113 120
40 114 120
40 115 120
40 115 120
40 116 120
40 116 120
40 117 120
40 117 120
40 118 120
40 118 120
40 119 120
40 119 120
40 120 120
40 120 120
40 121 120
40 121 120
40 122 120
40 122 120
40 123 120
40 123 120
40 123 120
40 124 240
40 124 120
40 125 240
40 125 120
40 125 120
40 126 360
40 126 120
40 126 120
40 127 480
40 127 120
40 127 120
40 128 600
40 128 120
40 128 120
40 129 720
40 129 120
40 129 120
40 130 840
40 130 120
40 130 120
40 131 960
40 131 120
40 131 120
40 132 1080
40 132 120
40 132 120
40 133 1200
40 133 120
40 134 1200
40 134 120
40 134 120
40 135 1320
40 135 120
40 136 1320
40 136 120
40 136 120
40 137 1440
40 137 120
40 138 1440
40 138 120
40 139 1440
40 139 120
40 139 120
40 140 1560
40 140 120
40 141 1560
40 141 120
40 141 120
40 142 1680
40 142 120
40 142 120
40 142 120
40 143 1920
40 143 120
40 143 120
40 144 2040
40 144 120
40 144 120
40 144 120
40 145 2280
40 145 120
40 145 120
40 146 2400
40 146 120
40 146 120
40 146 120
40 147 2640
40 147 120
40 147 120
40 148 2760
40 148 120
40 148 120
40 149 2880
40 149 120
40 150 2880
40 150 120
40 151 2880
40 151 120
40 152 2880
40 153 2880
40 154 2880
40 155 120
40 155 120
40 155 120
40 155 120
40 155 120
40 155 120
40 155 120
40 155 120
40 155 120
40 155 120
40 155 120
40 155 120
40 155 120
40 155 120
40 155 120
40 155 120
40 155 120
40 155 120
40 155 120
40 156 2160
40 157 2160
40 158 2160
40 159 120
40 159 120
40 159 120
40 159 120
40 159 120
40 159 120
40 159 120
40 159 120
40 159 120
40 159 120
40 159 120
40 159 120
40 160 1320
40 161 1320
40 162 1320
40 163 120
40 163 120
40 163 120
40 163 120
40 163 120
40 163 120
40 163 120
40 163 120
40 163 120
40 164 960
40 164 120
40 165 960
40 166 960
40 167 960
40 168 120
40 168 120
40 168 120
40 168 120
40 168 120
40 168 120
40 168 120
40 169 720
40 169 120
40 170 720
40 171 720
40 172 720
40 173 120
40 173 120
40 173 120
40 173 120
40 174 360
40 175 360
40 176 360
40 177 120
40 177 120
40 178 120
40 179 120
40 180 120
40 181 120
40 182 120
40 183 120
40 184 120
40 185 120
15 91 120
15 91 120
15 91 120
15 91 120
15 91 120
15 91 120
15 91 120
15 91 120
15 91 120
15 90 960
15 89 960
15 88 960
15 87 120
15 87 120
15 87 120
15 87 120
15 87 120
15 87 120
15 87 120
15 87 120
15 86 840
15 86 120
15 85 840
15 84 840
15 83 840
15 82 120
15 82 120
15 82 120
15 82 120
15 82 120
15 82 120
15 81 600
15 81 120
15 80 600
15 80 120
15 79 600
15 79 120
15 79 120
15 78 720
15 78 120
15 77 720
15 77 120
15 77 120
15 76 840
15 76 120
15 75 840
15 75 120
15 74 840
15 74 120
15 74 120
15 73 960
15 73 120
15 72 960
15 72 120
15 71 960
15 71 120
15 70 960
15 69 960
15 68 960
15 67 120
15 67 120
15 67 120
15 67 120
15 67 120
15 66 480
15 65 480
15 64 480
15 63 120
15 63 120
15 62 120
15 62 120
15 61 120
15 60 120
15 59 120
15 58 120
15 57 120
15 56 120
15 55 120
15 54 120
15 53 120
15 52 120
15 51 120
15 50 120
15 49 120
15 48 120
15 47 120
15 46 120
15 45 120
15 44 120
15 43 120
15 42 120
15 41 120
15 40 120
15 39 120
15 38 120
15 37 120
15 36 120
15 35 120
15 34 120
15 33 120
15 32 120
15 31 120
15 30 120
15 29 120
15 28 120
15 27 120
15 26 120
15 25 120
15 24 120
15 23 120
15 22 120
15 21 120
15 20 120
15 19 120
15 18 120
15 17 120
15 16 120
15 15 120
15 14 120
15 13 120
15 12 120
15 11 120
15 10 120
15 9 120
15 8 120
15 7 120
15 6 120
