126 139 120
125 139 120
124 139 120
123 139 120
122 139 120
121 139 120
120 139 120
119 139 120
118 139 120
117 139 120
116 139 120
116 139 120
115 139 120
115 139 120
114 139 120
114 139 120
114 139 120
113 139 240
113 139 120
113 139 120
112 139 360
112 139 120
112 139 120
111 139 480
111 139 120
111 139 120
111 139 120
110 139 720
110 139 120
110 139 120
109 139 840
109 139 120
109 139 120
108 139 960
108 139 120
108 139 120
107 139 1080
107 139 120
107 139 120
107 139 120
106 139 1320
106 139 120
106 139 120
105 139 1440
105 139 120
105 139 120
104 139 1560
104 139 120
104 139 120
103 139 1680
103 139 120
103 139 120
102 139 1800
102 139 120
101 139 1800
101 139 120
100 139 1800
100 139 120
99 139 1800
99 139 120
98 139 1800
98 139 120
97 139 1800
96 139 1800
95 139 1800
94 139 120
94 139 120
94 139 120
94 139 120
94 139 120
94 139 120
94 139 120
94 139 120
94 139 120
94 139 120
94 139 120
94 139 120
93 139 1320
92 139 1320
91 139 1320
90 139 120
90 139 120
90 139 120
90 139 120
90 139 120
90 139 120
90 139 120
90 139 120
89 139 840
89 139 120
88 139 840
87 139 840
86 139 840
85 139 120
85 139 120
85 139 120
85 139 120
85 139 120
84 139 480
83 139 480
82 139 480
81 139 120
81 139 120
81 139 120
80 139 240
80 139 120
79 139 240
79 139 120
78 139 240
78 139 120
77 139 240
77 139 120
76 139 240
76 139 120
75 139 240
75 139 120
74 139 240
74 139 120
73 139 240
73 139 120
72 139 240
72 139 120
72 139 120
71 139 360
71 139 120
70 139 360
70 139 120
70 139 120
69 139 480
69 139 120
69 139 120
68 139 600
68 139 120
68 139 120
67 139 720
67 139 120
67 139 120
66 139 840
66 139 120
66 139 120
65 139 960
65 139 120
65 139 120
64 139 1080
64 139 120
64 139 120
64 139 120
63 139 1320
63 139 120
63 139 120
62 139 1440
62 139 120
62 139 120
62 139 120
61 139 1680
61 139 120
61 139 120
60 139 1800
60 139 120
60 139 120
59 139 1920
59 139 120
59 139 120
59 139 120
58 139 2160
58 139 120
58 139 120
57 139 2280
57 139 120
57 139 120
56 139 2400
56 139 120
56 139 120
56 138 2520
56 138 120
56 138 120
56 137 2640
56 137 120
56 137 120
56 136 2760
56 136 120
56 136 120
56 135 2880
56 135 120
56 135 120
56 134 3000
56 134 120
56 134 120
56 133 3120
56 133 120
56 133 120
56 132 3240
56 132 120
56 131 3240
56 131 120
56 131 120
56 130 3360
56 130 120
56 129 3360
56 129 120
56 129 120
56 128 3480
56 128 120
56 127 3480
56 126 3480
56 125 3480
56 124 120
56 124 120
56 124 120
56 124 120
56 124 120
56 124 120
56 124 120
56 124 120
56 124 120
56 124 120
56 124 120
56 124 120
56 124 120
56 124 120
56 124 120
56 124 120
56 124 120
56 124 120
56 124 120
56 124 120
56 124 120
56 124 120
56 124 120
56 124 120
56 123 2760
56 122 2760
56 121 2760
56 120 120
56 120 120
56 120 120
56 120 120
56 120 120
56 120 120
56 120 120
56 120 120
56 120 120
56 120 120
56 120 120
56 119 1200
56 118 1200
56 117 1200
114 140 120
114 140 120
114 140 120
114 141 240
114 141 120
114 142 240
114 142 120
114 143 240
114 143 120
114 144 240
114 144 120
114 145 240
114 145 120
114 146 240
114 146 120
114 147 240
114 147 120
114 148 240
114 148 120
114 149 240
114 149 120
114 150 240
114 150 120
114 151 240
114 152 240
114 153 240
114 154 120
114 154 120
114 155 120
114 155 120
114 156 120
114 157 120
114 158 120
114 159 120
114 160 120
114 161 120
114 162 120
114 163 120
114 164 120
114 165 120
127 139 120
128 139 120
129 139 120
129 138 120
129 137 120
129 136 120
129 135 120
129 134 120
129 133 120
129 132 120
129 131 120
129 130 120
129 129 120
129 128 120
129 127 120
129 126 120
129 125 120
129 124 120
129 123 120
129 122 120
129 121 120
129 120 120
129 119 120
129 118 120
129 117 120
129 117 120
129 116 120
129 116 120
129 115 120
129 115 120
129 114 120
129 114 120
129 113 120
129 113 120
129 112 120
129 112 120
129 111 120
129 111 120
129 110 120
129 110 120
129 110 120
129 109 240
129 109 120
129 108 240
129 108 120
129 107 240
129 107 120
129 106 240
129 106 120
129 105 240
129 105 120
129 104 240
129 104 120
129 103 240
129 103 120
129 103 120
129 102 360
129 102 120
129 101 360
129 101 120
129 100 360
129 100 120
129 99 360
129 99 120
129 98 360
129 98 120
129 97 360
129 97 120
129 96 360
129 95 360
129 94 360
129 93 120
129 93 120
129 93 120
129 92 240
129 91 240
129 90 240
128 90 120
128 90 120
127 90 120
126 90 120
125 90 120
124 90 120
123 90 120
122 90 120
121 90 120
120 90 120
119 90 120
118 90 120
117 90 120
116 90 120
115 90 120
114 90 120
113 90 120
112 90 120
111 90 120
110 90 120
110 90 120
109 90 120
109 90 120
108 90 120
108 90 120
107 90 120
107 90 120
107 90 120
106 90 240
106 90 120
106 90 120
105 90 360
105 90 120
105 90 120
104 90 480
104 90 120
104 90 120
103 90 600
103 90 120
103 90 120
102 90 720
102 90 120
102 90 120
101 90 840
101 90 120
101 90 120
100 90 960
100 90 120
100 90 120
99 90 1080
99 90 120
99 90 120
99 90 120
98 90 1320
98 90 120
98 90 120
97 90 1440
97 90 120
97 90 120
96 90 1560
96 90 120
96 90 120
96 90 120
96 89 1800
96 88 1800
96 87 1800
96 86 120
96 86 120
96 86 120
96 86 120
96 86 120
96 86 120
96 86 120
96 86 120
96 86 120
96 86 120
96 86 120
96 85 1200
96 84 1200
96 83 1200
96 82 120
96 82 120
96 82 120
96 82 120
96 82 120
96 82 120
96 82 120
96 82 120
96 82 120
96 81 960
96 81 120
96 80 960
96 80 120
96 79 960
96 79 120
96 78 960
96 78 120
96 78 120
96 77 1080
96 77 120
96 76 1080
96 76 120
96 76 120
96 75 1200
96 75 120
95 75 1200
95 75 120
95 75 120
95 75 120
95 75 120
95 74 1560
95 74 120
95 74 120
95 73 1680
95 73 120
95 72 1680
95 72 120
95 72 120
95 71 1800
95 71 120
95 71 120
95 71 120
95 70 2040
95 70 120
95 70 120
95 69 2160
95 69 120
95 69 120
95 68 2280
95 68 120
95 68 120
95 67 2400
95 67 120
95 67 120
95 66 2520
95 66 120
95 65 2520
95 65 120
95 65 120
95 64 2640
95 64 120
95 63 2640
95 63 120
95 62 2640
95 61 2640
95 60 2640
95 59 120
95 59 120
95 59 120
95 59 120
95 59 120
95 59 120
95 59 120
95 59 120
95 59 120
95 59 120
95 59 120
95 59 120
95 59 120
95 59 120
95 59 120
95 59 120
95 59 120
95 59 120
95 59 120
95 59 120
95 59 120
95 59 120
95 58 2520
95 58 120
95 57 2520
95 57 120
95 57 120
95 56 2640
95 56 120
95 55 2640
95 55 120
95 54 2640
95 54 120
95 54 120
95 53 2760
95 53 120
95 52 2760
95 52 120
95 52 120
95 51 2880
95 51 120
95 51 120
95 50 3000
95 50 120
95 49 3000
95 49 120
95 49 120
95 48 3120
95 48 120
95 47 3120
95 47 120
95 46 3120
95 46 120
95 46 120
95 45 3240
95 44 3240
95 43 3240
95 42 120
95 42 120
95 42 120
95 42 120
95 42 120
95 42 120
95 42 120
95 42 120
95 42 120
95 42 120
95 42 120
95 42 120
95 42 120
95 42 120
95 42 120
95 42 120
95 42 120
95 42 120
95 42 120
95 42 120
95 42 120
95 42 120
95 42 120
95 42 120
95 42 120
95 41 2880
95 40 2880
95 39 2880
96 39 120
96 39 120
96 39 120
96 39 120
96 39 120
96 39 120
96 39 120
96 39 120
96 39 120
96 39 120
96 39 120
96 39 120
96 39 120
96 39 120
96 39 120
96 39 120
96 39 120
96 39 120
96 39 120
97 39 2160
98 39 2160
99 39 2160
100 39 120
100 39 120
100 39 120
100 39 120
100 39 120
100 39 120
100 39 120
100 39 120
100 39 120
100 39 120
100 39 120
100 39 120
100 39 120
100 39 120
101 39 1560
102 39 1560
103 39 1560
104 39 120
104 39 120
104 39 120
104 39 120
104 39 120
104 39 120
104 39 120
104 39 120
104 39 120
104 39 120
104 39 120
104 39 120
105 39 1320
106 39 1320
107 39 1320
108 39 120
108 39 120
108 39 120
108 39 120
108 39 120
108 39 120
108 39 120
108 39 120
108 39 120
109 39 960
109 39 120
110 39 960
111 39 960
112 39 960
113 39 120
113 39 120
113 39 120
113 39 120
113 39 120
113 39 120
114 39 600
115 39 600
116 39 600
117 39 120
117 39 120
117 39 120
118 39 240
118 39 120
119 39 240
120 39 240
121 39 240
122 39 120
122 39 120
123 39 120
123 39 120
124 39 120
124 39 120
124 38 120
124 38 120
124 37 120
124 37 120
124 36 120
124 36 120
8 37 120
9 37 120
10 37 120
11 37 120
12 37 120
13 37 120
14 37 120
15 37 120
16 37 120
17 37 120
18 37 120
19 37 120
20 37 120
21 37 120
22 37 120
23 37 120
24 37 120
25 37 120
26 37 120
27 37 120
28 37 120
29 37 120
30 37 120
31 37 120
32 37 120
33 37 120
34 37 120
35 37 120
36 37 120
37 37 120
38 37 120
38 37 120
39 37 120
39 37 120
40 37 120
40 37 120
41 37 120
41 37 120
42 37 120
42 37 120
43 37 120
43 37 120
44 37 120
44 37 120
45 37 120
45 37 120
46 37 120
46 37 120
47 37 120
47 37 120
48 37 120
48 37 120
49 37 120
49 37 120
50 37 120
50 37 120
51 37 120
51 37 120
52 37 120
52 37 120
53 37 120
53 37 120
54 37 120
54 37 120
55 37 120
55 37 120
56 37 120
56 37 120
57 37 120
57 37 120
57 38 120
57 38 120
57 39 120
57 39 120
57 40 120
57 40 120
57 41 120
57 41 120
57 42 120
57 42 120
57 43 120
57 43 120
57 44 120
57 44 120
57 45 120
57 45 120
57 46 120
57 46 120
57 47 120
57 47 120
57 48 120
57 48 120
57 49 120
57 49 120
57 50 120
57 50 120
57 51 120
57 51 120
57 52 120
57 52 120
57 53 120
57 53 120
57 54 120
57 54 120
57 55 120
57 55 120
57 56 120
57 56 120
7 37 120
6 37 120
5 37 120
4 37 120
3 37 120
2 37 120
1 37 120
0 37 120
0 36 120
0 35 120
0 34 120
0 33 120
0 32 120
0 31 120
0 30 120
0 29 120
0 28 120
0 27 120
0 26 120
0 25 120
0 24 120
0 23 120
0 22 120
0 21 120
0 20 120
0 19 120
0 18 120
0 17 120
0 16 120
0 15 120
0 14 120
0 13 120
0 12 120
0 11 120
0 10 120
0 9 120
0 8 120
0 7 120
0 6 120
12 146 120
13 146 120
14 146 120
15 146 120
16 146 120
17 146 120
18 146 120
19 146 120
20 146 120
21 146 120
22 146 120
22 146 120
23 146 120
23 146 120
24 146 120
24 146 120
25 146 120
25 146 120
25 146 120
26 146 240
26 146 120
27 146 240
27 146 120
27 146 120
28 146 360
28 146 120
29 146 360
29 146 120
29 146 120
30 146 480
30 146 120
31 146 480
31 146 120
32 146 480
32 146 120
32 146 120
33 146 600
33 146 120
34 146 600
34 146 120
34 146 120
35 146 720
35 146 120
35 146 120
36 146 840
36 146 120
37 146 840
37 146 120
37 146 120
38 146 960
38 146 120
38 146 120
38 147 1080
38 148 1080
38 149 1080
38 150 120
38 150 120
38 150 120
38 150 120
38 150 120
38 150 120
38 150 120
38 151 720
38 152 720
38 153 720
38 154 120
38 154 120
38 154 120
38 154 120
38 154 120
38 154 120
38 154 120
38 155 720
38 155 120
38 156 720
38 156 120
38 156 120
38 157 840
38 157 120
38 158 840
38 158 120
38 158 120
38 159 960
38 159 120
38 160 960
38 160 120
38 160 120
38 161 1080
38 161 120
38 162 1080
38 162 120
38 163 1080
38 164 1080
38 165 1080
38 166 120
38 166 120
38 166 120
38 166 120
38 166 120
38 166 120
38 166 120
38 166 120
38 167 840
38 168 840
38 169 840
38 170 120
38 170 120
38 170 120
38 170 120
38 170 120
38 171 480
38 171 120
38 172 480
38 172 120
38 173 480
38 174 480
38 175 480
38 176 120
38 176 120
38 176 120
38 177 240
38 177 120
38 178 240
38 179 240
38 180 240
38 181 120
38 181 120
38 182 120
38 183 120
38 184 120
38 185 120
38 186 120
38 187 120
38 188 120
38 189 120
38 190 120
38 191 120
38 192 120
