53 49 120
52 49 120
51 49 120
50 49 120
49 49 120
48 49 120
47 49 120
46 49 120
45 49 120
44 49 120
43 49 120
42 49 120
41 49 120
40 49 120
39 49 120
38 49 120
37 49 120
36 49 120
35 49 120
34 49 120
34 49 120
33 49 120
33 49 120
32 49 120
32 49 120
31 49 120
31 49 120
30 49 120
30 49 120
29 49 120
29 49 120
29 49 120
28 49 240
28 49 120
27 49 240
27 49 120
26 49 240
26 49 120
26 49 120
25 49 360
25 49 120
24 49 360
24 49 120
23 49 360
23 49 120
23 49 120
22 49 480
21 49 480
20 49 480
19 49 120
19 49 120
19 49 120
18 49 240
18 49 120
17 49 240
16 49 240
15 49 240
14 49 120
13 49 120
13 50 120
13 51 120
13 52 120
13 53 120
13 54 120
13 55 120
13 56 120
13 57 120
13 58 120
13 59 120
13 60 120
13 61 120
13 62 120
13 63 120
13 64 120
13 65 120
13 66 120
13 67 120
13 68 120
13 69 120
13 70 120
13 71 120
13 72 120
13 73 120
13 74 120
54 49 120
55 49 120
56 49 120
57 49 120
58 49 120
59 49 120
60 49 120
61 49 120
62 49 120
63 49 120
64 49 120
64 49 120
65 49 120
65 49 120
66 49 120
66 49 120
67 49 120
67 49 120
68 49 120
68 49 120
68 49 120
69 49 240
69 49 120
70 49 240
70 49 120
70 49 120
71 49 360
71 49 120
71 49 120
71 49 120
72 49 600
72 49 120
72 49 120
72 49 120
73 49 840
73 49 120
73 49 120
73 49 120
74 49 1080
74 49 120
74 49 120
74 49 120
74 49 120
75 49 1440
75 49 120
75 49 120
75 49 120
75 49 120
76 49 1800
76 49 120
76 49 120
76 49 120
76 49 120
77 49 2160
77 49 120
77 49 120
77 49 120
77 49 120
78 49 2520
78 49 120
78 49 120
79 49 2640
79 49 120
79 49 120
79 49 120
80 49 2880
80 49 120
80 49 120
81 49 3000
81 49 120
81 49 120
82 49 3120
82 49 120
83 49 3120
84 49 3120
85 49 3120
86 49 120
86 49 120
86 49 120
86 49 120
86 49 120
86 49 120
86 49 120
86 49 120
86 49 120
86 49 120
86 49 120
86 49 120
86 49 120
86 49 120
86 49 120
86 49 120
86 49 120
86 49 120
86 49 120
86 49 120
87 49 2280
88 49 2280
89 49 2280
90 49 120
90 49 120
90 49 120
90 49 120
90 49 120
90 49 120
90 49 120
91 49 720
92 49 720
93 49 720
94 49 120
94 49 120
95 49 120
95 49 120
96 49 120
97 49 120
98 49 120
99 49 120
100 49 120
101 49 120
102 49 120
103 49 120
104 49 120
105 49 120
106 49 120
107 49 120
108 49 120
109 49 120
109 49 120
110 49 120
110 49 120
111 49 120
111 49 120
112 49 120
112 49 120
112 49 120
113 49 240
113 49 120
113 49 120
114 49 360
114 49 120
114 49 120
114 49 120
115 49 600
115 49 120
115 49 120
116 49 720
116 49 120
116 49 120
116 49 120
117 49 960
117 49 120
117 49 120
117 49 120
118 49 1200
118 49 120
118 49 120
119 49 1320
119 49 120
120 49 1320
120 49 120
121 49 1320
122 49 1320
123 49 1320
124 49 120
124 49 120
124 49 120
124 49 120
124 49 120
124 49 120
125 49 600
126 49 600
127 49 600
128 49 120
128 49 120
128 49 120
129 49 240
129 49 120
130 49 240
131 49 240
132 49 240
133 49 120
133 49 120
134 49 120
134 49 120
135 49 120
135 49 120
136 49 120
136 49 120
137 49 120
137 49 120
138 49 120
138 49 120
139 49 120
139 49 120
140 49 120
140 49 120
141 49 120
141 49 120
142 49 120
142 49 120
143 49 120
143 49 120
144 49 120
144 49 120
145 49 120
145 49 120
146 49 120
146 49 120
146 49 120
147 49 240
147 49 120
148 49 240
148 49 120
148 49 120
149 49 360
149 49 120
149 50 360
149 50 120
149 51 360
149 52 360
149 53 360
149 54 120
149 54 120
149 55 120
149 55 120
149 56 120
149 57 120
149 58 120
149 59 120
149 60 120
149 61 120
149 62 120
149 63 120
149 64 120
149 65 120
149 66 120
149 67 120
149 68 120
149 69 120
149 70 120
149 71 120
149 72 120
149 73 120
149 74 120
150 74 120
151 74 120
152 74 120
153 74 120
154 74 120
155 74 120
156 74 120
156 74 120
157 74 120
157 74 120
158 74 120
158 74 120
158 74 120
159 74 240
159 74 120
159 74 120
160 74 360
160 74 120
160 74 120
161 74 480
161 74 120
162 74 480
162 74 120
163 74 480
163 74 120
164 74 480
164 74 120
164 75 480
164 75 120
164 75 120
164 76 600
164 76 120
164 76 120
164 77 720
164 77 120
164 77 120
164 78 840
164 78 120
164 78 120
164 79 960
164 79 120
164 80 960
164 80 120
164 80 120
164 81 1080
164 81 120
164 81 120
164 82 1200
164 82 120
164 83 1200
164 83 120
164 84 1200
164 84 120
164 85 1200
164 85 120
164 85 120
164 86 1320
164 86 120
164 87 1320
164 87 120
164 87 120
164 88 1440
164 88 120
164 89 1440
164 89 120
164 90 1440
164 90 120
164 90 120
164 91 1560
164 91 120
164 92 1560
164 92 120
164 93 1560
164 94 1560
164 95 1560
164 96 120
164 96 120
164 96 120
164 96 120
164 96 120
164 96 120
164 96 120
164 96 120
164 96 120
164 96 120
164 96 120
164 97 1200
164 98 1200
164 99 1200
164 100 120
164 100 120
164 100 120
164 100 120
164 100 120
164 100 120
164 101 600
164 102 600
164 103 600
164 104 120
164 104 120
164 104 120
164 104 120
164 104 120
164 105 480
164 105 120
164 105 120
164 106 600
164 106 120
164 107 600
164 107 120
164 107 120
164 107 120
164 108 840
164 108 120
164 108 120
164 108 120
164 109 1080
164 109 120
164 109 120
164 109 120
164 110 1320
164 110 120
164 110 120
164 110 120
164 111 1560
164 111 120
164 111 120
164 111 120
164 111 120
164 112 1920
164 112 120
164 112 120
164 112 120
164 112 120
164 112 120
164 113 2400
164 113 120
164 113 120
164 113 120
164 113 120
164 114 2760
164 114 120
164 114 120
164 114 120
164 114 120
164 115 3120
164 115 120
164 115 120
164 115 120
164 116 3360
164 116 120
164 116 120
164 116 120
164 117 3600
164 117 120
164 117 120
164 118 3720
164 118 120
164 119 3720
164 119 120
164 120 3720
164 120 120
164 121 3720
164 122 3720
164 123 3720
164 124 120
164 124 120
164 124 120
164 124 120
164 124 120
164 124 120
164 124 120
164 124 120
164 124 120
164 124 120
164 124 120
164 124 120
164 124 120
164 124 120
164 124 120
164 124 120
164 124 120
164 124 120
164 124 120
164 124 120
164 124 120
164 124 120
164 124 120
164 124 120
164 124 120
164 124 120
164 125 3000
164 126 3000
164 127 3000
164 128 120
164 128 120
164 128 120
164 128 120
164 128 120
164 128 120
164 128 120
164 128 120
164 128 120
164 128 120
164 128 120
164 128 120
164 128 120
164 128 120
164 128 120
164 129 1680
164 130 1680
164 131 1680
164 132 120
164 132 120
164 132 120
164 132 120
164 132 120
164 132 120
164 133 600
164 134 600
164 135 600
164 136 120
164 136 120
164 137 120
164 138 120
164 139 120
164 140 120
164 141 120
164 142 120
164 143 120
164 144 120
164 145 120
164 146 120
164 147 120
164 148 120
164 149 120
164 150 120
164 151 120
164 152 120
163 152 120
162 152 120
161 152 120
160 152 120
159 152 120
158 152 120
157 152 120
157 152 120
156 152 120
156 152 120
155 152 120
155 152 120
154 152 120
154 152 120
154 152 120
153 152 240
153 152 120
153 152 120
152 152 360
152 152 120
152 152 120
151 152 480
151 152 120
151 152 120
151 152 120
150 152 720
150 152 120
150 152 120
149 152 840
149 152 120
149 152 120
149 152 120
148 152 1080
148 152 120
148 152 120
147 152 1200
147 152 120
147 152 120
146 152 1320
146 152 120
146 152 120
145 152 1440
145 152 120
144 152 1440
143 152 1440
142 152 1440
141 152 120
141 152 120
141 152 120
141 152 120
141 152 120
141 152 120
141 152 120
141 152 120
140 152 840
139 152 840
138 152 840
137 152 120
137 152 120
137 152 120
137 152 120
136 152 360
135 152 360
134 152 360
133 152 120
132 152 120
131 152 120
130 152 120
129 152 120
128 152 120
127 152 120
126 152 120
125 152 120
124 152 120
123 152 120
122 152 120
121 152 120
120 152 120
119 152 120
118 152 120
117 152 120
116 152 120
115 152 120
114 152 120
113 152 120
112 152 120
111 152 120
110 152 120
110 151 120
110 150 120
110 149 120
109 149 120
108 149 120
107 149 120
106 149 120
105 149 120
104 149 120
103 149 120
102 149 120
101 149 120
101 149 120
100 149 120
100 149 120
99 149 120
99 149 120
99 149 120
98 149 240
98 149 120
98 149 120
98 149 120
97 149 480
97 149 120
97 149 120
96 149 600
96 149 120
96 149 120
96 149 120
95 149 840
95 149 120
95 149 120
94 149 960
94 149 120
94 149 120
93 149 1080
93 149 120
93 149 120
93 149 120
92 149 1320
92 149 120
92 149 120
91 149 1440
91 149 120
91 149 120
91 149 120
90 149 1680
90 149 120
90 149 120
90 149 120
89 149 1920
89 149 120
89 149 120
89 149 120
88 149 2160
88 149 120
88 149 120
88 149 120
88 149 120
88 149 120
87 149 2640
87 149 120
87 149 120
87 149 120
87 149 120
86 149 3000
86 149 120
86 149 120
86 149 120
86 149 120
86 149 120
85 149 3480
85 149 120
85 149 120
85 149 120
85 149 120
84 149 3840
84 149 120
84 149 120
84 149 120
84 149 120
83 149 4200
83 149 120
83 149 120
83 149 120
82 149 4440
82 149 120
82 149 120
82 149 120
81 149 4680
81 149 120
81 149 120
80 149 4800
80 149 120
79 149 4800
79 149 120
78 149 4800
77 149 4800
76 149 4800
75 149 120
75 149 120
75 149 120
75 149 120
75 149 120
75 149 120
75 149 120
75 149 120
75 149 120
75 149 120
75 149 120
75 149 120
75 149 120
75 149 120
75 149 120
75 149 120
75 149 120
75 149 120
75 149 120
75 149 120
75 149 120
75 149 120
75 149 120
75 149 120
75 149 120
75 149 120
75 149 120
75 149 120
75 149 120
75 149 120
75 149 120
75 149 120
75 149 120
75 149 120
75 149 120
75 149 120
75 149 120
75 149 120
75 149 120
74 149 4560
74 149 120
73 149 4560
72 149 4560
71 149 4560
70 149 120
70 149 120
70 149 120
70 149 120
70 149 120
70 149 120
70 149 120
70 149 120
70 149 120
70 149 120
70 149 120
70 149 120
70 149 120
70 149 120
70 149 120
70 149 120
70 149 120
70 149 120
70 149 120
70 149 120
70 149 120
70 149 120
70 149 120
70 149 120
70 149 120
70 149 120
70 149 120
70 149 120
70 149 120
70 149 120
70 149 120
70 149 120
70 149 120
69 149 3840
68 149 3840
67 149 3840
66 149 120
66 149 120
66 149 120
66 149 120
66 149 120
66 149 120
66 149 120
66 149 120
66 149 120
66 149 120
66 149 120
66 149 120
66 149 120
66 149 120
66 149 120
66 149 120
66 149 120
66 149 120
66 149 120
66 149 120
66 149 120
66 149 120
66 149 120
66 149 120
66 149 120
66 149 120
65 149 3000
64 149 3000
63 149 3000
62 149 120
62 149 120
62 149 120
62 149 120
62 149 120
62 149 120
62 149 120
62 149 120
62 149 120
62 149 120
62 149 120
62 149 120
62 149 120
62 149 120
62 149 120
62 149 120
61 149 1800
60 149 1800
59 149 1800
58 149 120
58 149 120
58 149 120
58 149 120
58 149 120
58 149 120
58 149 120
57 149 720
56 149 720
55 149 720
54 149 120
54 149 120
54 149 120
54 150 240
54 150 120
54 151 240
54 151 120
54 151 120
54 152 360
54 152 120
54 153 360
54 153 120
54 154 360
54 154 120
54 155 360
54 155 120
54 156 360
54 156 120
54 157 360
54 157 120
54 158 360
54 159 360
54 160 360
54 161 120
54 161 120
54 162 120
54 162 120
54 163 120
54 163 120
54 164 120
54 165 120
54 166 120
54 167 120
54 168 120
54 169 120
54 170 120
54 171 120
54 172 120
54 173 120
54 174 120
54 175 120
54 176 120
54 177 120
54 178 120
54 179 120
54 180 120
54 181 120
54 182 120
54 183 120
54 184 120
54 185 120
54 186 120
54 187 120
10 133 120
11 133 120
12 133 120
13 133 120
13 132 120
13 131 120
13 130 120
13 129 120
13 128 120
13 127 120
13 126 120
13 125 120
13 124 120
13 123 120
13 122 120
13 121 120
13 120 120
13 120 120
13 119 120
13 119 120
13 119 120
13 118 240
13 118 120
13 118 120
13 117 360
13 117 120
13 117 120
13 117 120
13 116 600
13 116 120
13 116 120
13 116 120
13 116 120
13 115 960
13 115 120
13 115 120
13 115 120
13 115 120
13 114 1320
13 114 120
13 114 120
13 114 120
13 114 120
13 114 120
13 113 1800
13 113 120
13 113 120
13 113 120
13 113 120
13 113 120
13 112 2280
13 112 120
13 112 120
13 112 120
13 112 120
13 111 2640
13 111 120
13 111 120
13 111 120
13 110 2880
13 110 120
13 110 120
13 109 3000
13 109 120
13 109 120
13 108 3120
13 108 120
13 107 3120
13 107 120
13 107 120
13 106 3240
13 106 120
13 105 3240
13 104 3240
13 103 3240
13 102 120
13 102 120
13 102 120
13 102 120
13 102 120
13 102 120
13 102 120
13 102 120
13 102 120
13 102 120
13 102 120
13 102 120
13 102 120
13 102 120
13 102 120
13 102 120
13 102 120
13 102 120
13 102 120
13 102 120
13 102 120
13 102 120
13 102 120
13 102 120
13 101 2760
13 100 2760
13 99 2760
13 98 120
13 98 120
13 98 120
13 98 120
13 98 120
13 98 120
13 98 120
13 98 120
13 98 120
13 98 120
13 98 120
13 98 120
13 98 120
13 98 120
13 98 120
13 98 120
13 98 120
13 98 120
13 98 120
13 97 2160
13 96 2160
13 95 2160
13 94 120
13 94 120
13 94 120
13 94 120
13 94 120
13 94 120
13 94 120
13 94 120
13 94 120
13 94 120
13 94 120
13 94 120
13 93 1320
13 92 1320
13 91 1320
13 90 120
13 90 120
13 90 120
13 90 120
13 89 360
13 88 360
13 87 360
13 86 120
13 85 120
13 84 120
13 83 120
13 82 120
13 81 120
13 80 120
13 79 120
13 78 120
13 77 120
13 76 120
13 75 120
165 152 120
166 152 120
167 152 120
168 152 120
169 152 120
170 152 120
171 152 120
172 152 120
173 152 120
174 152 120
175 152 120
176 152 120
177 152 120
178 152 120
179 152 120
180 152 120
181 152 120
182 152 120
183 152 120
184 152 120
185 152 120
186 152 120
187 152 120
188 152 120
189 152 120
190 152 120
191 152 120
191 152 120
192 152 120
192 152 120
193 152 120
193 152 120
193 152 120
194 152 240
194 152 120
195 152 240
195 152 120
195 152 120
195 153 360
195 153 120
195 154 360
195 154 120
195 154 120
195 155 480
195 155 120
195 156 480
195 156 120
195 156 120
195 156 120
195 157 720
195 157 120
195 157 120
195 158 840
195 158 120
195 158 120
195 158 120
195 159 1080
195 159 120
195 159 120
195 159 120
195 160 1320
195 160 120
195 160 120
195 160 120
195 161 1560
195 161 120
195 161 120
195 161 120
195 162 1800
195 162 120
195 162 120
195 163 1920
195 163 120
195 163 120
195 163 120
195 164 2160
195 164 120
195 165 2160
195 165 120
195 166 2160
195 167 2160
195 168 2160
195 169 120
195 169 120
195 169 120
195 169 120
195 169 120
195 169 120
195 169 120
195 169 120
195 169 120
195 169 120
195 169 120
195 169 120
195 170 1320
195 171 1320
195 172 1320
195 173 120
195 173 120
195 173 120
195 173 120
195 173 120
195 173 120
195 173 120
195 173 120
195 174 840
195 175 840
195 176 840
195 177 120
195 177 120
195 177 120
195 177 120
195 178 360
195 179 360
195 180 360
195 181 120
195 182 120
195 183 120
195 184 120
195 185 120
195 186 120
195 187 120
195 188 120
195 189 120
195 190 120
195 191 120
195 192 120
195 193 120
195 194 120
195 195 120
195 196 120
195 197 120
195 198 120
195 199 120
165 74 120
165 74 120
165 74 120
165 74 120
165 74 120
166 74 480
167 74 480
168 74 480
169 74 120
169 74 120
169 74 120
170 74 240
171 74 240
172 74 240
173 74 120
174 74 120
175 74 120
176 74 120
177 74 120
178 74 120
179 74 120
180 74 120
181 74 120
182 74 120
183 74 120
184 74 120
185 74 120
185 73 120
185 72 120
185 71 120
185 70 120
185 69 120
185 68 120
185 67 120
185 66 120
185 65 120
185 64 120
185 63 120
185 62 120
185 61 120
185 60 120
185 59 120
185 58 120
185 57 120
185 56 120
185 55 120
185 54 120
185 53 120
185 52 120
185 52 120
185 51 120
185 51 120
185 50 120
185 50 120
185 50 120
185 49 240
185 49 120
185 49 120
185 48 360
185 48 120
185 48 120
185 47 480
185 47 120
185 47 120
185 47 120
185 46 720
185 46 120
185 46 120
185 46 120
185 45 960
185 45 120
185 45 120
185 45 120
185 44 1200
185 44 120
185 44 120
185 44 120
185 44 120
185 43 1560
185 43 120
185 43 120
185 43 120
185 43 120
185 42 1920
185 42 120
185 42 120
185 42 120
185 42 120
185 41 2280
185 41 120
185 41 120
185 41 120
185 41 120
185 40 2640
185 40 120
185 40 120
185 40 120
185 40 120
185 39 3000
185 39 120
185 39 120
185 39 120
185 38 3240
185 38 120
185 38 120
185 38 120
185 37 3480
185 37 120
185 37 120
185 36 3600
185 36 120
185 36 120
185 35 3720
185 35 120
185 35 120
185 34 3840
185 34 120
185 33 3840
185 33 120
185 32 3840
185 32 120
185 31 3840
185 31 120
185 30 3840
185 29 3840
185 28 3840
185 27 120
185 27 120
185 27 120
185 27 120
185 27 120
185 27 120
185 27 120
185 27 120
185 27 120
185 27 120
185 27 120
185 27 120
185 27 120
185 27 120
185 27 120
185 27 120
185 27 120
185 27 120
185 27 120
185 27 120
185 27 120
185 27 120
185 27 120
185 27 120
185 27 120
185 27 120
185 27 120
185 27 120
185 26 3240
185 25 3240
185 24 3240
185 23 120
185 23 120
185 23 120
185 23 120
185 23 120
185 23 120
185 23 120
185 23 120
185 23 120
185 23 120
185 23 120
185 23 120
185 23 120
185 23 120
185 23 120
185 23 120
185 23 120
185 23 120
185 22 2040
185 21 2040
185 20 2040
185 19 120
185 19 120
185 19 120
185 19 120
185 19 120
185 19 120
185 19 120
185 19 120
185 18 840
185 17 840
185 16 840
185 15 120
185 15 120
185 14 120
185 14 120
185 13 120
185 12 120
185 11 120
185 10 120
185 9 120
185 8 120
185 7 120
185 6 120
185 5 120
185 4 120
185 3 120
185 2 120
