92 82 120
91 82 120
90 82 120
89 82 120
88 82 120
87 82 120
86 82 120
85 82 120
84 82 120
83 82 120
82 82 120
81 82 120
80 82 120
79 82 120
78 82 120
77 82 120
76 82 120
75 82 120
74 82 120
73 82 120
72 82 120
71 82 120
70 82 120
69 82 120
68 82 120
67 82 120
66 82 120
65 82 120
65 82 120
64 82 120
64 82 120
63 82 120
63 82 120
63 82 120
62 82 240
62 82 120
61 82 240
61 82 120
61 81 240
61 81 120
61 80 240
61 80 120
61 79 240
61 79 120
61 78 240
61 78 120
61 77 240
61 76 240
61 75 240
61 74 120
61 73 120
61 72 120
61 71 120
61 70 120
61 69 120
61 68 120
61 67 120
61 66 120
61 65 120
61 64 120
61 63 120
61 62 120
61 61 120
61 60 120
61 59 120
61 58 120
61 57 120
61 56 120
61 55 120
61 54 120
61 53 120
61 52 120
61 51 120
61 50 120
61 49 120
61 48 120
61 47 120
61 46 120
61 45 120
61 44 120
61 43 120
61 42 120
61 41 120
61 40 120
61 39 120
61 38 120
61 37 120
61 36 120
61 35 120
61 34 120
61 33 120
61 32 120
61 31 120
61 30 120
61 29 120
61 28 120
61 27 120
61 26 120
61 25 120
61 24 120
61 23 120
61 22 120
61 21 120
61 20 120
61 19 120
61 18 120
61 17 120
61 16 120
61 15 120
61 14 120
61 13 120
93 82 120
94 82 120
95 82 120
96 82 120
97 82 120
98 82 120
99 82 120
100 82 120
101 82 120
102 82 120
103 82 120
104 82 120
105 82 120
106 82 120
107 82 120
108 82 120
109 82 120
110 82 120
111 82 120
112 82 120
113 82 120
114 82 120
115 82 120
116 82 120
117 82 120
118 82 120
119 82 120
120 82 120
121 82 120
122 82 120
123 82 120
124 82 120
125 82 120
126 82 120
127 82 120
128 82 120
129 82 120
130 82 120
131 82 120
132 82 120
133 82 120
134 82 120
135 82 120
136 82 120
137 82 120
138 82 120
139 82 120
140 82 120
141 82 120
142 82 120
143 82 120
144 82 120
145 82 120
146 82 120
147 82 120
148 82 120
149 82 120
150 82 120
151 82 120
152 82 120
153 82 120
154 82 120
154 83 120
154 84 120
154 85 120
154 86 120
154 87 120
154 88 120
154 89 120
154 90 120
154 91 120
154 92 120
154 93 120
154 94 120
154 95 120
154 96 120
154 97 120
154 98 120
154 99 120
154 100 120
154 101 120
154 102 120
154 103 120
154 104 120
154 105 120
154 106 120
154 107 120
154 108 120
154 109 120
154 110 120
154 111 120
154 112 120
154 113 120
154 114 120
69 83 120
69 84 120
69 85 120
69 86 120
69 87 120
69 88 120
69 88 120
69 89 120
69 89 120
69 90 120
69 90 120
69 90 120
69 91 240
69 91 120
69 91 120
69 92 360
69 92 120
69 93 360
69 93 120
69 93 120
69 94 480
69 94 120
69 95 480
69 96 480
69 97 480
69 98 120
69 98 120
69 98 120
69 99 240
69 99 120
69 100 240
69 100 120
69 101 240
69 101 120
69 101 120
69 102 360
69 102 120
69 103 360
69 103 120
69 104 360
69 104 120
69 105 360
69 105 120
69 106 360
69 107 360
69 108 360
69 109 120
69 109 120
69 110 120
69 110 120
69 110 120
69 111 240
69 111 120
69 112 240
69 112 120
69 113 240
69 113 120
69 113 120
69 114 360
69 114 120
69 115 360
69 115 120
69 115 120
69 116 480
69 116 120
69 117 480
69 118 480
69 119 480
69 120 120
69 120 120
69 121 120
69 121 120
69 122 120
69 123 120
69 124 120
69 125 120
69 126 120
69 127 120
69 128 120
69 129 120
69 130 120
69 131 120
69 132 120
69 133 120
69 134 120
69 135 120
69 136 120
69 137 120
69 138 120
69 139 120
69 140 120
69 141 120
69 142 120
69 143 120
69 144 120
69 145 120
69 146 120
69 147 120
69 148 120
69 149 120
69 150 120
69 151 120
69 152 120
69 153 120
69 154 120
69 155 120
69 156 120
69 157 120
69 158 120
69 159 120
69 160 120
69 161 120
69 162 120
69 163 120
69 164 120
69 165 120
69 166 120
69 167 120
69 168 120
69 169 120
69 170 120
69 171 120
69 172 120
69 173 120
69 174 120
69 175 120
69 176 120
69 177 120
69 178 120
69 179 120
1 53 120
2 53 120
3 53 120
4 53 120
5 53 120
6 53 120
7 53 120
8 53 120
9 53 120
10 53 120
11 53 120
12 53 120
13 53 120
14 53 120
15 53 120
16 53 120
17 53 120
18 53 120
19 53 120
20 53 120
21 53 120
22 53 120
23 53 120
24 53 120
25 53 120
26 53 120
27 53 120
28 53 120
29 53 120
30 53 120
31 53 120
32 53 120
33 53 120
34 53 120
35 53 120
36 53 120
37 53 120
38 53 120
39 53 120
40 53 120
41 53 120
42 53 120
43 53 120
44 53 120
45 53 120
46 53 120
47 53 120
48 53 120
49 53 120
50 53 120
51 53 120
52 53 120
53 53 120
54 53 120
55 53 120
56 53 120
57 53 120
58 53 120
59 53 120
60 53 120
