163 152 120
162 152 120
161 152 120
160 152 120
159 152 120
158 152 120
157 152 120
156 152 120
155 152 120
154 152 120
153 152 120
152 152 120
151 152 120
150 152 120
149 152 120
148 152 120
147 152 120
146 152 120
145 152 120
144 152 120
143 152 120
142 152 120
141 152 120
140 152 120
139 152 120
138 152 120
137 152 120
136 152 120
135 152 120
134 152 120
133 152 120
132 152 120
131 152 120
130 152 120
129 152 120
128 152 120
127 152 120
126 152 120
125 152 120
124 152 120
123 152 120
122 152 120
121 152 120
120 152 120
119 152 120
118 152 120
117 152 120
116 152 120
115 152 120
114 152 120
113 152 120
112 152 120
111 152 120
110 152 120
109 152 120
108 152 120
107 152 120
106 152 120
105 152 120
104 152 120
103 152 120
102 152 120
101 152 120
100 152 120
99 152 120
98 152 120
97 152 120
96 152 120
95 152 120
94 152 120
93 152 120
92 152 120
91 152 120
90 152 120
89 152 120
88 152 120
87 152 120
86 152 120
85 152 120
84 152 120
83 152 120
83 152 120
82 152 120
82 152 120
81 152 120
81 152 120
81 152 120
81 152 120
80 152 360
80 152 120
80 152 120
79 152 480
79 152 120
79 152 120
79 152 120
78 152 720
78 152 120
78 152 120
78 152 120
77 152 960
77 152 120
77 152 120
76 152 1080
76 152 120
76 152 120
75 152 1200
75 152 120
75 152 120
74 152 1320
74 152 120
73 152 1320
73 152 120
72 152 1320
71 152 1320
71 153 1320
71 154 120
71 154 120
71 154 120
71 154 120
71 154 120
71 154 120
71 154 120
71 154 120
71 154 120
71 154 120
71 155 1080
71 155 120
71 156 1080
71 156 120
71 156 120
71 157 1200
71 157 120
71 158 1200
71 158 120
71 159 1200
71 159 120
71 159 120
71 160 1320
71 161 1320
71 162 1320
71 163 120
71 163 120
71 163 120
71 163 120
71 163 120
71 163 120
71 163 120
71 163 120
71 164 840
71 165 840
71 166 840
71 167 120
71 167 120
71 167 120
71 168 240
71 169 240
71 170 240
71 171 120
71 172 120
71 173 120
71 174 120
71 175 120
71 176 120
71 177 120
71 178 120
71 179 120
71 180 120
71 181 120
71 182 120
71 183 120
103 151 120
103 150 120
103 149 120
103 148 120
103 147 120
103 146 120
103 145 120
103 144 120
103 143 120
103 142 120
103 141 120
103 140 120
103 139 120
103 138 120
103 137 120
103 136 120
103 135 120
103 135 120
103 134 120
103 134 120
103 133 120
103 133 120
103 132 120
103 132 120
103 131 120
103 131 120
103 131 120
103 130 240
103 130 120
103 129 240
103 129 120
103 129 120
103 128 360
103 128 120
103 128 120
103 128 120
103 127 600
103 127 120
103 127 120
103 127 120
103 126 840
103 126 120
103 126 120
103 126 120
103 125 1080
103 125 120
103 125 120
103 125 120
103 125 120
103 124 1440
103 124 120
103 124 120
103 124 120
103 124 120
103 124 120
103 123 1920
103 123 120
103 123 120
103 123 120
103 123 120
103 122 2280
103 122 120
103 122 120
103 122 120
103 122 120
103 121 2640
103 121 120
103 121 120
103 121 120
103 120 2880
103 120 120
103 120 120
103 120 120
103 119 3120
103 119 120
103 119 120
103 118 3240
103 118 120
103 117 3240
103 116 3240
103 115 3240
103 114 120
103 114 120
103 114 120
103 114 120
103 114 120
103 114 120
103 114 120
103 114 120
103 114 120
103 114 120
103 114 120
103 114 120
103 114 120
103 114 120
103 114 120
103 114 120
103 114 120
103 114 120
103 114 120
103 114 120
103 114 120
103 114 120
103 113 2520
103 112 2520
103 111 2520
103 110 120
103 110 120
103 110 120
103 110 120
103 110 120
103 110 120
103 110 120
103 110 120
103 110 120
103 110 120
103 110 120
103 110 120
103 110 120
103 110 120
103 109 1560
103 108 1560
103 107 1560
103 106 120
103 106 120
103 106 120
103 106 120
103 106 120
103 106 120
103 106 120
103 106 120
103 106 120
103 105 960
103 104 960
103 103 960
103 102 120
103 102 120
103 102 120
103 102 120
103 101 360
103 100 360
103 99 360
103 98 120
103 98 120
103 97 120
103 97 120
103 96 120
103 96 120
103 95 120
103 94 120
103 94 120
103 93 120
103 93 120
103 92 120
103 92 120
103 91 120
103 91 120
103 90 120
103 90 120
103 89 120
103 89 120
103 89 120
103 88 240
103 88 120
103 87 240
103 87 120
103 87 120
103 86 360
103 86 120
103 85 360
103 85 120
103 84 360
103 84 120
103 84 120
103 83 480
103 83 120
103 82 480
103 82 120
103 81 480
103 81 120
103 80 480
103 79 480
103 78 480
103 77 120
103 77 120
103 76 120
103 76 120
103 75 120
103 74 120
103 73 120
103 72 120
103 71 120
103 70 120
103 69 120
103 68 120
103 67 120
103 66 120
103 65 120
103 64 120
103 63 120
103 62 120
104 62 120
105 62 120
106 62 120
107 62 120
108 62 120
109 62 120
110 62 120
111 62 120
112 62 120
113 62 120
113 62 120
114 62 120
114 62 120
114 62 120
115 62 240
115 62 120
115 62 120
116 62 360
116 62 120
116 62 120
116 62 120
117 62 600
117 62 120
117 62 120
117 62 120
117 62 120
118 62 960
118 62 120
118 62 120
118 62 120
118 62 120
119 62 1320
119 62 120
119 62 120
119 62 120
119 62 120
120 62 1680
120 62 120
120 62 120
120 62 120
120 62 120
120 62 120
121 62 2160
121 62 120
121 62 120
121 62 120
122 62 2400
122 62 120
122 62 120
122 62 120
122 62 120
123 62 2760
123 62 120
123 62 120
123 62 120
124 62 3000
124 62 120
124 62 120
125 62 3120
125 62 120
126 62 3120
126 62 120
126 62 120
127 62 3240
127 62 120
128 62 3240
129 62 3240
130 62 3240
131 62 120
131 62 120
131 62 120
131 62 120
131 62 120
131 62 120
131 62 120
131 62 120
131 62 120
131 62 120
131 62 120
131 62 120
131 62 120
131 62 120
131 62 120
131 62 120
131 62 120
131 62 120
131 62 120
131 62 120
131 62 120
131 62 120
131 62 120
132 62 2640
133 62 2640
134 62 2640
135 62 120
135 62 120
135 62 120
135 62 120
135 62 120
135 62 120
135 62 120
135 62 120
135 62 120
135 62 120
135 62 120
135 62 120
135 62 120
135 62 120
135 62 120
135 62 120
136 62 1800
137 62 1800
138 62 1800
139 62 120
139 62 120
139 62 120
139 62 120
139 62 120
139 62 120
139 62 120
139 62 120
139 62 120
139 62 120
139 62 120
139 62 120
139 62 120
140 62 1440
140 62 120
140 62 120
141 62 1560
141 62 120
142 62 1560
142 62 120
142 62 120
143 62 1680
143 62 120
144 62 1680
144 62 120
144 62 120
145 62 1800
145 62 120
145 62 120
146 62 1920
146 62 120
146 62 120
146 62 120
147 62 2160
147 62 120
147 62 120
148 62 2280
148 62 120
148 62 120
149 62 2400
149 62 120
149 62 120
150 62 2520
150 62 120
150 62 120
151 62 2640
151 62 120
151 62 120
152 62 2760
152 62 120
152 62 120
153 62 2880
153 62 120
153 62 120
153 62 120
154 62 3120
154 62 120
154 62 120
155 62 3240
155 62 120
155 62 120
155 62 120
156 62 3480
156 62 120
156 62 120
156 62 120
157 62 3720
157 62 120
157 62 120
157 62 120
158 62 3960
158 62 120
158 62 120
158 62 120
159 62 4200
159 62 120
159 62 120
160 62 4320
160 62 120
160 62 120
161 62 4440
161 62 120
162 62 4440
162 62 120
163 62 4440
164 62 4440
165 62 4440
166 62 120
166 62 120
166 62 120
166 62 120
166 62 120
166 62 120
166 62 120
166 62 120
166 62 120
166 62 120
166 62 120
166 62 120
166 62 120
166 62 120
166 62 120
166 62 120
166 62 120
166 62 120
166 62 120
166 62 120
166 62 120
166 62 120
166 62 120
166 62 120
166 62 120
166 62 120
166 62 120
166 62 120
166 62 120
166 62 120
166 62 120
166 62 120
166 62 120
167 62 3840
168 62 3840
169 62 3840
170 62 120
170 62 120
170 62 120
170 62 120
170 62 120
170 62 120
170 62 120
170 62 120
170 62 120
170 62 120
170 62 120
170 62 120
170 62 120
170 62 120
170 62 120
170 62 120
170 62 120
170 62 120
170 62 120
170 62 120
170 62 120
170 62 120
170 62 120
170 62 120
171 62 2760
172 62 2760
173 62 2760
174 62 120
174 62 120
174 62 120
174 62 120
174 62 120
174 62 120
174 62 120
174 62 120
174 62 120
174 62 120
174 62 120
174 62 120
174 62 120
174 62 120
174 62 120
174 62 120
174 62 120
174 62 120
174 62 120
174 62 120
174 62 120
174 61 2400
174 61 120
174 60 2400
174 60 120
174 59 2400
174 58 2400
174 57 2400
174 56 120
174 56 120
174 56 120
174 56 120
174 56 120
174 56 120
174 56 120
174 56 120
174 56 120
174 56 120
174 56 120
174 56 120
174 56 120
174 56 120
174 55 1560
174 54 1560
174 53 1560
174 52 120
174 52 120
174 52 120
174 52 120
174 51 360
174 50 360
174 49 360
174 48 120
174 47 120
174 46 120
174 45 120
174 44 120
174 43 120
174 42 120
174 41 120
174 40 120
174 39 120
174 39 120
174 38 120
174 38 120
174 37 120
174 37 120
174 37 120
174 36 240
174 36 120
174 35 240
174 35 120
174 35 120
174 34 360
174 34 120
174 33 360
174 33 120
174 33 120
174 32 480
174 32 120
174 32 120
174 31 600
174 31 120
174 31 120
174 30 720
174 30 120
174 30 120
174 29 840
174 29 120
174 28 840
174 28 120
174 28 120
174 27 960
174 27 120
174 26 960
174 25 960
174 24 960
174 23 120
174 23 120
174 23 120
174 23 120
174 23 120
174 23 120
174 23 120
174 22 720
174 22 120
174 21 720
174 20 720
174 19 720
174 18 120
174 18 120
174 18 120
174 18 120
174 18 120
174 17 480
174 16 480
174 15 480
174 14 120
174 14 120
174 13 120
174 13 120
174 12 120
174 11 120
174 10 120
174 9 120
174 8 120
174 7 120
