147 95 50
146 95 50
145 95 50
144 95 50
143 95 50
142 95 50
141 95 50
140 95 50
139 95 50
138 95 50
137 95 50
136 95 50
135 95 50
134 95 50
134 94 50
134 93 50
134 92 50
134 91 50
134 90 50
134 89 50
134 88 50
134 87 50
134 86 50
134 85 50
134 84 50
134 83 50
134 82 50
134 81 50
134 80 50
134 79 50
134 78 50
134 77 50
134 76 50
134 75 50
134 74 50
134 73 50
134 72 50
134 71 50
134 70 50
134 69 50
134 68 50
134 67 50
134 66 50
134 65 50
134 64 50
134 63 50
134 62 50
134 61 50
134 60 50
104 146 50
103 146 50
102 146 50
101 146 50
100 146 50
99 146 50
98 146 50
97 146 50
96 146 50
95 146 50
94 146 50
93 146 50
92 146 50
91 146 50
90 146 50
89 146 50
88 146 50
87 146 50
86 146 50
85 146 50
85 146 50
84 146 50
84 146 50
83 146 50
83 146 50
82 146 50
82 146 50
81 146 50
81 146 50
80 146 50
80 146 50
79 146 50
79 146 50
78 146 50
78 146 50
77 146 50
77 146 50
76 146 50
76 146 50
75 146 50
75 146 50
74 146 50
74 146 50
74 146 50
73 146 50
73 146 50
73 146 50
72 146 50
72 146 50
72 146 50
71 146 50
71 146 50
71 146 50
71 146 50
70 146 50
70 146 50
70 146 50
70 146 50
69 146 50
69 146 50
69 146 50
69 146 50
69 146 50
69 146 50
68 146 50
68 146 50
68 146 50
68 146 50
68 146 50
68 146 50
68 146 50
67 146 50
67 146 50
67 146 50
67 146 50
67 146 50
67 146 50
67 146 50
67 146 50
67 146 50
66 146 50
66 146 50
66 146 50
66 146 50
66 146 50
66 146 50
66 146 50
66 146 50
66 146 50
66 146 50
66 146 50
65 146 50
65 146 50
65 146 50
65 146 50
65 146 50
65 146 50
65 146 50
65 146 50
65 146 50
65 146 50
65 146 50
65 146 50
65 146 50
65 146 50
64 146 50
64 146 50
64 146 50
64 146 50
64 146 50
64 146 50
64 146 50
64 146 50
64 146 50
64 146 50
64 146 50
64 146 50
64 146 50
64 146 50
64 146 50
64 146 50
64 146 50
63 146 50
63 146 50
63 146 50
63 146 50
63 146 50
63 146 50
63 146 50
63 146 50
63 146 50
63 146 50
63 146 50
63 146 50
63 146 50
63 146 50
63 146 50
63 146 50
63 146 50
63 146 50
63 146 50
62 146 50
62 146 50
62 146 50
62 146 50
62 146 50
62 146 50
62 146 50
62 146 50
62 146 50
62 146 50
62 146 50
62 146 50
62 146 50
62 146 50
62 146 50
62 146 50
62 146 50
62 146 50
62 146 50
62 146 50
62 146 50
61 146 50
61 146 50
61 146 50
61 146 50
61 146 50
61 146 50
61 146 50
61 146 50
61 146 50
61 146 50
61 146 50
61 146 50
61 146 50
61 146 50
61 146 50
61 146 50
61 146 50
61 146 50
61 146 50
61 146 50
61 146 50
61 146 50
61 146 50
60 146 50
60 146 50
60 146 50
60 146 50
60 146 50
60 146 50
60 146 50
60 146 50
60 146 50
60 146 50
60 146 50
60 146 50
60 146 50
60 146 50
60 146 50
60 146 50
60 146 50
60 146 50
60 146 50
60 146 50
60 146 50
60 146 50
60 146 50
59 146 50
59 146 50
59 146 50
59 146 50
59 146 50
59 146 50
59 146 50
59 146 50
59 146 50
59 146 50
59 146 50
59 146 50
59 146 50
59 146 50
59 146 50
59 146 50
59 146 50
59 146 50
59 146 50
59 146 50
59 146 50
59 146 50
59 146 50
58 146 50
58 146 50
58 146 50
58 146 50
58 146 50
58 146 50
58 146 50
58 146 50
58 146 50
58 146 50
58 146 50
58 146 50
58 146 50
58 146 50
58 146 50
58 146 50
58 146 50
58 146 50
58 146 50
58 146 50
58 146 50
58 146 50
57 146 50
57 146 50
57 146 50
57 146 50
57 146 50
57 146 50
57 146 50
57 146 50
57 146 50
57 146 50
57 146 50
57 146 50
57 146 50
57 146 50
57 146 50
57 146 50
57 146 50
57 146 50
57 146 50
57 146 50
56 146 50
56 146 50
56 146 50
56 146 50
56 146 50
56 146 50
56 146 50
56 146 50
56 146 50
56 146 50
56 146 50
56 146 50
56 146 50
56 146 50
56 146 50
56 146 50
56 146 50
56 146 50
56 146 50
55 146 50
55 146 50
55 146 50
55 146 50
55 146 50
55 146 50
55 146 50
55 146 50
55 146 50
55 146 50
55 146 50
55 146 50
55 146 50
55 146 50
55 146 50
55 146 50
55 146 50
54 146 50
54 146 50
54 146 50
54 146 50
54 146 50
54 146 50
54 146 50
54 146 50
54 146 50
54 146 50
54 146 50
54 146 50
54 146 50
54 146 50
54 146 50
53 146 50
53 146 50
53 146 50
53 146 50
53 146 50
53 146 50
53 146 50
53 146 50
53 146 50
53 146 50
53 146 50
53 146 50
53 146 50
52 146 50
52 146 50
52 146 50
52 146 50
52 146 50
52 146 50
52 146 50
52 146 50
52 146 50
52 146 50
52 146 50
51 146 50
51 146 50
51 146 50
51 146 50
51 146 50
51 146 50
51 146 50
51 146 50
51 146 50
50 146 50
50 146 50
50 146 50
50 146 50
50 146 50
50 146 50
50 146 50
50 146 50
49 146 50
49 146 50
49 146 50
49 146 50
49 146 50
49 146 50
48 146 50
48 146 50
48 146 50
48 146 50
48 146 50
47 146 50
47 146 50
47 146 50
47 146 50
46 146 50
46 146 50
46 146 50
45 146 50
45 146 50
44 146 50
43 146 50
42 146 50
41 146 50
40 146 50
39 146 50
38 146 50
37 146 50
36 146 50
35 146 50
34 146 50
33 146 50
32 146 50
31 146 50
30 146 50
30 145 50
30 144 50
30 143 50
30 142 50
30 141 50
30 140 50
30 139 50
30 138 50
30 137 50
30 136 50
73 147 50
73 147 50
73 147 50
73 148 50
73 148 50
73 149 50
73 149 50
73 150 50
73 150 50
73 151 50
73 152 50
73 153 50
73 154 50
73 155 50
73 156 50
73 157 50
73 158 50
73 159 50
73 160 50
73 161 50
73 162 50
73 163 50
73 164 50
73 165 50
73 166 50
74 166 50
75 166 50
76 166 50
77 166 50
78 166 50
79 166 50
80 166 50
81 166 50
82 166 50
83 166 50
84 166 50
85 166 50
86 166 50
87 166 50
88 166 50
89 166 50
90 166 50
91 166 50
92 166 50
92 167 50
92 168 50
92 169 50
92 170 50
92 171 50
92 172 50
92 173 50
92 174 50
92 175 50
92 176 50
92 177 50
92 178 50
92 179 50
92 180 50
92 181 50
92 182 50
92 183 50
92 184 50
92 185 50
92 186 50
92 187 50
92 188 50
92 189 50
92 190 50
92 191 50
92 192 50
92 193 50
92 194 50
17 174 50
18 174 50
19 174 50
20 174 50
21 174 50
22 174 50
23 174 50
24 174 50
25 174 50
25 174 50
26 174 50
26 174 50
27 174 50
27 174 50
27 174 50
28 174 50
28 174 50
28 174 50
28 174 50
29 174 50
29 174 50
29 174 50
29 174 50
29 174 50
29 174 50
30 174 50
30 174 50
30 174 50
30 174 50
30 174 50
30 174 50
30 174 50
30 173 300
30 172 50
30 172 50
30 172 50
30 172 50
30 172 50
30 171 50
30 171 50
30 171 50
30 171 50
30 170 50
30 170 50
30 170 50
30 169 50
30 169 50
30 168 50
30 168 50
30 167 50
30 166 50
30 165 50
30 164 50
30 163 50
30 162 50
30 161 50
30 160 50
30 159 50
30 158 50
30 157 50
30 156 50
30 155 50
30 154 50
30 153 50
30 152 50
30 151 50
30 150 50
30 149 50
30 148 50
30 147 50
26 67 50
27 67 50
28 67 50
29 67 50
30 67 50
30 68 50
30 69 50
30 70 50
30 71 50
30 72 50
30 73 50
30 74 50
30 74 50
30 75 50
30 75 50
30 76 50
30 76 50
30 77 50
30 77 50
30 78 50
30 78 50
30 79 50
30 79 50
30 80 50
30 80 50
30 81 50
30 81 50
30 82 50
30 83 50
30 84 50
30 85 50
30 86 50
30 87 50
30 88 50
30 89 50
30 90 50
30 91 50
30 92 50
30 93 50
30 94 50
30 95 50
30 96 50
30 97 50
30 98 50
30 99 50
30 100 50
30 101 50
30 102 50
30 103 50
30 104 50
30 105 50
30 106 50
30 107 50
30 108 50
30 109 50
30 110 50
30 111 50
30 112 50
30 113 50
30 114 50
30 114 50
30 115 50
30 115 50
30 116 50
30 116 50
30 117 50
30 117 50
30 117 50
30 118 50
30 118 50
30 118 50
30 119 50
30 119 50
30 119 50
30 119 50
30 120 50
30 120 50
30 120 50
30 120 50
30 121 50
30 121 50
30 121 50
30 121 50
30 122 50
30 122 50
30 122 50
30 122 50
30 123 50
30 123 50
30 123 50
30 123 50
30 124 50
30 124 50
30 124 50
30 124 50
30 125 50
30 125 50
30 125 50
30 125 50
30 126 50
30 126 50
30 126 50
30 126 50
30 127 50
30 127 50
30 127 50
30 128 50
30 128 50
30 128 50
30 129 50
30 129 50
30 130 50
30 130 50
30 131 50
30 131 50
30 132 50
30 133 50
30 134 50
30 135 50
31 67 50
32 67 50
33 67 50
34 67 50
35 67 50
36 67 50
37 67 50
38 67 50
39 67 50
40 67 50
41 67 50
42 67 50
43 67 50
44 67 50
45 67 50
46 67 50
47 67 50
48 67 50
49 67 50
50 67 50
50 67 50
51 67 50
51 67 50
52 67 50
52 67 50
52 67 50
53 67 50
53 67 50
53 67 50
54 67 50
54 67 50
54 67 50
54 67 50
55 67 50
55 67 50
55 67 50
55 67 50
55 67 50
56 67 50
56 67 50
56 67 50
56 67 50
56 67 50
56 67 50
56 67 50
57 67 50
57 67 50
57 67 50
57 67 50
57 67 50
57 67 50
57 67 50
57 67 50
58 67 50
58 67 50
58 67 50
58 67 50
58 67 50
58 67 50
58 67 50
58 67 50
58 67 50
58 67 50
59 67 50
59 67 50
59 67 50
59 67 50
59 67 50
59 67 50
59 67 50
59 67 50
59 67 50
59 67 50
59 67 50
59 67 50
59 67 50
60 67 50
60 67 50
60 67 50
60 67 50
60 67 50
60 67 50
60 67 50
60 67 50
60 67 50
60 67 50
60 67 50
60 67 50
60 67 50
60 67 50
60 67 50
61 67 50
61 67 50
61 67 50
61 67 50
61 67 50
61 67 50
61 67 50
61 67 50
61 67 50
61 67 50
61 67 50
61 67 50
61 67 50
61 67 50
61 67 50
61 67 50
61 67 50
62 67 50
62 67 50
62 67 50
62 67 50
62 67 50
62 67 50
62 67 50
62 67 50
62 67 50
62 67 50
62 67 50
62 67 50
62 67 50
62 67 50
62 67 50
62 67 50
62 67 50
62 67 50
62 67 50
62 67 50
63 67 50
63 67 50
63 67 50
63 67 50
63 67 50
63 67 50
63 67 50
63 67 50
63 67 50
63 67 50
63 67 50
63 67 50
63 67 50
63 67 50
63 67 50
63 67 50
63 67 50
63 67 50
63 67 50
63 67 50
63 67 50
63 67 50
64 67 50
64 67 50
64 67 50
64 67 50
64 67 50
64 67 50
64 67 50
64 67 50
64 67 50
64 67 50
64 67 50
64 67 50
64 67 50
64 67 50
64 67 50
64 67 50
64 67 50
64 67 50
64 67 50
64 67 50
64 67 50
64 67 50
64 67 50
64 67 50
64 67 50
65 67 50
65 67 50
65 67 50
65 67 50
65 67 50
65 67 50
65 67 50
65 67 50
65 67 50
65 67 50
65 67 50
65 67 50
65 67 50
65 67 50
65 67 50
65 67 50
65 67 50
65 67 50
65 67 50
65 67 50
65 67 50
65 67 50
65 67 50
65 67 50
65 67 50
65 67 50
65 67 50
65 67 50
65 66 1350
65 65 50
65 65 50
65 65 50
65 65 50
65 65 50
65 65 50
65 65 50
65 65 50
65 65 50
65 65 50
65 65 50
65 65 50
65 65 50
65 65 50
65 65 50
65 65 50
65 65 50
65 65 50
65 65 50
65 65 50
65 65 50
65 65 50
65 65 50
65 65 50
65 65 50
65 65 50
65 64 50
65 64 50
65 64 50
65 64 50
65 64 50
65 64 50
65 64 50
65 64 50
65 64 50
65 64 50
65 64 50
65 64 50
65 64 50
65 64 50
65 64 50
65 64 50
65 64 50
65 64 50
65 64 50
65 64 50
65 64 50
65 64 50
65 64 50
65 64 50
65 64 50
65 63 50
65 63 50
65 63 50
65 63 50
65 63 50
65 63 50
65 63 50
65 63 50
65 63 50
65 63 50
65 63 50
65 63 50
65 63 50
65 63 50
65 63 50
65 63 50
65 63 50
65 63 50
65 63 50
65 63 50
65 63 50
65 63 50
65 63 50
65 63 50
65 62 50
65 62 50
65 62 50
65 62 50
65 62 50
65 62 50
65 62 50
65 62 50
65 62 50
65 62 50
65 62 50
65 62 50
65 62 50
65 62 50
65 62 50
65 62 50
65 62 50
65 62 50
65 62 50
65 62 50
65 62 50
65 62 50
65 61 50
65 61 50
65 61 50
65 61 50
65 61 50
65 61 50
65 61 50
65 61 50
65 61 50
65 61 50
65 61 50
65 61 50
65 61 50
65 61 50
65 61 50
65 61 50
65 61 50
65 61 50
65 61 50
65 61 50
65 60 50
65 60 50
65 60 50
65 60 50
65 60 50
65 60 50
65 60 50
65 60 50
65 60 50
65 60 50
65 60 50
65 60 50
65 60 50
65 60 50
65 60 50
65 60 50
65 60 50
65 60 50
65 59 50
65 59 50
65 59 50
65 59 50
65 59 50
65 59 50
65 59 50
65 59 50
65 59 50
65 59 50
65 59 50
65 59 50
65 59 50
65 59 50
65 59 50
65 58 50
65 58 50
65 58 50
65 58 50
65 58 50
65 58 50
65 58 50
65 58 50
65 58 50
65 58 50
65 58 50
65 58 50
65 58 50
65 57 50
65 57 50
65 57 50
65 57 50
65 57 50
65 57 50
65 57 50
65 57 50
65 57 50
65 57 50
65 57 50
65 56 50
65 56 50
65 56 50
65 56 50
65 56 50
65 56 50
65 56 50
65 56 50
65 56 50
65 56 50
65 55 50
65 55 50
65 55 50
65 55 50
65 55 50
65 55 50
65 55 50
65 55 50
65 54 50
65 54 50
65 54 50
65 54 50
65 54 50
65 54 50
65 54 50
65 53 50
65 53 50
65 53 50
65 53 50
65 53 50
65 53 50
65 52 50
65 52 50
65 52 50
65 52 50
65 52 50
65 51 50
65 51 50
65 51 50
65 51 50
65 50 50
65 50 50
65 50 50
65 49 50
65 49 50
65 49 50
65 48 50
65 48 50
65 47 50
65 47 50
65 46 50
65 46 50
65 45 50
65 45 50
65 44 50
65 43 50
65 42 50
65 41 50
65 40 50
65 39 50
65 38 50
65 37 50
65 36 50
65 35 50
65 34 50
65 33 50
65 32 50
65 31 50
65 30 50
66 30 50
67 30 50
68 30 50
69 30 50
70 30 50
71 30 50
72 30 50
73 30 50
74 30 50
75 30 50
76 30 50
77 30 50
78 30 50
79 30 50
80 30 50
81 30 50
82 30 50
82 30 50
83 30 50
83 30 50
84 30 50
84 30 50
84 30 50
85 30 50
85 30 50
85 30 50
85 30 50
86 30 50
86 30 50
86 30 50
86 30 50
86 30 50
87 30 50
87 30 50
87 30 50
87 30 50
87 30 50
87 30 50
88 30 50
88 30 50
88 30 50
88 30 50
88 30 50
88 30 50
88 30 50
89 30 50
89 30 50
89 30 50
89 30 50
89 30 50
89 30 50
89 30 50
89 30 50
90 30 50
90 30 50
90 30 50
90 30 50
90 30 50
90 30 50
90 30 50
90 30 50
91 30 50
91 30 50
91 30 50
91 30 50
91 30 50
91 30 50
91 30 50
92 30 50
92 30 50
92 30 50
92 30 50
92 30 50
92 30 50
92 30 50
93 30 50
93 30 50
93 30 50
93 30 50
93 30 50
94 30 50
94 30 50
94 30 50
94 30 50
95 30 50
95 30 50
95 30 50
95 30 50
96 30 50
96 30 50
96 30 50
97 30 50
97 30 50
98 30 50
98 30 50
99 30 50
100 30 50
101 30 50
102 30 50
103 30 50
104 30 50
105 30 50
106 30 50
107 30 50
108 30 50
109 30 50
110 30 50
111 30 50
112 30 50
112 29 50
112 28 50
112 27 50
112 26 50
112 25 50
112 24 50
112 23 50
112 22 50
112 21 50
112 20 50
112 19 50
112 18 50
112 17 50
112 16 50
112 15 50
112 14 50
112 13 50
112 12 50
112 11 50
