81 40 120
80 40 120
79 40 120
78 40 120
77 40 120
76 40 120
75 40 120
74 40 120
73 40 120
72 40 120
71 40 120
70 40 120
69 40 120
69 40 120
68 40 120
68 40 120
67 40 120
67 40 120
67 40 120
66 40 240
66 40 120
66 40 120
65 40 360
65 40 120
64 40 360
64 40 120
64 40 120
63 40 480
63 40 120
63 40 120
62 40 600
62 40 120
62 40 120
61 40 720
61 40 120
61 40 120
61 40 120
60 40 960
60 40 120
60 40 120
60 40 120
59 40 1200
59 40 120
59 40 120
59 40 120
59 40 120
58 40 1560
58 40 120
58 40 120
58 40 120
57 40 1800
57 40 120
57 40 120
57 40 120
57 40 120
56 40 2160
56 40 120
56 40 120
56 40 120
55 40 2400
55 40 120
55 40 120
55 40 120
54 40 2640
54 40 120
54 40 120
53 40 2760
53 40 120
52 40 2760
51 40 2760
50 40 2760
49 40 120
49 40 120
49 40 120
49 40 120
49 40 120
49 40 120
49 40 120
49 40 120
49 40 120
49 40 120
49 40 120
49 40 120
49 40 120
49 40 120
49 40 120
49 40 120
49 40 120
49 40 120
49 40 120
49 40 120
49 40 120
48 40 2400
48 40 120
47 40 2400
47 40 120
46 40 2400
46 40 120
45 40 2400
45 40 120
45 40 120
44 40 2520
44 40 120
43 40 2520
43 40 120
42 40 2520
41 40 2520
40 40 2520
39 40 120
39 40 120
39 40 120
39 40 120
39 40 120
39 40 120
39 40 120
39 40 120
39 40 120
39 40 120
39 40 120
39 40 120
39 40 120
39 40 120
39 40 120
38 40 1680
37 40 1680
36 40 1680
35 40 120
35 40 120
35 40 120
35 40 120
35 40 120
35 40 120
35 40 120
34 40 720
33 40 720
32 40 720
31 40 120
31 40 120
31 40 120
30 40 240
29 40 240
28 40 240
27 40 120
26 40 120
25 40 120
24 40 120
23 40 120
22 40 120
21 40 120
20 40 120
19 40 120
18 40 120
17 40 120
16 40 120
15 40 120
14 40 120
13 40 120
12 40 120
11 40 120
10 40 120
9 40 120
9 41 120
9 42 120
9 43 120
9 44 120
82 40 120
83 40 120
84 40 120
85 40 120
86 40 120
87 40 120
88 40 120
89 40 120
90 40 120
91 40 120
92 40 120
93 40 120
94 40 120
95 40 120
96 40 120
97 40 120
98 40 120
99 40 120
100 40 120
101 40 120
102 40 120
103 40 120
104 40 120
105 40 120
106 40 120
107 40 120
108 40 120
109 40 120
110 40 120
111 40 120
112 40 120
113 40 120
114 40 120
115 40 120
116 40 120
117 40 120
118 40 120
119 40 120
120 40 120
121 40 120
122 40 120
123 40 120
124 40 120
125 40 120
126 40 120
127 40 120
128 40 120
129 40 120
130 40 120
131 40 120
131 41 120
131 42 120
131 43 120
131 44 120
131 45 120
131 46 120
131 47 120
131 48 120
131 49 120
130 49 120
129 49 120
128 49 120
127 49 120
126 49 120
125 49 120
124 49 120
123 49 120
122 49 120
121 49 120
120 49 120
119 49 120
118 49 120
117 49 120
117 50 120
117 51 120
117 52 120
117 53 120
117 54 120
117 55 120
117 56 120
117 57 120
117 58 120
117 59 120
117 60 120
117 61 120
117 62 120
117 63 120
117 64 120
117 65 120
117 66 120
117 67 120
117 68 120
117 69 120
117 70 120
117 71 120
117 72 120
117 73 120
117 74 120
117 74 120
117 75 120
117 75 120
117 76 120
117 76 120
117 77 120
117 77 120
117 78 120
117 78 120
117 78 120
117 79 240
117 79 120
117 80 240
117 80 120
117 80 120
117 80 120
117 81 480
117 81 120
117 81 120
117 82 600
117 82 120
117 82 120
117 82 120
117 83 840
117 83 120
117 83 120
117 83 120
117 84 1080
117 84 120
117 84 120
117 84 120
117 85 1320
117 85 120
117 85 120
117 85 120
117 86 1560
117 86 120
117 86 120
117 87 1680
117 87 120
117 87 120
117 87 120
117 88 1920
117 88 120
117 88 120
117 89 2040
117 89 120
117 90 2040
117 91 2040
117 92 2040
117 93 120
117 93 120
117 93 120
117 93 120
117 93 120
117 93 120
117 93 120
117 93 120
117 93 120
117 93 120
117 93 120
117 93 120
117 94 1320
117 95 1320
117 96 1320
117 97 120
117 97 120
117 97 120
117 97 120
117 97 120
117 98 480
117 99 480
117 100 480
117 101 120
117 101 120
117 102 120
117 102 120
117 103 120
117 103 120
117 104 120
117 104 120
117 105 120
117 105 120
117 106 120
117 106 120
117 107 120
117 108 120
117 109 120
117 110 120
117 111 120
117 112 120
117 113 120
117 114 120
117 115 120
117 116 120
117 117 120
117 118 120
117 119 120
117 120 120
117 121 120
117 122 120
117 123 120
117 124 120
117 125 120
117 126 120
117 127 120
118 127 120
119 127 120
120 127 120
121 127 120
122 127 120
123 127 120
124 127 120
125 127 120
126 127 120
127 127 120
128 127 120
129 127 120
130 127 120
131 127 120
132 127 120
133 127 120
134 127 120
135 127 120
136 127 120
137 127 120
138 127 120
139 127 120
140 127 120
141 127 120
142 127 120
143 127 120
144 127 120
145 127 120
146 127 120
147 127 120
148 127 120
148 127 120
149 127 120
149 127 120
150 127 120
150 127 120
151 127 120
151 127 120
152 127 120
152 127 120
152 127 120
153 127 240
153 127 120
154 127 240
154 127 120
154 127 120
155 127 360
155 127 120
155 127 120
156 127 480
156 127 120
157 127 480
157 127 120
157 127 120
158 127 600
158 127 120
158 127 120
159 127 720
159 127 120
159 127 120
160 127 840
160 127 120
160 127 120
161 127 960
161 127 120
161 127 120
162 127 1080
162 127 120
163 127 1080
163 127 120
164 127 1080
164 127 120
165 127 1080
165 127 120
166 127 1080
166 127 120
167 127 1080
167 127 120
168 127 1080
168 127 120
169 127 1080
169 127 120
170 127 1080
171 127 1080
172 127 1080
173 127 120
173 127 120
173 127 120
173 127 120
173 127 120
173 127 120
173 127 120
173 127 120
173 127 120
174 127 960
174 127 120
174 127 120
174 128 1080
174 129 1080
174 130 1080
174 131 120
174 131 120
174 131 120
174 131 120
174 132 360
127 128 360
127 129 360
127 130 120
127 131 120
127 132 120
127 133 120
127 134 120
127 135 120
127 136 120
127 137 120
127 138 120
127 139 120
127 140 120
127 141 120
127 142 120
127 143 120
127 144 120
127 145 120
127 145 120
127 146 120
127 146 120
127 147 120
127 147 120
127 148 120
127 148 120
127 149 120
127 149 120
127 150 120
127 150 120
127 151 120
127 151 120
127 152 120
127 152 120
127 153 120
127 153 120
127 154 120
127 154 120
127 155 120
127 155 120
127 155 120
127 156 240
127 156 120
127 157 240
127 157 120
127 158 240
127 158 120
127 159 240
127 159 120
127 160 240
127 160 120
127 161 240
127 162 240
127 163 240
127 164 120
127 165 120
127 166 120
127 167 120
127 168 120
127 169 120
127 170 120
127 171 120
127 172 120
127 173 120
127 174 120
127 175 120
127 176 120
127 177 120
127 178 120
127 179 120
127 180 120
127 181 120
127 182 120
127 183 120
127 184 120
127 185 120
127 186 120
127 187 120
126 187 120
125 187 120
124 187 120
123 187 120
122 187 120
121 187 120
120 187 120
119 187 120
118 187 120
117 187 120
116 187 120
115 187 120
114 187 120
113 187 120
112 187 120
111 187 120
110 187 120
109 187 120
108 187 120
107 187 120
106 187 120
105 187 120
104 187 120
103 187 120
102 187 120
101 187 120
100 187 120
99 187 120
98 187 120
97 187 120
96 187 120
95 187 120
94 187 120
93 187 120
92 187 120
91 187 120
90 187 120
89 187 120
88 187 120
87 187 120
86 187 120
85 187 120
84 187 120
83 187 120
82 187 120
81 187 120
80 187 120
80 187 120
79 187 120
79 187 120
78 187 120
78 187 120
78 187 120
78 186 240
78 185 240
78 184 240
78 183 120
78 182 120
78 181 120
78 180 120
78 179 120
78 178 120
78 177 120
78 176 120
78 175 120
78 174 120
78 173 120
78 172 120
78 171 120
