119 17 80
118 17 80
117 17 80
116 17 80
115 17 80
114 17 80
113 17 80
112 17 80
111 17 80
110 17 80
109 17 80
108 17 80
107 17 80
106 17 80
105 17 80
104 17 80
103 17 80
102 17 80
101 17 80
100 17 80
99 17 80
98 17 80
97 17 80
96 17 80
95 17 80
94 17 80
93 17 80
92 17 80
91 17 80
90 17 80
89 17 80
88 17 80
87 17 80
86 17 80
85 17 80
84 17 80
83 17 80
82 17 80
81 17 80
80 17 80
79 17 80
78 17 80
77 17 80
76 17 80
75 17 80
74 17 80
73 17 80
72 17 80
71 17 80
70 17 80
69 17 80
68 17 80
67 17 80
66 17 80
65 17 80
64 17 80
63 17 80
62 17 80
61 17 80
60 17 80
59 17 80
58 17 80
57 17 80
56 17 80
55 17 80
54 17 80
53 17 80
52 17 80
51 17 80
50 17 80
49 17 80
48 17 80
47 17 80
46 17 80
45 17 80
44 17 80
43 17 80
42 17 80
41 17 80
40 17 80
39 17 80
38 17 80
37 17 80
36 17 80
35 17 80
34 17 80
33 17 80
32 17 80
31 17 80
30 17 80
29 17 80
28 17 80
27 17 80
26 17 80
25 17 80
24 17 80
23 17 80
22 17 80
21 17 80
20 17 80
19 17 80
18 17 80
18 18 80
18 19 80
18 20 80
18 21 80
18 22 80
18 23 80
18 24 80
18 25 80
18 26 80
18 27 80
18 28 80
18 29 80
18 30 80
18 31 80
18 32 80
18 33 80
18 34 80
18 35 80
18 36 80
18 37 80
18 38 80
18 39 80
18 40 80
18 41 80
18 42 80
18 43 80
18 44 80
18 45 80
18 46 80
18 47 80
18 48 80
18 48 80
18 49 80
18 49 80
18 50 80
18 50 80
18 51 80
18 51 80
18 52 80
18 52 80
120 17 80
121 17 80
122 17 80
123 17 80
124 17 80
125 17 80
126 17 80
127 17 80
128 17 80
129 17 80
129 18 80
129 19 80
129 20 80
129 21 80
129 22 80
129 23 80
129 24 80
129 25 80
129 26 80
129 27 80
129 28 80
129 29 80
129 30 80
129 31 80
129 32 80
129 33 80
129 34 80
129 35 80
129 36 80
129 37 80
129 38 80
129 39 80
129 40 80
129 41 80
129 42 80
129 43 80
129 44 80
129 45 80
129 46 80
129 47 80
129 48 80
129 49 80
129 50 80
129 51 80
129 52 80
129 53 80
129 54 80
129 55 80
129 56 80
129 57 80
129 58 80
129 59 80
129 60 80
129 61 80
129 62 80
129 63 80
129 64 80
129 65 80
129 66 80
129 67 80
129 68 80
129 68 80
129 69 80
129 69 80
129 70 80
129 70 80
129 71 80
129 71 80
129 72 80
129 72 80
129 72 80
129 73 80
129 73 80
129 73 80
129 74 80
129 74 80
129 74 80
129 74 80
129 75 80
129 75 80
129 75 80
129 75 80
129 76 80
129 76 80
129 76 80
129 76 80
129 76 80
129 77 80
129 77 80
129 77 80
129 77 80
129 77 80
129 77 80
129 78 80
129 78 80
129 78 80
129 78 80
129 78 80
129 78 80
129 79 80
129 79 80
129 79 80
129 79 80
129 79 80
129 79 80
129 79 80
129 80 80
129 80 80
129 80 80
129 80 80
129 80 80
129 80 80
129 80 80
129 80 80
129 80 80
129 81 80
129 81 80
129 81 80
129 81 80
129 81 80
129 81 80
129 81 80
129 81 80
129 81 80
129 81 80
129 82 80
129 82 80
129 82 80
129 82 80
129 82 80
129 82 80
129 82 80
129 82 80
129 82 80
129 82 80
129 82 80
129 83 80
129 83 80
129 83 80
129 83 80
129 83 80
129 83 80
129 83 80
129 83 80
129 83 80
129 83 80
129 83 80
129 83 80
129 84 80
129 84 80
129 84 80
129 84 80
129 84 80
129 84 80
129 84 80
129 84 80
129 84 80
129 84 80
129 84 80
129 84 80
129 84 80
129 85 80
129 85 80
129 85 80
129 85 80
129 85 80
129 85 80
129 85 80
129 85 80
129 85 80
129 85 80
129 85 80
129 85 80
129 85 80
129 85 80
129 86 80
129 86 80
129 86 80
129 86 80
129 86 80
129 86 80
129 86 80
129 86 80
129 86 80
129 86 80
129 86 80
129 86 80
129 86 80
129 86 80
129 87 80
129 87 80
129 87 80
129 87 80
129 87 80
129 87 80
129 87 80
129 87 80
129 87 80
129 87 80
129 87 80
129 87 80
129 87 80
129 87 80
129 87 80
129 88 80
129 88 80
129 88 80
129 88 80
129 88 80
129 88 80
129 88 80
129 88 80
129 88 80
129 88 80
129 88 80
129 88 80
129 88 80
129 88 80
129 88 80
129 89 80
129 89 80
129 89 80
129 89 80
129 89 80
129 89 80
129 89 80
129 89 80
129 89 80
129 89 80
129 89 80
129 89 80
129 89 80
129 89 80
129 89 80
129 89 80
129 90 80
129 90 80
129 90 80
129 90 80
129 90 80
129 90 80
129 90 80
129 90 80
129 90 80
129 90 80
129 90 80
129 90 80
129 90 80
129 90 80
129 90 80
129 90 80
129 91 80
129 91 80
129 91 80
129 91 80
129 91 80
129 91 80
129 91 80
129 91 80
129 91 80
129 91 80
129 91 80
129 91 80
129 91 80
129 91 80
129 91 80
129 91 80
129 92 80
129 92 80
129 92 80
129 92 80
129 92 80
129 92 80
129 92 80
129 92 80
129 92 80
129 92 80
129 92 80
129 92 80
129 92 80
129 92 80
129 92 80
129 92 80
129 93 80
129 93 80
129 93 80
129 93 80
129 93 80
129 93 80
129 93 80
129 93 80
129 93 80
129 93 80
129 93 80
129 93 80
129 93 80
129 93 80
129 93 80
129 93 80
129 94 80
129 94 80
129 94 80
129 94 80
129 94 80
129 94 80
129 94 80
129 94 80
129 94 80
129 94 80
129 94 80
129 94 80
129 94 80
129 94 80
129 94 80
129 94 80
129 95 80
129 95 80
129 95 80
129 95 80
129 95 80
129 95 80
129 95 80
129 95 80
129 95 80
129 95 80
129 95 80
129 95 80
129 95 80
129 95 80
129 95 80
129 96 80
129 96 80
129 96 80
129 96 80
129 96 80
129 96 80
129 96 80
129 96 80
129 96 80
129 96 80
129 96 80
129 96 80
129 96 80
129 96 80
129 97 80
129 97 80
129 97 80
129 97 80
129 97 80
129 97 80
129 97 80
129 97 80
129 97 80
129 97 80
129 97 80
129 97 80
129 97 80
129 98 80
129 98 80
129 98 80
129 98 80
129 98 80
129 98 80
129 98 80
129 98 80
129 98 80
129 98 80
129 98 80
129 98 80
129 99 80
129 99 80
129 99 80
129 99 80
129 99 80
129 99 80
129 99 80
129 99 80
129 99 80
129 99 80
129 99 80
129 100 80
129 100 80
129 100 80
129 100 80
129 100 80
129 100 80
129 100 80
129 100 80
129 100 80
129 100 80
129 101 80
129 101 80
129 101 80
129 101 80
129 101 80
129 101 80
129 101 80
129 101 80
129 101 80
129 102 80
129 102 80
129 102 80
129 102 80
129 102 80
129 102 80
129 102 80
129 102 80
129 103 80
129 103 80
129 103 80
129 103 80
129 103 80
129 103 80
129 103 80
129 103 80
129 104 80
129 104 80
129 104 80
129 104 80
129 104 80
129 104 80
129 104 80
129 105 80
129 105 80
129 105 80
129 105 80
129 105 80
129 105 80
129 105 80
129 106 80
129 106 80
129 106 80
129 106 80
129 106 80
129 106 80
129 106 80
129 107 80
129 107 80
129 107 80
129 107 80
129 107 80
129 107 80
129 107 80
129 108 80
129 108 80
129 108 80
129 108 80
129 108 80
129 108 80
129 108 80
129 109 80
129 109 80
129 109 80
129 109 80
129 109 80
129 109 80
129 109 80
129 110 80
129 110 80
129 110 80
129 110 80
129 110 80
129 110 80
129 110 80
129 110 80
129 111 80
129 111 80
129 111 80
129 111 80
129 111 80
129 111 80
129 111 80
129 111 80
129 112 80
129 112 80
129 112 80
129 112 80
129 112 80
129 112 80
129 112 80
129 112 80
129 113 80
129 113 80
129 113 80
129 113 80
129 113 80
129 113 80
129 113 80
129 113 80
129 114 80
129 114 80
129 114 80
129 114 80
129 114 80
129 114 80
129 114 80
129 114 80
129 115 80
129 115 80
129 115 80
129 115 80
129 115 80
129 115 80
129 115 80
129 115 80
129 116 80
129 116 80
129 116 80
129 116 80
129 116 80
129 116 80
129 116 80
129 117 80
129 117 80
129 117 80
129 117 80
129 117 80
129 117 80
129 117 80
129 118 80
129 118 80
129 118 80
129 118 80
129 118 80
129 118 80
129 119 80
129 119 80
129 119 80
129 119 80
129 119 80
129 120 80
129 120 80
129 120 80
129 120 80
129 120 80
129 121 80
129 121 80
129 121 80
129 121 80
129 122 80
129 122 80
129 122 80
129 123 80
129 123 80
129 123 80
129 124 80
129 124 80
129 125 80
129 125 80
129 126 80
129 126 80
129 127 80
129 128 80
129 129 80
129 130 80
129 131 80
129 132 80
129 133 80
