38 191 120
39 191 120
40 191 120
41 191 120
42 191 120
43 191 120
44 191 120
45 191 120
46 191 120
47 191 120
48 191 120
49 191 120
50 191 120
51 191 120
52 191 120
53 191 120
54 191 120
55 191 120
56 191 120
57 191 120
58 191 120
59 191 120
60 191 120
61 191 120
62 191 120
63 191 120
64 191 120
65 191 120
66 191 120
67 191 120
68 191 120
68 191 120
69 191 120
69 191 120
70 191 120
70 191 120
71 191 120
71 191 120
71 191 120
72 191 240
72 191 120
73 191 240
74 191 240
75 191 240
76 191 120
76 191 120
77 191 120
77 191 120
78 191 120
78 191 120
79 191 120
79 191 120
80 191 120
80 191 120
80 191 120
81 191 240
81 191 120
82 191 240
82 191 120
83 191 240
83 191 120
83 191 120
84 191 360
84 191 120
85 191 360
85 191 120
86 191 360
86 191 120
86 191 120
87 191 480
87 191 120
87 191 120
88 191 600
88 191 120
88 191 120
89 191 720
89 191 120
89 191 120
90 191 840
90 191 120
90 191 120
91 191 960
91 191 120
91 191 120
92 191 1080
92 191 120
93 191 1080
93 191 120
94 191 1080
94 191 120
95 191 1080
95 191 120
96 191 1080
96 191 120
97 191 1080
97 191 120
97 191 120
98 191 1200
98 191 120
98 191 120
99 191 1320
99 191 120
99 191 120
100 191 1440
100 191 120
100 191 120
100 191 120
101 191 1680
101 191 120
101 191 120
101 191 120
101 191 120
102 191 2040
102 191 120
102 191 120
102 191 120
102 191 120
103 191 2400
103 191 120
103 191 120
103 191 120
104 191 2640
104 191 120
104 191 120
104 191 120
104 191 120
105 191 3000
105 191 120
105 191 120
106 191 3120
106 191 120
106 191 120
107 191 3240
107 191 120
108 191 3240
109 191 3240
110 191 3240
111 191 120
111 191 120
111 191 120
111 191 120
111 191 120
111 191 120
111 191 120
111 191 120
111 191 120
111 191 120
111 191 120
111 191 120
111 191 120
111 191 120
111 191 120
111 191 120
111 191 120
111 191 120
111 191 120
111 191 120
111 191 120
111 191 120
111 191 120
111 191 120
111 191 120
112 191 2880
113 191 2880
114 191 2880
115 191 120
115 191 120
115 191 120
115 191 120
115 191 120
115 191 120
115 191 120
115 191 120
115 191 120
115 191 120
115 191 120
115 191 120
115 191 120
115 191 120
115 191 120
115 191 120
115 191 120
115 191 120
115 191 120
115 191 120
116 191 2280
116 191 120
117 191 2280
117 191 120
118 191 2280
118 191 120
118 191 120
119 191 2400
119 191 120
119 191 120
120 191 2520
120 191 120
121 191 2520
121 191 120
121 191 120
122 191 2640
122 191 120
122 191 120
122 191 120
123 191 2880
123 191 120
124 191 2880
124 191 120
124 191 120
125 191 3000
126 191 3000
127 191 3000
128 191 120
128 191 120
128 191 120
128 191 120
128 191 120
128 191 120
128 191 120
128 191 120
128 191 120
128 191 120
128 191 120
128 191 120
128 191 120
128 191 120
128 191 120
128 191 120
128 191 120
128 191 120
128 191 120
128 191 120
128 191 120
129 191 2400
130 191 2400
131 191 2400
132 191 120
132 191 120
132 191 120
132 191 120
132 191 120
132 191 120
132 191 120
132 191 120
132 191 120
132 191 120
132 191 120
132 191 120
132 191 120
132 191 120
133 191 1560
134 191 1560
135 191 1560
136 191 120
136 191 120
136 191 120
136 191 120
136 191 120
136 191 120
136 191 120
136 191 120
136 191 120
136 191 120
136 191 120
136 191 120
136 191 120
137 191 1440
137 191 120
138 191 1440
138 191 120
138 191 120
139 191 1560
140 191 1560
141 191 1560
142 191 120
142 191 120
142 191 120
142 191 120
142 191 120
142 191 120
142 191 120
142 191 120
142 191 120
143 191 960
144 191 960
145 191 960
146 191 120
146 191 120
147 191 120
147 191 120
148 191 120
148 191 120
149 191 120
149 191 120
150 191 120
150 191 120
151 191 120
151 191 120
152 191 120
152 191 120
153 191 120
153 191 120
154 191 120
154 191 120
155 191 120
156 191 120
157 191 120
158 191 120
159 191 120
160 191 120
161 191 120
162 191 120
163 191 120
164 191 120
165 191 120
166 191 120
167 191 120
168 191 120
169 191 120
170 191 120
171 191 120
172 191 120
173 191 120
174 191 120
175 191 120
176 191 120
177 191 120
178 191 120
179 191 120
179 190 120
179 189 120
179 188 120
179 187 120
179 186 120
179 185 120
179 184 120
179 183 120
179 182 120
179 181 120
179 181 120
179 180 120
179 180 120
179 179 120
179 179 120
179 178 120
179 178 120
179 177 120
179 177 120
179 176 120
179 175 120
179 174 120
179 173 120
179 172 120
179 171 120
179 170 120
179 169 120
179 168 120
179 167 120
179 166 120
179 165 120
179 164 120
179 163 120
179 162 120
179 161 120
179 160 120
179 159 120
179 158 120
179 157 120
179 156 120
179 155 120
179 154 120
179 153 120
179 152 120
179 151 120
179 150 120
179 149 120
179 148 120
179 147 120
179 146 120
179 145 120
179 144 120
179 143 120
179 142 120
179 141 120
179 140 120
179 139 120
179 138 120
179 137 120
179 136 120
179 135 120
179 134 120
179 133 120
179 132 120
179 131 120
179 130 120
179 129 120
179 128 120
179 127 120
179 126 120
179 125 120
179 124 120
179 123 120
179 122 120
179 121 120
179 120 120
179 119 120
179 118 120
179 117 120
179 116 120
179 115 120
179 114 120
179 113 120
179 112 120
179 111 120
179 110 120
179 109 120
179 108 120
179 107 120
179 106 120
179 105 120
179 104 120
179 103 120
179 102 120
179 101 120
179 100 120
179 99 120
179 98 120
179 97 120
179 96 120
179 95 120
179 94 120
179 93 120
179 92 120
179 91 120
179 90 120
179 89 120
179 88 120
179 87 120
179 86 120
179 85 120
179 84 120
179 83 120
179 82 120
179 81 120
179 80 120
179 79 120
179 78 120
179 77 120
179 76 120
179 75 120
179 74 120
179 73 120
179 72 120
179 71 120
179 70 120
179 69 120
179 68 120
179 67 120
179 66 120
179 65 120
179 64 120
179 63 120
179 62 120
179 61 120
179 60 120
179 59 120
179 58 120
179 57 120
179 56 120
179 55 120
179 54 120
179 53 120
179 52 120
179 51 120
179 50 120
179 49 120
179 48 120
179 47 120
179 46 120
179 45 120
179 44 120
179 43 120
179 42 120
179 41 120
179 40 120
179 39 120
179 38 120
179 37 120
179 36 120
179 35 120
179 34 120
179 33 120
179 32 120
179 31 120
179 30 120
179 29 120
179 28 120
179 27 120
179 26 120
179 25 120
179 24 120
179 23 120
179 22 120
179 21 120
179 20 120
