194 93 120
193 93 120
192 93 120
191 93 120
190 93 120
189 93 120
188 93 120
187 93 120
186 93 120
185 93 120
184 93 120
183 93 120
182 93 120
181 93 120
180 93 120
179 93 120
178 93 120
177 93 120
176 93 120
175 93 120
174 93 120
173 93 120
172 93 120
171 93 120
170 93 120
169 93 120
168 93 120
167 93 120
166 93 120
165 93 120
164 93 120
163 93 120
162 93 120
161 93 120
160 93 120
159 93 120
158 93 120
158 93 120
157 93 120
157 93 120
156 93 120
156 93 120
156 93 120
155 93 240
155 93 120
155 93 120
154 93 360
154 93 120
154 93 120
154 93 120
154 94 600
154 95 600
154 96 600
154 97 120
154 97 120
154 97 120
154 97 120
154 98 360
154 99 360
154 100 360
154 101 120
154 101 120
154 102 120
154 102 120
154 103 120
154 104 120
154 105 120
154 106 120
154 107 120
154 108 120
154 109 120
154 110 120
154 111 120
154 112 120
154 113 120
154 114 120
154 115 120
154 116 120
154 117 120
154 118 120
154 119 120
154 120 120
154 121 120
154 122 120
154 123 120
154 124 120
154 125 120
154 126 120
154 127 120
154 128 120
154 129 120
154 130 120
154 131 120
154 132 120
154 133 120
154 134 120
154 135 120
154 136 120
154 137 120
154 138 120
154 139 120
154 140 120
154 141 120
154 142 120
