142 193 120
141 193 120
140 193 120
139 193 120
138 193 120
137 193 120
136 193 120
135 193 120
134 193 120
133 193 120
132 193 120
131 193 120
130 193 120
129 193 120
128 193 120
127 193 120
126 193 120
125 193 120
124 193 120
123 193 120
122 193 120
121 193 120
120 193 120
119 193 120
118 193 120
117 193 120
116 193 120
115 193 120
114 193 120
113 193 120
112 193 120
111 193 120
111 193 120
110 193 120
110 193 120
109 193 120
109 193 120
109 193 120
108 193 240
108 193 120
108 193 120
107 193 360
107 193 120
107 193 120
106 193 480
106 193 120
106 193 120
105 193 600
105 193 120
105 193 120
105 193 120
104 193 840
104 193 120
104 193 120
103 193 960
103 193 120
103 193 120
102 193 1080
102 193 120
101 193 1080
101 193 120
101 193 120
100 193 1200
100 193 120
99 193 1200
99 193 120
98 193 1200
98 193 120
97 193 1200
97 193 120
96 193 1200
96 193 120
95 193 1200
95 193 120
94 193 1200
94 193 120
94 193 120
93 193 1320
93 193 120
93 193 120
92 193 1440
92 193 120
91 193 1440
91 193 120
91 193 120
90 193 1560
90 193 120
90 193 120
89 193 1680
89 193 120
89 193 120
88 193 1800
88 193 120
87 193 1800
87 193 120
87 193 120
86 193 1920
85 193 1920
84 193 1920
83 193 120
83 193 120
83 193 120
83 193 120
83 193 120
83 193 120
83 193 120
83 193 120
83 193 120
83 193 120
83 193 120
83 193 120
82 193 1320
81 193 1320
80 193 1320
79 193 120
79 193 120
79 193 120
79 193 120
79 193 120
79 193 120
78 193 600
77 193 600
76 193 600
75 193 120
75 193 120
75 193 120
74 193 240
74 193 120
73 193 240
73 193 120
72 193 240
71 193 240
70 193 240
69 193 120
69 193 120
68 193 120
68 193 120
67 193 120
67 193 120
66 193 120
65 193 120
64 193 120
63 193 120
62 193 120
61 193 120
60 193 120
59 193 120
58 193 120
57 193 120
56 193 120
55 193 120
54 193 120
53 193 120
53 192 120
53 191 120
53 190 120
53 189 120
53 188 120
53 187 120
53 186 120
53 185 120
53 184 120
53 183 120
53 182 120
53 181 120
53 180 120
53 179 120
53 178 120
53 177 120
53 176 120
53 175 120
53 174 120
53 173 120
53 172 120
53 171 120
53 170 120
53 169 120
53 168 120
53 167 120
53 166 120
53 165 120
53 164 120
53 163 120
53 162 120
53 161 120
53 160 120
53 159 120
53 158 120
53 157 120
53 156 120
53 155 120
53 154 120
53 153 120
53 152 120
53 151 120
53 150 120
53 149 120
53 148 120
53 147 120
53 146 120
53 145 120
53 144 120
53 143 120
53 142 120
53 141 120
53 140 120
53 139 120
53 138 120
53 137 120
53 136 120
53 135 120
53 134 120
53 133 120
53 132 120
53 131 120
53 130 120
53 129 120
53 128 120
53 127 120
53 126 120
53 126 120
53 125 120
53 125 120
53 124 120
53 124 120
53 124 120
53 123 240
53 123 120
53 122 240
53 122 120
53 122 120
53 121 360
53 121 120
53 121 120
53 121 120
53 120 600
53 120 120
53 120 120
53 119 720
53 119 120
53 119 120
53 118 840
53 118 120
53 117 840
53 117 120
53 116 840
53 116 120
53 115 840
53 115 120
53 114 840
53 113 840
53 112 840
53 111 120
53 111 120
53 111 120
53 111 120
53 111 120
53 111 120
53 110 600
53 109 600
53 108 600
53 107 120
53 107 120
53 107 120
53 106 240
53 106 120
53 105 240
53 105 120
53 104 240
53 104 120
53 103 240
53 103 120
53 102 240
53 102 120
53 101 240
53 101 120
53 100 240
53 100 120
53 100 120
53 99 360
53 99 120
53 98 360
53 98 120
53 97 360
53 97 120
53 96 360
53 96 120
53 96 120
53 95 480
53 95 120
53 94 480
53 93 480
53 92 480
53 91 120
53 91 120
53 91 120
53 90 240
53 90 120
53 89 240
53 89 120
53 88 240
53 88 120
53 87 240
53 86 240
53 85 240
53 84 120
53 84 120
53 83 120
53 83 120
53 83 120
53 82 240
53 82 120
53 81 240
53 81 120
53 80 240
53 80 120
53 79 240
53 78 240
53 77 240
53 76 120
53 76 120
53 75 120
53 75 120
53 74 120
53 74 120
53 73 120
53 73 120
53 72 120
53 72 120
53 71 120
53 71 120
53 70 120
53 70 120
53 69 120
53 69 120
53 68 120
53 68 120
53 67 120
53 67 120
53 66 120
53 66 120
53 65 120
53 65 120
53 64 120
53 64 120
53 63 120
53 63 120
53 62 120
53 62 120
53 61 120
53 61 120
53 60 120
53 60 120
53 59 120
53 59 120
53 58 120
53 58 120
53 57 120
53 57 120
53 56 120
53 56 120
53 55 120
53 55 120
53 54 120
53 54 120
53 54 120
53 53 240
53 53 120
53 52 240
53 52 120
53 51 240
53 51 120
53 51 120
53 50 360
53 50 120
53 49 360
53 49 120
53 48 360
53 48 120
53 47 360
53 47 120
53 46 360
53 45 360
53 44 360
53 43 120
53 43 120
53 42 120
53 42 120
53 41 120
53 41 120
53 40 120
53 40 120
53 39 120
53 39 120
53 38 120
53 38 120
53 37 120
53 36 120
53 35 120
53 34 120
53 33 120
53 32 120
53 31 120
53 30 120
53 29 120
53 29 120
53 28 120
53 28 120
53 27 120
53 27 120
53 26 120
53 26 120
53 25 120
53 25 120
53 24 120
53 24 120
53 23 120
53 23 120
53 22 120
53 22 120
53 21 120
53 21 120
53 20 120
53 20 120
53 19 120
53 19 120
53 18 120
53 18 120
53 17 120
53 17 120
53 16 120
53 16 120
53 15 120
53 14 120
53 13 120
53 12 120
53 11 120
53 10 120
53 9 120
53 8 120
53 7 120
53 6 120
53 5 120
53 4 120
53 3 120
53 3 120
53 2 120
53 2 120
