24 32 25
24 32 25
24 32 25
24 32 25
24 32 25
25 32 25
25 32 25
25 32 25
25 32 25
25 32 25
25 32 25
26 32 25
26 32 25
26 32 25
26 32 25
26 32 25
26 32 25
26 32 25
27 32 25
27 32 25
27 32 25
27 32 25
27 32 25
27 32 25
27 32 25
28 32 25
28 32 25
28 32 25
28 32 25
28 32 25
28 32 25
28 32 25
28 32 25
29 32 25
29 32 25
29 32 25
29 32 25
29 32 25
29 32 25
29 32 25
29 32 25
29 32 25
29 32 25
30 32 25
30 32 25
30 32 25
30 32 25
30 32 25
30 32 25
30 32 25
30 32 25
30 32 25
30 32 25
30 32 25
31 32 25
31 32 25
31 32 25
31 32 25
31 32 25
31 32 25
31 32 25
31 32 25
31 32 25
31 32 25
31 32 25
31 32 25
31 32 25
32 32 25
32 32 25
32 32 25
32 32 25
32 32 25
32 32 25
32 32 25
32 32 25
32 32 25
32 32 25
32 32 25
32 32 25
32 32 25
32 32 25
32 32 25
32 32 25
33 32 25
33 32 25
33 32 25
33 32 25
33 32 25
33 32 25
33 32 25
33 32 25
33 32 25
33 32 25
33 32 25
33 32 25
33 32 25
33 32 25
33 32 25
33 32 25
33 32 25
33 32 25
34 32 25
34 32 25
34 32 25
34 32 25
34 32 25
34 32 25
34 32 25
34 32 25
34 32 25
34 32 25
34 32 25
34 32 25
34 32 25
34 32 25
34 32 25
34 32 25
34 32 25
34 32 25
34 32 25
34 32 25
34 32 25
35 32 25
35 32 25
35 32 25
35 32 25
35 32 25
35 32 25
35 32 25
35 32 25
35 32 25
35 32 25
35 32 25
35 32 25
35 32 25
35 32 25
35 32 25
35 32 25
35 32 25
35 32 25
35 32 25
35 32 25
35 32 25
35 32 25
35 32 25
35 32 25
36 32 25
36 32 25
36 32 25
36 32 25
36 32 25
36 32 25
36 32 25
36 32 25
36 32 25
36 32 25
36 32 25
36 32 25
36 32 25
36 32 25
36 32 25
36 32 25
36 32 25
36 32 25
36 32 25
36 32 25
36 32 25
36 32 25
36 32 25
36 32 25
36 32 25
36 32 25
36 32 25
37 32 25
37 32 25
37 32 25
37 32 25
37 32 25
37 32 25
37 32 25
37 32 25
37 32 25
37 32 25
37 32 25
37 32 25
37 32 25
37 32 25
37 32 25
37 32 25
37 32 25
37 32 25
37 32 25
37 32 25
37 32 25
37 32 25
37 32 25
37 32 25
37 32 25
37 32 25
37 32 25
37 32 25
37 32 25
37 32 25
37 32 25
38 32 25
38 32 25
38 32 25
38 32 25
38 32 25
38 32 25
38 32 25
38 32 25
38 32 25
38 32 25
38 32 25
38 32 25
38 32 25
38 32 25
38 32 25
38 32 25
38 32 25
38 32 25
38 32 25
38 32 25
38 32 25
38 32 25
38 32 25
38 32 25
38 32 25
38 32 25
38 32 25
38 32 25
38 32 25
38 32 25
38 32 25
38 32 25
38 32 25
38 32 25
39 32 25
39 32 25
39 32 25
39 32 25
39 32 25
39 32 25
39 32 25
39 32 25
39 32 25
39 32 25
39 32 25
39 32 25
39 32 25
39 32 25
39 32 25
39 32 25
39 32 25
39 32 25
39 32 25
39 32 25
39 32 25
39 32 25
39 32 25
39 32 25
39 32 25
39 32 25
39 32 25
39 32 25
39 32 25
39 32 25
39 32 25
39 32 25
39 32 25
39 32 25
39 32 25
39 32 25
39 32 25
40 32 25
40 32 25
40 32 25
40 32 25
40 32 25
40 32 25
40 32 25
40 32 25
40 32 25
40 32 25
40 32 25
40 32 25
40 32 25
40 32 25
40 32 25
40 32 25
40 32 25
40 32 25
40 32 25
40 32 25
40 32 25
40 32 25
40 32 25
40 32 25
40 32 25
40 32 25
40 32 25
40 32 25
40 32 25
40 32 25
40 32 25
40 32 25
40 32 25
40 32 25
40 32 25
40 32 25
40 32 25
40 32 25
40 32 25
40 32 25
40 32 25
41 32 25
41 32 25
41 32 25
41 32 25
41 32 25
41 32 25
41 32 25
41 32 25
41 32 25
41 32 25
41 32 25
41 32 25
41 32 25
41 32 25
41 32 25
41 32 25
41 32 25
41 32 25
41 32 25
41 32 25
41 32 25
41 32 25
41 32 25
41 32 25
41 32 25
41 32 25
41 32 25
41 32 25
41 32 25
41 32 25
41 32 25
41 32 25
41 32 25
41 32 25
41 32 25
41 32 25
41 32 25
41 32 25
41 32 25
41 32 25
41 32 25
41 32 25
41 32 25
41 32 25
41 32 25
42 32 25
42 32 25
42 32 25
42 32 25
42 32 25
42 32 25
42 32 25
42 32 25
42 32 25
42 32 25
42 32 25
42 32 25
42 32 25
42 32 25
42 32 25
42 32 25
42 32 25
42 32 25
42 32 25
42 32 25
42 32 25
42 32 25
42 32 25
42 32 25
42 32 25
42 32 25
42 32 25
42 32 25
42 32 25
42 32 25
42 32 25
42 32 25
42 32 25
42 32 25
42 32 25
42 32 25
42 32 25
42 32 25
42 32 25
42 32 25
42 32 25
42 32 25
42 32 25
42 32 25
42 32 25
42 32 25
42 32 25
42 32 25
42 32 25
43 32 25
43 32 25
43 32 25
43 32 25
43 32 25
43 32 25
43 32 25
43 32 25
43 32 25
43 32 25
43 32 25
43 32 25
43 32 25
43 32 25
43 32 25
43 32 25
43 32 25
43 32 25
43 32 25
43 32 25
43 32 25
43 32 25
43 32 25
43 32 25
43 32 25
43 32 25
43 32 25
43 32 25
43 32 25
43 32 25
43 32 25
43 32 25
43 32 25
43 32 25
43 32 25
43 32 25
43 32 25
43 32 25
43 32 25
43 32 25
43 32 25
43 32 25
43 32 25
43 32 25
43 32 25
43 32 25
43 32 25
43 32 25
43 32 25
43 32 25
43 32 25
43 32 25
43 32 25
43 32 25
43 32 25
44 32 25
44 32 25
44 32 25
44 32 25
44 32 25
44 32 25
44 32 25
44 32 25
44 32 25
44 32 25
44 32 25
44 32 25
44 32 25
44 32 25
44 32 25
44 32 25
44 32 25
44 32 25
44 32 25
44 32 25
44 32 25
44 32 25
44 32 25
44 32 25
44 32 25
44 32 25
44 32 25
44 32 25
44 32 25
44 32 25
44 32 25
44 32 25
44 32 25
44 32 25
44 32 25
44 32 25
44 32 25
44 32 25
44 32 25
44 32 25
44 32 25
44 32 25
44 32 25
44 32 25
44 32 25
44 32 25
44 32 25
44 32 25
44 32 25
44 32 25
44 32 25
44 32 25
44 32 25
44 32 25
44 32 25
44 32 25
44 32 25
44 32 25
44 32 25
44 32 25
44 32 25
45 32 25
45 32 25
45 32 25
45 32 25
45 32 25
45 32 25
45 32 25
45 32 25
45 32 25
45 32 25
45 32 25
45 32 25
45 32 25
45 32 25
45 32 25
45 32 25
45 32 25
45 32 25
45 32 25
45 32 25
45 32 25
45 32 25
45 32 25
45 32 25
45 32 25
45 32 25
45 32 25
45 32 25
45 32 25
45 32 25
45 32 25
45 32 25
45 32 25
45 32 25
45 32 25
45 32 25
45 32 25
45 32 25
45 32 25
45 32 25
45 32 25
45 32 25
45 32 25
45 32 25
45 32 25
45 32 25
45 32 25
45 32 25
45 32 25
45 32 25
45 32 25
45 32 25
45 32 25
45 32 25
45 32 25
45 32 25
45 32 25
45 32 25
45 32 25
45 32 25
45 32 25
45 32 25
45 32 25
45 32 25
45 32 25
45 32 25
45 32 25
46 32 25
46 32 25
46 32 25
46 32 25
46 32 25
46 32 25
46 32 25
46 32 25
46 32 25
46 32 25
46 32 25
46 32 25
46 32 25
46 32 25
46 32 25
46 32 25
46 32 25
46 32 25
46 32 25
46 32 25
46 32 25
46 32 25
46 32 25
46 32 25
46 32 25
46 32 25
46 32 25
46 32 25
46 32 25
46 32 25
46 32 25
46 32 25
46 32 25
46 32 25
46 32 25
46 32 25
46 32 25
46 32 25
46 32 25
46 32 25
46 32 25
46 32 25
46 32 25
46 32 25
46 32 25
46 32 25
46 32 25
46 32 25
46 32 25
46 32 25
46 32 25
46 32 25
46 32 25
46 32 25
46 32 25
46 32 25
46 32 25
46 32 25
46 32 25
46 32 25
46 32 25
46 32 25
46 32 25
46 32 25
46 32 25
46 32 25
46 32 25
46 32 25
46 32 25
46 32 25
46 32 25
46 32 25
46 32 25
46 32 25
46 32 25
47 32 25
47 32 25
47 32 25
47 32 25
47 32 25
47 32 25
47 32 25
47 32 25
47 32 25
47 32 25
47 32 25
47 32 25
47 32 25
47 32 25
47 32 25
47 32 25
47 32 25
47 32 25
47 32 25
47 32 25
47 32 25
47 32 25
47 32 25
47 32 25
47 32 25
47 32 25
47 32 25
47 32 25
47 32 25
47 32 25
47 32 25
47 32 25
47 32 25
47 32 25
47 32 25
47 32 25
47 32 25
47 32 25
47 32 25
47 32 25
47 32 25
47 32 25
47 32 25
47 32 25
47 32 25
47 32 25
47 32 25
47 32 25
47 32 25
47 32 25
47 32 25
47 32 25
47 32 25
47 32 25
47 32 25
47 32 25
47 32 25
47 32 25
47 32 25
47 32 25
47 32 25
47 32 25
47 32 25
47 32 25
47 32 25
47 32 25
47 32 25
47 32 25
47 32 25
47 32 25
47 32 25
47 32 25
47 32 25
47 32 25
47 32 25
47 32 25
47 32 25
47 32 25
47 32 25
47 32 25
47 32 25
47 32 25
47 32 25
47 32 25
48 32 25
48 32 25
48 32 25
48 32 25
48 32 25
48 32 25
48 32 25
48 32 25
48 32 25
48 32 25
48 32 25
48 32 25
48 32 25
48 32 25
48 32 25
48 32 25
48 32 25
48 32 25
48 32 25
48 32 25
48 32 25
48 32 25
48 32 25
48 32 25
48 32 25
48 32 25
48 32 25
48 32 25
48 32 25
48 32 25
48 32 25
48 32 25
48 32 25
48 32 25
48 32 25
48 32 25
48 32 25
48 32 25
48 32 25
48 32 25
48 32 25
48 32 25
48 32 25
48 32 25
48 32 25
48 32 25
48 32 25
48 32 25
48 32 25
48 32 25
48 32 25
48 32 25
48 32 25
48 32 25
48 32 25
48 32 25
48 32 25
48 32 25
48 32 25
48 32 25
48 32 25
48 32 25
48 32 25
48 32 25
48 32 25
48 32 25
48 32 25
48 32 25
48 32 25
48 32 25
48 32 25
48 32 25
48 32 25
48 32 25
48 32 25
48 32 25
48 32 25
48 32 25
48 32 25
48 32 25
48 32 25
48 32 25
48 32 25
48 32 25
48 32 25
48 32 25
48 32 25
48 32 25
48 32 25
48 32 25
48 32 25
48 32 25
48 32 25
49 32 25
49 32 25
49 32 25
49 32 25
49 32 25
49 32 25
49 32 25
49 32 25
49 32 25
49 32 25
49 32 25
49 32 25
49 32 25
49 32 25
49 32 25
49 32 25
49 32 25
49 32 25
49 32 25
49 32 25
49 32 25
49 32 25
49 32 25
49 32 25
49 32 25
49 32 25
49 32 25
49 32 25
49 32 25
49 32 25
49 32 25
49 32 25
49 32 25
49 32 25
49 32 25
49 32 25
49 32 25
49 32 25
49 32 25
49 32 25
49 32 25
49 32 25
49 32 25
49 32 25
49 32 25
49 32 25
49 32 25
49 32 25
49 32 25
49 32 25
49 32 25
49 32 25
49 32 25
49 32 25
49 32 25
49 32 25
49 32 25
49 32 25
49 32 25
49 32 25
49 32 25
49 32 25
49 32 25
49 32 25
49 32 25
49 32 25
49 32 25
49 32 25
49 32 25
49 32 25
49 32 25
49 32 25
49 32 25
49 32 25
49 32 25
49 32 25
49 32 25
49 32 25
49 32 25
49 32 25
49 32 25
49 32 25
49 32 25
49 32 25
49 32 25
49 32 25
49 32 25
49 32 25
49 32 25
49 32 25
49 32 25
49 32 25
49 32 25
49 32 25
49 32 25
49 32 25
49 32 25
49 32 25
49 32 25
49 32 25
49 32 25
49 32 25
49 32 25
50 32 25
50 32 25
50 32 25
50 32 25
50 32 25
50 32 25
50 32 25
50 32 25
50 32 25
50 32 25
50 32 25
50 32 25
50 32 25
50 32 25
50 32 25
50 32 25
50 32 25
50 32 25
50 32 25
50 32 25
50 32 25
50 32 25
50 32 25
50 32 25
50 32 25
50 32 25
50 32 25
50 32 25
50 32 25
50 32 25
50 32 25
50 32 25
50 32 25
50 32 25
50 32 25
50 32 25
50 32 25
50 32 25
50 32 25
50 32 25
50 32 25
50 32 25
50 32 25
50 32 25
50 32 25
50 32 25
50 32 25
50 32 25
50 32 25
50 32 25
50 32 25
50 32 25
50 32 25
50 32 25
50 32 25
50 32 25
50 32 25
50 32 25
50 32 25
50 32 25
50 32 25
50 32 25
50 32 25
50 32 25
50 32 25
50 32 25
50 32 25
50 32 25
50 32 25
50 32 25
50 32 25
50 32 25
50 32 25
50 32 25
50 32 25
50 32 25
50 32 25
50 32 25
50 32 25
50 32 25
50 32 25
50 32 25
50 32 25
50 32 25
50 32 25
50 32 25
50 32 25
50 32 25
50 32 25
50 32 25
50 32 25
50 32 25
50 32 25
50 32 25
50 32 25
50 32 25
50 32 25
50 32 25
50 32 25
50 32 25
50 32 25
50 32 25
50 32 25
50 32 25
50 32 25
50 32 25
50 32 25
50 32 25
50 32 25
50 32 25
50 32 25
50 32 25
51 32 25
51 32 25
51 32 25
51 32 25
51 32 25
51 32 25
51 32 25
51 32 25
51 32 25
51 32 25
51 32 25
51 32 25
51 32 25
51 32 25
51 32 25
51 32 25
51 32 25
51 32 25
51 32 25
51 32 25
51 32 25
51 32 25
51 32 25
51 32 25
51 32 25
51 32 25
51 32 25
51 32 25
51 32 25
51 32 25
51 32 25
51 32 25
51 32 25
51 32 25
51 32 25
51 32 25
51 32 25
51 32 25
51 32 25
51 32 25
51 32 25
51 32 25
51 32 25
51 32 25
51 32 25
51 32 25
51 32 25
51 32 25
51 32 25
51 32 25
51 32 25
51 32 25
51 32 25
51 32 25
51 32 25
51 32 25
51 32 25
51 32 25
51 32 25
51 32 25
51 32 25
51 32 25
51 32 25
51 32 25
51 32 25
51 32 25
51 32 25
51 32 25
51 32 25
51 32 25
51 32 25
51 32 25
51 32 25
51 32 25
51 32 25
51 32 25
51 32 25
51 32 25
51 32 25
51 32 25
51 32 25
51 32 25
51 32 25
51 32 25
51 32 25
51 32 25
51 32 25
51 32 25
51 32 25
51 32 25
51 32 25
51 32 25
51 32 25
51 32 25
51 32 25
51 32 25
51 32 25
51 32 25
51 32 25
51 32 25
51 32 25
51 32 25
51 32 25
51 32 25
51 32 25
51 32 25
51 32 25
51 32 25
51 32 25
51 32 25
51 32 25
51 32 25
51 32 25
51 32 25
51 32 25
51 32 25
51 32 25
51 32 25
51 32 25
51 32 25
51 32 25
52 32 25
52 32 25
52 32 25
52 32 25
52 32 25
52 32 25
52 32 25
52 32 25
52 32 25
52 32 25
52 32 25
52 32 25
52 32 25
52 32 25
52 32 25
52 32 25
52 32 25
52 32 25
52 32 25
52 32 25
52 32 25
52 32 25
52 32 25
52 32 25
52 32 25
52 32 25
52 32 25
52 32 25
52 32 25
52 32 25
52 32 25
52 32 25
52 32 25
52 32 25
52 32 25
52 32 25
52 32 25
52 32 25
52 32 25
52 32 25
52 32 25
52 32 25
52 32 25
52 32 25
52 32 25
52 32 25
52 32 25
52 32 25
52 32 25
52 32 25
52 32 25
52 32 25
52 32 25
52 32 25
52 32 25
52 32 25
52 32 25
52 32 25
52 32 25
52 32 25
52 32 25
52 32 25
52 32 25
52 32 25
52 32 25
52 32 25
52 32 25
52 32 25
52 32 25
52 32 25
52 32 25
52 32 25
52 32 25
52 32 25
52 32 25
52 32 25
52 32 25
52 32 25
52 32 25
52 32 25
52 32 25
52 32 25
52 32 25
52 32 25
52 32 25
52 32 25
52 32 25
52 32 25
52 32 25
52 32 25
52 32 25
52 32 25
52 32 25
52 32 25
52 32 25
52 32 25
52 32 25
52 32 25
52 32 25
52 32 25
52 32 25
52 32 25
52 32 25
52 32 25
52 32 25
52 32 25
52 32 25
52 32 25
52 32 25
52 32 25
52 32 25
52 32 25
52 32 25
52 32 25
52 32 25
52 32 25
52 32 25
52 32 25
52 32 25
52 32 25
52 32 25
52 32 25
52 32 25
52 32 25
52 32 25
52 32 25
52 32 25
52 32 25
52 32 25
52 32 25
53 32 25
53 32 25
53 32 25
53 32 25
53 32 25
53 32 25
53 32 25
53 32 25
53 32 25
53 32 25
53 32 25
53 32 25
53 32 25
53 32 25
53 32 25
53 32 25
53 32 25
53 32 25
53 32 25
53 32 25
53 32 25
53 32 25
53 32 25
53 32 25
53 32 25
53 32 25
53 32 25
53 32 25
53 32 25
53 32 25
53 32 25
53 32 25
53 32 25
53 32 25
53 32 25
53 32 25
53 32 25
53 32 25
53 32 25
53 32 25
53 32 25
53 32 25
53 32 25
53 32 25
53 32 25
53 32 25
53 32 25
53 32 25
53 32 25
53 32 25
53 32 25
53 32 25
53 32 25
53 32 25
53 32 25
53 32 25
53 32 25
53 32 25
53 32 25
53 32 25
53 32 25
53 32 25
53 32 25
53 32 25
53 32 25
53 32 25
53 32 25
53 32 25
53 32 25
53 32 25
53 32 25
53 32 25
53 32 25
53 32 25
53 32 25
53 32 25
53 32 25
53 32 25
53 32 25
53 32 25
53 32 25
53 32 25
53 32 25
53 32 25
53 32 25
53 32 25
53 32 25
53 32 25
53 32 25
53 32 25
53 32 25
53 32 25
53 32 25
53 32 25
53 32 25
53 32 25
53 32 25
53 32 25
53 32 25
53 32 25
53 32 25
53 32 25
53 32 25
53 32 25
53 32 25
53 32 25
53 32 25
53 32 25
53 32 25
53 32 25
53 32 25
53 32 25
53 32 25
53 32 25
53 32 25
53 32 25
53 32 25
53 32 25
53 32 25
53 32 25
53 32 25
53 32 25
53 32 25
53 32 25
53 32 25
53 32 25
53 32 25
53 32 25
53 32 25
53 32 25
53 32 25
53 32 25
53 32 25
53 32 25
53 32 25
53 32 25
54 32 25
54 32 25
54 32 25
54 32 25
54 32 25
54 32 25
54 32 25
54 32 25
54 32 25
54 32 25
54 32 25
54 32 25
54 32 25
54 32 25
54 32 25
54 32 25
54 32 25
54 32 25
54 32 25
54 32 25
54 32 25
54 32 25
54 32 25
54 32 25
54 32 25
54 32 25
54 32 25
54 32 25
54 32 25
54 32 25
54 32 25
54 32 25
54 32 25
54 32 25
54 32 25
54 32 25
54 32 25
54 32 25
54 32 25
54 32 25
54 32 25
54 32 25
54 32 25
54 32 25
54 32 25
54 32 25
54 32 25
54 32 25
54 32 25
54 32 25
54 32 25
54 32 25
54 32 25
54 32 25
54 32 25
54 32 25
54 32 25
54 32 25
54 32 25
54 32 25
54 32 25
54 32 25
54 32 25
54 32 25
54 32 25
54 32 25
54 32 25
54 32 25
54 32 25
54 32 25
54 32 25
54 32 25
54 32 25
54 32 25
54 32 25
54 32 25
54 32 25
54 32 25
54 32 25
54 32 25
54 32 25
54 32 25
54 32 25
54 32 25
54 32 25
54 32 25
54 32 25
54 32 25
54 32 25
54 32 25
54 32 25
54 32 25
54 32 25
54 32 25
54 32 25
54 32 25
54 32 25
54 32 25
54 32 25
54 32 25
54 32 25
54 32 25
54 32 25
54 32 25
54 32 25
54 32 25
54 32 25
54 32 25
54 32 25
54 32 25
54 32 25
54 32 25
54 32 25
54 32 25
54 32 25
54 32 25
54 32 25
54 32 25
54 32 25
54 32 25
54 32 25
54 32 25
54 32 25
54 32 25
54 32 25
54 32 25
54 32 25
54 32 25
54 32 25
54 32 25
54 32 25
54 32 25
54 32 25
54 32 25
54 32 25
54 32 25
54 32 25
54 32 25
54 32 25
54 32 25
54 32 25
55 32 25
55 32 25
55 32 25
55 32 25
55 32 25
55 32 25
55 32 25
55 32 25
55 32 25
55 32 25
55 32 25
55 32 25
55 32 25
55 32 25
55 32 25
55 32 25
55 32 25
55 32 25
55 32 25
55 32 25
55 32 25
55 32 25
55 32 25
55 32 25
55 32 25
55 32 25
55 32 25
55 32 25
55 32 25
55 32 25
55 32 25
55 32 25
55 32 25
55 32 25
55 32 25
55 32 25
55 32 25
55 32 25
55 32 25
55 32 25
55 32 25
55 32 25
55 32 25
55 32 25
55 32 25
55 32 25
55 32 25
55 32 25
55 32 25
55 32 25
55 32 25
55 32 25
55 32 25
55 32 25
55 32 25
55 32 25
55 32 25
55 32 25
55 32 25
55 32 25
55 32 25
55 32 25
55 32 25
55 32 25
55 32 25
55 32 25
55 32 25
55 32 25
55 32 25
55 32 25
55 32 25
55 32 25
55 32 25
55 32 25
55 32 25
55 32 25
55 32 25
55 32 25
55 32 25
55 32 25
55 32 25
55 32 25
55 32 25
55 32 25
55 32 25
55 32 25
55 32 25
55 32 25
55 32 25
55 32 25
55 32 25
55 32 25
55 32 25
55 32 25
55 32 25
55 32 25
55 32 25
55 32 25
55 32 25
55 32 25
55 32 25
55 32 25
55 32 25
55 32 25
55 32 25
55 32 25
55 32 25
55 32 25
55 32 25
55 32 25
55 32 25
55 32 25
55 32 25
55 32 25
55 32 25
55 32 25
55 32 25
55 32 25
55 32 25
55 32 25
55 32 25
55 32 25
55 32 25
55 32 25
55 32 25
55 32 25
55 32 25
55 32 25
55 32 25
55 32 25
55 32 25
55 32 25
55 32 25
55 32 25
55 32 25
55 32 25
55 32 25
55 32 25
55 32 25
55 32 25
55 32 25
55 32 25
55 32 25
55 32 25
55 32 25
56 32 25
56 32 25
56 32 25
56 32 25
56 32 25
56 32 25
56 32 25
56 32 25
56 32 25
56 32 25
56 32 25
56 32 25
56 32 25
56 32 25
56 32 25
56 32 25
56 32 25
56 32 25
56 32 25
56 32 25
56 32 25
56 32 25
56 32 25
56 32 25
56 32 25
56 32 25
56 32 25
56 32 25
56 32 25
56 32 25
56 32 25
56 32 25
56 32 25
56 32 25
56 32 25
56 32 25
56 32 25
56 32 25
56 32 25
56 32 25
56 32 25
56 32 25
56 32 25
56 32 25
56 32 25
56 32 25
56 32 25
56 32 25
56 32 25
56 32 25
56 32 25
56 32 25
56 32 25
56 32 25
56 32 25
56 32 25
56 32 25
56 32 25
56 32 25
56 32 25
56 32 25
56 32 25
56 32 25
56 32 25
56 32 25
56 32 25
56 32 25
56 32 25
56 32 25
56 32 25
56 32 25
56 32 25
56 32 25
56 32 25
56 32 25
56 32 25
56 32 25
56 32 25
56 32 25
56 32 25
56 32 25
56 32 25
56 32 25
56 32 25
56 32 25
56 32 25
56 32 25
56 32 25
56 32 25
56 32 25
56 32 25
56 32 25
56 32 25
56 32 25
56 32 25
56 32 25
56 32 25
56 32 25
56 32 25
56 32 25
56 32 25
56 32 25
56 32 25
56 32 25
56 32 25
56 32 25
56 32 25
56 32 25
56 32 25
56 32 25
56 32 25
56 32 25
56 32 25
56 32 25
56 32 25
56 32 25
56 32 25
56 32 25
56 32 25
56 32 25
56 32 25
56 32 25
56 32 25
56 32 25
56 32 25
56 32 25
56 32 25
56 32 25
56 32 25
56 32 25
56 32 25
56 32 25
56 32 25
56 32 25
56 32 25
56 32 25
56 32 25
56 32 25
56 32 25
56 32 25
56 32 25
56 32 25
56 32 25
56 32 25
56 32 25
56 32 25
56 32 25
57 32 25
57 32 25
57 32 25
57 32 25
57 32 25
57 32 25
57 32 25
57 32 25
57 32 25
57 32 25
57 32 25
57 32 25
57 32 25
57 32 25
57 32 25
57 32 25
57 32 25
57 32 25
57 32 25
57 32 25
57 32 25
57 32 25
57 32 25
57 32 25
57 32 25
57 32 25
57 32 25
57 32 25
57 32 25
57 32 25
57 32 25
57 32 25
57 32 25
57 32 25
57 32 25
57 32 25
57 32 25
57 32 25
57 32 25
57 32 25
57 32 25
57 32 25
57 32 25
57 32 25
57 32 25
57 32 25
57 32 25
57 32 25
57 32 25
57 32 25
57 32 25
57 32 25
57 32 25
57 32 25
57 32 25
57 32 25
57 32 25
57 32 25
57 32 25
57 32 25
57 32 25
57 32 25
57 32 25
57 32 25
57 32 25
57 32 25
57 32 25
57 32 25
57 32 25
57 32 25
57 32 25
57 32 25
57 32 25
57 32 25
57 32 25
57 32 25
57 32 25
57 32 25
57 32 25
57 32 25
57 32 25
57 32 25
57 32 25
57 32 25
57 32 25
57 32 25
57 32 25
57 32 25
57 32 25
57 32 25
57 32 25
57 32 25
57 32 25
57 32 25
57 32 25
57 32 25
57 32 25
57 32 25
57 32 25
57 32 25
57 32 25
57 32 25
57 32 25
57 32 25
57 32 25
57 32 25
57 32 25
57 32 25
57 32 25
57 32 25
57 32 25
57 32 25
57 32 25
57 32 25
57 32 25
57 32 25
57 32 25
57 32 25
57 32 25
57 32 25
57 32 25
57 32 25
57 32 25
57 32 25
57 32 25
57 32 25
57 32 25
57 32 25
57 32 25
57 32 25
57 32 25
57 32 25
57 32 25
57 32 25
57 32 25
57 32 25
57 32 25
57 32 25
57 32 25
57 32 25
57 32 25
57 32 25
57 32 25
57 32 25
57 32 25
57 32 25
57 32 25
58 32 25
58 32 25
58 32 25
58 32 25
58 32 25
58 32 25
58 32 25
58 32 25
58 32 25
58 32 25
58 32 25
58 32 25
58 32 25
58 32 25
58 32 25
58 32 25
58 32 25
58 32 25
58 32 25
58 32 25
58 32 25
58 32 25
58 32 25
58 32 25
58 32 25
58 32 25
58 32 25
58 32 25
58 32 25
58 32 25
58 32 25
58 32 25
58 32 25
58 32 25
58 32 25
58 32 25
58 32 25
58 32 25
58 32 25
58 32 25
58 32 25
58 32 25
58 32 25
58 32 25
58 32 25
58 32 25
58 32 25
58 32 25
58 32 25
58 32 25
58 32 25
58 32 25
58 32 25
58 32 25
58 32 25
58 32 25
58 32 25
58 32 25
58 32 25
58 32 25
58 32 25
58 32 25
58 32 25
58 32 25
58 32 25
58 32 25
58 32 25
58 32 25
58 32 25
58 32 25
58 32 25
58 32 25
58 32 25
58 32 25
58 32 25
58 32 25
58 32 25
58 32 25
58 32 25
58 32 25
58 32 25
58 32 25
58 32 25
58 32 25
58 32 25
58 32 25
58 32 25
58 32 25
58 32 25
58 32 25
58 32 25
58 32 25
58 32 25
58 32 25
58 32 25
58 32 25
58 32 25
58 32 25
58 32 25
58 32 25
58 32 25
58 32 25
58 32 25
58 32 25
58 32 25
58 32 25
58 32 25
58 32 25
58 32 25
58 32 25
58 32 25
58 32 25
58 32 25
58 32 25
58 32 25
58 32 25
58 32 25
58 32 25
58 32 25
58 32 25
58 32 25
58 32 25
58 32 25
58 32 25
58 32 25
58 32 25
58 32 25
58 32 25
58 32 25
58 32 25
58 32 25
58 32 25
58 32 25
58 32 25
58 32 25
58 32 25
58 32 25
58 32 25
58 32 25
58 32 25
58 32 25
58 32 25
58 32 25
58 32 25
58 32 25
58 32 25
59 32 25
59 32 25
59 32 25
59 32 25
59 32 25
59 32 25
59 32 25
59 32 25
59 32 25
59 32 25
59 32 25
59 32 25
59 32 25
59 32 25
59 32 25
59 32 25
59 32 25
59 32 25
59 32 25
59 32 25
59 32 25
59 32 25
59 32 25
59 32 25
59 32 25
59 32 25
59 32 25
59 32 25
59 32 25
59 32 25
59 32 25
59 32 25
59 32 25
59 32 25
59 32 25
59 32 25
59 32 25
59 32 25
59 32 25
59 32 25
59 32 25
59 32 25
59 32 25
59 32 25
59 32 25
59 32 25
59 32 25
59 32 25
59 32 25
59 32 25
59 32 25
59 32 25
59 32 25
59 32 25
59 32 25
59 32 25
59 32 25
59 32 25
59 32 25
59 32 25
59 32 25
59 32 25
59 32 25
59 32 25
59 32 25
59 32 25
59 32 25
59 32 25
59 32 25
59 32 25
59 32 25
59 32 25
59 32 25
59 32 25
59 32 25
59 32 25
59 32 25
59 32 25
59 32 25
59 32 25
59 32 25
59 32 25
59 32 25
59 32 25
59 32 25
59 32 25
59 32 25
59 32 25
59 32 25
59 32 25
59 32 25
59 32 25
59 32 25
59 32 25
59 32 25
59 32 25
59 32 25
59 32 25
59 32 25
59 32 25
59 32 25
59 32 25
59 32 25
59 32 25
59 32 25
59 32 25
59 32 25
59 32 25
59 32 25
59 32 25
59 32 25
59 32 25
59 32 25
59 32 25
59 32 25
59 32 25
59 32 25
59 32 25
59 32 25
59 32 25
59 32 25
59 32 25
59 32 25
59 32 25
59 32 25
59 32 25
59 32 25
59 32 25
59 32 25
59 32 25
59 32 25
59 32 25
59 32 25
59 32 25
59 32 25
59 32 25
59 32 25
59 32 25
59 32 25
59 32 25
59 32 25
59 32 25
59 32 25
59 32 25
59 32 25
60 32 25
60 32 25
60 32 25
60 32 25
60 32 25
60 32 25
60 32 25
60 32 25
60 32 25
60 32 25
60 32 25
60 32 25
60 32 25
60 32 25
60 32 25
60 32 25
60 32 25
60 32 25
60 32 25
60 32 25
60 32 25
60 32 25
60 32 25
60 32 25
60 32 25
60 32 25
60 32 25
60 32 25
60 32 25
60 32 25
60 32 25
60 32 25
60 32 25
60 32 25
60 32 25
60 32 25
60 32 25
60 32 25
60 32 25
60 32 25
60 32 25
60 32 25
60 32 25
60 32 25
60 32 25
60 32 25
60 32 25
60 32 25
60 32 25
60 32 25
60 32 25
60 32 25
60 32 25
60 32 25
60 32 25
60 32 25
60 32 25
60 32 25
60 32 25
60 32 25
60 32 25
60 32 25
60 32 25
60 32 25
60 32 25
60 32 25
60 32 25
60 32 25
60 32 25
60 32 25
60 32 25
60 32 25
60 32 25
60 32 25
60 32 25
60 32 25
60 32 25
60 32 25
60 32 25
60 32 25
60 32 25
60 32 25
60 32 25
60 32 25
60 32 25
60 32 25
60 32 25
60 32 25
60 32 25
60 32 25
60 32 25
60 32 25
60 32 25
60 32 25
60 32 25
60 32 25
60 32 25
60 32 25
60 32 25
60 32 25
60 32 25
60 32 25
60 32 25
60 32 25
60 32 25
60 32 25
60 32 25
60 32 25
60 32 25
60 32 25
60 32 25
60 32 25
60 32 25
60 32 25
60 32 25
60 32 25
60 32 25
60 32 25
60 32 25
60 32 25
60 32 25
60 32 25
60 32 25
60 32 25
60 32 25
60 32 25
60 32 25
60 32 25
60 32 25
60 32 25
60 32 25
60 32 25
60 32 25
60 32 25
60 32 25
60 32 25
60 32 25
60 32 25
60 32 25
60 32 25
60 32 25
60 32 25
61 32 25
61 32 25
61 32 25
61 32 25
61 32 25
61 32 25
61 32 25
61 32 25
61 32 25
61 32 25
61 32 25
61 32 25
61 32 25
61 32 25
61 32 25
61 32 25
61 32 25
61 32 25
61 32 25
61 32 25
61 32 25
61 32 25
61 32 25
61 32 25
61 32 25
61 32 25
61 32 25
61 32 25
61 32 25
61 32 25
61 32 25
61 32 25
61 32 25
61 32 25
61 32 25
61 32 25
61 32 25
61 32 25
61 32 25
61 32 25
61 32 25
61 32 25
61 32 25
61 32 25
61 32 25
61 32 25
61 32 25
61 32 25
61 32 25
61 32 25
61 32 25
61 32 25
61 32 25
61 32 25
61 32 25
61 32 25
61 32 25
61 32 25
61 32 25
61 32 25
61 32 25
61 32 25
61 32 25
61 32 25
61 32 25
61 32 25
61 32 25
61 32 25
61 32 25
61 32 25
61 32 25
61 32 25
61 32 25
61 32 25
61 32 25
61 32 25
61 32 25
61 32 25
61 32 25
61 32 25
61 32 25
61 32 25
61 32 25
61 32 25
61 32 25
61 32 25
61 32 25
61 32 25
61 32 25
61 32 25
61 32 25
61 32 25
61 32 25
61 32 25
61 32 25
61 32 25
61 32 25
61 32 25
61 32 25
61 32 25
61 32 25
61 32 25
61 32 25
61 32 25
61 32 25
61 32 25
61 32 25
61 32 25
61 32 25
61 32 25
61 32 25
61 32 25
61 32 25
61 32 25
61 32 25
61 32 25
61 32 25
61 32 25
61 32 25
61 32 25
61 32 25
61 32 25
61 32 25
61 32 25
61 32 25
61 32 25
61 32 25
61 32 25
61 32 25
61 32 25
61 32 25
61 32 25
61 32 25
61 32 25
61 32 25
61 32 25
61 32 25
61 32 25
62 32 25
62 32 25
62 32 25
62 32 25
62 32 25
62 32 25
62 32 25
62 32 25
62 32 25
62 32 25
62 32 25
62 32 25
62 32 25
62 32 25
62 32 25
62 32 25
62 32 25
62 32 25
62 32 25
62 32 25
62 32 25
62 32 25
62 32 25
62 32 25
62 32 25
62 32 25
62 32 25
62 32 25
62 32 25
62 32 25
62 32 25
62 32 25
62 32 25
62 32 25
62 32 25
62 32 25
62 32 25
62 32 25
62 32 25
62 32 25
62 32 25
62 32 25
62 32 25
62 32 25
62 32 25
62 32 25
62 32 25
62 32 25
62 32 25
62 32 25
62 32 25
62 32 25
62 32 25
62 32 25
62 32 25
62 32 25
62 32 25
62 32 25
62 32 25
62 32 25
62 32 25
62 32 25
62 32 25
62 32 25
62 32 25
62 32 25
62 32 25
62 32 25
62 32 25
62 32 25
62 32 25
62 32 25
62 32 25
62 32 25
62 32 25
62 32 25
62 32 25
62 32 25
62 32 25
62 32 25
62 32 25
62 32 25
62 32 25
62 32 25
62 32 25
62 32 25
62 32 25
62 32 25
62 32 25
62 32 25
62 32 25
62 32 25
62 32 25
62 32 25
62 32 25
62 32 25
62 32 25
62 32 25
62 32 25
62 32 25
62 32 25
62 32 25
62 32 25
62 32 25
62 32 25
62 32 25
62 32 25
62 32 25
62 32 25
62 32 25
62 32 25
62 32 25
62 32 25
62 32 25
62 32 25
62 32 25
62 32 25
62 32 25
62 32 25
62 32 25
62 32 25
62 32 25
62 32 25
62 32 25
62 32 25
62 32 25
62 32 25
62 32 25
62 32 25
62 32 25
62 32 25
62 32 25
62 32 25
63 32 25
63 32 25
63 32 25
63 32 25
63 32 25
63 32 25
63 32 25
63 32 25
63 32 25
63 32 25
63 32 25
63 32 25
63 32 25
63 32 25
63 32 25
63 32 25
63 32 25
63 32 25
63 32 25
63 32 25
63 32 25
63 32 25
63 32 25
63 32 25
63 32 25
63 32 25
63 32 25
63 32 25
63 32 25
63 32 25
63 32 25
63 32 25
63 32 25
63 32 25
63 32 25
63 32 25
63 32 25
63 32 25
63 32 25
63 32 25
63 32 25
63 32 25
63 32 25
63 32 25
63 32 25
63 32 25
63 32 25
63 32 25
63 32 25
63 32 25
63 32 25
63 32 25
63 32 25
63 32 25
63 32 25
63 32 25
63 32 25
63 32 25
63 32 25
63 32 25
63 32 25
63 32 25
63 32 25
63 32 25
63 32 25
63 32 25
63 32 25
63 32 25
63 32 25
63 32 25
63 32 25
63 32 25
63 32 25
63 32 25
63 32 25
63 32 25
63 32 25
63 32 25
63 32 25
63 32 25
63 32 25
63 32 25
63 32 25
63 32 25
63 32 25
63 32 25
63 32 25
63 32 25
63 32 25
63 32 25
63 32 25
63 32 25
63 32 25
63 32 25
63 32 25
63 32 25
63 32 25
63 32 25
63 32 25
63 32 25
63 32 25
63 32 25
63 32 25
63 32 25
63 32 25
63 32 25
63 32 25
63 32 25
63 32 25
63 32 25
63 32 25
63 32 25
63 32 25
63 32 25
63 32 25
63 32 25
63 32 25
63 32 25
63 32 25
63 32 25
63 32 25
63 32 25
63 32 25
63 32 25
63 32 25
63 32 25
63 32 25
64 32 25
64 32 25
64 32 25
64 32 25
64 32 25
64 32 25
64 32 25
64 32 25
64 32 25
64 32 25
64 32 25
64 32 25
64 32 25
64 32 25
64 32 25
64 32 25
64 32 25
64 32 25
64 32 25
64 32 25
64 32 25
64 32 25
64 32 25
64 32 25
64 32 25
64 32 25
64 32 25
64 32 25
64 32 25
64 32 25
64 32 25
64 32 25
64 32 25
64 32 25
64 32 25
64 32 25
64 32 25
64 32 25
64 32 25
64 32 25
64 32 25
64 32 25
64 32 25
64 32 25
64 32 25
64 32 25
64 32 25
64 32 25
64 32 25
64 32 25
64 32 25
64 32 25
64 32 25
64 32 25
64 32 25
64 32 25
64 32 25
64 32 25
64 32 25
64 32 25
64 32 25
64 32 25
64 32 25
64 32 25
64 32 25
64 32 25
64 32 25
64 32 25
64 32 25
64 32 25
64 32 25
64 32 25
64 32 25
64 32 25
64 32 25
64 32 25
64 32 25
64 32 25
64 32 25
64 32 25
64 32 25
64 32 25
64 32 25
64 32 25
64 32 25
64 32 25
64 32 25
64 32 25
64 32 25
64 32 25
64 32 25
64 32 25
64 32 25
64 32 25
64 32 25
64 32 25
64 32 25
64 32 25
64 32 25
64 32 25
64 32 25
64 32 25
64 32 25
64 32 25
64 32 25
64 32 25
64 32 25
64 32 25
64 32 25
64 32 25
64 32 25
64 32 25
64 32 25
64 32 25
64 32 25
64 32 25
64 32 25
64 32 25
64 32 25
64 32 25
65 32 25
65 32 25
65 32 25
65 32 25
65 32 25
65 32 25
65 32 25
65 32 25
65 32 25
65 32 25
65 32 25
65 32 25
65 32 25
65 32 25
65 32 25
65 32 25
65 32 25
65 32 25
65 32 25
65 32 25
65 32 25
65 32 25
65 32 25
65 32 25
65 32 25
65 32 25
65 32 25
65 32 25
65 32 25
65 32 25
65 32 25
65 32 25
65 32 25
65 32 25
65 32 25
65 32 25
65 32 25
65 32 25
65 32 25
65 32 25
65 32 25
65 32 25
65 32 25
65 32 25
65 32 25
65 32 25
65 32 25
65 32 25
65 32 25
65 32 25
65 32 25
65 32 25
65 32 25
65 32 25
65 32 25
65 32 25
65 32 25
65 32 25
65 32 25
65 32 25
65 32 25
65 32 25
65 32 25
65 32 25
65 32 25
65 32 25
65 32 25
65 32 25
65 32 25
65 32 25
65 32 25
65 32 25
65 32 25
65 32 25
65 32 25
65 32 25
65 32 25
65 32 25
65 32 25
65 32 25
65 32 25
65 32 25
65 32 25
65 32 25
65 32 25
65 32 25
65 32 25
65 32 25
65 32 25
65 32 25
65 32 25
65 32 25
65 32 25
65 32 25
65 32 25
65 32 25
65 32 25
65 32 25
65 32 25
65 32 25
65 32 25
65 32 25
65 32 25
65 32 25
65 32 25
65 32 25
65 32 25
65 32 25
65 32 25
65 32 25
65 32 25
65 32 25
65 32 25
66 32 25
66 32 25
66 32 25
66 32 25
66 32 25
66 32 25
66 32 25
66 32 25
66 32 25
66 32 25
66 32 25
66 32 25
66 32 25
66 32 25
66 32 25
66 32 25
66 32 25
66 32 25
66 32 25
66 32 25
66 32 25
66 32 25
66 32 25
66 32 25
66 32 25
66 32 25
66 32 25
66 32 25
66 32 25
66 32 25
66 32 25
66 32 25
66 32 25
66 32 25
66 32 25
66 32 25
66 32 25
66 32 25
66 32 25
66 32 25
66 32 25
66 32 25
66 32 25
66 32 25
66 32 25
66 32 25
66 32 25
66 32 25
66 32 25
66 32 25
66 32 25
66 32 25
66 32 25
66 32 25
66 32 25
66 32 25
66 32 25
66 32 25
66 32 25
66 32 25
66 32 25
66 32 25
66 32 25
66 32 25
66 32 25
66 32 25
66 32 25
66 32 25
66 32 25
66 32 25
66 32 25
66 32 25
66 32 25
66 32 25
66 32 25
66 32 25
66 32 25
66 32 25
66 32 25
66 32 25
66 32 25
66 32 25
66 32 25
66 32 25
66 32 25
66 32 25
66 32 25
66 32 25
66 32 25
66 32 25
66 32 25
66 32 25
66 32 25
66 32 25
66 32 25
66 32 25
66 32 25
66 32 25
66 32 25
66 32 25
66 32 25
66 32 25
66 32 25
66 32 25
66 32 25
67 32 25
67 32 25
67 32 25
67 32 25
67 32 25
67 32 25
67 32 25
67 32 25
67 32 25
67 32 25
67 32 25
67 32 25
67 32 25
67 32 25
67 32 25
67 32 25
67 32 25
67 32 25
67 32 25
67 32 25
67 32 25
67 32 25
67 32 25
67 32 25
67 32 25
67 32 25
67 32 25
67 32 25
67 32 25
67 32 25
67 32 25
67 32 25
67 32 25
67 32 25
67 32 25
67 32 25
67 32 25
67 32 25
67 32 25
67 32 25
67 32 25
67 32 25
67 32 25
67 32 25
67 32 25
67 32 25
67 32 25
67 32 25
67 32 25
67 32 25
67 32 25
67 32 25
67 32 25
67 32 25
67 32 25
67 32 25
67 32 25
67 32 25
67 32 25
67 32 25
67 32 25
67 32 25
67 32 25
67 32 25
67 32 25
67 32 25
67 32 25
67 32 25
67 32 25
67 32 25
67 32 25
67 32 25
67 32 25
67 32 25
67 32 25
67 32 25
67 32 25
67 32 25
67 32 25
67 32 25
67 32 25
67 32 25
67 32 25
67 32 25
67 32 25
67 32 25
67 32 25
67 32 25
67 32 25
67 32 25
67 32 25
67 32 25
67 32 25
67 32 25
67 32 25
67 32 25
67 32 25
67 32 25
68 32 25
68 32 25
68 32 25
68 32 25
68 32 25
68 32 25
68 32 25
68 32 25
68 32 25
68 32 25
68 32 25
68 32 25
68 32 25
68 32 25
68 32 25
68 32 25
68 32 25
68 32 25
68 32 25
68 32 25
68 32 25
68 32 25
68 32 25
68 32 25
68 32 25
68 32 25
68 32 25
68 32 25
68 32 25
68 32 25
68 32 25
68 32 25
68 32 25
68 32 25
68 32 25
68 32 25
68 32 25
68 32 25
68 32 25
68 32 25
68 32 25
68 32 25
68 32 25
68 32 25
68 32 25
68 32 25
68 32 25
68 32 25
68 32 25
68 32 25
68 32 25
68 32 25
68 32 25
68 32 25
68 32 25
68 32 25
68 32 25
68 32 25
68 32 25
68 32 25
68 32 25
68 32 25
68 32 25
68 32 25
68 32 25
68 32 25
68 32 25
68 32 25
68 32 25
68 32 25
68 32 25
68 32 25
68 32 25
68 32 25
68 32 25
68 32 25
68 32 25
68 32 25
68 32 25
68 32 25
68 32 25
68 32 25
68 32 25
68 32 25
68 32 25
68 32 25
68 32 25
68 32 25
68 32 25
68 32 25
68 32 25
69 32 25
69 32 25
69 32 25
69 32 25
69 32 25
69 32 25
69 32 25
69 32 25
69 32 25
69 32 25
69 32 25
69 32 25
69 32 25
69 32 25
69 32 25
69 32 25
69 32 25
69 32 25
69 32 25
69 32 25
69 32 25
69 32 25
69 32 25
69 32 25
69 32 25
69 32 25
69 32 25
69 32 25
69 32 25
69 32 25
69 32 25
69 32 25
69 32 25
69 32 25
69 32 25
69 32 25
69 32 25
69 32 25
69 32 25
69 32 25
69 32 25
69 32 25
69 32 25
69 32 25
69 32 25
69 32 25
69 32 25
69 32 25
69 32 25
69 32 25
69 32 25
69 32 25
69 32 25
69 32 25
69 32 25
69 32 25
69 32 25
69 32 25
69 32 25
69 32 25
69 32 25
69 32 25
69 32 25
69 32 25
69 32 25
69 32 25
69 32 25
69 32 25
69 32 25
69 32 25
69 32 25
69 32 25
69 32 25
69 32 25
69 32 25
69 32 25
69 32 25
69 32 25
69 32 25
69 32 25
69 32 25
69 32 25
69 32 25
69 32 25
70 32 25
70 32 25
70 32 25
70 32 25
70 32 25
70 32 25
70 32 25
70 32 25
70 32 25
70 32 25
70 32 25
70 32 25
70 32 25
70 32 25
70 32 25
70 32 25
70 32 25
70 32 25
70 32 25
70 32 25
70 32 25
70 32 25
70 32 25
70 32 25
70 32 25
70 32 25
70 32 25
70 32 25
70 32 25
70 32 25
70 32 25
70 32 25
70 32 25
70 32 25
70 32 25
70 32 25
70 32 25
70 32 25
70 32 25
70 32 25
70 32 25
70 32 25
70 32 25
70 32 25
70 32 25
70 32 25
70 32 25
70 32 25
70 32 25
70 32 25
70 32 25
70 32 25
70 32 25
70 32 25
70 32 25
70 32 25
70 32 25
70 32 25
70 32 25
70 32 25
70 32 25
70 32 25
70 32 25
70 32 25
70 32 25
70 32 25
70 32 25
70 32 25
70 32 25
70 32 25
70 32 25
70 32 25
70 32 25
70 32 25
70 32 25
70 32 25
70 32 25
70 32 25
71 32 25
71 32 25
71 32 25
71 32 25
71 32 25
71 32 25
71 32 25
71 32 25
71 32 25
71 32 25
71 32 25
71 32 25
71 32 25
71 32 25
71 32 25
71 32 25
71 32 25
71 32 25
71 32 25
71 32 25
71 32 25
71 32 25
71 32 25
71 32 25
71 32 25
71 32 25
71 32 25
71 32 25
71 32 25
71 32 25
71 32 25
71 32 25
71 32 25
71 32 25
71 32 25
71 32 25
71 32 25
71 32 25
71 32 25
71 32 25
71 32 25
71 32 25
71 32 25
71 32 25
71 32 25
71 32 25
71 32 25
71 32 25
71 32 25
71 32 25
71 32 25
71 32 25
71 32 25
71 32 25
71 32 25
71 32 25
71 32 25
71 32 25
71 32 25
71 32 25
71 32 25
71 32 25
71 32 25
71 32 25
71 32 25
71 32 25
71 32 25
71 32 25
71 32 25
71 32 25
71 32 25
71 32 25
71 32 25
72 32 25
72 32 25
72 32 25
72 32 25
72 32 25
72 32 25
72 32 25
72 32 25
72 32 25
72 32 25
72 32 25
72 32 25
72 32 25
72 32 25
72 32 25
72 32 25
72 32 25
72 32 25
72 32 25
72 32 25
72 32 25
72 32 25
72 32 25
72 32 25
72 32 25
72 32 25
72 32 25
72 32 25
72 32 25
72 32 25
72 32 25
72 32 25
72 32 25
72 32 25
72 32 25
72 32 25
72 32 25
72 32 25
72 32 25
72 32 25
72 32 25
72 32 25
72 32 25
72 32 25
72 32 25
72 32 25
72 32 25
72 32 25
72 32 25
72 32 25
72 32 25
72 32 25
72 32 25
72 32 25
72 32 25
72 32 25
72 32 25
72 32 25
72 32 25
72 32 25
72 32 25
72 32 25
72 32 25
72 32 25
72 32 25
72 32 25
72 32 25
72 32 25
72 32 25
73 32 25
73 32 25
73 32 25
73 32 25
73 32 25
73 32 25
73 32 25
73 32 25
73 32 25
73 32 25
73 32 25
73 32 25
73 32 25
73 32 25
73 32 25
73 32 25
73 32 25
73 32 25
73 32 25
73 32 25
73 32 25
73 32 25
73 32 25
73 32 25
73 32 25
73 32 25
73 32 25
73 32 25
73 32 25
73 32 25
73 32 25
73 32 25
73 32 25
73 32 25
73 32 25
73 32 25
73 32 25
73 32 25
73 32 25
73 32 25
73 32 25
73 32 25
73 32 25
73 32 25
73 32 25
73 32 25
73 32 25
73 32 25
73 32 25
73 32 25
73 32 25
73 32 25
73 32 25
73 32 25
73 32 25
73 32 25
73 32 25
73 32 25
73 32 25
73 32 25
73 32 25
73 32 25
73 32 25
73 32 25
73 32 25
73 32 25
74 32 25
74 32 25
74 32 25
74 32 25
74 32 25
74 32 25
74 32 25
74 32 25
74 32 25
74 32 25
74 32 25
74 32 25
74 32 25
74 32 25
74 32 25
74 32 25
74 32 25
74 32 25
74 32 25
74 32 25
74 32 25
74 32 25
74 32 25
74 32 25
74 32 25
74 32 25
74 32 25
74 32 25
74 32 25
74 32 25
74 32 25
74 32 25
74 32 25
74 32 25
74 32 25
74 32 25
74 32 25
74 32 25
74 32 25
74 32 25
74 32 25
74 32 25
74 32 25
74 32 25
74 32 25
74 32 25
74 32 25
74 32 25
74 32 25
74 32 25
74 32 25
74 32 25
74 32 25
74 32 25
74 32 25
74 32 25
74 32 25
74 32 25
74 32 25
74 32 25
74 32 25
74 32 25
74 32 25
75 32 25
75 32 25
75 32 25
75 32 25
75 32 25
75 32 25
75 32 25
75 32 25
75 32 25
75 32 25
75 32 25
75 32 25
75 32 25
75 32 25
75 32 25
75 32 25
75 32 25
75 32 25
75 32 25
75 32 25
75 32 25
75 32 25
75 32 25
75 32 25
75 32 25
75 32 25
75 32 25
75 32 25
75 32 25
75 32 25
75 32 25
75 32 25
75 32 25
75 32 25
75 32 25
75 32 25
75 32 25
75 32 25
75 32 25
75 32 25
75 32 25
75 32 25
75 32 25
75 32 25
75 32 25
75 32 25
75 32 25
75 32 25
75 32 25
75 32 25
75 32 25
75 32 25
75 32 25
75 32 25
75 32 25
75 32 25
75 32 25
75 32 25
75 32 25
75 32 25
76 32 25
76 32 25
76 32 25
76 32 25
76 32 25
76 32 25
76 32 25
76 32 25
76 32 25
76 32 25
76 32 25
76 32 25
76 32 25
76 32 25
76 32 25
76 32 25
76 32 25
76 32 25
76 32 25
76 32 25
76 32 25
76 32 25
76 32 25
76 32 25
76 32 25
76 32 25
76 32 25
76 32 25
76 32 25
76 32 25
76 32 25
76 32 25
76 32 25
76 32 25
76 32 25
76 32 25
76 32 25
76 32 25
76 32 25
76 32 25
76 32 25
76 32 25
76 32 25
76 32 25
76 32 25
76 32 25
76 32 25
76 32 25
76 32 25
76 32 25
76 32 25
76 32 25
76 32 25
76 32 25
76 32 25
76 32 25
76 32 25
76 32 25
77 32 25
77 32 25
77 32 25
77 32 25
77 32 25
77 32 25
77 32 25
77 32 25
77 32 25
77 32 25
77 32 25
77 32 25
77 32 25
77 32 25
77 32 25
77 32 25
77 32 25
77 32 25
77 32 25
77 32 25
77 32 25
77 32 25
77 32 25
77 32 25
77 32 25
77 32 25
77 32 25
77 32 25
77 32 25
77 32 25
77 32 25
77 32 25
77 32 25
77 32 25
77 32 25
77 32 25
77 32 25
77 32 25
77 32 25
77 32 25
77 32 25
77 32 25
77 32 25
77 32 25
77 32 25
77 32 25
77 32 25
77 32 25
77 32 25
77 32 25
77 32 25
77 32 25
77 32 25
77 32 25
77 32 25
77 32 25
78 32 25
78 32 25
78 32 25
78 32 25
78 32 25
78 32 25
78 32 25
78 32 25
78 32 25
78 32 25
78 32 25
78 32 25
78 32 25
78 32 25
78 32 25
78 32 25
78 32 25
78 32 25
78 32 25
78 32 25
78 32 25
78 32 25
78 32 25
78 32 25
78 32 25
78 32 25
78 32 25
78 32 25
78 32 25
78 32 25
78 32 25
78 32 25
78 32 25
78 32 25
78 32 25
78 32 25
78 32 25
78 32 25
78 32 25
78 32 25
78 32 25
78 32 25
78 32 25
78 32 25
78 32 25
78 32 25
78 32 25
78 32 25
78 32 25
78 32 25
78 32 25
78 32 25
78 32 25
78 32 25
79 32 25
79 32 25
79 32 25
79 32 25
79 32 25
79 32 25
79 32 25
79 32 25
79 32 25
79 32 25
79 32 25
79 32 25
79 32 25
79 32 25
79 32 25
79 32 25
79 32 25
79 32 25
79 32 25
79 32 25
79 32 25
79 32 25
79 32 25
79 32 25
79 32 25
79 32 25
79 32 25
79 32 25
79 32 25
79 32 25
79 32 25
79 32 25
79 32 25
79 32 25
79 32 25
79 32 25
79 32 25
79 32 25
79 32 25
79 32 25
79 32 25
79 32 25
79 32 25
79 32 25
79 32 25
79 32 25
79 32 25
79 32 25
79 32 25
79 32 25
79 32 25
79 32 25
80 32 25
80 32 25
80 32 25
80 32 25
80 32 25
80 32 25
80 32 25
80 32 25
80 32 25
80 32 25
80 32 25
80 32 25
80 32 25
80 32 25
80 32 25
80 32 25
80 32 25
80 32 25
80 32 25
80 32 25
80 32 25
80 32 25
80 32 25
80 32 25
80 32 25
80 32 25
80 32 25
80 32 25
80 32 25
80 32 25
80 32 25
80 32 25
80 32 25
80 32 25
80 32 25
80 32 25
80 32 25
80 32 25
80 32 25
80 32 25
80 32 25
80 32 25
80 32 25
80 32 25
80 32 25
80 32 25
80 32 25
80 32 25
80 32 25
80 32 25
81 32 25
81 32 25
81 32 25
81 32 25
81 32 25
81 32 25
81 32 25
81 32 25
81 32 25
81 32 25
81 32 25
81 32 25
81 32 25
81 32 25
81 32 25
81 32 25
81 32 25
81 32 25
81 32 25
81 32 25
81 32 25
81 32 25
81 32 25
81 32 25
81 32 25
81 32 25
81 32 25
81 32 25
81 32 25
81 32 25
81 32 25
81 32 25
81 32 25
81 32 25
81 32 25
81 32 25
81 32 25
81 32 25
81 32 25
81 32 25
81 32 25
81 32 25
81 32 25
81 32 25
81 32 25
81 32 25
81 32 25
82 32 25
82 32 25
82 32 25
82 32 25
82 32 25
82 32 25
82 32 25
82 32 25
82 32 25
82 32 25
82 32 25
82 32 25
82 32 25
82 32 25
82 32 25
82 32 25
82 32 25
82 32 25
82 32 25
82 32 25
82 32 25
82 32 25
82 32 25
82 32 25
82 32 25
82 32 25
82 32 25
82 32 25
82 32 25
82 32 25
82 32 25
82 32 25
82 32 25
82 32 25
82 32 25
82 32 25
82 32 25
82 32 25
82 32 25
82 32 25
82 32 25
82 32 25
82 32 25
82 32 25
82 32 25
83 32 25
83 32 25
83 32 25
83 32 25
83 32 25
83 32 25
83 32 25
83 32 25
83 32 25
83 32 25
83 32 25
83 32 25
83 32 25
83 32 25
83 32 25
83 32 25
83 32 25
83 32 25
83 32 25
83 32 25
83 32 25
83 32 25
83 32 25
83 32 25
83 32 25
83 32 25
83 32 25
83 32 25
83 32 25
83 32 25
83 32 25
83 32 25
83 32 25
83 32 25
83 32 25
83 32 25
83 32 25
83 32 25
83 32 25
83 32 25
83 32 25
83 32 25
84 32 25
84 32 25
84 32 25
84 32 25
84 32 25
84 32 25
84 32 25
84 32 25
84 32 25
84 32 25
84 32 25
84 32 25
84 32 25
84 32 25
84 32 25
84 32 25
84 32 25
84 32 25
84 32 25
84 32 25
84 32 25
84 32 25
84 32 25
84 32 25
84 32 25
84 32 25
84 32 25
84 32 25
84 32 25
84 32 25
84 32 25
84 32 25
84 32 25
84 32 25
84 32 25
84 32 25
84 32 25
84 32 25
84 32 25
85 32 25
85 32 25
85 32 25
85 32 25
85 32 25
85 32 25
85 32 25
85 32 25
85 32 25
85 32 25
85 32 25
85 32 25
85 32 25
85 32 25
85 32 25
85 32 25
85 32 25
85 32 25
85 32 25
85 32 25
85 32 25
85 32 25
85 32 25
85 32 25
85 32 25
85 32 25
85 32 25
85 32 25
85 32 25
85 32 25
85 32 25
85 32 25
85 32 25
85 32 25
85 32 25
85 32 25
86 32 25
86 32 25
86 32 25
86 32 25
86 32 25
86 32 25
86 32 25
86 32 25
86 32 25
86 32 25
86 32 25
86 32 25
86 32 25
86 32 25
86 32 25
86 32 25
86 32 25
86 32 25
86 32 25
86 32 25
86 32 25
86 32 25
86 32 25
86 32 25
86 32 25
86 32 25
86 32 25
86 32 25
86 32 25
86 32 25
86 32 25
86 32 25
86 32 25
87 32 25
87 32 25
87 32 25
87 32 25
87 32 25
87 32 25
87 32 25
87 32 25
87 32 25
87 32 25
87 32 25
87 32 25
87 32 25
87 32 25
87 32 25
87 32 25
87 32 25
87 32 25
87 32 25
87 32 25
87 32 25
87 32 25
87 32 25
87 32 25
87 32 25
87 32 25
87 32 25
87 32 25
87 32 25
87 32 25
88 32 25
88 32 25
88 32 25
88 32 25
88 32 25
88 32 25
88 32 25
88 32 25
88 32 25
88 32 25
88 32 25
88 32 25
88 32 25
88 32 25
88 32 25
88 32 25
88 32 25
88 32 25
88 32 25
88 32 25
88 32 25
88 32 25
88 32 25
88 32 25
88 32 25
88 32 25
88 32 25
88 32 25
89 32 25
89 32 25
89 32 25
89 32 25
89 32 25
89 32 25
89 32 25
89 32 25
89 32 25
89 32 25
89 32 25
89 32 25
89 32 25
89 32 25
89 32 25
89 32 25
89 32 25
89 32 25
89 32 25
89 32 25
89 32 25
89 32 25
89 32 25
89 32 25
89 32 25
89 32 25
90 32 25
90 32 25
90 32 25
90 32 25
90 32 25
90 32 25
90 32 25
90 32 25
90 32 25
90 32 25
90 32 25
90 32 25
90 32 25
90 32 25
90 32 25
90 32 25
90 32 25
90 32 25
90 32 25
90 32 25
90 32 25
90 32 25
90 32 25
90 32 25
91 32 25
91 32 25
91 32 25
91 32 25
91 32 25
91 32 25
91 32 25
91 32 25
91 32 25
91 32 25
91 32 25
91 32 25
91 32 25
91 32 25
91 32 25
91 32 25
91 32 25
91 32 25
91 32 25
91 32 25
91 32 25
91 32 25
91 32 25
92 32 25
92 32 25
92 32 25
92 32 25
92 32 25
92 32 25
92 32 25
92 32 25
92 32 25
92 32 25
92 32 25
92 32 25
92 32 25
92 32 25
92 32 25
92 32 25
92 32 25
92 32 25
92 32 25
92 32 25
92 32 25
92 32 25
93 32 25
93 32 25
93 32 25
93 32 25
93 32 25
93 32 25
93 32 25
93 32 25
93 32 25
93 32 25
93 32 25
93 32 25
93 32 25
93 32 25
93 32 25
93 32 25
93 32 25
93 32 25
93 32 25
93 32 25
93 32 25
94 32 25
94 32 25
94 32 25
94 32 25
94 32 25
94 32 25
94 32 25
94 32 25
94 32 25
94 32 25
94 32 25
94 32 25
94 32 25
94 32 25
94 32 25
94 32 25
94 32 25
94 32 25
94 32 25
94 32 25
94 32 25
95 32 25
95 32 25
95 32 25
95 32 25
95 32 25
95 32 25
95 32 25
95 32 25
95 32 25
95 32 25
95 32 25
95 32 25
95 32 25
95 32 25
95 32 25
95 32 25
95 32 25
95 32 25
95 32 25
95 32 25
95 32 25
96 32 25
96 32 25
96 32 25
96 32 25
96 32 25
96 32 25
96 32 25
96 32 25
96 32 25
96 32 25
96 32 25
96 32 25
96 32 25
96 32 25
96 32 25
96 32 25
96 32 25
96 32 25
96 32 25
96 32 25
96 32 25
97 32 25
97 32 25
97 32 25
97 32 25
97 32 25
97 32 25
97 32 25
97 32 25
97 32 25
97 32 25
97 32 25
97 32 25
97 32 25
97 32 25
97 32 25
97 32 25
97 32 25
97 32 25
97 32 25
97 32 25
97 32 25
98 32 25
98 32 25
98 32 25
98 32 25
98 32 25
98 32 25
98 32 25
98 32 25
98 32 25
98 32 25
98 32 25
98 32 25
98 32 25
98 32 25
98 32 25
98 32 25
98 32 25
98 32 25
98 32 25
98 32 25
98 32 25
98 32 25
99 32 25
99 32 25
99 32 25
99 32 25
99 32 25
99 32 25
99 32 25
99 32 25
99 32 25
99 32 25
99 32 25
99 32 25
99 32 25
99 32 25
99 32 25
99 32 25
99 32 25
99 32 25
99 32 25
99 32 25
99 32 25
99 32 25
100 32 25
100 32 25
100 32 25
100 32 25
100 32 25
100 32 25
100 32 25
100 32 25
100 32 25
100 32 25
100 32 25
100 32 25
100 32 25
100 32 25
100 32 25
100 32 25
100 32 25
100 32 25
100 32 25
100 32 25
100 32 25
100 32 25
100 32 25
101 32 25
101 32 25
101 32 25
101 32 25
101 32 25
101 32 25
101 32 25
101 32 25
101 32 25
101 32 25
101 32 25
101 32 25
101 32 25
101 32 25
101 32 25
101 32 25
101 32 25
101 32 25
101 32 25
101 32 25
101 32 25
101 32 25
102 32 25
102 32 25
102 32 25
102 32 25
102 32 25
102 32 25
102 32 25
102 32 25
102 32 25
102 32 25
102 32 25
102 32 25
102 32 25
102 32 25
102 32 25
102 32 25
102 32 25
102 32 25
102 32 25
102 32 25
102 32 25
102 32 25
103 32 25
103 32 25
103 32 25
103 32 25
103 32 25
103 32 25
103 32 25
103 32 25
103 32 25
103 32 25
103 32 25
103 32 25
103 32 25
103 32 25
103 32 25
103 32 25
103 32 25
103 32 25
103 32 25
103 32 25
103 32 25
104 32 25
104 32 25
104 32 25
104 32 25
104 32 25
104 32 25
104 32 25
104 32 25
104 32 25
104 32 25
104 32 25
104 32 25
104 32 25
104 32 25
104 32 25
104 32 25
104 32 25
104 32 25
104 32 25
104 32 25
104 32 25
105 32 25
105 32 25
105 32 25
105 32 25
105 32 25
105 32 25
105 32 25
105 32 25
105 32 25
105 32 25
105 32 25
105 32 25
105 32 25
105 32 25
105 32 25
105 32 25
105 32 25
105 32 25
105 32 25
105 32 25
105 32 25
105 33 500
105 33 25
105 33 25
105 33 25
105 34 25
105 34 25
105 34 25
105 34 25
105 34 25
105 34 25
105 34 25
105 34 25
105 34 25
105 34 25
105 34 25
105 34 25
105 34 25
105 34 25
105 34 25
105 34 25
105 34 25
105 34 25
105 34 25
105 34 25
105 34 25
105 34 25
105 34 25
105 34 25
105 35 25
105 35 25
105 35 25
105 35 25
105 35 25
105 35 25
105 35 25
105 35 25
105 35 25
105 35 25
105 35 25
105 35 25
105 35 25
105 35 25
105 35 25
105 35 25
105 35 25
105 35 25
105 35 25
105 35 25
105 35 25
105 35 25
105 35 25
105 35 25
105 35 25
105 35 25
105 36 25
105 36 25
105 36 25
105 36 25
105 36 25
105 36 25
105 36 25
105 36 25
105 36 25
105 36 25
105 36 25
105 36 25
105 36 25
105 36 25
105 36 25
105 36 25
105 36 25
105 36 25
105 36 25
105 36 25
105 36 25
105 36 25
105 36 25
105 36 25
105 36 25
105 36 25
105 36 25
105 37 25
105 37 25
105 37 25
105 37 25
105 37 25
105 37 25
105 37 25
105 37 25
105 37 25
105 37 25
105 37 25
105 37 25
105 37 25
105 37 25
105 37 25
105 37 25
105 37 25
105 37 25
105 37 25
105 37 25
105 37 25
105 37 25
105 37 25
105 37 25
105 37 25
105 37 25
105 37 25
105 37 25
105 38 25
105 38 25
105 38 25
105 38 25
105 38 25
105 38 25
105 38 25
105 38 25
105 38 25
105 38 25
105 38 25
105 38 25
105 38 25
105 38 25
105 38 25
105 38 25
105 38 25
105 38 25
105 38 25
105 38 25
105 38 25
105 38 25
105 38 25
105 38 25
105 38 25
105 38 25
105 38 25
105 39 25
105 39 25
105 39 25
105 39 25
105 39 25
105 39 25
105 39 25
105 39 25
105 39 25
105 39 25
105 39 25
105 39 25
105 39 25
105 39 25
105 39 25
105 39 25
105 39 25
105 39 25
105 39 25
105 39 25
105 39 25
105 39 25
105 39 25
105 39 25
105 39 25
105 39 25
105 40 25
105 40 25
105 40 25
105 40 25
105 40 25
105 40 25
105 40 25
105 40 25
105 40 25
105 40 25
105 40 25
105 40 25
105 40 25
105 40 25
105 40 25
105 40 25
105 40 25
105 40 25
105 40 25
105 40 25
105 40 25
105 40 25
105 40 25
105 40 25
105 40 25
105 41 25
105 41 25
105 41 25
105 41 25
105 41 25
105 41 25
105 41 25
105 41 25
105 41 25
105 41 25
105 41 25
105 41 25
105 41 25
105 41 25
105 41 25
105 41 25
105 41 25
105 41 25
105 41 25
105 41 25
105 41 25
105 41 25
105 41 25
105 42 25
105 42 25
105 42 25
105 42 25
105 42 25
105 42 25
105 42 25
105 42 25
105 42 25
105 42 25
105 42 25
105 42 25
105 42 25
105 42 25
105 42 25
105 42 25
105 42 25
105 42 25
105 42 25
105 42 25
105 42 25
105 43 25
105 43 25
105 43 25
105 43 25
105 43 25
105 43 25
105 43 25
105 43 25
105 43 25
105 43 25
105 43 25
105 43 25
105 43 25
105 43 25
105 43 25
105 43 25
105 43 25
105 43 25
105 43 25
105 44 25
105 44 25
105 44 25
105 44 25
105 44 25
105 44 25
105 44 25
105 44 25
105 44 25
105 44 25
105 44 25
105 44 25
105 44 25
105 44 25
105 44 25
105 44 25
105 44 25
105 45 25
105 45 25
105 45 25
105 45 25
105 45 25
105 45 25
105 45 25
105 45 25
105 45 25
105 45 25
105 45 25
105 45 25
105 45 25
105 45 25
105 45 25
105 46 25
105 46 25
105 46 25
105 46 25
105 46 25
105 46 25
105 46 25
105 46 25
105 46 25
105 46 25
105 46 25
105 46 25
105 46 25
105 47 25
105 47 25
105 47 25
105 47 25
105 47 25
105 47 25
105 47 25
105 47 25
105 47 25
105 47 25
105 47 25
105 48 25
105 48 25
105 48 25
105 48 25
105 48 25
105 48 25
105 48 25
105 48 25
105 48 25
105 49 25
105 49 25
105 49 25
105 49 25
105 49 25
105 49 25
105 49 25
105 49 25
105 50 25
105 50 25
105 50 25
105 50 25
105 50 25
105 50 25
105 50 25
105 51 25
105 51 25
105 51 25
105 51 25
105 51 25
105 51 25
105 52 25
105 52 25
105 52 25
105 52 25
105 52 25
105 53 25
105 53 25
105 53 25
105 53 25
105 53 25
105 54 25
105 54 25
105 54 25
105 54 25
105 54 25
105 55 25
105 55 25
105 55 25
105 55 25
105 55 25
105 56 25
105 56 25
105 56 25
105 56 25
105 56 25
105 57 25
105 57 25
105 57 25
105 57 25
105 57 25
105 58 25
105 58 25
105 58 25
105 58 25
105 58 25
105 59 25
105 59 25
105 59 25
105 59 25
105 59 25
105 60 25
105 60 25
105 60 25
105 60 25
105 60 25
105 61 25
105 61 25
105 61 25
105 61 25
105 61 25
105 62 25
105 62 25
105 62 25
105 62 25
105 62 25
105 63 25
105 63 25
105 63 25
105 63 25
105 63 25
105 63 25
105 64 25
105 64 25
105 64 25
105 64 25
105 64 25
105 64 25
105 65 25
105 65 25
105 65 25
105 65 25
105 65 25
105 66 25
105 66 25
105 66 25
105 66 25
105 66 25
105 67 25
105 67 25
105 67 25
105 67 25
105 67 25
105 68 25
105 68 25
105 68 25
105 68 25
105 68 25
105 69 25
105 69 25
105 69 25
105 69 25
105 70 25
105 70 25
105 70 25
105 70 25
105 71 25
105 71 25
105 71 25
105 72 25
105 72 25
105 72 25
105 73 25
105 73 25
105 73 25
105 74 25
105 74 25
105 75 25
105 75 25
105 76 25
105 76 25
105 77 25
105 77 25
105 78 25
105 78 25
105 79 25
105 79 25
105 80 25
105 80 25
105 81 25
105 81 25
105 82 25
105 82 25
105 83 25
105 83 25
105 84 25
105 84 25
105 85 25
105 85 25
105 86 25
105 86 25
105 86 25
105 87 25
105 87 25
105 87 25
105 88 25
105 88 25
105 88 25
105 89 25
105 89 25
105 89 25
105 90 25
105 90 25
105 90 25
105 90 25
105 91 25
105 91 25
105 91 25
105 91 25
23 32 75
23 32 25
23 32 25
22 32 25
22 32 25
22 32 25
22 32 25
22 32 25
21 32 25
21 32 25
21 32 25
21 32 25
21 32 25
20 32 25
20 32 25
20 32 25
20 32 25
19 32 25
19 32 25
19 32 25
19 32 25
18 32 25
18 32 25
18 32 25
18 32 25
17 32 25
17 32 25
17 32 25
17 32 25
16 32 25
16 32 25
16 32 25
16 32 25
15 32 25
15 32 25
15 32 25
15 32 25
14 32 25
14 32 25
14 32 25
14 32 25
13 32 25
13 32 25
13 32 25
13 32 25
12 32 25
12 32 25
12 32 25
12 32 25
11 32 25
11 32 25
11 32 25
11 32 25
10 32 25
10 32 25
10 32 25
10 32 25
9 32 25
9 32 25
9 32 25
9 32 25
8 32 25
8 32 25
8 32 25
7 32 25
7 32 25
7 32 25
6 32 25
6 32 25
6 32 25
5 32 25
5 32 25
5 32 25
4 32 25
4 32 25
3 32 25
3 32 25
2 32 25
2 32 25
1 32 25
1 32 25
0 32 25
0 32 25
0 31 25
0 31 25
0 30 25
0 30 25
0 29 25
0 29 25
0 28 25
0 27 25
0 26 25
0 25 25
0 24 25
0 23 25
0 22 25
0 21 25
0 20 25
0 19 25
0 18 25
0 17 25
0 16 25
0 15 25
0 14 25
0 13 25
0 12 25
0 11 25
0 10 25
0 9 25
0 8 25
0 7 25
0 6 25
94 21 25
94 21 25
94 21 25
94 21 25
95 21 25
95 21 25
95 21 25
95 21 25
96 21 25
96 21 25
96 21 25
96 21 25
97 21 25
97 21 25
97 21 25
97 21 25
98 21 25
98 21 25
98 21 25
99 21 25
99 21 25
99 21 25
100 21 25
100 21 25
100 21 25
101 21 25
101 21 25
101 21 25
102 21 25
102 21 25
102 21 25
103 21 25
103 21 25
103 21 25
104 21 25
104 21 25
104 21 25
105 21 25
105 21 25
105 21 25
105 22 50
105 22 25
105 22 25
105 23 25
105 23 25
105 23 25
105 23 25
105 24 25
105 24 25
105 24 25
105 24 25
105 24 25
105 25 25
105 25 25
105 25 25
105 25 25
105 25 25
105 25 25
105 26 25
105 26 25
105 26 25
105 26 25
105 26 25
105 26 25
105 26 25
105 26 25
105 27 25
105 27 25
105 27 25
105 27 25
105 27 25
105 27 25
105 27 25
105 27 25
105 27 25
105 27 25
105 28 25
105 28 25
105 28 25
105 28 25
105 28 25
105 28 25
105 28 25
105 28 25
105 28 25
105 28 25
105 28 25
105 28 25
105 29 25
105 29 25
105 29 25
105 29 25
105 29 25
105 29 25
105 29 25
105 29 25
105 29 25
105 29 25
105 29 25
105 29 25
105 29 25
105 29 25
105 29 25
105 30 25
105 30 25
105 30 25
105 30 25
105 30 25
105 30 25
105 30 25
105 30 25
105 30 25
105 30 25
105 30 25
105 30 25
105 30 25
105 30 25
105 30 25
105 30 25
105 30 25
105 31 25
105 31 25
105 31 25
105 31 25
105 31 25
105 31 25
105 31 25
105 31 25
105 31 25
105 31 25
105 31 25
105 31 25
105 31 25
105 31 25
105 31 25
105 31 25
105 31 25
105 31 25
105 31 25
106 21 450
107 21 25
107 21 25
107 21 25
108 21 25
108 21 25
108 21 25
109 21 25
109 21 25
110 21 25
110 21 25
111 21 25
111 21 25
112 21 25
112 21 25
113 21 25
113 21 25
114 21 25
115 21 25
116 21 25
117 21 25
118 21 25
119 21 25
120 21 25
121 21 25
122 21 25
123 21 25
124 21 25
125 21 25
126 21 25
127 21 25
128 21 25
129 21 25
130 21 25
131 21 25
132 21 25
133 21 25
134 21 25
135 21 25
136 21 25
137 21 25
138 21 25
139 21 25
140 21 25
141 21 25
142 21 25
143 21 25
144 21 25
145 21 25
146 21 25
147 21 25
148 21 25
149 21 25
150 21 25
151 21 25
152 21 25
153 21 25
154 21 25
155 21 25
156 21 25
157 21 25
158 21 25
159 21 25
160 21 25
161 21 25
162 21 25
163 21 25
164 21 25
165 21 25
165 22 25
165 23 25
165 24 25
165 25 25
165 26 25
165 27 25
165 28 25
165 29 25
165 30 25
165 31 25
166 31 25
167 31 25
168 31 25
169 31 25
170 31 25
171 31 25
172 31 25
173 31 25
174 31 25
175 31 25
176 31 25
177 31 25
178 31 25
179 31 25
180 31 25
181 31 25
182 31 25
183 31 25
184 31 25
185 31 25
186 31 25
187 31 25
188 31 25
189 31 25
190 31 25
190 31 25
191 31 25
191 31 25
192 31 25
192 31 25
193 31 25
193 31 25
193 31 25
194 31 25
194 31 25
194 31 25
195 31 25
195 31 25
195 31 25
195 31 25
196 31 25
196 31 25
196 31 25
196 31 25
197 31 25
197 31 25
197 31 25
197 31 25
197 31 25
198 31 25
198 31 25
198 31 25
198 31 25
198 31 25
198 31 25
198 32 125
198 32 25
198 33 25
198 33 25
198 33 25
198 33 25
198 33 25
198 33 25
198 34 25
198 34 25
198 34 25
198 34 25
198 34 25
198 34 25
198 35 25
198 35 25
198 35 25
198 35 25
198 35 25
198 35 25
198 36 25
198 36 25
198 36 25
198 36 25
198 36 25
198 36 25
198 36 25
198 37 25
198 37 25
198 37 25
198 37 25
198 37 25
198 37 25
198 37 25
198 37 25
198 38 25
198 38 25
198 38 25
198 38 25
198 38 25
198 38 25
198 38 25
198 38 25
198 38 25
198 39 25
198 39 25
198 39 25
198 39 25
198 39 25
198 39 25
198 39 25
198 39 25
198 39 25
198 39 25
198 40 25
198 40 25
198 40 25
198 40 25
198 40 25
198 40 25
198 40 25
198 40 25
198 40 25
198 40 25
198 40 25
198 40 25
198 41 25
198 41 25
198 41 25
198 41 25
198 41 25
198 41 25
198 41 25
198 41 25
198 41 25
198 41 25
198 41 25
198 41 25
198 41 25
198 42 25
198 42 25
198 42 25
198 42 25
198 42 25
198 42 25
198 42 25
198 42 25
198 42 25
198 42 25
198 42 25
198 42 25
198 42 25
198 42 25
198 42 25
198 43 25
198 43 25
198 43 25
198 43 25
198 43 25
198 43 25
198 43 25
198 43 25
198 43 25
198 43 25
198 43 25
198 43 25
198 43 25
198 43 25
198 43 25
198 43 25
198 43 25
198 44 25
198 44 25
198 44 25
198 44 25
198 44 25
198 44 25
198 44 25
198 44 25
198 44 25
198 44 25
198 44 25
198 44 25
198 44 25
198 44 25
198 44 25
198 44 25
198 44 25
198 44 25
198 44 25
198 44 25
198 45 25
198 45 25
198 45 25
198 45 25
198 45 25
198 45 25
198 45 25
198 45 25
198 45 25
198 45 25
198 45 25
198 45 25
198 45 25
198 45 25
198 45 25
198 45 25
198 45 25
198 45 25
198 45 25
198 45 25
198 45 25
198 45 25
198 46 25
198 46 25
198 46 25
198 46 25
198 46 25
198 46 25
198 46 25
198 46 25
198 46 25
198 46 25
198 46 25
198 46 25
198 46 25
198 46 25
198 46 25
198 46 25
198 46 25
198 46 25
198 46 25
198 46 25
198 46 25
198 46 25
198 46 25
198 46 25
198 46 25
198 47 25
198 47 25
198 47 25
198 47 25
198 47 25
198 47 25
198 47 25
198 47 25
198 47 25
198 47 25
198 47 25
198 47 25
198 47 25
198 47 25
198 47 25
198 47 25
198 47 25
198 47 25
198 47 25
198 47 25
198 47 25
198 47 25
198 47 25
198 47 25
198 47 25
198 47 25
198 47 25
198 48 25
198 48 25
198 48 25
198 48 25
198 48 25
198 48 25
198 48 25
198 48 25
198 48 25
198 48 25
198 48 25
198 48 25
198 48 25
198 48 25
198 48 25
198 48 25
198 48 25
198 48 25
198 48 25
198 48 25
198 48 25
198 48 25
198 48 25
198 48 25
198 48 25
198 48 25
198 48 25
198 48 25
198 48 25
198 48 25
198 49 25
198 49 25
198 49 25
198 49 25
198 49 25
198 49 25
198 49 25
198 49 25
198 49 25
198 49 25
198 49 25
198 49 25
198 49 25
198 49 25
198 49 25
198 49 25
198 49 25
198 49 25
198 49 25
198 49 25
198 49 25
198 49 25
198 49 25
198 49 25
198 49 25
198 49 25
198 49 25
198 49 25
198 49 25
198 49 25
198 49 25
198 49 25
198 49 25
198 50 25
198 50 25
198 50 25
198 50 25
198 50 25
198 50 25
198 50 25
198 50 25
198 50 25
198 50 25
198 50 25
198 50 25
198 50 25
198 50 25
198 50 25
198 50 25
198 50 25
198 50 25
198 50 25
198 50 25
198 50 25
198 50 25
198 50 25
198 50 25
198 50 25
198 50 25
198 50 25
198 50 25
198 50 25
198 50 25
198 50 25
198 50 25
198 50 25
198 50 25
198 50 25
198 50 25
198 51 25
198 51 25
198 51 25
198 51 25
198 51 25
198 51 25
198 51 25
198 51 25
198 51 25
198 51 25
198 51 25
198 51 25
198 51 25
198 51 25
198 51 25
198 51 25
198 51 25
198 51 25
198 51 25
198 51 25
198 51 25
198 51 25
198 51 25
198 51 25
198 51 25
198 51 25
198 51 25
198 51 25
198 51 25
198 51 25
198 51 25
198 51 25
198 51 25
198 51 25
198 51 25
198 51 25
198 51 25
198 51 25
198 51 25
198 52 25
198 52 25
198 52 25
198 52 25
198 52 25
198 52 25
198 52 25
198 52 25
198 52 25
198 52 25
198 52 25
198 52 25
198 52 25
198 52 25
198 52 25
198 52 25
198 52 25
198 52 25
198 52 25
198 52 25
198 52 25
198 52 25
198 52 25
198 52 25
198 52 25
198 52 25
198 52 25
198 52 25
198 52 25
198 52 25
198 52 25
198 52 25
198 52 25
198 52 25
198 52 25
198 52 25
198 52 25
198 52 25
198 52 25
198 52 25
198 52 25
198 52 25
198 52 25
198 52 25
198 53 25
198 53 25
198 53 25
198 53 25
198 53 25
198 53 25
198 53 25
198 53 25
198 53 25
198 53 25
198 53 25
198 53 25
198 53 25
198 53 25
198 53 25
198 53 25
198 53 25
198 53 25
198 53 25
198 53 25
198 53 25
198 53 25
198 53 25
198 53 25
198 53 25
198 53 25
198 53 25
198 53 25
198 53 25
198 53 25
198 53 25
198 53 25
198 53 25
198 53 25
198 53 25
198 53 25
198 53 25
198 53 25
198 53 25
198 53 25
198 53 25
198 53 25
198 53 25
198 53 25
198 53 25
198 53 25
198 53 25
198 53 25
198 53 25
198 54 25
198 54 25
198 54 25
198 54 25
198 54 25
198 54 25
198 54 25
198 54 25
198 54 25
198 54 25
198 54 25
198 54 25
198 54 25
198 54 25
198 54 25
198 54 25
198 54 25
198 54 25
198 54 25
198 54 25
198 54 25
198 54 25
198 54 25
198 54 25
198 54 25
198 54 25
198 54 25
198 54 25
198 54 25
198 54 25
198 54 25
198 54 25
198 54 25
198 54 25
198 54 25
198 54 25
198 54 25
198 54 25
198 54 25
198 54 25
198 54 25
198 54 25
198 54 25
198 54 25
198 54 25
198 54 25
198 54 25
198 54 25
198 54 25
198 54 25
198 54 25
198 54 25
198 54 25
198 54 25
198 54 25
198 55 25
198 55 25
198 55 25
198 55 25
198 55 25
198 55 25
198 55 25
198 55 25
198 55 25
198 55 25
198 55 25
198 55 25
198 55 25
198 55 25
198 55 25
198 55 25
198 55 25
198 55 25
198 55 25
198 55 25
198 55 25
198 55 25
198 55 25
198 55 25
198 55 25
198 55 25
198 55 25
198 55 25
198 55 25
198 55 25
198 55 25
198 55 25
198 55 25
198 55 25
198 55 25
198 55 25
198 55 25
198 55 25
198 55 25
198 55 25
198 55 25
198 55 25
198 55 25
198 55 25
198 55 25
198 55 25
198 55 25
198 55 25
198 55 25
198 55 25
198 55 25
198 55 25
198 55 25
198 55 25
198 55 25
198 55 25
198 55 25
198 55 25
198 55 25
198 55 25
198 55 25
198 55 25
198 56 25
198 56 25
198 56 25
198 56 25
198 56 25
198 56 25
198 56 25
198 56 25
198 56 25
198 56 25
198 56 25
198 56 25
198 56 25
198 56 25
198 56 25
198 56 25
198 56 25
198 56 25
198 56 25
198 56 25
198 56 25
198 56 25
198 56 25
198 56 25
198 56 25
198 56 25
198 56 25
198 56 25
198 56 25
198 56 25
198 56 25
198 56 25
198 56 25
198 56 25
198 56 25
198 56 25
198 56 25
198 56 25
198 56 25
198 56 25
198 56 25
198 56 25
198 56 25
198 56 25
198 56 25
198 56 25
198 56 25
198 56 25
198 56 25
198 56 25
198 56 25
198 56 25
198 56 25
198 56 25
198 56 25
198 56 25
198 56 25
198 56 25
198 56 25
198 56 25
198 56 25
198 56 25
198 56 25
198 56 25
198 56 25
198 56 25
198 56 25
198 56 25
198 56 25
198 56 25
198 57 25
198 57 25
198 57 25
198 57 25
198 57 25
198 57 25
198 57 25
198 57 25
198 57 25
198 57 25
198 57 25
198 57 25
198 57 25
198 57 25
198 57 25
198 57 25
198 57 25
198 57 25
198 57 25
198 57 25
198 57 25
198 57 25
198 57 25
198 57 25
198 57 25
198 57 25
198 57 25
198 57 25
198 57 25
198 57 25
198 57 25
198 57 25
198 57 25
198 57 25
198 57 25
198 57 25
198 57 25
198 57 25
198 57 25
198 57 25
198 57 25
198 57 25
198 57 25
198 57 25
198 57 25
198 57 25
198 57 25
198 57 25
198 57 25
198 57 25
198 57 25
198 57 25
198 57 25
198 57 25
198 57 25
198 57 25
198 57 25
198 57 25
198 57 25
198 57 25
198 57 25
198 57 25
198 57 25
198 57 25
198 57 25
198 57 25
198 57 25
198 57 25
198 57 25
198 57 25
198 57 25
198 57 25
198 57 25
198 57 25
198 57 25
198 57 25
198 57 25
198 57 25
198 57 25
198 58 25
198 58 25
198 58 25
198 58 25
198 58 25
198 58 25
198 58 25
198 58 25
198 58 25
198 58 25
198 58 25
198 58 25
198 58 25
198 58 25
198 58 25
198 58 25
198 58 25
198 58 25
198 58 25
198 58 25
198 58 25
198 58 25
198 58 25
198 58 25
198 58 25
198 58 25
198 58 25
198 58 25
198 58 25
198 58 25
198 58 25
198 58 25
198 58 25
198 58 25
198 58 25
198 58 25
198 58 25
198 58 25
198 58 25
198 58 25
198 58 25
198 58 25
198 58 25
198 58 25
198 58 25
198 58 25
198 58 25
198 58 25
198 58 25
198 58 25
198 58 25
198 58 25
198 58 25
198 58 25
198 58 25
198 58 25
198 58 25
198 58 25
198 58 25
198 58 25
198 58 25
198 58 25
198 58 25
198 58 25
198 58 25
198 58 25
198 58 25
198 58 25
198 58 25
198 58 25
198 58 25
198 58 25
198 58 25
198 58 25
198 58 25
198 58 25
198 58 25
198 58 25
198 58 25
198 58 25
198 58 25
198 58 25
198 58 25
198 58 25
198 58 25
198 58 25
198 58 25
198 58 25
198 59 25
198 59 25
198 59 25
198 59 25
198 59 25
198 59 25
198 59 25
198 59 25
198 59 25
198 59 25
198 59 25
198 59 25
198 59 25
198 59 25
198 59 25
198 59 25
198 59 25
198 59 25
198 59 25
198 59 25
198 59 25
198 59 25
198 59 25
198 59 25
198 59 25
198 59 25
198 59 25
198 59 25
198 59 25
198 59 25
198 59 25
198 59 25
198 59 25
198 59 25
198 59 25
198 59 25
198 59 25
198 59 25
198 59 25
198 59 25
198 59 25
198 59 25
198 59 25
198 59 25
198 59 25
198 59 25
198 59 25
198 59 25
198 59 25
198 59 25
198 59 25
198 59 25
198 59 25
198 59 25
198 59 25
198 59 25
198 59 25
198 59 25
198 59 25
198 59 25
198 59 25
198 59 25
198 59 25
198 59 25
198 59 25
198 59 25
198 59 25
198 59 25
198 59 25
198 59 25
198 59 25
198 59 25
198 59 25
198 59 25
198 59 25
198 59 25
198 59 25
198 59 25
198 59 25
198 59 25
198 59 25
198 59 25
198 59 25
198 59 25
198 59 25
198 59 25
198 59 25
198 59 25
198 59 25
198 59 25
198 59 25
198 59 25
198 59 25
198 59 25
198 59 25
198 59 25
198 59 25
198 59 25
198 59 25
198 60 25
198 60 25
198 60 25
198 60 25
198 60 25
198 60 25
198 60 25
198 60 25
198 60 25
198 60 25
198 60 25
198 60 25
198 60 25
198 60 25
198 60 25
198 60 25
198 60 25
198 60 25
198 60 25
198 60 25
198 60 25
198 60 25
198 60 25
198 60 25
198 60 25
198 60 25
198 60 25
198 60 25
198 60 25
198 60 25
198 60 25
198 60 25
198 60 25
198 60 25
198 60 25
198 60 25
198 60 25
198 60 25
198 60 25
198 60 25
198 60 25
198 60 25
198 60 25
198 60 25
198 60 25
198 60 25
198 60 25
198 60 25
198 60 25
198 60 25
198 60 25
198 60 25
198 60 25
198 60 25
198 60 25
198 60 25
198 60 25
198 60 25
198 60 25
198 60 25
198 60 25
198 60 25
198 60 25
198 60 25
198 60 25
198 60 25
198 60 25
198 60 25
198 60 25
198 60 25
198 60 25
198 60 25
198 60 25
198 60 25
198 60 25
198 60 25
198 60 25
198 60 25
198 60 25
198 60 25
198 60 25
198 60 25
198 60 25
198 60 25
198 60 25
198 60 25
198 60 25
198 60 25
198 60 25
198 60 25
198 60 25
198 60 25
198 60 25
198 60 25
198 60 25
198 60 25
198 60 25
198 60 25
198 60 25
198 60 25
198 60 25
198 60 25
198 60 25
198 60 25
198 60 25
198 60 25
198 60 25
198 60 25
198 60 25
198 61 25
198 61 25
198 61 25
198 61 25
198 61 25
198 61 25
198 61 25
198 61 25
198 61 25
198 61 25
198 61 25
198 61 25
198 61 25
198 61 25
198 61 25
198 61 25
198 61 25
198 61 25
198 61 25
198 61 25
198 61 25
198 61 25
198 61 25
198 61 25
198 61 25
198 61 25
198 61 25
198 61 25
198 61 25
198 61 25
198 61 25
198 61 25
198 61 25
198 61 25
198 61 25
198 61 25
198 61 25
198 61 25
198 61 25
198 61 25
198 61 25
198 61 25
198 61 25
198 61 25
198 61 25
198 61 25
198 61 25
198 61 25
198 61 25
198 61 25
198 61 25
198 61 25
198 61 25
198 61 25
198 61 25
198 61 25
198 61 25
198 61 25
198 61 25
198 61 25
198 61 25
198 61 25
198 61 25
198 61 25
198 61 25
198 61 25
198 61 25
198 61 25
198 61 25
198 61 25
198 61 25
198 61 25
198 61 25
198 61 25
198 61 25
198 61 25
198 61 25
198 61 25
198 61 25
198 61 25
198 61 25
198 61 25
198 61 25
198 61 25
198 61 25
198 61 25
198 61 25
198 61 25
198 61 25
198 61 25
198 61 25
198 61 25
198 61 25
198 61 25
198 61 25
198 61 25
198 61 25
198 61 25
198 61 25
198 61 25
198 61 25
198 61 25
198 61 25
198 61 25
198 61 25
198 61 25
198 61 25
198 61 25
198 61 25
198 61 25
198 61 25
198 61 25
198 61 25
198 61 25
198 61 25
198 61 25
198 61 25
198 61 25
198 61 25
198 62 25
198 62 25
198 62 25
198 62 25
198 62 25
198 62 25
198 62 25
198 62 25
198 62 25
198 62 25
198 62 25
198 62 25
198 62 25
198 62 25
198 62 25
198 62 25
198 62 25
198 62 25
198 62 25
198 62 25
198 62 25
198 62 25
198 62 25
198 62 25
198 62 25
198 62 25
198 62 25
198 62 25
198 62 25
198 62 25
198 62 25
198 62 25
198 62 25
198 62 25
198 62 25
198 62 25
198 62 25
198 62 25
198 62 25
198 62 25
198 62 25
198 62 25
198 62 25
198 62 25
198 62 25
198 62 25
198 62 25
198 62 25
198 62 25
198 62 25
198 62 25
198 62 25
198 62 25
198 62 25
198 62 25
198 62 25
198 62 25
198 62 25
198 62 25
198 62 25
198 62 25
198 62 25
198 62 25
198 62 25
198 62 25
198 62 25
198 62 25
198 62 25
198 62 25
198 62 25
198 62 25
198 62 25
198 62 25
198 62 25
198 62 25
198 62 25
198 62 25
198 62 25
198 62 25
198 62 25
198 62 25
198 62 25
198 62 25
198 62 25
198 62 25
198 62 25
198 62 25
198 62 25
198 62 25
198 62 25
198 62 25
198 62 25
198 62 25
198 62 25
198 62 25
198 62 25
198 62 25
198 62 25
198 62 25
198 62 25
198 62 25
198 62 25
198 62 25
198 62 25
198 62 25
198 62 25
198 62 25
198 62 25
198 62 25
198 62 25
198 62 25
198 62 25
198 62 25
198 62 25
198 62 25
198 62 25
198 62 25
198 62 25
198 62 25
198 62 25
198 62 25
198 62 25
198 62 25
198 62 25
198 62 25
198 62 25
198 62 25
198 62 25
198 62 25
198 63 25
198 63 25
198 63 25
198 63 25
198 63 25
198 63 25
198 63 25
198 63 25
198 63 25
198 63 25
198 63 25
198 63 25
198 63 25
198 63 25
198 63 25
198 63 25
198 63 25
198 63 25
198 63 25
198 63 25
198 63 25
198 63 25
198 63 25
198 63 25
198 63 25
198 63 25
198 63 25
198 63 25
198 63 25
198 63 25
198 63 25
198 63 25
198 63 25
198 63 25
198 63 25
198 63 25
198 63 25
198 63 25
198 63 25
198 63 25
198 63 25
198 63 25
198 63 25
198 63 25
198 63 25
198 63 25
198 63 25
198 63 25
198 63 25
198 63 25
198 63 25
198 63 25
198 63 25
198 63 25
198 63 25
198 63 25
198 63 25
198 63 25
198 63 25
198 63 25
198 63 25
198 63 25
198 63 25
198 63 25
198 63 25
198 63 25
198 63 25
198 63 25
198 63 25
198 63 25
198 63 25
198 63 25
198 63 25
198 63 25
198 63 25
198 63 25
198 63 25
198 63 25
198 63 25
198 63 25
198 63 25
198 63 25
198 63 25
198 63 25
198 63 25
198 63 25
198 63 25
198 63 25
198 63 25
198 63 25
198 63 25
198 63 25
198 63 25
198 63 25
198 63 25
198 63 25
198 63 25
198 63 25
198 63 25
198 63 25
198 63 25
198 63 25
198 63 25
198 63 25
198 63 25
198 63 25
198 63 25
198 63 25
198 63 25
198 63 25
198 63 25
198 63 25
198 63 25
198 63 25
198 63 25
198 63 25
198 63 25
198 63 25
198 63 25
198 63 25
198 63 25
198 63 25
198 63 25
198 63 25
198 63 25
198 63 25
198 63 25
198 63 25
198 63 25
198 63 25
198 63 25
198 63 25
198 63 25
198 63 25
198 63 25
198 63 25
198 64 25
198 64 25
198 64 25
198 64 25
198 64 25
198 64 25
198 64 25
198 64 25
198 64 25
198 64 25
198 64 25
198 64 25
198 64 25
198 64 25
198 64 25
198 64 25
198 64 25
198 64 25
198 64 25
198 64 25
198 64 25
198 64 25
198 64 25
198 64 25
198 64 25
198 64 25
198 64 25
198 64 25
198 64 25
198 64 25
198 64 25
198 64 25
198 64 25
198 64 25
198 64 25
198 64 25
198 64 25
198 64 25
198 64 25
198 64 25
198 64 25
198 64 25
198 64 25
198 64 25
198 64 25
198 64 25
198 64 25
198 64 25
198 64 25
198 64 25
198 64 25
198 64 25
198 64 25
198 64 25
198 64 25
198 64 25
198 64 25
198 64 25
198 64 25
198 64 25
198 64 25
198 64 25
198 64 25
198 64 25
198 64 25
198 64 25
198 64 25
198 64 25
198 64 25
198 64 25
198 64 25
198 64 25
198 64 25
198 64 25
198 64 25
198 64 25
198 64 25
198 64 25
198 64 25
198 64 25
198 64 25
198 64 25
198 64 25
198 64 25
198 64 25
198 64 25
198 64 25
198 64 25
198 64 25
198 64 25
198 64 25
198 64 25
198 64 25
198 64 25
198 64 25
198 64 25
198 64 25
198 64 25
198 64 25
198 64 25
198 64 25
198 64 25
198 64 25
198 64 25
198 64 25
198 64 25
198 64 25
198 64 25
198 64 25
198 64 25
198 64 25
198 64 25
198 64 25
198 64 25
198 64 25
198 64 25
198 64 25
198 64 25
198 64 25
198 64 25
198 64 25
198 64 25
198 64 25
198 64 25
198 64 25
198 64 25
198 64 25
198 64 25
198 64 25
198 64 25
198 64 25
198 64 25
198 64 25
198 64 25
198 64 25
198 64 25
198 64 25
198 64 25
198 64 25
198 64 25
198 64 25
198 64 25
198 65 25
198 65 25
198 65 25
198 65 25
198 65 25
198 65 25
198 65 25
198 65 25
198 65 25
198 65 25
198 65 25
198 65 25
198 65 25
198 65 25
198 65 25
198 65 25
198 65 25
198 65 25
198 65 25
198 65 25
198 65 25
198 65 25
198 65 25
198 65 25
198 65 25
198 65 25
198 65 25
198 65 25
198 65 25
198 65 25
198 65 25
198 65 25
198 65 25
198 65 25
198 65 25
198 65 25
198 65 25
198 65 25
198 65 25
198 65 25
198 65 25
198 65 25
198 65 25
198 65 25
198 65 25
198 65 25
198 65 25
198 65 25
198 65 25
198 65 25
198 65 25
198 65 25
198 65 25
198 65 25
198 65 25
198 65 25
198 65 25
198 65 25
198 65 25
198 65 25
198 65 25
198 65 25
198 65 25
198 65 25
198 65 25
198 65 25
198 65 25
198 65 25
198 65 25
198 65 25
198 65 25
198 65 25
198 65 25
198 65 25
198 65 25
198 65 25
198 65 25
198 65 25
198 65 25
198 65 25
198 65 25
198 65 25
198 65 25
198 65 25
198 65 25
198 65 25
198 65 25
198 65 25
198 65 25
198 65 25
198 65 25
198 65 25
198 65 25
198 65 25
198 65 25
198 65 25
198 65 25
198 65 25
198 65 25
198 65 25
198 65 25
198 65 25
198 65 25
198 65 25
198 65 25
198 65 25
198 65 25
198 65 25
198 65 25
198 65 25
198 65 25
198 65 25
198 65 25
198 65 25
198 65 25
198 65 25
198 65 25
198 65 25
198 65 25
198 65 25
198 65 25
198 65 25
198 65 25
198 65 25
198 65 25
198 65 25
198 65 25
198 65 25
198 65 25
198 65 25
198 65 25
198 65 25
198 65 25
198 65 25
198 65 25
198 65 25
198 65 25
198 65 25
198 65 25
198 65 25
198 65 25
198 65 25
198 65 25
198 65 25
198 65 25
198 65 25
198 66 25
198 66 25
198 66 25
198 66 25
198 66 25
198 66 25
198 66 25
198 66 25
198 66 25
198 66 25
198 66 25
198 66 25
198 66 25
198 66 25
198 66 25
198 66 25
198 66 25
198 66 25
198 66 25
198 66 25
198 66 25
198 66 25
198 66 25
198 66 25
198 66 25
198 66 25
198 66 25
198 66 25
198 66 25
198 66 25
198 66 25
198 66 25
198 66 25
198 66 25
198 66 25
198 66 25
198 66 25
198 66 25
198 66 25
198 66 25
198 66 25
198 66 25
198 66 25
198 66 25
198 66 25
198 66 25
198 66 25
198 66 25
198 66 25
198 66 25
198 66 25
198 66 25
198 66 25
198 66 25
198 66 25
198 66 25
198 66 25
198 66 25
198 66 25
198 66 25
198 66 25
198 66 25
198 66 25
198 66 25
198 66 25
198 66 25
198 66 25
198 66 25
198 66 25
198 66 25
198 66 25
198 66 25
198 66 25
198 66 25
198 66 25
198 66 25
198 66 25
198 66 25
198 66 25
198 66 25
198 66 25
198 66 25
198 66 25
198 66 25
198 66 25
198 66 25
198 66 25
198 66 25
198 66 25
198 66 25
198 66 25
198 66 25
198 66 25
198 66 25
198 66 25
198 66 25
198 66 25
198 66 25
198 66 25
198 66 25
198 66 25
198 66 25
198 66 25
198 66 25
198 66 25
198 66 25
198 66 25
198 66 25
198 66 25
198 66 25
198 66 25
198 66 25
198 66 25
198 66 25
198 66 25
198 66 25
198 66 25
198 66 25
198 66 25
198 66 25
198 66 25
198 66 25
198 66 25
198 66 25
198 66 25
198 66 25
198 66 25
198 66 25
198 66 25
198 66 25
198 66 25
198 66 25
198 66 25
198 66 25
198 66 25
198 66 25
198 66 25
198 66 25
198 66 25
198 66 25
198 66 25
198 66 25
198 66 25
198 66 25
198 66 25
198 66 25
198 66 25
198 67 25
198 67 25
198 67 25
198 67 25
198 67 25
198 67 25
198 67 25
198 67 25
198 67 25
198 67 25
198 67 25
198 67 25
198 67 25
198 67 25
198 67 25
198 67 25
198 67 25
198 67 25
198 67 25
198 67 25
198 67 25
198 67 25
198 67 25
198 67 25
198 67 25
198 67 25
198 67 25
198 67 25
198 67 25
198 67 25
198 67 25
198 67 25
198 67 25
198 67 25
198 67 25
198 67 25
198 67 25
198 67 25
198 67 25
198 67 25
198 67 25
198 67 25
198 67 25
198 67 25
198 67 25
198 67 25
198 67 25
198 67 25
198 67 25
198 67 25
198 67 25
198 67 25
198 67 25
198 67 25
198 67 25
198 67 25
198 67 25
198 67 25
198 67 25
198 67 25
198 67 25
198 67 25
198 67 25
198 67 25
198 67 25
198 67 25
198 67 25
198 67 25
198 67 25
198 67 25
198 67 25
198 67 25
198 67 25
198 67 25
198 67 25
198 67 25
198 67 25
198 67 25
198 67 25
198 67 25
198 67 25
198 67 25
198 67 25
198 67 25
198 67 25
198 67 25
198 67 25
198 67 25
198 67 25
198 67 25
198 67 25
198 67 25
198 67 25
198 67 25
198 67 25
198 67 25
198 67 25
198 67 25
198 67 25
198 67 25
198 67 25
198 67 25
198 67 25
198 67 25
198 67 25
198 67 25
198 67 25
198 67 25
198 67 25
198 67 25
198 67 25
198 67 25
198 67 25
198 67 25
198 67 25
198 67 25
198 67 25
198 67 25
198 67 25
198 67 25
198 67 25
198 67 25
198 67 25
198 67 25
198 67 25
198 67 25
198 67 25
198 67 25
198 67 25
198 67 25
198 67 25
198 67 25
198 67 25
198 67 25
198 67 25
198 67 25
198 67 25
198 67 25
198 67 25
198 67 25
198 67 25
198 67 25
198 67 25
198 67 25
198 67 25
198 67 25
198 67 25
198 68 25
198 68 25
198 68 25
198 68 25
198 68 25
198 68 25
198 68 25
198 68 25
198 68 25
198 68 25
198 68 25
198 68 25
198 68 25
198 68 25
198 68 25
198 68 25
198 68 25
198 68 25
198 68 25
198 68 25
198 68 25
198 68 25
198 68 25
198 68 25
198 68 25
198 68 25
198 68 25
198 68 25
198 68 25
198 68 25
198 68 25
198 68 25
198 68 25
198 68 25
198 68 25
198 68 25
198 68 25
198 68 25
198 68 25
198 68 25
198 68 25
198 68 25
198 68 25
198 68 25
198 68 25
198 68 25
198 68 25
198 68 25
198 68 25
198 68 25
198 68 25
198 68 25
198 68 25
198 68 25
198 68 25
198 68 25
198 68 25
198 68 25
198 68 25
198 68 25
198 68 25
198 68 25
198 68 25
198 68 25
198 68 25
198 68 25
198 68 25
198 68 25
198 68 25
198 68 25
198 68 25
198 68 25
198 68 25
198 68 25
198 68 25
198 68 25
198 68 25
198 68 25
198 68 25
198 68 25
198 68 25
198 68 25
198 68 25
198 68 25
198 68 25
198 68 25
198 68 25
198 68 25
198 68 25
198 68 25
198 68 25
198 68 25
198 68 25
198 68 25
198 68 25
198 68 25
198 68 25
198 68 25
198 68 25
198 68 25
198 68 25
198 68 25
198 68 25
198 68 25
198 68 25
198 68 25
198 68 25
198 68 25
198 68 25
198 68 25
198 68 25
198 68 25
198 68 25
198 68 25
198 68 25
198 68 25
198 68 25
198 68 25
198 68 25
198 68 25
198 68 25
198 68 25
198 68 25
198 68 25
198 68 25
198 68 25
198 68 25
198 68 25
198 68 25
198 68 25
198 68 25
198 68 25
198 68 25
198 68 25
198 68 25
198 68 25
198 68 25
198 68 25
198 68 25
198 68 25
198 68 25
198 68 25
198 68 25
198 68 25
198 68 25
198 69 25
198 69 25
198 69 25
198 69 25
198 69 25
198 69 25
198 69 25
198 69 25
198 69 25
198 69 25
198 69 25
198 69 25
198 69 25
198 69 25
198 69 25
198 69 25
198 69 25
198 69 25
198 69 25
198 69 25
198 69 25
198 69 25
198 69 25
198 69 25
198 69 25
198 69 25
198 69 25
198 69 25
198 69 25
198 69 25
198 69 25
198 69 25
198 69 25
198 69 25
198 69 25
198 69 25
198 69 25
198 69 25
198 69 25
198 69 25
198 69 25
198 69 25
198 69 25
198 69 25
198 69 25
198 69 25
198 69 25
198 69 25
198 69 25
198 69 25
198 69 25
198 69 25
198 69 25
198 69 25
198 69 25
198 69 25
198 69 25
198 69 25
198 69 25
198 69 25
198 69 25
198 69 25
198 69 25
198 69 25
198 69 25
198 69 25
198 69 25
198 69 25
198 69 25
198 69 25
198 69 25
198 69 25
198 69 25
198 69 25
198 69 25
198 69 25
198 69 25
198 69 25
198 69 25
198 69 25
198 69 25
198 69 25
198 69 25
198 69 25
198 69 25
198 69 25
198 69 25
198 69 25
198 69 25
198 69 25
198 69 25
198 69 25
198 69 25
198 69 25
198 69 25
198 69 25
198 69 25
198 69 25
198 69 25
198 69 25
198 69 25
198 69 25
198 69 25
198 69 25
198 69 25
198 69 25
198 69 25
198 69 25
198 69 25
198 69 25
198 69 25
198 69 25
198 69 25
198 69 25
198 69 25
198 69 25
198 69 25
198 69 25
198 69 25
198 69 25
198 69 25
198 69 25
198 69 25
198 69 25
198 69 25
198 69 25
198 69 25
198 69 25
198 69 25
198 69 25
198 69 25
198 69 25
198 69 25
198 69 25
198 69 25
198 69 25
198 69 25
198 69 25
198 69 25
198 69 25
198 69 25
198 69 25
198 70 25
198 70 25
198 70 25
198 70 25
198 70 25
198 70 25
198 70 25
198 70 25
198 70 25
198 70 25
198 70 25
198 70 25
198 70 25
198 70 25
198 70 25
198 70 25
198 70 25
198 70 25
198 70 25
198 70 25
198 70 25
198 70 25
198 70 25
198 70 25
198 70 25
198 70 25
198 70 25
198 70 25
198 70 25
198 70 25
198 70 25
198 70 25
198 70 25
198 70 25
198 70 25
198 70 25
198 70 25
198 70 25
198 70 25
198 70 25
198 70 25
198 70 25
198 70 25
198 70 25
198 70 25
198 70 25
198 70 25
198 70 25
198 70 25
198 70 25
198 70 25
198 70 25
198 70 25
198 70 25
198 70 25
198 70 25
198 70 25
198 70 25
198 70 25
198 70 25
198 70 25
198 70 25
198 70 25
198 70 25
198 70 25
198 70 25
198 70 25
198 70 25
198 70 25
198 70 25
198 70 25
198 70 25
198 70 25
198 70 25
198 70 25
198 70 25
198 70 25
198 70 25
198 70 25
198 70 25
198 70 25
198 70 25
198 70 25
198 70 25
198 70 25
198 70 25
198 70 25
198 70 25
198 70 25
198 70 25
198 70 25
198 70 25
198 70 25
198 70 25
198 70 25
198 70 25
198 70 25
198 70 25
198 70 25
198 70 25
198 70 25
198 70 25
198 70 25
198 70 25
198 70 25
198 70 25
198 70 25
198 70 25
198 70 25
198 70 25
198 70 25
198 70 25
198 70 25
198 70 25
198 70 25
198 70 25
198 70 25
198 70 25
198 70 25
198 70 25
198 70 25
198 70 25
198 70 25
198 70 25
198 70 25
198 70 25
198 70 25
198 70 25
198 70 25
198 70 25
198 70 25
198 70 25
198 70 25
198 70 25
198 70 25
198 70 25
198 70 25
198 70 25
198 71 25
198 71 25
198 71 25
198 71 25
198 71 25
198 71 25
198 71 25
198 71 25
198 71 25
198 71 25
198 71 25
198 71 25
198 71 25
198 71 25
198 71 25
198 71 25
198 71 25
198 71 25
198 71 25
198 71 25
198 71 25
198 71 25
198 71 25
198 71 25
198 71 25
198 71 25
198 71 25
198 71 25
198 71 25
198 71 25
198 71 25
198 71 25
198 71 25
198 71 25
198 71 25
198 71 25
198 71 25
198 71 25
198 71 25
198 71 25
198 71 25
198 71 25
198 71 25
198 71 25
198 71 25
198 71 25
198 71 25
198 71 25
198 71 25
198 71 25
198 71 25
198 71 25
198 71 25
198 71 25
198 71 25
198 71 25
198 71 25
198 71 25
198 71 25
198 71 25
198 71 25
198 71 25
198 71 25
198 71 25
198 71 25
198 71 25
198 71 25
198 71 25
198 71 25
198 71 25
198 71 25
198 71 25
198 71 25
198 71 25
198 71 25
198 71 25
198 71 25
198 71 25
198 71 25
198 71 25
198 71 25
198 71 25
198 71 25
198 71 25
198 71 25
198 71 25
198 71 25
198 71 25
198 71 25
198 71 25
198 71 25
198 71 25
198 71 25
198 71 25
198 71 25
198 71 25
198 71 25
198 71 25
198 71 25
198 71 25
198 71 25
198 71 25
198 71 25
198 71 25
198 71 25
198 71 25
198 71 25
198 71 25
198 71 25
198 71 25
198 71 25
198 71 25
198 71 25
198 71 25
198 71 25
198 71 25
198 71 25
198 71 25
198 71 25
198 71 25
198 71 25
198 71 25
198 71 25
198 71 25
198 71 25
198 71 25
198 71 25
198 71 25
198 71 25
198 71 25
198 71 25
198 71 25
198 71 25
198 72 25
198 72 25
198 72 25
198 72 25
198 72 25
198 72 25
198 72 25
198 72 25
198 72 25
198 72 25
198 72 25
198 72 25
198 72 25
198 72 25
198 72 25
198 72 25
198 72 25
198 72 25
198 72 25
198 72 25
198 72 25
198 72 25
198 72 25
198 72 25
198 72 25
198 72 25
198 72 25
198 72 25
198 72 25
198 72 25
198 72 25
198 72 25
198 72 25
198 72 25
198 72 25
198 72 25
198 72 25
198 72 25
198 72 25
198 72 25
198 72 25
198 72 25
198 72 25
198 72 25
198 72 25
198 72 25
198 72 25
198 72 25
198 72 25
198 72 25
198 72 25
198 72 25
198 72 25
198 72 25
198 72 25
198 72 25
198 72 25
198 72 25
198 72 25
198 72 25
198 72 25
198 72 25
198 72 25
198 72 25
198 72 25
198 72 25
198 72 25
198 72 25
198 72 25
198 72 25
198 72 25
198 72 25
198 72 25
198 72 25
198 72 25
198 72 25
198 72 25
198 72 25
198 72 25
198 72 25
198 72 25
198 72 25
198 72 25
198 72 25
198 72 25
198 72 25
198 72 25
198 72 25
198 72 25
198 72 25
198 72 25
198 72 25
198 72 25
198 72 25
198 72 25
198 72 25
198 72 25
198 72 25
198 72 25
198 72 25
198 72 25
198 72 25
198 72 25
198 72 25
198 72 25
198 72 25
198 72 25
198 72 25
198 72 25
198 72 25
198 72 25
198 72 25
198 72 25
198 72 25
198 72 25
198 72 25
198 72 25
198 72 25
198 72 25
198 72 25
198 72 25
198 72 25
198 72 25
198 72 25
198 72 25
198 72 25
198 72 25
198 72 25
198 72 25
198 73 25
198 73 25
198 73 25
198 73 25
198 73 25
198 73 25
198 73 25
198 73 25
198 73 25
198 73 25
198 73 25
198 73 25
198 73 25
198 73 25
198 73 25
198 73 25
198 73 25
198 73 25
198 73 25
198 73 25
198 73 25
198 73 25
198 73 25
198 73 25
198 73 25
198 73 25
198 73 25
198 73 25
198 73 25
198 73 25
198 73 25
198 73 25
198 73 25
198 73 25
198 73 25
198 73 25
198 73 25
198 73 25
198 73 25
198 73 25
198 73 25
198 73 25
198 73 25
198 73 25
198 73 25
198 73 25
198 73 25
198 73 25
198 73 25
198 73 25
198 73 25
198 73 25
198 73 25
198 73 25
198 73 25
198 73 25
198 73 25
198 73 25
198 73 25
198 73 25
198 73 25
198 73 25
198 73 25
198 73 25
198 73 25
198 73 25
198 73 25
198 73 25
198 73 25
198 73 25
198 73 25
198 73 25
198 73 25
198 73 25
198 73 25
198 73 25
198 73 25
198 73 25
198 73 25
198 73 25
198 73 25
198 73 25
198 73 25
198 73 25
198 73 25
198 73 25
198 73 25
198 73 25
198 73 25
198 73 25
198 73 25
198 73 25
198 73 25
198 73 25
198 73 25
198 73 25
198 73 25
198 73 25
198 73 25
198 73 25
198 73 25
198 73 25
198 73 25
198 73 25
198 73 25
198 73 25
198 73 25
198 73 25
198 73 25
198 73 25
198 73 25
198 73 25
198 73 25
198 73 25
198 73 25
198 73 25
198 73 25
198 73 25
198 73 25
198 73 25
198 73 25
198 73 25
198 73 25
198 73 25
198 74 25
198 74 25
198 74 25
198 74 25
198 74 25
198 74 25
198 74 25
198 74 25
198 74 25
198 74 25
198 74 25
198 74 25
198 74 25
198 74 25
198 74 25
198 74 25
198 74 25
198 74 25
198 74 25
198 74 25
198 74 25
198 74 25
198 74 25
198 74 25
198 74 25
198 74 25
198 74 25
198 74 25
198 74 25
198 74 25
198 74 25
198 74 25
198 74 25
198 74 25
198 74 25
198 74 25
198 74 25
198 74 25
198 74 25
198 74 25
198 74 25
198 74 25
198 74 25
198 74 25
198 74 25
198 74 25
198 74 25
198 74 25
198 74 25
198 74 25
198 74 25
198 74 25
198 74 25
198 74 25
198 74 25
198 74 25
198 74 25
198 74 25
198 74 25
198 74 25
198 74 25
198 74 25
198 74 25
198 74 25
198 74 25
198 74 25
198 74 25
198 74 25
198 74 25
198 74 25
198 74 25
198 74 25
198 74 25
198 74 25
198 74 25
198 74 25
198 74 25
198 74 25
198 74 25
198 74 25
198 74 25
198 74 25
198 74 25
198 74 25
198 74 25
198 74 25
198 74 25
198 74 25
198 74 25
198 74 25
198 74 25
198 74 25
198 74 25
198 74 25
198 74 25
198 74 25
198 74 25
198 74 25
198 74 25
198 74 25
198 74 25
198 74 25
198 74 25
198 74 25
198 74 25
198 74 25
198 74 25
198 74 25
198 74 25
198 74 25
198 74 25
198 74 25
198 74 25
198 74 25
198 74 25
198 74 25
198 74 25
198 74 25
198 74 25
198 74 25
198 74 25
198 75 25
198 75 25
198 75 25
198 75 25
198 75 25
198 75 25
198 75 25
198 75 25
198 75 25
198 75 25
198 75 25
198 75 25
198 75 25
198 75 25
198 75 25
198 75 25
198 75 25
198 75 25
198 75 25
198 75 25
198 75 25
198 75 25
198 75 25
198 75 25
198 75 25
198 75 25
198 75 25
198 75 25
198 75 25
198 75 25
198 75 25
198 75 25
198 75 25
198 75 25
198 75 25
198 75 25
198 75 25
198 75 25
198 75 25
198 75 25
198 75 25
198 75 25
198 75 25
198 75 25
198 75 25
198 75 25
198 75 25
198 75 25
198 75 25
198 75 25
198 75 25
198 75 25
198 75 25
198 75 25
198 75 25
198 75 25
198 75 25
198 75 25
198 75 25
198 75 25
198 75 25
198 75 25
198 75 25
198 75 25
198 75 25
198 75 25
198 75 25
198 75 25
198 75 25
198 75 25
198 75 25
198 75 25
198 75 25
198 75 25
198 75 25
198 75 25
198 75 25
198 75 25
198 75 25
198 75 25
198 75 25
198 75 25
198 75 25
198 75 25
198 75 25
198 75 25
198 75 25
198 75 25
198 75 25
198 75 25
198 75 25
198 75 25
198 75 25
198 75 25
198 75 25
198 75 25
198 75 25
198 75 25
198 75 25
198 75 25
198 75 25
198 75 25
198 75 25
198 75 25
198 75 25
198 75 25
198 75 25
198 75 25
198 75 25
198 75 25
198 75 25
198 75 25
198 75 25
198 75 25
198 75 25
198 75 25
198 75 25
198 75 25
198 76 25
198 76 25
198 76 25
198 76 25
198 76 25
198 76 25
198 76 25
198 76 25
198 76 25
198 76 25
198 76 25
198 76 25
198 76 25
198 76 25
198 76 25
198 76 25
198 76 25
198 76 25
198 76 25
198 76 25
198 76 25
198 76 25
198 76 25
198 76 25
198 76 25
198 76 25
198 76 25
198 76 25
198 76 25
198 76 25
198 76 25
198 76 25
198 76 25
198 76 25
198 76 25
198 76 25
198 76 25
198 76 25
198 76 25
198 76 25
198 76 25
198 76 25
198 76 25
198 76 25
198 76 25
198 76 25
198 76 25
198 76 25
198 76 25
198 76 25
198 76 25
198 76 25
198 76 25
198 76 25
198 76 25
198 76 25
198 76 25
198 76 25
198 76 25
198 76 25
198 76 25
198 76 25
198 76 25
198 76 25
198 76 25
198 76 25
198 76 25
198 76 25
198 76 25
198 76 25
198 76 25
198 76 25
198 76 25
198 76 25
198 76 25
198 76 25
198 76 25
198 76 25
198 76 25
198 76 25
198 76 25
198 76 25
198 76 25
198 76 25
198 76 25
198 76 25
198 76 25
198 76 25
198 76 25
198 76 25
198 76 25
198 76 25
198 76 25
198 76 25
198 76 25
198 76 25
198 76 25
198 76 25
198 76 25
198 76 25
198 76 25
198 76 25
198 76 25
198 76 25
198 76 25
198 76 25
198 76 25
198 76 25
198 76 25
198 76 25
198 76 25
198 76 25
198 76 25
198 76 25
198 76 25
198 76 25
150 102 2875
149 102 25
149 102 25
149 102 25
149 102 25
149 102 25
149 102 25
148 102 25
148 102 25
148 102 25
148 102 25
148 102 25
148 102 25
148 102 25
147 102 25
147 102 25
147 102 25
147 102 25
147 102 25
147 102 25
147 102 25
147 102 25
147 102 25
146 102 25
146 102 25
146 102 25
146 102 25
146 102 25
146 102 25
146 102 25
146 102 25
146 102 25
146 102 25
146 102 25
145 102 25
145 102 25
145 102 25
145 102 25
145 102 25
145 102 25
145 102 25
145 102 25
145 102 25
145 102 25
145 102 25
145 102 25
145 102 25
145 102 25
144 102 25
144 102 25
144 102 25
144 102 25
144 102 25
144 102 25
144 102 25
144 102 25
144 102 25
144 102 25
144 102 25
144 102 25
144 102 25
144 102 25
144 102 25
144 102 25
143 102 25
143 102 25
143 102 25
143 102 25
143 102 25
143 102 25
143 102 25
143 102 25
143 102 25
143 102 25
143 102 25
143 102 25
143 102 25
143 102 25
143 102 25
143 102 25
143 102 25
143 102 25
142 102 25
142 102 25
142 102 25
142 102 25
142 102 25
142 102 25
142 102 25
142 102 25
142 102 25
142 102 25
142 102 25
142 102 25
142 102 25
142 102 25
142 102 25
142 102 25
142 102 25
142 102 25
142 102 25
142 102 25
141 102 25
141 102 25
141 102 25
141 102 25
141 102 25
141 102 25
141 102 25
141 102 25
141 102 25
141 102 25
141 102 25
141 102 25
141 102 25
141 102 25
141 102 25
141 102 25
141 102 25
141 102 25
141 102 25
141 102 25
141 102 25
140 102 25
140 102 25
140 102 25
140 102 25
140 102 25
140 102 25
140 102 25
140 102 25
140 102 25
140 102 25
140 102 25
140 102 25
140 102 25
140 102 25
140 102 25
140 102 25
140 102 25
140 102 25
140 102 25
140 102 25
140 102 25
140 102 25
139 102 25
139 102 25
139 102 25
139 102 25
139 102 25
139 102 25
139 102 25
139 102 25
139 102 25
139 102 25
139 102 25
139 102 25
139 102 25
139 102 25
139 102 25
139 102 25
139 102 25
139 102 25
139 102 25
139 102 25
139 102 25
139 102 25
139 102 25
138 102 25
138 102 25
138 102 25
138 102 25
138 102 25
138 102 25
138 102 25
138 102 25
138 102 25
138 102 25
138 102 25
138 102 25
138 102 25
138 102 25
138 102 25
138 102 25
138 102 25
138 102 25
138 102 25
138 102 25
138 102 25
138 102 25
138 102 25
137 102 25
137 102 25
137 102 25
137 102 25
137 102 25
137 102 25
137 102 25
137 102 25
137 102 25
137 102 25
137 102 25
137 102 25
137 102 25
137 102 25
137 102 25
137 102 25
137 102 25
137 102 25
137 102 25
137 102 25
137 102 25
137 102 25
137 102 25
137 102 25
136 102 25
136 102 25
136 102 25
136 102 25
136 102 25
136 102 25
136 102 25
136 102 25
136 102 25
136 102 25
136 102 25
136 102 25
136 102 25
136 102 25
136 102 25
136 102 25
136 102 25
136 102 25
136 102 25
136 102 25
136 102 25
136 102 25
136 102 25
136 102 25
135 102 25
135 102 25
135 102 25
135 102 25
135 102 25
135 102 25
135 102 25
135 102 25
135 102 25
135 102 25
135 102 25
135 102 25
135 102 25
135 102 25
135 102 25
135 102 25
135 102 25
135 102 25
135 102 25
135 102 25
135 102 25
135 102 25
135 102 25
135 102 25
135 102 25
134 102 25
134 102 25
134 102 25
134 102 25
134 102 25
134 102 25
134 102 25
134 102 25
134 102 25
134 102 25
134 102 25
134 102 25
134 102 25
134 102 25
134 102 25
134 102 25
134 102 25
134 102 25
134 102 25
134 102 25
134 102 25
134 102 25
134 102 25
134 102 25
134 102 25
133 102 25
133 102 25
133 102 25
133 102 25
133 102 25
133 102 25
133 102 25
133 102 25
133 102 25
133 102 25
133 102 25
133 102 25
133 102 25
133 102 25
133 102 25
133 102 25
133 102 25
133 102 25
133 102 25
133 102 25
133 102 25
133 102 25
133 102 25
133 102 25
133 102 25
133 102 25
132 102 25
132 102 25
132 102 25
132 102 25
132 102 25
132 102 25
132 102 25
132 102 25
132 102 25
132 102 25
132 102 25
132 102 25
132 102 25
132 102 25
132 102 25
132 102 25
132 102 25
132 102 25
132 102 25
132 102 25
132 102 25
132 102 25
132 102 25
132 102 25
132 102 25
132 102 25
131 102 25
131 102 25
131 102 25
131 102 25
131 102 25
131 102 25
131 102 25
131 102 25
131 102 25
131 102 25
131 102 25
131 102 25
131 102 25
131 102 25
131 102 25
131 102 25
131 102 25
131 102 25
131 102 25
131 102 25
131 102 25
131 102 25
131 102 25
131 102 25
131 102 25
130 102 25
130 102 25
130 102 25
130 102 25
130 102 25
130 102 25
130 102 25
130 102 25
130 102 25
130 102 25
130 102 25
130 102 25
130 102 25
130 102 25
130 102 25
130 102 25
130 102 25
130 102 25
130 102 25
130 102 25
130 102 25
130 102 25
130 102 25
130 102 25
129 102 25
129 102 25
129 102 25
129 102 25
129 102 25
129 102 25
129 102 25
129 102 25
129 102 25
129 102 25
129 102 25
129 102 25
129 102 25
129 102 25
129 102 25
129 102 25
129 102 25
129 102 25
129 102 25
129 102 25
129 102 25
129 102 25
129 102 25
128 102 25
128 102 25
128 102 25
128 102 25
128 102 25
128 102 25
128 102 25
128 102 25
128 102 25
128 102 25
128 102 25
128 102 25
128 102 25
128 102 25
128 102 25
128 102 25
128 102 25
128 102 25
128 102 25
128 102 25
128 102 25
128 102 25
127 102 25
127 102 25
127 102 25
127 102 25
127 102 25
127 102 25
127 102 25
127 102 25
127 102 25
127 102 25
127 102 25
127 102 25
127 102 25
127 102 25
127 102 25
127 102 25
127 102 25
127 102 25
127 102 25
127 102 25
127 102 25
127 102 25
126 102 25
126 102 25
126 102 25
126 102 25
126 102 25
126 102 25
126 102 25
126 102 25
126 102 25
126 102 25
126 102 25
126 102 25
126 102 25
126 102 25
126 102 25
126 102 25
126 102 25
126 102 25
126 102 25
126 102 25
126 102 25
125 102 25
125 102 25
125 102 25
125 102 25
125 102 25
125 102 25
125 102 25
125 102 25
125 102 25
125 102 25
125 102 25
125 102 25
125 102 25
125 102 25
125 102 25
125 102 25
125 102 25
125 102 25
125 102 25
125 102 25
125 102 25
124 102 25
124 102 25
124 102 25
124 102 25
124 102 25
124 102 25
124 102 25
124 102 25
124 102 25
124 102 25
124 102 25
124 102 25
124 102 25
124 102 25
124 102 25
124 102 25
124 102 25
124 102 25
124 102 25
124 102 25
124 102 25
123 102 25
123 102 25
123 102 25
123 102 25
123 102 25
123 102 25
123 102 25
123 102 25
123 102 25
123 102 25
123 102 25
123 102 25
123 102 25
123 102 25
123 102 25
123 102 25
123 102 25
123 102 25
123 102 25
123 102 25
123 102 25
122 102 25
122 102 25
122 102 25
122 102 25
122 102 25
122 102 25
122 102 25
122 102 25
122 102 25
122 102 25
122 102 25
122 102 25
122 102 25
122 102 25
122 102 25
122 102 25
122 102 25
122 102 25
122 102 25
122 102 25
122 102 25
121 102 25
121 102 25
121 102 25
121 102 25
121 102 25
121 102 25
121 102 25
121 102 25
121 102 25
121 102 25
121 102 25
121 102 25
121 102 25
121 102 25
121 102 25
121 102 25
121 102 25
121 102 25
121 102 25
121 102 25
121 102 25
121 102 25
120 102 25
120 102 25
120 102 25
120 102 25
120 102 25
120 102 25
120 102 25
120 102 25
120 102 25
120 102 25
120 102 25
120 102 25
120 102 25
120 102 25
120 102 25
120 102 25
120 102 25
120 102 25
120 102 25
120 102 25
120 102 25
120 102 25
119 102 25
119 102 25
119 102 25
119 102 25
119 102 25
119 102 25
119 102 25
119 102 25
119 102 25
119 102 25
119 102 25
119 102 25
119 102 25
119 102 25
119 102 25
119 102 25
119 102 25
119 102 25
119 102 25
119 102 25
119 102 25
119 102 25
119 102 25
118 102 25
118 102 25
118 102 25
118 102 25
118 102 25
118 102 25
118 102 25
118 102 25
118 102 25
118 102 25
118 102 25
118 102 25
118 102 25
118 102 25
118 102 25
118 102 25
118 102 25
118 102 25
118 102 25
118 102 25
118 102 25
118 102 25
118 102 25
117 102 25
117 102 25
117 102 25
117 102 25
117 102 25
117 102 25
117 102 25
117 102 25
117 102 25
117 102 25
117 102 25
117 102 25
117 102 25
117 102 25
117 102 25
117 102 25
117 102 25
117 102 25
117 102 25
117 102 25
117 102 25
117 102 25
117 102 25
116 102 25
116 102 25
116 102 25
116 102 25
116 102 25
116 102 25
116 102 25
116 102 25
116 102 25
116 102 25
116 102 25
116 102 25
116 102 25
116 102 25
116 102 25
116 102 25
116 102 25
116 102 25
116 102 25
116 102 25
116 102 25
116 102 25
116 102 25
115 102 25
115 102 25
115 102 25
115 102 25
115 102 25
115 102 25
115 102 25
115 102 25
115 102 25
115 102 25
115 102 25
115 102 25
115 102 25
115 102 25
115 102 25
115 102 25
115 102 25
115 102 25
115 102 25
115 102 25
115 102 25
115 102 25
114 102 25
114 102 25
114 102 25
114 102 25
114 102 25
114 102 25
114 102 25
114 102 25
114 102 25
114 102 25
114 102 25
114 102 25
114 102 25
114 102 25
114 102 25
114 102 25
114 102 25
114 102 25
114 102 25
114 102 25
114 102 25
113 102 25
113 102 25
113 102 25
113 102 25
113 102 25
113 102 25
113 102 25
113 102 25
113 102 25
113 102 25
113 102 25
113 102 25
113 102 25
113 102 25
113 102 25
113 102 25
113 102 25
113 102 25
113 102 25
113 102 25
113 102 25
112 102 25
112 102 25
112 102 25
112 102 25
112 102 25
112 102 25
112 102 25
112 102 25
112 102 25
112 102 25
112 102 25
112 102 25
112 102 25
112 102 25
112 102 25
112 102 25
112 102 25
112 102 25
112 102 25
111 102 25
111 102 25
111 102 25
111 102 25
111 102 25
111 102 25
111 102 25
111 102 25
111 102 25
111 102 25
111 102 25
111 102 25
111 102 25
111 102 25
111 102 25
111 102 25
111 102 25
111 102 25
110 102 25
110 102 25
110 102 25
110 102 25
110 102 25
110 102 25
110 102 25
110 102 25
110 102 25
110 102 25
110 102 25
110 102 25
110 102 25
110 102 25
110 102 25
110 102 25
109 102 25
109 102 25
109 102 25
109 102 25
109 102 25
109 102 25
109 102 25
109 102 25
109 102 25
109 102 25
109 102 25
109 102 25
109 102 25
109 102 25
109 102 25
108 102 25
108 102 25
108 102 25
108 102 25
108 102 25
108 102 25
108 102 25
108 102 25
108 102 25
108 102 25
108 102 25
108 102 25
108 102 25
107 102 25
107 102 25
107 102 25
107 102 25
107 102 25
107 102 25
107 102 25
107 102 25
107 102 25
107 102 25
107 102 25
107 102 25
106 102 25
106 102 25
106 102 25
106 102 25
106 102 25
106 102 25
106 102 25
106 102 25
106 102 25
106 102 25
105 102 25
105 102 25
105 102 25
105 102 25
105 102 25
105 102 25
105 102 25
105 102 25
105 102 25
105 101 200
105 101 25
105 100 25
105 100 25
105 100 25
105 100 25
105 100 25
105 100 25
105 100 25
105 100 25
105 100 25
105 99 25
105 99 25
105 99 25
105 99 25
105 99 25
105 99 25
105 99 25
105 99 25
105 98 25
105 98 25
105 98 25
105 98 25
105 98 25
105 98 25
105 98 25
105 98 25
105 97 25
105 97 25
105 97 25
105 97 25
105 97 25
105 97 25
105 97 25
105 96 25
105 96 25
105 96 25
105 96 25
105 96 25
105 96 25
105 96 25
105 95 25
105 95 25
105 95 25
105 95 25
105 95 25
105 95 25
105 94 25
105 94 25
105 94 25
105 94 25
105 94 25
105 94 25
105 93 25
105 93 25
105 93 25
105 93 25
105 93 25
105 92 25
105 92 25
105 92 25
105 92 25
105 92 25
151 102 100
152 102 25
152 102 25
152 102 25
153 102 25
153 102 25
154 102 25
154 102 25
155 102 25
155 102 25
156 102 25
156 102 25
157 102 25
158 102 25
159 102 25
160 102 25
161 102 25
162 102 25
163 102 25
164 102 25
165 102 25
166 102 25
166 103 25
166 104 25
166 105 25
166 106 25
166 107 25
166 108 25
166 109 25
166 110 25
166 111 25
166 112 25
166 113 25
166 114 25
166 115 25
166 116 25
166 117 25
166 118 25
166 119 25
166 120 25
166 121 25
166 122 25
166 123 25
32 137 25
33 137 25
34 137 25
35 137 25
36 137 25
37 137 25
38 137 25
39 137 25
40 137 25
41 137 25
42 137 25
43 137 25
44 137 25
45 137 25
46 137 25
47 137 25
48 137 25
49 137 25
50 137 25
51 137 25
52 137 25
53 137 25
54 137 25
55 137 25
56 137 25
57 137 25
58 137 25
59 137 25
60 137 25
60 137 25
61 137 25
61 137 25
62 137 25
62 137 25
63 137 25
63 137 25
64 137 25
64 137 25
64 137 25
65 137 25
65 137 25
65 137 25
66 137 25
66 137 25
66 137 25
67 137 25
67 137 25
67 137 25
67 137 25
68 137 25
68 137 25
68 137 25
68 137 25
69 137 25
69 137 25
69 137 25
69 137 25
70 137 25
70 137 25
70 137 25
70 137 25
70 137 25
71 137 25
71 137 25
71 137 25
71 137 25
71 137 25
71 138 100
71 139 25
71 139 25
71 139 25
71 140 25
71 140 25
71 140 25
71 141 25
71 141 25
71 142 25
71 142 25
71 143 25
71 143 25
71 144 25
71 144 25
71 145 25
71 145 25
71 146 25
71 146 25
71 147 25
71 147 25
71 148 25
71 148 25
71 149 25
71 149 25
71 150 25
71 150 25
71 151 25
71 151 25
71 152 25
71 152 25
71 153 25
71 153 25
71 154 25
71 154 25
71 155 25
71 155 25
71 156 25
71 156 25
71 157 25
71 157 25
71 158 25
71 158 25
71 159 25
71 159 25
