118 179 80
117 179 80
116 179 80
115 179 80
114 179 80
113 179 80
112 179 80
111 179 80
110 179 80
109 179 80
108 179 80
107 179 80
106 179 80
105 179 80
105 178 80
105 177 80
105 176 80
105 175 80
105 174 80
105 173 80
105 172 80
105 171 80
105 170 80
105 169 80
105 168 80
105 167 80
105 166 80
105 166 80
105 165 80
105 165 80
105 164 80
105 164 80
105 164 80
105 163 80
105 163 80
105 163 80
105 163 80
105 162 80
105 162 80
105 162 80
105 162 80
105 161 80
105 161 80
105 161 80
105 161 80
105 161 80
105 160 80
105 160 80
105 160 80
105 160 80
105 160 80
105 160 80
105 159 80
105 159 80
105 159 80
105 159 80
105 159 80
105 159 80
105 158 80
105 158 80
105 158 80
105 158 80
105 158 80
105 158 80
105 157 80
105 157 80
105 157 80
105 157 80
105 157 80
105 156 80
105 156 80
105 156 80
105 156 80
105 156 80
105 155 80
105 155 80
105 155 80
105 155 80
105 154 80
105 154 80
105 154 80
105 153 80
105 153 80
105 153 80
105 152 80
105 152 80
105 151 80
105 151 80
105 150 80
105 150 80
105 149 80
105 149 80
105 148 80
105 147 80
105 146 80
105 145 80
105 144 80
105 143 80
105 142 80
105 142 80
105 141 80
105 141 80
105 140 80
105 140 80
105 139 80
105 139 80
105 138 80
105 138 80
105 137 80
105 137 80
105 136 80
105 136 80
105 135 80
105 135 80
105 135 80
105 134 80
105 134 80
105 134 80
105 133 80
105 133 80
105 133 80
105 132 80
105 132 80
105 132 80
105 132 80
105 131 80
105 131 80
105 131 80
105 131 80
105 130 80
105 130 80
105 130 80
105 130 80
105 129 80
105 129 80
105 129 80
105 129 80
105 129 80
105 128 80
105 128 80
105 128 80
105 128 80
105 128 80
105 127 80
105 127 80
105 127 80
105 127 80
105 127 80
105 126 80
105 126 80
105 126 80
105 126 80
105 126 80
105 125 80
105 125 80
105 125 80
105 125 80
105 125 80
105 124 80
105 124 80
105 124 80
105 124 80
105 123 80
105 123 80
105 123 80
105 123 80
105 122 80
105 122 80
105 122 80
105 121 80
105 121 80
105 121 80
105 120 80
105 120 80
105 119 80
105 119 80
105 118 80
105 118 80
105 117 80
105 117 80
105 116 80
105 115 80
105 114 80
105 113 80
105 112 80
105 111 80
105 110 80
74 41 80
75 41 80
76 41 80
77 41 80
78 41 80
79 41 80
80 41 80
81 41 80
82 41 80
83 41 80
84 41 80
85 41 80
86 41 80
87 41 80
88 41 80
89 41 80
90 41 80
91 41 80
92 41 80
93 41 80
94 41 80
95 41 80
96 41 80
97 41 80
98 41 80
99 41 80
100 41 80
101 41 80
102 41 80
103 41 80
104 41 80
105 41 80
105 42 80
105 43 80
105 44 80
105 45 80
105 46 80
105 47 80
105 47 80
105 48 80
105 48 80
105 49 80
105 49 80
105 49 80
105 50 80
105 50 80
105 50 80
105 50 80
105 51 80
105 51 80
105 51 80
105 51 80
105 51 80
105 52 80
105 52 80
105 52 80
105 52 80
105 52 80
105 53 80
105 53 80
105 53 80
105 53 80
105 53 80
105 53 80
105 54 80
105 54 80
105 54 80
105 54 80
105 54 80
105 54 80
105 55 80
105 55 80
105 55 80
105 55 80
105 55 80
105 55 80
105 56 80
105 56 80
105 56 80
105 56 80
105 56 80
105 57 80
105 57 80
105 57 80
105 57 80
105 57 80
105 58 80
105 58 80
105 58 80
105 58 80
105 59 80
105 59 80
105 59 80
105 59 80
105 60 80
105 60 80
105 60 80
105 61 80
105 61 80
105 61 80
105 62 80
105 62 80
105 63 80
105 63 80
105 64 80
105 64 80
105 65 80
105 66 80
105 67 80
105 68 80
105 69 80
105 70 80
105 71 80
105 72 80
105 73 80
105 74 80
105 74 80
105 75 80
105 75 80
105 76 80
105 76 80
105 77 80
105 77 80
105 77 80
105 78 80
105 78 80
105 78 80
105 79 80
105 79 80
105 79 80
105 79 80
105 80 80
105 80 80
105 80 80
105 80 80
105 80 80
105 81 80
105 81 80
105 81 80
105 81 80
105 81 80
105 81 80
105 81 80
105 82 80
105 82 80
105 82 80
105 82 80
105 82 80
105 82 80
105 82 80
105 82 80
105 82 80
105 83 80
105 83 80
105 83 80
105 83 80
105 83 80
105 83 80
105 83 80
105 83 80
105 83 80
105 83 80
105 83 80
105 84 80
105 84 80
105 84 80
105 84 80
105 84 80
105 84 80
105 84 80
105 84 80
105 84 80
105 84 80
105 84 80
105 84 80
105 84 80
105 85 80
105 85 80
105 85 80
105 85 80
105 85 80
105 85 80
105 85 80
105 85 80
105 85 80
105 85 80
105 85 80
105 85 80
105 85 80
105 85 80
105 85 80
105 86 80
105 86 80
105 86 80
105 86 80
105 86 80
105 86 80
105 86 80
105 86 80
105 86 80
105 86 80
105 86 80
105 86 80
105 86 80
105 86 80
105 86 80
105 86 80
105 86 80
105 87 80
105 87 80
105 87 80
105 87 80
105 87 80
105 87 80
105 87 80
105 87 80
105 87 80
105 87 80
105 87 80
105 87 80
105 87 80
105 87 80
105 87 80
105 87 80
105 87 80
105 87 80
105 87 80
105 87 80
105 88 80
105 88 80
105 88 80
105 88 80
105 88 80
105 88 80
105 88 80
105 88 80
105 88 80
105 88 80
105 88 80
105 88 80
105 88 80
105 88 80
105 88 80
105 88 80
105 88 80
105 88 80
105 88 80
105 88 80
105 88 80
105 88 80
105 89 80
105 89 80
105 89 80
105 89 80
105 89 80
105 89 80
105 89 80
105 89 80
105 89 80
105 89 80
105 89 80
105 89 80
105 89 80
105 89 80
105 89 80
105 89 80
105 89 80
105 89 80
105 89 80
105 89 80
105 89 80
105 89 80
105 89 80
105 89 80
105 90 80
105 90 80
105 90 80
105 90 80
105 90 80
105 90 80
105 90 80
105 90 80
105 90 80
105 90 80
105 90 80
105 90 80
105 90 80
105 90 80
105 90 80
105 90 80
105 90 80
105 90 80
105 90 80
105 90 80
105 90 80
105 90 80
105 90 80
105 90 80
105 90 80
105 91 80
105 91 80
105 91 80
105 91 80
105 91 80
105 91 80
105 91 80
105 91 80
105 91 80
105 91 80
105 91 80
105 91 80
105 91 80
105 91 80
105 91 80
105 91 80
105 91 80
105 91 80
105 91 80
105 91 80
105 91 80
105 91 80
105 91 80
105 91 80
105 91 80
105 92 80
105 92 80
105 92 80
105 92 80
105 92 80
105 92 80
105 92 80
105 92 80
105 92 80
105 92 80
105 92 80
105 92 80
105 92 80
105 92 80
105 92 80
105 92 80
105 92 80
105 92 80
105 92 80
105 92 80
105 92 80
105 92 80
105 92 80
105 92 80
105 92 80
105 93 80
105 93 80
105 93 80
105 93 80
105 93 80
105 93 80
105 93 80
105 93 80
105 93 80
105 93 80
105 93 80
105 93 80
105 93 80
105 93 80
105 93 80
105 93 80
105 93 80
105 93 80
105 93 80
105 93 80
105 93 80
105 93 80
105 93 80
105 93 80
105 94 80
105 94 80
105 94 80
105 94 80
105 94 80
105 94 80
105 94 80
105 94 80
105 94 80
105 94 80
105 94 80
105 94 80
105 94 80
105 94 80
105 94 80
105 94 80
105 94 80
105 94 80
105 94 80
105 94 80
105 94 80
105 94 80
105 95 80
105 95 80
105 95 80
105 95 80
105 95 80
105 95 80
105 95 80
105 95 80
105 95 80
105 95 80
105 95 80
105 95 80
105 95 80
105 95 80
105 95 80
105 95 80
105 95 80
105 95 80
105 95 80
105 95 80
105 96 80
105 96 80
105 96 80
105 96 80
105 96 80
105 96 80
105 96 80
105 96 80
105 96 80
105 96 80
105 96 80
105 96 80
105 96 80
105 96 80
105 96 80
105 96 80
105 96 80
105 97 80
105 97 80
105 97 80
105 97 80
105 97 80
105 97 80
105 97 80
105 97 80
105 97 80
105 97 80
105 97 80
105 97 80
105 97 80
105 98 80
105 98 80
105 98 80
105 98 80
105 98 80
105 98 80
105 98 80
105 98 80
105 98 80
105 98 80
105 99 80
105 99 80
105 99 80
105 99 80
105 99 80
105 99 80
105 99 80
105 99 80
105 100 80
105 100 80
105 100 80
105 100 80
105 100 80
105 101 80
105 101 80
105 101 80
105 101 80
105 102 80
105 102 80
105 102 80
105 103 80
105 103 80
105 104 80
105 104 80
105 105 80
105 105 80
105 106 80
105 107 80
105 108 80
105 109 80
