145 103 120
144 103 120
143 103 120
142 103 120
141 103 120
140 103 120
140 102 120
140 101 120
140 100 120
140 99 120
140 98 120
140 97 120
140 96 120
140 95 120
140 94 120
140 93 120
140 92 120
140 92 120
140 91 120
140 91 120
140 90 120
140 90 120
140 89 120
140 89 120
140 89 120
140 88 240
140 88 120
140 87 240
140 87 120
140 87 120
140 86 360
140 86 120
140 86 120
140 86 120
140 85 600
140 85 120
140 85 120
140 84 720
140 84 120
140 84 120
140 84 120
140 84 120
140 83 1080
140 83 120
140 83 120
140 83 120
140 82 1320
140 82 120
140 82 120
140 82 120
140 81 1560
140 81 120
140 81 120
140 81 120
140 80 1800
140 80 120
140 80 120
140 80 120
140 79 2040
140 79 120
140 79 120
140 79 120
140 78 2280
140 78 120
140 78 120
140 77 2400
140 77 120
140 76 2400
140 76 120
140 75 2400
140 74 2400
140 73 2400
140 72 120
140 72 120
140 72 120
140 72 120
140 72 120
140 72 120
140 72 120
140 72 120
140 72 120
140 72 120
140 72 120
140 72 120
140 72 120
140 72 120
140 72 120
140 71 1680
140 70 1680
140 69 1680
140 68 120
140 68 120
140 68 120
140 68 120
140 68 120
140 68 120
140 67 600
140 66 600
140 65 600
140 64 120
140 64 120
140 64 120
140 63 240
140 62 240
140 61 240
140 60 120
140 59 120
140 58 120
140 57 120
140 56 120
140 55 120
140 54 120
140 53 120
140 52 120
140 51 120
140 50 120
140 49 120
140 48 120
140 47 120
146 103 120
147 103 120
148 103 120
149 103 120
150 103 120
151 103 120
152 103 120
153 103 120
154 103 120
155 103 120
156 103 120
157 103 120
158 103 120
159 103 120
160 103 120
161 103 120
162 103 120
163 103 120
164 103 120
165 103 120
166 103 120
167 103 120
168 103 120
169 103 120
170 103 120
171 103 120
172 103 120
173 103 120
174 103 120
175 103 120
176 103 120
177 103 120
178 103 120
179 103 120
180 103 120
181 103 120
182 103 120
183 103 120
184 103 120
185 103 120
186 103 120
187 103 120
188 103 120
188 103 120
188 104 120
188 104 120
188 105 120
188 105 120
188 106 120
188 106 120
188 107 120
188 107 120
188 108 120
188 108 120
188 109 120
188 109 120
188 110 120
188 110 120
188 111 120
188 111 120
188 112 120
188 112 120
188 113 120
188 113 120
188 114 120
188 114 120
188 115 120
188 115 120
188 115 120
188 116 240
188 116 120
188 116 120
188 117 360
188 117 120
188 117 120
188 118 480
188 118 120
188 118 120
188 119 600
188 119 120
188 119 120
188 120 720
188 120 120
188 120 120
188 120 120
188 121 960
188 121 120
188 121 120
188 121 120
188 122 1200
188 122 120
188 122 120
188 122 120
188 123 1440
188 123 120
188 123 120
188 123 120
188 124 1680
188 124 120
188 124 120
188 125 1800
188 125 120
188 125 120
188 126 1920
188 126 120
188 126 120
188 127 2040
188 127 120
188 127 120
188 128 2160
188 128 120
188 129 2160
188 129 120
188 130 2160
188 130 120
188 131 2160
188 131 120
188 131 120
188 132 2280
188 132 120
188 133 2280
188 133 120
188 134 2280
188 135 2280
188 136 2280
188 137 120
188 137 120
188 137 120
188 137 120
188 137 120
188 137 120
188 137 120
188 137 120
188 137 120
188 137 120
188 137 120
188 137 120
188 137 120
188 137 120
188 137 120
188 137 120
188 137 120
188 137 120
188 137 120
188 138 2160
188 138 120
188 139 2160
188 140 2160
188 141 2160
188 142 120
188 142 120
188 142 120
188 142 120
188 142 120
188 142 120
188 142 120
188 142 120
188 142 120
188 142 120
188 142 120
188 142 120
188 142 120
188 143 1440
188 144 1440
188 145 1440
188 146 120
188 146 120
188 146 120
188 146 120
188 147 360
188 148 360
188 149 360
188 150 120
188 151 120
188 152 120
188 153 120
188 154 120
188 155 120
188 156 120
188 157 120
188 158 120
188 159 120
188 160 120
188 161 120
188 162 120
57 45 120
58 45 120
59 45 120
60 45 120
61 45 120
62 45 120
63 45 120
64 45 120
65 45 120
65 45 120
66 45 120
66 45 120
66 45 120
67 45 240
67 45 120
67 45 120
67 45 120
68 45 480
68 45 120
68 45 120
68 45 120
68 45 120
68 45 120
69 45 960
69 45 120
69 45 120
69 45 120
69 45 120
69 45 120
70 45 1440
70 45 120
70 45 120
70 45 120
70 45 120
70 45 120
70 45 120
71 45 2040
71 45 120
71 45 120
71 45 120
71 45 120
71 45 120
72 45 2520
72 45 120
72 45 120
72 45 120
72 45 120
72 45 120
73 45 3000
73 45 120
73 45 120
73 45 120
74 45 3240
74 45 120
74 45 120
74 45 120
75 45 3480
75 45 120
75 45 120
75 45 120
76 45 3720
76 45 120
76 45 120
77 45 3840
77 45 120
78 45 3840
78 45 120
79 45 3840
79 45 120
80 45 3840
80 45 120
81 45 3840
82 45 3840
83 45 3840
84 45 120
84 45 120
84 45 120
84 45 120
84 45 120
84 45 120
84 45 120
84 45 120
84 45 120
84 45 120
84 45 120
84 45 120
84 45 120
84 45 120
84 45 120
84 45 120
84 45 120
84 45 120
84 45 120
84 45 120
84 45 120
84 45 120
84 45 120
84 45 120
84 45 120
84 45 120
84 45 120
84 45 120
84 45 120
84 45 120
84 45 120
85 45 3600
86 45 3600
87 45 3600
88 45 120
88 45 120
88 45 120
88 45 120
88 45 120
88 45 120
88 45 120
88 45 120
88 45 120
88 45 120
88 45 120
88 45 120
88 45 120
88 45 120
88 45 120
88 45 120
88 45 120
88 45 120
88 45 120
88 45 120
88 45 120
88 45 120
88 45 120
88 45 120
88 45 120
88 45 120
89 45 3000
90 45 3000
91 45 3000
92 45 120
92 45 120
92 45 120
92 45 120
92 45 120
92 45 120
92 45 120
92 45 120
92 45 120
92 45 120
92 45 120
93 45 1200
94 45 1200
95 45 1200
96 45 120
97 45 120
98 45 120
99 45 120
100 45 120
101 45 120
102 45 120
103 45 120
104 45 120
105 45 120
106 45 120
107 45 120
108 45 120
109 45 120
110 45 120
111 45 120
112 45 120
113 45 120
114 45 120
115 45 120
116 45 120
117 45 120
118 45 120
119 45 120
120 45 120
121 45 120
122 45 120
123 45 120
124 45 120
125 45 120
126 45 120
126 45 120
127 45 120
127 45 120
128 45 120
128 45 120
129 45 120
129 45 120
130 45 120
130 45 120
131 45 120
131 45 120
132 45 120
133 45 120
134 45 120
135 45 120
136 45 120
137 45 120
138 45 120
139 45 120
140 45 120
140 46 120
