197 67 120
196 67 120
195 67 120
194 67 120
193 67 120
192 67 120
191 67 120
190 67 120
189 67 120
188 67 120
187 67 120
186 67 120
185 67 120
184 67 120
183 67 120
182 67 120
181 67 120
180 67 120
179 67 120
178 67 120
177 67 120
176 67 120
175 67 120
174 67 120
173 67 120
172 67 120
171 67 120
170 67 120
169 67 120
168 67 120
167 67 120
166 67 120
165 67 120
164 67 120
163 67 120
162 67 120
161 67 120
160 67 120
159 67 120
159 66 120
159 65 120
159 64 120
159 63 120
187 66 120
187 65 120
187 64 120
187 63 120
187 62 120
187 61 120
187 60 120
187 59 120
187 58 120
187 57 120
187 56 120
187 55 120
187 54 120
187 53 120
187 53 120
187 52 120
187 52 120
187 51 120
187 51 120
187 51 120
187 50 240
187 50 120
187 50 120
187 50 120
187 49 480
187 49 120
187 49 120
187 49 120
187 49 120
187 48 840
187 48 120
187 48 120
187 48 120
187 48 120
187 47 1200
187 47 120
187 47 120
187 47 120
187 47 120
187 47 120
187 46 1680
187 46 120
187 46 120
187 46 120
187 45 1920
187 45 120
187 45 120
187 45 120
187 45 120
187 44 2280
187 44 120
187 44 120
187 44 120
187 43 2520
187 43 120
187 43 120
187 42 2640
187 42 120
187 41 2640
187 40 2640
187 39 2640
187 38 120
187 38 120
187 38 120
187 38 120
187 38 120
187 38 120
187 38 120
187 38 120
187 38 120
187 38 120
187 38 120
187 37 1200
187 36 1200
187 35 1200
187 34 120
187 34 120
187 33 120
187 32 120
187 31 120
187 30 120
187 29 120
187 28 120
187 27 120
187 26 120
118 49 120
117 49 120
116 49 120
116 48 120
116 47 120
116 46 120
116 45 120
116 44 120
116 43 120
116 42 120
116 41 120
116 40 120
116 39 120
116 38 120
116 37 120
116 36 120
116 35 120
116 34 120
116 33 120
116 33 120
116 32 120
116 32 120
116 32 120
116 31 240
116 31 120
116 30 240
116 30 120
116 30 120
116 29 360
116 29 120
116 28 360
116 28 120
116 28 120
116 27 480
116 27 120
116 27 120
116 26 600
116 26 120
116 26 120
116 26 120
116 25 840
116 25 120
116 25 120
116 25 120
116 25 120
116 24 1200
116 24 120
116 24 120
116 24 120
116 24 120
116 23 1560
116 23 120
116 23 120
116 23 120
116 23 120
116 23 120
116 22 2040
116 22 120
116 22 120
116 22 120
116 22 120
116 21 2400
116 21 120
116 21 120
116 21 120
116 21 120
116 21 120
116 20 2880
116 20 120
116 20 120
116 20 120
116 20 120
116 19 3240
116 19 120
116 19 120
116 19 120
116 18 3480
116 18 120
116 18 120
116 17 3600
116 17 120
116 16 3600
116 15 3600
116 14 3600
116 13 120
116 13 120
116 13 120
116 13 120
116 13 120
116 13 120
116 13 120
116 13 120
116 13 120
116 13 120
116 13 120
116 13 120
116 13 120
116 13 120
116 13 120
116 13 120
116 13 120
116 13 120
116 12 2040
116 11 2040
116 10 2040
116 9 120
116 9 120
116 9 120
116 9 120
116 8 360
116 7 360
116 6 360
116 5 120
116 4 120
146 138 120
147 138 120
148 138 120
149 138 120
150 138 120
151 138 120
152 138 120
152 138 120
153 138 120
153 138 120
153 138 120
154 138 240
154 138 120
154 138 120
154 138 120
155 138 480
155 138 120
155 138 120
155 138 120
155 138 120
155 138 120
156 138 960
156 138 120
156 138 120
156 138 120
156 138 120
156 138 120
157 138 1440
157 138 120
157 138 120
157 138 120
157 138 120
157 138 120
157 138 120
158 138 2040
158 138 120
158 138 120
158 138 120
158 138 120
158 138 120
159 138 2520
159 138 120
159 138 120
159 138 120
159 138 120
159 137 2880
159 136 2880
159 135 2880
159 134 120
159 134 120
159 134 120
159 134 120
159 134 120
159 134 120
159 134 120
159 134 120
159 134 120
159 134 120
159 134 120
159 134 120
159 134 120
159 134 120
159 134 120
159 133 1680
159 132 1680
159 131 1680
159 130 120
159 130 120
159 130 120
159 130 120
159 130 120
159 130 120
159 129 600
159 128 600
159 127 600
159 126 120
159 126 120
159 125 120
159 125 120
159 124 120
159 123 120
159 122 120
159 121 120
159 120 120
159 119 120
159 118 120
159 117 120
159 116 120
159 115 120
159 114 120
159 114 120
159 113 120
159 113 120
159 112 120
159 112 120
159 112 120
159 111 240
159 111 120
159 111 120
159 110 360
159 110 120
159 110 120
159 110 120
159 109 600
159 109 120
159 109 120
159 109 120
159 108 840
159 108 120
159 108 120
159 108 120
159 108 120
159 108 120
159 107 1320
159 107 120
159 107 120
159 107 120
159 107 120
159 107 120
159 106 1800
159 106 120
159 106 120
159 106 120
159 106 120
159 106 120
159 105 2280
159 105 120
159 105 120
159 105 120
159 105 120
159 105 120
159 104 2760
159 104 120
159 104 120
159 104 120
159 104 120
159 103 3120
159 103 120
159 103 120
159 103 120
159 102 3360
159 102 120
159 102 120
159 102 120
159 101 3600
159 101 120
159 101 120
159 100 3720
159 100 120
159 100 120
159 99 3840
159 98 3840
159 97 3840
159 96 120
159 96 120
159 96 120
159 96 120
159 96 120
159 96 120
159 96 120
159 96 120
159 96 120
159 96 120
159 96 120
159 96 120
159 96 120
159 96 120
159 96 120
159 96 120
159 96 120
159 96 120
159 96 120
159 96 120
159 96 120
159 96 120
159 96 120
159 96 120
159 96 120
159 96 120
159 95 3000
159 94 3000
159 93 3000
159 92 120
159 92 120
159 92 120
159 92 120
159 92 120
159 92 120
159 92 120
159 92 120
159 92 120
159 92 120
159 92 120
159 91 1200
159 90 1200
159 89 1200
159 88 120
159 88 120
159 87 120
159 86 120
159 85 120
159 84 120
159 83 120
159 82 120
159 81 120
159 80 120
159 79 120
159 78 120
159 77 120
159 76 120
159 75 120
159 74 120
159 73 120
159 72 120
159 71 120
159 70 120
159 69 120
159 68 120
145 138 120
144 138 120
143 138 120
142 138 120
141 138 120
140 138 120
139 138 120
138 138 120
137 138 120
136 138 120
136 138 120
135 138 120
135 138 120
135 138 120
134 138 240
134 138 120
134 138 120
133 138 360
133 138 120
133 138 120
133 138 120
132 138 600
132 138 120
132 138 120
132 138 120
131 138 840
131 138 120
131 138 120
131 138 120
131 138 120
130 138 1200
130 138 120
130 138 120
130 138 120
129 138 1440
129 138 120
129 138 120
129 138 120
128 138 1680
128 138 120
128 138 120
127 138 1800
127 138 120
127 138 120
126 138 1920
126 138 120
126 138 120
125 138 2040
124 138 2040
123 138 2040
122 138 120
122 138 120
122 138 120
122 138 120
122 138 120
122 138 120
122 138 120
122 138 120
122 138 120
121 138 960
120 138 960
119 138 960
118 138 120
118 138 120
117 138 120
116 138 120
115 138 120
114 138 120
113 138 120
112 138 120
111 138 120
110 138 120
109 138 120
108 138 120
107 138 120
106 138 120
105 138 120
104 138 120
103 138 120
103 138 120
102 138 120
102 138 120
101 138 120
101 138 120
100 138 120
100 138 120
99 138 120
99 138 120
98 138 120
98 138 120
97 138 120
96 138 120
95 138 120
94 138 120
93 138 120
92 138 120
91 138 120
90 138 120
89 138 120
89 139 120
89 140 120
89 141 120
89 142 120
89 143 120
89 144 120
89 145 120
89 146 120
89 147 120
89 148 120
89 149 120
88 149 120
87 149 120
86 149 120
85 149 120
84 149 120
83 149 120
82 149 120
81 149 120
80 149 120
79 149 120
78 149 120
77 149 120
76 149 120
75 149 120
74 149 120
73 149 120
72 149 120
71 149 120
70 149 120
69 149 120
68 149 120
67 149 120
66 149 120
65 149 120
64 149 120
63 149 120
62 149 120
61 149 120
61 148 120
61 147 120
61 146 120
61 145 120
61 144 120
61 143 120
61 142 120
61 141 120
60 141 120
59 141 120
58 141 120
57 141 120
56 141 120
55 141 120
54 141 120
53 141 120
52 141 120
51 141 120
50 141 120
49 141 120
49 141 120
48 141 120
48 141 120
48 141 120
48 141 120
47 141 360
47 141 120
47 141 120
47 141 120
46 141 600
46 141 120
46 141 120
46 141 120
46 141 120
46 141 120
45 141 1080
45 141 120
45 141 120
45 141 120
45 141 120
45 141 120
45 141 120
45 141 120
44 141 1800
44 141 120
44 141 120
44 141 120
44 141 120
44 141 120
44 141 120
43 141 2400
43 141 120
43 141 120
43 141 120
43 141 120
43 141 120
42 141 2880
42 141 120
42 141 120
42 141 120
42 141 120
41 141 3240
41 141 120
41 141 120
40 141 3360
40 141 120
40 141 120
39 141 3480
39 141 120
38 141 3480
38 141 120
38 142 3480
38 142 120
38 142 120
38 143 3600
38 143 120
38 143 120
38 144 3720
38 145 3720
38 146 3720
38 147 120
38 147 120
38 147 120
38 147 120
38 147 120
38 147 120
38 147 120
38 147 120
38 147 120
38 147 120
38 147 120
38 147 120
38 147 120
38 147 120
38 147 120
38 147 120
38 147 120
38 147 120
38 147 120
38 147 120
38 147 120
38 148 2400
38 149 2400
38 150 2400
38 151 120
38 151 120
38 151 120
38 151 120
38 151 120
38 151 120
38 152 600
38 153 600
38 154 600
38 155 120
38 156 120
38 157 120
38 158 120
38 159 120
38 160 120
38 161 120
38 162 120
38 163 120
38 164 120
38 165 120
38 166 120
38 167 120
38 168 120
38 169 120
38 170 120
38 171 120
38 172 120
38 173 120
38 174 120
38 175 120
160 138 120
160 138 120
160 138 120
160 138 120
160 138 120
160 138 120
160 138 120
160 138 120
160 138 120
160 138 120
160 138 120
160 138 120
160 138 120
160 138 120
160 138 120
160 138 120
160 138 120
160 138 120
160 138 120
160 138 120
160 138 120
160 138 120
160 138 120
160 138 120
160 138 120
160 138 120
161 138 3000
161 138 120
162 138 3000
163 138 3000
164 138 3000
165 138 120
165 138 120
165 138 120
165 138 120
165 138 120
165 138 120
165 138 120
165 138 120
165 138 120
165 138 120
165 138 120
165 138 120
165 138 120
165 138 120
165 138 120
165 138 120
165 138 120
166 138 1920
167 138 1920
168 138 1920
169 138 120
169 138 120
169 138 120
169 138 120
169 138 120
169 138 120
169 138 120
169 138 120
170 138 840
171 138 840
172 138 840
173 138 120
173 138 120
174 138 120
175 138 120
176 138 120
177 138 120
178 138 120
179 138 120
180 138 120
180 139 120
180 140 120
180 141 120
180 142 120
180 143 120
180 144 120
180 145 120
180 146 120
180 146 120
180 147 120
180 147 120
180 147 120
180 148 240
180 148 120
180 148 120
180 149 360
180 149 120
180 149 120
180 150 480
180 150 120
180 150 120
180 151 600
180 151 120
180 151 120
180 152 720
180 152 120
180 152 120
180 153 840
180 153 120
180 154 840
180 155 840
180 156 840
180 157 120
180 157 120
180 157 120
180 157 120
180 158 360
180 159 360
180 160 360
180 161 120
180 162 120
180 163 120
180 164 120
180 165 120
180 166 120
180 167 120
180 168 120
180 169 120
180 170 120
180 171 120
180 172 120
180 173 120
180 174 120
180 175 120
180 176 120
180 177 120
180 178 120
180 179 120
180 180 120
180 181 120
180 182 120
180 183 120
180 184 120
180 185 120
180 186 120
180 187 120
180 188 120
180 189 120
180 190 120
180 191 120
180 192 120
180 193 120
180 194 120
180 195 120
0 28 120
1 28 120
1 29 120
1 30 120
1 31 120
1 32 120
1 33 120
1 34 120
1 35 120
1 36 120
1 37 120
1 38 120
1 39 120
1 40 120
1 40 120
1 41 120
1 41 120
1 42 120
1 42 120
1 43 120
1 43 120
1 44 120
1 45 120
1 46 120
1 47 120
1 48 120
1 49 120
1 50 120
1 51 120
1 52 120
1 53 120
1 54 120
1 55 120
1 56 120
1 57 120
1 58 120
1 59 120
1 60 120
1 61 120
1 62 120
1 63 120
1 64 120
1 65 120
1 66 120
1 67 120
1 68 120
1 69 120
1 70 120
1 71 120
1 72 120
1 73 120
1 74 120
1 75 120
1 76 120
