143 194 120
142 194 120
141 194 120
140 194 120
139 194 120
138 194 120
137 194 120
136 194 120
135 194 120
134 194 120
134 194 120
133 194 120
133 194 120
132 194 120
132 194 120
131 194 120
131 194 120
131 194 120
130 194 240
130 194 120
129 194 240
129 194 120
128 194 240
128 194 120
127 194 240
127 194 120
126 194 240
125 194 240
124 194 240
123 194 120
122 194 120
121 194 120
120 194 120
119 194 120
118 194 120
117 194 120
116 194 120
115 194 120
114 194 120
113 194 120
112 194 120
111 194 120
110 194 120
109 194 120
108 194 120
107 194 120
106 194 120
105 194 120
104 194 120
103 194 120
102 194 120
101 194 120
101 194 120
100 194 120
100 194 120
99 194 120
99 194 120
99 194 120
98 194 240
98 194 120
97 194 240
97 194 120
97 194 120
96 194 360
96 194 120
96 194 120
96 194 120
95 194 600
95 194 120
95 194 120
94 194 720
94 194 120
94 194 120
94 194 120
93 194 960
93 194 120
93 194 120
93 194 120
92 194 1200
92 194 120
92 194 120
92 194 120
91 194 1440
91 194 120
91 194 120
90 194 1560
90 194 120
90 194 120
90 194 120
89 194 1800
89 194 120
88 194 1800
88 194 120
87 194 1800
86 194 1800
85 194 1800
84 194 120
84 194 120
84 194 120
84 194 120
84 194 120
84 194 120
84 194 120
84 194 120
83 194 840
82 194 840
81 194 840
80 194 120
80 194 120
79 194 120
78 194 120
77 194 120
76 194 120
75 194 120
74 194 120
73 194 120
72 194 120
71 194 120
70 194 120
69 194 120
68 194 120
67 194 120
66 194 120
65 194 120
65 194 120
64 194 120
64 194 120
63 194 120
63 194 120
62 194 120
62 194 120
61 194 120
61 194 120
60 194 120
60 194 120
59 194 120
59 194 120
58 194 120
58 194 120
57 194 120
56 194 120
55 194 120
54 194 120
53 194 120
52 194 120
51 194 120
50 194 120
49 194 120
48 194 120
47 194 120
46 194 120
45 194 120
44 194 120
43 194 120
42 194 120
41 194 120
40 194 120
39 194 120
39 194 120
38 194 120
38 194 120
38 193 120
38 193 120
103 193 120
103 192 120
103 191 120
103 190 120
103 189 120
103 188 120
103 187 120
103 186 120
103 185 120
103 184 120
103 183 120
103 182 120
103 181 120
103 180 120
103 179 120
103 178 120
103 177 120
103 176 120
103 175 120
103 174 120
103 173 120
103 173 120
103 172 120
103 172 120
103 171 120
103 171 120
103 170 120
103 170 120
103 169 120
103 169 120
103 169 120
103 168 240
103 168 120
103 167 240
103 167 120
103 166 240
103 166 120
103 165 240
103 165 120
103 164 240
103 164 120
103 163 240
103 162 240
103 161 240
103 160 120
103 159 120
103 158 120
103 157 120
103 156 120
103 155 120
103 154 120
103 153 120
103 152 120
103 152 120
103 151 120
103 151 120
103 150 120
103 150 120
103 150 120
103 149 240
103 149 120
103 149 120
103 148 360
103 148 120
103 148 120
103 148 120
103 147 600
103 147 120
103 147 120
103 147 120
103 146 840
103 146 120
103 146 120
103 146 120
103 146 120
103 145 1200
103 145 120
103 145 120
103 145 120
103 145 120
103 145 120
103 144 1680
103 144 120
103 144 120
103 144 120
103 144 120
103 144 120
103 143 2160
103 143 120
103 143 120
103 143 120
103 143 120
103 142 2520
103 142 120
103 142 120
103 142 120
103 142 120
103 141 2880
103 141 120
103 141 120
103 141 120
103 140 3120
103 140 120
103 140 120
103 139 3240
103 139 120
103 139 120
103 138 3360
103 138 120
103 137 3360
103 136 3360
103 135 3360
103 134 120
103 134 120
103 134 120
103 134 120
103 134 120
103 134 120
103 134 120
103 134 120
103 134 120
103 134 120
103 134 120
103 134 120
103 134 120
103 134 120
103 134 120
103 134 120
103 134 120
103 134 120
103 134 120
103 134 120
103 134 120
103 134 120
103 134 120
103 133 2640
103 132 2640
103 131 2640
103 130 120
103 130 120
103 130 120
103 130 120
103 130 120
103 130 120
103 130 120
103 130 120
103 130 120
103 130 120
103 130 120
103 130 120
103 130 120
103 130 120
103 130 120
103 130 120
103 129 1800
103 128 1800
103 127 1800
103 126 120
103 126 120
103 126 120
103 126 120
103 126 120
103 126 120
103 126 120
103 126 120
103 126 120
103 126 120
103 126 120
103 126 120
103 126 120
103 126 120
103 125 1560
103 125 120
103 124 1560
103 124 120
103 123 1560
103 123 120
103 122 1560
103 122 120
103 121 1560
103 121 120
103 120 1560
103 120 120
103 119 1560
103 118 1560
103 117 1560
103 116 120
103 116 120
103 116 120
103 116 120
103 116 120
103 116 120
103 116 120
103 116 120
103 115 840
103 114 840
103 113 840
103 112 120
103 112 120
103 112 120
103 111 240
103 110 240
103 109 240
103 108 120
103 107 120
103 106 120
103 105 120
103 104 120
103 103 120
103 102 120
102 102 120
101 102 120
100 102 120
99 102 120
98 102 120
97 102 120
96 102 120
95 102 120
94 102 120
93 102 120
93 102 120
92 102 120
92 102 120
91 102 120
91 102 120
90 102 120
90 102 120
89 102 120
89 102 120
88 102 120
88 102 120
87 102 120
87 102 120
86 102 120
86 102 120
85 102 120
85 102 120
84 102 120
84 102 120
83 102 120
82 102 120
81 102 120
80 102 120
79 102 120
78 102 120
77 102 120
76 102 120
75 102 120
75 102 120
74 102 120
74 102 120
73 102 120
73 102 120
72 102 120
72 102 120
71 102 120
71 102 120
70 102 120
70 102 120
69 102 120
69 102 120
68 102 120
68 102 120
68 102 120
67 102 240
67 102 120
66 102 240
66 102 120
65 102 240
65 102 120
65 102 120
64 102 360
64 102 120
63 102 360
63 102 120
63 102 120
62 102 480
62 102 120
62 102 120
61 102 600
61 102 120
61 102 120
61 102 120
60 102 840
60 102 120
60 102 120
59 102 960
59 102 120
59 102 120
59 102 120
58 102 1200
58 102 120
58 102 120
58 102 120
57 102 1440
57 102 120
57 102 120
56 102 1560
56 102 120
56 102 120
55 102 1680
55 102 120
54 102 1680
54 102 120
53 102 1680
52 102 1680
51 102 1680
50 102 120
50 102 120
50 102 120
50 102 120
50 102 120
50 102 120
50 102 120
50 102 120
50 102 120
49 102 960
48 102 960
47 102 960
46 102 120
46 102 120
45 102 120
45 102 120
44 102 120
43 102 120
42 102 120
41 102 120
40 102 120
39 102 120
38 102 120
37 102 120
36 102 120
36 101 120
36 100 120
36 99 120
36 98 120
36 97 120
36 96 120
36 95 120
36 94 120
36 93 120
36 92 120
36 91 120
36 90 120
36 89 120
36 88 120
36 87 120
36 86 120
36 85 120
36 84 120
36 83 120
36 82 120
36 81 120
36 80 120
36 80 120
36 79 120
36 79 120
36 78 120
36 78 120
36 77 120
36 77 120
36 76 120
36 76 120
36 75 120
36 75 120
36 74 120
36 74 120
36 73 120
36 73 120
36 72 120
36 72 120
36 71 120
36 71 120
36 70 120
36 70 120
36 69 120
36 69 120
36 68 120
36 67 120
36 66 120
36 65 120
36 64 120
36 64 120
36 63 120
36 63 120
36 62 120
36 62 120
36 61 120
36 61 120
36 60 120
36 60 120
36 60 120
36 59 240
36 59 120
36 59 120
36 58 360
36 58 120
36 58 120
36 57 480
36 57 120
36 57 120
36 56 600
36 56 120
36 56 120
36 56 120
36 55 840
36 55 120
36 55 120
36 55 120
36 54 1080
36 54 120
36 54 120
36 54 120
36 53 1320
36 53 120
36 53 120
36 53 120
36 53 120
36 52 1680
36 52 120
36 52 120
36 52 120
36 52 120
36 51 2040
36 51 120
36 51 120
36 51 120
36 51 120
36 50 2400
36 50 120
36 50 120
36 50 120
36 50 120
36 49 2760
36 49 120
36 49 120
36 49 120
36 48 3000
36 48 120
36 48 120
36 48 120
36 47 3240
36 47 120
36 47 120
36 47 120
36 46 3480
36 46 120
36 46 120
36 45 3600
36 45 120
36 44 3600
36 44 120
36 43 3600
36 42 3600
36 41 3600
36 40 120
36 40 120
36 40 120
36 40 120
36 40 120
36 40 120
36 40 120
36 40 120
36 40 120
36 40 120
36 40 120
36 40 120
36 40 120
36 40 120
36 40 120
36 40 120
36 40 120
36 40 120
36 40 120
36 40 120
36 40 120
36 40 120
36 40 120
36 40 120
36 39 2760
36 38 2760
36 37 2760
36 36 120
36 36 120
36 36 120
36 36 120
36 36 120
36 36 120
36 36 120
36 36 120
36 36 120
36 36 120
36 35 1080
36 34 1080
36 33 1080
36 32 120
36 32 120
36 31 120
36 31 120
36 30 120
36 29 120
36 28 120
36 27 120
36 26 120
36 25 120
36 24 120
36 23 120
36 22 120
36 21 120
36 20 120
36 19 120
36 18 120
36 17 120
36 16 120
36 15 120
36 14 120
36 13 120
36 12 120
36 11 120
36 10 120
36 9 120
36 8 120
