131 184 300
132 184 300
133 184 300
134 184 300
135 184 300
136 184 300
137 184 300
138 184 300
139 184 300
140 184 300
141 184 300
142 184 300
143 184 300
144 184 300
145 184 300
146 184 300
147 184 300
148 184 300
149 184 300
150 184 300
151 184 300
152 184 300
152 184 300
153 184 300
153 184 300
153 184 300
154 184 300
154 184 300
154 184 300
155 184 300
155 184 300
155 184 300
155 184 300
155 184 300
156 184 300
156 184 300
156 184 300
156 184 300
156 184 300
156 184 300
157 184 300
157 184 300
157 184 300
157 184 300
157 184 300
157 184 300
157 184 300
158 184 300
158 184 300
158 184 300
158 184 300
158 184 300
158 184 300
158 184 300
158 184 300
159 184 300
159 184 300
159 184 300
159 184 300
159 184 300
159 184 300
159 184 300
159 184 300
159 184 300
160 184 300
160 184 300
160 184 300
160 184 300
160 184 300
160 184 300
160 184 300
160 184 300
160 184 300
160 184 300
161 184 300
161 184 300
161 184 300
161 184 300
161 184 300
161 184 300
161 184 300
161 184 300
161 184 300
161 184 300
162 184 300
162 184 300
162 184 300
162 184 300
162 184 300
162 184 300
162 184 300
162 184 300
162 184 300
162 184 300
162 184 300
163 184 300
163 184 300
163 184 300
163 184 300
163 184 300
163 184 300
163 184 300
163 184 300
163 184 300
163 184 300
163 184 300
164 184 300
164 184 300
164 184 300
164 184 300
164 184 300
164 184 300
164 184 300
164 184 300
164 184 300
164 184 300
165 184 300
165 184 300
165 184 300
165 184 300
165 184 300
165 184 300
165 184 300
165 184 300
165 184 300
165 184 300
166 184 300
166 184 300
166 184 300
166 184 300
166 184 300
166 184 300
166 184 300
166 184 300
166 184 300
167 184 300
167 184 300
167 184 300
167 184 300
167 184 300
167 184 300
167 184 300
167 184 300
168 184 300
168 184 300
168 184 300
168 184 300
168 184 300
168 184 300
168 184 300
169 184 300
169 184 300
169 184 300
169 184 300
169 184 300
169 184 300
169 183 300
169 183 300
169 183 300
169 183 300
169 183 300
169 183 300
169 182 300
169 182 300
169 182 300
169 182 300
169 182 300
169 182 300
169 182 300
169 181 300
169 181 300
169 181 300
169 181 300
169 181 300
169 181 300
169 181 300
169 181 300
169 180 300
169 180 300
169 180 300
169 180 300
169 180 300
169 180 300
169 180 300
169 180 300
169 179 300
169 179 300
169 179 300
169 179 300
169 179 300
169 179 300
169 179 300
169 178 300
169 178 300
169 178 300
169 178 300
169 178 300
169 178 300
169 178 300
169 177 300
169 177 300
169 177 300
169 177 300
169 177 300
169 177 300
169 176 300
169 176 300
169 176 300
169 176 300
169 176 300
169 175 300
169 175 300
169 175 300
169 175 300
169 174 300
169 174 300
169 174 300
169 173 300
169 173 300
169 172 300
169 171 300
169 170 300
169 169 300
169 168 300
169 167 300
169 166 300
169 165 300
169 164 300
70 84 300
69 84 300
68 84 300
67 84 300
66 84 300
65 84 300
64 84 300
63 84 300
62 84 300
61 84 300
60 84 300
59 84 300
58 84 300
57 84 300
56 84 300
55 84 300
54 84 300
53 84 300
52 84 300
51 84 300
50 84 300
49 84 300
48 84 300
47 84 300
46 84 300
46 84 300
45 84 300
45 84 300
44 84 300
44 84 300
44 84 300
43 84 300
43 84 300
43 84 300
43 84 300
42 84 300
42 84 300
42 84 300
42 84 300
42 84 300
41 84 300
41 84 300
41 84 300
41 84 300
41 84 300
41 84 300
40 84 300
40 84 300
40 84 300
40 84 300
40 84 300
40 84 300
40 84 300
40 84 300
39 84 300
39 84 300
39 84 300
39 84 300
39 84 300
39 84 300
39 84 300
39 84 300
39 84 300
38 84 300
38 84 300
38 84 300
38 84 300
38 84 300
38 84 300
38 84 300
38 84 300
38 84 300
37 84 300
37 84 300
37 84 300
37 84 300
37 84 300
37 84 300
37 84 300
37 84 300
37 84 300
37 84 300
36 84 300
36 84 300
36 84 300
36 84 300
36 84 300
36 84 300
36 84 300
36 84 300
36 84 300
36 84 300
35 84 300
35 84 300
35 84 300
35 84 300
35 84 300
35 84 300
35 84 300
35 84 300
35 84 300
34 84 300
34 84 300
34 84 300
34 84 300
34 84 300
34 84 300
34 84 300
34 84 300
34 84 300
33 84 300
33 84 300
33 84 300
33 84 300
33 84 300
33 84 300
33 84 300
33 84 300
32 84 300
32 84 300
32 84 300
32 84 300
32 84 300
32 84 300
32 84 300
31 84 300
31 84 300
31 84 300
31 84 300
31 84 300
30 84 300
30 84 300
30 84 300
30 84 300
29 84 300
29 84 300
29 84 300
28 84 300
28 84 300
27 84 300
27 84 300
26 84 300
25 84 300
24 84 300
23 84 300
22 84 300
21 84 300
20 84 300
19 84 300
18 84 300
18 85 300
18 86 300
18 87 300
18 88 300
18 89 300
18 90 300
18 91 300
18 92 300
18 93 300
18 94 300
18 95 300
18 96 300
18 97 300
18 98 300
18 99 300
18 100 300
18 101 300
18 102 300
18 103 300
18 104 300
18 105 300
18 106 300
18 107 300
18 108 300
18 109 300
18 110 300
18 111 300
18 112 300
18 113 300
18 114 300
18 115 300
18 116 300
18 117 300
18 118 300
18 119 300
18 120 300
18 121 300
18 122 300
18 123 300
18 124 300
18 125 300
18 126 300
18 127 300
18 128 300
18 129 300
18 130 300
18 131 300
18 132 300
18 133 300
18 134 300
18 135 300
18 135 300
18 136 300
18 136 300
18 137 300
18 137 300
18 137 300
18 138 300
18 138 300
18 138 300
18 139 300
18 139 300
18 139 300
18 139 300
18 140 300
18 140 300
18 140 300
18 140 300
18 140 300
18 141 300
18 141 300
18 141 300
18 141 300
18 141 300
18 141 300
18 141 300
18 142 300
18 142 300
18 142 300
18 142 300
18 142 300
18 142 300
18 142 300
18 142 300
18 142 300
18 143 300
18 143 300
18 143 300
18 143 300
18 143 300
18 143 300
18 143 300
18 143 300
18 143 300
18 143 300
18 144 300
18 144 300
18 144 300
18 144 300
18 144 300
18 144 300
18 144 300
18 144 300
18 144 300
18 144 300
18 144 300
18 144 300
18 145 300
18 145 300
18 145 300
18 145 300
18 145 300
18 145 300
18 145 300
18 145 300
18 145 300
18 145 300
18 145 300
18 145 300
18 145 300
18 146 300
18 146 300
18 146 300
18 146 300
18 146 300
18 146 300
18 146 300
18 146 300
18 146 300
18 146 300
18 146 300
18 146 300
18 146 300
18 146 300
18 147 300
18 147 300
18 147 300
18 147 300
18 147 300
18 147 300
18 147 300
18 147 300
18 147 300
18 147 300
18 147 300
18 147 300
18 147 300
18 147 300
18 148 300
18 148 300
18 148 300
18 148 300
18 148 300
18 148 300
18 148 300
18 148 300
18 148 300
18 148 300
18 148 300
18 148 300
18 148 300
18 148 300
18 148 300
18 149 300
18 149 300
18 149 300
18 149 300
18 149 300
18 149 300
18 149 300
18 149 300
18 149 300
18 149 300
18 149 300
18 149 300
18 149 300
18 149 300
18 150 300
18 150 300
18 150 300
18 150 300
18 150 300
18 150 300
18 150 300
18 150 300
18 150 300
18 150 300
18 150 300
18 150 300
18 150 300
18 150 300
18 151 300
18 151 300
18 151 300
18 151 300
18 151 300
18 151 300
18 151 300
18 151 300
18 151 300
18 151 300
18 151 300
18 151 300
18 151 300
18 152 300
18 152 300
18 152 300
18 152 300
18 152 300
18 152 300
18 152 300
18 152 300
18 152 300
18 152 300
18 152 300
18 152 300
18 153 300
18 153 300
18 153 300
18 153 300
18 153 300
18 153 300
18 153 300
18 153 300
18 153 300
18 153 300
18 153 300
18 154 300
18 154 300
18 154 300
18 154 300
18 154 300
18 154 300
18 154 300
18 154 300
18 154 300
18 155 300
18 155 300
18 155 300
18 155 300
18 155 300
18 155 300
18 155 300
18 156 300
18 156 300
18 156 300
18 156 300
18 156 300
18 157 300
18 157 300
18 157 300
18 157 300
18 158 300
18 158 300
18 158 300
18 159 300
18 159 300
18 160 300
18 161 300
18 162 300
18 163 300
18 164 300
18 165 300
18 166 300
18 167 300
18 168 300
18 169 300
18 170 300
18 171 300
18 172 300
18 173 300
17 108 300
16 108 300
15 108 300
14 108 300
13 108 300
12 108 300
11 108 300
11 107 300
11 106 300
11 105 300
11 104 300
11 103 300
11 102 300
11 101 300
11 100 300
11 99 300
11 98 300
11 97 300
11 96 300
11 95 300
11 94 300
11 93 300
11 92 300
11 91 300
11 90 300
11 89 300
11 88 300
11 87 300
11 86 300
11 85 300
11 84 300
11 83 300
11 82 300
11 81 300
11 80 300
11 79 300
11 78 300
11 77 300
11 76 300
11 75 300
11 74 300
11 73 300
11 72 300
11 71 300
11 70 300
11 69 300
11 68 300
11 67 300
11 66 300
11 65 300
11 64 300
11 63 300
11 62 300
11 61 300
11 60 300
11 59 300
11 58 300
11 57 300
11 56 300
11 55 300
11 54 300
11 53 300
11 52 300
11 51 300
11 50 300
11 49 300
11 48 300
11 47 300
11 46 300
11 45 300
11 44 300
11 43 300
11 43 300
11 42 300
11 42 300
11 41 300
11 41 300
11 41 300
11 40 300
11 40 300
11 40 300
11 40 300
11 39 300
11 39 300
11 39 300
11 39 300
11 38 300
11 38 300
11 38 300
11 38 300
11 37 300
11 37 300
11 37 300
11 37 300
11 36 300
11 36 300
11 36 300
11 36 300
11 35 300
11 35 300
11 35 300
11 34 300
11 34 300
11 34 300
11 33 300
11 33 300
11 32 300
11 32 300
11 31 300
11 30 300
11 29 300
11 28 300
11 27 300
11 26 300
11 25 300
11 24 300
11 23 300
11 22 300
11 21 300
11 20 300
11 19 300
11 18 300
11 17 300
11 16 300
11 15 300
11 14 300
11 13 300
11 12 300
11 11 300
11 10 300
