72 31 300
71 31 300
70 31 300
69 31 300
68 31 300
67 31 300
66 31 300
65 31 300
64 31 300
63 31 300
62 31 300
61 31 300
60 31 300
59 31 300
58 31 300
57 31 300
56 31 300
56 31 300
55 31 300
54 31 300
53 31 300
52 31 300
51 31 300
50 31 300
49 31 300
48 31 300
47 31 300
46 31 300
45 31 300
44 31 300
43 31 300
42 31 300
41 31 300
40 31 300
39 31 300
39 31 300
38 31 300
38 31 300
37 31 300
37 31 300
37 31 300
36 31 300
36 31 300
36 31 300
35 31 300
35 31 300
35 31 300
35 31 300
34 31 300
34 31 300
34 31 300
34 31 300
34 31 300
33 31 300
33 31 300
33 31 300
33 31 300
33 31 300
32 31 300
32 31 300
32 31 300
32 31 300
32 31 300
32 31 300
31 31 300
31 31 300
31 31 300
31 31 300
31 31 300
31 31 300
30 31 300
30 31 300
30 31 300
30 31 300
30 31 300
30 31 300
30 31 300
29 31 300
29 31 300
29 31 300
29 31 300
29 31 300
29 31 300
29 31 300
28 31 300
28 31 300
28 31 300
28 31 300
28 31 300
28 31 300
28 31 300
27 31 300
27 31 300
27 31 300
27 31 300
27 31 300
27 31 300
26 31 300
26 31 300
26 31 300
26 31 300
26 31 300
26 31 300
25 31 300
25 31 300
25 31 300
25 31 300
25 31 300
24 31 300
24 31 300
24 31 300
24 31 300
24 31 300
23 31 300
23 31 300
23 31 300
23 31 300
22 31 300
22 31 300
22 31 300
22 31 300
21 31 300
21 31 300
21 31 300
20 31 300
20 31 300
20 31 300
19 31 300
19 31 300
19 31 300
18 31 300
18 31 300
17 31 300
17 31 300
16 31 300
16 31 300
15 31 300
15 31 300
14 31 300
14 31 300
13 31 300
13 31 300
13 32 300
13 33 300
13 34 300
13 35 300
13 36 300
13 37 300
13 38 300
13 39 300
13 40 300
13 41 300
13 42 300
13 43 300
13 44 300
13 45 300
13 46 300
13 47 300
13 48 300
13 49 300
13 50 300
13 51 300
13 52 300
13 53 300
13 54 300
13 55 300
13 56 300
13 57 300
13 58 300
13 59 300
13 60 300
13 61 300
13 62 300
13 63 300
13 64 300
13 65 300
13 66 300
13 67 300
13 68 300
13 69 300
13 70 300
13 71 300
13 72 300
13 73 300
13 74 300
13 75 300
13 76 300
13 76 300
13 77 300
13 77 300
13 78 300
13 78 300
13 79 300
13 79 300
13 79 300
13 80 300
13 80 300
13 80 300
13 81 300
13 81 300
13 81 300
13 81 300
13 82 300
13 82 300
13 82 300
13 82 300
13 83 300
13 83 300
13 83 300
13 83 300
13 83 300
13 84 300
13 84 300
13 84 300
13 84 300
13 84 300
13 85 300
13 85 300
13 85 300
13 85 300
13 85 300
13 86 300
13 86 300
13 86 300
13 86 300
13 86 300
13 86 300
13 87 300
13 87 300
13 87 300
13 87 300
13 87 300
13 87 300
13 88 300
13 88 300
13 88 300
13 88 300
13 88 300
13 88 300
13 89 300
13 89 300
13 89 300
13 89 300
13 89 300
13 89 300
13 90 300
13 90 300
13 90 300
13 90 300
13 90 300
13 90 300
13 91 300
13 91 300
13 91 300
13 91 300
13 91 300
13 91 300
13 92 300
13 92 300
13 92 300
13 92 300
13 92 300
13 92 300
13 93 300
13 93 300
13 93 300
13 93 300
13 93 300
13 94 300
13 94 300
13 94 300
13 94 300
13 94 300
13 95 300
13 95 300
13 95 300
13 95 300
13 96 300
13 96 300
13 96 300
13 96 300
13 97 300
13 97 300
13 97 300
13 98 300
13 98 300
13 99 300
13 99 300
13 100 300
13 100 300
13 101 300
13 102 300
13 103 300
13 104 300
13 105 300
13 106 300
13 107 300
13 108 300
13 109 300
13 110 300
13 111 300
13 112 300
13 113 300
13 114 300
13 115 300
13 116 300
13 117 300
13 118 300
13 119 300
13 120 300
13 121 300
13 122 300
13 123 300
13 124 300
13 125 300
13 126 300
13 127 300
13 128 300
13 129 300
13 130 300
13 131 300
13 132 300
48 32 300
48 33 300
48 34 300
48 35 300
48 36 300
48 37 300
48 38 300
48 39 300
48 40 300
48 41 300
48 42 300
48 43 300
48 44 300
48 45 300
48 46 300
48 47 300
48 48 300
48 49 300
48 50 300
48 51 300
48 52 300
48 53 300
48 54 300
48 55 300
48 56 300
48 57 300
48 58 300
48 59 300
48 60 300
48 61 300
48 62 300
44 153 300
44 153 300
44 153 300
44 153 300
44 153 300
44 153 300
44 153 300
43 153 300
43 153 300
43 153 300
43 153 300
43 153 300
43 153 300
43 153 300
42 153 300
42 153 300
42 153 300
42 153 300
42 153 300
42 153 300
42 153 300
41 153 300
41 153 300
41 153 300
41 153 300
41 153 300
41 153 300
41 153 300
40 153 300
40 153 300
40 153 300
40 153 300
40 153 300
40 153 300
40 153 300
39 153 300
39 153 300
39 153 300
39 153 300
39 153 300
39 153 300
39 153 300
39 153 300
38 153 300
38 153 300
38 153 300
38 153 300
38 153 300
38 153 300
38 153 300
38 153 300
37 153 300
37 153 300
37 153 300
37 153 300
37 153 300
37 153 300
37 153 300
37 153 300
36 153 300
36 153 300
36 153 300
36 153 300
36 153 300
36 153 300
36 153 300
36 153 300
36 153 300
35 153 300
35 153 300
35 153 300
35 153 300
35 153 300
35 153 300
35 153 300
35 153 300
35 153 300
34 153 300
34 153 300
34 153 300
34 153 300
34 153 300
34 153 300
34 153 300
34 153 300
34 153 300
34 153 300
33 153 300
33 153 300
33 153 300
33 153 300
33 153 300
33 153 300
33 153 300
33 153 300
33 153 300
33 153 300
32 153 300
32 153 300
32 153 300
32 153 300
32 153 300
32 153 300
32 153 300
32 153 300
32 153 300
32 153 300
32 153 300
31 153 300
31 153 300
31 153 300
31 153 300
31 153 300
31 153 300
31 153 300
31 153 300
31 153 300
31 153 300
31 153 300
30 153 300
30 153 300
30 153 300
30 153 300
30 153 300
30 153 300
30 153 300
30 153 300
30 153 300
30 153 300
30 153 300
30 153 300
29 153 300
29 153 300
29 153 300
29 153 300
29 153 300
29 153 300
29 153 300
29 153 300
29 153 300
29 153 300
29 153 300
29 153 300
28 153 300
28 153 300
28 153 300
28 153 300
28 153 300
28 153 300
28 153 300
28 153 300
28 153 300
28 153 300
28 153 300
28 153 300
28 153 300
27 153 300
27 153 300
27 153 300
27 153 300
27 153 300
27 153 300
27 153 300
27 153 300
27 153 300
27 153 300
27 153 300
27 153 300
27 153 300
26 153 300
26 153 300
26 153 300
26 153 300
26 153 300
26 153 300
26 153 300
26 153 300
26 153 300
26 153 300
26 153 300
26 153 300
26 153 300
25 153 300
25 153 300
25 153 300
25 153 300
25 153 300
25 153 300
25 153 300
25 153 300
25 153 300
25 153 300
25 153 300
25 153 300
25 153 300
24 153 300
24 153 300
24 153 300
24 153 300
24 153 300
24 153 300
24 153 300
24 153 300
24 153 300
24 153 300
24 153 300
24 153 300
24 153 300
23 153 300
23 153 300
23 153 300
23 153 300
23 153 300
23 153 300
23 153 300
23 153 300
23 153 300
23 153 300
23 153 300
23 153 300
22 153 300
22 153 300
22 153 300
22 153 300
22 153 300
22 153 300
22 153 300
22 153 300
22 153 300
22 153 300
22 153 300
22 153 300
21 153 300
21 153 300
21 153 300
21 153 300
21 153 300
21 153 300
21 153 300
21 153 300
21 153 300
21 153 300
21 153 300
20 153 300
20 153 300
20 153 300
20 153 300
20 153 300
20 153 300
20 153 300
20 153 300
20 153 300
20 153 300
19 153 300
19 153 300
19 153 300
19 153 300
19 153 300
19 153 300
19 153 300
19 153 300
19 153 300
19 153 300
18 153 300
18 153 300
18 153 300
18 153 300
18 153 300
18 153 300
18 153 300
18 153 300
18 153 300
17 153 300
17 153 300
17 153 300
17 153 300
17 153 300
17 153 300
17 153 300
17 153 300
16 153 300
16 153 300
16 153 300
16 153 300
16 153 300
16 153 300
16 153 300
15 153 300
15 153 300
15 153 300
15 153 300
15 153 300
15 153 300
14 153 300
14 153 300
14 153 300
14 153 300
14 153 300
13 153 300
13 153 300
13 153 300
13 153 300
13 153 300
13 152 300
13 152 300
13 152 300
13 152 300
13 152 300
13 151 300
13 151 300
13 151 300
13 151 300
13 151 300
13 150 300
13 150 300
13 150 300
13 150 300
13 150 300
13 149 300
13 149 300
13 149 300
13 149 300
13 149 300
13 148 300
13 148 300
13 148 300
13 148 300
13 148 300
13 147 300
13 147 300
13 147 300
13 147 300
13 146 300
13 146 300
13 146 300
13 146 300
13 145 300
13 145 300
13 145 300
13 145 300
13 144 300
13 144 300
13 144 300
13 143 300
13 143 300
13 143 300
13 142 300
13 142 300
13 141 300
13 141 300
13 140 300
13 139 300
13 138 300
13 137 300
13 136 300
13 135 300
13 134 300
13 133 300
45 153 300
45 153 300
45 153 300
45 153 300
45 153 300
45 153 300
45 153 300
46 153 300
46 153 300
46 153 300
46 153 300
46 153 300
46 153 300
46 153 300
47 153 300
47 153 300
47 153 300
47 153 300
47 153 300
47 153 300
47 153 300
48 153 300
48 153 300
48 153 300
48 153 300
48 153 300
48 153 300
48 153 300
49 153 300
49 153 300
49 153 300
49 153 300
49 153 300
49 153 300
49 153 300
50 153 300
50 153 300
50 153 300
50 153 300
50 153 300
50 153 300
50 153 300
51 153 300
51 153 300
51 153 300
51 153 300
51 153 300
51 153 300
51 153 300
52 153 300
52 153 300
52 153 300
52 153 300
52 153 300
52 153 300
52 153 300
53 153 300
53 153 300
53 153 300
53 153 300
53 153 300
53 153 300
54 153 300
54 153 300
54 153 300
54 153 300
54 153 300
54 153 300
54 154 300
54 154 300
54 154 300
54 154 300
54 154 300
54 154 300
54 155 300
54 155 300
54 155 300
54 155 300
54 155 300
54 155 300
54 156 300
54 156 300
54 156 300
54 156 300
54 156 300
54 156 300
54 156 300
54 157 300
54 157 300
54 157 300
54 157 300
54 157 300
54 157 300
54 157 300
54 158 300
54 158 300
54 158 300
54 158 300
54 158 300
54 158 300
54 158 300
54 159 300
54 159 300
54 159 300
54 159 300
54 159 300
54 159 300
54 159 300
54 160 300
54 160 300
54 160 300
54 160 300
54 160 300
54 160 300
54 160 300
54 161 300
54 161 300
54 161 300
54 161 300
54 161 300
54 161 300
54 161 300
54 162 300
54 162 300
54 162 300
54 162 300
54 162 300
54 162 300
54 163 300
54 163 300
54 163 300
54 163 300
54 163 300
54 163 300
54 164 300
54 164 300
54 164 300
54 164 300
54 164 300
54 164 300
54 165 300
54 165 300
54 165 300
54 165 300
54 165 300
54 165 300
54 166 300
54 166 300
54 166 300
54 166 300
54 166 300
54 167 300
54 167 300
54 167 300
54 167 300
54 167 300
54 168 300
54 168 300
54 168 300
54 168 300
54 168 300
54 169 300
54 169 300
54 169 300
54 169 300
54 169 300
54 170 300
54 170 300
54 170 300
54 170 300
54 171 300
54 171 300
54 171 300
54 171 300
54 172 300
54 172 300
54 172 300
54 172 300
54 173 300
54 173 300
54 173 300
54 174 300
54 174 300
54 174 300
54 175 300
54 175 300
54 175 300
54 176 300
54 176 300
54 177 300
54 177 300
54 178 300
54 178 300
54 179 300
54 179 300
54 180 300
54 180 300
54 181 300
54 182 300
54 183 300
54 184 300
54 185 300
54 186 300
54 187 300
54 188 300
54 189 300
54 190 300
54 191 300
54 192 300
54 193 300
54 194 300
54 195 300
54 196 300
54 197 300
55 153 300
55 153 300
55 153 300
55 153 300
55 153 300
56 153 300
56 153 300
56 153 300
56 153 300
56 153 300
57 153 300
57 153 300
57 153 300
57 153 300
57 153 300
58 153 300
58 153 300
58 153 300
58 153 300
59 153 300
59 153 300
59 153 300
59 153 300
60 153 300
60 153 300
60 153 300
61 153 300
61 153 300
61 153 300
62 153 300
62 153 300
62 153 300
63 153 300
63 153 300
64 153 300
64 153 300
65 153 300
66 153 300
67 153 300
68 153 300
69 153 300
70 153 300
71 153 300
72 153 300
73 153 300
74 153 300
75 153 300
76 153 300
77 153 300
78 153 300
79 153 300
80 153 300
81 153 300
82 153 300
83 153 300
84 153 300
85 153 300
86 153 300
86 152 300
86 151 300
86 150 300
86 149 300
86 148 300
86 147 300
86 146 300
86 145 300
86 144 300
86 143 300
86 142 300
86 141 300
86 140 300
86 139 300
86 138 300
86 137 300
86 136 300
86 135 300
87 135 300
88 135 300
89 135 300
90 135 300
91 135 300
92 135 300
93 135 300
94 135 300
95 135 300
96 135 300
97 135 300
98 135 300
99 135 300
100 135 300
101 135 300
102 135 300
103 135 300
104 135 300
105 135 300
106 135 300
107 135 300
108 135 300
109 135 300
110 135 300
111 135 300
111 135 300
112 135 300
112 135 300
113 135 300
113 135 300
114 135 300
114 135 300
115 135 300
115 135 300
116 135 300
116 135 300
117 135 300
117 135 300
118 135 300
118 135 300
118 135 300
119 135 300
119 135 300
119 135 300
120 135 300
120 135 300
120 135 300
121 135 300
121 135 300
122 135 300
122 135 300
123 135 300
123 135 300
124 135 300
124 135 300
125 135 300
125 135 300
126 135 300
126 135 300
127 135 300
128 135 300
129 135 300
130 135 300
131 135 300
132 135 300
133 135 300
134 135 300
135 135 300
136 135 300
137 135 300
138 135 300
139 135 300
139 135 300
140 135 300
140 135 300
141 135 300
141 135 300
142 135 300
142 135 300
143 135 300
143 135 300
143 135 300
144 135 300
144 135 300
144 135 300
145 135 300
145 135 300
145 135 300
145 135 300
146 135 300
146 135 300
146 135 300
146 135 300
146 135 300
147 135 300
147 135 300
147 135 300
147 135 300
147 135 300
147 135 300
148 135 300
148 135 300
148 135 300
148 135 300
148 135 300
148 135 300
148 135 300
149 135 300
149 135 300
149 135 300
149 135 300
149 135 300
149 135 300
149 135 300
149 135 300
150 135 300
150 135 300
150 135 300
150 135 300
150 135 300
150 135 300
150 135 300
150 135 300
150 135 300
151 135 300
151 135 300
151 135 300
151 135 300
151 135 300
151 135 300
151 135 300
151 135 300
151 135 300
151 135 300
152 135 300
152 135 300
152 135 300
152 135 300
152 135 300
152 135 300
152 135 300
152 135 300
152 135 300
152 135 300
152 135 300
153 135 300
153 135 300
153 135 300
153 135 300
153 135 300
153 135 300
153 135 300
153 135 300
153 135 300
153 135 300
153 135 300
153 135 300
154 135 300
154 135 300
154 135 300
154 135 300
154 135 300
154 135 300
154 135 300
154 135 300
154 135 300
154 135 300
154 135 300
154 135 300
155 135 300
155 135 300
155 135 300
155 135 300
155 135 300
155 135 300
155 135 300
155 135 300
155 135 300
155 135 300
155 135 300
155 135 300
156 135 300
156 135 300
156 135 300
156 135 300
156 135 300
156 135 300
156 135 300
156 135 300
156 135 300
156 135 300
156 135 300
156 135 300
157 135 300
157 135 300
157 135 300
157 135 300
157 135 300
157 135 300
157 135 300
157 135 300
157 135 300
157 135 300
157 135 300
157 135 300
158 135 300
158 135 300
158 135 300
158 135 300
158 135 300
158 135 300
158 135 300
158 135 300
158 135 300
158 135 300
158 135 300
158 135 300
159 135 300
159 135 300
159 135 300
159 135 300
159 135 300
159 135 300
159 135 300
159 135 300
159 135 300
159 135 300
159 135 300
160 135 300
160 135 300
160 135 300
160 135 300
160 135 300
160 135 300
160 135 300
160 135 300
160 135 300
160 135 300
160 135 300
161 135 300
161 135 300
161 135 300
161 135 300
161 135 300
161 135 300
161 135 300
161 135 300
161 135 300
161 135 300
162 135 300
162 135 300
162 135 300
162 135 300
162 135 300
162 135 300
162 135 300
162 135 300
163 135 300
163 135 300
163 135 300
163 135 300
163 135 300
163 135 300
163 135 300
164 135 300
164 135 300
164 135 300
164 135 300
164 135 300
165 135 300
165 135 300
165 135 300
165 135 300
166 135 300
166 135 300
166 135 300
167 135 300
167 135 300
168 135 300
168 135 300
169 135 300
170 135 300
171 135 300
172 135 300
173 135 300
174 135 300
175 135 300
176 135 300
177 135 300
178 135 300
179 135 300
180 135 300
181 135 300
182 135 300
183 135 300
184 135 300
185 135 300
186 135 300
187 135 300
188 135 300
189 135 300
189 135 300
190 135 300
190 135 300
191 135 300
191 135 300
191 135 300
191 134 300
191 134 300
191 134 300
191 133 300
191 133 300
191 133 300
191 132 300
191 132 300
191 132 300
191 131 300
191 131 300
191 131 300
191 131 300
191 130 300
191 130 300
191 130 300
191 130 300
191 129 300
191 129 300
191 129 300
191 129 300
191 128 300
191 128 300
191 128 300
191 128 300
191 127 300
191 127 300
191 127 300
191 127 300
191 126 300
191 126 300
191 126 300
191 125 300
191 125 300
191 125 300
191 124 300
191 124 300
191 124 300
191 123 300
191 123 300
191 122 300
191 122 300
191 121 300
191 121 300
191 120 300
191 119 300
191 118 300
191 117 300
191 116 300
191 115 300
191 114 300
191 113 300
191 112 300
191 111 300
191 110 300
191 109 300
191 108 300
191 107 300
191 106 300
191 105 300
191 104 300
191 103 300
191 102 300
191 101 300
191 100 300
192 100 300
193 100 300
194 100 300
195 100 300
196 100 300
196 99 300
196 98 300
196 97 300
196 96 300
196 95 300
196 94 300
196 93 300
196 92 300
196 91 300
196 90 300
196 89 300
196 88 300
196 87 300
196 86 300
196 85 300
196 84 300
196 83 300
196 82 300
196 81 300
196 80 300
196 79 300
196 78 300
196 77 300
196 76 300
196 75 300
196 74 300
196 73 300
196 72 300
196 71 300
196 70 300
196 69 300
196 68 300
196 67 300
196 66 300
196 65 300
196 65 300
196 64 300
196 64 300
196 63 300
196 63 300
196 62 300
196 62 300
196 61 300
196 61 300
196 60 300
196 59 300
196 58 300
196 57 300
196 56 300
196 55 300
196 54 300
196 53 300
196 52 300
196 51 300
196 50 300
196 49 300
196 48 300
196 47 300
196 46 300
196 45 300
196 44 300
196 43 300
196 42 300
