67 101 300
66 101 300
66 101 300
65 101 300
65 101 300
64 101 300
64 101 300
63 101 300
63 101 300
63 101 300
62 101 300
62 101 300
62 101 300
61 101 300
61 101 300
61 101 300
60 101 300
60 101 300
60 101 300
59 101 300
59 101 300
59 101 300
58 101 300
58 101 300
58 101 300
58 101 300
57 101 300
57 101 300
57 101 300
57 101 300
56 101 300
56 101 300
56 101 300
56 101 300
55 101 300
55 101 300
55 101 300
55 101 300
54 101 300
54 101 300
54 101 300
54 101 300
53 101 300
53 101 300
53 101 300
53 101 300
52 101 300
52 101 300
52 101 300
52 101 300
51 101 300
51 101 300
51 101 300
51 101 300
50 101 300
50 101 300
50 101 300
50 101 300
49 101 300
49 101 300
49 101 300
49 101 300
48 101 300
48 101 300
48 101 300
48 101 300
47 101 300
47 101 300
47 101 300
46 101 300
46 101 300
46 101 300
45 101 300
45 101 300
45 101 300
44 101 300
44 101 300
44 101 300
43 101 300
43 101 300
43 101 300
42 101 300
42 101 300
41 101 300
41 101 300
40 101 300
40 101 300
39 101 300
39 101 300
38 101 300
37 101 300
36 101 300
35 101 300
34 101 300
33 101 300
32 101 300
31 101 300
30 101 300
29 101 300
28 101 300
27 101 300
26 101 300
25 101 300
24 101 300
23 101 300
22 101 300
21 101 300
20 101 300
19 101 300
18 101 300
17 101 300
16 101 300
15 101 300
14 101 300
14 101 300
13 101 300
13 101 300
13 101 300
12 101 300
12 101 300
12 101 300
12 101 300
11 101 300
11 101 300
11 101 300
11 101 300
11 101 300
10 101 300
10 101 300
10 101 300
10 101 300
10 101 300
10 101 300
9 101 300
9 101 300
9 101 300
9 101 300
9 101 300
9 101 300
9 101 300
8 101 300
8 101 300
8 101 300
8 101 300
8 101 300
8 101 300
8 101 300
8 101 300
7 101 300
7 101 300
7 101 300
7 101 300
7 101 300
7 101 300
7 101 300
7 101 300
6 101 300
6 101 300
6 101 300
6 101 300
6 101 300
6 101 300
6 101 300
6 101 300
5 101 300
5 101 300
5 101 300
5 101 300
5 101 300
5 101 300
5 101 300
5 101 300
5 101 300
4 101 300
4 101 300
4 101 300
4 101 300
4 101 300
4 101 300
4 101 300
4 101 300
4 101 300
3 101 300
3 101 300
3 101 300
3 101 300
3 101 300
3 101 300
3 101 300
3 101 300
3 101 300
2 101 300
2 101 300
2 101 300
2 101 300
2 101 300
2 101 300
2 101 300
2 101 300
2 101 300
2 101 300
2 102 300
2 102 300
2 102 300
2 102 300
2 102 300
2 102 300
2 102 300
2 102 300
2 102 300
2 102 300
2 103 300
2 103 300
2 103 300
2 103 300
2 103 300
2 103 300
2 103 300
2 103 300
2 103 300
2 103 300
2 103 300
2 104 300
2 104 300
2 104 300
2 104 300
2 104 300
2 104 300
2 104 300
2 104 300
2 104 300
2 104 300
2 104 300
2 104 300
2 105 300
2 105 300
2 105 300
2 105 300
2 105 300
2 105 300
2 105 300
2 105 300
2 105 300
2 105 300
2 105 300
2 105 300
2 106 300
2 106 300
2 106 300
2 106 300
2 106 300
2 106 300
2 106 300
2 106 300
2 106 300
2 106 300
2 106 300
2 106 300
2 106 300
2 107 300
2 107 300
2 107 300
2 107 300
2 107 300
2 107 300
2 107 300
2 107 300
2 107 300
2 107 300
2 107 300
2 107 300
2 107 300
2 108 300
2 108 300
2 108 300
2 108 300
2 108 300
2 108 300
2 108 300
2 108 300
2 108 300
2 108 300
2 108 300
2 108 300
2 109 300
2 109 300
2 109 300
2 109 300
2 109 300
2 109 300
2 109 300
2 109 300
2 109 300
2 109 300
2 109 300
2 109 300
2 110 300
2 110 300
2 110 300
2 110 300
2 110 300
2 110 300
2 110 300
2 110 300
2 110 300
2 110 300
2 110 300
2 111 300
2 111 300
2 111 300
2 111 300
2 111 300
2 111 300
2 111 300
2 111 300
2 111 300
2 111 300
2 112 300
2 112 300
2 112 300
2 112 300
2 112 300
2 112 300
2 112 300
2 112 300
2 112 300
2 113 300
2 113 300
2 113 300
2 113 300
2 113 300
2 113 300
2 113 300
2 113 300
2 114 300
2 114 300
2 114 300
2 114 300
2 114 300
2 114 300
2 114 300
2 115 300
2 115 300
2 115 300
2 115 300
2 115 300
2 115 300
2 115 300
2 116 300
2 116 300
2 116 300
2 116 300
2 116 300
2 116 300
2 117 300
2 117 300
2 117 300
2 117 300
2 117 300
2 118 300
2 118 300
2 118 300
2 118 300
2 118 300
2 119 300
2 119 300
2 119 300
2 119 300
2 120 300
2 120 300
2 120 300
2 120 300
2 121 300
2 121 300
2 121 300
2 122 300
2 122 300
2 123 300
2 123 300
2 124 300
2 125 300
2 126 300
2 127 300
2 128 300
2 129 300
2 130 300
2 131 300
2 132 300
2 133 300
2 134 300
2 135 300
2 136 300
68 101 300
69 101 300
70 101 300
71 101 300
72 101 300
73 101 300
74 101 300
75 101 300
76 101 300
77 101 300
78 101 300
79 101 300
80 101 300
81 101 300
82 101 300
83 101 300
84 101 300
85 101 300
86 101 300
87 101 300
88 101 300
89 101 300
90 101 300
91 101 300
92 101 300
93 101 300
94 101 300
95 101 300
96 101 300
97 101 300
98 101 300
99 101 300
100 101 300
101 101 300
102 101 300
103 101 300
104 101 300
105 101 300
106 101 300
107 101 300
108 101 300
109 101 300
110 101 300
111 101 300
112 101 300
113 101 300
114 101 300
115 101 300
116 101 300
117 101 300
118 101 300
119 101 300
120 101 300
121 101 300
122 101 300
123 101 300
124 101 300
125 101 300
126 101 300
126 101 300
127 101 300
127 101 300
128 101 300
128 101 300
129 101 300
129 101 300
130 101 300
130 101 300
131 101 300
131 101 300
132 101 300
133 101 300
134 101 300
135 101 300
136 101 300
137 101 300
138 101 300
139 101 300
140 101 300
141 101 300
141 101 300
142 101 300
142 101 300
143 101 300
143 101 300
144 101 300
144 101 300
145 101 300
145 101 300
145 101 300
146 101 300
146 101 300
146 101 300
147 101 300
147 101 300
147 101 300
147 100 300
147 100 300
147 100 300
147 99 300
147 99 300
147 99 300
147 98 300
147 98 300
147 98 300
147 97 300
147 97 300
147 97 300
147 96 300
147 96 300
147 96 300
147 95 300
147 95 300
147 95 300
147 94 300
147 94 300
147 93 300
147 93 300
147 92 300
147 92 300
147 91 300
147 91 300
147 90 300
147 89 300
147 88 300
147 87 300
147 86 300
147 85 300
147 84 300
147 83 300
147 82 300
147 81 300
147 80 300
146 80 300
145 80 300
144 80 300
143 80 300
142 80 300
141 80 300
140 80 300
139 80 300
138 80 300
137 80 300
137 80 300
136 80 300
136 80 300
135 80 300
135 80 300
134 80 300
134 80 300
134 80 300
133 80 300
133 80 300
133 80 300
132 80 300
132 80 300
132 80 300
131 80 300
131 80 300
131 80 300
130 80 300
130 80 300
130 80 300
129 80 300
129 80 300
129 80 300
128 80 300
128 80 300
128 80 300
127 80 300
127 80 300
127 80 300
126 80 300
126 80 300
126 80 300
125 80 300
125 80 300
124 80 300
124 80 300
123 80 300
123 80 300
122 80 300
122 80 300
122 79 300
122 79 300
122 78 300
122 78 300
122 77 300
122 77 300
122 76 300
122 76 300
122 75 300
122 75 300
122 74 300
122 74 300
122 73 300
122 73 300
122 72 300
122 72 300
122 71 300
122 71 300
122 70 300
122 70 300
122 69 300
122 69 300
122 68 300
122 68 300
122 67 300
122 67 300
122 66 300
122 66 300
122 65 300
122 65 300
122 64 300
122 64 300
122 64 300
122 63 300
122 63 300
122 63 300
122 63 300
122 62 300
122 62 300
122 62 300
122 62 300
122 61 300
122 61 300
122 61 300
122 61 300
122 61 300
122 60 300
122 60 300
122 60 300
122 60 300
122 60 300
122 59 300
122 59 300
122 59 300
122 59 300
122 59 300
122 59 300
122 58 300
122 58 300
122 58 300
122 58 300
122 58 300
122 58 300
122 58 300
122 57 300
122 57 300
122 57 300
122 57 300
122 57 300
122 57 300
122 57 300
122 56 300
122 56 300
122 56 300
122 56 300
122 56 300
122 56 300
122 56 300
122 56 300
122 55 300
122 55 300
122 55 300
122 55 300
122 55 300
122 55 300
122 55 300
122 55 300
122 55 300
122 54 300
122 54 300
122 54 300
122 54 300
122 54 300
122 54 300
122 54 300
122 54 300
122 54 300
122 54 300
122 53 300
122 53 300
122 53 300
122 53 300
122 53 300
122 53 300
122 53 300
122 53 300
122 53 300
122 53 300
122 53 300
122 52 300
122 52 300
122 52 300
122 52 300
122 52 300
122 52 300
122 52 300
122 52 300
122 52 300
122 52 300
122 52 300
122 52 300
122 51 300
122 51 300
122 51 300
122 51 300
122 51 300
122 51 300
122 51 300
122 51 300
122 51 300
122 51 300
122 51 300
122 51 300
122 51 300
122 50 300
122 50 300
122 50 300
122 50 300
122 50 300
122 50 300
122 50 300
122 50 300
122 50 300
122 50 300
122 50 300
122 50 300
122 50 300
122 50 300
122 49 300
122 49 300
122 49 300
122 49 300
122 49 300
122 49 300
122 49 300
122 49 300
122 49 300
122 49 300
122 49 300
122 49 300
122 49 300
122 49 300
122 48 300
122 48 300
122 48 300
122 48 300
122 48 300
122 48 300
122 48 300
122 48 300
122 48 300
122 48 300
122 48 300
122 48 300
122 48 300
122 48 300
122 47 300
122 47 300
122 47 300
122 47 300
122 47 300
122 47 300
122 47 300
122 47 300
122 47 300
122 47 300
122 47 300
122 47 300
122 47 300
122 47 300
122 46 300
122 46 300
122 46 300
122 46 300
122 46 300
122 46 300
122 46 300
122 46 300
122 46 300
122 46 300
122 46 300
122 46 300
122 46 300
122 46 300
122 45 300
122 45 300
122 45 300
122 45 300
122 45 300
122 45 300
122 45 300
122 45 300
122 45 300
122 45 300
122 45 300
122 45 300
122 45 300
122 44 300
122 44 300
122 44 300
122 44 300
122 44 300
122 44 300
122 44 300
122 44 300
122 44 300
122 44 300
122 44 300
122 44 300
122 43 300
122 43 300
122 43 300
122 43 300
122 43 300
122 43 300
122 43 300
122 43 300
122 43 300
122 43 300
122 43 300
122 42 300
122 42 300
122 42 300
122 42 300
122 42 300
122 42 300
122 42 300
122 42 300
122 42 300
122 42 300
122 41 300
122 41 300
122 41 300
122 41 300
122 41 300
122 41 300
122 41 300
122 41 300
122 41 300
122 40 300
122 40 300
122 40 300
122 40 300
122 40 300
122 40 300
122 40 300
122 40 300
122 39 300
122 39 300
122 39 300
122 39 300
122 39 300
122 39 300
122 39 300
122 38 300
122 38 300
122 38 300
122 38 300
122 38 300
122 38 300
122 37 300
122 37 300
122 37 300
122 37 300
122 37 300
122 37 300
122 36 300
122 36 300
122 36 300
122 36 300
122 36 300
122 35 300
122 35 300
122 35 300
122 35 300
122 34 300
122 34 300
122 34 300
122 33 300
122 33 300
122 33 300
122 32 300
122 32 300
122 31 300
122 31 300
122 30 300
122 29 300
122 28 300
122 27 300
122 26 300
122 25 300
148 80 300
149 80 300
150 80 300
151 80 300
152 80 300
153 80 300
154 80 300
155 80 300
156 80 300
157 80 300
158 80 300
159 80 300
160 80 300
161 80 300
162 80 300
163 80 300
164 80 300
165 80 300
166 80 300
167 80 300
167 80 300
168 80 300
168 80 300
169 80 300
169 80 300
170 80 300
170 80 300
171 80 300
171 80 300
172 80 300
172 80 300
173 80 300
173 80 300
173 80 300
174 80 300
174 80 300
174 80 300
175 80 300
175 80 300
175 80 300
176 80 300
176 80 300
176 80 300
177 80 300
177 80 300
177 80 300
177 80 300
178 80 300
178 80 300
178 80 300
178 80 300
179 80 300
179 80 300
179 80 300
179 80 300
180 80 300
180 80 300
180 80 300
180 80 300
181 80 300
181 80 300
181 80 300
182 80 300
182 80 300
182 80 300
183 80 300
183 80 300
183 80 300
184 80 300
184 80 300
184 80 300
184 81 300
184 81 300
184 81 300
184 82 300
184 82 300
184 82 300
184 83 300
184 83 300
184 83 300
184 83 300
184 84 300
184 84 300
184 84 300
184 84 300
184 85 300
184 85 300
184 85 300
184 85 300
184 86 300
184 86 300
184 86 300
184 86 300
184 87 300
184 87 300
184 87 300
184 87 300
184 88 300
184 88 300
184 88 300
184 88 300
184 89 300
184 89 300
184 89 300
184 90 300
184 90 300
184 90 300
184 91 300
184 91 300
184 91 300
184 92 300
184 92 300
184 93 300
184 93 300
184 94 300
184 94 300
184 95 300
184 95 300
184 96 300
184 96 300
184 97 300
184 97 300
184 98 300
184 99 300
184 100 300
184 101 300
184 102 300
184 103 300
184 104 300
184 105 300
184 106 300
184 107 300
184 108 300
184 109 300
184 110 300
184 111 300
184 112 300
184 113 300
184 114 300
184 115 300
184 116 300
184 117 300
184 118 300
184 119 300
184 120 300
184 120 300
184 121 300
184 121 300
184 122 300
184 122 300
184 123 300
184 123 300
184 124 300
184 124 300
184 124 300
184 125 300
184 125 300
184 125 300
184 126 300
184 126 300
184 126 300
184 126 300
184 127 300
184 127 300
184 127 300
184 127 300
184 127 300
184 127 300
184 128 300
184 128 300
184 128 300
184 128 300
184 128 300
184 128 300
184 128 300
184 129 300
184 129 300
184 129 300
184 129 300
184 129 300
184 129 300
184 129 300
184 129 300
184 130 300
184 130 300
184 130 300
184 130 300
184 130 300
184 130 300
184 130 300
184 130 300
184 130 300
184 130 300
184 131 300
184 131 300
184 131 300
184 131 300
184 131 300
184 131 300
184 131 300
184 131 300
184 131 300
184 131 300
184 131 300
184 132 300
184 132 300
184 132 300
184 132 300
184 132 300
184 132 300
184 132 300
184 132 300
184 132 300
184 132 300
184 132 300
184 132 300
184 133 300
184 133 300
184 133 300
184 133 300
184 133 300
184 133 300
184 133 300
184 133 300
184 133 300
184 133 300
184 133 300
184 133 300
184 133 300
184 134 300
184 134 300
184 134 300
184 134 300
184 134 300
184 134 300
184 134 300
184 134 300
184 134 300
184 134 300
184 134 300
184 134 300
184 134 300
184 135 300
184 135 300
184 135 300
184 135 300
184 135 300
184 135 300
184 135 300
184 135 300
184 135 300
184 135 300
184 135 300
184 135 300
184 135 300
184 135 300
184 136 300
184 136 300
184 136 300
184 136 300
184 136 300
184 136 300
184 136 300
184 136 300
184 136 300
184 136 300
184 136 300
184 136 300
184 136 300
184 137 300
184 137 300
184 137 300
184 137 300
184 137 300
184 137 300
184 137 300
184 137 300
184 137 300
184 137 300
184 137 300
184 137 300
184 137 300
184 138 300
184 138 300
184 138 300
184 138 300
184 138 300
184 138 300
184 138 300
184 138 300
184 138 300
184 138 300
184 138 300
184 138 300
184 139 300
184 139 300
184 139 300
184 139 300
184 139 300
184 139 300
184 139 300
184 139 300
184 139 300
184 139 300
184 139 300
184 139 300
184 140 300
184 140 300
184 140 300
184 140 300
184 140 300
184 140 300
184 140 300
184 140 300
184 140 300
184 140 300
184 140 300
184 141 300
184 141 300
184 141 300
184 141 300
184 141 300
184 141 300
184 141 300
184 141 300
184 141 300
184 141 300
184 142 300
184 142 300
184 142 300
184 142 300
184 142 300
184 142 300
184 142 300
184 142 300
184 143 300
184 143 300
184 143 300
184 143 300
184 143 300
184 143 300
184 143 300
184 144 300
184 144 300
184 144 300
184 144 300
184 144 300
184 144 300
184 145 300
184 145 300
184 145 300
184 145 300
184 145 300
184 146 300
184 146 300
184 146 300
184 146 300
184 147 300
184 147 300
184 147 300
184 147 300
184 148 300
184 148 300
184 148 300
184 148 300
184 149 300
184 149 300
184 149 300
184 149 300
184 150 300
184 150 300
184 150 300
184 151 300
184 151 300
184 151 300
184 152 300
184 152 300
184 152 300
184 153 300
184 153 300
184 153 300
184 154 300
184 154 300
184 155 300
184 155 300
184 156 300
184 156 300
184 157 300
184 157 300
184 158 300
184 158 300
184 159 300
184 160 300
184 161 300
184 161 300
184 162 300
184 162 300
184 163 300
184 163 300
184 164 300
184 164 300
184 165 300
184 165 300
184 165 300
184 166 300
184 166 300
184 166 300
184 167 300
184 167 300
184 167 300
184 167 300
184 168 300
184 168 300
184 168 300
184 168 300
184 168 300
184 169 300
184 169 300
184 169 300
184 169 300
184 169 300
184 170 300
184 170 300
184 170 300
184 170 300
184 170 300
184 171 300
184 171 300
184 171 300
184 171 300
184 171 300
184 172 300
184 172 300
184 172 300
184 172 300
184 172 300
184 173 300
184 173 300
184 173 300
184 173 300
184 173 300
184 174 300
184 174 300
184 174 300
184 174 300
184 175 300
184 175 300
184 175 300
184 175 300
184 176 300
184 176 300
184 176 300
184 176 300
184 177 300
184 177 300
184 177 300
184 178 300
184 178 300
184 178 300
184 179 300
184 179 300
184 179 300
184 180 300
184 180 300
184 181 300
184 181 300
184 182 300
184 182 300
184 183 300
184 184 300
184 185 300
184 186 300
184 187 300
184 188 300
