69 63 120
70 63 120
71 63 120
72 63 120
73 63 120
74 63 120
75 63 120
76 63 120
77 63 120
78 63 120
79 63 120
80 63 120
81 63 120
82 63 120
83 63 120
84 63 120
84 63 120
85 63 120
85 63 120
86 63 120
86 63 120
87 63 120
87 63 120
87 63 120
88 63 120
88 63 120
88 63 120
89 63 120
89 63 120
89 63 120
90 63 120
90 63 120
90 63 120
90 63 120
91 63 120
91 63 120
91 63 120
91 63 120
92 63 120
92 63 120
92 63 120
93 63 120
93 63 120
93 63 120
94 63 120
94 63 120
94 63 120
95 63 120
95 63 120
95 63 120
96 63 120
96 63 120
97 63 120
97 63 120
98 63 120
98 63 120
99 63 120
99 63 120
100 63 120
100 63 120
101 63 120
101 63 120
102 63 120
102 63 120
103 63 120
103 63 120
104 63 120
104 63 120
105 63 120
106 63 120
107 63 120
108 63 120
109 63 120
110 63 120
111 63 120
112 63 120
113 63 120
114 63 120
115 63 120
116 63 120
117 63 120
118 63 120
119 63 120
120 63 120
121 63 120
122 63 120
123 63 120
124 63 120
125 63 120
126 63 120
127 63 120
128 63 120
129 63 120
130 63 120
131 63 120
132 63 120
133 63 120
134 63 120
135 63 120
136 63 120
137 63 120
138 63 120
139 63 120
140 63 120
141 63 120
142 63 120
143 63 120
144 63 120
145 63 120
146 63 120
146 63 120
147 63 120
147 63 120
148 63 120
148 63 120
148 63 120
149 63 120
149 63 120
149 63 120
149 63 120
150 63 120
150 63 120
150 63 120
150 63 120
150 63 120
151 63 120
151 63 120
151 63 120
151 63 120
151 63 120
151 63 120
152 63 120
152 63 120
152 63 120
152 63 120
152 63 120
152 63 120
152 63 120
153 63 120
153 63 120
153 63 120
153 63 120
153 63 120
153 63 120
153 63 120
153 63 120
154 63 120
154 63 120
154 63 120
154 63 120
154 63 120
154 63 120
154 63 120
154 63 120
154 63 120
155 63 120
155 63 120
155 63 120
155 63 120
155 63 120
155 63 120
155 63 120
155 63 120
155 63 120
156 63 120
156 63 120
156 63 120
156 63 120
156 63 120
156 63 120
156 63 120
156 63 120
156 63 120
157 63 120
157 63 120
157 63 120
157 63 120
157 63 120
157 63 120
157 63 120
157 63 120
158 63 120
158 63 120
158 63 120
158 63 120
158 63 120
158 63 120
158 63 120
158 63 120
159 63 120
159 63 120
159 63 120
159 63 120
159 63 120
159 63 120
159 63 120
160 63 120
160 63 120
160 63 120
160 63 120
160 63 120
160 63 120
160 63 120
161 63 120
161 63 120
161 63 120
161 63 120
161 63 120
161 63 120
162 63 120
162 63 120
162 63 120
162 63 120
162 63 120
163 63 120
163 63 120
163 63 120
163 63 120
164 63 120
164 63 120
164 63 120
165 63 120
165 63 120
165 63 120
166 63 120
166 63 120
167 63 120
167 63 120
168 63 120
169 63 120
170 63 120
171 63 120
172 63 120
173 63 120
174 63 120
175 63 120
176 63 120
177 63 120
178 63 120
179 63 120
180 63 120
181 63 120
182 63 120
182 63 120
182 62 120
182 62 120
182 61 120
182 60 120
182 59 120
182 58 120
182 57 120
182 56 120
182 55 120
182 54 120
182 53 120
182 52 120
182 51 120
182 50 120
182 49 120
182 48 120
182 47 120
182 46 120
182 45 120
182 44 120
182 43 120
182 42 120
182 41 120
182 40 120
182 39 120
182 38 120
182 37 120
182 36 120
182 35 120
182 34 120
182 33 120
182 32 120
182 31 120
182 30 120
182 29 120
182 28 120
182 27 120
182 26 120
182 25 120
182 24 120
182 23 120
182 22 120
182 21 120
182 20 120
182 19 120
182 18 120
182 17 120
182 16 120
182 15 120
182 14 120
182 13 120
182 12 120
182 11 120
182 10 120
182 9 120
182 8 120
182 7 120
182 6 120
182 5 120
182 4 120
182 3 120
182 2 120
182 1 120
68 63 120
67 63 120
66 63 120
65 63 120
64 63 120
63 63 120
62 63 120
62 63 120
61 63 120
61 63 120
60 63 120
60 63 120
60 63 120
60 63 120
59 63 120
59 63 120
59 63 120
59 63 120
59 63 120
59 63 120
59 63 120
58 63 120
58 63 120
58 63 120
58 63 120
58 63 120
58 63 120
58 63 120
58 63 120
58 63 120
58 63 120
57 63 120
57 63 120
57 63 120
57 63 120
57 63 120
57 63 120
57 63 120
57 63 120
57 63 120
57 63 120
57 63 120
57 63 120
57 63 120
57 63 120
57 63 120
56 63 120
56 63 120
56 63 120
56 63 120
56 63 120
56 63 120
56 63 120
56 63 120
56 63 120
56 63 120
56 63 120
56 63 120
56 63 120
56 63 120
56 63 120
56 63 120
56 63 120
56 63 120
56 63 120
56 63 120
55 63 120
55 63 120
55 63 120
55 63 120
55 63 120
55 63 120
55 63 120
55 63 120
55 63 120
55 63 120
55 63 120
55 63 120
55 63 120
55 63 120
55 63 120
55 63 120
55 63 120
55 63 120
55 63 120
55 63 120
55 63 120
55 63 120
55 63 120
55 63 120
55 63 120
54 63 120
54 63 120
54 63 120
54 63 120
54 63 120
54 63 120
54 63 120
54 63 120
54 63 120
54 63 120
54 63 120
54 63 120
54 63 120
54 63 120
54 63 120
54 63 120
54 63 120
54 63 120
54 63 120
54 63 120
54 63 120
54 63 120
54 63 120
54 63 120
54 63 120
54 63 120
54 63 120
54 63 120
54 63 120
53 63 120
53 63 120
53 63 120
53 63 120
53 63 120
53 63 120
53 63 120
53 63 120
53 63 120
53 63 120
53 63 120
53 63 120
53 63 120
53 63 120
53 63 120
53 63 120
53 63 120
53 63 120
53 63 120
53 63 120
53 63 120
53 63 120
53 63 120
53 63 120
53 63 120
53 63 120
53 63 120
53 63 120
53 63 120
53 63 120
53 63 120
53 63 120
52 63 120
52 63 120
52 63 120
52 63 120
52 63 120
52 63 120
52 63 120
52 63 120
52 63 120
52 63 120
52 63 120
52 63 120
52 63 120
52 63 120
52 63 120
52 63 120
52 63 120
52 63 120
52 63 120
52 63 120
52 63 120
52 63 120
52 63 120
52 63 120
52 63 120
52 63 120
52 63 120
52 63 120
52 63 120
52 63 120
52 63 120
52 63 120
52 63 120
52 63 120
51 63 120
51 63 120
51 63 120
51 63 120
51 63 120
51 63 120
51 63 120
51 63 120
51 63 120
51 63 120
51 63 120
51 63 120
51 63 120
51 63 120
51 63 120
51 63 120
51 63 120
51 63 120
51 63 120
51 63 120
51 63 120
51 63 120
51 63 120
51 63 120
51 63 120
51 63 120
51 63 120
51 63 120
51 63 120
51 63 120
51 63 120
51 63 120
51 63 120
51 63 120
51 63 120
51 63 120
50 63 120
50 63 120
50 63 120
50 63 120
50 63 120
50 63 120
50 63 120
50 63 120
50 63 120
50 63 120
50 63 120
50 63 120
50 63 120
50 63 120
50 63 120
50 63 120
50 63 120
50 63 120
50 63 120
50 63 120
50 63 120
50 63 120
50 63 120
50 63 120
50 63 120
50 63 120
50 63 120
50 63 120
50 63 120
50 63 120
50 63 120
50 63 120
50 63 120
50 63 120
50 63 120
50 63 120
49 63 120
49 63 120
49 63 120
49 63 120
49 63 120
49 63 120
49 63 120
49 63 120
49 63 120
49 63 120
49 63 120
49 63 120
49 63 120
49 63 120
49 63 120
49 63 120
49 63 120
49 63 120
49 63 120
49 63 120
49 63 120
49 63 120
49 63 120
49 63 120
49 63 120
49 63 120
49 63 120
49 63 120
49 63 120
49 63 120
49 63 120
49 63 120
49 63 120
49 63 120
49 63 120
49 63 120
48 63 120
48 63 120
48 63 120
48 63 120
48 63 120
48 63 120
48 63 120
48 63 120
48 63 120
48 63 120
48 63 120
48 63 120
48 63 120
48 63 120
48 63 120
48 63 120
48 63 120
48 63 120
48 63 120
48 63 120
48 63 120
48 63 120
48 63 120
48 63 120
48 63 120
48 63 120
48 63 120
48 63 120
48 63 120
48 63 120
48 63 120
48 63 120
48 63 120
48 63 120
48 63 120
48 63 120
47 63 120
47 63 120
47 63 120
47 63 120
47 63 120
47 63 120
47 63 120
47 63 120
47 63 120
47 63 120
47 63 120
47 63 120
47 63 120
47 63 120
47 63 120
47 63 120
47 63 120
47 63 120
47 63 120
47 63 120
47 63 120
47 63 120
47 63 120
47 63 120
47 63 120
47 63 120
47 63 120
47 63 120
47 63 120
47 63 120
47 63 120
47 63 120
47 63 120
47 63 120
47 63 120
46 63 120
46 63 120
46 63 120
46 63 120
46 63 120
46 63 120
46 63 120
46 63 120
46 63 120
46 63 120
46 63 120
46 63 120
46 63 120
46 63 120
46 63 120
46 63 120
46 63 120
46 63 120
46 63 120
46 63 120
46 63 120
46 63 120
46 63 120
46 63 120
46 63 120
46 63 120
46 63 120
46 63 120
46 63 120
46 63 120
46 63 120
46 63 120
46 63 120
45 63 120
45 63 120
45 63 120
45 63 120
45 63 120
45 63 120
45 63 120
45 63 120
45 63 120
45 63 120
45 63 120
45 63 120
45 63 120
45 63 120
45 63 120
45 63 120
45 63 120
45 63 120
45 63 120
45 63 120
45 63 120
45 63 120
45 63 120
45 63 120
45 63 120
45 63 120
45 63 120
45 63 120
45 63 120
45 63 120
45 63 120
44 63 120
44 63 120
44 63 120
44 63 120
44 63 120
44 63 120
44 63 120
44 63 120
44 63 120
44 63 120
44 63 120
44 63 120
44 63 120
44 63 120
44 63 120
44 63 120
44 63 120
44 63 120
44 63 120
44 63 120
44 63 120
44 63 120
44 63 120
44 63 120
44 63 120
44 63 120
44 63 120
44 63 120
44 63 120
43 63 120
43 63 120
43 63 120
43 63 120
43 63 120
43 63 120
43 63 120
43 63 120
43 63 120
43 63 120
43 63 120
43 63 120
43 63 120
43 63 120
43 63 120
43 63 120
43 63 120
43 63 120
43 63 120
43 63 120
43 63 120
43 63 120
43 63 120
43 63 120
43 63 120
43 63 120
43 63 120
42 63 120
42 63 120
42 63 120
42 63 120
42 63 120
42 63 120
42 63 120
42 63 120
42 63 120
42 63 120
42 63 120
42 63 120
42 63 120
42 63 120
42 63 120
42 63 120
42 63 120
42 63 120
42 63 120
42 63 120
42 63 120
42 63 120
42 63 120
42 63 120
42 63 120
41 63 120
41 63 120
41 63 120
41 63 120
41 63 120
41 63 120
41 63 120
41 63 120
41 63 120
41 63 120
41 63 120
41 63 120
41 63 120
41 63 120
41 63 120
41 63 120
41 63 120
41 63 120
41 63 120
41 63 120
41 63 120
41 63 120
41 63 120
40 63 120
40 63 120
40 63 120
40 63 120
40 63 120
40 63 120
40 63 120
40 63 120
40 63 120
40 63 120
40 63 120
40 63 120
40 63 120
40 63 120
40 63 120
40 63 120
40 63 120
40 63 120
40 63 120
40 63 120
39 63 120
39 63 120
39 63 120
39 63 120
39 63 120
39 63 120
39 63 120
39 63 120
39 63 120
39 63 120
39 63 120
39 63 120
39 63 120
39 63 120
39 63 120
39 63 120
39 63 120
39 63 120
38 63 120
38 63 120
38 63 120
38 63 120
38 63 120
38 63 120
38 63 120
38 63 120
38 63 120
38 63 120
38 63 120
38 63 120
38 63 120
38 63 120
38 63 120
37 63 120
37 63 120
37 63 120
37 63 120
37 63 120
37 63 120
37 63 120
37 63 120
37 63 120
37 63 120
37 63 120
37 63 120
37 63 120
37 62 120
37 62 120
37 62 120
37 62 120
37 62 120
37 62 120
37 62 120
37 62 120
37 62 120
37 62 120
37 62 120
37 61 120
37 61 120
37 61 120
37 61 120
37 61 120
37 61 120
37 61 120
37 61 120
37 61 120
37 61 120
37 60 120
37 60 120
37 60 120
37 60 120
37 60 120
37 60 120
37 60 120
37 60 120
37 59 120
37 59 120
37 59 120
37 59 120
37 59 120
37 59 120
37 58 120
37 58 120
37 58 120
37 58 120
37 58 120
37 57 120
37 57 120
37 57 120
37 56 120
37 56 120
37 55 120
37 55 120
37 54 120
37 53 120
37 52 120
37 51 120
37 50 120
37 49 120
37 48 120
37 47 120
37 46 120
37 45 120
37 44 120
37 43 120
37 42 120
37 41 120
37 40 120
37 39 120
37 38 120
37 37 120
37 36 120
36 36 120
35 36 120
34 36 120
33 36 120
32 36 120
31 36 120
30 36 120
29 36 120
28 36 120
27 36 120
26 36 120
25 36 120
24 36 120
23 36 120
22 36 120
22 36 120
22 37 120
22 38 120
22 39 120
22 40 120
22 41 120
22 42 120
22 43 120
22 44 120
22 45 120
22 46 120
22 47 120
22 48 120
22 49 120
22 50 120
22 51 120
22 52 120
22 53 120
22 54 120
22 55 120
22 56 120
22 57 120
22 58 120
22 59 120
22 60 120
22 61 120
22 62 120
22 63 120
22 64 120
22 65 120
22 66 120
22 67 120
22 68 120
22 69 120
22 70 120
22 71 120
22 72 120
22 73 120
22 74 120
22 75 120
22 76 120
22 77 120
22 78 120
22 79 120
22 80 120
22 81 120
22 82 120
22 83 120
22 84 120
22 85 120
22 86 120
22 87 120
22 88 120
22 89 120
21 89 120
20 89 120
19 89 120
18 89 120
17 89 120
16 89 120
15 89 120
14 89 120
13 89 120
12 89 120
11 89 120
10 89 120
9 89 120
9 90 120
9 91 120
9 92 120
9 93 120
9 94 120
9 95 120
9 96 120
9 97 120
9 98 120
9 99 120
9 100 120
9 101 120
9 102 120
9 103 120
9 104 120
9 105 120
9 106 120
9 107 120
9 108 120
9 109 120
9 110 120
9 111 120
9 112 120
9 113 120
9 114 120
9 115 120
9 115 120
9 116 120
9 116 120
9 117 120
9 117 120
9 117 120
9 118 120
9 118 120
9 118 120
9 118 120
9 118 120
9 119 120
9 119 120
9 119 120
9 119 120
9 119 120
9 119 120
9 120 120
9 120 120
9 120 120
9 120 120
9 120 120
9 120 120
9 120 120
9 120 120
9 121 120
9 121 120
9 121 120
9 121 120
9 121 120
9 121 120
9 121 120
9 121 120
9 121 120
9 121 120
9 121 120
9 122 120
9 122 120
9 122 120
9 122 120
9 122 120
9 122 120
9 122 120
9 122 120
9 122 120
9 122 120
9 122 120
9 122 120
9 122 120
9 123 120
9 123 120
9 123 120
9 123 120
9 123 120
9 123 120
9 123 120
9 123 120
9 123 120
9 123 120
9 123 120
9 123 120
9 123 120
9 123 120
9 123 120
9 124 120
9 124 120
9 124 120
9 124 120
9 124 120
9 124 120
9 124 120
9 124 120
9 124 120
9 124 120
9 124 120
9 124 120
9 124 120
9 124 120
9 124 120
9 124 120
9 124 120
9 125 120
9 125 120
9 125 120
9 125 120
9 125 120
9 125 120
9 125 120
9 125 120
9 125 120
9 125 120
9 125 120
9 125 120
9 125 120
9 125 120
9 125 120
9 125 120
9 125 120
9 125 120
9 126 120
9 126 120
9 126 120
9 126 120
9 126 120
9 126 120
9 126 120
9 126 120
9 126 120
9 126 120
9 126 120
9 126 120
9 126 120
9 126 120
9 126 120
9 126 120
9 126 120
9 126 120
9 126 120
9 127 120
9 127 120
9 127 120
9 127 120
9 127 120
9 127 120
9 127 120
9 127 120
9 127 120
9 127 120
9 127 120
9 127 120
9 127 120
9 127 120
9 127 120
9 127 120
9 127 120
9 127 120
9 127 120
9 128 120
9 128 120
9 128 120
9 128 120
9 128 120
9 128 120
9 128 120
9 128 120
9 128 120
9 128 120
9 128 120
9 128 120
9 128 120
9 128 120
9 128 120
9 128 120
9 128 120
9 128 120
9 129 120
9 129 120
9 129 120
9 129 120
9 129 120
9 129 120
9 129 120
9 129 120
9 129 120
9 129 120
9 129 120
9 129 120
9 129 120
9 129 120
9 129 120
9 129 120
9 129 120
9 130 120
9 130 120
9 130 120
9 130 120
9 130 120
9 130 120
9 130 120
9 130 120
9 130 120
9 130 120
9 130 120
9 130 120
9 130 120
9 130 120
9 130 120
9 131 120
9 131 120
9 131 120
9 131 120
9 131 120
9 131 120
9 131 120
9 131 120
9 131 120
9 131 120
9 131 120
9 131 120
9 131 120
9 132 120
9 132 120
9 132 120
9 132 120
9 132 120
9 132 120
9 132 120
9 132 120
9 132 120
9 132 120
9 133 120
9 133 120
9 133 120
9 133 120
9 133 120
9 133 120
9 133 120
9 133 120
9 134 120
9 134 120
9 134 120
9 134 120
9 134 120
9 134 120
9 135 120
9 135 120
9 135 120
9 135 120
9 135 120
9 136 120
9 136 120
9 136 120
9 136 120
9 137 120
9 137 120
9 137 120
9 138 120
9 138 120
9 138 120
9 139 120
9 139 120
9 140 120
9 140 120
9 141 120
9 141 120
9 142 120
9 143 120
9 144 120
9 145 120
9 146 120
9 147 120
9 148 120
9 149 120
9 150 120
9 151 120
9 152 120
9 153 120
9 154 120
9 154 120
9 155 120
9 155 120
9 156 120
9 156 120
9 156 120
9 157 120
9 157 120
9 157 120
9 157 120
9 158 120
9 158 120
9 158 120
9 158 120
9 158 120
9 159 120
9 159 120
9 159 120
9 159 120
9 159 120
9 159 120
9 159 120
9 160 120
9 160 120
9 160 120
9 160 120
9 160 120
9 160 120
9 160 120
9 160 120
9 160 120
9 161 120
9 161 120
9 161 120
9 161 120
9 161 120
9 161 120
9 161 120
9 161 120
9 161 120
9 161 120
9 161 120
9 162 120
9 162 120
9 162 120
9 162 120
9 162 120
9 162 120
9 162 120
9 162 120
9 162 120
9 162 120
9 162 120
9 162 120
9 163 120
9 163 120
9 163 120
9 163 120
9 163 120
9 163 120
9 163 120
9 163 120
9 163 120
9 163 120
9 163 120
9 163 120
9 163 120
9 164 120
9 164 120
9 164 120
9 164 120
9 164 120
9 164 120
9 164 120
9 164 120
9 164 120
9 164 120
9 164 120
9 164 120
9 164 120
9 164 120
9 165 120
9 165 120
9 165 120
9 165 120
9 165 120
9 165 120
9 165 120
9 165 120
9 165 120
9 165 120
9 165 120
9 165 120
9 165 120
9 165 120
9 166 120
9 166 120
9 166 120
9 166 120
9 166 120
9 166 120
9 166 120
9 166 120
9 166 120
9 166 120
9 166 120
9 166 120
9 166 120
9 166 120
9 167 120
9 167 120
9 167 120
9 167 120
9 167 120
9 167 120
9 167 120
9 167 120
9 167 120
9 167 120
9 167 120
9 167 120
9 167 120
9 168 120
9 168 120
9 168 120
9 168 120
9 168 120
9 168 120
9 168 120
9 168 120
9 168 120
9 168 120
9 168 120
9 168 120
9 169 120
9 169 120
9 169 120
9 169 120
9 169 120
9 169 120
9 169 120
9 169 120
9 169 120
9 169 120
9 169 120
9 170 120
9 170 120
9 170 120
9 170 120
9 170 120
9 170 120
9 170 120
9 170 120
9 170 120
9 171 120
9 171 120
9 171 120
9 171 120
9 171 120
9 171 120
9 171 120
9 171 120
9 172 120
9 172 120
9 172 120
9 172 120
9 172 120
9 172 120
9 172 120
9 173 120
9 173 120
9 173 120
9 173 120
9 173 120
9 173 120
9 174 120
9 174 120
9 174 120
9 174 120
9 174 120
9 175 120
9 175 120
9 175 120
9 175 120
9 176 120
9 176 120
9 176 120
9 177 120
9 177 120
9 177 120
9 178 120
9 178 120
9 179 120
9 179 120
9 180 120
9 181 120
9 182 120
9 183 120
9 184 120
9 185 120
10 185 120
11 185 120
12 185 120
13 185 120
14 185 120
15 185 120
16 185 120
17 185 120
18 185 120
19 185 120
20 185 120
21 185 120
22 185 120
23 185 120
24 185 120
25 185 120
26 185 120
27 185 120
28 185 120
29 185 120
30 185 120
31 185 120
32 185 120
32 185 120
33 185 120
33 185 120
34 185 120
34 185 120
35 185 120
35 185 120
35 185 120
36 185 120
36 185 120
36 185 120
37 185 120
37 185 120
37 185 120
37 185 120
38 185 120
38 185 120
38 185 120
38 185 120
39 185 120
39 185 120
39 185 120
39 185 120
40 185 120
40 185 120
40 185 120
41 185 120
41 185 120
41 185 120
42 185 120
42 185 120
42 185 120
43 185 120
43 185 120
43 185 120
44 185 120
44 185 120
45 185 120
45 185 120
46 185 120
46 185 120
47 185 120
47 185 120
48 185 120
48 185 120
49 185 120
49 185 120
49 185 120
50 185 120
50 185 120
50 185 120
51 185 120
51 185 120
51 185 120
51 185 120
52 185 120
52 185 120
52 185 120
52 185 120
52 185 120
52 185 120
53 185 120
53 185 120
53 185 120
53 185 120
53 185 120
53 185 120
53 185 120
53 185 120
54 185 120
54 185 120
54 185 120
54 185 120
54 185 120
54 185 120
54 185 120
54 185 120
54 185 120
54 185 120
54 185 120
55 185 120
55 185 120
55 185 120
55 185 120
55 185 120
55 185 120
55 185 120
55 185 120
55 185 120
55 185 120
55 185 120
55 185 120
55 185 120
55 185 120
55 185 120
56 185 120
56 185 120
56 185 120
56 185 120
56 185 120
56 185 120
56 185 120
56 185 120
56 185 120
56 185 120
56 185 120
56 185 120
56 185 120
56 185 120
56 185 120
56 185 120
56 185 120
56 185 120
56 185 120
56 185 120
57 185 120
57 185 120
57 185 120
57 185 120
57 185 120
57 185 120
57 185 120
57 185 120
57 185 120
57 185 120
57 185 120
57 185 120
57 185 120
57 185 120
57 185 120
57 185 120
57 185 120
57 185 120
57 185 120
57 185 120
57 185 120
57 185 120
57 185 120
57 185 120
58 185 120
58 185 120
58 185 120
58 185 120
58 185 120
58 185 120
58 185 120
58 185 120
58 185 120
58 185 120
58 185 120
58 185 120
58 185 120
58 185 120
58 185 120
58 185 120
58 185 120
58 185 120
58 185 120
58 185 120
58 185 120
58 185 120
58 185 120
58 185 120
58 185 120
58 185 120
58 185 120
58 185 120
59 185 120
59 185 120
59 185 120
59 185 120
59 185 120
59 185 120
59 185 120
59 185 120
59 185 120
59 185 120
59 185 120
59 185 120
59 185 120
59 185 120
59 185 120
59 185 120
59 185 120
59 185 120
59 185 120
59 185 120
59 185 120
59 185 120
59 185 120
59 185 120
59 185 120
59 185 120
59 185 120
59 185 120
59 185 120
59 185 120
59 185 120
59 185 120
60 185 120
60 185 120
60 185 120
60 185 120
60 185 120
60 185 120
60 185 120
60 185 120
60 185 120
60 185 120
60 185 120
60 185 120
60 185 120
60 185 120
60 185 120
60 185 120
60 185 120
60 185 120
60 185 120
60 185 120
60 185 120
60 185 120
60 185 120
60 185 120
60 185 120
60 185 120
60 185 120
60 185 120
60 185 120
60 185 120
60 185 120
60 185 120
60 185 120
60 185 120
60 185 120
61 185 120
61 185 120
61 185 120
61 185 120
61 185 120
61 185 120
61 185 120
61 185 120
61 185 120
61 185 120
61 185 120
61 185 120
61 185 120
61 185 120
61 185 120
61 185 120
61 185 120
61 185 120
61 185 120
61 185 120
61 185 120
61 185 120
61 185 120
61 185 120
61 185 120
61 185 120
61 185 120
61 185 120
61 185 120
61 185 120
61 185 120
61 185 120
61 185 120
61 185 120
61 185 120
61 185 120
61 185 120
62 185 120
62 185 120
62 185 120
62 185 120
62 185 120
62 185 120
62 185 120
62 185 120
62 185 120
62 185 120
62 185 120
62 185 120
62 185 120
62 185 120
62 185 120
62 185 120
62 185 120
62 185 120
62 185 120
62 185 120
62 185 120
62 185 120
62 185 120
62 185 120
62 185 120
62 185 120
62 185 120
62 185 120
62 185 120
62 185 120
62 185 120
62 185 120
62 185 120
62 185 120
62 185 120
62 185 120
62 185 120
62 185 120
63 185 120
63 185 120
63 185 120
63 185 120
63 185 120
63 185 120
63 185 120
63 185 120
63 185 120
63 185 120
63 185 120
63 185 120
63 185 120
63 185 120
63 185 120
63 185 120
63 185 120
63 185 120
63 185 120
63 185 120
63 185 120
63 185 120
63 185 120
63 185 120
63 185 120
63 185 120
63 185 120
63 185 120
63 185 120
63 185 120
63 185 120
63 185 120
63 185 120
63 185 120
63 185 120
63 185 120
63 185 120
63 185 120
63 185 120
64 185 120
64 185 120
64 185 120
64 185 120
64 185 120
64 185 120
64 185 120
64 185 120
64 185 120
64 185 120
64 185 120
64 185 120
64 185 120
64 185 120
64 185 120
64 185 120
64 185 120
64 185 120
64 185 120
64 185 120
64 185 120
64 185 120
64 185 120
64 185 120
64 185 120
64 185 120
64 185 120
64 185 120
64 185 120
64 185 120
64 185 120
64 185 120
64 185 120
64 185 120
64 185 120
64 185 120
64 185 120
64 185 120
64 185 120
64 185 120
65 185 120
65 185 120
65 185 120
65 185 120
65 185 120
65 185 120
65 185 120
65 185 120
65 185 120
65 185 120
65 185 120
65 185 120
65 185 120
65 185 120
65 185 120
65 185 120
65 185 120
65 185 120
65 185 120
65 185 120
65 185 120
65 185 120
65 185 120
65 185 120
65 185 120
65 185 120
65 185 120
65 185 120
65 185 120
65 185 120
65 185 120
65 185 120
65 185 120
65 185 120
65 185 120
65 185 120
65 185 120
65 185 120
65 185 120
65 185 120
66 185 120
66 185 120
66 185 120
66 185 120
66 185 120
66 185 120
66 185 120
66 185 120
66 185 120
66 185 120
66 185 120
66 185 120
66 185 120
66 185 120
66 185 120
66 185 120
66 185 120
66 185 120
66 185 120
66 185 120
66 185 120
66 185 120
66 185 120
66 185 120
66 185 120
66 185 120
66 185 120
66 185 120
66 185 120
66 185 120
66 185 120
66 185 120
66 185 120
66 185 120
66 185 120
66 185 120
66 185 120
66 185 120
66 185 120
67 185 120
67 185 120
67 185 120
67 185 120
67 185 120
67 185 120
67 185 120
67 185 120
67 185 120
67 185 120
67 185 120
67 185 120
67 185 120
67 185 120
67 185 120
67 185 120
67 185 120
67 185 120
67 185 120
67 185 120
67 185 120
67 185 120
67 185 120
67 185 120
67 185 120
67 185 120
67 185 120
67 185 120
67 185 120
67 185 120
67 185 120
67 185 120
67 185 120
67 185 120
67 185 120
67 185 120
67 185 120
67 185 120
67 185 120
68 185 120
68 185 120
68 185 120
68 185 120
68 185 120
68 185 120
68 185 120
68 185 120
68 185 120
68 185 120
68 185 120
68 185 120
68 185 120
68 185 120
68 185 120
68 185 120
68 185 120
68 185 120
68 185 120
68 185 120
68 185 120
68 185 120
68 185 120
68 185 120
68 185 120
68 185 120
68 185 120
68 185 120
68 185 120
68 185 120
68 185 120
68 185 120
68 185 120
68 185 120
68 185 120
68 185 120
68 185 120
68 185 120
69 185 120
69 185 120
69 185 120
69 185 120
69 185 120
69 185 120
69 185 120
69 185 120
69 185 120
69 185 120
69 185 120
69 185 120
69 185 120
69 185 120
69 185 120
69 185 120
69 185 120
69 185 120
69 185 120
69 185 120
69 185 120
69 185 120
69 185 120
69 185 120
69 185 120
69 185 120
69 185 120
69 185 120
69 185 120
69 185 120
69 185 120
69 185 120
69 185 120
69 185 120
69 185 120
69 185 120
69 185 120
70 185 120
70 185 120
70 185 120
70 185 120
70 185 120
70 185 120
70 185 120
70 185 120
70 185 120
70 185 120
70 185 120
70 185 120
70 185 120
70 185 120
70 185 120
70 185 120
70 185 120
70 185 120
70 185 120
70 185 120
70 185 120
70 185 120
70 185 120
70 185 120
70 185 120
70 185 120
70 185 120
70 185 120
70 185 120
70 185 120
70 185 120
70 185 120
70 185 120
70 185 120
70 185 120
70 185 120
71 185 120
71 185 120
71 185 120
71 185 120
71 185 120
71 185 120
71 185 120
71 185 120
71 185 120
71 185 120
71 185 120
71 185 120
71 185 120
71 185 120
71 185 120
71 185 120
71 185 120
71 185 120
71 185 120
71 185 120
71 185 120
71 185 120
71 185 120
71 185 120
71 185 120
71 185 120
71 185 120
71 185 120
71 185 120
71 185 120
71 185 120
71 185 120
71 185 120
71 185 120
72 185 120
72 185 120
72 185 120
72 185 120
72 185 120
72 185 120
72 185 120
72 185 120
72 185 120
72 185 120
72 185 120
72 185 120
72 185 120
72 185 120
72 185 120
72 185 120
72 185 120
72 185 120
72 185 120
72 185 120
72 185 120
72 185 120
72 185 120
72 185 120
72 185 120
72 185 120
72 185 120
72 185 120
72 185 120
72 185 120
72 185 120
72 185 120
72 185 120
73 185 120
73 185 120
73 185 120
73 185 120
73 185 120
73 185 120
73 185 120
73 185 120
73 185 120
73 185 120
73 185 120
73 185 120
73 185 120
73 185 120
73 185 120
73 185 120
73 185 120
73 185 120
73 185 120
73 185 120
73 185 120
73 185 120
73 185 120
73 185 120
73 185 120
73 185 120
73 185 120
73 185 120
73 185 120
73 185 120
73 185 120
74 185 120
74 185 120
74 185 120
74 185 120
74 185 120
74 185 120
74 185 120
74 185 120
74 185 120
74 185 120
74 185 120
74 185 120
74 185 120
74 185 120
74 185 120
74 185 120
74 185 120
74 185 120
74 185 120
74 185 120
74 185 120
74 185 120
74 185 120
74 185 120
74 185 120
74 185 120
74 185 120
74 185 120
74 185 120
75 185 120
75 185 120
75 185 120
75 185 120
75 185 120
75 185 120
75 185 120
75 185 120
75 185 120
75 185 120
75 185 120
75 185 120
75 185 120
75 185 120
75 185 120
75 185 120
75 185 120
75 185 120
75 185 120
75 185 120
75 185 120
75 185 120
75 185 120
75 185 120
75 185 120
75 185 120
75 185 120
76 185 120
76 185 120
76 185 120
76 185 120
76 185 120
76 185 120
76 185 120
76 185 120
76 185 120
76 185 120
76 185 120
76 185 120
76 185 120
76 185 120
76 185 120
76 185 120
76 185 120
76 185 120
76 185 120
76 185 120
76 185 120
76 185 120
76 185 120
76 185 120
76 185 120
77 185 120
77 185 120
77 185 120
77 185 120
77 185 120
77 185 120
77 185 120
77 185 120
77 185 120
77 185 120
77 185 120
77 185 120
77 185 120
77 185 120
77 185 120
77 185 120
77 185 120
77 185 120
77 185 120
77 185 120
77 185 120
77 185 120
77 185 120
78 185 120
78 185 120
78 185 120
78 185 120
78 185 120
78 185 120
78 185 120
78 185 120
78 185 120
78 185 120
78 185 120
78 185 120
78 185 120
78 185 120
78 185 120
78 185 120
78 185 120
78 185 120
78 185 120
78 185 120
78 185 120
79 185 120
79 185 120
79 185 120
79 185 120
79 185 120
79 185 120
79 185 120
79 185 120
79 185 120
79 185 120
79 185 120
79 185 120
79 185 120
79 185 120
79 185 120
79 185 120
79 185 120
79 185 120
80 185 120
80 185 120
80 185 120
80 185 120
80 185 120
80 185 120
80 185 120
80 185 120
80 185 120
80 185 120
80 185 120
80 185 120
80 185 120
80 185 120
80 185 120
81 185 120
81 185 120
81 185 120
81 185 120
81 185 120
81 185 120
81 185 120
81 185 120
81 185 120
81 185 120
81 185 120
81 185 120
82 185 120
82 185 120
82 185 120
82 185 120
82 185 120
82 185 120
82 185 120
82 185 120
82 185 120
82 184 120
82 184 120
82 184 120
82 184 120
82 184 120
82 184 120
82 184 120
82 184 120
82 183 120
82 183 120
82 183 120
82 183 120
82 183 120
82 183 120
82 182 120
82 182 120
82 182 120
82 182 120
82 182 120
82 181 120
82 181 120
82 181 120
82 180 120
82 180 120
82 179 120
82 179 120
82 178 120
82 177 120
82 176 120
82 175 120
82 174 120
82 173 120
82 172 120
82 171 120
82 170 120
82 169 120
82 168 120
82 167 120
82 166 120
82 165 120
82 164 120
82 163 120
82 162 120
82 161 120
83 161 120
84 161 120
85 161 120
86 161 120
87 161 120
88 161 120
89 161 120
90 161 120
91 161 120
92 161 120
93 161 120
94 161 120
94 161 120
95 161 120
95 161 120
96 161 120
96 161 120
97 161 120
97 161 120
97 161 120
98 161 120
98 161 120
98 161 120
99 161 120
99 161 120
99 161 120
100 161 120
100 161 120
100 161 120
100 161 120
101 161 120
101 161 120
101 161 120
101 161 120
102 161 120
102 161 120
102 161 120
102 161 120
103 161 120
103 161 120
103 161 120
103 161 120
104 161 120
104 161 120
104 161 120
104 161 120
104 161 120
105 161 120
105 161 120
105 161 120
105 161 120
105 161 120
106 161 120
106 161 120
106 161 120
106 161 120
106 161 120
107 161 120
107 161 120
107 161 120
107 161 120
107 161 120
107 161 120
108 161 120
108 161 120
108 161 120
108 161 120
108 161 120
108 161 120
108 161 120
109 161 120
109 161 120
109 161 120
109 161 120
109 161 120
109 161 120
109 161 120
109 161 120
110 161 120
110 161 120
110 161 120
110 161 120
110 161 120
110 161 120
110 161 120
110 161 120
110 161 120
111 161 120
111 161 120
111 161 120
111 161 120
111 161 120
111 161 120
111 161 120
111 161 120
111 161 120
111 161 120
112 161 120
112 161 120
112 161 120
112 161 120
112 161 120
112 161 120
112 161 120
112 161 120
112 161 120
112 161 120
112 161 120
112 161 120
113 161 120
113 161 120
113 161 120
113 161 120
113 161 120
113 161 120
113 161 120
113 161 120
113 161 120
113 161 120
113 161 120
113 161 120
113 161 120
114 161 120
114 161 120
114 161 120
114 161 120
114 161 120
114 161 120
114 161 120
114 161 120
114 161 120
114 161 120
114 161 120
114 161 120
114 161 120
115 161 120
115 161 120
115 161 120
115 161 120
115 161 120
115 161 120
115 161 120
115 161 120
115 161 120
115 161 120
115 161 120
115 161 120
115 161 120
116 161 120
116 161 120
116 161 120
116 161 120
116 161 120
116 161 120
116 161 120
116 161 120
116 161 120
116 161 120
116 161 120
116 161 120
116 161 120
117 161 120
117 161 120
117 161 120
117 161 120
117 161 120
117 161 120
117 161 120
117 161 120
117 161 120
117 161 120
117 161 120
117 161 120
118 161 120
118 161 120
118 161 120
118 161 120
118 161 120
118 161 120
118 161 120
118 161 120
118 161 120
118 161 120
118 161 120
119 161 120
119 161 120
119 161 120
119 161 120
119 161 120
119 161 120
119 161 120
119 161 120
119 161 120
120 161 120
120 161 120
120 161 120
120 161 120
120 161 120
120 161 120
120 161 120
121 161 120
121 161 120
121 161 120
121 161 120
121 161 120
121 161 120
122 161 120
122 161 120
122 161 120
122 161 120
123 161 120
123 161 120
123 161 120
124 161 120
124 161 120
125 161 120
125 161 120
126 161 120
127 161 120
128 161 120
129 161 120
130 161 120
131 161 120
132 161 120
133 161 120
134 161 120
135 161 120
136 161 120
137 161 120
138 161 120
139 161 120
140 161 120
141 161 120
142 161 120
143 161 120
144 161 120
145 161 120
146 161 120
147 161 120
148 161 120
149 161 120
150 161 120
151 161 120
152 161 120
153 161 120
154 161 120
155 161 120
156 161 120
157 161 120
158 161 120
159 161 120
160 161 120
161 161 120
161 161 120
162 161 120
162 161 120
163 161 120
163 161 120
163 161 120
163 160 120
163 160 120
163 160 120
163 159 120
163 159 120
163 159 120
163 159 120
163 158 120
163 158 120
163 158 120
163 158 120
163 157 120
163 157 120
163 157 120
163 157 120
163 157 120
163 156 120
163 156 120
163 156 120
163 156 120
163 156 120
163 156 120
163 155 120
163 155 120
163 155 120
163 155 120
163 155 120
163 155 120
163 154 120
163 154 120
163 154 120
163 154 120
163 154 120
163 154 120
163 154 120
163 153 120
163 153 120
163 153 120
163 153 120
163 153 120
163 153 120
163 153 120
163 152 120
163 152 120
163 152 120
163 152 120
163 152 120
163 152 120
163 152 120
163 151 120
163 151 120
163 151 120
163 151 120
163 151 120
163 151 120
163 150 120
163 150 120
163 150 120
163 150 120
163 150 120
163 150 120
163 149 120
163 149 120
163 149 120
163 149 120
163 149 120
163 148 120
163 148 120
163 148 120
163 148 120
163 147 120
163 147 120
163 147 120
163 147 120
163 146 120
163 146 120
163 146 120
163 145 120
163 145 120
163 144 120
163 144 120
163 143 120
163 143 120
163 142 120
163 142 120
163 141 120
163 140 120
163 139 120
163 138 120
163 137 120
163 136 120
163 135 120
163 134 120
163 133 120
163 132 120
163 131 120
163 130 120
