30 125 300
31 125 300
32 125 300
33 125 300
34 125 300
35 125 300
36 125 300
37 125 300
38 125 300
39 125 300
40 125 300
41 125 300
42 125 300
43 125 300
44 125 300
45 125 300
46 125 300
47 125 300
48 125 300
49 125 300
50 125 300
51 125 300
52 125 300
53 125 300
54 125 300
55 125 300
56 125 300
56 125 300
57 125 300
57 125 300
58 125 300
58 125 300
59 125 300
59 125 300
60 125 300
60 125 300
61 125 300
61 125 300
62 125 300
62 125 300
63 125 300
63 125 300
64 125 300
64 125 300
65 125 300
65 125 300
66 125 300
66 125 300
67 125 300
67 125 300
68 125 300
68 125 300
68 125 300
69 125 300
69 125 300
69 125 300
70 125 300
70 125 300
71 125 300
71 125 300
72 125 300
72 125 300
73 125 300
73 125 300
74 125 300
74 125 300
75 125 300
76 125 300
77 125 300
78 125 300
79 125 300
80 125 300
81 125 300
82 125 300
83 125 300
84 125 300
85 125 300
86 125 300
87 125 300
88 125 300
89 125 300
89 125 300
90 125 300
90 125 300
91 125 300
91 125 300
92 125 300
92 125 300
93 125 300
93 125 300
94 125 300
94 125 300
95 125 300
95 125 300
96 125 300
96 125 300
97 125 300
97 125 300
98 125 300
98 125 300
99 125 300
99 125 300
100 125 300
100 125 300
100 125 300
101 125 300
101 125 300
101 125 300
102 125 300
102 125 300
102 125 300
102 125 300
103 125 300
103 125 300
103 125 300
103 125 300
103 125 300
104 125 300
104 125 300
104 125 300
104 125 300
104 125 300
105 125 300
105 125 300
105 125 300
105 125 300
105 125 300
105 125 300
106 125 300
106 125 300
106 125 300
106 125 300
106 125 300
106 125 300
107 125 300
107 125 300
107 125 300
107 125 300
107 125 300
107 125 300
108 125 300
108 125 300
108 125 300
108 125 300
108 125 300
108 125 300
109 125 300
109 125 300
109 125 300
109 125 300
109 125 300
110 125 300
110 125 300
110 125 300
110 125 300
111 125 300
111 125 300
111 125 300
111 125 300
112 125 300
112 125 300
112 125 300
113 125 300
113 125 300
114 125 300
114 125 300
115 125 300
115 125 300
116 125 300
117 125 300
118 125 300
119 125 300
120 125 300
121 125 300
122 125 300
123 125 300
124 125 300
125 125 300
126 125 300
127 125 300
128 125 300
129 125 300
130 125 300
131 125 300
132 125 300
132 125 300
133 125 300
133 125 300
134 125 300
134 125 300
134 125 300
135 125 300
135 125 300
135 125 300
135 125 300
136 125 300
136 125 300
136 125 300
136 125 300
137 125 300
137 125 300
137 125 300
137 125 300
138 125 300
138 125 300
138 125 300
138 125 300
138 125 300
139 125 300
139 125 300
139 125 300
139 125 300
140 125 300
140 125 300
140 125 300
140 125 300
141 125 300
141 125 300
141 125 300
141 125 300
142 125 300
142 125 300
142 125 300
142 125 300
143 125 300
143 125 300
143 125 300
143 125 300
144 125 300
144 125 300
144 125 300
144 125 300
145 125 300
145 125 300
145 125 300
145 125 300
146 125 300
146 125 300
146 125 300
146 125 300
147 125 300
147 125 300
147 125 300
147 125 300
148 125 300
148 125 300
148 125 300
148 125 300
149 125 300
149 125 300
149 125 300
150 125 300
150 125 300
150 125 300
151 125 300
151 125 300
152 125 300
152 125 300
153 125 300
153 125 300
154 125 300
155 125 300
156 125 300
157 125 300
158 125 300
159 125 300
160 125 300
161 125 300
162 125 300
163 125 300
164 125 300
165 125 300
166 125 300
167 125 300
168 125 300
169 125 300
170 125 300
170 125 300
171 125 300
171 125 300
172 125 300
172 125 300
173 125 300
173 125 300
174 125 300
174 125 300
174 124 300
174 124 300
174 124 300
174 123 300
174 123 300
174 123 300
174 122 300
174 122 300
174 122 300
174 122 300
174 121 300
174 121 300
174 121 300
174 121 300
174 121 300
174 120 300
174 120 300
174 120 300
174 120 300
174 120 300
174 120 300
174 119 300
174 119 300
174 119 300
174 119 300
174 119 300
174 119 300
174 119 300
174 119 300
174 118 300
174 118 300
174 118 300
174 118 300
174 118 300
174 118 300
174 118 300
174 118 300
174 118 300
174 117 300
174 117 300
174 117 300
174 117 300
174 117 300
174 117 300
174 117 300
174 117 300
174 117 300
174 117 300
174 117 300
174 116 300
174 116 300
174 116 300
174 116 300
174 116 300
174 116 300
174 116 300
174 116 300
174 116 300
174 116 300
174 116 300
174 116 300
174 115 300
174 115 300
174 115 300
174 115 300
174 115 300
174 115 300
174 115 300
174 115 300
174 115 300
174 115 300
174 115 300
174 115 300
174 115 300
174 114 300
174 114 300
174 114 300
174 114 300
174 114 300
174 114 300
174 114 300
174 114 300
174 114 300
174 114 300
174 114 300
174 114 300
174 114 300
174 113 300
174 113 300
174 113 300
174 113 300
174 113 300
174 113 300
174 113 300
174 113 300
174 113 300
174 113 300
174 113 300
174 113 300
174 113 300
174 113 300
174 112 300
174 112 300
174 112 300
174 112 300
174 112 300
174 112 300
174 112 300
174 112 300
174 112 300
174 112 300
174 112 300
174 112 300
174 112 300
174 112 300
174 111 300
174 111 300
174 111 300
174 111 300
174 111 300
174 111 300
174 111 300
174 111 300
174 111 300
174 111 300
174 111 300
174 111 300
174 111 300
174 110 300
174 110 300
174 110 300
174 110 300
174 110 300
174 110 300
174 110 300
174 110 300
174 110 300
174 110 300
174 110 300
174 110 300
174 110 300
174 109 300
174 109 300
174 109 300
174 109 300
174 109 300
174 109 300
174 109 300
174 109 300
174 109 300
174 109 300
174 109 300
174 109 300
174 109 300
174 108 300
174 108 300
174 108 300
174 108 300
174 108 300
174 108 300
174 108 300
174 108 300
174 108 300
174 108 300
174 108 300
174 108 300
174 107 300
174 107 300
174 107 300
174 107 300
174 107 300
174 107 300
174 107 300
174 107 300
174 107 300
174 107 300
174 107 300
174 106 300
174 106 300
174 106 300
174 106 300
174 106 300
174 106 300
174 106 300
174 106 300
174 106 300
174 106 300
174 105 300
174 105 300
174 105 300
174 105 300
174 105 300
174 105 300
174 105 300
174 105 300
174 105 300
174 104 300
174 104 300
174 104 300
174 104 300
174 104 300
174 104 300
174 104 300
174 104 300
174 103 300
174 103 300
174 103 300
174 103 300
174 103 300
174 103 300
174 103 300
174 102 300
174 102 300
174 102 300
174 102 300
174 102 300
174 102 300
174 101 300
174 101 300
174 101 300
174 101 300
174 101 300
174 100 300
174 100 300
174 100 300
174 100 300
174 99 300
174 99 300
174 99 300
174 99 300
174 98 300
174 98 300
174 98 300
174 97 300
174 97 300
174 97 300
174 96 300
174 96 300
174 96 300
174 95 300
174 95 300
174 94 300
174 94 300
174 93 300
174 93 300
174 92 300
174 92 300
174 91 300
174 91 300
174 90 300
174 90 300
174 89 300
174 88 300
174 87 300
174 86 300
174 85 300
174 84 300
174 83 300
174 82 300
174 81 300
174 80 300
174 79 300
174 78 300
174 77 300
174 76 300
174 75 300
174 74 300
174 73 300
174 72 300
174 71 300
29 125 300
28 125 300
27 125 300
26 125 300
25 125 300
24 125 300
23 125 300
22 125 300
21 125 300
20 125 300
19 125 300
18 125 300
17 125 300
16 125 300
15 125 300
14 125 300
13 125 300
12 125 300
11 125 300
10 125 300
9 125 300
8 125 300
8 126 300
8 126 300
8 127 300
8 127 300
8 128 300
8 128 300
8 129 300
8 129 300
8 129 300
8 130 300
8 130 300
8 130 300
8 130 300
8 131 300
8 131 300
8 131 300
8 131 300
8 132 300
8 132 300
8 132 300
8 132 300
8 132 300
8 133 300
8 133 300
8 133 300
8 133 300
8 133 300
8 133 300
8 134 300
8 134 300
8 134 300
8 134 300
8 134 300
8 134 300
8 135 300
8 135 300
8 135 300
8 135 300
8 135 300
8 135 300
8 136 300
8 136 300
8 136 300
8 136 300
8 136 300
8 136 300
8 136 300
8 137 300
8 137 300
8 137 300
8 137 300
8 137 300
8 137 300
8 137 300
8 138 300
8 138 300
8 138 300
8 138 300
8 138 300
8 138 300
8 138 300
8 138 300
8 139 300
8 139 300
8 139 300
8 139 300
8 139 300
8 139 300
8 139 300
8 139 300
8 140 300
8 140 300
8 140 300
8 140 300
8 140 300
8 140 300
8 140 300
8 140 300
8 140 300
8 141 300
8 141 300
8 141 300
8 141 300
8 141 300
8 141 300
8 141 300
8 141 300
8 141 300
8 141 300
8 142 300
8 142 300
8 142 300
8 142 300
8 142 300
8 142 300
8 142 300
8 142 300
8 142 300
8 142 300
8 143 300
8 143 300
8 143 300
8 143 300
8 143 300
8 143 300
8 143 300
8 143 300
8 143 300
8 143 300
8 143 300
8 144 300
8 144 300
8 144 300
8 144 300
8 144 300
8 144 300
8 144 300
8 144 300
8 144 300
8 144 300
8 144 300
8 145 300
8 145 300
8 145 300
8 145 300
8 145 300
8 145 300
8 145 300
8 145 300
8 145 300
8 145 300
8 145 300
8 146 300
8 146 300
8 146 300
8 146 300
8 146 300
8 146 300
8 146 300
8 146 300
8 146 300
8 146 300
8 147 300
8 147 300
8 147 300
8 147 300
8 147 300
8 147 300
8 147 300
8 147 300
8 147 300
8 147 300
8 148 300
8 148 300
8 148 300
8 148 300
8 148 300
8 148 300
8 148 300
8 148 300
8 148 300
8 149 300
8 149 300
8 149 300
8 149 300
8 149 300
8 149 300
8 149 300
8 150 300
8 150 300
8 150 300
8 150 300
8 150 300
8 150 300
8 151 300
8 151 300
8 151 300
8 151 300
8 151 300
8 152 300
8 152 300
8 152 300
8 152 300
8 153 300
8 153 300
8 153 300
8 154 300
8 154 300
8 155 300
8 155 300
8 156 300
8 157 300
8 158 300
8 159 300
8 160 300
8 161 300
8 162 300
8 163 300
8 164 300
8 165 300
8 166 300
8 167 300
8 168 300
8 169 300
8 170 300
8 171 300
8 172 300
8 173 300
109 126 300
109 126 300
109 126 300
109 126 300
109 126 300
109 127 300
109 127 300
109 127 300
109 127 300
109 128 300
109 128 300
109 128 300
109 128 300
109 129 300
109 129 300
109 129 300
109 129 300
109 130 300
109 130 300
109 130 300
109 131 300
109 131 300
109 132 300
109 132 300
109 133 300
109 133 300
109 134 300
109 135 300
109 136 300
109 137 300
109 138 300
109 139 300
109 140 300
109 141 300
109 142 300
109 143 300
109 144 300
109 145 300
109 146 300
109 147 300
109 148 300
110 148 300
111 148 300
112 148 300
113 148 300
114 148 300
115 148 300
116 148 300
117 148 300
118 148 300
119 148 300
120 148 300
121 148 300
122 148 300
123 148 300
124 148 300
125 148 300
126 148 300
127 148 300
128 148 300
129 148 300
130 148 300
131 148 300
132 148 300
133 148 300
134 148 300
135 148 300
136 148 300
137 148 300
138 148 300
139 148 300
140 148 300
141 148 300
142 148 300
142 149 300
142 150 300
142 151 300
142 152 300
143 152 300
144 152 300
145 152 300
146 152 300
147 152 300
148 152 300
149 152 300
150 152 300
151 152 300
152 152 300
153 152 300
154 152 300
155 152 300
156 152 300
157 152 300
158 152 300
159 152 300
160 152 300
161 152 300
162 152 300
163 152 300
164 152 300
165 152 300
166 152 300
167 152 300
168 152 300
169 152 300
170 152 300
171 152 300
172 152 300
173 152 300
174 152 300
175 152 300
176 152 300
177 152 300
178 152 300
179 152 300
180 152 300
181 152 300
182 152 300
182 151 300
182 150 300
182 149 300
182 148 300
182 147 300
122 87 300
123 87 300
124 87 300
125 87 300
126 87 300
127 87 300
128 87 300
129 87 300
130 87 300
131 87 300
132 87 300
133 87 300
134 87 300
135 87 300
136 87 300
137 87 300
137 87 300
138 87 300
138 87 300
139 87 300
139 87 300
140 87 300
140 87 300
141 87 300
141 87 300
141 87 300
142 87 300
142 87 300
142 87 300
143 87 300
143 87 300
143 87 300
144 87 300
144 87 300
144 87 300
144 87 300
145 87 300
145 87 300
145 87 300
145 87 300
146 87 300
146 87 300
146 87 300
146 87 300
146 87 300
147 87 300
147 87 300
147 87 300
147 87 300
147 87 300
148 87 300
148 87 300
148 87 300
148 87 300
148 87 300
148 87 300
149 87 300
149 87 300
149 87 300
149 87 300
149 87 300
149 87 300
149 87 300
150 87 300
150 87 300
150 87 300
150 87 300
150 87 300
150 87 300
150 87 300
151 87 300
151 87 300
151 87 300
151 87 300
151 87 300
151 87 300
151 87 300
151 87 300
152 87 300
152 87 300
152 87 300
152 87 300
152 87 300
152 87 300
152 87 300
152 87 300
153 87 300
153 87 300
153 87 300
153 87 300
153 87 300
153 87 300
153 87 300
153 87 300
153 87 300
154 87 300
154 87 300
154 87 300
154 87 300
154 87 300
154 87 300
154 87 300
154 87 300
154 87 300
155 87 300
155 87 300
155 87 300
155 87 300
155 87 300
155 87 300
155 87 300
155 87 300
155 87 300
156 87 300
156 87 300
156 87 300
156 87 300
156 87 300
156 87 300
156 87 300
156 87 300
156 87 300
157 87 300
157 87 300
157 87 300
157 87 300
157 87 300
157 87 300
157 87 300
157 87 300
158 87 300
158 87 300
158 87 300
158 87 300
158 87 300
158 87 300
158 87 300
158 87 300
159 87 300
159 87 300
159 87 300
159 87 300
159 87 300
159 87 300
159 87 300
160 87 300
160 87 300
160 87 300
160 87 300
160 87 300
160 87 300
161 87 300
161 87 300
161 87 300
161 87 300
161 87 300
162 87 300
162 87 300
162 87 300
162 87 300
163 87 300
163 87 300
163 87 300
164 87 300
164 87 300
165 87 300
165 87 300
166 87 300
166 87 300
167 87 300
168 87 300
169 87 300
170 87 300
171 87 300
172 87 300
173 87 300
148 53 300
149 53 300
150 53 300
151 53 300
152 53 300
153 53 300
154 53 300
155 53 300
156 53 300
157 53 300
158 53 300
159 53 300
160 53 300
161 53 300
162 53 300
163 53 300
164 53 300
165 53 300
166 53 300
167 53 300
168 53 300
169 53 300
170 53 300
171 53 300
172 53 300
172 53 300
173 53 300
173 53 300
174 53 300
174 53 300
174 53 300
174 54 300
174 54 300
174 55 300
174 55 300
174 56 300
174 57 300
174 58 300
174 59 300
174 60 300
174 61 300
174 62 300
174 63 300
174 64 300
174 65 300
174 66 300
174 67 300
174 68 300
174 69 300
174 70 300
147 53 300
146 53 300
145 53 300
144 53 300
143 53 300
142 53 300
141 53 300
140 53 300
139 53 300
138 53 300
137 53 300
136 53 300
135 53 300
134 53 300
133 53 300
132 53 300
131 53 300
130 53 300
130 53 300
129 53 300
129 53 300
128 53 300
128 53 300
127 53 300
127 53 300
126 53 300
126 53 300
125 53 300
125 53 300
124 53 300
124 53 300
123 53 300
123 53 300
122 53 300
122 53 300
121 53 300
121 53 300
120 53 300
119 53 300
118 53 300
117 53 300
116 53 300
116 53 300
115 53 300
115 53 300
114 53 300
114 53 300
113 53 300
113 53 300
112 53 300
112 53 300
111 53 300
110 53 300
109 53 300
108 53 300
107 53 300
106 53 300
105 53 300
104 53 300
103 53 300
102 53 300
101 53 300
100 53 300
99 53 300
98 53 300
97 53 300
96 53 300
95 53 300
94 53 300
94 53 300
93 53 300
93 53 300
92 53 300
92 53 300
92 53 300
91 53 300
91 53 300
91 53 300
90 53 300
90 53 300
90 53 300
90 53 300
89 53 300
89 53 300
89 53 300
89 53 300
88 53 300
88 53 300
88 53 300
88 53 300
87 53 300
87 53 300
87 53 300
87 53 300
86 53 300
86 53 300
86 53 300
86 53 300
85 53 300
85 53 300
85 53 300
85 53 300
84 53 300
84 53 300
84 53 300
84 53 300
83 53 300
83 53 300
83 53 300
83 53 300
82 53 300
82 53 300
82 53 300
82 53 300
81 53 300
81 53 300
81 53 300
80 53 300
80 53 300
80 53 300
79 53 300
79 53 300
78 53 300
78 53 300
77 53 300
77 53 300
76 53 300
75 53 300
74 53 300
73 53 300
72 53 300
71 53 300
70 53 300
69 53 300
68 53 300
67 53 300
66 53 300
65 53 300
64 53 300
63 53 300
62 53 300
61 53 300
60 53 300
60 52 300
60 51 300
60 50 300
60 49 300
60 48 300
60 47 300
60 46 300
60 45 300
60 44 300
60 43 300
60 42 300
60 41 300
60 40 300
60 39 300
59 39 300
58 39 300
57 39 300
56 39 300
56 38 300
56 37 300
56 36 300
56 35 300
56 34 300
56 33 300
56 32 300
56 32 300
56 31 300
56 31 300
56 30 300
56 30 300
56 29 300
56 29 300
56 28 300
56 28 300
56 27 300
56 27 300
56 26 300
56 26 300
56 25 300
56 25 300
56 24 300
56 24 300
56 23 300
56 23 300
56 22 300
56 22 300
56 21 300
56 21 300
56 20 300
56 20 300
56 19 300
56 19 300
56 18 300
56 18 300
56 17 300
56 17 300
56 16 300
56 16 300
56 15 300
56 14 300
56 13 300
56 12 300
56 11 300
56 10 300
56 9 300
56 8 300
56 7 300
56 6 300
56 5 300
56 4 300
55 4 300
54 4 300
53 4 300
52 4 300
51 4 300
50 4 300
49 4 300
48 4 300
47 4 300
46 4 300
45 4 300
44 4 300
43 4 300
43 4 300
42 4 300
42 4 300
41 4 300
41 4 300
41 4 300
40 4 300
40 4 300
40 4 300
39 4 300
39 4 300
39 4 300
38 4 300
38 4 300
38 4 300
37 4 300
37 4 300
37 4 300
36 4 300
36 4 300
36 4 300
35 4 300
35 4 300
34 4 300
34 4 300
33 4 300
33 4 300
32 4 300
31 4 300
30 4 300
29 4 300
28 4 300
27 4 300
26 4 300
25 4 300
24 4 300
23 4 300
22 4 300
21 4 300
20 4 300
19 4 300
18 4 300
17 4 300
16 4 300
15 4 300
14 4 300
13 4 300
12 4 300
11 4 300
10 4 300
9 4 300
8 4 300
7 4 300
6 4 300
5 4 300
4 4 300
3 4 300
2 4 300
2 5 300
2 6 300
2 7 300
