3 76 50
4 76 50
5 76 50
6 76 50
6 76 50
7 76 50
7 76 50
8 76 50
8 76 50
8 76 50
9 76 50
9 76 50
9 76 50
10 76 50
10 76 50
10 76 50
10 76 50
11 76 50
11 76 50
11 76 50
11 76 50
12 76 50
12 76 50
12 76 50
12 76 50
13 76 50
13 76 50
13 76 50
13 76 50
14 76 50
14 76 50
14 76 50
14 76 50
15 76 50
15 76 50
15 76 50
15 76 50
16 76 50
16 76 50
16 76 50
16 76 50
16 76 50
17 76 50
17 76 50
17 76 50
17 76 50
17 76 50
18 76 50
18 76 50
18 76 50
18 76 50
18 76 50
19 76 50
19 76 50
19 76 50
19 76 50
19 76 50
20 76 50
20 76 50
20 76 50
20 76 50
20 76 50
21 76 50
21 76 50
21 76 50
21 76 50
21 76 50
22 76 50
22 76 50
22 76 50
22 76 50
22 76 50
23 76 50
23 76 50
23 76 50
23 76 50
23 76 50
24 76 50
24 76 50
24 76 50
24 76 50
25 76 50
25 76 50
25 76 50
25 76 50
26 76 50
26 76 50
26 76 50
27 76 50
27 76 50
27 76 50
28 76 50
28 76 50
29 76 50
29 76 50
30 76 50
30 76 50
31 76 50
31 76 50
32 76 50
32 76 50
33 76 50
33 76 50
34 76 50
34 76 50
35 76 50
35 76 50
36 76 50
36 76 50
36 76 50
37 76 50
37 76 50
37 76 50
38 76 50
38 76 50
38 76 50
38 76 50
39 76 50
39 76 50
39 76 50
39 76 50
39 76 50
39 76 50
40 76 50
40 76 50
40 76 50
40 76 50
40 76 50
40 76 50
40 76 50
40 76 50
41 76 50
41 76 50
41 76 50
41 76 50
41 76 50
41 76 50
41 76 50
41 76 50
41 76 50
41 76 50
42 76 50
42 76 50
42 76 50
42 76 50
42 76 50
42 76 50
42 76 50
42 76 50
42 76 50
42 76 50
42 76 50
42 76 50
43 76 50
43 76 50
43 76 50
43 76 50
43 76 50
43 76 50
43 76 50
43 76 50
43 76 50
43 76 50
43 76 50
43 76 50
43 76 50
44 76 50
44 76 50
44 76 50
44 76 50
44 76 50
44 76 50
44 76 50
44 76 50
44 76 50
44 76 50
44 76 50
44 76 50
44 76 50
44 76 50
45 76 50
45 76 50
45 76 50
45 76 50
45 76 50
45 76 50
45 76 50
45 76 50
45 76 50
45 76 50
45 76 50
45 76 50
45 76 50
45 76 50
46 76 50
46 76 50
46 76 50
46 76 50
46 76 50
46 76 50
46 76 50
46 76 50
46 76 50
46 76 50
46 76 50
46 76 50
46 76 50
46 76 50
47 76 50
47 76 50
47 76 50
47 76 50
47 76 50
47 76 50
47 76 50
47 76 50
47 76 50
47 76 50
47 76 50
47 76 50
47 76 50
48 76 50
48 76 50
48 76 50
48 76 50
48 76 50
48 76 50
48 76 50
48 76 50
48 76 50
48 76 50
48 76 50
48 77 500
48 77 50
48 77 50
48 78 50
48 78 50
48 78 50
48 78 50
48 78 50
48 78 50
48 78 50
48 78 50
48 78 50
48 78 50
48 78 50
48 78 50
48 79 50
48 79 50
48 79 50
48 79 50
48 79 50
48 79 50
48 79 50
48 79 50
48 79 50
48 79 50
48 79 50
48 79 50
48 80 50
48 80 50
48 80 50
48 80 50
48 80 50
48 80 50
48 80 50
48 80 50
48 80 50
48 80 50
48 80 50
48 80 50
48 80 50
48 81 50
48 81 50
48 81 50
48 81 50
48 81 50
48 81 50
48 81 50
48 81 50
48 81 50
48 81 50
48 81 50
48 81 50
48 81 50
48 81 50
48 82 50
48 82 50
48 82 50
48 82 50
48 82 50
48 82 50
48 82 50
48 82 50
48 82 50
48 82 50
48 82 50
48 82 50
48 82 50
48 82 50
48 82 50
48 83 50
48 83 50
48 83 50
48 83 50
48 83 50
48 83 50
48 83 50
48 83 50
48 83 50
48 83 50
48 83 50
48 83 50
48 83 50
48 83 50
48 83 50
48 83 50
48 84 50
48 84 50
48 84 50
48 84 50
48 84 50
48 84 50
48 84 50
48 84 50
48 84 50
48 84 50
48 84 50
48 84 50
48 84 50
48 84 50
48 84 50
48 84 50
48 84 50
48 85 50
48 85 50
48 85 50
48 85 50
48 85 50
48 85 50
48 85 50
48 85 50
48 85 50
48 85 50
48 85 50
48 85 50
48 85 50
48 85 50
48 85 50
48 85 50
48 85 50
48 85 50
48 86 50
48 86 50
48 86 50
48 86 50
48 86 50
48 86 50
48 86 50
48 86 50
48 86 50
48 86 50
48 86 50
48 86 50
48 86 50
48 86 50
48 86 50
48 86 50
48 86 50
48 86 50
48 87 50
48 87 50
48 87 50
48 87 50
48 87 50
48 87 50
48 87 50
48 87 50
48 87 50
48 87 50
48 87 50
48 87 50
48 87 50
48 87 50
48 87 50
48 87 50
48 87 50
48 88 50
48 88 50
48 88 50
48 88 50
48 88 50
48 88 50
48 88 50
48 88 50
48 88 50
48 88 50
48 88 50
48 88 50
48 88 50
48 88 50
48 88 50
48 89 50
48 89 50
48 89 50
48 89 50
48 89 50
48 89 50
48 89 50
48 89 50
48 89 50
48 89 50
48 89 50
48 89 50
48 90 50
48 90 50
48 90 50
48 90 50
48 90 50
48 90 50
48 90 50
48 90 50
48 90 50
48 91 50
48 91 50
48 91 50
48 91 50
48 91 50
48 91 50
48 92 50
48 92 50
48 92 50
48 92 50
48 93 50
48 93 50
48 94 50
48 94 50
48 95 50
48 96 50
48 97 50
48 98 50
48 99 50
48 100 50
48 101 50
48 102 50
48 103 50
48 104 50
48 105 50
48 106 50
196 177 50
195 177 50
194 177 50
193 177 50
192 177 50
192 176 50
192 175 50
192 174 50
192 173 50
192 172 50
192 171 50
192 170 50
192 169 50
192 168 50
192 167 50
192 166 50
192 165 50
192 164 50
192 163 50
192 162 50
192 161 50
192 160 50
192 159 50
192 158 50
192 157 50
192 156 50
192 155 50
192 154 50
192 153 50
192 152 50
192 151 50
192 150 50
192 149 50
192 148 50
192 147 50
192 146 50
192 145 50
192 144 50
192 143 50
192 142 50
192 141 50
192 140 50
192 140 50
192 139 50
192 139 50
192 139 50
192 138 50
192 138 50
192 138 50
192 137 50
192 137 50
192 137 50
192 136 50
192 136 50
192 136 50
192 135 50
192 135 50
192 135 50
192 134 50
192 134 50
192 134 50
192 133 50
192 133 50
192 133 50
192 132 50
192 132 50
192 132 50
192 131 50
192 131 50
192 130 50
192 130 50
192 129 50
192 129 50
192 128 50
192 128 50
192 127 50
192 127 50
192 126 50
192 126 50
192 125 50
192 125 50
192 124 50
192 124 50
192 123 50
192 123 50
192 122 50
192 121 50
192 120 50
192 119 50
192 118 50
192 117 50
192 116 50
192 115 50
192 114 50
192 113 50
192 112 50
192 111 50
192 110 50
192 109 50
192 108 50
192 107 50
192 106 50
192 105 50
192 104 50
192 103 50
192 102 50
192 101 50
192 100 50
192 99 50
192 98 50
