16 119 120
17 119 120
18 119 120
19 119 120
20 119 120
21 119 120
22 119 120
23 119 120
24 119 120
25 119 120
26 119 120
27 119 120
28 119 120
29 119 120
30 119 120
31 119 120
32 119 120
33 119 120
34 119 120
35 119 120
36 119 120
37 119 120
38 119 120
39 119 120
40 119 120
41 119 120
42 119 120
43 119 120
44 119 120
45 119 120
46 119 120
47 119 120
48 119 120
49 119 120
50 119 120
51 119 120
52 119 120
52 119 120
53 119 120
53 119 120
53 119 120
54 119 240
54 119 120
54 119 120
55 119 360
55 119 120
55 119 120
55 119 120
56 119 600
56 119 120
56 119 120
56 119 120
57 119 840
57 119 120
57 119 120
57 119 120
58 119 1080
58 119 120
58 119 120
58 119 120
59 119 1320
59 119 120
59 119 120
59 119 120
60 119 1560
60 119 120
60 119 120
61 119 1680
61 119 120
61 119 120
61 119 120
62 119 1920
62 119 120
62 119 120
63 119 2040
63 119 120
63 119 120
63 119 120
64 119 2280
64 119 120
64 119 120
64 119 120
65 119 2520
65 119 120
65 119 120
65 119 120
66 119 2760
66 119 120
66 119 120
66 119 120
67 119 3000
67 119 120
67 119 120
67 119 120
68 119 3240
68 119 120
68 119 120
69 119 3360
69 119 120
70 119 3360
70 119 120
70 119 120
71 119 3480
71 119 120
72 119 3480
72 119 120
73 119 3480
73 119 120
73 119 120
74 119 3600
74 119 120
75 119 3600
75 119 120
75 119 120
75 119 120
76 119 3840
76 119 120
76 119 120
76 119 120
77 119 4080
77 119 120
77 119 120
77 119 120
78 119 4320
78 119 120
78 119 120
78 119 120
79 119 4560
79 119 120
79 119 120
79 119 120
80 119 4800
80 119 120
80 119 120
81 119 4920
81 119 120
82 119 4920
83 119 4920
83 118 4920
83 117 120
83 117 120
83 117 120
83 117 120
83 117 120
83 117 120
83 117 120
83 117 120
83 117 120
83 117 120
83 117 120
83 117 120
83 117 120
83 117 120
83 117 120
83 117 120
83 117 120
83 117 120
83 117 120
83 117 120
83 117 120
83 117 120
83 117 120
83 117 120
83 117 120
83 117 120
83 117 120
83 117 120
83 117 120
83 117 120
83 117 120
83 117 120
83 117 120
83 117 120
83 117 120
83 117 120
83 117 120
83 117 120
83 117 120
83 117 120
83 117 120
83 116 4800
83 115 4800
83 114 4800
83 113 120
83 113 120
83 113 120
83 113 120
83 113 120
83 113 120
83 113 120
83 113 120
83 113 120
83 113 120
83 113 120
83 113 120
83 113 120
83 113 120
83 113 120
83 113 120
83 113 120
83 113 120
83 113 120
83 113 120
83 113 120
83 113 120
83 113 120
83 113 120
83 113 120
83 113 120
83 113 120
83 113 120
83 113 120
83 113 120
83 113 120
83 112 3600
83 111 3600
83 110 3600
83 109 120
83 109 120
83 109 120
83 109 120
83 109 120
83 109 120
83 109 120
83 109 120
83 109 120
83 109 120
83 109 120
83 109 120
83 109 120
83 108 1440
83 107 1440
83 106 1440
83 105 120
83 105 120
83 105 120
83 105 120
83 104 360
83 103 360
83 102 360
83 101 120
83 100 120
83 99 120
83 98 120
83 97 120
83 96 120
83 95 120
83 94 120
83 93 120
83 92 120
83 91 120
15 119 120
14 119 120
13 119 120
12 119 120
11 119 120
11 118 120
11 117 120
11 116 120
11 115 120
11 114 120
11 113 120
11 112 120
11 111 120
11 110 120
11 109 120
11 108 120
11 107 120
11 107 120
11 106 120
11 106 120
11 105 120
11 105 120
11 105 120
11 104 240
11 104 120
11 103 240
11 103 120
11 103 120
11 102 360
11 102 120
11 101 360
11 101 120
11 100 360
11 100 120
11 100 120
11 99 480
11 99 120
11 98 480
11 98 120
11 98 120
11 97 600
11 97 120
11 96 600
11 96 120
11 95 600
11 94 600
11 93 600
11 92 120
11 92 120
11 92 120
11 91 240
11 90 240
11 89 240
11 88 120
11 88 120
11 87 120
11 86 120
11 85 120
11 84 120
11 83 120
11 82 120
11 81 120
11 80 120
11 79 120
11 78 120
11 77 120
11 77 120
11 76 120
11 76 120
11 75 120
11 75 120
11 74 120
11 74 120
11 73 120
11 73 120
11 72 120
11 72 120
11 72 120
11 71 240
11 71 120
11 71 120
11 70 360
11 70 120
11 70 120
11 69 480
11 69 120
11 69 120
11 68 600
11 68 120
11 68 120
11 67 720
11 67 120
11 66 720
11 66 120
11 65 720
11 65 120
11 64 720
11 63 720
11 62 720
11 61 120
11 61 120
11 61 120
11 60 240
11 59 240
11 58 240
11 57 120
11 56 120
11 55 120
11 54 120
11 53 120
11 52 120
11 51 120
11 50 120
11 49 120
11 48 120
11 47 120
11 46 120
11 46 120
11 45 120
11 45 120
11 44 120
11 44 120
11 43 120
11 43 120
11 42 120
11 42 120
11 41 120
11 41 120
11 40 120
11 40 120
11 40 120
11 39 240
11 39 120
11 38 240
11 38 120
11 37 240
11 37 120
11 36 240
11 36 120
11 36 120
11 35 360
11 35 120
11 34 360
11 34 120
11 34 120
11 33 480
11 33 120
11 32 480
11 32 120
11 31 480
11 31 120
11 30 480
11 29 480
11 28 480
11 27 120
11 27 120
11 26 120
11 26 120
11 25 120
11 24 120
11 23 120
11 22 120
11 21 120
11 20 120
11 19 120
11 18 120
11 17 120
100 39 120
100 39 120
100 39 120
100 39 120
100 39 120
99 39 480
99 39 120
98 39 480
97 39 480
96 39 480
95 39 120
95 39 120
94 39 120
93 39 120
92 39 120
91 39 120
90 39 120
89 39 120
88 39 120
87 39 120
86 39 120
85 39 120
84 39 120
83 39 120
83 40 120
83 41 120
83 42 120
83 43 120
83 44 120
83 45 120
83 46 120
83 47 120
83 48 120
83 49 120
83 50 120
83 51 120
83 52 120
83 53 120
83 54 120
83 55 120
83 56 120
83 57 120
83 58 120
83 59 120
83 60 120
83 61 120
83 62 120
83 63 120
83 64 120
83 65 120
83 66 120
83 67 120
83 68 120
83 69 120
83 70 120
83 71 120
83 72 120
83 73 120
83 74 120
83 75 120
83 76 120
83 77 120
83 78 120
83 79 120
83 80 120
83 81 120
83 82 120
83 83 120
83 84 120
83 85 120
83 86 120
83 87 120
83 88 120
83 89 120
83 90 120
114 143 120
113 143 120
112 143 120
111 143 120
110 143 120
109 143 120
108 143 120
107 143 120
106 143 120
105 143 120
104 143 120
103 143 120
102 143 120
101 143 120
100 143 120
99 143 120
98 143 120
97 143 120
96 143 120
95 143 120
94 143 120
93 143 120
92 143 120
91 143 120
90 143 120
89 143 120
88 143 120
87 143 120
86 143 120
85 143 120
84 143 120
83 143 120
83 142 120
83 142 120
83 141 120
83 141 120
83 141 120
83 140 240
83 140 120
83 140 120
83 139 360
83 139 120
83 139 120
83 139 120
83 138 600
83 138 120
83 138 120
83 138 120
83 138 120
83 137 960
83 137 120
83 137 120
83 137 120
83 136 1200
83 136 120
83 136 120
83 136 120
83 136 120
83 136 120
83 135 1680
83 135 120
83 135 120
83 135 120
83 134 1920
83 134 120
83 134 120
83 134 120
83 134 120
83 133 2280
83 133 120
83 133 120
83 133 120
83 133 120
83 132 2640
83 132 120
83 132 120
83 132 120
83 131 2880
83 131 120
83 131 120
83 130 3000
83 130 120
83 130 120
83 130 120
83 129 3240
83 129 120
83 129 120
83 128 3360
83 128 120
83 128 120
83 128 120
83 127 3600
83 127 120
83 127 120
83 127 120
83 126 3840
83 126 120
83 126 120
83 125 3960
83 125 120
83 125 120
83 125 120
83 125 120
83 124 4320
83 124 120
83 123 4320
83 123 120
83 123 120
83 122 4440
83 122 120
83 122 120
83 121 4560
83 121 120
83 121 120
83 120 4680
83 120 120
