10 84 25
9 84 25
8 84 25
7 84 25
6 84 25
5 84 25
5 85 25
5 86 25
5 87 25
5 88 25
5 89 25
5 90 25
5 91 25
5 92 25
5 93 25
5 94 25
5 95 25
5 96 25
5 97 25
5 98 25
5 99 25
5 100 25
5 101 25
5 102 25
5 103 25
5 104 25
5 105 25
5 106 25
5 107 25
5 108 25
5 109 25
5 110 25
5 111 25
5 112 25
5 113 25
5 114 25
5 115 25
5 116 25
5 117 25
5 118 25
5 119 25
5 120 25
5 121 25
5 122 25
5 123 25
5 124 25
5 125 25
5 126 25
5 127 25
5 128 25
5 129 25
5 130 25
5 131 25
5 131 25
5 132 25
5 132 25
5 133 25
5 133 25
5 134 25
5 134 25
5 135 25
5 135 25
5 136 25
5 136 25
5 137 25
5 137 25
5 138 25
5 138 25
5 139 25
5 140 25
5 141 25
11 84 25
12 84 25
13 84 25
14 84 25
15 84 25
16 84 25
17 84 25
18 84 25
19 84 25
20 84 25
21 84 25
22 84 25
23 84 25
24 84 25
25 84 25
26 84 25
27 84 25
28 84 25
29 84 25
30 84 25
31 84 25
32 84 25
33 84 25
34 84 25
35 84 25
36 84 25
37 84 25
38 84 25
39 84 25
40 84 25
41 84 25
42 84 25
43 84 25
44 84 25
45 84 25
46 84 25
47 84 25
48 84 25
49 84 25
50 84 25
50 84 25
51 84 25
51 84 25
52 84 25
52 84 25
52 84 25
53 84 25
53 84 25
53 84 25
53 84 25
54 84 25
54 84 25
54 84 25
54 84 25
54 84 25
54 84 25
55 84 25
55 84 25
55 84 25
55 84 25
55 84 25
55 84 25
55 84 25
55 84 25
55 84 25
56 84 25
56 84 25
56 84 25
56 84 25
56 84 25
56 84 25
56 84 25
56 84 25
56 84 25
56 84 25
56 84 25
57 84 25
57 84 25
57 84 25
57 84 25
57 84 25
57 84 25
57 84 25
57 84 25
57 84 25
57 84 25
57 84 25
57 84 25
57 84 25
57 84 25
58 84 25
58 84 25
58 84 25
58 84 25
58 84 25
58 84 25
58 84 25
58 84 25
58 84 25
58 84 25
58 84 25
58 84 25
58 84 25
58 84 25
58 84 25
58 84 25
58 84 25
58 84 25
59 84 25
59 84 25
59 84 25
59 84 25
59 84 25
59 84 25
59 84 25
59 84 25
59 84 25
59 84 25
59 84 25
59 84 25
59 84 25
59 84 25
59 84 25
59 84 25
59 84 25
59 84 25
59 84 25
59 84 25
60 84 25
60 84 25
60 84 25
60 84 25
60 84 25
60 84 25
60 84 25
60 84 25
60 84 25
60 84 25
60 84 25
60 84 25
60 84 25
60 84 25
60 84 25
60 84 25
60 84 25
60 84 25
60 84 25
60 84 25
61 84 25
61 84 25
61 84 25
61 84 25
61 84 25
61 84 25
61 84 25
61 84 25
61 84 25
61 84 25
61 84 25
61 84 25
61 84 25
61 84 25
61 84 25
61 84 25
61 84 25
61 84 25
61 84 25
62 84 25
62 84 25
62 84 25
62 84 25
62 84 25
62 84 25
62 84 25
62 84 25
62 84 25
62 84 25
62 84 25
62 84 25
62 84 25
62 84 25
62 84 25
62 84 25
62 84 25
62 84 25
63 84 25
63 84 25
63 84 25
63 84 25
63 84 25
63 84 25
63 84 25
63 84 25
63 84 25
63 84 25
63 84 25
63 84 25
63 84 25
63 84 25
63 84 25
63 84 25
64 84 25
64 84 25
64 84 25
64 84 25
64 84 25
64 84 25
64 84 25
64 84 25
64 84 25
64 84 25
64 84 25
64 84 25
64 84 25
64 84 25
64 84 25
64 84 25
65 84 25
65 84 25
65 84 25
65 84 25
65 84 25
65 84 25
65 84 25
65 84 25
65 84 25
65 84 25
65 84 25
65 84 25
65 84 25
65 84 25
65 84 25
65 84 25
66 84 25
66 84 25
66 84 25
66 84 25
66 84 25
66 84 25
66 84 25
66 84 25
66 84 25
66 84 25
66 84 25
66 84 25
66 84 25
66 84 25
66 84 25
66 84 25
66 84 25
67 84 25
67 84 25
67 84 25
67 84 25
67 84 25
67 84 25
67 84 25
67 84 25
67 84 25
67 84 25
67 84 25
67 84 25
67 84 25
67 84 25
67 84 25
67 84 25
67 84 25
67 84 25
67 84 25
67 84 25
67 83 475
67 82 25
67 82 25
67 82 25
67 82 25
67 82 25
67 82 25
67 82 25
67 82 25
67 82 25
67 82 25
67 82 25
67 82 25
67 82 25
67 82 25
67 82 25
67 81 25
67 81 25
67 81 25
67 81 25
67 81 25
67 81 25
67 81 25
67 81 25
67 81 25
67 81 25
67 81 25
67 81 25
67 81 25
67 81 25
67 80 25
67 80 25
67 80 25
67 80 25
67 80 25
67 80 25
67 80 25
67 80 25
67 80 25
67 80 25
67 80 25
67 80 25
67 80 25
67 79 25
67 79 25
67 79 25
67 79 25
67 79 25
67 79 25
67 79 25
67 79 25
67 79 25
67 79 25
67 79 25
67 79 25
67 79 25
67 78 25
67 78 25
67 78 25
67 78 25
67 78 25
67 78 25
67 78 25
67 78 25
67 78 25
67 78 25
67 78 25
67 78 25
67 78 25
67 78 25
67 77 25
67 77 25
67 77 25
67 77 25
67 77 25
67 77 25
67 77 25
67 77 25
67 77 25
67 77 25
67 77 25
67 77 25
67 77 25
67 77 25
67 77 25
67 76 25
67 76 25
67 76 25
67 76 25
67 76 25
67 76 25
67 76 25
67 76 25
67 76 25
67 76 25
67 76 25
67 76 25
67 76 25
67 76 25
67 76 25
67 76 25
67 76 25
67 75 25
67 75 25
67 75 25
67 75 25
67 75 25
67 75 25
67 75 25
67 75 25
67 75 25
67 75 25
67 75 25
67 75 25
67 75 25
67 75 25
67 75 25
67 75 25
67 75 25
67 75 25
67 75 25
67 75 25
67 74 25
67 74 25
67 74 25
67 74 25
67 74 25
67 74 25
67 74 25
67 74 25
67 74 25
67 74 25
67 74 25
67 74 25
67 74 25
67 74 25
67 74 25
67 74 25
67 74 25
67 74 25
67 74 25
67 74 25
67 74 25
67 74 25
67 74 25
67 73 25
67 73 25
67 73 25
67 73 25
67 73 25
67 73 25
67 73 25
67 73 25
67 73 25
67 73 25
67 73 25
67 73 25
67 73 25
67 73 25
67 73 25
67 73 25
67 73 25
67 73 25
67 73 25
67 73 25
67 73 25
67 73 25
67 73 25
67 73 25
67 73 25
67 73 25
67 72 25
67 72 25
67 72 25
67 72 25
67 72 25
67 72 25
67 72 25
67 72 25
67 72 25
67 72 25
67 72 25
67 72 25
67 72 25
67 72 25
67 72 25
67 72 25
67 72 25
67 72 25
67 72 25
67 72 25
67 72 25
67 72 25
67 72 25
67 72 25
67 72 25
67 72 25
67 72 25
67 72 25
67 71 25
67 71 25
67 71 25
67 71 25
67 71 25
67 71 25
67 71 25
67 71 25
67 71 25
67 71 25
67 71 25
67 71 25
67 71 25
67 71 25
67 71 25
67 71 25
67 71 25
67 71 25
67 71 25
67 71 25
67 71 25
67 71 25
67 71 25
67 71 25
67 71 25
67 71 25
67 71 25
67 71 25
67 71 25
67 70 25
67 70 25
67 70 25
67 70 25
67 70 25
67 70 25
67 70 25
67 70 25
67 70 25
67 70 25
67 70 25
67 70 25
67 70 25
67 70 25
67 70 25
67 70 25
67 70 25
67 70 25
67 70 25
67 70 25
67 70 25
67 70 25
67 70 25
67 70 25
67 70 25
67 70 25
67 70 25
67 69 25
67 69 25
67 69 25
67 69 25
67 69 25
67 69 25
67 69 25
67 69 25
67 69 25
67 69 25
67 69 25
67 69 25
67 69 25
67 69 25
67 69 25
67 69 25
67 69 25
67 69 25
67 69 25
67 69 25
67 69 25
67 69 25
67 69 25
67 69 25
67 69 25
67 68 25
67 68 25
67 68 25
67 68 25
67 68 25
67 68 25
67 68 25
67 68 25
67 68 25
67 68 25
67 68 25
67 68 25
67 68 25
67 68 25
67 68 25
67 68 25
67 68 25
67 68 25
67 68 25
67 68 25
67 68 25
67 68 25
67 67 25
67 67 25
67 67 25
67 67 25
67 67 25
67 67 25
67 67 25
67 67 25
67 67 25
67 67 25
67 67 25
67 67 25
67 67 25
67 67 25
67 67 25
67 67 25
67 67 25
67 67 25
67 67 25
67 66 25
67 66 25
67 66 25
67 66 25
67 66 25
67 66 25
67 66 25
67 66 25
67 66 25
67 66 25
67 66 25
67 66 25
67 66 25
67 66 25
67 66 25
67 66 25
67 65 25
67 65 25
67 65 25
67 65 25
67 65 25
67 65 25
67 65 25
67 65 25
67 65 25
67 65 25
67 65 25
67 65 25
67 65 25
67 65 25
67 64 25
67 64 25
67 64 25
67 64 25
67 64 25
67 64 25
67 64 25
67 64 25
67 64 25
67 64 25
67 64 25
67 64 25
67 63 25
67 63 25
67 63 25
67 63 25
67 63 25
67 63 25
67 63 25
67 63 25
67 63 25
67 63 25
68 63 225
69 63 25
69 63 25
69 63 25
69 63 25
69 63 25
69 63 25
69 63 25
69 63 25
70 63 25
70 63 25
70 63 25
70 63 25
70 63 25
70 63 25
70 63 25
70 63 25
71 63 25
71 63 25
71 63 25
71 63 25
71 63 25
71 63 25
71 63 25
72 63 25
72 63 25
72 63 25
72 63 25
72 63 25
72 63 25
72 63 25
73 63 25
73 63 25
73 63 25
73 63 25
73 63 25
73 63 25
73 63 25
74 63 25
74 63 25
74 63 25
74 63 25
74 63 25
74 63 25
74 63 25
74 63 25
75 63 25
75 63 25
75 63 25
75 63 25
75 63 25
75 63 25
75 63 25
75 63 25
75 63 25
76 63 25
76 63 25
76 63 25
76 63 25
76 63 25
76 63 25
76 63 25
76 63 25
76 63 25
76 63 25
76 63 25
77 63 25
77 63 25
77 63 25
77 63 25
77 63 25
77 63 25
77 63 25
77 63 25
77 63 25
77 63 25
77 63 25
77 63 25
77 63 25
77 63 25
77 63 25
78 63 25
78 63 25
78 63 25
78 63 25
78 63 25
78 63 25
78 63 25
78 63 25
78 63 25
78 63 25
78 63 25
78 63 25
78 63 25
78 63 25
78 63 25
78 63 25
78 63 25
78 63 25
78 63 25
79 63 25
79 63 25
79 63 25
79 63 25
79 63 25
79 63 25
79 63 25
79 63 25
79 63 25
79 63 25
79 63 25
79 63 25
79 63 25
79 63 25
79 63 25
79 63 25
79 63 25
79 63 25
79 63 25
79 63 25
79 63 25
79 63 25
79 63 25
80 63 25
80 63 25
80 63 25
80 63 25
80 63 25
80 63 25
80 63 25
80 63 25
80 63 25
80 63 25
80 63 25
80 63 25
80 63 25
80 63 25
80 63 25
80 63 25
80 63 25
80 63 25
80 63 25
80 63 25
80 63 25
80 63 25
80 63 25
80 63 25
80 63 25
80 63 25
80 63 25
81 63 25
81 63 25
81 63 25
81 63 25
81 63 25
81 63 25
81 63 25
81 63 25
81 63 25
81 63 25
81 63 25
81 63 25
81 63 25
81 63 25
81 63 25
81 63 25
81 63 25
81 63 25
81 63 25
81 63 25
81 63 25
81 63 25
81 63 25
81 63 25
81 63 25
81 63 25
81 63 25
81 63 25
81 63 25
81 63 25
82 63 25
82 63 25
82 63 25
82 63 25
82 63 25
82 63 25
82 63 25
82 63 25
82 63 25
82 63 25
82 63 25
82 63 25
82 63 25
82 63 25
82 63 25
82 63 25
82 63 25
82 63 25
82 63 25
82 63 25
82 63 25
82 63 25
82 63 25
82 63 25
82 63 25
82 63 25
82 63 25
82 63 25
82 63 25
82 63 25
82 63 25
82 63 25
82 63 25
82 63 25
83 63 25
83 63 25
83 63 25
83 63 25
83 63 25
83 63 25
83 63 25
83 63 25
83 63 25
83 63 25
83 63 25
83 63 25
83 63 25
83 63 25
83 63 25
83 63 25
83 63 25
83 63 25
83 63 25
83 63 25
83 63 25
83 63 25
83 63 25
83 63 25
83 63 25
83 63 25
83 63 25
83 63 25
83 63 25
83 63 25
83 63 25
83 63 25
83 63 25
83 63 25
83 63 25
83 63 25
83 63 25
83 63 25
84 63 25
84 63 25
84 63 25
84 63 25
84 63 25
84 63 25
84 63 25
84 63 25
84 63 25
84 63 25
84 63 25
84 63 25
84 63 25
84 63 25
84 63 25
84 63 25
84 63 25
84 63 25
84 63 25
84 63 25
84 63 25
84 63 25
84 63 25
84 63 25
84 63 25
84 63 25
84 63 25
84 63 25
84 63 25
84 63 25
84 63 25
84 63 25
84 63 25
84 63 25
84 63 25
84 63 25
84 63 25
84 63 25
84 63 25
84 63 25
84 63 25
84 63 25
85 63 25
85 63 25
85 63 25
85 63 25
85 63 25
85 63 25
85 63 25
85 63 25
85 63 25
85 63 25
85 63 25
85 63 25
85 63 25
85 63 25
85 63 25
85 63 25
85 63 25
85 63 25
85 63 25
85 63 25
85 63 25
85 63 25
85 63 25
85 63 25
85 63 25
85 63 25
85 63 25
85 63 25
85 63 25
85 63 25
85 63 25
85 63 25
85 63 25
85 63 25
85 63 25
85 63 25
85 63 25
85 63 25
85 63 25
85 63 25
85 63 25
85 63 25
85 63 25
85 63 25
86 63 25
86 63 25
86 63 25
86 63 25
86 63 25
86 63 25
86 63 25
86 63 25
86 63 25
86 63 25
86 63 25
86 63 25
86 63 25
86 63 25
86 63 25
86 63 25
86 63 25
86 63 25
86 63 25
86 63 25
86 63 25
86 63 25
86 63 25
86 63 25
86 63 25
86 63 25
86 63 25
86 63 25
86 63 25
86 63 25
86 63 25
86 63 25
86 63 25
86 63 25
86 63 25
86 63 25
86 63 25
86 63 25
86 63 25
86 63 25
86 63 25
86 63 25
86 63 25
86 63 25
87 63 25
87 63 25
87 63 25
87 63 25
87 63 25
87 63 25
87 63 25
87 63 25
87 63 25
87 63 25
87 63 25
87 63 25
87 63 25
87 63 25
87 63 25
87 63 25
87 63 25
87 63 25
87 63 25
87 63 25
87 63 25
87 63 25
87 63 25
87 63 25
87 63 25
87 63 25
87 63 25
87 63 25
87 63 25
87 63 25
87 63 25
87 63 25
87 63 25
87 63 25
87 63 25
87 63 25
87 63 25
87 63 25
87 63 25
87 63 25
87 63 25
88 63 25
88 63 25
88 63 25
88 63 25
88 63 25
88 63 25
88 63 25
88 63 25
88 63 25
88 63 25
88 63 25
88 63 25
88 63 25
88 63 25
88 63 25
88 63 25
88 63 25
88 63 25
88 63 25
88 63 25
88 63 25
88 63 25
88 63 25
88 63 25
88 63 25
88 63 25
88 63 25
88 63 25
88 63 25
88 63 25
88 63 25
88 63 25
88 63 25
88 63 25
88 63 25
88 63 25
89 63 25
89 63 25
89 63 25
89 63 25
89 63 25
89 63 25
89 63 25
89 63 25
89 63 25
89 63 25
89 63 25
89 63 25
89 63 25
89 63 25
89 63 25
89 63 25
89 63 25
89 63 25
89 63 25
89 63 25
89 63 25
89 63 25
89 63 25
89 63 25
89 63 25
89 63 25
89 63 25
89 63 25
89 63 25
89 63 25
89 63 25
90 63 25
90 63 25
90 63 25
90 63 25
90 63 25
90 63 25
90 63 25
90 63 25
90 63 25
90 63 25
90 63 25
90 63 25
90 63 25
90 63 25
90 63 25
90 63 25
90 63 25
90 63 25
90 63 25
90 63 25
90 63 25
90 63 25
90 63 25
90 63 25
90 63 25
90 63 25
90 63 25
91 63 25
91 63 25
91 63 25
91 63 25
91 63 25
91 63 25
91 63 25
91 63 25
91 63 25
91 63 25
91 63 25
91 63 25
91 63 25
91 63 25
91 63 25
91 63 25
91 63 25
91 63 25
91 63 25
91 63 25
91 63 25
91 63 25
91 63 25
92 63 25
92 63 25
92 63 25
92 63 25
92 63 25
92 63 25
92 63 25
92 63 25
92 63 25
92 63 25
92 63 25
92 63 25
92 63 25
92 63 25
92 63 25
92 63 25
92 63 25
92 63 25
92 63 25
92 63 25
93 63 25
93 63 25
93 63 25
93 63 25
93 63 25
93 63 25
93 63 25
93 63 25
93 63 25
93 63 25
93 63 25
93 63 25
93 63 25
93 63 25
93 63 25
93 63 25
93 63 25
93 63 25
93 63 25
94 63 25
94 63 25
94 63 25
94 63 25
94 63 25
94 63 25
94 63 25
94 63 25
94 63 25
94 63 25
94 63 25
94 63 25
94 63 25
94 63 25
94 63 25
94 63 25
94 63 25
95 63 25
95 63 25
95 63 25
95 63 25
95 63 25
95 63 25
95 63 25
95 63 25
95 63 25
95 63 25
95 63 25
95 63 25
95 63 25
95 63 25
95 63 25
96 63 25
96 63 25
96 63 25
96 63 25
96 63 25
96 63 25
96 63 25
96 63 25
96 63 25
96 63 25
96 63 25
96 63 25
96 63 25
97 63 25
97 63 25
97 63 25
97 63 25
97 63 25
97 63 25
97 63 25
97 63 25
97 63 25
97 63 25
97 63 25
97 63 25
98 63 25
98 63 25
98 63 25
98 63 25
98 63 25
98 63 25
98 63 25
98 63 25
98 63 25
98 63 25
98 63 25
98 63 25
99 63 25
99 63 25
99 63 25
99 63 25
99 63 25
99 63 25
99 63 25
99 63 25
99 63 25
99 63 25
99 63 25
99 63 25
99 63 25
100 63 25
100 63 25
100 63 25
100 63 25
100 63 25
100 63 25
100 63 25
100 63 25
100 63 25
100 63 25
100 63 25
100 63 25
100 63 25
100 63 25
101 63 25
101 63 25
101 63 25
101 63 25
101 63 25
101 63 25
101 63 25
101 63 25
101 63 25
101 63 25
101 63 25
101 63 25
101 63 25
101 63 25
101 63 25
101 63 25
101 63 25
102 63 25
102 63 25
102 63 25
102 63 25
102 63 25
102 63 25
102 63 25
102 63 25
102 63 25
102 63 25
102 63 25
102 63 25
102 63 25
102 63 25
102 63 25
102 63 25
102 63 25
102 63 25
102 63 25
102 63 25
102 63 25
103 63 25
103 63 25
103 63 25
103 63 25
103 63 25
103 63 25
103 63 25
103 63 25
103 63 25
103 63 25
103 63 25
103 63 25
103 63 25
103 63 25
103 63 25
103 63 25
103 63 25
103 63 25
103 63 25
103 63 25
103 63 25
103 63 25
103 63 25
103 63 25
103 63 25
103 63 25
104 63 25
104 63 25
104 63 25
104 63 25
104 63 25
104 63 25
104 63 25
104 63 25
104 63 25
104 63 25
104 63 25
104 63 25
104 63 25
104 63 25
104 63 25
104 63 25
104 63 25
104 63 25
104 63 25
104 63 25
104 63 25
104 63 25
104 63 25
104 63 25
104 63 25
104 63 25
104 63 25
104 63 25
104 63 25
104 63 25
105 63 25
105 63 25
105 63 25
105 63 25
105 63 25
105 63 25
105 63 25
105 63 25
105 63 25
105 63 25
105 63 25
105 63 25
105 63 25
105 63 25
105 63 25
105 63 25
105 63 25
105 63 25
105 63 25
105 63 25
105 63 25
105 63 25
105 63 25
105 63 25
105 63 25
105 63 25
105 63 25
105 63 25
105 63 25
105 63 25
105 63 25
105 63 25
105 63 25
105 63 25
105 63 25
106 63 25
106 63 25
106 63 25
106 63 25
106 63 25
106 63 25
106 63 25
106 63 25
106 63 25
106 63 25
106 63 25
106 63 25
106 63 25
106 63 25
106 63 25
106 63 25
106 63 25
106 63 25
106 63 25
106 63 25
106 63 25
106 63 25
106 63 25
106 63 25
106 63 25
106 63 25
106 63 25
106 63 25
106 63 25
106 63 25
106 63 25
106 63 25
106 63 25
106 63 25
106 63 25
106 63 25
106 63 25
106 63 25
106 63 25
106 63 25
106 63 25
107 63 25
107 63 25
107 63 25
107 63 25
107 63 25
107 63 25
107 63 25
107 63 25
107 63 25
107 63 25
107 63 25
107 63 25
107 63 25
107 63 25
107 63 25
107 63 25
107 63 25
107 63 25
107 63 25
107 63 25
107 63 25
107 63 25
107 63 25
107 63 25
107 63 25
107 63 25
107 63 25
107 63 25
107 63 25
107 63 25
107 63 25
107 63 25
107 63 25
107 63 25
107 63 25
107 63 25
107 63 25
107 63 25
107 63 25
107 63 25
107 63 25
107 63 25
107 63 25
107 63 25
107 63 25
107 63 25
107 63 25
107 63 25
108 63 25
108 63 25
108 63 25
108 63 25
108 63 25
108 63 25
108 63 25
108 63 25
108 63 25
108 63 25
108 63 25
108 63 25
108 63 25
108 63 25
108 63 25
108 63 25
108 63 25
108 63 25
108 63 25
108 63 25
108 63 25
108 63 25
108 63 25
108 63 25
108 63 25
108 63 25
108 63 25
108 63 25
108 63 25
108 63 25
108 63 25
108 63 25
108 63 25
108 63 25
108 63 25
108 63 25
108 63 25
108 63 25
108 63 25
108 63 25
108 63 25
108 63 25
108 63 25
108 63 25
108 63 25
108 63 25
108 63 25
108 63 25
108 63 25
108 63 25
108 63 25
108 63 25
108 63 25
108 63 25
108 63 25
108 63 25
108 63 25
108 63 25
109 63 25
109 63 25
109 63 25
109 63 25
109 63 25
109 63 25
109 63 25
109 63 25
109 63 25
109 63 25
109 63 25
109 63 25
109 63 25
109 63 25
109 63 25
109 63 25
109 63 25
109 63 25
109 63 25
109 63 25
109 63 25
109 63 25
109 63 25
109 63 25
109 63 25
109 63 25
109 63 25
109 63 25
109 63 25
109 63 25
109 63 25
109 63 25
109 63 25
109 63 25
109 63 25
109 63 25
109 63 25
109 63 25
109 63 25
109 63 25
109 63 25
109 63 25
109 63 25
109 63 25
109 63 25
109 63 25
109 63 25
109 63 25
109 63 25
109 63 25
109 63 25
109 63 25
109 63 25
109 63 25
109 63 25
109 63 25
109 63 25
109 63 25
109 63 25
109 63 25
109 63 25
109 63 25
109 63 25
109 63 25
109 63 25
109 63 25
109 63 25
109 63 25
110 63 25
110 63 25
110 63 25
110 63 25
110 63 25
110 63 25
110 63 25
110 63 25
110 63 25
110 63 25
110 63 25
110 63 25
110 63 25
110 63 25
110 63 25
110 63 25
110 63 25
110 63 25
110 63 25
110 63 25
110 63 25
110 63 25
110 63 25
110 63 25
110 63 25
110 63 25
110 63 25
110 63 25
110 63 25
110 63 25
110 63 25
110 63 25
110 63 25
110 63 25
110 63 25
110 63 25
110 63 25
110 63 25
110 63 25
110 63 25
110 63 25
110 63 25
110 63 25
110 63 25
110 63 25
110 63 25
110 63 25
110 63 25
110 63 25
110 63 25
110 63 25
110 63 25
110 63 25
110 63 25
110 63 25
110 63 25
110 63 25
110 63 25
110 63 25
110 63 25
110 63 25
110 63 25
110 63 25
110 63 25
110 63 25
110 63 25
110 63 25
110 63 25
110 63 25
110 63 25
110 63 25
110 63 25
110 63 25
110 63 25
110 63 25
110 63 25
110 62 1875
110 61 25
110 61 25
110 61 25
110 61 25
110 61 25
110 61 25
110 61 25
110 61 25
110 61 25
110 61 25
110 61 25
110 61 25
110 61 25
110 61 25
110 61 25
110 61 25
110 61 25
110 61 25
110 61 25
110 61 25
110 61 25
110 61 25
110 61 25
110 61 25
110 61 25
110 61 25
110 61 25
110 61 25
110 61 25
110 61 25
110 61 25
110 61 25
110 61 25
110 61 25
110 61 25
110 61 25
110 61 25
110 61 25
110 61 25
110 61 25
110 61 25
110 61 25
110 61 25
110 61 25
110 61 25
110 61 25
110 61 25
110 61 25
110 61 25
110 61 25
110 61 25
110 61 25
110 61 25
110 61 25
110 61 25
110 61 25
110 61 25
110 61 25
110 61 25
110 61 25
110 61 25
110 61 25
110 61 25
110 61 25
110 61 25
110 61 25
110 60 25
110 60 25
110 60 25
110 60 25
110 60 25
110 60 25
110 60 25
110 60 25
110 60 25
110 60 25
110 60 25
110 60 25
110 60 25
110 60 25
110 60 25
110 60 25
110 60 25
110 60 25
110 60 25
110 60 25
110 60 25
110 60 25
110 60 25
110 60 25
110 60 25
110 60 25
110 60 25
110 60 25
110 60 25
110 60 25
110 60 25
110 60 25
110 60 25
110 60 25
110 60 25
110 60 25
110 60 25
110 60 25
110 60 25
110 60 25
110 60 25
110 60 25
110 60 25
110 60 25
110 60 25
110 60 25
110 60 25
110 60 25
110 60 25
110 60 25
110 60 25
110 60 25
110 60 25
110 60 25
110 60 25
110 60 25
110 60 25
110 60 25
110 60 25
110 60 25
110 60 25
110 60 25
110 59 25
110 59 25
110 59 25
110 59 25
110 59 25
110 59 25
110 59 25
110 59 25
110 59 25
110 59 25
110 59 25
110 59 25
110 59 25
110 59 25
110 59 25
110 59 25
110 59 25
110 59 25
110 59 25
110 59 25
110 59 25
110 59 25
110 59 25
110 59 25
110 59 25
110 59 25
110 59 25
110 59 25
110 59 25
110 59 25
110 59 25
110 59 25
110 59 25
110 59 25
110 59 25
110 59 25
110 59 25
110 59 25
110 59 25
110 59 25
110 59 25
110 59 25
110 59 25
110 59 25
110 59 25
110 59 25
110 59 25
110 59 25
110 59 25
110 59 25
110 59 25
110 59 25
110 59 25
110 59 25
110 59 25
110 59 25
110 59 25
110 59 25
110 58 25
110 58 25
110 58 25
110 58 25
110 58 25
110 58 25
110 58 25
110 58 25
110 58 25
110 58 25
110 58 25
110 58 25
110 58 25
110 58 25
110 58 25
110 58 25
110 58 25
110 58 25
110 58 25
110 58 25
110 58 25
110 58 25
110 58 25
110 58 25
110 58 25
110 58 25
110 58 25
110 58 25
110 58 25
110 58 25
110 58 25
110 58 25
110 58 25
110 58 25
110 58 25
110 58 25
110 58 25
110 58 25
110 58 25
110 58 25
110 58 25
110 58 25
110 58 25
110 58 25
110 58 25
110 58 25
110 58 25
110 58 25
110 58 25
110 58 25
110 58 25
110 58 25
110 58 25
110 58 25
110 57 25
110 57 25
110 57 25
110 57 25
110 57 25
110 57 25
110 57 25
110 57 25
110 57 25
110 57 25
110 57 25
110 57 25
110 57 25
110 57 25
110 57 25
110 57 25
110 57 25
110 57 25
110 57 25
110 57 25
110 57 25
110 57 25
110 57 25
110 57 25
110 57 25
110 57 25
110 57 25
110 57 25
110 57 25
110 57 25
110 57 25
110 57 25
110 57 25
110 57 25
110 57 25
110 57 25
110 57 25
110 57 25
110 57 25
110 57 25
110 57 25
110 57 25
110 57 25
110 57 25
110 57 25
110 57 25
110 57 25
110 57 25
110 57 25
110 57 25
110 56 25
110 56 25
110 56 25
110 56 25
110 56 25
110 56 25
110 56 25
110 56 25
110 56 25
110 56 25
110 56 25
110 56 25
110 56 25
110 56 25
110 56 25
110 56 25
110 56 25
110 56 25
110 56 25
110 56 25
110 56 25
110 56 25
110 56 25
110 56 25
110 56 25
110 56 25
110 56 25
110 56 25
110 56 25
110 56 25
110 56 25
110 56 25
110 56 25
110 56 25
110 56 25
110 56 25
110 56 25
110 56 25
110 56 25
110 56 25
110 56 25
110 56 25
110 56 25
110 56 25
110 56 25
110 56 25
110 55 25
110 55 25
110 55 25
110 55 25
110 55 25
110 55 25
110 55 25
110 55 25
110 55 25
110 55 25
110 55 25
110 55 25
110 55 25
110 55 25
110 55 25
110 55 25
110 55 25
110 55 25
110 55 25
110 55 25
110 55 25
110 55 25
110 55 25
110 55 25
110 55 25
110 55 25
110 55 25
110 55 25
110 55 25
110 55 25
110 55 25
110 55 25
110 55 25
110 55 25
110 55 25
110 55 25
110 55 25
110 55 25
110 55 25
110 55 25
110 55 25
110 55 25
110 54 25
110 54 25
110 54 25
110 54 25
110 54 25
110 54 25
110 54 25
110 54 25
110 54 25
110 54 25
110 54 25
110 54 25
110 54 25
110 54 25
110 54 25
110 54 25
110 54 25
110 54 25
110 54 25
110 54 25
110 54 25
110 54 25
110 54 25
110 54 25
110 54 25
110 54 25
110 54 25
110 54 25
110 54 25
110 54 25
110 54 25
110 54 25
110 54 25
110 54 25
110 54 25
110 54 25
110 54 25
110 54 25
110 53 25
110 53 25
110 53 25
110 53 25
110 53 25
110 53 25
110 53 25
110 53 25
110 53 25
110 53 25
110 53 25
110 53 25
110 53 25
110 53 25
110 53 25
110 53 25
110 53 25
110 53 25
110 53 25
110 53 25
110 53 25
110 53 25
110 53 25
110 53 25
110 53 25
110 53 25
110 53 25
110 53 25
110 53 25
110 53 25
110 53 25
110 53 25
110 53 25
110 53 25
110 52 25
110 52 25
110 52 25
110 52 25
110 52 25
110 52 25
110 52 25
110 52 25
110 52 25
110 52 25
110 52 25
110 52 25
110 52 25
110 52 25
110 52 25
110 52 25
110 52 25
110 52 25
110 52 25
110 52 25
110 52 25
110 52 25
110 52 25
110 52 25
110 52 25
110 52 25
110 52 25
110 52 25
110 52 25
110 52 25
110 51 25
110 51 25
110 51 25
110 51 25
110 51 25
110 51 25
110 51 25
110 51 25
110 51 25
110 51 25
110 51 25
110 51 25
110 51 25
110 51 25
110 51 25
110 51 25
110 51 25
110 51 25
110 51 25
110 51 25
110 51 25
110 51 25
110 51 25
110 51 25
110 51 25
110 50 25
110 50 25
110 50 25
110 50 25
110 50 25
110 50 25
110 50 25
110 50 25
110 50 25
110 50 25
110 50 25
110 50 25
110 50 25
110 50 25
110 50 25
110 50 25
110 50 25
110 50 25
110 50 25
110 50 25
110 49 25
110 49 25
110 49 25
110 49 25
110 49 25
110 49 25
110 49 25
110 49 25
110 49 25
110 49 25
110 49 25
110 49 25
110 49 25
110 49 25
110 49 25
110 48 25
110 48 25
110 48 25
110 48 25
110 48 25
110 48 25
110 48 25
110 48 25
110 48 25
110 48 25
110 47 25
110 47 25
110 47 25
110 47 25
110 47 25
110 47 25
110 47 25
110 46 25
110 46 25
110 46 25
110 46 25
110 46 25
110 45 25
110 45 25
110 45 25
110 45 25
110 44 25
110 44 25
110 44 25
110 43 25
110 43 25
110 43 25
110 42 25
110 42 25
110 42 25
110 41 25
110 41 25
110 41 25
110 40 25
110 40 25
110 40 25
110 39 25
110 39 25
110 38 25
110 38 25
110 38 25
110 37 25
110 37 25
110 37 25
110 36 25
110 36 25
110 36 25
110 35 25
110 35 25
110 35 25
110 34 25
110 34 25
110 34 25
110 33 25
110 33 25
110 33 25
110 32 25
110 32 25
110 32 25
110 31 25
110 31 25
110 31 25
110 30 25
110 30 25
110 30 25
110 29 25
110 29 25
110 29 25
110 28 25
110 28 25
110 27 25
110 27 25
110 26 25
110 26 25
110 25 25
110 25 25
110 24 25
110 24 25
110 23 25
110 22 25
110 21 25
110 20 25
110 19 25
110 18 25
110 18 25
110 17 25
110 17 25
110 16 25
110 16 25
110 15 25
110 15 25
110 14 25
110 14 25
110 14 25
110 13 25
110 13 25
110 13 25
110 12 25
110 12 25
110 12 25
110 11 25
110 11 25
110 11 25
110 11 25
110 10 25
110 10 25
110 10 25
110 10 25
110 9 25
110 9 25
110 9 25
110 9 25
190 186 75
190 186 25
190 186 25
189 186 25
189 186 25
189 186 25
189 186 25
189 186 25
188 186 25
188 186 25
188 186 25
188 186 25
188 186 25
187 186 25
187 186 25
187 186 25
187 186 25
186 186 25
186 186 25
186 186 25
186 186 25
185 186 25
185 186 25
185 186 25
184 186 25
184 186 25
184 186 25
183 186 25
183 186 25
183 186 25
182 186 25
182 186 25
182 186 25
182 186 25
181 186 25
181 186 25
181 186 25
181 186 25
181 186 25
180 186 25
180 186 25
180 186 25
180 186 25
180 186 25
180 186 25
179 186 25
179 186 25
179 186 25
179 186 25
179 186 25
179 186 25
179 186 25
178 186 25
178 186 25
178 186 25
178 186 25
178 186 25
178 186 25
178 186 25
178 186 25
178 186 25
177 186 25
177 186 25
177 186 25
177 186 25
177 186 25
177 186 25
177 186 25
177 186 25
177 186 25
177 186 25
177 186 25
176 186 25
176 186 25
176 186 25
176 186 25
176 186 25
176 186 25
176 186 25
176 186 25
176 186 25
176 186 25
176 186 25
176 186 25
176 186 25
175 186 25
175 186 25
175 186 25
175 186 25
175 186 25
175 186 25
175 186 25
175 186 25
175 186 25
175 186 25
175 186 25
175 186 25
175 186 25
175 186 25
174 186 25
174 186 25
174 186 25
174 186 25
174 186 25
174 186 25
174 186 25
174 186 25
174 186 25
174 186 25
174 186 25
174 186 25
174 186 25
174 186 25
174 186 25
173 186 25
173 186 25
173 186 25
173 186 25
173 186 25
173 186 25
173 186 25
173 186 25
173 186 25
173 186 25
173 186 25
173 186 25
173 186 25
173 186 25
173 186 25
172 186 25
172 186 25
172 186 25
172 186 25
172 186 25
172 186 25
172 186 25
172 186 25
172 186 25
172 186 25
172 186 25
172 186 25
172 186 25
172 186 25
171 186 25
171 186 25
171 186 25
171 186 25
171 186 25
171 186 25
171 186 25
171 186 25
171 186 25
171 186 25
171 186 25
171 186 25
171 186 25
170 186 25
170 186 25
170 186 25
170 186 25
170 186 25
170 186 25
170 186 25
170 186 25
170 186 25
170 186 25
170 186 25
170 186 25
169 186 25
169 186 25
169 186 25
169 186 25
169 186 25
169 186 25
169 186 25
169 186 25
169 186 25
169 186 25
169 186 25
169 186 25
168 186 25
168 186 25
168 186 25
168 186 25
168 186 25
168 186 25
168 186 25
168 186 25
168 186 25
168 186 25
168 186 25
168 186 25
167 186 25
167 186 25
167 186 25
167 186 25
167 186 25
167 186 25
167 186 25
167 186 25
167 186 25
167 186 25
167 186 25
167 186 25
167 186 25
166 186 25
166 186 25
166 186 25
166 186 25
166 186 25
166 186 25
166 186 25
166 186 25
166 186 25
166 186 25
166 186 25
166 186 25
166 186 25
166 186 25
165 186 25
165 186 25
165 186 25
165 186 25
165 186 25
165 186 25
165 186 25
165 186 25
165 186 25
165 186 25
165 186 25
165 186 25
165 186 25
165 186 25
165 186 25
165 186 25
164 186 25
164 186 25
164 186 25
164 186 25
164 186 25
164 186 25
164 186 25
164 186 25
164 186 25
164 186 25
164 186 25
164 186 25
164 186 25
164 186 25
164 186 25
164 186 25
164 186 25
164 186 25
164 186 25
163 186 25
163 186 25
163 186 25
163 186 25
163 186 25
163 186 25
163 186 25
163 186 25
163 186 25
163 186 25
163 186 25
163 186 25
163 186 25
163 186 25
163 186 25
163 186 25
163 186 25
163 186 25
163 186 25
163 186 25
163 186 25
163 186 25
162 186 25
162 186 25
162 186 25
162 186 25
162 186 25
162 186 25
162 186 25
162 186 25
162 186 25
162 186 25
162 186 25
162 186 25
162 186 25
162 186 25
162 186 25
162 186 25
162 186 25
162 186 25
162 186 25
162 186 25
162 186 25
162 186 25
162 186 25
162 186 25
162 186 25
162 186 25
161 186 25
161 186 25
161 186 25
161 186 25
161 186 25
161 186 25
161 186 25
161 186 25
161 186 25
161 186 25
161 186 25
161 186 25
161 186 25
161 186 25
161 186 25
161 186 25
161 186 25
161 186 25
161 186 25
161 186 25
161 186 25
161 186 25
161 186 25
161 186 25
161 186 25
161 186 25
161 186 25
161 186 25
161 186 25
161 186 25
160 186 25
160 186 25
160 186 25
160 186 25
160 186 25
160 186 25
160 186 25
160 186 25
160 186 25
160 186 25
160 186 25
160 186 25
160 186 25
160 186 25
160 186 25
160 186 25
160 186 25
160 186 25
160 186 25
160 186 25
160 186 25
160 186 25
160 186 25
160 186 25
160 186 25
160 186 25
160 186 25
160 186 25
160 186 25
160 186 25
160 186 25
160 186 25
159 186 25
159 186 25
159 186 25
159 186 25
159 186 25
159 186 25
159 186 25
159 186 25
159 186 25
159 186 25
159 186 25
159 186 25
159 186 25
159 186 25
159 186 25
159 186 25
159 186 25
159 186 25
159 186 25
159 186 25
159 186 25
159 186 25
159 186 25
159 186 25
159 186 25
159 186 25
159 186 25
159 186 25
159 186 25
159 186 25
159 186 25
159 186 25
159 186 25
158 186 25
158 186 25
158 186 25
158 186 25
158 186 25
158 186 25
158 186 25
158 186 25
158 186 25
158 186 25
158 186 25
158 186 25
158 186 25
158 186 25
158 186 25
158 186 25
158 186 25
158 186 25
158 186 25
158 186 25
158 186 25
158 186 25
158 186 25
158 186 25
158 186 25
158 186 25
158 186 25
158 186 25
158 186 25
158 186 25
158 186 25
158 186 25
157 186 25
157 186 25
157 186 25
157 186 25
157 186 25
157 186 25
157 186 25
157 186 25
157 186 25
157 186 25
157 186 25
157 186 25
157 186 25
157 186 25
157 186 25
157 186 25
157 186 25
157 186 25
157 186 25
157 186 25
157 186 25
157 186 25
157 186 25
157 186 25
157 186 25
157 186 25
157 186 25
157 186 25
156 186 25
156 186 25
156 186 25
156 186 25
156 186 25
156 186 25
156 186 25
156 186 25
156 186 25
156 186 25
156 186 25
156 186 25
156 186 25
156 186 25
156 186 25
156 186 25
156 186 25
156 186 25
156 186 25
156 186 25
156 186 25
156 186 25
156 186 25
156 186 25
156 186 25
155 186 25
155 186 25
155 186 25
155 186 25
155 186 25
155 186 25
155 186 25
155 186 25
155 186 25
155 186 25
155 186 25
155 186 25
155 186 25
155 186 25
155 186 25
155 186 25
155 186 25
155 186 25
155 186 25
155 186 25
155 186 25
154 186 25
154 186 25
154 186 25
154 186 25
154 186 25
154 186 25
154 186 25
154 186 25
154 186 25
154 186 25
154 186 25
154 186 25
154 186 25
154 186 25
154 186 25
154 186 25
154 186 25
154 186 25
153 186 25
153 186 25
153 186 25
153 186 25
153 186 25
153 186 25
153 186 25
153 186 25
153 186 25
153 186 25
153 186 25
153 186 25
153 186 25
153 186 25
153 186 25
153 186 25
152 186 25
152 186 25
152 186 25
152 186 25
152 186 25
152 186 25
152 186 25
152 186 25
152 186 25
152 186 25
152 186 25
152 186 25
152 186 25
152 186 25
151 186 25
151 186 25
151 186 25
151 186 25
151 186 25
151 186 25
151 186 25
151 186 25
151 186 25
151 186 25
151 186 25
151 186 25
151 185 275
151 184 25
151 184 25
151 184 25
151 184 25
151 184 25
151 184 25
151 184 25
151 183 25
151 183 25
151 183 25
151 183 25
151 183 25
151 182 25
151 182 25
151 182 25
151 182 25
151 181 25
151 181 25
151 181 25
151 180 25
151 180 25
151 180 25
151 179 25
151 179 25
151 179 25
151 178 25
151 178 25
151 178 25
151 177 25
151 177 25
151 177 25
151 176 25
151 176 25
151 176 25
151 175 25
151 175 25
151 175 25
151 174 25
151 174 25
151 174 25
151 173 25
151 173 25
151 173 25
151 173 25
151 172 25
151 172 25
151 172 25
151 172 25
151 171 25
151 171 25
151 171 25
151 171 25
151 170 25
151 170 25
151 170 25
151 170 25
151 170 25
151 169 25
151 169 25
151 169 25
151 169 25
151 169 25
151 168 25
151 168 25
151 168 25
151 168 25
151 168 25
151 167 25
151 167 25
151 167 25
151 167 25
151 167 25
151 166 25
151 166 25
151 166 25
151 166 25
151 165 25
151 165 25
151 165 25
151 164 25
151 164 25
151 164 25
151 163 25
151 163 25
151 162 25
151 162 25
151 161 25
151 161 25
151 160 25
151 160 25
151 159 25
151 158 25
151 157 25
151 156 25
151 155 25
151 154 25
151 153 25
151 152 25
151 151 25
151 150 25
151 149 25
151 149 25
151 148 25
151 148 25
151 147 25
151 147 25
151 146 25
151 146 25
151 145 25
151 145 25
151 144 25
151 144 25
151 143 25
151 143 25
151 142 25
151 142 25
151 141 25
151 141 25
151 140 25
151 140 25
151 140 25
151 139 25
151 139 25
151 139 25
151 138 25
151 138 25
151 138 25
151 138 25
151 137 25
151 137 25
151 137 25
151 137 25
151 136 25
151 136 25
151 136 25
151 136 25
151 136 25
151 135 25
151 135 25
151 135 25
151 135 25
151 135 25
151 134 25
151 134 25
151 134 25
151 134 25
151 134 25
