178 126 80
178 126 80
178 126 80
178 126 80
178 126 80
178 126 80
178 126 80
178 126 80
178 126 80
178 126 80
178 126 80
178 126 80
178 126 80
178 126 80
178 126 80
178 126 80
178 126 80
178 126 80
178 126 80
178 126 80
178 126 80
177 126 80
177 126 80
177 126 80
177 126 80
177 126 80
177 126 80
177 126 80
177 126 80
177 126 80
177 126 80
177 126 80
177 126 80
177 126 80
177 126 80
177 126 80
177 126 80
177 126 80
177 126 80
177 126 80
177 126 80
177 126 80
177 126 80
177 126 80
176 126 80
176 126 80
176 126 80
176 126 80
176 126 80
176 126 80
176 126 80
176 126 80
176 126 80
176 126 80
176 126 80
176 126 80
176 126 80
176 126 80
176 126 80
176 126 80
176 126 80
176 126 80
176 126 80
176 126 80
176 126 80
176 126 80
176 126 80
176 126 80
176 126 80
175 126 80
175 126 80
175 126 80
175 126 80
175 126 80
175 126 80
175 126 80
175 126 80
175 126 80
175 126 80
175 126 80
175 126 80
175 126 80
175 126 80
175 126 80
175 126 80
175 126 80
175 126 80
175 126 80
175 126 80
175 126 80
175 126 80
175 126 80
175 126 80
175 126 80
175 126 80
175 126 80
174 126 80
174 126 80
174 126 80
174 126 80
174 126 80
174 126 80
174 126 80
174 126 80
174 126 80
174 126 80
174 126 80
174 126 80
174 126 80
174 126 80
174 126 80
174 126 80
174 126 80
174 126 80
174 126 80
174 126 80
174 126 80
174 126 80
174 126 80
174 126 80
174 126 80
174 126 80
174 126 80
174 126 80
173 126 80
173 126 80
173 126 80
173 126 80
173 126 80
173 126 80
173 126 80
173 126 80
173 126 80
173 126 80
173 126 80
173 126 80
173 126 80
173 126 80
173 126 80
173 126 80
173 126 80
173 126 80
173 126 80
173 126 80
173 126 80
173 126 80
173 126 80
173 126 80
173 126 80
173 126 80
173 126 80
173 126 80
172 126 80
172 126 80
172 126 80
172 126 80
172 126 80
172 126 80
172 126 80
172 126 80
172 126 80
172 126 80
172 126 80
172 126 80
172 126 80
172 126 80
172 126 80
172 126 80
172 126 80
172 126 80
172 126 80
172 126 80
172 126 80
172 126 80
172 126 80
172 126 80
172 126 80
172 126 80
172 126 80
172 126 80
171 126 80
171 126 80
171 126 80
171 126 80
171 126 80
171 126 80
171 126 80
171 126 80
171 126 80
171 126 80
171 126 80
171 126 80
171 126 80
171 126 80
171 126 80
171 126 80
171 126 80
171 126 80
171 126 80
171 126 80
171 126 80
171 126 80
171 126 80
171 126 80
171 126 80
171 126 80
171 126 80
171 126 80
170 126 80
170 126 80
170 126 80
170 126 80
170 126 80
170 126 80
170 126 80
170 126 80
170 126 80
170 126 80
170 126 80
170 126 80
170 126 80
170 126 80
170 126 80
170 126 80
170 126 80
170 126 80
170 126 80
170 126 80
170 126 80
170 126 80
170 126 80
170 126 80
170 126 80
170 126 80
170 126 80
169 126 80
169 126 80
169 126 80
169 126 80
169 126 80
169 126 80
169 126 80
169 126 80
169 126 80
169 126 80
169 126 80
169 126 80
169 126 80
169 126 80
169 126 80
169 126 80
169 126 80
169 126 80
169 126 80
169 126 80
169 126 80
169 126 80
169 126 80
169 126 80
169 126 80
169 126 80
168 126 80
168 126 80
168 126 80
168 126 80
168 126 80
168 126 80
168 126 80
168 126 80
168 126 80
168 126 80
168 126 80
168 126 80
168 126 80
168 126 80
168 126 80
168 126 80
168 126 80
168 126 80
168 126 80
168 126 80
168 126 80
168 126 80
168 126 80
168 126 80
168 126 80
167 126 80
167 126 80
167 126 80
167 126 80
167 126 80
167 126 80
167 126 80
167 126 80
167 126 80
167 126 80
167 126 80
167 126 80
167 126 80
167 126 80
167 126 80
167 126 80
167 126 80
167 126 80
167 126 80
167 126 80
167 126 80
167 126 80
167 126 80
167 126 80
166 126 80
166 126 80
166 126 80
166 126 80
166 126 80
166 126 80
166 126 80
166 126 80
166 126 80
166 126 80
166 126 80
166 126 80
166 126 80
166 126 80
166 126 80
166 126 80
166 126 80
166 126 80
166 126 80
166 126 80
166 126 80
166 126 80
165 126 80
165 126 80
165 126 80
165 126 80
165 126 80
165 126 80
165 126 80
165 126 80
165 126 80
165 126 80
165 126 80
165 126 80
165 126 80
165 126 80
165 126 80
165 126 80
165 126 80
165 126 80
165 126 80
165 126 80
165 126 80
164 126 80
164 126 80
164 126 80
164 126 80
164 126 80
164 126 80
164 126 80
164 126 80
164 126 80
164 126 80
164 126 80
164 126 80
164 126 80
164 126 80
164 126 80
164 126 80
164 126 80
164 126 80
164 126 80
164 126 80
163 126 80
163 126 80
163 126 80
163 126 80
163 126 80
163 126 80
163 126 80
163 126 80
163 126 80
163 126 80
163 126 80
163 126 80
163 126 80
163 126 80
163 126 80
163 126 80
163 126 80
163 126 80
163 126 80
162 126 80
162 126 80
162 126 80
162 126 80
162 126 80
162 126 80
162 126 80
162 126 80
162 126 80
162 126 80
162 126 80
162 126 80
162 126 80
162 126 80
162 126 80
162 126 80
162 126 80
162 126 80
161 126 80
161 126 80
161 126 80
161 126 80
161 126 80
161 126 80
161 126 80
161 126 80
161 126 80
161 126 80
161 126 80
161 126 80
161 126 80
161 126 80
161 126 80
161 126 80
161 126 80
160 126 80
160 126 80
160 126 80
160 126 80
160 126 80
160 126 80
160 126 80
160 126 80
160 126 80
160 126 80
160 126 80
160 126 80
160 126 80
160 126 80
160 126 80
160 126 80
159 126 80
159 126 80
159 126 80
159 126 80
159 126 80
159 126 80
159 126 80
159 126 80
159 126 80
159 126 80
159 126 80
159 126 80
159 126 80
159 126 80
159 126 80
158 126 80
158 126 80
158 126 80
158 126 80
158 126 80
158 126 80
158 126 80
158 126 80
158 126 80
158 126 80
158 126 80
158 126 80
158 126 80
157 126 80
157 126 80
157 126 80
157 126 80
157 126 80
157 126 80
157 126 80
157 126 80
157 126 80
157 126 80
157 126 80
157 126 80
156 126 80
156 126 80
156 126 80
156 126 80
156 126 80
156 126 80
156 126 80
156 126 80
156 126 80
156 126 80
156 126 80
155 126 80
155 126 80
155 126 80
155 126 80
155 126 80
155 126 80
155 126 80
155 126 80
155 126 80
154 126 80
154 126 80
154 126 80
154 126 80
154 126 80
154 126 80
154 126 80
154 126 80
153 126 80
153 126 80
153 126 80
153 126 80
153 126 80
153 126 80
153 126 80
152 126 80
152 126 80
152 126 80
152 126 80
152 126 80
152 126 80
151 126 80
151 126 80
151 126 80
151 126 80
151 126 80
150 126 80
150 126 80
150 126 80
150 126 80
149 126 80
149 126 80
149 126 80
148 126 80
148 126 80
148 126 80
147 126 80
147 126 80
147 126 80
146 126 80
146 126 80
146 126 80
145 126 80
145 126 80
145 126 80
144 126 80
144 126 80
144 126 80
143 126 80
143 126 80
143 126 80
142 126 80
142 126 80
142 126 80
142 126 80
141 126 80
141 126 80
141 126 80
141 126 80
140 126 80
140 126 80
140 126 80
140 126 80
140 126 80
139 126 80
139 126 80
139 126 80
139 126 80
139 126 80
139 126 80
138 126 80
138 126 80
138 126 80
138 126 80
138 126 80
138 126 80
138 126 80
137 126 80
137 126 80
137 126 80
137 126 80
137 126 80
137 126 80
137 126 80
137 126 80
137 126 80
136 126 80
136 126 80
136 126 80
136 126 80
136 126 80
136 126 80
136 126 80
136 126 80
136 126 80
136 126 80
136 126 80
135 126 80
135 126 80
135 126 80
135 126 80
135 126 80
135 126 80
135 126 80
135 126 80
135 126 80
135 126 80
135 126 80
135 126 80
135 126 80
135 126 80
134 126 80
134 126 80
134 126 80
134 126 80
134 126 80
134 126 80
134 126 80
134 126 80
134 126 80
134 126 80
134 126 80
134 126 80
134 126 80
134 126 80
134 126 80
134 126 80
133 126 80
133 126 80
133 126 80
133 126 80
133 126 80
133 126 80
133 126 80
133 126 80
133 126 80
133 126 80
133 126 80
133 126 80
133 126 80
133 126 80
133 126 80
133 126 80
133 126 80
133 126 80
133 126 80
132 126 80
132 126 80
132 126 80
132 126 80
132 126 80
132 126 80
132 126 80
132 126 80
132 126 80
132 126 80
132 126 80
132 126 80
132 126 80
132 126 80
132 126 80
132 126 80
132 126 80
132 126 80
132 126 80
132 126 80
132 126 80
131 126 80
131 126 80
131 126 80
131 126 80
131 126 80
131 126 80
131 126 80
131 126 80
131 126 80
131 126 80
131 126 80
131 126 80
131 126 80
131 126 80
131 126 80
131 126 80
131 126 80
131 126 80
131 126 80
131 126 80
131 126 80
131 126 80
131 126 80
131 126 80
130 126 80
130 126 80
130 126 80
130 126 80
130 126 80
130 126 80
130 126 80
130 126 80
130 126 80
130 126 80
130 126 80
130 126 80
130 126 80
130 126 80
130 126 80
130 126 80
130 126 80
130 126 80
130 126 80
130 126 80
130 126 80
130 126 80
130 126 80
130 126 80
130 126 80
129 126 80
129 126 80
129 126 80
129 126 80
129 126 80
129 126 80
129 126 80
129 126 80
129 126 80
129 126 80
129 126 80
129 126 80
129 126 80
129 126 80
129 126 80
129 126 80
129 126 80
129 126 80
129 126 80
129 126 80
129 126 80
129 126 80
129 126 80
129 126 80
129 126 80
129 126 80
129 126 80
128 126 80
128 126 80
128 126 80
128 126 80
128 126 80
128 126 80
128 126 80
128 126 80
128 126 80
128 126 80
128 126 80
128 126 80
128 126 80
128 126 80
128 126 80
128 126 80
128 126 80
128 126 80
128 126 80
128 126 80
128 126 80
128 126 80
128 126 80
128 126 80
128 126 80
128 126 80
128 126 80
128 126 80
128 126 80
127 126 80
127 126 80
127 126 80
127 126 80
127 126 80
127 126 80
127 126 80
127 126 80
127 126 80
127 126 80
127 126 80
127 126 80
127 126 80
127 126 80
127 126 80
127 126 80
127 126 80
127 126 80
127 126 80
127 126 80
127 126 80
127 126 80
127 126 80
127 126 80
127 126 80
127 126 80
127 126 80
127 126 80
127 126 80
127 126 80
126 126 80
126 126 80
126 126 80
126 126 80
126 126 80
126 126 80
126 126 80
126 126 80
126 126 80
126 126 80
126 126 80
126 126 80
126 126 80
126 126 80
126 126 80
126 126 80
126 126 80
126 126 80
126 126 80
126 126 80
126 126 80
126 126 80
126 126 80
126 126 80
126 126 80
126 126 80
126 126 80
126 126 80
126 126 80
126 126 80
126 126 80
125 126 80
125 126 80
125 126 80
125 126 80
125 126 80
125 126 80
125 126 80
125 126 80
125 126 80
125 126 80
125 126 80
125 126 80
125 126 80
125 126 80
125 126 80
125 126 80
125 126 80
125 126 80
125 126 80
125 126 80
125 126 80
125 126 80
125 126 80
125 126 80
125 126 80
125 126 80
125 126 80
125 126 80
125 126 80
125 126 80
125 126 80
125 126 80
124 126 80
124 126 80
124 126 80
124 126 80
124 126 80
124 126 80
124 126 80
124 126 80
124 126 80
124 126 80
124 126 80
124 126 80
124 126 80
124 126 80
124 126 80
124 126 80
124 126 80
124 126 80
124 126 80
124 126 80
124 126 80
124 126 80
124 126 80
124 126 80
124 126 80
124 126 80
124 126 80
124 126 80
124 126 80
124 126 80
124 126 80
124 126 80
123 126 80
123 126 80
123 126 80
123 126 80
123 126 80
123 126 80
123 126 80
123 126 80
123 126 80
123 126 80
123 126 80
123 126 80
123 126 80
123 126 80
123 126 80
123 126 80
123 126 80
123 126 80
123 126 80
123 126 80
123 126 80
123 126 80
123 126 80
123 126 80
123 126 80
123 126 80
123 126 80
123 126 80
123 126 80
123 126 80
123 126 80
123 126 80
123 126 80
122 126 80
122 126 80
122 126 80
122 126 80
122 126 80
122 126 80
122 126 80
122 126 80
122 126 80
122 126 80
122 126 80
122 126 80
122 126 80
122 126 80
122 126 80
122 126 80
122 126 80
122 126 80
122 126 80
122 126 80
122 126 80
122 126 80
122 126 80
122 126 80
122 126 80
122 126 80
122 126 80
122 126 80
122 126 80
122 126 80
122 126 80
122 126 80
122 126 80
122 126 80
121 126 80
121 126 80
121 126 80
121 126 80
121 126 80
121 126 80
121 126 80
121 126 80
121 126 80
121 126 80
121 126 80
121 126 80
121 126 80
121 126 80
121 126 80
121 126 80
121 126 80
121 126 80
121 126 80
121 126 80
121 126 80
121 126 80
121 126 80
121 126 80
121 126 80
121 126 80
121 126 80
121 126 80
121 126 80
121 126 80
121 126 80
121 126 80
121 126 80
121 126 80
120 126 80
120 126 80
120 126 80
120 126 80
120 126 80
120 126 80
120 126 80
120 126 80
120 126 80
120 126 80
120 126 80
120 126 80
120 126 80
120 126 80
120 126 80
120 126 80
120 126 80
120 126 80
120 126 80
120 126 80
120 126 80
120 126 80
120 126 80
120 126 80
120 126 80
120 126 80
120 126 80
120 126 80
120 126 80
120 126 80
120 126 80
120 126 80
120 126 80
120 126 80
120 126 80
119 126 80
119 126 80
119 126 80
119 126 80
119 126 80
119 126 80
119 126 80
119 126 80
119 126 80
119 126 80
119 126 80
119 126 80
119 126 80
119 126 80
119 126 80
119 126 80
119 126 80
119 126 80
119 126 80
119 126 80
119 126 80
119 126 80
119 126 80
119 126 80
119 126 80
119 126 80
119 126 80
119 126 80
119 126 80
119 126 80
119 126 80
119 126 80
119 126 80
119 126 80
119 126 80
118 126 80
118 126 80
118 126 80
118 126 80
118 126 80
118 126 80
118 126 80
118 126 80
118 126 80
118 126 80
118 126 80
118 126 80
118 126 80
118 126 80
118 126 80
118 126 80
118 126 80
118 126 80
118 126 80
118 126 80
118 126 80
118 126 80
118 126 80
118 126 80
118 126 80
118 126 80
118 126 80
118 126 80
118 126 80
118 126 80
118 126 80
118 126 80
118 126 80
118 126 80
118 126 80
117 126 80
117 126 80
117 126 80
117 126 80
117 126 80
117 126 80
117 126 80
117 126 80
117 126 80
117 126 80
117 126 80
117 126 80
117 126 80
117 126 80
117 126 80
117 126 80
117 126 80
117 126 80
117 126 80
117 126 80
117 126 80
117 126 80
117 126 80
117 126 80
117 126 80
117 126 80
117 126 80
117 126 80
117 126 80
117 126 80
117 126 80
117 126 80
117 126 80
117 126 80
117 126 80
116 126 80
116 126 80
116 126 80
116 126 80
116 126 80
116 126 80
116 126 80
116 126 80
116 126 80
116 126 80
116 126 80
116 126 80
116 126 80
116 126 80
116 126 80
116 126 80
116 126 80
116 126 80
116 126 80
116 126 80
116 126 80
116 126 80
116 126 80
116 126 80
116 126 80
116 126 80
116 126 80
116 126 80
116 126 80
116 126 80
116 126 80
116 126 80
116 126 80
116 126 80
116 126 80
115 126 80
115 126 80
115 126 80
115 126 80
115 126 80
115 126 80
115 126 80
115 126 80
115 126 80
115 126 80
115 126 80
115 126 80
115 126 80
115 126 80
115 126 80
115 126 80
115 126 80
115 126 80
115 126 80
115 126 80
115 126 80
115 126 80
115 126 80
115 126 80
115 126 80
115 126 80
115 126 80
115 126 80
115 126 80
115 126 80
115 126 80
115 126 80
115 126 80
115 126 80
114 126 80
114 126 80
114 126 80
114 126 80
114 126 80
114 126 80
114 126 80
114 126 80
114 126 80
114 126 80
114 126 80
114 126 80
114 126 80
114 126 80
114 126 80
114 126 80
114 126 80
114 126 80
114 126 80
114 126 80
114 126 80
114 126 80
114 126 80
114 126 80
114 126 80
114 126 80
114 126 80
114 126 80
114 126 80
114 126 80
114 126 80
114 126 80
114 126 80
114 126 80
113 126 80
113 126 80
113 126 80
113 126 80
113 126 80
113 126 80
113 126 80
113 126 80
113 126 80
113 126 80
113 126 80
113 126 80
113 126 80
113 126 80
113 126 80
113 126 80
113 126 80
113 126 80
113 126 80
113 126 80
113 126 80
113 126 80
113 126 80
113 126 80
113 126 80
113 126 80
113 126 80
113 126 80
113 126 80
113 126 80
113 126 80
113 126 80
113 126 80
112 126 80
112 126 80
112 126 80
112 126 80
112 126 80
112 126 80
112 126 80
112 126 80
112 126 80
112 126 80
112 126 80
112 126 80
112 126 80
112 126 80
112 126 80
112 126 80
112 126 80
112 126 80
112 126 80
112 126 80
112 126 80
112 126 80
112 126 80
112 126 80
112 126 80
112 126 80
112 126 80
112 126 80
112 126 80
112 126 80
112 126 80
112 126 80
111 126 80
111 126 80
111 126 80
111 126 80
111 126 80
111 126 80
111 126 80
111 126 80
111 126 80
111 126 80
111 126 80
111 126 80
111 126 80
111 126 80
111 126 80
111 126 80
111 126 80
111 126 80
111 126 80
111 126 80
111 126 80
111 126 80
111 126 80
111 126 80
111 126 80
111 126 80
111 126 80
111 126 80
111 126 80
111 126 80
111 126 80
110 126 80
110 126 80
110 126 80
110 126 80
110 126 80
110 126 80
110 126 80
110 126 80
110 126 80
110 126 80
110 126 80
110 126 80
110 126 80
110 126 80
110 126 80
110 126 80
110 126 80
110 126 80
110 126 80
110 126 80
110 126 80
110 126 80
110 126 80
110 126 80
110 126 80
110 126 80
110 126 80
110 126 80
110 126 80
109 126 80
109 126 80
109 126 80
109 126 80
109 126 80
109 126 80
109 126 80
109 126 80
109 126 80
109 126 80
109 126 80
109 126 80
109 126 80
109 126 80
109 126 80
109 126 80
109 126 80
109 126 80
109 126 80
109 126 80
109 126 80
109 126 80
109 126 80
109 126 80
109 126 80
109 126 80
109 126 80
108 126 80
108 126 80
108 126 80
108 126 80
108 126 80
108 126 80
108 126 80
108 126 80
108 126 80
108 126 80
108 126 80
108 126 80
108 126 80
108 126 80
108 126 80
108 126 80
108 126 80
108 126 80
108 126 80
108 126 80
108 126 80
108 126 80
108 126 80
108 126 80
107 126 80
107 126 80
107 126 80
107 126 80
107 126 80
107 126 80
107 126 80
107 126 80
107 126 80
107 126 80
107 126 80
107 126 80
107 126 80
107 126 80
107 126 80
107 126 80
107 126 80
107 126 80
107 126 80
107 126 80
107 126 80
106 126 80
106 126 80
106 126 80
106 126 80
106 126 80
106 126 80
106 126 80
106 126 80
106 126 80
106 126 80
106 126 80
106 126 80
106 126 80
106 126 80
106 126 80
106 126 80
106 126 80
106 126 80
105 126 80
105 126 80
105 126 80
105 126 80
105 126 80
105 126 80
105 126 80
105 126 80
105 126 80
105 126 80
105 126 80
105 126 80
105 126 80
105 126 80
104 126 80
104 126 80
104 126 80
104 126 80
104 126 80
104 126 80
104 126 80
104 126 80
104 126 80
104 126 80
104 126 80
103 126 80
103 126 80
103 126 80
103 126 80
103 126 80
103 126 80
103 126 80
103 126 80
102 126 80
102 126 80
102 126 80
102 126 80
102 126 80
102 126 80
101 126 80
101 126 80
101 126 80
101 126 80
100 126 80
100 126 80
100 126 80
99 126 80
99 126 80
98 126 80
98 126 80
97 126 80
96 126 80
95 126 80
94 126 80
93 126 80
92 126 80
91 126 80
90 126 80
89 126 80
88 126 80
87 126 80
86 126 80
85 126 80
84 126 80
83 126 80
82 126 80
81 126 80
80 126 80
79 126 80
78 126 80
77 126 80
76 126 80
75 126 80
74 126 80
73 126 80
72 126 80
71 126 80
70 126 80
69 126 80
68 126 80
67 126 80
66 126 80
65 126 80
64 126 80
63 126 80
62 126 80
62 127 80
62 128 80
62 129 80
62 130 80
62 131 80
62 132 80
62 133 80
62 134 80
62 135 80
62 136 80
62 137 80
62 138 80
62 139 80
62 140 80
62 141 80
62 142 80
62 143 80
62 144 80
62 145 80
62 146 80
62 147 80
62 148 80
62 149 80
62 150 80
62 151 80
62 152 80
179 126 80
179 126 80
179 126 80
179 126 80
179 126 80
179 126 80
179 126 80
179 126 80
179 126 80
179 126 80
179 126 80
179 126 80
179 126 80
179 126 80
179 126 80
179 126 80
179 126 80
179 126 80
180 126 80
180 126 80
180 126 80
180 126 80
180 126 80
180 126 80
180 126 80
180 126 80
180 126 80
180 126 80
180 126 80
180 126 80
180 126 80
180 126 80
180 126 80
181 126 80
181 126 80
181 126 80
181 126 80
181 126 80
181 126 80
181 126 80
181 126 80
181 126 80
181 126 80
181 126 80
181 126 80
181 126 80
182 126 80
182 126 80
182 126 80
182 126 80
182 126 80
182 126 80
182 126 80
182 126 80
182 126 80
182 126 80
182 126 80
183 126 80
183 126 80
183 126 80
183 126 80
183 126 80
183 126 80
183 126 80
183 126 80
183 126 80
184 126 80
184 126 80
184 126 80
184 126 80
184 126 80
184 126 80
184 126 80
185 126 80
185 126 80
185 126 80
185 126 80
185 126 80
185 126 80
186 126 80
186 126 80
186 126 80
186 126 80
186 126 80
187 126 80
187 126 80
187 126 80
187 126 80
188 126 80
188 126 80
188 126 80
189 126 80
189 126 80
189 126 80
190 126 80
190 126 80
191 126 80
191 126 80
192 126 80
192 126 80
193 126 80
194 126 80
195 126 80
196 126 80
197 126 80
197 127 80
197 128 80
197 129 80
197 130 80
197 131 80
197 132 80
197 132 80
197 133 80
197 133 80
197 134 80
197 134 80
197 134 80
197 135 80
197 135 80
197 135 80
197 136 80
197 136 80
197 136 80
197 136 80
197 137 80
197 137 80
197 137 80
197 137 80
197 138 80
197 138 80
197 138 80
197 138 80
197 138 80
197 139 80
197 139 80
197 139 80
197 139 80
197 139 80
197 140 80
197 140 80
197 140 80
197 140 80
197 140 80
197 141 80
197 141 80
197 141 80
197 141 80
197 141 80
197 142 80
197 142 80
197 142 80
197 142 80
197 142 80
197 143 80
197 143 80
197 143 80
197 143 80
197 143 80
197 144 80
197 144 80
197 144 80
197 144 80
197 144 80
197 145 80
197 145 80
197 145 80
197 145 80
197 146 80
197 146 80
197 146 80
197 146 80
197 147 80
197 147 80
197 147 80
197 147 80
197 148 80
197 148 80
197 148 80
197 149 80
197 149 80
197 149 80
197 150 80
197 150 80
197 150 80
197 151 80
197 151 80
197 152 80
197 152 80
197 153 80
197 153 80
197 154 80
197 154 80
197 155 80
197 156 80
197 157 80
196 157 80
195 157 80
194 157 80
193 157 80
192 157 80
191 157 80
191 157 80
190 157 80
190 157 80
189 157 80
189 157 80
188 157 80
188 157 80
188 157 80
187 157 80
187 157 80
187 157 80
186 157 80
186 157 80
186 157 80
186 157 80
185 157 80
185 157 80
185 157 80
185 157 80
185 157 80
185 158 320
185 159 80
185 159 80
185 159 80
185 160 80
185 160 80
185 161 80
185 161 80
185 162 80
185 163 80
185 164 80
185 165 80
185 166 80
185 167 80
185 168 80
185 169 80
185 170 80
185 171 80
185 172 80
185 173 80
185 174 80
185 175 80
185 176 80
185 177 80
185 178 80
185 179 80
185 180 80
185 181 80
185 182 80
185 183 80
185 184 80
185 185 80
185 186 80
185 187 80
185 188 80
185 189 80
185 190 80
185 191 80
185 192 80
185 193 80
185 194 80
185 195 80
185 196 80
185 197 80
185 198 80
185 199 80
88 188 80
87 188 80
86 188 80
85 188 80
85 188 80
84 188 80
84 188 80
83 188 80
83 188 80
82 188 80
82 188 80
81 188 80
81 188 80
80 188 80
80 188 80
79 188 80
79 188 80
78 188 80
78 188 80
77 188 80
77 188 80
76 188 80
76 188 80
75 188 80
75 188 80
74 188 80
73 188 80
72 188 80
71 188 80
70 188 80
69 188 80
68 188 80
67 188 80
66 188 80
65 188 80
64 188 80
63 188 80
62 188 80
62 187 80
62 186 80
62 185 80
62 184 80
62 183 80
62 182 80
62 181 80
62 180 80
62 179 80
62 178 80
62 177 80
62 176 80
62 175 80
62 174 80
62 173 80
62 172 80
62 171 80
62 170 80
62 169 80
62 168 80
62 167 80
62 166 80
62 165 80
62 164 80
62 163 80
62 162 80
62 161 80
62 160 80
62 159 80
62 158 80
62 157 80
62 156 80
62 155 80
62 154 80
62 153 80
67 178 80
66 178 80
65 178 80
64 178 80
63 178 80
28 130 80
29 130 80
30 130 80
31 130 80
32 130 80
33 130 80
34 130 80
35 130 80
36 130 80
37 130 80
38 130 80
39 130 80
40 130 80
41 130 80
42 130 80
43 130 80
44 130 80
45 130 80
46 130 80
47 130 80
48 130 80
48 130 80
49 130 80
49 130 80
50 130 80
50 130 80
51 130 80
51 130 80
52 130 80
52 130 80
53 130 80
53 130 80
54 130 80
54 130 80
55 130 80
55 130 80
56 130 80
56 130 80
57 130 80
57 130 80
58 130 80
59 130 80
60 130 80
61 130 80
150 125 80
150 125 80
150 125 80
150 125 80
150 124 80
150 124 80
150 124 80
150 124 80
150 123 80
150 123 80
150 123 80
150 122 80
150 122 80
150 122 80
150 121 80
150 121 80
150 121 80
150 120 80
150 120 80
150 119 80
150 119 80
150 118 80
150 118 80
150 117 80
150 117 80
150 116 80
150 115 80
150 114 80
150 113 80
150 112 80
150 111 80
150 110 80
150 109 80
150 108 80
150 107 80
150 106 80
150 105 80
150 104 80
150 103 80
150 102 80
150 101 80
150 100 80
150 99 80
150 98 80
150 97 80
150 96 80
150 95 80
150 94 80
150 93 80
150 92 80
150 91 80
151 91 80
152 91 80
153 91 80
153 90 80
153 89 80
153 88 80
153 87 80
153 86 80
153 85 80
153 84 80
153 83 80
153 82 80
153 81 80
153 80 80
153 79 80
153 78 80
153 77 80
153 76 80
153 75 80
153 74 80
153 73 80
153 72 80
153 71 80
153 70 80
153 69 80
153 68 80
153 67 80
153 66 80
153 65 80
153 64 80
153 63 80
153 62 80
153 61 80
153 60 80
153 59 80
153 58 80
153 57 80
153 56 80
153 55 80
154 55 80
155 55 80
156 55 80
157 55 80
158 55 80
159 55 80
160 55 80
161 55 80
162 55 80
163 55 80
164 55 80
165 55 80
166 55 80
167 55 80
168 55 80
169 55 80
170 55 80
171 55 80
171 55 80
172 55 80
172 55 80
173 55 80
173 55 80
173 56 80
173 56 80
173 57 80
173 57 80
173 58 80
173 58 80
173 59 80
173 60 80
173 61 80
173 62 80
173 63 80
173 64 80
173 65 80
173 66 80
173 67 80
173 68 80
174 68 80
175 68 80
176 68 80
176 68 80
177 68 80
177 68 80
178 68 80
178 68 80
178 68 80
179 68 80
179 68 80
179 68 80
179 68 80
180 68 80
180 68 80
180 68 80
180 68 80
181 68 80
181 68 80
181 68 80
181 68 80
181 68 80
181 68 80
182 68 80
182 68 80
182 68 80
182 68 80
182 68 80
182 68 80
182 68 80
183 68 80
183 68 80
183 68 80
183 68 80
183 68 80
183 68 80
183 68 80
183 68 80
184 68 80
184 68 80
184 68 80
184 68 80
184 68 80
184 68 80
184 68 80
184 68 80
184 68 80
185 68 80
185 68 80
185 68 80
185 68 80
185 68 80
185 68 80
185 68 80
185 68 80
185 68 80
185 68 80
186 68 80
186 68 80
186 68 80
186 68 80
186 68 80
186 68 80
186 68 80
186 68 80
186 68 80
186 68 80
186 68 80
187 68 80
187 68 80
187 68 80
187 68 80
187 68 80
187 68 80
187 68 80
187 68 80
187 68 80
187 68 80
187 68 80
188 68 80
188 68 80
188 68 80
188 68 80
188 68 80
188 68 80
188 68 80
188 68 80
188 68 80
188 68 80
188 68 80
188 68 80
189 68 80
189 68 80
189 68 80
189 68 80
189 68 80
189 68 80
189 68 80
189 68 80
189 68 80
189 68 80
189 68 80
190 68 80
190 68 80
190 68 80
190 68 80
190 68 80
190 68 80
190 68 80
190 68 80
190 68 80
190 68 80
190 68 80
191 68 80
191 68 80
191 68 80
191 68 80
191 68 80
191 68 80
191 68 80
191 68 80
191 68 80
191 68 80
191 69 720
191 69 80
191 70 80
191 70 80
191 70 80
191 70 80
191 70 80
191 70 80
191 70 80
191 70 80
191 70 80
191 71 80
191 71 80
191 71 80
191 71 80
191 71 80
191 71 80
191 71 80
191 71 80
191 71 80
191 72 80
191 72 80
191 72 80
191 72 80
191 72 80
191 72 80
191 72 80
191 72 80
191 73 80
191 73 80
191 73 80
191 73 80
191 73 80
191 73 80
191 73 80
191 73 80
191 74 80
191 74 80
191 74 80
191 74 80
191 74 80
191 74 80
191 74 80
191 75 80
191 75 80
191 75 80
191 75 80
191 75 80
191 75 80
191 76 80
191 76 80
191 76 80
191 76 80
191 76 80
191 77 80
191 77 80
191 77 80
191 77 80
191 78 80
191 78 80
191 78 80
191 79 80
191 79 80
191 80 80
191 80 80
191 81 80
191 82 80
