121 39 120
122 39 120
123 39 120
124 39 120
125 39 120
126 39 120
127 39 120
128 39 120
129 39 120
130 39 120
131 39 120
131 40 120
131 41 120
131 42 120
131 43 120
131 44 120
131 45 120
131 46 120
131 47 120
131 48 120
131 49 120
131 50 120
131 51 120
131 52 120
131 53 120
131 54 120
131 55 120
131 56 120
131 57 120
131 58 120
131 59 120
131 60 120
131 61 120
131 62 120
131 63 120
131 64 120
131 65 120
131 66 120
131 67 120
131 67 120
131 68 120
131 68 120
131 69 120
131 69 120
131 69 120
131 70 240
131 70 120
131 70 120
131 71 360
131 71 120
131 72 360
131 72 120
131 72 120
131 73 480
131 73 120
131 73 120
131 74 600
131 74 120
131 74 120
131 75 720
131 75 120
131 75 120
131 75 120
131 76 960
131 76 120
131 76 120
131 77 1080
131 77 120
131 77 120
131 78 1200
131 78 120
131 78 120
131 78 120
131 79 1440
131 79 120
131 79 120
131 80 1560
131 80 120
131 80 120
131 80 120
131 81 1800
131 81 120
131 81 120
131 81 120
131 82 2040
131 82 120
131 82 120
131 83 2160
131 83 120
131 83 120
131 84 2280
131 84 120
131 84 120
131 85 2400
131 85 120
131 86 2400
131 86 120
131 87 2400
131 87 120
131 88 2400
131 89 2400
131 90 2400
131 91 120
131 91 120
131 91 120
131 91 120
131 91 120
131 91 120
131 91 120
131 91 120
131 91 120
131 91 120
131 91 120
131 91 120
131 91 120
131 91 120
131 91 120
131 91 120
131 91 120
131 91 120
131 92 2040
131 93 2040
131 94 2040
131 95 120
131 95 120
131 95 120
131 95 120
131 95 120
131 95 120
131 95 120
131 95 120
131 95 120
131 95 120
131 95 120
131 95 120
131 95 120
131 95 120
131 95 120
131 95 120
131 95 120
131 95 120
131 96 2040
131 96 120
131 96 120
131 97 2160
131 97 120
131 97 120
131 98 2280
131 98 120
131 98 120
131 99 2400
131 99 120
131 100 2400
131 100 120
131 101 2400
131 101 120
131 102 2400
131 103 2400
131 104 2400
131 105 120
131 105 120
131 105 120
131 105 120
131 105 120
131 105 120
131 105 120
131 105 120
131 105 120
131 105 120
131 105 120
131 105 120
131 105 120
131 105 120
131 106 1560
131 107 1560
131 108 1560
131 109 120
131 109 120
131 109 120
131 109 120
131 109 120
131 109 120
131 109 120
131 109 120
131 110 840
131 110 120
131 111 840
131 111 120
131 112 840
131 112 120
131 112 120
131 113 960
131 113 120
131 113 120
131 113 120
131 114 1200
131 114 120
131 114 120
131 115 1320
131 115 120
131 115 120
131 116 1440
131 116 120
131 116 120
131 117 1560
131 117 120
131 117 120
131 118 1680
131 118 120
131 118 120
131 119 1800
131 119 120
131 119 120
131 120 1920
131 120 120
131 120 120
131 121 2040
131 121 120
131 121 120
131 121 120
131 122 2280
131 122 120
131 122 120
131 123 2400
131 123 120
131 123 120
131 123 120
131 124 2640
131 124 120
131 124 120
131 124 120
131 125 2880
131 125 120
131 125 120
131 125 120
131 126 3120
131 126 120
131 126 120
131 126 120
131 127 3360
131 127 120
131 127 120
131 127 120
131 128 3600
131 128 120
131 128 120
131 129 3720
131 129 120
131 129 120
131 130 3840
131 130 120
131 130 120
131 131 3960
131 131 120
131 132 3960
131 132 120
131 132 120
131 133 4080
131 134 4080
131 135 4080
131 136 120
131 136 120
131 136 120
131 136 120
131 136 120
131 136 120
131 136 120
131 136 120
131 136 120
131 136 120
131 136 120
131 136 120
131 136 120
131 136 120
131 136 120
131 136 120
131 136 120
131 136 120
131 136 120
131 136 120
131 136 120
131 136 120
131 136 120
131 136 120
131 136 120
131 136 120
131 136 120
131 136 120
131 136 120
131 136 120
131 136 120
131 136 120
131 136 120
131 136 120
131 137 3960
131 138 3960
131 139 3960
131 140 120
131 140 120
131 140 120
131 140 120
131 140 120
131 140 120
131 140 120
131 140 120
131 140 120
131 140 120
131 140 120
131 140 120
131 140 120
131 140 120
131 140 120
131 140 120
131 140 120
131 140 120
131 140 120
131 140 120
131 140 120
131 140 120
131 140 120
131 140 120
131 140 120
131 140 120
131 140 120
131 140 120
131 140 120
131 140 120
131 140 120
131 141 3600
131 142 3600
131 143 3600
131 144 120
131 144 120
131 144 120
131 144 120
131 144 120
131 144 120
131 144 120
131 144 120
131 144 120
131 144 120
131 144 120
131 144 120
131 144 120
131 144 120
131 144 120
131 144 120
131 144 120
131 144 120
131 144 120
131 144 120
131 144 120
131 145 2400
131 146 2400
131 147 2400
131 148 120
131 148 120
131 148 120
131 148 120
131 148 120
131 148 120
131 148 120
131 148 120
131 148 120
131 148 120
131 148 120
131 148 120
131 149 1320
131 150 1320
131 151 1320
131 152 120
131 152 120
131 152 120
131 152 120
131 152 120
131 152 120
131 153 600
131 154 600
131 155 600
131 156 120
131 156 120
131 156 120
131 157 240
131 158 240
131 159 240
131 160 120
131 161 120
131 162 120
131 163 120
131 164 120
120 39 120
119 39 120
118 39 120
117 39 120
116 39 120
115 39 120
114 39 120
113 39 120
112 39 120
111 39 120
110 39 120
109 39 120
108 39 120
107 39 120
106 39 120
105 39 120
104 39 120
103 39 120
103 39 120
102 39 120
102 39 120
101 39 120
101 39 120
101 39 120
100 39 240
100 39 120
100 39 120
99 39 360
99 39 120
99 39 120
98 39 480
98 39 120
97 39 480
97 39 120
97 39 120
96 39 600
96 39 120
96 39 120
95 39 720
95 39 120
94 39 720
94 39 120
94 39 120
93 39 840
93 39 120
93 39 120
93 39 120
92 39 1080
92 39 120
92 39 120
92 39 120
91 39 1320
91 39 120
91 39 120
91 39 120
90 39 1560
90 39 120
90 39 120
90 39 120
89 39 1800
89 39 120
89 39 120
89 39 120
89 39 120
88 39 2160
88 39 120
88 39 120
87 39 2280
87 39 120
87 39 120
87 39 120
86 39 2520
86 39 120
86 39 120
85 39 2640
85 39 120
84 39 2640
84 39 120
83 39 2640
82 39 2640
81 39 2640
80 39 120
80 39 120
80 39 120
80 39 120
80 39 120
80 39 120
80 39 120
80 39 120
80 39 120
80 39 120
80 39 120
80 39 120
80 39 120
80 39 120
80 39 120
80 39 120
80 39 120
80 39 120
80 39 120
80 39 120
79 39 2280
79 39 120
78 39 2280
78 39 120
78 39 120
77 39 2400
77 39 120
76 39 2400
76 39 120
76 39 120
75 39 2520
75 39 120
75 39 120
74 39 2640
74 39 120
73 39 2640
72 39 2640
71 39 2640
70 39 120
70 39 120
70 39 120
70 39 120
70 39 120
70 39 120
70 39 120
70 39 120
70 39 120
70 39 120
70 39 120
70 39 120
70 39 120
70 39 120
70 39 120
70 39 120
70 39 120
70 39 120
70 39 120
69 39 2160
68 39 2160
67 39 2160
66 39 120
66 39 120
66 39 120
66 39 120
66 39 120
66 39 120
66 39 120
66 39 120
66 39 120
66 39 120
66 39 120
66 39 120
66 39 120
66 39 120
66 39 120
66 39 120
66 39 120
65 39 1920
65 39 120
65 39 120
64 39 2040
64 39 120
64 39 120
63 39 2160
63 39 120
63 39 120
62 39 2280
62 39 120
62 39 120
61 39 2400
61 39 120
60 39 2400
60 39 120
59 39 2400
58 39 2400
57 39 2400
56 39 120
56 39 120
56 39 120
56 39 120
56 39 120
56 39 120
56 39 120
56 39 120
56 39 120
56 39 120
56 39 120
56 39 120
56 39 120
56 39 120
56 39 120
56 39 120
56 39 120
56 39 120
56 39 120
55 39 2160
55 39 120
55 39 120
54 39 2280
54 39 120
54 39 120
53 39 2400
53 39 120
53 39 120
52 39 2520
52 39 120
52 39 120
51 39 2640
51 39 120
51 39 120
50 39 2760
50 39 120
50 39 120
49 39 2880
49 39 120
49 40 2880
49 40 120
49 41 2880
49 41 120
49 42 2880
49 42 120
49 43 2880
49 43 120
49 44 2880
49 45 2880
49 46 2880
49 47 120
49 47 120
49 47 120
49 47 120
49 47 120
49 47 120
49 47 120
49 47 120
49 47 120
49 47 120
49 47 120
49 47 120
49 47 120
49 47 120
49 47 120
49 48 1680
49 49 1680
49 50 1680
49 51 120
49 51 120
49 51 120
49 51 120
49 52 360
49 53 360
49 54 360
49 55 120
49 55 120
49 56 120
49 57 120
49 58 120
49 59 120
49 60 120
49 61 120
49 62 120
49 63 120
49 64 120
49 65 120
49 66 120
49 67 120
49 68 120
49 69 120
49 70 120
49 71 120
49 72 120
49 73 120
49 74 120
49 75 120
49 76 120
49 77 120
49 78 120
49 79 120
49 80 120
49 81 120
49 82 120
49 83 120
49 84 120
49 85 120
49 86 120
49 87 120
49 88 120
49 89 120
49 90 120
49 91 120
191 114 120
190 114 120
189 114 120
188 114 120
187 114 120
186 114 120
185 114 120
184 114 120
183 114 120
182 114 120
181 114 120
180 114 120
179 114 120
178 114 120
177 114 120
176 114 120
175 114 120
174 114 120
173 114 120
172 114 120
171 114 120
170 114 120
169 114 120
168 114 120
168 114 120
167 114 120
167 114 120
167 114 120
166 114 240
166 114 120
166 114 120
165 114 360
165 114 120
165 114 120
165 114 120
164 114 600
164 114 120
164 114 120
163 114 720
163 114 120
163 114 120
162 114 840
162 114 120
162 114 120
161 114 960
161 114 120
161 114 120
160 114 1080
160 114 120
159 114 1080
159 114 120
158 114 1080
158 114 120
158 114 120
157 114 1200
157 114 120
157 114 120
156 114 1320
156 114 120
156 114 120
155 114 1440
155 114 120
155 114 120
155 114 120
154 114 1680
154 114 120
154 114 120
154 114 120
154 114 120
153 114 2040
153 114 120
153 114 120
153 114 120
152 114 2280
152 114 120
152 114 120
152 114 120
152 114 120
151 114 2640
151 114 120
151 114 120
151 114 120
150 114 2880
150 114 120
150 114 120
150 114 120
149 114 3120
149 114 120
149 114 120
148 114 3240
148 114 120
148 114 120
147 114 3360
147 114 120
146 114 3360
146 114 120
145 114 3360
145 114 120
145 114 120
144 114 3480
144 114 120
144 114 120
143 114 3600
143 114 120
143 114 120
142 114 3720
142 114 120
142 114 120
141 114 3840
141 114 120
141 114 120
140 114 3960
140 114 120
140 114 120
139 114 4080
139 114 120
138 114 4080
137 114 4080
136 114 4080
135 114 120
135 114 120
135 114 120
135 114 120
135 114 120
135 114 120
135 114 120
135 114 120
135 114 120
135 114 120
135 114 120
135 114 120
135 114 120
135 114 120
135 114 120
135 114 120
135 114 120
135 114 120
135 114 120
135 114 120
135 114 120
135 114 120
135 114 120
135 114 120
135 114 120
135 114 120
135 114 120
134 114 3120
133 114 3120
132 114 3120
