122 162 100
122 162 100
121 162 100
121 162 100
120 162 100
120 162 100
119 162 100
119 162 100
119 162 100
118 162 200
118 162 100
117 162 200
117 162 100
117 162 100
116 162 300
116 162 100
116 162 100
115 162 400
115 162 100
114 162 400
114 162 100
114 162 100
113 162 500
113 162 100
112 162 500
112 162 100
112 162 100
111 162 600
111 162 100
110 162 600
110 162 100
109 162 600
109 162 100
108 162 600
108 162 100
107 162 600
107 162 100
107 162 100
106 162 700
106 162 100
106 162 100
105 162 800
105 162 100
105 162 100
105 162 100
104 162 1000
104 162 100
104 162 100
103 162 1100
103 162 100
103 162 100
103 162 100
102 162 1300
102 162 100
102 162 100
101 162 1400
101 162 100
101 162 100
100 162 1500
100 162 100
99 162 1500
98 162 1500
97 162 1500
96 162 100
96 162 100
96 162 100
96 162 100
96 162 100
96 162 100
96 162 100
96 162 100
96 162 100
96 162 100
96 162 100
96 162 100
96 162 100
96 162 100
95 162 1300
95 162 100
94 162 1300
94 162 100
94 162 100
93 162 1400
93 162 100
93 162 100
93 162 100
92 162 1600
92 162 100
92 162 100
92 162 100
91 162 1800
91 162 100
91 162 100
91 162 100
90 162 2000
90 162 100
90 162 100
90 162 100
89 162 2200
89 162 100
89 162 100
89 162 100
89 162 100
88 162 2500
88 162 100
88 162 100
88 162 100
87 162 2700
87 162 100
87 162 100
86 162 2800
86 162 100
86 162 100
85 162 2900
85 162 100
84 162 2900
83 162 2900
82 162 2900
81 162 100
81 162 100
81 162 100
81 162 100
81 162 100
81 162 100
81 162 100
81 162 100
81 162 100
81 162 100
81 162 100
81 162 100
81 162 100
81 162 100
81 162 100
81 162 100
81 162 100
81 162 100
81 162 100
81 162 100
81 162 100
81 162 100
81 162 100
81 162 100
81 162 100
81 162 100
81 162 100
80 162 2600
79 162 2600
78 162 2600
77 162 100
77 162 100
77 162 100
77 162 100
77 162 100
77 162 100
77 162 100
77 162 100
77 162 100
77 162 100
77 162 100
77 162 100
77 162 100
77 162 100
77 162 100
77 162 100
77 162 100
77 162 100
77 162 100
77 162 100
77 162 100
77 162 100
77 162 100
76 162 2200
76 162 100
75 162 2200
75 162 100
74 162 2200
74 162 100
74 162 100
73 162 2300
73 162 100
73 162 100
72 162 2400
72 162 100
72 162 100
72 162 100
71 162 2600
71 162 100
71 162 100
71 162 100
71 162 100
70 162 2900
70 162 100
70 162 100
70 162 100
69 162 3100
69 162 100
69 162 100
68 162 3200
68 162 100
68 162 100
68 162 100
67 162 3400
67 162 100
67 162 100
66 162 3500
66 162 100
65 162 3500
65 162 100
64 162 3500
63 162 3500
62 162 3500
61 162 100
61 162 100
61 162 100
61 162 100
61 162 100
61 162 100
61 162 100
61 162 100
61 162 100
61 162 100
61 162 100
61 162 100
61 162 100
61 162 100
61 162 100
61 162 100
61 162 100
61 162 100
61 162 100
61 162 100
61 162 100
61 162 100
61 162 100
61 162 100
61 162 100
61 162 100
61 162 100
61 162 100
61 162 100
61 162 100
60 162 2900
59 162 2900
58 162 2900
57 162 100
57 162 100
57 162 100
57 162 100
57 162 100
57 162 100
57 162 100
57 162 100
57 162 100
57 162 100
57 162 100
57 162 100
57 162 100
57 162 100
57 162 100
57 162 100
57 162 100
57 162 100
57 162 100
57 162 100
57 162 100
57 162 100
57 162 100
57 162 100
57 162 100
56 162 2400
56 162 100
55 162 2400
55 162 100
54 162 2400
54 162 100
53 162 2400
52 162 2400
51 162 2400
50 162 100
50 162 100
50 162 100
50 162 100
50 162 100
50 162 100
50 162 100
50 162 100
50 162 100
50 162 100
50 162 100
50 162 100
50 162 100
50 162 100
50 162 100
50 162 100
50 162 100
50 162 100
50 162 100
50 162 100
49 162 1900
48 162 1900
48 161 1900
48 160 100
48 160 100
48 160 100
48 160 100
48 160 100
48 160 100
48 160 100
48 160 100
48 160 100
48 160 100
48 160 100
48 160 100
48 160 100
48 160 100
48 160 100
48 160 100
48 159 1500
48 158 1500
48 157 1500
48 156 100
48 156 100
48 156 100
48 156 100
48 156 100
48 156 100
48 156 100
48 156 100
48 156 100
48 156 100
48 155 900
48 155 100
48 154 900
48 153 900
48 152 900
48 152 100
48 151 900
48 151 100
48 150 900
48 150 100
48 150 100
48 149 1000
48 149 100
48 148 1000
48 148 100
48 148 100
48 148 100
48 147 1200
48 147 100
48 147 100
48 146 1300
48 146 100
48 146 100
48 145 1400
48 145 100
48 144 1400
48 144 100
48 143 1400
48 142 1400
48 141 1400
48 140 100
48 140 100
48 140 100
48 140 100
48 140 100
48 140 100
48 140 100
48 140 100
48 140 100
48 140 100
48 139 900
48 138 900
48 137 900
48 136 100
48 136 100
48 136 100
48 136 100
48 136 100
48 136 100
48 135 500
48 135 100
48 134 500
48 133 500
48 132 500
48 131 100
48 131 100
48 131 100
48 131 100
48 130 300
48 130 100
48 129 300
48 128 300
48 127 300
48 126 100
48 126 100
48 125 100
48 125 100
48 124 100
48 124 100
48 123 100
48 122 100
48 121 100
48 120 100
48 119 100
48 118 100
48 117 100
48 116 100
48 115 100
48 114 100
48 113 100
48 112 100
48 111 100
48 110 100
48 109 100
48 108 100
48 107 100
48 106 100
108 163 100
108 163 100
108 163 100
108 163 100
108 163 100
108 163 100
108 164 500
108 165 500
108 166 500
108 167 100
108 167 100
108 168 100
108 169 100
108 170 100
108 171 100
108 172 100
108 173 100
108 174 100
108 175 100
108 176 100
108 177 100
108 178 100
108 179 100
108 180 100
108 181 100
108 182 100
108 183 100
108 184 100
108 185 100
108 186 100
108 187 100
108 188 100
109 188 100
110 188 100
111 188 100
112 188 100
113 188 100
114 188 100
115 188 100
116 188 100
117 188 100
118 188 100
119 188 100
120 188 100
121 188 100
122 188 100
123 188 100
124 188 100
125 188 100
126 188 100
127 188 100
128 188 100
129 188 100
130 188 100
131 188 100
132 188 100
133 188 100
134 188 100
135 188 100
136 188 100
137 188 100
138 188 100
138 189 100
138 190 100
138 191 100
138 192 100
138 193 100
138 194 100
138 195 100
138 196 100
138 197 100
123 162 100
124 162 100
125 162 100
126 162 100
127 162 100
128 162 100
129 162 100
130 162 100
130 162 100
131 162 100
131 162 100
132 162 100
132 162 100
133 162 100
133 162 100
134 162 100
134 162 100
135 162 100
135 162 100
135 162 100
136 162 200
136 162 100
137 162 200
137 162 100
138 162 200
139 162 200
140 162 200
141 162 100
141 162 100
142 162 100
142 162 100
143 162 100
143 162 100
144 162 100
145 162 100
146 162 100
147 162 100
148 162 100
149 162 100
150 162 100
150 162 100
151 162 100
151 162 100
152 162 100
152 162 100
153 162 100
153 162 100
154 162 100
154 162 100
154 162 100
155 162 200
155 162 100
156 162 200
156 162 100
156 162 100
157 162 300
157 162 100
158 162 300
158 162 100
158 162 100
159 162 400
159 162 100
160 162 400
160 162 100
161 162 400
161 162 100
162 162 400
162 162 100
163 162 400
164 162 400
165 162 400
166 162 100
166 162 100
166 162 100
166 162 100
167 162 300
168 162 300
169 162 300
170 162 100
170 162 100
170 162 100
170 163 200
170 163 100
170 164 200
170 164 100
170 165 200
170 165 100
170 166 200
170 167 200
170 168 200
170 169 100
170 169 100
170 170 100
170 170 100
131 161 100
131 161 100
131 160 100
131 160 100
131 159 100
131 159 100
131 159 100
131 158 200
131 158 100
131 158 100
131 157 300
131 157 100
131 157 100
131 156 400
131 156 100
131 156 100
131 155 500
131 155 100
131 155 100
131 154 600
131 154 100
131 154 100
131 153 700
131 153 100
131 153 100
131 152 800
131 152 100
131 151 800
131 151 100
131 151 100
131 150 900
131 150 100
131 150 100
131 149 1000
131 149 100
131 149 100
131 148 1100
131 148 100
131 148 100
131 147 1200
131 147 100
131 147 100
131 146 1300
131 146 100
131 146 100
131 146 100
131 145 1500
131 145 100
131 145 100
131 145 100
131 144 1700
131 144 100
131 144 100
131 144 100
131 143 1900
131 143 100
131 143 100
131 142 2000
131 142 100
131 142 100
131 142 100
131 141 2200
131 141 100
131 140 2200
131 140 100
131 140 100
131 139 2300
131 139 100
131 138 2300
131 138 100
131 137 2300
131 137 100
131 136 2300
131 136 100
131 135 2300
131 135 100
131 134 2300
131 134 100
131 134 100
131 133 2400
131 133 100
131 133 100
131 133 100
131 132 2600
131 132 100
131 132 100
131 132 100
131 131 2800
131 131 100
131 131 100
131 131 100
131 130 3000
131 130 100
131 130 100
131 130 100
131 129 3200
131 129 100
131 129 100
131 129 100
131 128 3400
131 128 100
131 128 100
131 128 100
131 127 3600
131 127 100
131 127 100
131 126 3700
131 126 100
131 126 100
131 125 3800
131 125 100
131 124 3800
131 124 100
131 123 3800
131 122 3800
131 121 3800
131 120 100
131 120 100
131 120 100
131 120 100
131 120 100
131 120 100
131 120 100
131 120 100
131 120 100
131 120 100
131 120 100
131 120 100
131 120 100
131 120 100
131 120 100
131 120 100
131 120 100
131 120 100
131 120 100
131 120 100
131 120 100
131 120 100
131 120 100
131 120 100
131 120 100
131 120 100
131 120 100
131 120 100
131 120 100
131 120 100
131 120 100
131 120 100
131 120 100
131 119 3200
131 118 3200
131 117 3200
131 116 100
131 116 100
131 116 100
131 116 100
131 116 100
131 116 100
131 116 100
131 116 100
131 116 100
131 116 100
131 116 100
131 116 100
131 116 100
131 116 100
131 116 100
131 116 100
131 116 100
131 116 100
131 116 100
131 116 100
131 116 100
131 116 100
131 116 100
131 116 100
131 116 100
131 116 100
131 116 100
131 116 100
131 116 100
131 116 100
131 115 2900
131 115 100
131 114 2900
131 114 100
131 113 2900
131 113 100
131 112 2900
131 112 100
131 111 2900
131 110 2900
131 109 2900
131 108 100
131 108 100
131 108 100
131 108 100
131 108 100
131 108 100
131 108 100
131 108 100
131 108 100
131 108 100
131 108 100
131 108 100
131 108 100
131 108 100
131 108 100
131 108 100
131 108 100
131 108 100
131 108 100
131 108 100
131 108 100
131 108 100
131 108 100
131 108 100
131 108 100
131 107 2400
131 106 2400
131 105 2400
131 104 100
131 104 100
131 104 100
131 104 100
131 104 100
131 104 100
131 104 100
131 104 100
131 104 100
131 104 100
131 104 100
131 104 100
131 104 100
131 104 100
131 104 100
131 104 100
131 104 100
131 104 100
131 104 100
131 104 100
131 104 100
131 104 100
131 103 2100
131 103 100
131 102 2100
131 102 100
131 101 2100
131 101 100
131 100 2100
131 99 2100
131 98 2100
131 97 100
131 97 100
131 97 100
131 97 100
131 97 100
131 97 100
131 97 100
131 97 100
131 97 100
131 97 100
131 97 100
131 97 100
131 97 100
131 97 100
131 96 1300
131 95 1300
131 94 1300
131 93 100
131 93 100
131 93 100
131 93 100
131 93 100
131 93 100
131 92 500
131 92 100
131 91 500
131 90 500
131 89 500
131 88 100
131 88 100
131 88 100
131 88 100
131 88 100
131 87 400
131 87 100
131 86 400
131 86 100
131 85 400
131 85 100
131 84 400
131 84 100
131 83 400
131 82 400
131 81 400
131 80 100
131 80 100
131 79 100
131 79 100
131 78 100
131 77 100
131 76 100
131 75 100
131 74 100
131 73 100
131 72 100
131 71 100
131 70 100
131 69 100
131 68 100
131 67 100
131 66 100
131 65 100
64 73 100
63 73 100
62 73 100
61 73 100
60 73 100
59 73 100
58 73 100
57 73 100
56 73 100
55 73 100
54 73 100
53 73 100
52 73 100
51 73 100
50 73 100
49 73 100
48 73 100
48 74 100
48 75 100
48 76 100
48 77 100
48 78 100
48 79 100
48 80 100
48 81 100
48 82 100
48 83 100
48 84 100
48 85 100
48 86 100
48 87 100
48 88 100
48 89 100
48 90 100
48 91 100
48 92 100
48 93 100
48 94 100
48 95 100
48 96 100
48 97 100
48 98 100
48 99 100
48 100 100
48 101 100
48 102 100
48 103 100
48 104 100
48 105 100
41 57 100
40 57 100
39 57 100
38 57 100
37 57 100
36 57 100
35 57 100
34 57 100
33 57 100
32 57 100
31 57 100
30 57 100
29 57 100
28 57 100
27 57 100
26 57 100
25 57 100
24 57 100
23 57 100
22 57 100
21 57 100
20 57 100
19 57 100
18 57 100
17 57 100
16 57 100
15 57 100
15 58 100
15 59 100
15 60 100
15 61 100
15 62 100
15 63 100
15 64 100
22 25 100
21 25 100
20 25 100
19 25 100
18 25 100
17 25 100
16 25 100
15 25 100
15 26 100
15 27 100
15 28 100
15 29 100
15 30 100
15 31 100
15 32 100
15 33 100
15 34 100
15 35 100
15 36 100
15 37 100
15 38 100
15 39 100
15 40 100
15 41 100
15 42 100
15 43 100
15 44 100
15 45 100
15 46 100
15 47 100
15 48 100
15 49 100
15 50 100
15 51 100
15 52 100
15 53 100
15 54 100
15 55 100
15 56 100
19 144 100
19 144 100
20 144 100
20 144 100
21 144 100
21 144 100
22 144 100
23 144 100
24 144 100
25 144 100
26 144 100
26 144 100
27 144 100
27 144 100
28 144 100
28 144 100
29 144 100
29 144 100
29 144 100
30 144 200
30 144 100
31 144 200
31 144 100
31 144 100
32 144 300
32 144 100
33 144 300
33 144 100
33 144 100
34 144 400
34 144 100
34 144 100
35 144 500
35 144 100
36 144 500
36 144 100
37 144 500
37 144 100
37 144 100
38 144 600
38 144 100
39 144 600
39 144 100
40 144 600
40 144 100
41 144 600
41 144 100
42 144 600
42 144 100
42 144 100
43 144 700
43 144 100
43 144 100
44 144 800
44 144 100
44 144 100
45 144 900
45 144 100
45 144 100
45 144 100
46 144 1100
46 144 100
46 144 100
47 144 1200
47 144 100
47 144 100
28 145 1300
28 146 1300
28 147 1300
28 148 100
28 148 100
28 148 100
28 149 200
28 150 200
28 151 200
28 152 100
28 152 100
28 153 100
28 153 100
28 154 100
28 154 100
28 155 100
28 155 100
28 156 100
28 156 100
28 157 100
28 157 100
28 158 100
28 158 100
28 159 100
28 159 100
28 160 100
28 160 100
28 161 100
28 161 100
28 162 100
28 162 100
28 163 100
28 163 100
28 164 100
28 164 100
28 165 100
28 166 100
28 167 100
28 168 100
28 169 100
28 170 100
28 171 100
28 171 100
28 172 100
28 172 100
28 173 100
28 173 100
28 174 100
28 174 100
28 175 100
28 175 100
28 175 100
28 176 200
28 176 100
28 177 200
28 177 100
28 178 200
28 178 100
28 179 200
28 179 100
28 180 200
28 180 100
28 181 200
28 181 100
28 182 200
28 183 200
