76 110 120
75 110 120
74 110 120
73 110 120
72 110 120
71 110 120
70 110 120
69 110 120
68 110 120
67 110 120
66 110 120
65 110 120
64 110 120
64 109 120
64 108 120
64 107 120
64 106 120
64 105 120
64 104 120
64 104 120
64 103 120
64 103 120
64 102 120
64 102 120
64 102 120
64 101 240
64 101 120
64 100 240
64 100 120
64 100 120
64 99 360
64 99 120
64 99 120
64 98 480
64 98 120
64 98 120
64 97 600
64 97 120
64 97 120
64 97 120
64 96 840
64 96 120
64 96 120
64 95 960
64 95 120
64 94 960
64 94 120
64 93 960
64 93 120
64 92 960
64 91 960
64 90 960
64 89 120
64 89 120
64 89 120
64 89 120
64 88 360
64 87 360
64 86 360
64 85 120
64 84 120
64 83 120
64 82 120
64 81 120
64 80 120
64 79 120
64 78 120
64 77 120
64 76 120
64 75 120
64 74 120
64 73 120
64 72 120
64 71 120
64 70 120
64 69 120
64 68 120
64 67 120
64 66 120
64 65 120
64 64 120
63 110 120
62 110 120
61 110 120
60 110 120
59 110 120
58 110 120
57 110 120
56 110 120
55 110 120
54 110 120
53 110 120
52 110 120
51 110 120
51 110 120
50 110 120
50 110 120
49 110 120
49 110 120
48 110 120
48 110 120
48 110 120
47 110 240
47 110 120
47 110 120
46 110 360
46 110 120
45 110 360
45 110 120
45 110 120
44 110 480
44 110 120
43 110 480
43 110 120
42 110 480
42 110 120
41 110 480
41 110 120
40 110 480
40 110 120
39 110 480
39 110 120
38 110 480
38 110 120
37 110 480
36 110 480
35 110 480
34 110 120
34 110 120
34 110 120
34 110 120
33 110 360
33 110 120
33 110 120
32 110 480
32 110 120
31 110 480
31 110 120
31 110 120
30 110 600
30 110 120
29 110 600
29 110 120
29 110 120
28 110 720
28 110 120
27 110 720
27 110 120
26 110 720
26 110 120
25 110 720
25 110 120
24 110 720
23 110 720
23 111 720
23 112 120
23 112 120
23 112 120
23 113 240
23 114 240
23 115 240
23 116 120
23 117 120
23 118 120
23 119 120
23 120 120
23 121 120
23 122 120
23 123 120
23 124 120
23 125 120
23 126 120
23 127 120
23 128 120
23 128 120
23 129 120
23 129 120
23 130 120
23 130 120
23 131 120
23 131 120
23 132 120
23 132 120
23 133 120
23 133 120
23 133 120
23 134 240
23 134 120
23 135 240
23 135 120
23 136 240
23 136 120
23 136 120
23 137 360
23 137 120
23 138 360
23 138 120
23 138 120
23 139 480
23 139 120
23 139 120
23 140 600
23 140 120
23 140 120
23 141 720
23 141 120
23 141 120
23 141 120
23 142 960
23 142 120
23 142 120
23 143 1080
23 143 120
23 143 120
23 143 120
23 144 1320
23 144 120
23 144 120
23 144 120
23 145 1560
23 145 120
23 145 120
23 145 120
23 146 1800
23 146 120
23 146 120
23 146 120
23 147 2040
23 147 120
23 147 120
23 147 120
23 148 2280
23 148 120
23 148 120
23 148 120
23 149 2520
23 149 120
23 149 120
23 149 120
23 150 2760
23 150 120
23 150 120
23 151 2880
23 151 120
23 151 120
23 152 3000
23 152 120
23 153 3000
23 154 3000
23 155 3000
23 156 120
23 156 120
23 156 120
23 156 120
23 156 120
23 156 120
23 156 120
23 156 120
23 156 120
23 156 120
23 156 120
23 156 120
23 156 120
23 156 120
23 156 120
23 156 120
23 156 120
23 156 120
23 156 120
23 156 120
23 157 2280
23 158 2280
23 159 2280
23 160 120
23 160 120
23 160 120
23 160 120
23 160 120
23 160 120
23 160 120
23 160 120
23 161 840
23 162 840
23 163 840
23 164 120
23 164 120
23 165 120
23 165 120
23 166 120
23 167 120
23 168 120
23 169 120
23 170 120
23 171 120
23 172 120
23 173 120
23 174 120
23 175 120
23 176 120
126 20 120
125 20 120
124 20 120
123 20 120
122 20 120
121 20 120
120 20 120
119 20 120
118 20 120
117 20 120
116 20 120
115 20 120
114 20 120
113 20 120
112 20 120
111 20 120
111 20 120
110 20 120
110 20 120
110 20 120
109 20 240
109 20 120
109 20 120
108 20 360
108 20 120
108 20 120
107 20 480
107 20 120
107 20 120
106 20 600
106 20 120
106 20 120
106 20 120
105 20 840
105 20 120
105 20 120
105 20 120
104 20 1080
104 20 120
104 20 120
104 20 120
103 20 1320
103 20 120
103 20 120
102 20 1440
102 20 120
102 20 120
101 20 1560
101 20 120
101 20 120
100 20 1680
100 20 120
99 20 1680
98 20 1680
97 20 1680
96 20 120
96 20 120
96 20 120
96 20 120
96 20 120
96 20 120
96 20 120
96 20 120
96 20 120
95 20 960
94 20 960
93 20 960
92 20 120
92 20 120
92 20 120
92 20 120
91 20 360
90 20 360
89 20 360
88 20 120
88 20 120
87 20 120
86 20 120
85 20 120
84 20 120
83 20 120
82 20 120
81 20 120
80 20 120
79 20 120
78 20 120
77 20 120
76 20 120
75 20 120
74 20 120
74 20 120
73 20 120
73 20 120
72 20 120
72 20 120
71 20 120
70 20 120
69 20 120
68 20 120
67 20 120
66 20 120
65 20 120
64 20 120
64 21 120
64 22 120
64 23 120
64 24 120
64 25 120
64 26 120
64 27 120
64 28 120
64 29 120
64 30 120
64 31 120
64 31 120
64 32 120
64 32 120
64 33 120
64 33 120
64 34 120
64 34 120
64 34 120
64 35 240
64 35 120
64 35 120
64 36 360
64 36 120
64 36 120
64 37 480
64 37 120
64 37 120
64 37 120
64 38 720
64 38 120
64 38 120
64 38 120
64 39 960
64 39 120
64 39 120
64 39 120
64 39 120
64 40 1320
64 40 120
64 40 120
64 40 120
64 41 1560
64 41 120
64 41 120
64 41 120
64 41 120
64 42 1920
64 42 120
64 42 120
64 42 120
64 43 2160
64 43 120
64 43 120
64 43 120
64 44 2400
64 44 120
64 44 120
64 45 2520
64 45 120
64 45 120
64 46 2640
64 46 120
64 47 2640
64 47 120
64 48 2640
64 49 2640
64 50 2640
64 51 120
64 51 120
64 51 120
64 51 120
64 51 120
64 51 120
64 51 120
64 51 120
64 51 120
64 51 120
64 51 120
64 51 120
64 51 120
64 51 120
64 51 120
64 51 120
64 52 1800
64 53 1800
64 54 1800
64 55 120
64 55 120
64 55 120
64 55 120
64 55 120
64 56 480
64 57 480
64 58 480
64 59 120
64 60 120
64 61 120
64 62 120
64 63 120
