134 102 120
133 102 120
132 102 120
131 102 120
130 102 120
129 102 120
128 102 120
127 102 120
126 102 120
125 102 120
124 102 120
124 102 120
123 102 120
123 102 120
122 102 120
122 102 120
122 102 120
121 102 240
121 102 120
120 102 240
120 102 120
120 102 120
119 102 360
119 102 120
119 102 120
118 102 480
118 102 120
118 102 120
118 103 600
118 103 120
118 104 600
118 104 120
118 105 600
118 105 120
118 105 120
118 106 720
118 106 120
118 107 720
118 107 120
118 107 120
118 108 840
118 108 120
118 108 120
118 109 960
118 109 120
118 110 960
118 110 120
118 110 120
118 111 1080
118 111 120
118 111 120
118 112 1200
118 112 120
118 112 120
118 113 1320
118 113 120
118 113 120
118 114 1440
118 114 120
118 114 120
118 115 1560
118 115 120
118 115 120
118 116 1680
118 116 120
118 116 120
118 117 1800
118 117 120
118 117 120
118 118 1920
118 118 120
118 118 120
118 119 2040
118 119 120
118 119 120
118 120 2160
118 120 120
118 120 120
118 121 2280
118 121 120
118 122 2280
118 122 120
118 122 120
118 123 2400
118 123 120
118 124 2400
118 124 120
118 124 120
118 125 2520
118 125 120
118 126 2520
118 126 120
118 127 2520
118 127 120
118 128 2520
118 129 2520
118 130 2520
118 131 120
118 131 120
118 131 120
118 131 120
118 131 120
118 131 120
118 131 120
118 131 120
118 131 120
118 131 120
118 131 120
118 131 120
118 131 120
118 131 120
118 131 120
118 131 120
118 131 120
118 131 120
118 132 2040
118 133 2040
118 134 2040
118 135 120
118 135 120
118 135 120
118 135 120
118 135 120
118 135 120
118 135 120
118 135 120
118 135 120
118 135 120
118 135 120
118 136 1200
118 137 1200
118 138 1200
118 139 120
118 139 120
118 139 120
118 139 120
118 139 120
118 139 120
118 139 120
118 140 720
118 140 120
118 141 720
118 142 720
118 143 720
118 144 120
118 144 120
118 144 120
118 144 120
118 145 360
118 145 120
118 146 360
118 147 360
118 148 360
118 149 120
118 149 120
118 150 120
118 151 120
118 152 120
118 153 120
118 154 120
118 155 120
118 156 120
118 157 120
118 158 120
118 159 120
118 160 120
118 161 120
118 162 120
118 163 120
118 164 120
118 165 120
118 166 120
118 167 120
118 168 120
118 169 120
118 170 120
118 171 120
118 172 120
118 173 120
118 174 120
118 175 120
118 176 120
118 177 120
118 178 120
118 179 120
118 180 120
71 76 120
71 76 120
71 76 120
71 76 120
71 76 120
71 76 120
71 76 120
71 76 120
71 76 120
71 76 120
71 76 120
71 76 120
71 76 120
71 76 120
71 76 120
71 76 120
71 76 120
71 76 120
71 76 120
71 76 120
71 76 120
71 76 120
70 76 2520
69 76 2520
68 76 2520
67 76 120
67 76 120
67 76 120
67 76 120
67 76 120
67 76 120
67 76 120
67 76 120
67 76 120
67 76 120
67 76 120
67 76 120
67 76 120
67 76 120
66 76 1560
65 76 1560
64 76 1560
63 76 120
63 76 120
63 76 120
63 76 120
63 76 120
63 76 120
63 76 120
63 76 120
63 75 840
63 74 840
63 73 840
63 72 120
63 72 120
63 72 120
63 72 120
63 72 120
63 71 480
63 70 480
63 69 480
63 68 120
63 68 120
63 68 120
63 67 240
63 67 120
63 66 240
63 65 240
63 64 240
63 63 120
63 63 120
63 62 120
63 61 120
63 60 120
63 59 120
63 58 120
63 57 120
63 56 120
63 55 120
63 54 120
63 53 120
63 52 120
63 51 120
63 50 120
63 49 120
63 48 120
63 47 120
63 46 120
63 45 120
63 44 120
63 43 120
63 42 120
63 41 120
63 40 120
63 39 120
63 38 120
63 37 120
63 36 120
63 35 120
63 34 120
62 76 120
62 76 120
62 76 120
62 76 120
62 76 120
62 76 120
62 76 120
61 76 720
61 76 120
60 76 720
59 76 720
58 76 720
57 76 120
57 76 120
57 76 120
57 76 120
56 76 360
56 76 120
55 76 360
54 76 360
53 76 360
52 76 120
52 76 120
51 76 120
51 76 120
50 76 120
50 76 120
49 76 120
48 76 120
47 76 120
46 76 120
45 76 120
44 76 120
43 76 120
42 76 120
41 76 120
40 76 120
39 76 120
38 76 120
37 76 120
36 76 120
35 76 120
34 76 120
33 76 120
32 76 120
31 76 120
30 76 120
29 76 120
28 76 120
27 76 120
26 76 120
25 76 120
24 76 120
24 75 120
24 74 120
24 73 120
24 72 120
24 71 120
24 70 120
24 69 120
24 68 120
24 67 120
24 66 120
24 65 120
24 64 120
24 63 120
24 62 120
24 61 120
24 60 120
135 102 120
136 102 120
137 102 120
138 102 120
139 102 120
140 102 120
141 102 120
142 102 120
143 102 120
144 102 120
145 102 120
146 102 120
146 102 120
147 102 120
147 102 120
148 102 120
148 102 120
149 102 120
149 102 120
150 102 120
150 102 120
151 102 120
151 102 120
152 102 120
152 102 120
153 102 120
153 102 120
154 102 120
154 102 120
155 102 120
155 102 120
156 102 120
156 102 120
156 102 120
157 102 240
157 102 120
158 102 240
158 102 120
158 102 120
159 102 360
159 102 120
160 102 360
160 102 120
160 102 120
161 102 480
161 102 120
162 102 480
162 102 120
162 102 120
163 102 600
163 102 120
164 102 600
164 102 120
165 102 600
166 102 600
167 102 600
168 102 120
168 102 120
168 102 120
169 102 240
169 102 120
170 102 240
170 102 120
171 102 240
172 102 240
173 102 240
174 102 120
174 102 120
175 102 120
175 102 120
176 102 120
176 102 120
177 102 120
178 102 120
179 102 120
180 102 120
181 102 120
182 102 120
183 102 120
184 102 120
185 102 120
186 102 120
187 102 120
188 102 120
189 102 120
190 102 120
191 102 120
192 102 120
192 101 120
192 100 120
192 99 120
192 98 120
192 97 120
192 96 120
192 95 120
192 94 120
192 93 120
192 92 120
192 91 120
192 90 120
192 89 120
192 88 120
192 87 120
192 86 120
192 85 120
192 85 120
192 84 120
192 84 120
192 83 120
192 83 120
192 82 120
192 82 120
192 81 120
192 81 120
192 80 120
192 80 120
192 79 120
192 79 120
192 78 120
192 78 120
192 77 120
192 77 120
192 76 120
192 76 120
192 75 120
192 75 120
192 74 120
192 74 120
192 73 120
192 73 120
192 72 120
192 72 120
192 72 120
192 71 240
192 71 120
192 70 240
192 70 120
192 69 240
192 69 120
192 69 120
192 68 360
192 68 120
192 68 120
192 67 480
192 67 120
192 66 480
192 66 120
192 66 120
192 65 600
192 65 120
192 65 120
192 64 720
192 64 120
192 64 120
192 63 840
192 63 120
192 63 120
192 62 960
192 62 120
192 62 120
192 61 1080
192 61 120
192 61 120
192 60 1200
192 60 120
192 60 120
192 59 1320
192 59 120
192 59 120
192 58 1440
192 58 120
192 58 120
192 57 1560
192 57 120
192 57 120
192 56 1680
192 56 120
192 56 120
192 56 120
192 55 1920
192 55 120
192 55 120
192 54 2040
192 54 120
192 54 120
192 54 120
192 53 2280
192 53 120
192 53 120
192 52 2400
192 52 120
192 52 120
192 51 2520
192 51 120
192 51 120
192 50 2640
192 50 120
192 49 2640
192 49 120
192 48 2640
192 47 2640
192 46 2640
192 45 120
192 45 120
192 45 120
192 45 120
192 45 120
192 45 120
192 45 120
192 45 120
192 45 120
192 45 120
192 45 120
192 45 120
192 45 120
192 45 120
192 45 120
192 45 120
192 45 120
192 45 120
192 45 120
192 45 120
192 45 120
192 44 2400
192 43 2400
192 42 2400
192 41 120
192 41 120
192 41 120
192 41 120
192 41 120
192 41 120
192 41 120
192 41 120
192 41 120
192 41 120
192 41 120
192 41 120
192 41 120
192 41 120
192 41 120
192 41 120
192 41 120
192 41 120
192 40 2040
192 39 2040
192 38 2040
192 37 120
192 37 120
192 37 120
192 37 120
192 37 120
192 37 120
192 37 120
192 37 120
192 37 120
192 37 120
192 37 120
192 37 120
192 37 120
192 36 1440
192 35 1440
192 34 1440
192 33 120
192 33 120
192 33 120
192 33 120
192 32 360
192 31 360
192 30 360
192 29 120
192 28 120
192 27 120
192 26 120
192 25 120
192 24 120
192 23 120
192 22 120
192 21 120
192 20 120
192 19 120
192 18 120
