36 190 50
37 190 50
38 190 50
39 190 50
40 190 50
41 190 50
42 190 50
43 190 50
44 190 50
44 190 50
45 190 50
45 190 50
46 190 50
46 190 50
46 190 50
47 190 50
47 190 50
47 190 50
48 190 50
48 190 50
48 190 50
48 190 50
49 190 50
49 190 50
49 190 50
49 190 50
49 190 50
50 190 50
50 190 50
50 190 50
50 190 50
50 190 50
51 190 50
51 190 50
51 190 50
51 190 50
51 190 50
52 190 50
52 190 50
52 190 50
52 190 50
52 190 50
53 190 50
53 190 50
53 190 50
53 190 50
54 190 50
54 190 50
54 190 50
55 190 50
55 190 50
55 190 50
56 190 50
56 190 50
56 190 50
57 190 50
57 190 50
58 190 50
58 190 50
59 190 50
59 190 50
60 190 50
60 190 50
61 190 50
61 190 50
62 190 50
62 190 50
62 190 50
63 190 50
63 190 50
63 190 50
64 190 50
64 190 50
64 190 50
65 190 50
65 190 50
65 190 50
65 190 50
66 190 50
66 190 50
66 190 50
66 190 50
67 190 50
67 190 50
67 190 50
67 190 50
68 190 50
68 190 50
68 190 50
68 190 50
69 190 50
69 190 50
69 190 50
69 190 50
70 190 50
70 190 50
70 190 50
70 190 50
71 190 50
71 190 50
71 190 50
71 190 50
71 189 150
71 189 50
71 188 50
71 188 50
71 188 50
71 188 50
71 187 50
71 187 50
71 187 50
71 186 50
71 186 50
71 186 50
71 185 50
71 185 50
71 184 50
71 184 50
71 183 50
71 183 50
71 182 50
71 181 50
71 180 50
71 179 50
71 178 50
71 177 50
71 177 50
71 176 50
71 176 50
71 175 50
71 175 50
71 174 50
71 174 50
71 173 50
71 173 50
71 173 50
71 172 50
71 172 50
71 172 50
71 171 50
71 171 50
71 171 50
71 170 50
71 170 50
71 170 50
71 169 50
71 169 50
71 169 50
71 169 50
71 168 50
71 168 50
71 168 50
71 168 50
71 167 50
71 167 50
71 167 50
71 167 50
71 166 50
71 166 50
71 166 50
71 166 50
71 166 50
71 165 50
71 165 50
71 165 50
71 165 50
71 165 50
71 165 50
71 164 50
71 164 50
71 164 50
71 164 50
71 164 50
71 164 50
71 164 50
71 164 50
71 163 50
71 163 50
71 163 50
71 163 50
71 163 50
71 163 50
71 163 50
71 163 50
71 163 50
71 163 50
71 162 50
71 162 50
71 162 50
71 162 50
71 162 50
71 162 50
71 162 50
71 162 50
71 162 50
71 162 50
71 162 50
71 162 50
71 162 50
71 162 50
71 161 50
71 161 50
71 161 50
71 161 50
71 161 50
71 161 50
71 161 50
71 161 50
71 161 50
71 161 50
71 161 50
71 161 50
71 161 50
71 161 50
71 161 50
71 161 50
71 161 50
71 161 50
71 161 50
71 160 50
71 160 50
71 160 50
71 160 50
71 160 50
71 160 50
71 160 50
71 160 50
71 160 50
71 160 50
71 160 50
71 160 50
71 160 50
71 160 50
71 160 50
71 160 50
71 160 50
71 160 50
71 160 50
71 160 50
71 160 50
71 160 50
71 160 50
71 160 50
71 160 50
71 159 50
71 159 50
71 159 50
71 159 50
71 159 50
71 159 50
71 159 50
71 159 50
71 159 50
71 159 50
71 159 50
71 159 50
71 159 50
71 159 50
71 159 50
71 159 50
71 159 50
71 159 50
71 159 50
71 159 50
71 159 50
71 159 50
71 159 50
71 159 50
71 159 50
71 159 50
71 159 50
71 159 50
71 159 50
71 159 50
71 159 50
71 159 50
71 159 50
71 159 50
71 158 50
71 158 50
71 158 50
71 158 50
71 158 50
71 158 50
71 158 50
71 158 50
71 158 50
71 158 50
71 158 50
71 158 50
71 158 50
71 158 50
71 158 50
71 158 50
71 158 50
71 158 50
71 158 50
71 158 50
71 158 50
71 158 50
71 158 50
71 158 50
71 158 50
71 158 50
71 158 50
71 158 50
71 158 50
71 158 50
71 158 50
71 158 50
71 158 50
71 158 50
71 158 50
71 158 50
71 158 50
71 158 50
71 158 50
71 158 50
71 158 50
71 158 50
71 158 50
71 158 50
71 157 50
71 157 50
71 157 50
71 157 50
71 157 50
71 157 50
71 157 50
71 157 50
71 157 50
71 157 50
71 157 50
71 157 50
71 157 50
71 157 50
71 157 50
71 157 50
71 157 50
71 157 50
71 157 50
71 157 50
71 157 50
71 157 50
71 157 50
71 157 50
71 157 50
71 157 50
71 157 50
71 157 50
71 157 50
71 157 50
71 157 50
71 157 50
71 157 50
71 157 50
71 157 50
71 157 50
71 157 50
71 157 50
71 157 50
71 157 50
71 157 50
71 157 50
71 157 50
71 157 50
71 157 50
71 157 50
71 157 50
71 157 50
71 157 50
71 157 50
71 157 50
71 157 50
71 157 50
71 157 50
71 156 50
71 156 50
71 156 50
71 156 50
71 156 50
71 156 50
71 156 50
71 156 50
71 156 50
71 156 50
71 156 50
71 156 50
71 156 50
71 156 50
71 156 50
71 156 50
71 156 50
71 156 50
71 156 50
71 156 50
71 156 50
71 156 50
71 156 50
71 156 50
71 156 50
71 156 50
71 156 50
71 156 50
71 156 50
71 156 50
71 156 50
71 156 50
71 156 50
71 156 50
71 156 50
71 156 50
71 156 50
71 156 50
71 156 50
71 156 50
71 156 50
71 156 50
71 156 50
71 156 50
71 156 50
71 156 50
71 156 50
71 156 50
71 156 50
71 156 50
71 156 50
71 156 50
71 156 50
71 156 50
71 156 50
71 156 50
71 156 50
71 156 50
71 156 50
71 156 50
71 156 50
71 156 50
71 156 50
71 155 50
71 155 50
71 155 50
71 155 50
71 155 50
71 155 50
71 155 50
71 155 50
71 155 50
71 155 50
71 155 50
71 155 50
71 155 50
71 155 50
71 155 50
71 155 50
71 155 50
71 155 50
71 155 50
71 155 50
71 155 50
71 155 50
71 155 50
71 155 50
71 155 50
71 155 50
71 155 50
71 155 50
71 155 50
71 155 50
71 155 50
71 155 50
71 155 50
71 155 50
71 155 50
71 155 50
71 155 50
71 155 50
71 155 50
71 155 50
71 155 50
71 155 50
71 155 50
71 155 50
71 155 50
71 155 50
71 155 50
71 155 50
71 155 50
71 155 50
71 155 50
71 155 50
71 155 50
71 155 50
71 155 50
71 155 50
71 155 50
71 155 50
71 155 50
71 155 50
71 155 50
71 155 50
71 155 50
71 155 50
71 155 50
71 155 50
71 155 50
71 155 50
71 155 50
71 155 50
71 154 50
71 154 50
71 154 50
71 154 50
71 154 50
71 154 50
71 154 50
71 154 50
71 154 50
71 154 50
71 154 50
71 154 50
71 154 50
71 154 50
71 154 50
71 154 50
71 154 50
71 154 50
71 154 50
71 154 50
71 154 50
71 154 50
71 154 50
71 154 50
71 154 50
71 154 50
71 154 50
71 154 50
71 154 50
71 154 50
71 154 50
71 154 50
71 154 50
71 154 50
71 154 50
71 154 50
71 154 50
71 154 50
71 154 50
71 154 50
71 154 50
71 154 50
71 154 50
71 154 50
71 154 50
71 154 50
71 154 50
71 154 50
71 154 50
71 154 50
71 154 50
71 154 50
71 154 50
71 154 50
71 154 50
71 154 50
71 154 50
71 154 50
71 154 50
71 154 50
71 154 50
71 154 50
71 154 50
71 154 50
71 154 50
71 154 50
71 154 50
71 154 50
71 154 50
71 154 50
71 154 50
71 154 50
71 154 50
71 154 50
71 154 50
71 153 50
71 153 50
71 153 50
71 153 50
71 153 50
71 153 50
71 153 50
71 153 50
71 153 50
71 153 50
71 153 50
71 153 50
71 153 50
71 153 50
71 153 50
71 153 50
71 153 50
71 153 50
71 153 50
71 153 50
71 153 50
71 153 50
71 153 50
71 153 50
71 153 50
71 153 50
71 153 50
71 153 50
71 153 50
71 153 50
71 153 50
71 153 50
71 153 50
71 153 50
71 153 50
71 153 50
71 153 50
71 153 50
71 153 50
71 153 50
71 153 50
71 153 50
71 153 50
71 153 50
71 153 50
71 153 50
71 153 50
71 153 50
71 153 50
71 153 50
71 153 50
71 153 50
71 153 50
71 153 50
71 153 50
71 153 50
71 153 50
71 153 50
71 153 50
71 153 50
71 153 50
71 153 50
71 153 50
71 153 50
71 153 50
71 153 50
71 153 50
71 153 50
71 153 50
71 153 50
71 153 50
71 153 50
71 153 50
71 153 50
71 153 50
71 153 50
71 153 50
71 153 50
71 152 50
71 152 50
71 152 50
71 152 50
71 152 50
71 152 50
71 152 50
71 152 50
71 152 50
71 152 50
71 152 50
71 152 50
71 152 50
71 152 50
71 152 50
71 152 50
71 152 50
71 152 50
71 152 50
71 152 50
71 152 50
71 152 50
71 152 50
71 152 50
71 152 50
71 152 50
71 152 50
71 152 50
71 152 50
71 152 50
71 152 50
71 152 50
71 152 50
71 152 50
71 152 50
71 152 50
71 152 50
71 152 50
71 152 50
71 152 50
71 152 50
71 152 50
71 152 50
71 152 50
71 152 50
71 152 50
71 152 50
71 152 50
71 152 50
71 152 50
71 152 50
71 152 50
71 152 50
71 152 50
71 152 50
71 152 50
71 152 50
71 152 50
71 152 50
71 152 50
71 152 50
71 152 50
71 152 50
71 152 50
71 152 50
71 152 50
71 152 50
71 152 50
71 152 50
71 152 50
71 152 50
71 152 50
71 152 50
71 152 50
71 152 50
71 152 50
71 152 50
71 152 50
71 152 50
71 152 50
71 151 50
71 151 50
71 151 50
71 151 50
71 151 50
71 151 50
71 151 50
71 151 50
71 151 50
71 151 50
71 151 50
71 151 50
71 151 50
71 151 50
71 151 50
71 151 50
71 151 50
71 151 50
71 151 50
71 151 50
71 151 50
71 151 50
71 151 50
71 151 50
71 151 50
71 151 50
71 151 50
71 151 50
71 151 50
71 151 50
71 151 50
71 151 50
71 151 50
71 151 50
71 151 50
71 151 50
71 151 50
71 151 50
71 151 50
71 151 50
71 151 50
71 151 50
71 151 50
71 151 50
71 151 50
71 151 50
71 151 50
71 151 50
71 151 50
71 151 50
71 151 50
71 151 50
71 151 50
71 151 50
71 151 50
71 151 50
71 151 50
71 151 50
71 151 50
71 151 50
71 151 50
71 151 50
71 151 50
71 151 50
71 151 50
71 151 50
71 151 50
71 151 50
71 151 50
71 151 50
71 151 50
71 151 50
71 151 50
71 151 50
71 151 50
71 151 50
71 151 50
71 151 50
71 151 50
71 151 50
71 150 50
71 150 50
71 150 50
71 150 50
71 150 50
71 150 50
71 150 50
71 150 50
71 150 50
71 150 50
71 150 50
71 150 50
71 150 50
71 150 50
71 150 50
71 150 50
71 150 50
71 150 50
71 150 50
71 150 50
71 150 50
71 150 50
71 150 50
71 150 50
71 150 50
71 150 50
71 150 50
71 150 50
71 150 50
71 150 50
71 150 50
71 150 50
71 150 50
71 150 50
71 150 50
71 150 50
71 150 50
71 150 50
71 150 50
71 150 50
71 150 50
71 150 50
71 150 50
71 150 50
71 150 50
71 150 50
71 150 50
71 150 50
71 150 50
71 150 50
71 150 50
71 150 50
71 150 50
71 150 50
71 150 50
71 150 50
71 150 50
71 150 50
71 150 50
71 150 50
71 150 50
71 150 50
71 150 50
71 150 50
71 150 50
71 150 50
71 150 50
71 150 50
71 150 50
71 150 50
71 150 50
71 150 50
71 150 50
71 150 50
71 150 50
71 150 50
71 150 50
71 150 50
71 150 50
71 149 50
71 149 50
71 149 50
71 149 50
71 149 50
71 149 50
71 149 50
71 149 50
71 149 50
71 149 50
71 149 50
71 149 50
71 149 50
71 149 50
71 149 50
71 149 50
71 149 50
71 149 50
71 149 50
71 149 50
71 149 50
71 149 50
71 149 50
71 149 50
71 149 50
71 149 50
71 149 50
71 149 50
71 149 50
71 149 50
71 149 50
71 149 50
71 149 50
71 149 50
71 149 50
71 149 50
71 149 50
71 149 50
71 149 50
71 149 50
71 149 50
71 149 50
71 149 50
71 149 50
71 149 50
71 149 50
71 149 50
71 149 50
71 149 50
71 149 50
71 149 50
71 149 50
71 149 50
71 149 50
71 149 50
71 149 50
71 149 50
71 149 50
71 149 50
71 149 50
71 149 50
71 149 50
71 149 50
71 149 50
71 149 50
71 149 50
71 149 50
71 149 50
71 149 50
71 149 50
71 149 50
71 149 50
71 149 50
71 149 50
71 149 50
71 149 50
71 149 50
71 148 50
71 148 50
71 148 50
71 148 50
71 148 50
71 148 50
71 148 50
71 148 50
71 148 50
71 148 50
71 148 50
71 148 50
71 148 50
71 148 50
71 148 50
71 148 50
71 148 50
71 148 50
71 148 50
71 148 50
71 148 50
71 148 50
71 148 50
71 148 50
71 148 50
71 148 50
71 148 50
71 148 50
71 148 50
71 148 50
71 148 50
71 148 50
71 148 50
71 148 50
71 148 50
71 148 50
71 148 50
71 148 50
71 148 50
71 148 50
71 148 50
71 148 50
71 148 50
71 148 50
71 148 50
71 148 50
71 148 50
71 148 50
71 148 50
71 148 50
71 148 50
71 148 50
71 148 50
71 148 50
71 148 50
71 148 50
71 148 50
71 148 50
71 148 50
71 148 50
71 148 50
71 148 50
71 148 50
71 148 50
71 148 50
71 148 50
71 148 50
71 148 50
71 148 50
71 148 50
71 148 50
71 148 50
71 148 50
71 148 50
71 148 50
71 147 50
71 147 50
71 147 50
71 147 50
71 147 50
71 147 50
71 147 50
71 147 50
71 147 50
71 147 50
71 147 50
71 147 50
71 147 50
71 147 50
71 147 50
71 147 50
71 147 50
71 147 50
71 147 50
71 147 50
71 147 50
71 147 50
71 147 50
71 147 50
71 147 50
71 147 50
71 147 50
71 147 50
71 147 50
71 147 50
71 147 50
71 147 50
71 147 50
71 147 50
71 147 50
71 147 50
71 147 50
71 147 50
71 147 50
71 147 50
71 147 50
71 147 50
71 147 50
71 147 50
71 147 50
71 147 50
71 147 50
71 147 50
71 147 50
71 147 50
71 147 50
71 147 50
71 147 50
71 147 50
71 147 50
71 147 50
71 147 50
71 147 50
71 147 50
71 147 50
71 147 50
71 147 50
71 147 50
71 147 50
71 147 50
71 147 50
71 147 50
71 147 50
71 147 50
71 147 50
71 147 50
71 147 50
71 146 50
71 146 50
71 146 50
71 146 50
71 146 50
71 146 50
71 146 50
71 146 50
71 146 50
71 146 50
71 146 50
71 146 50
71 146 50
71 146 50
71 146 50
71 146 50
71 146 50
71 146 50
71 146 50
71 146 50
71 146 50
71 146 50
71 146 50
71 146 50
71 146 50
71 146 50
71 146 50
71 146 50
71 146 50
71 146 50
71 146 50
71 146 50
71 146 50
71 146 50
71 146 50
71 146 50
71 146 50
71 146 50
71 146 50
71 146 50
71 146 50
71 146 50
71 146 50
71 146 50
71 146 50
71 146 50
71 146 50
71 146 50
71 146 50
71 146 50
71 146 50
71 146 50
71 146 50
71 146 50
71 146 50
71 146 50
71 146 50
71 146 50
71 146 50
71 146 50
71 146 50
71 146 50
71 146 50
71 146 50
71 146 50
71 146 50
71 146 50
71 146 50
71 146 50
71 145 50
71 145 50
71 145 50
71 145 50
71 145 50
71 145 50
71 145 50
71 145 50
71 145 50
71 145 50
71 145 50
71 145 50
71 145 50
71 145 50
71 145 50
71 145 50
71 145 50
71 145 50
71 145 50
71 145 50
71 145 50
71 145 50
71 145 50
71 145 50
71 145 50
71 145 50
71 145 50
71 145 50
71 145 50
71 145 50
71 145 50
71 145 50
71 145 50
71 145 50
71 145 50
71 145 50
71 145 50
71 145 50
71 145 50
71 145 50
71 145 50
71 145 50
71 145 50
71 145 50
71 145 50
71 145 50
71 145 50
71 145 50
71 145 50
71 145 50
71 145 50
71 145 50
71 145 50
71 145 50
71 145 50
71 145 50
71 145 50
71 145 50
71 145 50
71 145 50
71 145 50
71 145 50
71 145 50
71 145 50
71 145 50
71 145 50
71 144 50
71 144 50
71 144 50
71 144 50
71 144 50
71 144 50
71 144 50
71 144 50
71 144 50
71 144 50
71 144 50
71 144 50
71 144 50
71 144 50
71 144 50
71 144 50
71 144 50
71 144 50
71 144 50
71 144 50
71 144 50
71 144 50
71 144 50
71 144 50
71 144 50
71 144 50
71 144 50
71 144 50
71 144 50
71 144 50
71 144 50
71 144 50
71 144 50
71 144 50
71 144 50
71 144 50
71 144 50
71 144 50
71 144 50
71 144 50
71 144 50
71 144 50
71 144 50
71 144 50
71 144 50
71 144 50
71 144 50
71 144 50
71 144 50
71 144 50
71 144 50
71 144 50
71 144 50
71 144 50
71 144 50
71 144 50
71 144 50
71 144 50
71 144 50
71 144 50
71 144 50
71 144 50
71 144 50
71 143 50
71 143 50
71 143 50
71 143 50
71 143 50
71 143 50
71 143 50
71 143 50
71 143 50
71 143 50
71 143 50
71 143 50
71 143 50
71 143 50
71 143 50
71 143 50
71 143 50
71 143 50
71 143 50
71 143 50
71 143 50
71 143 50
71 143 50
71 143 50
71 143 50
71 143 50
71 143 50
71 143 50
71 143 50
71 143 50
71 143 50
71 143 50
71 143 50
71 143 50
71 143 50
71 143 50
71 143 50
71 143 50
71 143 50
71 143 50
71 143 50
71 143 50
71 143 50
71 143 50
71 143 50
71 143 50
71 143 50
71 143 50
71 143 50
71 143 50
71 143 50
71 143 50
71 143 50
71 143 50
71 143 50
71 143 50
71 143 50
71 143 50
71 143 50
71 143 50
71 142 50
71 142 50
71 142 50
71 142 50
71 142 50
71 142 50
71 142 50
71 142 50
71 142 50
71 142 50
71 142 50
71 142 50
71 142 50
71 142 50
71 142 50
71 142 50
71 142 50
71 142 50
71 142 50
71 142 50
71 142 50
71 142 50
71 142 50
71 142 50
71 142 50
71 142 50
71 142 50
71 142 50
71 142 50
71 142 50
71 142 50
71 142 50
71 142 50
71 142 50
71 142 50
71 142 50
71 142 50
71 142 50
71 142 50
71 142 50
71 142 50
71 142 50
71 142 50
71 142 50
71 142 50
71 142 50
71 142 50
71 142 50
71 142 50
71 142 50
71 142 50
71 142 50
71 142 50
71 142 50
71 142 50
71 142 50
71 142 50
71 141 50
71 141 50
71 141 50
71 141 50
71 141 50
71 141 50
71 141 50
71 141 50
71 141 50
71 141 50
71 141 50
71 141 50
71 141 50
71 141 50
71 141 50
71 141 50
71 141 50
71 141 50
71 141 50
71 141 50
71 141 50
71 141 50
71 141 50
71 141 50
71 141 50
71 141 50
71 141 50
71 141 50
71 141 50
71 141 50
71 141 50
71 141 50
71 141 50
71 141 50
71 141 50
71 141 50
71 141 50
71 141 50
71 141 50
71 141 50
71 141 50
71 141 50
71 141 50
71 141 50
71 141 50
71 141 50
71 141 50
71 141 50
71 141 50
71 141 50
71 141 50
71 141 50
71 140 50
71 140 50
71 140 50
71 140 50
71 140 50
71 140 50
71 140 50
71 140 50
71 140 50
71 140 50
71 140 50
71 140 50
71 140 50
71 140 50
71 140 50
71 140 50
71 140 50
71 140 50
71 140 50
71 140 50
71 140 50
71 140 50
71 140 50
71 140 50
71 140 50
71 140 50
71 140 50
71 140 50
71 140 50
71 140 50
71 140 50
71 140 50
71 140 50
71 140 50
71 140 50
71 140 50
71 140 50
71 140 50
71 140 50
71 140 50
71 140 50
71 140 50
71 140 50
71 140 50
71 140 50
71 140 50
71 140 50
71 140 50
71 139 50
71 139 50
71 139 50
71 139 50
71 139 50
71 139 50
71 139 50
71 139 50
71 139 50
71 139 50
71 139 50
71 139 50
71 139 50
71 139 50
71 139 50
71 139 50
71 139 50
71 139 50
71 139 50
71 139 50
71 139 50
71 139 50
71 139 50
71 139 50
71 139 50
71 139 50
71 139 50
71 139 50
71 139 50
71 139 50
71 139 50
71 139 50
71 139 50
71 139 50
71 139 50
71 139 50
71 139 50
71 139 50
71 139 50
71 139 50
71 139 50
71 139 50
71 138 50
71 138 50
71 138 50
71 138 50
71 138 50
71 138 50
71 138 50
71 138 50
71 138 50
71 138 50
71 138 50
71 138 50
71 138 50
71 138 50
71 138 50
71 138 50
71 138 50
71 138 50
71 138 50
71 138 50
71 138 50
71 138 50
71 138 50
71 138 50
71 138 50
71 138 50
71 138 50
71 138 50
71 138 50
71 138 50
71 138 50
71 138 50
71 138 50
71 138 50
71 138 50
71 137 50
71 137 50
71 137 50
71 137 50
71 137 50
71 137 50
71 137 50
71 137 50
71 137 50
71 137 50
71 137 50
71 137 50
71 137 50
71 137 50
71 137 50
71 137 50
71 137 50
71 137 50
71 137 50
71 137 50
71 137 50
71 137 50
71 137 50
71 137 50
71 137 50
71 137 50
71 137 50
71 137 50
71 136 50
71 136 50
71 136 50
71 136 50
71 136 50
71 136 50
71 136 50
71 136 50
71 136 50
71 136 50
71 136 50
71 136 50
71 136 50
71 136 50
71 136 50
71 136 50
71 136 50
71 136 50
71 136 50
71 136 50
71 136 50
71 135 50
71 135 50
71 135 50
71 135 50
71 135 50
71 135 50
71 135 50
71 135 50
71 135 50
71 135 50
71 135 50
71 135 50
71 135 50
71 135 50
71 135 50
71 135 50
71 134 50
71 134 50
71 134 50
71 134 50
71 134 50
71 134 50
71 134 50
71 134 50
71 134 50
71 134 50
71 134 50
71 134 50
71 133 50
71 133 50
71 133 50
71 133 50
71 133 50
71 133 50
71 133 50
71 133 50
71 133 50
71 132 50
71 132 50
71 132 50
71 132 50
71 132 50
71 132 50
71 132 50
71 132 50
71 131 50
71 131 50
71 131 50
71 131 50
71 131 50
71 131 50
71 131 50
71 130 50
71 130 50
71 130 50
71 130 50
71 130 50
71 130 50
71 129 50
71 129 50
71 129 50
71 129 50
71 129 50
71 128 50
71 128 50
71 128 50
71 128 50
71 127 50
71 127 50
71 127 50
71 126 50
71 126 50
71 125 50
71 125 50
71 124 50
71 123 50
71 122 50
71 121 50
71 120 50
71 119 50
71 118 50
71 117 50
35 190 50
34 190 50
33 190 50
33 190 50
32 190 50
32 190 50
31 190 50
31 190 50
30 190 50
30 190 50
30 190 50
29 190 50
29 190 50
29 190 50
29 190 50
28 190 50
28 190 50
28 190 50
28 190 50
28 190 50
28 190 50
27 190 50
27 190 50
27 190 50
27 190 50
27 190 50
27 190 50
27 190 50
27 190 50
26 190 50
26 190 50
26 190 50
26 190 50
26 190 50
26 190 50
26 190 50
26 190 50
26 190 50
26 190 50
26 190 50
26 190 50
25 190 50
25 190 50
25 190 50
25 190 50
25 190 50
25 190 50
25 190 50
25 190 50
25 190 50
25 190 50
25 190 50
25 190 50
25 190 50
25 190 50
25 190 50
25 190 50
25 190 50
24 190 50
24 190 50
24 190 50
24 190 50
24 190 50
24 190 50
24 190 50
24 190 50
24 190 50
24 190 50
24 190 50
24 190 50
24 190 50
24 190 50
24 190 50
24 190 50
24 190 50
24 190 50
24 190 50
24 190 50
24 190 50
24 190 50
24 190 50
23 190 50
23 190 50
23 190 50
23 190 50
23 190 50
23 190 50
23 190 50
23 190 50
23 190 50
23 190 50
23 190 50
23 190 50
23 190 50
23 190 50
23 190 50
23 190 50
23 190 50
23 190 50
23 190 50
23 190 50
23 190 50
23 190 50
23 190 50
23 190 50
23 190 50
23 190 50
23 190 50
23 190 50
23 190 50
23 190 50
22 190 50
22 190 50
22 190 50
22 190 50
22 190 50
22 190 50
22 190 50
22 190 50
22 190 50
22 190 50
22 190 50
22 190 50
22 190 50
22 190 50
22 190 50
22 190 50
22 190 50
22 190 50
22 190 50
22 190 50
22 190 50
22 190 50
22 190 50
22 190 50
22 190 50
22 190 50
22 190 50
22 190 50
22 190 50
22 190 50
22 190 50
22 190 50
22 190 50
22 190 50
22 190 50
22 190 50
21 190 50
21 190 50
21 190 50
21 190 50
21 190 50
21 190 50
21 190 50
21 190 50
21 190 50
21 190 50
21 190 50
21 190 50
21 190 50
21 190 50
21 190 50
21 190 50
21 190 50
21 190 50
21 190 50
21 190 50
21 190 50
21 190 50
21 190 50
21 190 50
21 190 50
21 190 50
21 190 50
21 190 50
21 190 50
21 190 50
21 190 50
21 190 50
21 190 50
21 190 50
21 190 50
21 190 50
21 190 50
21 190 50
21 190 50
21 190 50
21 190 50
20 190 50
20 190 50
20 190 50
20 190 50
20 190 50
20 190 50
20 190 50
20 190 50
20 190 50
20 190 50
20 190 50
20 190 50
20 190 50
20 190 50
20 190 50
20 190 50
20 190 50
20 190 50
20 190 50
20 190 50
20 190 50
20 190 50
20 190 50
20 190 50
20 190 50
20 190 50
20 190 50
20 190 50
20 190 50
20 190 50
20 190 50
20 190 50
20 190 50
20 190 50
20 190 50
20 190 50
20 190 50
20 190 50
20 190 50
20 190 50
20 190 50
20 190 50
20 190 50
20 190 50
19 190 50
19 190 50
19 190 50
19 190 50
19 190 50
19 190 50
19 190 50
19 190 50
19 190 50
19 190 50
19 190 50
19 190 50
19 190 50
19 190 50
19 190 50
19 190 50
19 190 50
19 190 50
19 190 50
19 190 50
19 190 50
19 190 50
19 190 50
19 190 50
19 190 50
19 190 50
19 190 50
19 190 50
19 190 50
19 190 50
19 190 50
19 190 50
19 190 50
19 190 50
19 190 50
19 190 50
19 190 50
19 190 50
19 190 50
19 190 50
19 190 50
19 190 50
19 190 50
19 190 50
19 190 50
18 190 50
18 190 50
18 190 50
18 190 50
18 190 50
18 190 50
18 190 50
18 190 50
18 190 50
18 190 50
18 190 50
18 190 50
18 190 50
18 190 50
18 190 50
18 190 50
18 190 50
18 190 50
18 190 50
18 190 50
18 190 50
18 190 50
18 190 50
18 190 50
18 190 50
18 190 50
18 190 50
18 190 50
18 190 50
18 190 50
18 190 50
18 190 50
18 190 50
18 190 50
18 190 50
18 190 50
18 190 50
18 190 50
18 190 50
18 190 50
18 190 50
18 190 50
18 190 50
18 190 50
17 190 50
17 190 50
17 190 50
17 190 50
17 190 50
17 190 50
17 190 50
17 190 50
17 190 50
17 190 50
17 190 50
17 190 50
17 190 50
17 190 50
17 190 50
17 190 50
17 190 50
17 190 50
17 190 50
17 190 50
17 190 50
17 190 50
17 190 50
17 190 50
17 190 50
17 190 50
17 190 50
17 190 50
17 190 50
17 190 50
17 190 50
17 190 50
17 190 50
17 190 50
17 190 50
17 190 50
17 190 50
17 190 50
17 190 50
17 190 50
17 190 50
16 190 50
16 190 50
16 190 50
16 190 50
16 190 50
16 190 50
16 190 50
16 190 50
16 190 50
16 190 50
16 190 50
16 190 50
16 190 50
16 190 50
16 190 50
16 190 50
16 190 50
16 190 50
16 190 50
16 190 50
16 190 50
16 190 50
16 190 50
16 190 50
16 190 50
16 190 50
16 190 50
16 190 50
16 190 50
16 190 50
16 190 50
16 190 50
16 190 50
16 190 50
16 190 50
16 190 50
16 190 50
15 190 50
15 190 50
15 190 50
15 190 50
15 190 50
15 190 50
15 190 50
15 190 50
15 190 50
15 190 50
15 190 50
15 190 50
15 190 50
15 190 50
15 190 50
15 190 50
15 190 50
15 190 50
15 190 50
15 190 50
15 190 50
15 190 50
15 190 50
15 190 50
15 190 50
15 190 50
15 190 50
15 190 50
15 190 50
15 190 50
15 190 50
15 190 50
15 190 50
15 190 50
14 190 50
14 190 50
14 190 50
14 190 50
14 190 50
14 190 50
14 190 50
14 190 50
14 190 50
14 190 50
14 190 50
14 190 50
14 190 50
14 190 50
14 190 50
14 190 50
14 190 50
14 190 50
14 190 50
14 190 50
14 190 50
14 190 50
14 190 50
14 190 50
14 190 50
14 190 50
14 190 50
14 190 50
14 190 50
14 190 50
13 190 50
13 190 50
13 190 50
13 190 50
13 190 50
13 190 50
13 190 50
13 190 50
13 190 50
13 190 50
13 190 50
13 190 50
13 190 50
13 190 50
13 190 50
13 190 50
13 190 50
13 190 50
13 190 50
13 190 50
13 190 50
13 190 50
13 190 50
13 190 50
13 190 50
13 190 50
12 190 50
12 190 50
12 190 50
12 190 50
12 190 50
12 190 50
12 190 50
12 190 50
12 190 50
12 190 50
12 190 50
12 190 50
12 190 50
12 190 50
12 190 50
12 190 50
12 190 50
12 190 50
12 190 50
12 190 50
12 190 50
12 190 50
12 190 50
11 190 50
11 190 50
11 190 50
11 190 50
11 190 50
11 190 50
11 190 50
11 190 50
11 190 50
11 190 50
11 190 50
11 190 50
11 190 50
11 190 50
11 190 50
11 190 50
11 190 50
11 190 50
11 190 50
11 190 50
10 190 50
10 190 50
10 190 50
10 190 50
10 190 50
10 190 50
10 190 50
10 190 50
10 190 50
10 190 50
10 190 50
10 190 50
10 190 50
10 190 50
10 190 50
10 190 50
10 190 50
10 190 50
9 190 50
9 190 50
9 190 50
9 190 50
9 190 50
9 190 50
9 190 50
9 190 50
9 190 50
9 190 50
9 190 50
9 190 50
9 190 50
9 190 50
9 190 50
8 190 50
8 190 50
8 190 50
8 190 50
8 190 50
8 190 50
8 190 50
8 190 50
8 190 50
8 190 50
8 190 50
8 190 50
8 190 50
7 190 50
7 190 50
7 190 50
7 190 50
7 190 50
7 190 50
7 190 50
7 190 50
7 190 50
7 190 50
7 190 50
6 190 50
6 190 50
6 190 50
6 190 50
6 190 50
6 190 50
6 190 50
6 190 50
6 190 50
5 190 50
5 190 50
5 190 50
5 190 50
5 190 50
5 190 50
5 190 50
5 190 50
5 189 350
5 189 50
5 189 50
5 189 50
5 189 50
5 188 50
5 188 50
5 188 50
5 188 50
5 188 50
5 188 50
5 188 50
5 188 50
5 188 50
5 188 50
5 188 50
5 188 50
5 188 50
5 188 50
5 188 50
5 188 50
5 188 50
5 187 50
5 187 50
5 187 50
5 187 50
5 187 50
5 187 50
5 187 50
5 187 50
5 187 50
5 187 50
5 187 50
5 187 50
5 187 50
5 187 50
5 187 50
5 187 50
5 187 50
5 187 50
5 187 50
5 187 50
5 187 50
5 187 50
5 187 50
5 187 50
5 186 50
5 186 50
5 186 50
5 186 50
5 186 50
5 186 50
5 186 50
5 186 50
5 186 50
5 186 50
5 186 50
5 186 50
5 186 50
5 186 50
5 186 50
5 186 50
5 186 50
5 186 50
5 186 50
5 186 50
5 186 50
5 186 50
5 186 50
5 186 50
5 186 50
5 186 50
5 186 50
5 186 50
5 186 50
5 186 50
5 186 50
5 186 50
5 185 50
5 185 50
5 185 50
5 185 50
5 185 50
5 185 50
5 185 50
5 185 50
5 185 50
5 185 50
5 185 50
5 185 50
5 185 50
5 185 50
5 185 50
5 185 50
5 185 50
5 185 50
5 185 50
5 185 50
5 185 50
5 185 50
5 185 50
5 185 50
5 185 50
5 185 50
5 185 50
5 185 50
5 185 50
5 185 50
5 185 50
5 185 50
5 185 50
5 185 50
5 185 50
5 185 50
5 185 50
5 185 50
5 185 50
5 184 50
5 184 50
5 184 50
5 184 50
5 184 50
5 184 50
5 184 50
5 184 50
5 184 50
5 184 50
5 184 50
5 184 50
5 184 50
5 184 50
5 184 50
5 184 50
5 184 50
5 184 50
5 184 50
5 184 50
5 184 50
5 184 50
5 184 50
5 184 50
5 184 50
5 184 50
5 184 50
5 184 50
5 184 50
5 184 50
5 184 50
5 184 50
5 184 50
5 184 50
5 184 50
5 184 50
5 184 50
5 184 50
5 184 50
5 184 50
5 184 50
5 184 50
5 184 50
5 184 50
5 184 50
5 184 50
5 183 50
5 183 50
5 183 50
5 183 50
5 183 50
5 183 50
5 183 50
5 183 50
5 183 50
5 183 50
5 183 50
5 183 50
5 183 50
5 183 50
5 183 50
5 183 50
5 183 50
5 183 50
5 183 50
5 183 50
5 183 50
5 183 50
5 183 50
5 183 50
5 183 50
5 183 50
5 183 50
5 183 50
5 183 50
5 183 50
5 183 50
5 183 50
5 183 50
5 183 50
5 183 50
5 183 50
5 183 50
5 183 50
5 183 50
5 183 50
5 183 50
5 183 50
5 183 50
5 183 50
5 183 50
5 183 50
5 183 50
5 183 50
5 183 50
5 183 50
5 182 50
5 182 50
5 182 50
5 182 50
5 182 50
5 182 50
5 182 50
5 182 50
5 182 50
5 182 50
5 182 50
5 182 50
5 182 50
5 182 50
5 182 50
5 182 50
5 182 50
5 182 50
5 182 50
5 182 50
5 182 50
5 182 50
5 182 50
5 182 50
5 182 50
5 182 50
5 182 50
5 182 50
5 182 50
5 182 50
5 182 50
5 182 50
5 182 50
5 182 50
5 182 50
5 182 50
5 182 50
5 182 50
5 182 50
5 182 50
5 182 50
5 182 50
5 182 50
5 182 50
5 182 50
5 182 50
5 182 50
5 182 50
5 182 50
5 182 50
5 182 50
5 182 50
5 181 50
5 181 50
5 181 50
5 181 50
5 181 50
5 181 50
5 181 50
5 181 50
5 181 50
5 181 50
5 181 50
5 181 50
5 181 50
5 181 50
5 181 50
5 181 50
5 181 50
5 181 50
5 181 50
5 181 50
5 181 50
5 181 50
5 181 50
5 181 50
5 181 50
5 181 50
5 181 50
5 181 50
5 181 50
5 181 50
5 181 50
5 181 50
5 181 50
5 181 50
5 181 50
5 181 50
5 181 50
5 181 50
5 181 50
5 181 50
5 181 50
5 181 50
5 181 50
5 181 50
5 181 50
5 181 50
5 181 50
5 181 50
5 181 50
5 181 50
5 181 50
5 181 50
5 181 50
5 180 50
5 180 50
5 180 50
5 180 50
5 180 50
5 180 50
5 180 50
5 180 50
5 180 50
5 180 50
5 180 50
5 180 50
5 180 50
5 180 50
5 180 50
5 180 50
5 180 50
5 180 50
5 180 50
5 180 50
5 180 50
5 180 50
5 180 50
5 180 50
5 180 50
5 180 50
5 180 50
5 180 50
5 180 50
5 180 50
5 180 50
5 180 50
5 180 50
5 180 50
5 180 50
5 180 50
5 180 50
5 180 50
5 180 50
5 180 50
5 180 50
5 180 50
5 180 50
5 180 50
5 180 50
5 180 50
5 180 50
5 180 50
5 180 50
5 180 50
5 180 50
5 180 50
5 179 50
5 179 50
5 179 50
5 179 50
5 179 50
5 179 50
5 179 50
5 179 50
5 179 50
5 179 50
5 179 50
5 179 50
5 179 50
5 179 50
5 179 50
5 179 50
5 179 50
5 179 50
5 179 50
5 179 50
5 179 50
5 179 50
5 179 50
5 179 50
5 179 50
5 179 50
5 179 50
5 179 50
5 179 50
5 179 50
5 179 50
5 179 50
5 179 50
5 179 50
5 179 50
5 179 50
5 179 50
5 179 50
5 179 50
5 179 50
5 179 50
5 179 50
5 179 50
5 179 50
5 179 50
5 179 50
5 179 50
5 179 50
5 179 50
5 179 50
5 179 50
5 178 50
5 178 50
5 178 50
5 178 50
5 178 50
5 178 50
5 178 50
5 178 50
5 178 50
5 178 50
5 178 50
5 178 50
5 178 50
5 178 50
5 178 50
5 178 50
5 178 50
5 178 50
5 178 50
5 178 50
5 178 50
5 178 50
5 178 50
5 178 50
5 178 50
5 178 50
5 178 50
5 178 50
5 178 50
5 178 50
5 178 50
5 178 50
5 178 50
5 178 50
5 178 50
5 178 50
5 178 50
5 178 50
5 178 50
5 178 50
5 178 50
5 178 50
5 178 50
5 178 50
5 178 50
5 178 50
5 178 50
5 178 50
5 178 50
5 178 50
5 177 50
5 177 50
5 177 50
5 177 50
5 177 50
5 177 50
5 177 50
5 177 50
5 177 50
5 177 50
5 177 50
5 177 50
5 177 50
5 177 50
5 177 50
5 177 50
5 177 50
5 177 50
5 177 50
5 177 50
5 177 50
5 177 50
5 177 50
5 177 50
5 177 50
5 177 50
5 177 50
5 177 50
5 177 50
5 177 50
5 177 50
5 177 50
5 177 50
5 177 50
5 177 50
5 177 50
5 177 50
5 177 50
5 177 50
5 177 50
5 177 50
5 177 50
5 177 50
5 177 50
5 177 50
5 177 50
5 177 50
5 177 50
5 177 50
5 176 50
5 176 50
5 176 50
5 176 50
5 176 50
5 176 50
5 176 50
5 176 50
5 176 50
5 176 50
5 176 50
5 176 50
5 176 50
5 176 50
5 176 50
5 176 50
5 176 50
5 176 50
5 176 50
5 176 50
5 176 50
5 176 50
5 176 50
5 176 50
5 176 50
5 176 50
5 176 50
5 176 50
5 176 50
5 176 50
5 176 50
5 176 50
5 176 50
5 176 50
5 176 50
5 176 50
5 176 50
5 176 50
5 176 50
5 176 50
5 176 50
5 176 50
5 176 50
5 176 50
5 176 50
5 176 50
5 176 50
5 176 50
5 175 50
5 175 50
5 175 50
5 175 50
5 175 50
5 175 50
5 175 50
5 175 50
5 175 50
5 175 50
5 175 50
5 175 50
5 175 50
5 175 50
5 175 50
5 175 50
5 175 50
5 175 50
5 175 50
5 175 50
5 175 50
5 175 50
5 175 50
5 175 50
5 175 50
5 175 50
5 175 50
5 175 50
5 175 50
5 175 50
5 175 50
5 175 50
5 175 50
5 175 50
5 175 50
5 175 50
5 175 50
5 175 50
5 175 50
5 175 50
5 175 50
5 175 50
5 175 50
5 175 50
5 175 50
5 175 50
5 175 50
5 174 50
5 174 50
5 174 50
5 174 50
5 174 50
5 174 50
5 174 50
5 174 50
5 174 50
5 174 50
5 174 50
5 174 50
5 174 50
5 174 50
5 174 50
5 174 50
5 174 50
5 174 50
5 174 50
5 174 50
5 174 50
5 174 50
5 174 50
5 174 50
5 174 50
5 174 50
5 174 50
5 174 50
5 174 50
5 174 50
5 174 50
5 174 50
5 174 50
5 174 50
5 174 50
5 174 50
5 174 50
5 174 50
5 174 50
5 174 50
5 174 50
5 174 50
5 174 50
5 174 50
5 174 50
5 173 50
5 173 50
5 173 50
5 173 50
5 173 50
5 173 50
5 173 50
5 173 50
5 173 50
5 173 50
5 173 50
5 173 50
5 173 50
5 173 50
5 173 50
5 173 50
5 173 50
5 173 50
5 173 50
5 173 50
5 173 50
5 173 50
5 173 50
5 173 50
5 173 50
5 173 50
5 173 50
5 173 50
5 173 50
5 173 50
5 173 50
5 173 50
5 173 50
5 173 50
5 173 50
5 173 50
5 173 50
5 173 50
5 173 50
5 173 50
5 173 50
5 173 50
5 173 50
5 173 50
5 172 50
5 172 50
5 172 50
5 172 50
5 172 50
5 172 50
5 172 50
5 172 50
5 172 50
5 172 50
5 172 50
5 172 50
5 172 50
5 172 50
5 172 50
5 172 50
5 172 50
5 172 50
5 172 50
5 172 50
5 172 50
5 172 50
5 172 50
5 172 50
5 172 50
5 172 50
5 172 50
5 172 50
5 172 50
5 172 50
5 172 50
5 172 50
5 172 50
5 172 50
5 172 50
5 172 50
5 172 50
5 172 50
5 172 50
5 172 50
5 172 50
5 172 50
5 171 50
5 171 50
5 171 50
5 171 50
5 171 50
5 171 50
5 171 50
5 171 50
5 171 50
5 171 50
5 171 50
5 171 50
5 171 50
5 171 50
5 171 50
5 171 50
5 171 50
5 171 50
5 171 50
5 171 50
5 171 50
5 171 50
5 171 50
5 171 50
5 171 50
5 171 50
5 171 50
5 171 50
5 171 50
5 171 50
5 171 50
5 171 50
5 171 50
5 171 50
5 171 50
5 171 50
5 171 50
5 171 50
5 171 50
5 171 50
5 170 50
5 170 50
5 170 50
5 170 50
5 170 50
5 170 50
5 170 50
5 170 50
5 170 50
5 170 50
5 170 50
5 170 50
5 170 50
5 170 50
5 170 50
5 170 50
5 170 50
5 170 50
5 170 50
5 170 50
5 170 50
5 170 50
5 170 50
5 170 50
5 170 50
5 170 50
5 170 50
5 170 50
5 170 50
5 170 50
5 170 50
5 170 50
5 170 50
5 170 50
5 170 50
5 170 50
5 170 50
5 170 50
5 169 50
5 169 50
5 169 50
5 169 50
5 169 50
5 169 50
5 169 50
5 169 50
5 169 50
5 169 50
5 169 50
5 169 50
5 169 50
5 169 50
5 169 50
5 169 50
5 169 50
5 169 50
5 169 50
5 169 50
5 169 50
5 169 50
5 169 50
5 169 50
5 169 50
5 169 50
5 169 50
5 169 50
5 169 50
5 169 50
5 169 50
5 169 50
5 169 50
5 169 50
5 169 50
5 168 50
5 168 50
5 168 50
5 168 50
5 168 50
5 168 50
5 168 50
5 168 50
5 168 50
5 168 50
5 168 50
5 168 50
5 168 50
5 168 50
5 168 50
5 168 50
5 168 50
5 168 50
5 168 50
5 168 50
5 168 50
5 168 50
5 168 50
5 168 50
5 168 50
5 168 50
5 168 50
5 168 50
5 168 50
5 168 50
5 168 50
5 167 50
5 167 50
5 167 50
5 167 50
5 167 50
5 167 50
5 167 50
5 167 50
5 167 50
5 167 50
5 167 50
5 167 50
5 167 50
5 167 50
5 167 50
5 167 50
5 167 50
5 167 50
5 167 50
5 167 50
5 167 50
5 167 50
5 167 50
5 167 50
5 167 50
5 167 50
5 166 50
5 166 50
5 166 50
5 166 50
5 166 50
5 166 50
5 166 50
5 166 50
5 166 50
5 166 50
5 166 50
5 166 50
5 166 50
5 166 50
5 166 50
5 166 50
5 166 50
5 166 50
5 166 50
5 166 50
5 165 50
5 165 50
5 165 50
5 165 50
5 165 50
5 165 50
5 165 50
5 165 50
5 165 50
5 165 50
5 165 50
5 165 50
5 165 50
5 165 50
5 165 50
5 164 50
5 164 50
5 164 50
5 164 50
5 164 50
5 164 50
5 164 50
5 164 50
5 164 50
5 164 50
5 164 50
5 163 50
5 163 50
5 163 50
5 163 50
5 163 50
5 163 50
5 163 50
5 163 50
5 162 50
5 162 50
5 162 50
5 162 50
5 162 50
5 162 50
5 161 50
5 161 50
5 161 50
5 161 50
5 160 50
5 160 50
5 160 50
5 159 50
5 159 50
5 158 50
5 157 50
5 156 50
5 155 50
5 154 50
5 153 50
5 152 50
6 152 50
7 152 50
8 152 50
9 152 50
10 152 50
11 152 50
12 152 50
13 152 50
14 152 50
15 152 50
16 152 50
17 152 50
18 152 50
18 151 50
18 150 50
18 149 50
18 148 50
18 147 50
18 146 50
18 145 50
18 144 50
18 143 50
18 142 50
18 141 50
18 140 50
18 139 50
18 138 50
18 137 50
18 136 50
18 135 50
18 134 50
18 133 50
18 132 50
18 131 50
18 130 50
18 129 50
18 128 50
18 127 50
18 127 50
18 126 50
18 126 50
18 125 50
18 125 50
18 125 50
18 124 50
18 124 50
18 124 50
18 123 50
18 123 50
18 123 50
18 122 50
18 122 50
18 122 50
18 121 50
18 121 50
18 121 50
18 120 50
18 120 50
18 120 50
18 119 50
18 119 50
18 119 50
18 118 50
18 118 50
18 118 50
18 117 50
18 117 50
18 116 50
18 116 50
18 115 50
18 114 50
18 113 50
18 112 50
18 111 50
18 110 50
18 109 50
18 108 50
18 107 50
18 106 50
18 105 50
138 126 50
138 126 50
137 126 50
137 126 50
137 126 50
136 126 50
136 126 50
136 126 50
136 126 50
136 126 50
136 126 50
135 126 50
135 126 50
135 126 50
135 126 50
135 126 50
135 126 50
135 126 50
135 126 50
135 126 50
135 126 50
134 126 50
134 126 50
134 126 50
134 126 50
134 126 50
134 126 50
134 126 50
134 126 50
134 126 50
134 126 50
134 126 50
134 126 50
134 126 50
134 126 50
134 126 50
133 126 50
133 126 50
133 126 50
133 126 50
133 126 50
133 126 50
133 126 50
133 126 50
133 126 50
133 126 50
133 126 50
133 126 50
133 126 50
133 126 50
133 126 50
133 126 50
133 126 50
133 126 50
133 126 50
133 126 50
133 126 50
133 126 50
133 126 50
132 126 50
132 126 50
132 126 50
132 126 50
132 126 50
132 126 50
132 126 50
132 126 50
132 126 50
132 126 50
132 126 50
132 126 50
132 126 50
132 126 50
132 126 50
132 126 50
132 126 50
132 126 50
132 126 50
132 126 50
132 126 50
132 126 50
132 126 50
132 126 50
132 126 50
132 126 50
132 126 50
132 126 50
132 126 50
132 126 50
132 126 50
131 126 50
131 126 50
131 126 50
131 126 50
131 126 50
131 126 50
131 126 50
131 126 50
131 126 50
131 126 50
131 126 50
131 126 50
131 126 50
131 126 50
131 126 50
131 126 50
131 126 50
131 126 50
131 126 50
131 126 50
131 126 50
131 126 50
131 126 50
131 126 50
131 126 50
131 126 50
131 126 50
131 126 50
131 126 50
131 126 50
131 126 50
131 126 50
131 126 50
131 126 50
131 126 50
131 126 50
131 126 50
131 126 50
131 126 50
131 126 50
130 126 50
130 126 50
130 126 50
130 126 50
130 126 50
130 126 50
130 126 50
130 126 50
130 126 50
130 126 50
130 126 50
130 126 50
130 126 50
130 126 50
130 126 50
130 126 50
130 126 50
130 126 50
130 126 50
130 126 50
130 126 50
130 126 50
130 126 50
130 126 50
130 126 50
130 126 50
130 126 50
130 126 50
130 126 50
130 126 50
130 126 50
130 126 50
130 126 50
130 126 50
130 126 50
130 126 50
130 126 50
130 126 50
130 126 50
130 126 50
130 126 50
130 126 50
130 126 50
130 126 50
130 126 50
130 126 50
130 126 50
129 126 50
129 126 50
129 126 50
129 126 50
129 126 50
129 126 50
129 126 50
129 126 50
129 126 50
129 126 50
129 126 50
129 126 50
129 126 50
129 126 50
129 126 50
129 126 50
129 126 50
129 126 50
129 126 50
129 126 50
129 126 50
129 126 50
129 126 50
129 126 50
129 126 50
129 126 50
129 126 50
129 126 50
129 126 50
129 126 50
129 126 50
129 126 50
129 126 50
129 126 50
129 126 50
129 126 50
129 126 50
129 126 50
129 126 50
129 126 50
129 126 50
129 126 50
129 126 50
129 126 50
129 126 50
129 126 50
129 126 50
129 126 50
129 126 50
129 126 50
129 126 50
129 126 50
129 126 50
128 126 50
128 126 50
128 126 50
128 126 50
128 126 50
128 126 50
128 126 50
128 126 50
128 126 50
128 126 50
128 126 50
128 126 50
128 126 50
128 126 50
128 126 50
128 126 50
128 126 50
128 126 50
128 126 50
128 126 50
128 126 50
128 126 50
128 126 50
128 126 50
128 126 50
128 126 50
128 126 50
128 126 50
128 126 50
128 126 50
128 126 50
128 126 50
128 126 50
128 126 50
128 126 50
128 126 50
128 126 50
128 126 50
128 126 50
128 126 50
128 126 50
128 126 50
128 126 50
128 126 50
128 126 50
128 126 50
128 126 50
128 126 50
128 126 50
128 126 50
128 126 50
128 126 50
128 126 50
128 126 50
128 126 50
128 126 50
128 126 50
127 126 50
127 126 50
127 126 50
127 126 50
127 126 50
127 126 50
127 126 50
127 126 50
127 126 50
127 126 50
127 126 50
127 126 50
127 126 50
127 126 50
127 126 50
127 126 50
127 126 50
127 126 50
127 126 50
127 126 50
127 126 50
127 126 50
127 126 50
127 126 50
127 126 50
127 126 50
127 126 50
127 126 50
127 126 50
127 126 50
127 126 50
127 126 50
127 126 50
127 126 50
127 126 50
127 126 50
127 126 50
127 126 50
127 126 50
127 126 50
127 126 50
127 126 50
127 126 50
127 126 50
127 126 50
127 126 50
127 126 50
127 126 50
127 126 50
127 126 50
127 126 50
127 126 50
127 126 50
127 126 50
127 126 50
127 126 50
127 126 50
127 126 50
127 126 50
127 126 50
126 126 50
126 126 50
126 126 50
126 126 50
126 126 50
126 126 50
126 126 50
126 126 50
126 126 50
126 126 50
126 126 50
126 126 50
126 126 50
126 126 50
126 126 50
126 126 50
126 126 50
126 126 50
126 126 50
126 126 50
126 126 50
126 126 50
126 126 50
126 126 50
126 126 50
126 126 50
126 126 50
126 126 50
126 126 50
126 126 50
126 126 50
126 126 50
126 126 50
126 126 50
126 126 50
126 126 50
126 126 50
126 126 50
126 126 50
126 126 50
126 126 50
126 126 50
126 126 50
126 126 50
126 126 50
126 126 50
126 126 50
126 126 50
126 126 50
126 126 50
126 126 50
126 126 50
126 126 50
126 126 50
126 126 50
126 126 50
126 126 50
126 126 50
126 126 50
126 126 50
126 126 50
126 126 50
125 126 50
125 126 50
125 126 50
125 126 50
125 126 50
125 126 50
125 126 50
125 126 50
125 126 50
125 126 50
125 126 50
125 126 50
125 126 50
125 126 50
125 126 50
125 126 50
125 126 50
125 126 50
125 126 50
125 126 50
125 126 50
125 126 50
125 126 50
125 126 50
125 126 50
125 126 50
125 126 50
125 126 50
125 126 50
125 126 50
125 126 50
125 126 50
125 126 50
125 126 50
125 126 50
125 126 50
125 126 50
125 126 50
125 126 50
125 126 50
125 126 50
125 126 50
125 126 50
125 126 50
125 126 50
125 126 50
125 126 50
125 126 50
125 126 50
125 126 50
125 126 50
125 126 50
125 126 50
125 126 50
125 126 50
125 126 50
125 126 50
125 126 50
125 126 50
125 126 50
125 126 50
125 126 50
125 126 50
125 126 50
124 126 50
124 126 50
124 126 50
124 126 50
124 126 50
124 126 50
124 126 50
124 126 50
124 126 50
124 126 50
124 126 50
124 126 50
124 126 50
124 126 50
124 126 50
124 126 50
124 126 50
124 126 50
124 126 50
124 126 50
124 126 50
124 126 50
124 126 50
124 126 50
124 126 50
124 126 50
124 126 50
124 126 50
124 126 50
124 126 50
124 126 50
124 126 50
124 126 50
124 126 50
124 126 50
124 126 50
124 126 50
124 126 50
124 126 50
124 126 50
124 126 50
124 126 50
124 126 50
124 126 50
124 126 50
124 126 50
124 126 50
124 126 50
124 126 50
124 126 50
124 126 50
124 126 50
124 126 50
124 126 50
124 126 50
124 126 50
124 126 50
124 126 50
124 126 50
124 126 50
124 126 50
124 126 50
124 126 50
124 126 50
124 126 50
123 126 50
123 126 50
123 126 50
123 126 50
123 126 50
123 126 50
123 126 50
123 126 50
123 126 50
123 126 50
123 126 50
123 126 50
123 126 50
123 126 50
123 126 50
123 126 50
123 126 50
123 126 50
123 126 50
123 126 50
123 126 50
123 126 50
123 126 50
123 126 50
123 126 50
123 126 50
123 126 50
123 126 50
123 126 50
123 126 50
123 126 50
123 126 50
123 126 50
123 126 50
123 126 50
123 126 50
123 126 50
123 126 50
123 126 50
123 126 50
123 126 50
123 126 50
123 126 50
123 126 50
123 126 50
123 126 50
123 126 50
123 126 50
123 126 50
123 126 50
123 126 50
123 126 50
123 126 50
123 126 50
123 126 50
123 126 50
123 126 50
123 126 50
123 126 50
123 126 50
123 126 50
123 126 50
123 126 50
123 126 50
123 126 50
123 126 50
122 126 50
122 126 50
122 126 50
122 126 50
122 126 50
122 126 50
122 126 50
122 126 50
122 126 50
122 126 50
122 126 50
122 126 50
122 126 50
122 126 50
122 126 50
122 126 50
122 126 50
122 126 50
122 126 50
122 126 50
122 126 50
122 126 50
122 126 50
122 126 50
122 126 50
122 126 50
122 126 50
122 126 50
122 126 50
122 126 50
122 126 50
122 126 50
122 126 50
122 126 50
122 126 50
122 126 50
122 126 50
122 126 50
122 126 50
122 126 50
122 126 50
122 126 50
122 126 50
122 126 50
122 126 50
122 126 50
122 126 50
122 126 50
122 126 50
122 126 50
122 126 50
122 126 50
122 126 50
122 126 50
122 126 50
122 126 50
122 126 50
122 126 50
122 126 50
122 126 50
122 126 50
122 126 50
122 126 50
122 126 50
122 126 50
122 126 50
122 126 50
122 126 50
121 126 50
121 126 50
121 126 50
121 126 50
121 126 50
121 126 50
121 126 50
121 126 50
121 126 50
121 126 50
121 126 50
121 126 50
121 126 50
121 126 50
121 126 50
121 126 50
121 126 50
121 126 50
121 126 50
121 126 50
121 126 50
121 126 50
121 126 50
121 126 50
121 126 50
121 126 50
121 126 50
121 126 50
121 126 50
121 126 50
121 126 50
121 126 50
121 126 50
121 126 50
121 126 50
121 126 50
121 126 50
121 126 50
121 126 50
121 126 50
121 126 50
121 126 50
121 126 50
121 126 50
121 126 50
121 126 50
121 126 50
121 126 50
121 126 50
121 126 50
121 126 50
121 126 50
121 126 50
121 126 50
121 126 50
121 126 50
121 126 50
121 126 50
121 126 50
121 126 50
121 126 50
121 126 50
121 126 50
121 126 50
121 126 50
121 126 50
121 126 50
121 126 50
121 126 50
120 126 50
120 126 50
120 126 50
120 126 50
120 126 50
120 126 50
120 126 50
120 126 50
120 126 50
120 126 50
120 126 50
120 126 50
120 126 50
120 126 50
120 126 50
120 126 50
120 126 50
120 126 50
120 126 50
120 126 50
120 126 50
120 126 50
120 126 50
120 126 50
120 126 50
120 126 50
120 126 50
120 126 50
120 126 50
120 126 50
120 126 50
120 126 50
120 126 50
120 126 50
120 126 50
120 126 50
120 126 50
120 126 50
120 126 50
120 126 50
120 126 50
120 126 50
120 126 50
120 126 50
120 126 50
120 126 50
120 126 50
120 126 50
120 126 50
120 126 50
120 126 50
120 126 50
120 126 50
120 126 50
120 126 50
120 126 50
120 126 50
120 126 50
120 126 50
120 126 50
120 126 50
120 126 50
120 126 50
120 126 50
120 126 50
120 126 50
120 126 50
120 126 50
120 126 50
120 126 50
119 126 50
119 126 50
119 126 50
119 126 50
119 126 50
119 126 50
119 126 50
119 126 50
119 126 50
119 126 50
119 126 50
119 126 50
119 126 50
119 126 50
119 126 50
119 126 50
119 126 50
119 126 50
119 126 50
119 126 50
119 126 50
119 126 50
119 126 50
119 126 50
119 126 50
119 126 50
119 126 50
119 126 50
119 126 50
119 126 50
119 126 50
119 126 50
119 126 50
119 126 50
119 126 50
119 126 50
119 126 50
119 126 50
119 126 50
119 126 50
119 126 50
119 126 50
119 126 50
119 126 50
119 126 50
119 126 50
119 126 50
119 126 50
119 126 50
119 126 50
119 126 50
119 126 50
119 126 50
119 126 50
119 126 50
119 126 50
119 126 50
119 126 50
119 126 50
119 126 50
119 126 50
119 126 50
119 126 50
119 126 50
119 126 50
119 126 50
119 126 50
119 126 50
119 126 50
118 126 50
118 126 50
118 126 50
118 126 50
118 126 50
118 126 50
118 126 50
118 126 50
118 126 50
118 126 50
118 126 50
118 126 50
118 126 50
118 126 50
118 126 50
118 126 50
118 126 50
118 126 50
118 126 50
118 126 50
118 126 50
118 126 50
118 126 50
118 126 50
118 126 50
118 126 50
118 126 50
118 126 50
118 126 50
118 126 50
118 126 50
118 126 50
118 126 50
118 126 50
118 126 50
118 126 50
118 126 50
118 126 50
118 126 50
118 126 50
118 126 50
118 126 50
118 126 50
118 126 50
118 126 50
118 126 50
118 126 50
118 126 50
118 126 50
118 126 50
118 126 50
118 126 50
118 126 50
118 126 50
118 126 50
118 126 50
118 126 50
118 126 50
118 126 50
118 126 50
118 126 50
118 126 50
118 126 50
118 126 50
118 126 50
118 126 50
118 126 50
117 126 50
117 126 50
117 126 50
117 126 50
117 126 50
117 126 50
117 126 50
117 126 50
117 126 50
117 126 50
117 126 50
117 126 50
117 126 50
117 126 50
117 126 50
117 126 50
117 126 50
117 126 50
117 126 50
117 126 50
117 126 50
117 126 50
117 126 50
117 126 50
117 126 50
117 126 50
117 126 50
117 126 50
117 126 50
117 126 50
117 126 50
117 126 50
117 126 50
117 126 50
117 126 50
117 126 50
117 126 50
117 126 50
117 126 50
117 126 50
117 126 50
117 126 50
117 126 50
117 126 50
117 126 50
117 126 50
117 126 50
117 126 50
117 126 50
117 126 50
117 126 50
117 126 50
117 126 50
117 126 50
117 126 50
117 126 50
117 126 50
117 126 50
117 126 50
117 126 50
117 126 50
117 126 50
117 126 50
116 126 50
116 126 50
116 126 50
116 126 50
116 126 50
116 126 50
116 126 50
116 126 50
116 126 50
116 126 50
116 126 50
116 126 50
116 126 50
116 126 50
116 126 50
116 126 50
116 126 50
116 126 50
116 126 50
116 126 50
116 126 50
116 126 50
116 126 50
116 126 50
116 126 50
116 126 50
116 126 50
116 126 50
116 126 50
116 126 50
116 126 50
116 126 50
116 126 50
116 126 50
116 126 50
116 126 50
116 126 50
116 126 50
116 126 50
116 126 50
116 126 50
116 126 50
116 126 50
116 126 50
116 126 50
116 126 50
116 126 50
116 126 50
116 126 50
116 126 50
116 126 50
116 126 50
116 126 50
116 126 50
116 126 50
116 126 50
116 126 50
115 126 50
115 126 50
115 126 50
115 126 50
115 126 50
115 126 50
115 126 50
115 126 50
115 126 50
115 126 50
115 126 50
115 126 50
115 126 50
115 126 50
115 126 50
115 126 50
115 126 50
115 126 50
115 126 50
115 126 50
115 126 50
115 126 50
115 126 50
115 126 50
115 126 50
115 126 50
115 126 50
115 126 50
115 126 50
115 126 50
115 126 50
115 126 50
115 126 50
115 126 50
115 126 50
115 126 50
115 126 50
115 126 50
115 126 50
115 126 50
115 126 50
115 126 50
115 126 50
115 126 50
115 126 50
115 126 50
115 126 50
115 126 50
115 126 50
115 126 50
114 126 50
114 126 50
114 126 50
114 126 50
114 126 50
114 126 50
114 126 50
114 126 50
114 126 50
114 126 50
114 126 50
114 126 50
114 126 50
114 126 50
114 126 50
114 126 50
114 126 50
114 126 50
114 126 50
114 126 50
114 126 50
114 126 50
114 126 50
114 126 50
114 126 50
114 126 50
114 126 50
114 126 50
114 126 50
114 126 50
114 126 50
114 126 50
114 126 50
114 126 50
114 126 50
114 126 50
114 126 50
114 126 50
114 126 50
114 126 50
114 126 50
114 126 50
114 126 50
113 126 50
113 126 50
113 126 50
113 126 50
113 126 50
113 126 50
113 126 50
113 126 50
113 126 50
113 126 50
113 126 50
113 126 50
113 126 50
113 126 50
113 126 50
113 126 50
113 126 50
113 126 50
113 126 50
113 126 50
113 126 50
113 126 50
113 126 50
113 126 50
113 126 50
113 126 50
113 126 50
113 126 50
113 126 50
113 126 50
113 126 50
113 126 50
113 126 50
113 126 50
113 126 50
113 126 50
112 126 50
112 126 50
112 126 50
112 126 50
112 126 50
112 126 50
112 126 50
112 126 50
112 126 50
112 126 50
112 126 50
112 126 50
112 126 50
112 126 50
112 126 50
112 126 50
112 126 50
112 126 50
112 126 50
112 126 50
112 126 50
112 126 50
112 126 50
112 126 50
112 126 50
112 126 50
112 126 50
112 126 50
112 126 50
112 126 50
111 126 50
111 126 50
111 126 50
111 126 50
111 126 50
111 126 50
111 126 50
111 126 50
111 126 50
111 126 50
111 126 50
111 126 50
111 126 50
111 126 50
111 126 50
111 126 50
111 126 50
111 126 50
111 126 50
111 126 50
111 126 50
111 126 50
111 126 50
111 126 50
111 126 50
110 126 50
110 126 50
110 126 50
110 126 50
110 126 50
110 126 50
110 126 50
110 126 50
110 126 50
110 126 50
110 126 50
110 126 50
110 126 50
110 126 50
110 126 50
110 126 50
110 126 50
110 126 50
110 126 50
110 126 50
110 126 50
110 126 50
109 126 50
109 126 50
109 126 50
109 126 50
109 126 50
109 126 50
109 126 50
109 126 50
109 126 50
109 126 50
109 126 50
109 126 50
109 126 50
109 126 50
109 126 50
109 126 50
109 126 50
109 126 50
109 126 50
108 126 50
108 126 50
108 126 50
108 126 50
108 126 50
108 126 50
108 126 50
108 126 50
108 126 50
108 126 50
108 126 50
108 126 50
108 126 50
108 126 50
108 126 50
108 126 50
108 126 50
107 126 50
107 126 50
107 126 50
107 126 50
107 126 50
107 126 50
107 126 50
107 126 50
107 126 50
107 126 50
107 126 50
107 126 50
107 126 50
107 126 50
107 126 50
107 126 50
106 126 50
106 126 50
106 126 50
106 126 50
106 126 50
106 126 50
106 126 50
106 126 50
106 126 50
106 126 50
106 126 50
106 126 50
106 126 50
105 126 50
105 126 50
105 126 50
105 126 50
105 126 50
105 126 50
105 126 50
105 126 50
105 126 50
105 126 50
105 126 50
104 126 50
104 126 50
104 126 50
104 126 50
104 126 50
104 126 50
104 126 50
104 126 50
103 126 50
103 126 50
103 126 50
103 126 50
103 126 50
102 126 50
102 126 50
102 126 50
102 126 50
101 126 50
101 126 50
100 126 50
100 126 50
99 126 50
98 126 50
97 126 50
96 126 50
95 126 50
94 126 50
93 126 50
92 126 50
91 126 50
90 126 50
89 126 50
88 126 50
87 126 50
86 126 50
85 126 50
84 126 50
83 126 50
82 126 50
81 126 50
80 126 50
79 126 50
78 126 50
77 126 50
76 126 50
75 126 50
74 126 50
73 126 50
73 126 50
72 126 50
72 126 50
139 126 50
140 126 50
141 126 50
142 126 50
143 126 50
144 126 50
145 126 50
146 126 50
147 126 50
148 126 50
149 126 50
150 126 50
151 126 50
152 126 50
153 126 50
154 126 50
155 126 50
156 126 50
157 126 50
158 126 50
159 126 50
160 126 50
161 126 50
162 126 50
163 126 50
164 126 50
165 126 50
166 126 50
167 126 50
168 126 50
169 126 50
170 126 50
171 126 50
172 126 50
173 126 50
174 126 50
174 125 50
174 124 50
174 123 50
174 122 50
174 121 50
174 120 50
174 120 50
174 119 50
174 119 50
174 118 50
174 118 50
174 117 50
174 117 50
174 116 50
174 116 50
174 116 50
174 115 50
174 115 50
174 115 50
174 114 50
174 114 50
174 114 50
174 113 50
174 113 50
174 113 50
174 113 50
174 112 50
174 112 50
174 112 50
174 112 50
174 112 50
174 111 50
174 111 50
174 111 50
174 111 50
174 111 50
174 111 50
174 110 50
174 110 50
174 110 50
174 110 50
174 110 50
174 110 50
174 110 50
174 110 50
174 109 50
174 109 50
174 109 50
174 109 50
174 109 50
174 109 50
174 109 50
174 109 50
174 109 50
174 108 50
174 108 50
174 108 50
174 108 50
174 108 50
174 108 50
174 108 50
174 108 50
174 108 50
174 108 50
174 107 50
174 107 50
174 107 50
174 107 50
174 107 50
174 107 50
174 107 50
174 107 50
174 107 50
174 107 50
174 106 50
174 106 50
174 106 50
174 106 50
174 106 50
174 106 50
174 106 50
174 106 50
174 106 50
174 105 50
174 105 50
174 105 50
174 105 50
174 105 50
174 105 50
174 105 50
174 105 50
174 104 50
174 104 50
174 104 50
174 104 50
174 104 50
174 104 50
174 103 50
174 103 50
174 103 50
174 103 50
174 103 50
174 102 50
174 102 50
174 102 50
174 101 50
174 101 50
174 101 50
174 100 50
174 100 50
174 99 50
174 99 50
174 98 50
174 97 50
174 96 50
174 95 50
174 94 50
174 93 50
174 92 50
174 91 50
174 90 50
174 89 50
174 88 50
174 87 50
174 86 50
174 85 50
174 84 50
174 83 50
174 82 50
174 81 50
174 80 50
174 79 50
174 78 50
174 77 50
174 76 50
174 75 50
174 74 50
174 73 50
173 73 50
172 73 50
172 73 50
171 73 50
171 73 50
170 73 50
170 73 50
169 73 50
169 73 50
169 73 50
168 73 50
168 73 50
168 73 50
167 73 50
167 73 50
167 73 50
167 72 100
167 72 50
167 72 50
167 71 50
167 71 50
167 71 50
167 71 50
167 71 50
167 70 50
167 70 50
167 70 50
167 70 50
167 70 50
167 70 50
167 69 50
167 69 50
167 69 50
167 69 50
167 69 50
167 69 50
167 69 50
167 68 50
167 68 50
167 68 50
167 68 50
167 68 50
167 68 50
167 68 50
167 68 50
167 68 50
167 67 50
167 67 50
167 67 50
167 67 50
167 67 50
167 67 50
167 67 50
167 67 50
167 67 50
167 67 50
167 67 50
167 67 50
167 66 50
167 66 50
167 66 50
167 66 50
167 66 50
167 66 50
167 66 50
167 66 50
167 66 50
167 66 50
167 66 50
167 66 50
167 66 50
167 66 50
167 66 50
167 66 50
167 65 50
167 65 50
167 65 50
167 65 50
167 65 50
167 65 50
167 65 50
167 65 50
167 65 50
167 65 50
167 65 50
167 65 50
167 65 50
167 65 50
167 65 50
167 65 50
167 65 50
167 65 50
167 65 50
167 65 50
167 65 50
167 64 50
167 64 50
167 64 50
167 64 50
167 64 50
167 64 50
167 64 50
167 64 50
167 64 50
167 64 50
167 64 50
167 64 50
167 64 50
167 64 50
167 64 50
167 64 50
167 64 50
167 64 50
167 64 50
167 64 50
167 64 50
167 64 50
167 64 50
167 64 50
167 64 50
167 64 50
167 64 50
167 63 50
167 63 50
167 63 50
167 63 50
167 63 50
167 63 50
167 63 50
167 63 50
167 63 50
167 63 50
167 63 50
167 63 50
167 63 50
167 63 50
167 63 50
167 63 50
167 63 50
167 63 50
167 63 50
167 63 50
167 63 50
167 63 50
167 63 50
167 63 50
167 63 50
167 63 50
167 63 50
167 63 50
167 63 50
167 63 50
167 63 50
167 63 50
167 62 50
167 62 50
167 62 50
167 62 50
167 62 50
167 62 50
167 62 50
167 62 50
167 62 50
167 62 50
167 62 50
167 62 50
167 62 50
167 62 50
167 62 50
167 62 50
167 62 50
167 62 50
167 62 50
167 62 50
167 62 50
167 62 50
167 62 50
167 62 50
167 62 50
167 62 50
167 62 50
167 62 50
167 62 50
167 62 50
167 62 50
167 62 50
167 62 50
167 62 50
167 62 50
167 61 50
167 61 50
167 61 50
167 61 50
167 61 50
167 61 50
167 61 50
167 61 50
167 61 50
167 61 50
167 61 50
167 61 50
167 61 50
167 61 50
167 61 50
167 61 50
167 61 50
167 61 50
167 61 50
167 61 50
167 61 50
167 61 50
167 61 50
167 61 50
167 61 50
167 61 50
167 61 50
167 61 50
167 61 50
167 61 50
167 61 50
167 61 50
167 61 50
167 61 50
167 61 50
167 61 50
167 60 50
167 60 50
167 60 50
167 60 50
167 60 50
167 60 50
167 60 50
167 60 50
167 60 50
167 60 50
167 60 50
167 60 50
167 60 50
167 60 50
167 60 50
167 60 50
167 60 50
167 60 50
167 60 50
167 60 50
167 60 50
167 60 50
167 60 50
167 60 50
167 60 50
167 60 50
167 60 50
167 60 50
167 60 50
167 60 50
167 60 50
167 60 50
167 60 50
167 60 50
167 59 50
167 59 50
167 59 50
167 59 50
167 59 50
167 59 50
167 59 50
167 59 50
167 59 50
167 59 50
167 59 50
167 59 50
167 59 50
167 59 50
167 59 50
167 59 50
167 59 50
167 59 50
167 59 50
167 59 50
167 59 50
167 59 50
167 59 50
167 59 50
167 59 50
167 59 50
167 59 50
167 59 50
167 59 50
167 59 50
167 59 50
167 58 50
167 58 50
167 58 50
167 58 50
167 58 50
167 58 50
167 58 50
167 58 50
167 58 50
167 58 50
167 58 50
167 58 50
167 58 50
167 58 50
167 58 50
167 58 50
167 58 50
167 58 50
167 58 50
167 58 50
167 58 50
167 58 50
167 58 50
167 58 50
167 58 50
167 58 50
167 57 50
167 57 50
167 57 50
167 57 50
167 57 50
167 57 50
167 57 50
167 57 50
167 57 50
167 57 50
167 57 50
167 57 50
167 57 50
167 57 50
167 57 50
167 57 50
167 57 50
167 57 50
167 57 50
167 57 50
167 57 50
167 56 50
167 56 50
167 56 50
167 56 50
167 56 50
167 56 50
167 56 50
167 56 50
167 56 50
167 56 50
167 56 50
167 56 50
167 56 50
167 56 50
167 56 50
167 56 50
167 56 50
167 55 50
167 55 50
167 55 50
167 55 50
167 55 50
167 55 50
167 55 50
167 55 50
167 55 50
167 55 50
167 55 50
167 55 50
167 55 50
167 54 50
167 54 50
167 54 50
167 54 50
167 54 50
167 54 50
167 54 50
167 54 50
167 54 50
167 54 50
167 53 50
167 53 50
167 53 50
167 53 50
167 53 50
167 53 50
167 53 50
167 52 50
167 52 50
167 52 50
167 52 50
167 52 50
167 52 50
167 51 50
167 51 50
167 51 50
167 51 50
167 50 50
167 50 50
167 50 50
167 49 50
167 49 50
167 48 50
167 48 50
167 47 50
167 46 50
167 45 50
167 44 50
167 43 50
167 42 50
167 41 50
167 40 50
167 39 50
167 38 50
167 37 50
167 36 50
167 35 50
167 34 50
166 34 50
165 34 50
165 34 50
164 34 50
164 34 50
163 34 50
163 34 50
162 34 50
162 34 50
161 34 50
161 34 50
161 34 50
160 34 50
160 34 50
160 34 50
159 34 50
159 34 50
159 34 50
158 34 50
158 34 50
158 34 50
157 34 50
157 34 50
157 34 50
156 34 50
156 34 50
156 34 50
156 34 50
155 34 50
155 34 50
155 34 50
155 34 50
154 34 50
154 34 50
154 34 50
154 34 50
154 34 50
153 34 50
153 34 50
153 34 50
153 34 50
153 34 50
153 34 50
152 34 50
152 34 50
152 34 50
152 34 50
152 34 50
152 34 50
152 34 50
152 34 50
151 34 50
151 34 50
151 34 50
151 34 50
151 34 50
151 34 50
151 34 50
151 34 50
150 34 50
150 34 50
150 34 50
150 34 50
150 34 50
150 34 50
150 34 50
150 34 50
150 34 50
149 34 50
149 34 50
149 34 50
149 34 50
149 34 50
149 34 50
149 34 50
149 34 50
148 34 50
148 34 50
148 34 50
148 34 50
148 34 50
148 34 50
148 34 50
147 34 50
147 34 50
147 34 50
147 34 50
147 34 50
147 34 50
146 34 50
146 34 50
146 34 50
146 34 50
146 34 50
145 34 50
145 34 50
145 34 50
145 34 50
144 34 50
144 34 50
144 34 50
143 34 50
143 34 50
142 34 50
142 34 50
141 34 50
141 34 50
140 34 50
139 34 50
138 34 50
137 34 50
136 34 50
135 34 50
134 34 50
133 34 50
132 34 50
131 34 50
130 34 50
129 34 50
128 34 50
127 34 50
127 33 50
127 32 50
127 31 50
127 30 50
127 29 50
127 28 50
127 27 50
127 26 50
127 25 50
