197 162 25
196 162 25
195 162 25
194 162 25
193 162 25
192 162 25
191 162 25
190 162 25
190 162 25
189 162 25
189 162 25
189 162 25
188 162 25
188 162 25
188 162 25
187 162 25
187 162 25
187 162 25
187 162 25
187 162 25
186 162 25
186 162 25
186 162 25
186 162 25
186 162 25
186 162 25
185 162 25
185 162 25
185 162 25
185 162 25
185 162 25
185 162 25
185 162 25
185 162 25
184 162 25
184 162 25
184 162 25
184 162 25
184 162 25
184 162 25
184 162 25
184 162 25
184 162 25
183 162 25
183 162 25
183 162 25
183 162 25
183 162 25
183 162 25
183 162 25
183 162 25
183 162 25
183 162 25
183 162 25
182 162 25
182 162 25
182 162 25
182 162 25
182 162 25
182 162 25
182 162 25
182 162 25
182 162 25
182 162 25
182 162 25
181 162 25
181 162 25
181 162 25
181 162 25
181 162 25
181 162 25
181 162 25
181 162 25
181 162 25
181 162 25
181 162 25
180 162 25
180 162 25
180 162 25
180 162 25
180 162 25
180 162 25
180 162 25
180 162 25
180 162 25
179 162 25
179 162 25
179 162 25
179 162 25
179 162 25
179 162 25
179 162 25
179 162 25
178 162 25
178 162 25
178 162 25
178 162 25
178 162 25
178 162 25
177 162 25
177 162 25
177 162 25
177 162 25
176 162 25
176 162 25
176 162 25
175 162 25
175 162 25
175 162 25
174 162 25
174 162 25
173 162 25
173 162 25
172 162 25
172 162 25
171 162 25
170 162 25
169 162 25
168 162 25
167 162 25
166 162 25
166 162 25
165 162 25
165 162 25
164 162 25
164 162 25
163 162 25
163 162 25
162 162 25
162 162 25
161 162 25
161 162 25
161 162 25
160 162 25
160 162 25
160 162 25
160 162 25
159 162 25
159 162 25
159 162 25
159 162 25
159 162 25
158 162 25
158 162 25
158 162 25
158 162 25
158 162 25
158 162 25
158 162 25
157 162 25
157 162 25
157 162 25
157 162 25
157 162 25
157 162 25
157 162 25
157 162 25
157 162 25
157 162 25
156 162 25
156 162 25
156 162 25
156 162 25
156 162 25
156 162 25
156 162 25
156 162 25
156 162 25
156 162 25
156 162 25
156 162 25
156 162 25
155 162 25
155 162 25
155 162 25
155 162 25
155 162 25
155 162 25
155 162 25
155 162 25
155 162 25
155 162 25
155 162 25
155 162 25
155 162 25
155 162 25
155 162 25
155 162 25
154 162 25
154 162 25
154 162 25
154 162 25
154 162 25
154 162 25
154 162 25
154 162 25
154 162 25
154 162 25
154 162 25
154 162 25
154 162 25
154 162 25
154 162 25
154 162 25
154 162 25
154 162 25
154 162 25
153 162 25
153 162 25
153 162 25
153 162 25
153 162 25
153 162 25
153 162 25
153 162 25
153 162 25
153 162 25
153 162 25
153 162 25
153 162 25
153 162 25
153 162 25
153 162 25
153 162 25
153 162 25
153 162 25
153 162 25
153 162 25
152 162 25
152 162 25
152 162 25
152 162 25
152 162 25
152 162 25
152 162 25
152 162 25
152 162 25
152 162 25
152 162 25
152 162 25
152 162 25
152 162 25
152 162 25
152 162 25
152 162 25
152 162 25
152 162 25
152 162 25
152 162 25
152 162 25
151 162 25
151 162 25
151 162 25
151 162 25
151 162 25
151 162 25
151 162 25
151 162 25
151 162 25
151 162 25
151 162 25
151 162 25
151 162 25
151 162 25
151 162 25
151 162 25
151 162 25
151 162 25
151 162 25
151 162 25
151 162 25
151 162 25
151 162 25
150 162 25
150 162 25
150 162 25
150 162 25
150 162 25
150 162 25
150 162 25
150 162 25
150 162 25
150 162 25
150 162 25
150 162 25
150 162 25
150 162 25
150 162 25
150 162 25
150 162 25
150 162 25
150 162 25
150 162 25
150 162 25
150 162 25
150 162 25
149 162 25
149 162 25
149 162 25
149 162 25
149 162 25
149 162 25
149 162 25
149 162 25
149 162 25
149 162 25
149 162 25
149 162 25
149 162 25
149 162 25
149 162 25
149 162 25
149 162 25
149 162 25
149 162 25
149 162 25
149 162 25
149 162 25
148 162 25
148 162 25
148 162 25
148 162 25
148 162 25
148 162 25
148 162 25
148 162 25
148 162 25
148 162 25
148 162 25
148 162 25
148 162 25
148 162 25
148 162 25
148 162 25
148 162 25
148 162 25
148 162 25
148 162 25
148 162 25
147 162 25
147 162 25
147 162 25
147 162 25
147 162 25
147 162 25
147 162 25
147 162 25
147 162 25
147 162 25
147 162 25
147 162 25
147 162 25
147 162 25
147 162 25
147 162 25
147 162 25
147 162 25
147 162 25
147 162 25
146 162 25
146 162 25
146 162 25
146 162 25
146 162 25
146 162 25
146 162 25
146 162 25
146 162 25
146 162 25
146 162 25
146 162 25
146 162 25
146 162 25
146 162 25
146 162 25
146 162 25
146 162 25
146 162 25
145 162 25
145 162 25
145 162 25
145 162 25
145 162 25
145 162 25
145 162 25
145 162 25
145 162 25
145 162 25
145 162 25
145 162 25
145 162 25
145 162 25
145 162 25
145 162 25
145 162 25
145 162 25
144 162 25
144 162 25
144 162 25
144 162 25
144 162 25
144 162 25
144 162 25
144 162 25
144 162 25
144 162 25
144 162 25
144 162 25
144 162 25
144 162 25
144 162 25
144 162 25
144 162 25
143 162 25
143 162 25
143 162 25
143 162 25
143 162 25
143 162 25
143 162 25
143 162 25
143 162 25
143 162 25
143 162 25
143 162 25
143 162 25
143 162 25
143 162 25
143 162 25
142 162 25
142 162 25
142 162 25
142 162 25
142 162 25
142 162 25
142 162 25
142 162 25
142 162 25
142 162 25
142 162 25
142 162 25
142 162 25
142 162 25
142 162 25
141 162 25
141 162 25
141 162 25
141 162 25
141 162 25
141 162 25
141 162 25
141 162 25
141 162 25
141 162 25
141 162 25
141 162 25
141 162 25
141 162 25
140 162 25
140 162 25
140 162 25
140 162 25
140 162 25
140 162 25
140 162 25
140 162 25
140 162 25
140 162 25
140 162 25
140 162 25
140 162 25
140 162 25
139 162 25
139 162 25
139 162 25
139 162 25
139 162 25
139 162 25
139 162 25
139 162 25
139 162 25
139 162 25
139 162 25
139 162 25
139 162 25
139 162 25
138 162 25
138 162 25
138 162 25
138 162 25
138 162 25
138 162 25
138 162 25
138 162 25
138 162 25
138 162 25
138 162 25
138 162 25
138 162 25
138 162 25
137 162 25
137 162 25
137 162 25
137 162 25
137 162 25
137 162 25
137 162 25
137 162 25
137 162 25
137 162 25
137 162 25
137 162 25
137 162 25
136 162 25
136 162 25
136 162 25
136 162 25
136 162 25
136 162 25
136 162 25
136 162 25
136 162 25
136 162 25
136 162 25
136 162 25
135 162 25
135 162 25
135 162 25
135 162 25
135 162 25
135 162 25
135 162 25
135 162 25
135 162 25
135 162 25
135 162 25
134 162 25
134 162 25
134 162 25
134 162 25
134 162 25
134 162 25
134 162 25
134 162 25
134 162 25
134 162 25
133 162 25
133 162 25
133 162 25
133 162 25
133 162 25
133 162 25
133 162 25
133 162 25
133 162 25
133 162 25
132 162 25
132 162 25
132 162 25
132 162 25
132 162 25
132 162 25
132 162 25
132 162 25
132 162 25
131 162 25
131 162 25
131 162 25
131 162 25
131 162 25
131 162 25
131 162 25
131 162 25
131 162 25
131 162 25
130 162 25
130 162 25
130 162 25
130 162 25
130 162 25
130 162 25
130 162 25
130 162 25
130 162 25
130 162 25
130 163 225
130 164 25
130 164 25
130 164 25
130 165 25
130 165 25
130 166 25
130 167 25
130 168 25
130 169 25
130 170 25
130 171 25
130 172 25
130 173 25
130 174 25
173 161 25
173 161 25
173 160 25
173 160 25
173 159 25
173 159 25
173 158 25
173 158 25
173 157 25
173 157 25
173 157 25
173 156 25
173 156 25
173 156 25
173 156 25
173 155 25
173 155 25
173 155 25
173 155 25
173 155 25
173 155 25
173 154 25
173 154 25
173 154 25
173 154 25
173 154 25
173 154 25
173 154 25
173 154 25
173 153 25
173 153 25
173 153 25
173 153 25
173 153 25
173 153 25
173 153 25
173 153 25
173 153 25
173 153 25
173 152 25
173 152 25
173 152 25
173 152 25
173 152 25
173 152 25
173 152 25
173 152 25
173 152 25
173 152 25
173 152 25
173 151 25
173 151 25
173 151 25
173 151 25
173 151 25
173 151 25
173 151 25
173 151 25
173 151 25
173 151 25
173 151 25
173 151 25
173 151 25
173 150 25
173 150 25
173 150 25
173 150 25
173 150 25
173 150 25
173 150 25
173 150 25
173 150 25
173 150 25
173 150 25
173 150 25
173 150 25
173 149 25
173 149 25
173 149 25
173 149 25
173 149 25
173 149 25
173 149 25
173 149 25
173 149 25
173 149 25
173 149 25
173 149 25
173 149 25
173 148 25
173 148 25
173 148 25
173 148 25
173 148 25
173 148 25
173 148 25
173 148 25
173 148 25
173 148 25
173 148 25
173 148 25
173 148 25
173 147 25
173 147 25
173 147 25
173 147 25
173 147 25
173 147 25
173 147 25
173 147 25
173 147 25
173 147 25
173 147 25
173 147 25
173 146 25
173 146 25
173 146 25
173 146 25
173 146 25
173 146 25
173 146 25
173 146 25
173 146 25
173 146 25
173 145 25
173 145 25
173 145 25
173 145 25
173 145 25
173 145 25
173 145 25
173 145 25
173 145 25
173 144 25
173 144 25
173 144 25
173 144 25
173 144 25
173 144 25
173 144 25
173 144 25
173 143 25
173 143 25
173 143 25
173 143 25
173 143 25
173 143 25
173 143 25
173 142 25
173 142 25
173 142 25
173 142 25
173 142 25
173 142 25
173 141 25
173 141 25
173 141 25
173 141 25
173 141 25
173 140 25
173 140 25
173 140 25
173 140 25
173 139 25
173 139 25
173 139 25
173 139 25
173 138 25
173 138 25
173 138 25
173 138 25
173 137 25
173 137 25
173 137 25
173 136 25
173 136 25
173 136 25
173 135 25
173 135 25
173 135 25
173 134 25
173 134 25
173 134 25
173 133 25
173 133 25
173 132 25
173 132 25
173 131 25
173 131 25
173 130 25
173 130 25
173 129 25
173 129 25
173 129 25
173 128 25
173 128 25
173 128 25
173 127 25
173 127 25
173 127 25
173 126 25
173 126 25
173 126 25
173 126 25
173 125 25
173 125 25
173 125 25
173 125 25
173 125 25
173 124 25
173 124 25
173 124 25
173 124 25
173 124 25
173 124 25
173 124 25
173 123 25
173 123 25
173 123 25
173 123 25
173 123 25
173 123 25
173 123 25
173 123 25
173 123 25
173 122 25
173 122 25
173 122 25
173 122 25
173 122 25
173 122 25
173 122 25
173 122 25
173 122 25
173 122 25
173 122 25
173 122 25
173 121 25
173 121 25
173 121 25
173 121 25
173 121 25
173 121 25
173 121 25
173 121 25
173 121 25
173 121 25
173 121 25
173 121 25
173 121 25
173 121 25
173 121 25
173 120 25
173 120 25
173 120 25
173 120 25
173 120 25
173 120 25
173 120 25
173 120 25
173 120 25
173 120 25
173 120 25
173 120 25
173 120 25
173 120 25
173 120 25
173 120 25
173 120 25
173 120 25
173 119 25
173 119 25
173 119 25
173 119 25
173 119 25
173 119 25
173 119 25
173 119 25
173 119 25
173 119 25
173 119 25
173 119 25
173 119 25
173 119 25
173 119 25
173 119 25
173 119 25
173 119 25
173 119 25
173 118 25
173 118 25
173 118 25
173 118 25
173 118 25
173 118 25
173 118 25
173 118 25
173 118 25
173 118 25
173 118 25
173 118 25
173 118 25
173 118 25
173 118 25
173 118 25
173 118 25
173 118 25
173 118 25
173 117 25
173 117 25
173 117 25
173 117 25
173 117 25
173 117 25
173 117 25
173 117 25
173 117 25
173 117 25
173 117 25
173 117 25
173 117 25
173 117 25
173 117 25
173 117 25
173 116 25
173 116 25
173 116 25
173 116 25
173 116 25
173 116 25
173 116 25
173 116 25
173 116 25
173 116 25
173 116 25
173 116 25
173 116 25
173 115 25
173 115 25
173 115 25
173 115 25
173 115 25
173 115 25
173 115 25
173 115 25
173 115 25
173 114 25
173 114 25
173 114 25
173 114 25
173 114 25
173 114 25
173 114 25
173 113 25
173 113 25
173 113 25
173 113 25
173 113 25
173 112 25
173 112 25
173 112 25
173 111 25
173 111 25
173 111 25
173 110 25
173 110 25
173 109 25
173 109 25
173 108 25
173 107 25
173 106 25
173 105 25
173 104 25
173 103 25
173 102 25
173 101 25
173 100 25
173 99 25
173 98 25
173 97 25
173 96 25
173 95 25
173 94 25
173 93 25
173 92 25
173 91 25
173 90 25
173 89 25
173 88 25
173 88 25
173 87 25
173 87 25
173 86 25
173 86 25
173 86 25
173 85 25
173 85 25
173 85 25
173 85 25
173 85 25
173 84 25
173 84 25
173 84 25
173 84 25
173 84 25
173 84 25
173 84 25
173 83 25
173 83 25
173 83 25
173 83 25
173 83 25
173 83 25
173 83 25
173 83 25
173 83 25
173 83 25
173 82 25
173 82 25
173 82 25
173 82 25
173 82 25
173 82 25
173 82 25
173 82 25
173 82 25
173 82 25
173 82 25
173 82 25
173 82 25
173 82 25
173 81 25
173 81 25
173 81 25
173 81 25
173 81 25
173 81 25
173 81 25
173 81 25
173 81 25
173 81 25
173 81 25
173 81 25
173 81 25
173 81 25
173 81 25
173 81 25
173 81 25
173 81 25
173 80 25
173 80 25
173 80 25
173 80 25
173 80 25
173 80 25
173 80 25
173 80 25
173 80 25
173 80 25
173 80 25
173 80 25
173 80 25
173 80 25
173 80 25
173 80 25
173 80 25
173 80 25
173 80 25
173 80 25
173 80 25
173 80 25
173 79 25
173 79 25
173 79 25
173 79 25
173 79 25
173 79 25
173 79 25
173 79 25
173 79 25
173 79 25
173 79 25
173 79 25
173 79 25
173 79 25
173 79 25
173 79 25
173 79 25
173 79 25
173 79 25
173 79 25
173 79 25
173 79 25
173 79 25
173 79 25
173 79 25
173 79 25
173 79 25
173 78 25
173 78 25
173 78 25
173 78 25
173 78 25
173 78 25
173 78 25
173 78 25
173 78 25
173 78 25
173 78 25
173 78 25
173 78 25
173 78 25
173 78 25
173 78 25
173 78 25
173 78 25
173 78 25
173 78 25
173 78 25
173 78 25
173 78 25
173 78 25
173 78 25
173 78 25
173 78 25
173 78 25
173 78 25
173 78 25
173 78 25
173 77 25
173 77 25
173 77 25
173 77 25
173 77 25
173 77 25
173 77 25
173 77 25
173 77 25
173 77 25
173 77 25
173 77 25
173 77 25
173 77 25
173 77 25
173 77 25
173 77 25
173 77 25
173 77 25
173 77 25
173 77 25
173 77 25
173 77 25
173 77 25
173 77 25
173 77 25
173 77 25
173 77 25
173 77 25
173 77 25
173 77 25
173 77 25
173 77 25
173 77 25
173 77 25
173 77 25
173 76 25
173 76 25
173 76 25
173 76 25
173 76 25
173 76 25
173 76 25
173 76 25
173 76 25
173 76 25
173 76 25
173 76 25
173 76 25
173 76 25
173 76 25
173 76 25
173 76 25
173 76 25
173 76 25
173 76 25
173 76 25
173 76 25
173 76 25
173 76 25
173 76 25
173 76 25
173 76 25
173 76 25
173 76 25
173 76 25
173 76 25
173 76 25
173 76 25
173 76 25
173 76 25
173 76 25
173 76 25
173 76 25
173 76 25
173 76 25
173 76 25
173 76 25
173 75 25
173 75 25
173 75 25
173 75 25
173 75 25
173 75 25
173 75 25
173 75 25
173 75 25
173 75 25
173 75 25
173 75 25
173 75 25
173 75 25
173 75 25
173 75 25
173 75 25
173 75 25
173 75 25
173 75 25
173 75 25
173 75 25
173 75 25
173 75 25
173 75 25
173 75 25
173 75 25
173 75 25
173 75 25
173 75 25
173 75 25
173 75 25
173 75 25
173 75 25
173 75 25
173 75 25
173 75 25
173 75 25
173 75 25
173 75 25
173 75 25
173 75 25
173 75 25
173 75 25
173 75 25
173 75 25
173 75 25
173 75 25
173 74 25
173 74 25
173 74 25
173 74 25
173 74 25
173 74 25
173 74 25
173 74 25
173 74 25
173 74 25
173 74 25
173 74 25
173 74 25
173 74 25
173 74 25
173 74 25
173 74 25
173 74 25
173 74 25
173 74 25
173 74 25
173 74 25
173 74 25
173 74 25
173 74 25
173 74 25
173 74 25
173 74 25
173 74 25
173 74 25
173 74 25
173 74 25
173 74 25
173 74 25
173 74 25
173 74 25
173 74 25
173 74 25
173 74 25
173 74 25
173 74 25
173 74 25
173 74 25
173 74 25
173 74 25
173 74 25
173 74 25
173 74 25
173 74 25
173 74 25
173 74 25
173 74 25
173 74 25
173 74 25
173 73 25
173 73 25
173 73 25
173 73 25
173 73 25
173 73 25
173 73 25
173 73 25
173 73 25
173 73 25
173 73 25
173 73 25
173 73 25
173 73 25
173 73 25
173 73 25
173 73 25
173 73 25
173 73 25
173 73 25
173 73 25
173 73 25
173 73 25
173 73 25
173 73 25
173 73 25
173 73 25
173 73 25
173 73 25
173 73 25
173 73 25
173 73 25
173 73 25
173 73 25
173 73 25
173 73 25
173 73 25
173 73 25
173 73 25
173 73 25
173 73 25
173 73 25
173 73 25
173 73 25
173 73 25
173 73 25
173 73 25
173 73 25
173 73 25
173 73 25
173 73 25
173 73 25
173 73 25
173 73 25
173 73 25
173 73 25
173 73 25
173 73 25
173 73 25
173 73 25
173 72 25
173 72 25
173 72 25
173 72 25
173 72 25
173 72 25
173 72 25
173 72 25
173 72 25
173 72 25
173 72 25
173 72 25
173 72 25
173 72 25
173 72 25
173 72 25
173 72 25
173 72 25
173 72 25
173 72 25
173 72 25
173 72 25
173 72 25
173 72 25
173 72 25
173 72 25
173 72 25
173 72 25
173 72 25
173 72 25
173 72 25
173 72 25
173 72 25
173 72 25
173 72 25
173 72 25
173 72 25
173 72 25
173 72 25
173 72 25
173 72 25
173 72 25
173 72 25
173 72 25
173 72 25
173 72 25
173 72 25
173 72 25
173 72 25
173 72 25
173 72 25
173 72 25
173 72 25
173 72 25
173 72 25
173 72 25
173 72 25
173 72 25
173 72 25
173 72 25
173 72 25
173 72 25
173 72 25
173 72 25
173 72 25
173 72 25
173 71 25
173 71 25
173 71 25
173 71 25
173 71 25
173 71 25
173 71 25
173 71 25
173 71 25
173 71 25
173 71 25
173 71 25
173 71 25
173 71 25
173 71 25
173 71 25
173 71 25
173 71 25
173 71 25
173 71 25
173 71 25
173 71 25
173 71 25
173 71 25
173 71 25
173 71 25
173 71 25
173 71 25
173 71 25
173 71 25
173 71 25
173 71 25
173 71 25
173 71 25
173 71 25
173 71 25
173 71 25
173 71 25
173 71 25
173 71 25
173 71 25
173 71 25
173 71 25
173 71 25
173 71 25
173 71 25
173 71 25
173 71 25
173 71 25
173 71 25
173 71 25
173 71 25
173 71 25
173 71 25
173 71 25
173 71 25
173 71 25
173 71 25
173 71 25
173 71 25
173 71 25
173 71 25
173 71 25
173 71 25
173 71 25
173 71 25
173 71 25
173 71 25
173 71 25
173 71 25
173 71 25
173 71 25
173 70 25
173 70 25
173 70 25
173 70 25
173 70 25
173 70 25
173 70 25
173 70 25
173 70 25
173 70 25
173 70 25
173 70 25
173 70 25
173 70 25
173 70 25
173 70 25
173 70 25
173 70 25
173 70 25
173 70 25
173 70 25
173 70 25
173 70 25
173 70 25
173 70 25
173 70 25
173 70 25
173 70 25
173 70 25
173 70 25
173 70 25
173 70 25
173 70 25
173 70 25
173 70 25
173 70 25
173 70 25
173 70 25
173 70 25
173 70 25
173 70 25
173 70 25
173 70 25
173 70 25
173 70 25
173 70 25
173 70 25
173 70 25
173 70 25
173 70 25
173 70 25
173 70 25
173 70 25
173 70 25
173 70 25
173 70 25
173 70 25
173 70 25
173 70 25
173 70 25
173 70 25
173 70 25
173 70 25
173 70 25
173 70 25
173 70 25
173 70 25
173 70 25
173 70 25
173 70 25
173 70 25
173 70 25
173 70 25
173 70 25
173 70 25
173 70 25
173 70 25
173 69 25
173 69 25
173 69 25
173 69 25
173 69 25
173 69 25
173 69 25
173 69 25
173 69 25
173 69 25
173 69 25
173 69 25
173 69 25
173 69 25
173 69 25
173 69 25
173 69 25
173 69 25
173 69 25
173 69 25
173 69 25
173 69 25
173 69 25
173 69 25
173 69 25
173 69 25
173 69 25
173 69 25
173 69 25
173 69 25
173 69 25
173 69 25
173 69 25
173 69 25
173 69 25
173 69 25
173 69 25
173 69 25
173 69 25
173 69 25
173 69 25
173 69 25
173 69 25
173 69 25
173 69 25
173 69 25
173 69 25
173 69 25
173 69 25
173 69 25
173 69 25
173 69 25
173 69 25
173 69 25
173 69 25
173 69 25
173 69 25
173 69 25
173 69 25
173 69 25
173 69 25
173 69 25
173 69 25
173 69 25
173 69 25
173 69 25
173 69 25
173 69 25
173 69 25
173 69 25
173 69 25
173 69 25
173 69 25
173 69 25
173 69 25
173 69 25
173 69 25
173 69 25
173 69 25
173 69 25
173 69 25
173 69 25
173 68 25
173 68 25
173 68 25
173 68 25
173 68 25
173 68 25
173 68 25
173 68 25
173 68 25
173 68 25
173 68 25
173 68 25
173 68 25
173 68 25
173 68 25
173 68 25
173 68 25
173 68 25
173 68 25
173 68 25
173 68 25
173 68 25
173 68 25
173 68 25
173 68 25
173 68 25
173 68 25
173 68 25
173 68 25
173 68 25
173 68 25
173 68 25
173 68 25
173 68 25
173 68 25
173 68 25
173 68 25
173 68 25
173 68 25
173 68 25
173 68 25
173 68 25
173 68 25
173 68 25
173 68 25
173 68 25
173 68 25
173 68 25
173 68 25
173 68 25
173 68 25
173 68 25
173 68 25
173 68 25
173 68 25
173 68 25
173 68 25
173 68 25
173 68 25
173 68 25
173 68 25
173 68 25
173 68 25
173 68 25
173 68 25
173 68 25
173 68 25
173 68 25
173 68 25
173 68 25
173 68 25
173 68 25
173 68 25
173 68 25
173 68 25
173 68 25
173 68 25
173 68 25
173 68 25
173 68 25
173 68 25
173 68 25
173 68 25
173 68 25
173 68 25
173 68 25
173 67 25
173 67 25
173 67 25
173 67 25
173 67 25
173 67 25
173 67 25
173 67 25
173 67 25
173 67 25
173 67 25
173 67 25
173 67 25
173 67 25
173 67 25
173 67 25
173 67 25
173 67 25
173 67 25
173 67 25
173 67 25
173 67 25
173 67 25
173 67 25
173 67 25
173 67 25
173 67 25
173 67 25
173 67 25
173 67 25
173 67 25
173 67 25
173 67 25
173 67 25
173 67 25
173 67 25
173 67 25
173 67 25
173 67 25
173 67 25
173 67 25
173 67 25
173 67 25
173 67 25
173 67 25
173 67 25
173 67 25
173 67 25
173 67 25
173 67 25
173 67 25
173 67 25
173 67 25
173 67 25
173 67 25
173 67 25
173 67 25
173 67 25
173 67 25
173 67 25
173 67 25
173 67 25
173 67 25
173 67 25
173 67 25
173 67 25
173 67 25
173 67 25
173 67 25
173 67 25
173 67 25
173 67 25
173 67 25
173 67 25
173 67 25
173 67 25
173 67 25
173 67 25
173 67 25
173 67 25
173 67 25
173 67 25
173 67 25
173 67 25
173 67 25
173 67 25
173 67 25
173 67 25
173 66 25
173 66 25
173 66 25
173 66 25
173 66 25
173 66 25
173 66 25
173 66 25
173 66 25
173 66 25
173 66 25
173 66 25
173 66 25
173 66 25
173 66 25
173 66 25
173 66 25
173 66 25
173 66 25
173 66 25
173 66 25
173 66 25
173 66 25
173 66 25
173 66 25
173 66 25
173 66 25
173 66 25
173 66 25
173 66 25
173 66 25
173 66 25
173 66 25
173 66 25
173 66 25
173 66 25
173 66 25
173 66 25
173 66 25
173 66 25
173 66 25
173 66 25
173 66 25
173 66 25
173 66 25
173 66 25
173 66 25
173 66 25
173 66 25
173 66 25
173 66 25
173 66 25
173 66 25
173 66 25
173 66 25
173 66 25
173 66 25
173 66 25
173 66 25
173 66 25
173 66 25
173 66 25
173 66 25
173 66 25
173 66 25
173 66 25
173 66 25
173 66 25
173 66 25
173 66 25
173 66 25
173 66 25
173 66 25
173 66 25
173 66 25
173 66 25
173 66 25
173 66 25
173 66 25
173 66 25
173 66 25
173 66 25
173 66 25
173 66 25
173 66 25
173 66 25
173 66 25
173 65 25
173 65 25
173 65 25
173 65 25
173 65 25
173 65 25
173 65 25
173 65 25
173 65 25
173 65 25
173 65 25
173 65 25
173 65 25
173 65 25
173 65 25
173 65 25
173 65 25
173 65 25
173 65 25
173 65 25
173 65 25
173 65 25
173 65 25
173 65 25
173 65 25
173 65 25
173 65 25
173 65 25
173 65 25
173 65 25
173 65 25
173 65 25
173 65 25
173 65 25
173 65 25
173 65 25
173 65 25
173 65 25
173 65 25
173 65 25
173 65 25
173 65 25
173 65 25
173 65 25
173 65 25
173 65 25
173 65 25
173 65 25
173 65 25
173 65 25
173 65 25
173 65 25
173 65 25
173 65 25
173 65 25
173 65 25
173 65 25
173 65 25
173 65 25
173 65 25
173 65 25
173 65 25
173 65 25
173 65 25
173 65 25
173 65 25
173 65 25
173 65 25
173 65 25
173 65 25
173 65 25
173 65 25
173 65 25
173 65 25
173 65 25
173 65 25
173 65 25
173 65 25
173 65 25
173 65 25
173 65 25
173 65 25
173 65 25
173 64 25
173 64 25
173 64 25
173 64 25
173 64 25
173 64 25
173 64 25
173 64 25
173 64 25
173 64 25
173 64 25
173 64 25
173 64 25
173 64 25
173 64 25
173 64 25
173 64 25
173 64 25
173 64 25
173 64 25
173 64 25
173 64 25
173 64 25
173 64 25
173 64 25
173 64 25
173 64 25
173 64 25
173 64 25
173 64 25
173 64 25
173 64 25
173 64 25
173 64 25
173 64 25
173 64 25
173 64 25
173 64 25
173 64 25
173 64 25
173 64 25
173 64 25
173 64 25
173 64 25
173 64 25
173 64 25
173 64 25
173 64 25
173 64 25
173 64 25
173 64 25
173 64 25
173 64 25
173 64 25
173 64 25
173 64 25
173 64 25
173 64 25
173 64 25
173 64 25
173 64 25
173 64 25
173 64 25
173 64 25
173 64 25
173 64 25
173 64 25
173 64 25
173 64 25
173 64 25
173 64 25
173 64 25
173 64 25
173 64 25
173 64 25
173 63 25
173 63 25
173 63 25
173 63 25
173 63 25
173 63 25
173 63 25
173 63 25
173 63 25
173 63 25
173 63 25
173 63 25
173 63 25
173 63 25
173 63 25
173 63 25
173 63 25
173 63 25
173 63 25
173 63 25
173 63 25
173 63 25
173 63 25
173 63 25
173 63 25
173 63 25
173 63 25
173 63 25
173 63 25
173 63 25
173 63 25
173 63 25
173 63 25
173 63 25
173 63 25
173 63 25
173 63 25
173 63 25
173 63 25
173 63 25
173 63 25
173 63 25
173 63 25
173 63 25
173 63 25
173 63 25
173 63 25
173 63 25
173 63 25
173 63 25
173 63 25
173 63 25
173 63 25
173 63 25
173 63 25
173 63 25
173 63 25
173 63 25
173 63 25
173 63 25
173 63 25
173 63 25
173 63 25
173 63 25
173 63 25
173 62 25
173 62 25
173 62 25
173 62 25
173 62 25
173 62 25
173 62 25
173 62 25
173 62 25
173 62 25
173 62 25
173 62 25
173 62 25
173 62 25
173 62 25
173 62 25
173 62 25
173 62 25
173 62 25
173 62 25
173 62 25
173 62 25
173 62 25
173 62 25
173 62 25
173 62 25
173 62 25
173 62 25
173 62 25
173 62 25
173 62 25
173 62 25
173 62 25
173 62 25
173 62 25
173 62 25
173 62 25
173 62 25
173 62 25
173 62 25
173 62 25
173 62 25
173 62 25
173 62 25
173 62 25
173 62 25
173 62 25
173 62 25
173 62 25
173 62 25
173 62 25
173 62 25
173 61 25
173 61 25
173 61 25
173 61 25
173 61 25
173 61 25
173 61 25
173 61 25
173 61 25
173 61 25
173 61 25
173 61 25
173 61 25
173 61 25
173 61 25
173 61 25
173 61 25
173 61 25
173 61 25
173 61 25
173 61 25
173 61 25
173 61 25
173 61 25
173 61 25
173 61 25
173 61 25
173 61 25
173 61 25
173 61 25
173 61 25
173 61 25
173 61 25
173 61 25
173 61 25
173 61 25
173 61 25
173 61 25
173 60 25
173 60 25
173 60 25
173 60 25
173 60 25
173 60 25
173 60 25
173 60 25
173 60 25
173 60 25
173 60 25
173 60 25
173 60 25
173 60 25
173 60 25
173 60 25
173 60 25
173 60 25
173 60 25
173 60 25
173 60 25
173 60 25
173 60 25
173 60 25
173 60 25
173 60 25
173 60 25
173 59 25
173 59 25
173 59 25
173 59 25
173 59 25
173 59 25
173 59 25
173 59 25
173 59 25
173 59 25
173 59 25
173 59 25
173 59 25
173 59 25
173 59 25
173 59 25
173 59 25
173 59 25
173 58 25
173 58 25
173 58 25
173 58 25
173 58 25
173 58 25
173 58 25
173 58 25
173 58 25
173 58 25
173 58 25
173 58 25
173 57 25
173 57 25
173 57 25
173 57 25
173 57 25
173 57 25
173 57 25
173 56 25
173 56 25
173 56 25
173 56 25
173 56 25
173 55 25
173 55 25
173 55 25
173 54 25
173 54 25
173 54 25
173 53 25
173 53 25
173 52 25
173 52 25
173 51 25
173 50 25
173 49 25
173 48 25
173 47 25
173 46 25
173 45 25
173 44 25
173 43 25
12 56 25
13 56 25
14 56 25
15 56 25
16 56 25
17 56 25
18 56 25
19 56 25
20 56 25
21 56 25
22 56 25
23 56 25
23 56 25
23 57 25
23 57 25
23 58 25
23 58 25
23 58 25
23 59 25
23 59 25
23 59 25
23 59 25
23 60 25
23 60 25
23 60 25
23 60 25
23 60 25
23 60 25
23 60 25
23 61 25
23 61 25
23 61 25
23 61 25
23 61 25
23 61 25
23 61 25
23 61 25
23 61 25
23 61 25
23 61 25
23 62 25
23 62 25
23 62 25
23 62 25
23 62 25
23 62 25
23 62 25
23 62 25
23 62 25
23 62 25
23 62 25
23 62 25
23 62 25
23 62 25
23 62 25
23 62 25
23 62 25
23 62 25
23 62 25
23 63 25
23 63 25
23 63 25
23 63 25
23 63 25
23 63 25
23 63 25
23 63 25
23 63 25
23 63 25
23 63 25
23 63 25
23 63 25
23 63 25
23 63 25
23 63 25
23 63 25
23 63 25
23 63 25
23 63 25
23 63 25
23 63 25
23 63 25
23 63 25
23 63 25
23 63 25
23 63 25
23 63 25
23 63 25
23 64 25
23 64 25
23 64 25
23 64 25
23 64 25
23 64 25
23 64 25
23 64 25
23 64 25
23 64 25
23 64 25
23 64 25
23 64 25
23 64 25
23 64 25
23 64 25
23 64 25
23 64 25
23 64 25
23 64 25
23 64 25
23 64 25
23 64 25
23 64 25
23 64 25
23 64 25
23 64 25
23 64 25
23 64 25
23 64 25
23 64 25
23 64 25
23 64 25
23 64 25
23 64 25
23 64 25
23 64 25
23 64 25
23 64 25
23 64 25
23 64 25
23 65 25
23 65 25
23 65 25
23 65 25
23 65 25
23 65 25
23 65 25
23 65 25
23 65 25
23 65 25
23 65 25
23 65 25
23 65 25
23 65 25
23 65 25
23 65 25
23 65 25
23 65 25
23 65 25
23 65 25
23 65 25
23 65 25
23 65 25
23 65 25
23 65 25
23 65 25
23 65 25
23 65 25
23 65 25
23 65 25
23 65 25
23 65 25
23 65 25
23 65 25
23 65 25
23 65 25
23 65 25
23 65 25
23 65 25
23 65 25
23 65 25
23 65 25
23 65 25
23 65 25
23 65 25
23 65 25
23 65 25
23 65 25
23 65 25
23 65 25
23 65 25
23 65 25
23 65 25
23 65 25
23 66 25
23 66 25
23 66 25
23 66 25
23 66 25
23 66 25
23 66 25
23 66 25
23 66 25
23 66 25
23 66 25
23 66 25
23 66 25
23 66 25
23 66 25
23 66 25
23 66 25
23 66 25
23 66 25
23 66 25
23 66 25
23 66 25
23 66 25
23 66 25
23 66 25
23 66 25
23 66 25
23 66 25
23 66 25
23 66 25
23 66 25
23 66 25
23 66 25
23 66 25
23 66 25
23 66 25
23 66 25
23 66 25
23 66 25
23 66 25
23 66 25
23 66 25
23 66 25
23 66 25
23 66 25
23 66 25
23 66 25
23 66 25
23 66 25
23 66 25
23 66 25
23 66 25
23 66 25
23 66 25
23 66 25
23 66 25
23 66 25
23 66 25
23 66 25
23 66 25
23 66 25
23 66 25
23 66 25
23 66 25
23 66 25
23 67 25
23 67 25
23 67 25
23 67 25
23 67 25
23 67 25
23 67 25
23 67 25
23 67 25
23 67 25
23 67 25
23 67 25
23 67 25
23 67 25
23 67 25
23 67 25
23 67 25
23 67 25
23 67 25
23 67 25
23 67 25
23 67 25
23 67 25
23 67 25
23 67 25
23 67 25
23 67 25
23 67 25
23 67 25
23 67 25
23 67 25
23 67 25
23 67 25
23 67 25
23 67 25
23 67 25
23 67 25
23 67 25
23 67 25
23 67 25
23 67 25
23 67 25
23 67 25
23 67 25
23 67 25
23 67 25
23 67 25
23 67 25
23 67 25
23 67 25
23 67 25
23 67 25
23 67 25
23 67 25
23 67 25
23 67 25
23 67 25
23 67 25
23 67 25
23 67 25
23 67 25
23 67 25
23 67 25
23 67 25
23 67 25
23 67 25
23 67 25
23 67 25
23 67 25
23 67 25
23 67 25
23 67 25
23 67 25
23 67 25
23 67 25
23 67 25
23 68 25
23 68 25
23 68 25
23 68 25
23 68 25
23 68 25
23 68 25
23 68 25
23 68 25
23 68 25
23 68 25
23 68 25
23 68 25
23 68 25
23 68 25
23 68 25
23 68 25
23 68 25
23 68 25
23 68 25
23 68 25
23 68 25
23 68 25
23 68 25
23 68 25
23 68 25
23 68 25
23 68 25
23 68 25
23 68 25
23 68 25
23 68 25
23 68 25
23 68 25
23 68 25
23 68 25
23 68 25
23 68 25
23 68 25
23 68 25
23 68 25
23 68 25
23 68 25
23 68 25
23 68 25
23 68 25
23 68 25
23 68 25
23 68 25
23 68 25
23 68 25
23 68 25
23 68 25
23 68 25
23 68 25
23 68 25
23 68 25
23 68 25
23 68 25
23 68 25
23 68 25
23 68 25
23 68 25
23 68 25
23 68 25
23 68 25
23 68 25
23 68 25
23 68 25
23 68 25
23 68 25
23 68 25
23 68 25
23 68 25
23 68 25
23 68 25
23 68 25
23 68 25
23 68 25
23 68 25
23 68 25
23 68 25
23 68 25
23 68 25
23 68 25
23 69 25
23 69 25
23 69 25
23 69 25
23 69 25
23 69 25
23 69 25
23 69 25
23 69 25
23 69 25
23 69 25
23 69 25
23 69 25
23 69 25
23 69 25
23 69 25
23 69 25
23 69 25
23 69 25
23 69 25
23 69 25
23 69 25
23 69 25
23 69 25
23 69 25
23 69 25
23 69 25
23 69 25
23 69 25
23 69 25
23 69 25
23 69 25
23 69 25
23 69 25
23 69 25
23 69 25
23 69 25
23 69 25
23 69 25
23 69 25
23 69 25
23 69 25
23 69 25
23 69 25
23 69 25
23 69 25
23 69 25
23 69 25
23 69 25
23 69 25
23 69 25
23 69 25
23 69 25
23 69 25
23 69 25
23 69 25
23 69 25
23 69 25
23 69 25
23 69 25
23 69 25
23 69 25
23 69 25
23 69 25
23 69 25
23 69 25
23 69 25
23 69 25
23 69 25
23 69 25
23 69 25
23 69 25
23 69 25
23 69 25
23 69 25
23 69 25
23 69 25
23 69 25
23 69 25
23 69 25
23 69 25
23 69 25
23 69 25
23 69 25
23 69 25
23 69 25
23 69 25
23 69 25
23 69 25
23 69 25
23 69 25
23 69 25
23 69 25
23 69 25
23 70 25
23 70 25
23 70 25
23 70 25
23 70 25
23 70 25
23 70 25
23 70 25
23 70 25
23 70 25
23 70 25
23 70 25
23 70 25
23 70 25
23 70 25
23 70 25
23 70 25
23 70 25
23 70 25
23 70 25
23 70 25
23 70 25
23 70 25
23 70 25
23 70 25
23 70 25
23 70 25
23 70 25
23 70 25
23 70 25
23 70 25
23 70 25
23 70 25
23 70 25
23 70 25
23 70 25
23 70 25
23 70 25
23 70 25
23 70 25
23 70 25
23 70 25
23 70 25
23 70 25
23 70 25
23 70 25
23 70 25
23 70 25
23 70 25
23 70 25
23 70 25
23 70 25
23 70 25
23 70 25
23 70 25
23 70 25
23 70 25
23 70 25
23 70 25
23 70 25
23 70 25
23 70 25
23 70 25
23 70 25
23 70 25
23 70 25
23 70 25
23 70 25
23 70 25
23 70 25
23 70 25
23 70 25
23 70 25
23 70 25
23 70 25
23 70 25
23 70 25
23 70 25
23 70 25
23 70 25
23 70 25
23 70 25
23 70 25
23 70 25
23 70 25
23 70 25
23 70 25
23 70 25
23 70 25
23 70 25
23 70 25
23 70 25
23 70 25
23 70 25
23 70 25
23 70 25
23 70 25
23 70 25
23 70 25
23 70 25
23 70 25
23 70 25
23 71 25
23 71 25
23 71 25
23 71 25
23 71 25
23 71 25
23 71 25
23 71 25
23 71 25
23 71 25
23 71 25
23 71 25
23 71 25
23 71 25
23 71 25
23 71 25
23 71 25
23 71 25
23 71 25
23 71 25
23 71 25
23 71 25
23 71 25
23 71 25
23 71 25
23 71 25
23 71 25
23 71 25
23 71 25
23 71 25
23 71 25
23 71 25
23 71 25
23 71 25
23 71 25
23 71 25
23 71 25
23 71 25
23 71 25
23 71 25
23 71 25
23 71 25
23 71 25
23 71 25
23 71 25
23 71 25
23 71 25
23 71 25
23 71 25
23 71 25
23 71 25
23 71 25
23 71 25
23 71 25
23 71 25
23 71 25
23 71 25
23 71 25
23 71 25
23 71 25
23 71 25
23 71 25
23 71 25
23 71 25
23 71 25
23 71 25
23 71 25
23 71 25
23 71 25
23 71 25
23 71 25
23 71 25
23 71 25
23 71 25
23 71 25
23 71 25
23 71 25
23 71 25
23 71 25
23 71 25
23 71 25
23 71 25
23 71 25
23 71 25
23 71 25
23 71 25
23 71 25
23 71 25
23 71 25
23 71 25
23 71 25
23 71 25
23 71 25
23 71 25
23 71 25
23 71 25
23 71 25
23 71 25
23 71 25
23 71 25
23 71 25
23 71 25
23 71 25
23 71 25
23 71 25
23 71 25
23 71 25
23 71 25
23 71 25
23 71 25
23 72 25
23 72 25
23 72 25
23 72 25
23 72 25
23 72 25
23 72 25
23 72 25
23 72 25
23 72 25
23 72 25
23 72 25
23 72 25
23 72 25
23 72 25
23 72 25
23 72 25
23 72 25
23 72 25
23 72 25
23 72 25
23 72 25
23 72 25
23 72 25
23 72 25
23 72 25
23 72 25
23 72 25
23 72 25
23 72 25
23 72 25
23 72 25
23 72 25
23 72 25
23 72 25
23 72 25
23 72 25
23 72 25
23 72 25
23 72 25
23 72 25
23 72 25
23 72 25
23 72 25
23 72 25
23 72 25
23 72 25
23 72 25
23 72 25
23 72 25
23 72 25
23 72 25
23 72 25
23 72 25
23 72 25
23 72 25
23 72 25
23 72 25
23 72 25
23 72 25
23 72 25
23 72 25
23 72 25
23 72 25
23 72 25
23 72 25
23 72 25
23 72 25
23 72 25
23 72 25
23 72 25
23 72 25
23 72 25
23 72 25
23 72 25
23 72 25
23 72 25
23 72 25
23 72 25
23 72 25
23 72 25
23 72 25
23 72 25
23 72 25
23 72 25
23 72 25
23 72 25
23 72 25
23 72 25
23 72 25
23 72 25
23 72 25
23 72 25
23 72 25
23 72 25
23 72 25
23 72 25
23 72 25
23 72 25
23 72 25
23 72 25
23 72 25
23 72 25
23 72 25
23 72 25
23 72 25
23 72 25
23 72 25
23 72 25
23 72 25
23 72 25
23 72 25
23 72 25
23 72 25
23 72 25
23 72 25
23 72 25
23 72 25
23 73 25
23 73 25
23 73 25
23 73 25
23 73 25
23 73 25
23 73 25
23 73 25
23 73 25
23 73 25
23 73 25
23 73 25
23 73 25
23 73 25
23 73 25
23 73 25
23 73 25
23 73 25
23 73 25
23 73 25
23 73 25
23 73 25
23 73 25
23 73 25
23 73 25
23 73 25
23 73 25
23 73 25
23 73 25
23 73 25
23 73 25
23 73 25
23 73 25
23 73 25
23 73 25
23 73 25
23 73 25
23 73 25
23 73 25
23 73 25
23 73 25
23 73 25
23 73 25
23 73 25
23 73 25
23 73 25
23 73 25
23 73 25
23 73 25
23 73 25
23 73 25
23 73 25
23 73 25
23 73 25
23 73 25
23 73 25
23 73 25
23 73 25
23 73 25
23 73 25
23 73 25
23 73 25
23 73 25
23 73 25
23 73 25
23 73 25
23 73 25
23 73 25
23 73 25
23 73 25
23 73 25
23 73 25
23 73 25
23 73 25
23 73 25
23 73 25
23 73 25
23 73 25
23 73 25
23 73 25
23 73 25
23 73 25
23 73 25
23 73 25
23 73 25
23 73 25
23 73 25
23 73 25
23 73 25
23 73 25
23 73 25
23 73 25
23 73 25
23 73 25
23 73 25
23 73 25
23 73 25
23 73 25
23 73 25
23 73 25
23 73 25
23 73 25
23 73 25
23 73 25
23 73 25
23 73 25
23 73 25
23 73 25
23 73 25
23 73 25
23 73 25
23 73 25
23 73 25
23 73 25
23 73 25
23 73 25
23 73 25
23 73 25
23 73 25
23 73 25
23 73 25
23 73 25
23 73 25
23 73 25
23 73 25
23 74 25
23 74 25
23 74 25
23 74 25
23 74 25
23 74 25
23 74 25
23 74 25
23 74 25
23 74 25
23 74 25
23 74 25
23 74 25
23 74 25
23 74 25
23 74 25
23 74 25
23 74 25
23 74 25
23 74 25
23 74 25
23 74 25
23 74 25
23 74 25
23 74 25
23 74 25
23 74 25
23 74 25
23 74 25
23 74 25
23 74 25
23 74 25
23 74 25
23 74 25
23 74 25
23 74 25
23 74 25
23 74 25
23 74 25
23 74 25
23 74 25
23 74 25
23 74 25
23 74 25
23 74 25
23 74 25
23 74 25
23 74 25
23 74 25
23 74 25
23 74 25
23 74 25
23 74 25
23 74 25
23 74 25
23 74 25
23 74 25
23 74 25
23 74 25
23 74 25
23 74 25
23 74 25
23 74 25
23 74 25
23 74 25
23 74 25
23 74 25
23 74 25
23 74 25
23 74 25
23 74 25
23 74 25
23 74 25
23 74 25
23 74 25
23 74 25
23 74 25
23 74 25
23 74 25
23 74 25
23 74 25
23 74 25
23 74 25
23 74 25
23 74 25
23 74 25
23 74 25
23 74 25
23 74 25
23 74 25
23 74 25
23 74 25
23 74 25
23 74 25
23 74 25
23 74 25
23 74 25
23 74 25
23 74 25
23 74 25
23 74 25
23 74 25
23 74 25
23 74 25
23 74 25
23 74 25
23 74 25
23 74 25
23 74 25
23 74 25
23 74 25
23 74 25
23 74 25
23 74 25
23 74 25
23 74 25
23 74 25
23 74 25
23 74 25
23 74 25
23 74 25
23 74 25
23 74 25
23 74 25
23 74 25
23 74 25
23 74 25
23 74 25
23 74 25
23 74 25
23 74 25
23 75 25
23 75 25
23 75 25
23 75 25
23 75 25
23 75 25
23 75 25
23 75 25
23 75 25
23 75 25
23 75 25
23 75 25
23 75 25
23 75 25
23 75 25
23 75 25
23 75 25
23 75 25
23 75 25
23 75 25
23 75 25
23 75 25
23 75 25
23 75 25
23 75 25
23 75 25
23 75 25
23 75 25
23 75 25
23 75 25
23 75 25
23 75 25
23 75 25
23 75 25
23 75 25
23 75 25
23 75 25
23 75 25
23 75 25
23 75 25
23 75 25
23 75 25
23 75 25
23 75 25
23 75 25
23 75 25
23 75 25
23 75 25
23 75 25
23 75 25
23 75 25
23 75 25
23 75 25
23 75 25
23 75 25
23 75 25
23 75 25
23 75 25
23 75 25
23 75 25
23 75 25
23 75 25
23 75 25
23 75 25
23 75 25
23 75 25
23 75 25
23 75 25
23 75 25
23 75 25
23 75 25
23 75 25
23 75 25
23 75 25
23 75 25
23 75 25
23 75 25
23 75 25
23 75 25
23 75 25
23 75 25
23 75 25
23 75 25
23 75 25
23 75 25
23 75 25
23 75 25
23 75 25
23 75 25
23 75 25
23 75 25
23 75 25
23 75 25
23 75 25
23 75 25
23 75 25
23 75 25
23 75 25
23 75 25
23 75 25
23 75 25
23 75 25
23 75 25
23 75 25
23 75 25
23 75 25
23 75 25
23 75 25
23 75 25
23 75 25
23 75 25
23 75 25
23 75 25
23 75 25
23 75 25
23 75 25
23 75 25
23 75 25
23 75 25
23 75 25
23 75 25
23 75 25
23 75 25
23 75 25
23 75 25
23 75 25
23 75 25
23 75 25
23 75 25
23 75 25
23 75 25
23 75 25
23 75 25
23 75 25
23 76 25
23 76 25
23 76 25
23 76 25
23 76 25
23 76 25
23 76 25
23 76 25
23 76 25
23 76 25
23 76 25
23 76 25
23 76 25
23 76 25
23 76 25
23 76 25
23 76 25
23 76 25
23 76 25
23 76 25
23 76 25
23 76 25
23 76 25
23 76 25
23 76 25
23 76 25
23 76 25
23 76 25
23 76 25
23 76 25
23 76 25
23 76 25
23 76 25
23 76 25
23 76 25
23 76 25
23 76 25
23 76 25
23 76 25
23 76 25
23 76 25
23 76 25
23 76 25
23 76 25
23 76 25
23 76 25
23 76 25
23 76 25
23 76 25
23 76 25
23 76 25
23 76 25
23 76 25
23 76 25
23 76 25
23 76 25
23 76 25
23 76 25
23 76 25
23 76 25
23 76 25
23 76 25
23 76 25
23 76 25
23 76 25
23 76 25
23 76 25
23 76 25
23 76 25
23 76 25
23 76 25
23 76 25
23 76 25
23 76 25
23 76 25
23 76 25
23 76 25
23 76 25
23 76 25
23 76 25
23 76 25
23 76 25
23 76 25
23 76 25
23 76 25
23 76 25
23 76 25
23 76 25
23 76 25
23 76 25
23 76 25
23 76 25
23 76 25
23 76 25
23 76 25
23 76 25
23 76 25
23 76 25
23 76 25
23 76 25
23 76 25
23 76 25
23 76 25
23 76 25
23 76 25
23 76 25
23 76 25
23 76 25
23 76 25
23 76 25
23 76 25
23 76 25
23 76 25
23 76 25
23 76 25
23 76 25
23 76 25
23 76 25
23 76 25
23 76 25
23 76 25
23 76 25
23 76 25
23 76 25
23 76 25
23 76 25
23 76 25
23 76 25
23 76 25
23 76 25
23 76 25
23 76 25
23 76 25
23 76 25
23 76 25
23 77 25
23 77 25
23 77 25
23 77 25
23 77 25
23 77 25
23 77 25
23 77 25
23 77 25
23 77 25
23 77 25
23 77 25
23 77 25
23 77 25
23 77 25
23 77 25
23 77 25
23 77 25
23 77 25
23 77 25
23 77 25
23 77 25
23 77 25
23 77 25
23 77 25
23 77 25
23 77 25
23 77 25
23 77 25
23 77 25
23 77 25
23 77 25
23 77 25
23 77 25
23 77 25
23 77 25
23 77 25
23 77 25
23 77 25
23 77 25
23 77 25
23 77 25
23 77 25
23 77 25
23 77 25
23 77 25
23 77 25
23 77 25
23 77 25
23 77 25
23 77 25
23 77 25
23 77 25
23 77 25
23 77 25
23 77 25
23 77 25
23 77 25
23 77 25
23 77 25
23 77 25
23 77 25
23 77 25
23 77 25
23 77 25
23 77 25
23 77 25
23 77 25
23 77 25
23 77 25
23 77 25
23 77 25
23 77 25
23 77 25
23 77 25
23 77 25
23 77 25
23 77 25
23 77 25
23 77 25
23 77 25
23 77 25
23 77 25
23 77 25
23 77 25
23 77 25
23 77 25
23 77 25
23 77 25
23 77 25
23 77 25
23 77 25
23 77 25
23 77 25
23 77 25
23 77 25
23 77 25
23 77 25
23 77 25
23 77 25
23 77 25
23 77 25
23 77 25
23 77 25
23 77 25
23 77 25
23 77 25
23 77 25
23 77 25
23 77 25
23 77 25
23 77 25
23 77 25
23 77 25
23 77 25
23 77 25
23 77 25
23 77 25
23 77 25
23 77 25
23 77 25
23 77 25
23 77 25
23 77 25
23 77 25
23 77 25
23 77 25
23 77 25
23 77 25
23 77 25
23 77 25
23 77 25
23 78 25
23 78 25
23 78 25
23 78 25
23 78 25
23 78 25
23 78 25
23 78 25
23 78 25
23 78 25
23 78 25
23 78 25
23 78 25
23 78 25
23 78 25
23 78 25
23 78 25
23 78 25
23 78 25
23 78 25
23 78 25
23 78 25
23 78 25
23 78 25
23 78 25
23 78 25
23 78 25
23 78 25
23 78 25
23 78 25
23 78 25
23 78 25
23 78 25
23 78 25
23 78 25
23 78 25
23 78 25
23 78 25
23 78 25
23 78 25
23 78 25
23 78 25
23 78 25
23 78 25
23 78 25
23 78 25
23 78 25
23 78 25
23 78 25
23 78 25
23 78 25
23 78 25
23 78 25
23 78 25
23 78 25
23 78 25
23 78 25
23 78 25
23 78 25
23 78 25
23 78 25
23 78 25
23 78 25
23 78 25
23 78 25
23 78 25
23 78 25
23 78 25
23 78 25
23 78 25
23 78 25
23 78 25
23 78 25
23 78 25
23 78 25
23 78 25
23 78 25
23 78 25
23 78 25
23 78 25
23 78 25
23 78 25
23 78 25
23 78 25
23 78 25
23 78 25
23 78 25
23 78 25
23 78 25
23 78 25
23 78 25
23 78 25
23 78 25
23 78 25
23 78 25
23 78 25
23 78 25
23 78 25
23 78 25
23 78 25
23 78 25
23 78 25
23 78 25
23 78 25
23 78 25
23 78 25
23 78 25
23 78 25
23 78 25
23 78 25
23 78 25
23 78 25
23 78 25
23 78 25
23 78 25
23 78 25
23 78 25
23 78 25
23 78 25
23 78 25
23 78 25
23 78 25
23 78 25
23 78 25
23 78 25
23 78 25
23 78 25
23 79 25
23 79 25
23 79 25
23 79 25
23 79 25
23 79 25
23 79 25
23 79 25
23 79 25
23 79 25
23 79 25
23 79 25
23 79 25
23 79 25
23 79 25
23 79 25
23 79 25
23 79 25
23 79 25
23 79 25
23 79 25
23 79 25
23 79 25
23 79 25
23 79 25
23 79 25
23 79 25
23 79 25
23 79 25
23 79 25
23 79 25
23 79 25
23 79 25
23 79 25
23 79 25
23 79 25
23 79 25
23 79 25
23 79 25
23 79 25
23 79 25
23 79 25
23 79 25
23 79 25
23 79 25
23 79 25
23 79 25
23 79 25
23 79 25
23 79 25
23 79 25
23 79 25
23 79 25
23 79 25
23 79 25
23 79 25
23 79 25
23 79 25
23 79 25
23 79 25
23 79 25
23 79 25
23 79 25
23 79 25
23 79 25
23 79 25
23 79 25
23 79 25
23 79 25
23 79 25
23 79 25
23 79 25
23 79 25
23 79 25
23 79 25
23 79 25
23 79 25
23 79 25
23 79 25
23 79 25
23 79 25
23 79 25
23 79 25
23 79 25
23 79 25
23 79 25
23 79 25
23 79 25
23 79 25
23 79 25
23 79 25
23 79 25
23 79 25
23 79 25
23 79 25
23 79 25
23 79 25
23 79 25
23 79 25
23 79 25
23 79 25
23 79 25
23 79 25
23 79 25
23 79 25
23 79 25
23 79 25
23 79 25
23 79 25
23 79 25
23 79 25
23 79 25
23 79 25
23 79 25
23 79 25
23 79 25
23 79 25
23 79 25
23 79 25
23 80 25
23 80 25
23 80 25
23 80 25
23 80 25
23 80 25
23 80 25
23 80 25
23 80 25
23 80 25
23 80 25
23 80 25
23 80 25
23 80 25
23 80 25
23 80 25
23 80 25
23 80 25
23 80 25
23 80 25
23 80 25
23 80 25
23 80 25
23 80 25
23 80 25
23 80 25
23 80 25
23 80 25
23 80 25
23 80 25
23 80 25
23 80 25
23 80 25
23 80 25
23 80 25
23 80 25
23 80 25
23 80 25
23 80 25
23 80 25
23 80 25
23 80 25
23 80 25
23 80 25
23 80 25
23 80 25
23 80 25
23 80 25
23 80 25
23 80 25
23 80 25
23 80 25
23 80 25
23 80 25
23 80 25
23 80 25
23 80 25
23 80 25
23 80 25
23 80 25
23 80 25
23 80 25
23 80 25
23 80 25
23 80 25
23 80 25
23 80 25
23 80 25
23 80 25
23 80 25
23 80 25
23 80 25
23 80 25
23 80 25
23 80 25
23 80 25
23 80 25
23 80 25
23 80 25
23 80 25
23 80 25
23 80 25
23 80 25
23 80 25
23 80 25
23 80 25
23 80 25
23 80 25
23 80 25
23 80 25
23 80 25
23 80 25
23 80 25
23 80 25
23 80 25
23 80 25
23 80 25
23 80 25
23 80 25
23 80 25
23 80 25
23 80 25
23 80 25
23 80 25
23 80 25
23 80 25
23 80 25
23 80 25
23 80 25
23 80 25
23 81 25
23 81 25
23 81 25
23 81 25
23 81 25
23 81 25
23 81 25
23 81 25
23 81 25
23 81 25
23 81 25
23 81 25
23 81 25
23 81 25
23 81 25
23 81 25
23 81 25
23 81 25
23 81 25
23 81 25
23 81 25
23 81 25
23 81 25
23 81 25
23 81 25
23 81 25
23 81 25
23 81 25
23 81 25
23 81 25
23 81 25
23 81 25
23 81 25
23 81 25
23 81 25
23 81 25
23 81 25
23 81 25
23 81 25
23 81 25
23 81 25
23 81 25
23 81 25
23 81 25
23 81 25
23 81 25
23 81 25
23 81 25
23 81 25
23 81 25
23 81 25
23 81 25
23 81 25
23 81 25
23 81 25
23 81 25
23 81 25
23 81 25
23 81 25
23 81 25
23 81 25
23 81 25
23 81 25
23 81 25
23 81 25
23 81 25
23 81 25
23 81 25
23 81 25
23 81 25
23 81 25
23 81 25
23 81 25
23 81 25
23 81 25
23 81 25
23 81 25
23 81 25
23 81 25
23 81 25
23 81 25
23 81 25
23 81 25
23 81 25
23 81 25
23 81 25
23 81 25
23 81 25
23 81 25
23 81 25
23 81 25
23 81 25
23 81 25
23 81 25
23 81 25
23 81 25
23 81 25
23 81 25
23 81 25
23 82 25
23 82 25
23 82 25
23 82 25
23 82 25
23 82 25
23 82 25
23 82 25
23 82 25
23 82 25
23 82 25
23 82 25
23 82 25
23 82 25
23 82 25
23 82 25
23 82 25
23 82 25
23 82 25
23 82 25
23 82 25
23 82 25
23 82 25
23 82 25
23 82 25
23 82 25
23 82 25
23 82 25
23 82 25
23 82 25
23 82 25
23 82 25
23 82 25
23 82 25
23 82 25
23 82 25
23 82 25
23 82 25
23 82 25
23 82 25
23 82 25
23 82 25
23 82 25
23 82 25
23 82 25
23 82 25
23 82 25
23 82 25
23 82 25
23 82 25
23 82 25
23 82 25
23 82 25
23 82 25
23 82 25
23 82 25
23 82 25
23 82 25
23 82 25
23 82 25
23 82 25
23 82 25
23 82 25
23 82 25
23 82 25
23 82 25
23 82 25
23 82 25
23 82 25
23 82 25
23 82 25
23 82 25
23 82 25
23 82 25
23 82 25
23 82 25
23 82 25
23 82 25
23 82 25
23 82 25
23 82 25
23 82 25
23 82 25
23 82 25
23 82 25
23 82 25
23 82 25
23 82 25
23 82 25
23 83 25
23 83 25
23 83 25
23 83 25
23 83 25
23 83 25
23 83 25
23 83 25
23 83 25
23 83 25
23 83 25
23 83 25
23 83 25
23 83 25
23 83 25
23 83 25
23 83 25
23 83 25
23 83 25
23 83 25
23 83 25
23 83 25
23 83 25
23 83 25
23 83 25
23 83 25
23 83 25
23 83 25
23 83 25
23 83 25
23 83 25
23 83 25
23 83 25
23 83 25
23 83 25
23 83 25
23 83 25
23 83 25
23 83 25
23 83 25
23 83 25
23 83 25
23 83 25
23 83 25
23 83 25
23 83 25
23 83 25
23 83 25
23 83 25
23 83 25
23 83 25
23 83 25
23 83 25
23 83 25
23 83 25
23 83 25
23 83 25
23 83 25
23 83 25
23 83 25
23 83 25
23 83 25
23 83 25
23 83 25
23 83 25
23 83 25
23 83 25
23 83 25
23 83 25
23 83 25
23 83 25
23 83 25
23 83 25
23 83 25
23 83 25
23 83 25
23 83 25
23 83 25
23 84 25
23 84 25
23 84 25
23 84 25
23 84 25
23 84 25
23 84 25
23 84 25
23 84 25
23 84 25
23 84 25
23 84 25
23 84 25
23 84 25
23 84 25
23 84 25
23 84 25
23 84 25
23 84 25
23 84 25
23 84 25
23 84 25
23 84 25
23 84 25
23 84 25
23 84 25
23 84 25
23 84 25
23 84 25
23 84 25
23 84 25
23 84 25
23 84 25
23 84 25
23 84 25
23 84 25
23 84 25
23 84 25
23 84 25
23 84 25
23 84 25
23 84 25
23 84 25
23 84 25
23 84 25
23 84 25
23 84 25
23 84 25
23 84 25
23 84 25
23 84 25
23 84 25
23 84 25
23 84 25
23 84 25
23 84 25
23 84 25
23 84 25
23 84 25
23 84 25
23 84 25
23 84 25
23 84 25
23 84 25
23 84 25
23 84 25
23 84 25
23 84 25
23 84 25
23 85 25
23 85 25
23 85 25
23 85 25
23 85 25
23 85 25
23 85 25
23 85 25
23 85 25
23 85 25
23 85 25
23 85 25
23 85 25
23 85 25
23 85 25
23 85 25
23 85 25
23 85 25
23 85 25
23 85 25
23 85 25
23 85 25
23 85 25
23 85 25
23 85 25
23 85 25
23 85 25
23 85 25
23 85 25
23 85 25
23 85 25
23 85 25
23 85 25
23 85 25
23 85 25
23 85 25
23 85 25
23 85 25
23 85 25
23 85 25
23 85 25
23 85 25
23 85 25
23 85 25
23 85 25
23 85 25
23 85 25
23 85 25
23 85 25
23 85 25
23 85 25
23 85 25
23 85 25
23 85 25
23 85 25
23 85 25
23 85 25
23 85 25
23 85 25
23 85 25
23 85 25
23 86 25
23 86 25
23 86 25
23 86 25
23 86 25
23 86 25
23 86 25
23 86 25
23 86 25
23 86 25
23 86 25
23 86 25
23 86 25
23 86 25
23 86 25
23 86 25
23 86 25
23 86 25
23 86 25
23 86 25
23 86 25
23 86 25
23 86 25
23 86 25
23 86 25
23 86 25
23 86 25
23 86 25
23 86 25
23 86 25
23 86 25
23 86 25
23 86 25
23 86 25
23 86 25
23 86 25
23 86 25
23 86 25
23 86 25
23 86 25
23 86 25
23 86 25
23 86 25
23 86 25
23 86 25
23 86 25
23 86 25
23 86 25
23 86 25
23 86 25
23 86 25
23 86 25
23 86 25
23 86 25
23 87 25
23 87 25
23 87 25
23 87 25
23 87 25
23 87 25
23 87 25
23 87 25
23 87 25
23 87 25
23 87 25
23 87 25
23 87 25
23 87 25
23 87 25
23 87 25
23 87 25
23 87 25
23 87 25
23 87 25
23 87 25
23 87 25
23 87 25
23 87 25
23 87 25
23 87 25
23 87 25
23 87 25
23 87 25
23 87 25
23 87 25
23 87 25
23 87 25
23 87 25
23 87 25
23 87 25
23 87 25
23 87 25
23 87 25
23 87 25
23 87 25
23 87 25
23 87 25
23 87 25
23 87 25
23 87 25
23 87 25
23 87 25
23 87 25
23 88 25
23 88 25
23 88 25
23 88 25
23 88 25
23 88 25
23 88 25
23 88 25
23 88 25
23 88 25
23 88 25
23 88 25
23 88 25
23 88 25
23 88 25
23 88 25
23 88 25
23 88 25
23 88 25
23 88 25
23 88 25
23 88 25
23 88 25
23 88 25
23 88 25
23 88 25
23 88 25
23 88 25
23 88 25
23 88 25
23 88 25
23 88 25
23 88 25
23 88 25
23 88 25
23 88 25
23 88 25
23 88 25
23 88 25
23 88 25
23 88 25
23 88 25
23 88 25
23 88 25
23 88 25
23 89 25
23 89 25
23 89 25
23 89 25
23 89 25
23 89 25
23 89 25
23 89 25
23 89 25
23 89 25
23 89 25
23 89 25
23 89 25
23 89 25
23 89 25
23 89 25
23 89 25
23 89 25
23 89 25
23 89 25
23 89 25
23 89 25
23 89 25
23 89 25
23 89 25
23 89 25
23 89 25
23 89 25
23 89 25
23 89 25
23 89 25
23 89 25
23 89 25
23 89 25
23 89 25
23 89 25
23 89 25
23 89 25
23 89 25
23 89 25
23 89 25
23 90 25
23 90 25
23 90 25
23 90 25
23 90 25
23 90 25
23 90 25
23 90 25
23 90 25
23 90 25
23 90 25
23 90 25
23 90 25
23 90 25
23 90 25
23 90 25
23 90 25
23 90 25
23 90 25
23 90 25
23 90 25
23 90 25
23 90 25
23 90 25
23 90 25
23 90 25
23 90 25
23 90 25
23 90 25
23 90 25
23 90 25
23 90 25
23 90 25
23 90 25
23 90 25
23 90 25
23 91 25
23 91 25
23 91 25
23 91 25
23 91 25
23 91 25
23 91 25
23 91 25
23 91 25
23 91 25
23 91 25
23 91 25
23 91 25
23 91 25
23 91 25
23 91 25
23 91 25
23 91 25
23 91 25
23 91 25
23 91 25
23 91 25
23 91 25
23 91 25
23 91 25
23 91 25
23 91 25
23 91 25
23 91 25
23 91 25
23 91 25
23 92 25
23 92 25
23 92 25
23 92 25
23 92 25
23 92 25
23 92 25
23 92 25
23 92 25
23 92 25
23 92 25
23 92 25
23 92 25
23 92 25
23 92 25
23 92 25
23 92 25
23 92 25
23 92 25
23 92 25
23 92 25
23 92 25
23 92 25
23 92 25
23 92 25
23 92 25
23 93 25
23 93 25
23 93 25
23 93 25
23 93 25
23 93 25
23 93 25
23 93 25
23 93 25
23 93 25
23 93 25
23 93 25
23 93 25
23 93 25
23 93 25
23 93 25
23 93 25
23 93 25
23 93 25
23 93 25
23 94 25
23 94 25
23 94 25
23 94 25
23 94 25
23 94 25
23 94 25
23 94 25
23 94 25
23 94 25
23 94 25
23 94 25
23 94 25
23 94 25
23 94 25
23 95 25
23 95 25
23 95 25
23 95 25
23 95 25
23 95 25
23 95 25
23 95 25
23 95 25
23 95 25
23 95 25
23 95 25
23 96 25
23 96 25
23 96 25
23 96 25
23 96 25
23 96 25
23 96 25
23 96 25
23 96 25
23 97 25
23 97 25
23 97 25
23 97 25
23 97 25
23 97 25
23 97 25
23 98 25
23 98 25
23 98 25
23 98 25
23 98 25
23 98 25
23 99 25
23 99 25
23 99 25
23 99 25
23 99 25
23 100 25
23 100 25
23 100 25
23 100 25
23 100 25
23 101 25
23 101 25
23 101 25
23 101 25
23 101 25
23 102 25
23 102 25
23 102 25
23 102 25
23 102 25
23 103 25
23 103 25
23 103 25
23 103 25
23 103 25
23 104 25
23 104 25
23 104 25
23 104 25
23 104 25
23 105 25
23 105 25
23 105 25
23 105 25
23 106 25
23 106 25
23 106 25
23 107 25
23 107 25
23 107 25
23 108 25
23 108 25
23 109 25
23 109 25
23 110 25
23 111 25
23 112 25
23 113 25
23 114 25
23 115 25
23 116 25
23 117 25
23 118 25
23 119 25
23 120 25
23 121 25
23 122 25
23 123 25
23 124 25
23 125 25
23 126 25
23 126 25
23 127 25
23 127 25
23 127 25
23 128 25
23 128 25
23 128 25
23 128 25
23 128 25
23 129 25
23 129 25
23 129 25
23 129 25
23 129 25
23 129 25
23 129 25
23 129 25
23 129 25
23 130 25
23 130 25
23 130 25
23 130 25
23 130 25
23 130 25
23 130 25
23 130 25
23 130 25
23 130 25
23 130 25
23 130 25
23 130 25
23 130 25
23 130 25
23 131 25
23 131 25
23 131 25
23 131 25
23 131 25
23 131 25
23 131 25
23 131 25
23 131 25
23 131 25
23 131 25
23 131 25
23 131 25
23 131 25
23 131 25
23 131 25
23 131 25
23 131 25
23 131 25
23 131 25
23 131 25
23 131 25
23 131 25
23 131 25
23 132 25
23 132 25
23 132 25
23 132 25
23 132 25
23 132 25
23 132 25
23 132 25
23 132 25
23 132 25
23 132 25
23 132 25
23 132 25
23 132 25
23 132 25
23 132 25
23 132 25
23 132 25
23 132 25
23 132 25
23 132 25
23 132 25
23 132 25
23 132 25
23 132 25
23 132 25
23 132 25
23 132 25
23 132 25
23 132 25
23 132 25
23 132 25
23 132 25
23 133 25
23 133 25
23 133 25
23 133 25
23 133 25
23 133 25
23 133 25
23 133 25
23 133 25
23 133 25
23 133 25
23 133 25
23 133 25
23 133 25
23 133 25
23 133 25
23 133 25
23 133 25
23 133 25
23 133 25
23 133 25
23 133 25
23 133 25
23 133 25
23 133 25
23 133 25
23 133 25
23 133 25
23 133 25
23 133 25
23 133 25
23 133 25
23 133 25
23 133 25
23 133 25
23 133 25
23 133 25
23 133 25
23 133 25
23 133 25
23 133 25
23 133 25
23 134 25
23 134 25
23 134 25
23 134 25
23 134 25
23 134 25
23 134 25
23 134 25
23 134 25
23 134 25
23 134 25
23 134 25
23 134 25
23 134 25
23 134 25
23 134 25
23 134 25
23 134 25
23 134 25
23 134 25
23 134 25
23 134 25
23 134 25
23 134 25
23 134 25
23 134 25
23 134 25
23 134 25
23 134 25
23 134 25
23 134 25
23 134 25
23 134 25
23 134 25
23 134 25
23 134 25
23 134 25
23 134 25
23 134 25
23 134 25
23 134 25
23 134 25
23 134 25
23 134 25
23 134 25
23 134 25
23 134 25
23 134 25
23 134 25
23 134 25
23 135 25
23 135 25
23 135 25
23 135 25
23 135 25
23 135 25
23 135 25
23 135 25
23 135 25
23 135 25
23 135 25
23 135 25
23 135 25
23 135 25
23 135 25
23 135 25
23 135 25
23 135 25
23 135 25
23 135 25
23 135 25
23 135 25
23 135 25
23 135 25
23 135 25
23 135 25
23 135 25
23 135 25
23 135 25
23 135 25
23 135 25
23 135 25
23 135 25
23 135 25
23 135 25
23 135 25
23 135 25
23 135 25
23 135 25
23 135 25
23 135 25
23 135 25
23 135 25
23 135 25
23 135 25
23 135 25
23 135 25
23 135 25
23 135 25
23 135 25
23 135 25
23 135 25
23 135 25
23 135 25
23 135 25
23 136 25
23 136 25
23 136 25
23 136 25
23 136 25
23 136 25
23 136 25
23 136 25
23 136 25
23 136 25
23 136 25
23 136 25
23 136 25
23 136 25
23 136 25
23 136 25
23 136 25
23 136 25
23 136 25
23 136 25
23 136 25
23 136 25
23 136 25
23 136 25
23 136 25
23 136 25
23 136 25
23 136 25
23 136 25
23 136 25
23 136 25
23 136 25
23 136 25
23 136 25
23 136 25
23 136 25
23 136 25
23 136 25
23 136 25
23 136 25
23 136 25
23 136 25
23 136 25
23 136 25
23 136 25
23 136 25
23 136 25
23 136 25
23 136 25
23 136 25
23 136 25
23 136 25
23 136 25
23 136 25
23 136 25
23 136 25
23 136 25
23 137 25
23 137 25
23 137 25
23 137 25
23 137 25
23 137 25
23 137 25
23 137 25
23 137 25
23 137 25
23 137 25
23 137 25
23 137 25
23 137 25
23 137 25
23 137 25
23 137 25
23 137 25
23 137 25
23 137 25
23 137 25
23 137 25
23 137 25
23 137 25
23 137 25
23 137 25
23 137 25
23 137 25
23 137 25
23 137 25
23 137 25
23 137 25
23 137 25
23 137 25
23 137 25
23 137 25
23 137 25
23 137 25
23 137 25
23 137 25
23 137 25
23 137 25
23 137 25
23 137 25
23 137 25
23 137 25
23 137 25
23 137 25
23 137 25
23 137 25
23 137 25
23 137 25
23 137 25
23 137 25
23 137 25
23 137 25
23 137 25
23 138 25
23 138 25
23 138 25
23 138 25
23 138 25
23 138 25
23 138 25
23 138 25
23 138 25
23 138 25
23 138 25
23 138 25
23 138 25
23 138 25
23 138 25
23 138 25
23 138 25
23 138 25
23 138 25
23 138 25
23 138 25
23 138 25
23 138 25
23 138 25
23 138 25
23 138 25
23 138 25
23 138 25
23 138 25
23 138 25
23 138 25
23 138 25
23 138 25
23 138 25
23 138 25
23 138 25
23 138 25
23 138 25
23 138 25
23 138 25
23 138 25
23 138 25
23 138 25
23 138 25
23 138 25
23 138 25
23 138 25
23 138 25
23 138 25
23 138 25
23 138 25
23 138 25
23 138 25
23 138 25
23 139 25
23 139 25
23 139 25
23 139 25
23 139 25
23 139 25
23 139 25
23 139 25
23 139 25
23 139 25
23 139 25
23 139 25
23 139 25
23 139 25
23 139 25
23 139 25
23 139 25
23 139 25
23 139 25
23 139 25
23 139 25
23 139 25
23 139 25
23 139 25
23 139 25
23 139 25
23 139 25
23 139 25
23 139 25
23 139 25
23 139 25
23 139 25
23 139 25
23 139 25
23 139 25
23 139 25
23 139 25
23 139 25
23 139 25
23 139 25
23 139 25
23 139 25
23 139 25
23 139 25
23 139 25
23 139 25
23 139 25
23 139 25
23 139 25
23 139 25
23 139 25
23 140 25
23 140 25
23 140 25
23 140 25
23 140 25
23 140 25
23 140 25
23 140 25
23 140 25
23 140 25
23 140 25
23 140 25
23 140 25
23 140 25
23 140 25
23 140 25
23 140 25
23 140 25
23 140 25
23 140 25
23 140 25
23 140 25
23 140 25
23 140 25
23 140 25
23 140 25
23 140 25
23 140 25
23 140 25
23 140 25
23 140 25
23 140 25
23 140 25
23 140 25
23 140 25
23 140 25
23 140 25
23 140 25
23 140 25
23 140 25
23 140 25
23 140 25
23 140 25
23 140 25
23 140 25
23 140 25
23 141 25
23 141 25
23 141 25
23 141 25
23 141 25
23 141 25
23 141 25
23 141 25
23 141 25
23 141 25
23 141 25
23 141 25
23 141 25
23 141 25
23 141 25
23 141 25
23 141 25
23 141 25
23 141 25
23 141 25
23 141 25
23 141 25
23 141 25
23 141 25
23 141 25
23 141 25
23 141 25
23 141 25
23 141 25
23 141 25
23 141 25
23 141 25
23 141 25
23 141 25
23 141 25
23 141 25
23 141 25
23 141 25
23 141 25
23 141 25
23 141 25
23 142 25
23 142 25
23 142 25
23 142 25
23 142 25
23 142 25
23 142 25
23 142 25
23 142 25
23 142 25
23 142 25
23 142 25
23 142 25
23 142 25
23 142 25
23 142 25
23 142 25
23 142 25
23 142 25
23 142 25
23 142 25
23 142 25
23 142 25
23 142 25
23 142 25
23 142 25
23 142 25
23 142 25
23 142 25
23 142 25
23 142 25
23 142 25
23 142 25
23 142 25
23 142 25
23 142 25
23 143 25
23 143 25
23 143 25
23 143 25
23 143 25
23 143 25
23 143 25
23 143 25
23 143 25
23 143 25
23 143 25
23 143 25
23 143 25
23 143 25
23 143 25
23 143 25
23 143 25
23 143 25
23 143 25
23 143 25
23 143 25
23 143 25
23 143 25
23 143 25
23 143 25
23 143 25
23 143 25
23 143 25
23 143 25
23 143 25
23 143 25
23 143 25
23 144 25
23 144 25
23 144 25
23 144 25
23 144 25
23 144 25
23 144 25
23 144 25
23 144 25
23 144 25
23 144 25
23 144 25
23 144 25
23 144 25
23 144 25
23 144 25
23 144 25
23 144 25
23 144 25
23 144 25
23 144 25
23 144 25
23 144 25
23 144 25
23 144 25
23 144 25
23 144 25
23 144 25
23 144 25
23 145 25
23 145 25
23 145 25
23 145 25
23 145 25
23 145 25
23 145 25
23 145 25
23 145 25
23 145 25
23 145 25
23 145 25
23 145 25
23 145 25
23 145 25
23 145 25
23 145 25
23 145 25
23 145 25
23 145 25
23 145 25
23 145 25
23 145 25
23 145 25
23 145 25
23 145 25
23 146 25
23 146 25
23 146 25
23 146 25
23 146 25
23 146 25
23 146 25
23 146 25
23 146 25
23 146 25
23 146 25
23 146 25
23 146 25
23 146 25
23 146 25
23 146 25
23 146 25
23 146 25
23 146 25
23 146 25
23 146 25
23 146 25
23 146 25
23 147 25
23 147 25
23 147 25
23 147 25
23 147 25
23 147 25
23 147 25
23 147 25
23 147 25
23 147 25
23 147 25
23 147 25
23 147 25
23 147 25
23 147 25
23 147 25
23 147 25
23 147 25
23 147 25
23 147 25
23 148 25
23 148 25
23 148 25
23 148 25
23 148 25
23 148 25
23 148 25
23 148 25
23 148 25
23 148 25
23 148 25
23 148 25
23 148 25
23 148 25
23 148 25
23 148 25
23 148 25
23 149 25
23 149 25
23 149 25
23 149 25
23 149 25
23 149 25
23 149 25
23 149 25
23 149 25
23 149 25
23 149 25
23 149 25
23 149 25
23 149 25
23 150 25
23 150 25
23 150 25
23 150 25
23 150 25
23 150 25
23 150 25
23 150 25
23 150 25
23 150 25
23 150 25
23 151 25
23 151 25
23 151 25
23 151 25
23 151 25
23 151 25
23 151 25
23 151 25
23 151 25
23 152 25
23 152 25
23 152 25
23 152 25
23 152 25
23 152 25
23 152 25
24 56 150
25 56 25
25 56 25
25 56 25
25 56 25
26 56 25
26 56 25
26 56 25
26 56 25
26 56 25
26 56 25
26 56 25
26 56 25
27 56 25
27 56 25
27 56 25
27 56 25
27 56 25
27 56 25
27 56 25
27 56 25
27 56 25
27 56 25
27 56 25
27 56 25
27 56 25
28 56 25
28 56 25
28 56 25
28 56 25
28 56 25
28 56 25
28 56 25
28 56 25
28 56 25
28 56 25
28 56 25
28 56 25
28 56 25
28 56 25
28 56 25
28 56 25
28 56 25
28 56 25
29 56 25
29 56 25
29 56 25
29 56 25
29 56 25
29 56 25
29 56 25
29 56 25
29 56 25
29 56 25
29 56 25
29 56 25
29 56 25
29 56 25
29 56 25
29 56 25
29 56 25
29 56 25
29 56 25
29 56 25
29 56 25
29 56 25
29 56 25
29 56 25
29 56 25
30 56 25
30 56 25
30 56 25
30 56 25
30 56 25
30 56 25
30 56 25
30 56 25
30 56 25
30 56 25
30 56 25
30 56 25
30 56 25
30 56 25
30 56 25
30 56 25
30 56 25
30 56 25
30 56 25
30 56 25
30 56 25
30 56 25
30 56 25
30 56 25
30 56 25
30 56 25
30 56 25
30 56 25
30 56 25
30 56 25
31 56 25
31 56 25
31 56 25
31 56 25
31 56 25
31 56 25
31 56 25
31 56 25
31 56 25
31 56 25
31 56 25
31 56 25
31 56 25
31 56 25
31 56 25
31 56 25
31 56 25
31 56 25
31 56 25
31 56 25
31 56 25
31 56 25
31 56 25
31 56 25
31 56 25
31 56 25
31 56 25
31 56 25
31 56 25
31 56 25
31 56 25
31 56 25
31 56 25
31 56 25
31 56 25
31 56 25
32 56 25
32 56 25
32 56 25
32 56 25
32 56 25
32 56 25
32 56 25
32 56 25
32 56 25
32 56 25
32 56 25
32 56 25
32 56 25
32 56 25
32 56 25
32 56 25
32 56 25
32 56 25
32 56 25
32 56 25
32 56 25
32 56 25
32 56 25
32 56 25
32 56 25
32 56 25
32 56 25
32 56 25
32 56 25
32 56 25
32 56 25
32 56 25
32 56 25
32 56 25
32 56 25
32 56 25
32 56 25
32 56 25
32 56 25
32 56 25
33 56 25
33 56 25
33 56 25
33 56 25
33 56 25
33 56 25
33 56 25
33 56 25
33 56 25
33 56 25
33 56 25
33 56 25
33 56 25
33 56 25
33 56 25
33 56 25
33 56 25
33 56 25
33 56 25
33 56 25
33 56 25
33 56 25
33 56 25
33 56 25
33 56 25
33 56 25
33 56 25
33 56 25
33 56 25
33 56 25
33 56 25
33 56 25
33 56 25
33 56 25
33 56 25
33 56 25
33 56 25
33 56 25
33 56 25
33 56 25
33 56 25
33 56 25
33 56 25
33 56 25
34 56 25
34 56 25
34 56 25
34 56 25
34 56 25
34 56 25
34 56 25
34 56 25
34 56 25
34 56 25
34 56 25
34 56 25
34 56 25
34 56 25
34 56 25
34 56 25
34 56 25
34 56 25
34 56 25
34 56 25
34 56 25
34 56 25
34 56 25
34 56 25
34 56 25
34 56 25
34 56 25
34 56 25
34 56 25
34 56 25
34 56 25
34 56 25
34 56 25
34 56 25
34 56 25
34 56 25
34 56 25
34 56 25
34 56 25
34 56 25
34 56 25
34 56 25
34 56 25
34 56 25
34 56 25
34 56 25
35 56 25
35 56 25
35 56 25
35 56 25
35 56 25
35 56 25
35 56 25
35 56 25
35 56 25
35 56 25
35 56 25
35 56 25
35 56 25
35 56 25
35 56 25
35 56 25
35 56 25
35 56 25
35 56 25
35 56 25
35 56 25
35 56 25
35 56 25
35 56 25
35 56 25
35 56 25
35 56 25
35 56 25
35 56 25
35 56 25
35 56 25
35 56 25
35 56 25
35 56 25
35 56 25
35 56 25
35 56 25
35 56 25
35 56 25
35 56 25
35 56 25
35 56 25
35 56 25
35 56 25
35 56 25
35 56 25
35 56 25
36 56 25
36 56 25
36 56 25
36 56 25
36 56 25
36 56 25
36 56 25
36 56 25
36 56 25
36 56 25
36 56 25
36 56 25
36 56 25
36 56 25
36 56 25
36 56 25
36 56 25
36 56 25
36 56 25
36 56 25
36 56 25
36 56 25
36 56 25
36 56 25
36 56 25
36 56 25
36 56 25
36 56 25
36 56 25
36 56 25
36 56 25
36 56 25
36 56 25
36 56 25
36 56 25
36 56 25
36 56 25
36 56 25
36 56 25
36 56 25
36 56 25
36 56 25
36 56 25
36 56 25
36 56 25
36 56 25
36 56 25
36 56 25
37 56 25
37 56 25
37 56 25
37 56 25
37 56 25
37 56 25
37 56 25
37 56 25
37 56 25
37 56 25
37 56 25
37 56 25
37 56 25
37 56 25
37 56 25
37 56 25
37 56 25
37 56 25
37 56 25
37 56 25
37 56 25
37 56 25
37 56 25
37 56 25
37 56 25
37 56 25
37 56 25
37 56 25
37 56 25
37 56 25
37 56 25
37 56 25
37 56 25
37 56 25
37 56 25
37 56 25
37 56 25
37 56 25
37 56 25
37 56 25
37 56 25
37 56 25
37 56 25
37 56 25
37 56 25
37 56 25
37 56 25
38 56 25
38 56 25
38 56 25
38 56 25
38 56 25
38 56 25
38 56 25
38 56 25
38 56 25
38 56 25
38 56 25
38 56 25
38 56 25
38 56 25
38 56 25
38 56 25
38 56 25
38 56 25
38 56 25
38 56 25
38 56 25
38 56 25
38 56 25
38 56 25
38 56 25
38 56 25
38 56 25
38 56 25
38 56 25
38 56 25
38 56 25
38 56 25
38 56 25
38 56 25
38 56 25
38 56 25
38 56 25
38 56 25
38 56 25
38 56 25
38 56 25
38 56 25
38 56 25
38 56 25
38 56 25
39 56 25
39 56 25
39 56 25
39 56 25
39 56 25
39 56 25
39 56 25
39 56 25
39 56 25
39 56 25
39 56 25
39 56 25
39 56 25
39 56 25
39 56 25
39 56 25
39 56 25
39 56 25
39 56 25
39 56 25
39 56 25
39 56 25
39 56 25
39 56 25
39 56 25
39 56 25
39 56 25
39 56 25
39 56 25
39 56 25
39 56 25
39 56 25
39 56 25
39 56 25
39 56 25
39 56 25
39 56 25
39 56 25
39 56 25
39 56 25
39 56 25
39 56 25
40 56 25
40 56 25
40 56 25
40 56 25
40 56 25
40 56 25
40 56 25
40 56 25
40 56 25
40 56 25
40 56 25
40 56 25
40 56 25
40 56 25
40 56 25
40 56 25
40 56 25
40 56 25
40 56 25
40 56 25
40 56 25
40 56 25
40 56 25
40 56 25
40 56 25
40 56 25
40 56 25
40 56 25
40 56 25
40 56 25
40 56 25
40 56 25
40 56 25
40 56 25
40 56 25
40 56 25
40 56 25
40 56 25
40 56 25
41 56 25
41 56 25
41 56 25
41 56 25
41 56 25
41 56 25
41 56 25
41 56 25
41 56 25
41 56 25
41 56 25
41 56 25
41 56 25
41 56 25
41 56 25
41 56 25
41 56 25
41 56 25
41 56 25
41 56 25
41 56 25
41 56 25
41 56 25
41 56 25
41 56 25
41 56 25
41 56 25
41 56 25
41 56 25
41 56 25
41 56 25
41 56 25
41 56 25
41 56 25
41 56 25
42 56 25
42 56 25
42 56 25
42 56 25
42 56 25
42 56 25
42 56 25
42 56 25
42 56 25
42 56 25
42 56 25
42 56 25
42 56 25
42 56 25
42 56 25
42 56 25
42 56 25
42 56 25
42 56 25
42 56 25
42 56 25
42 56 25
42 56 25
42 56 25
42 56 25
42 56 25
42 56 25
42 56 25
42 56 25
42 56 25
43 56 25
43 56 25
43 56 25
43 56 25
43 56 25
43 56 25
43 56 25
43 56 25
43 56 25
43 56 25
43 56 25
43 56 25
43 56 25
43 56 25
43 56 25
43 56 25
43 56 25
43 56 25
43 56 25
43 56 25
43 56 25
43 56 25
43 56 25
43 56 25
43 56 25
43 57 600
43 57 25
43 57 25
43 57 25
43 57 25
43 57 25
43 57 25
43 58 25
43 58 25
43 58 25
43 58 25
43 58 25
43 58 25
43 58 25
43 58 25
43 58 25
43 58 25
43 58 25
43 58 25
43 58 25
43 58 25
43 58 25
43 58 25
43 58 25
43 58 25
43 58 25
43 58 25
43 58 25
43 58 25
43 58 25
43 58 25
43 58 25
43 58 25
43 58 25
43 58 25
43 58 25
43 58 25
43 58 25
43 58 25
43 58 25
43 58 25
43 58 25
43 58 25
43 58 25
43 59 25
43 59 25
43 59 25
43 59 25
43 59 25
43 59 25
43 59 25
43 59 25
43 59 25
43 59 25
43 59 25
43 59 25
43 59 25
43 59 25
43 59 25
43 59 25
43 59 25
43 59 25
43 59 25
43 59 25
43 59 25
43 59 25
43 59 25
43 59 25
43 59 25
43 59 25
43 59 25
43 59 25
43 59 25
43 59 25
43 59 25
43 59 25
43 59 25
43 59 25
43 59 25
43 59 25
43 59 25
43 59 25
43 59 25
43 59 25
43 59 25
43 59 25
43 59 25
43 59 25
43 59 25
43 59 25
43 60 25
43 60 25
43 60 25
43 60 25
43 60 25
43 60 25
43 60 25
43 60 25
43 60 25
43 60 25
43 60 25
43 60 25
43 60 25
43 60 25
43 60 25
43 60 25
43 60 25
43 60 25
43 60 25
43 60 25
43 60 25
43 60 25
43 60 25
43 60 25
43 60 25
43 60 25
43 60 25
43 60 25
43 60 25
43 60 25
43 60 25
43 60 25
43 60 25
43 60 25
43 60 25
43 60 25
43 60 25
43 60 25
43 60 25
43 60 25
43 60 25
43 60 25
43 60 25
43 60 25
43 60 25
43 60 25
43 60 25
43 60 25
43 60 25
43 60 25
43 60 25
43 60 25
43 60 25
43 60 25
43 60 25
43 60 25
43 60 25
43 61 25
43 61 25
43 61 25
43 61 25
43 61 25
43 61 25
43 61 25
43 61 25
43 61 25
43 61 25
43 61 25
43 61 25
43 61 25
43 61 25
43 61 25
43 61 25
43 61 25
43 61 25
43 61 25
43 61 25
43 61 25
43 61 25
43 61 25
43 61 25
43 61 25
43 61 25
43 61 25
43 61 25
43 61 25
43 61 25
43 61 25
43 61 25
43 61 25
43 61 25
43 61 25
43 61 25
43 61 25
43 61 25
43 61 25
43 61 25
43 61 25
43 61 25
43 61 25
43 61 25
43 61 25
43 61 25
43 61 25
43 61 25
43 61 25
43 61 25
43 61 25
43 61 25
43 61 25
43 61 25
43 61 25
43 61 25
43 61 25
43 61 25
43 61 25
43 61 25
43 61 25
43 61 25
43 61 25
43 61 25
43 61 25
43 61 25
43 61 25
43 61 25
43 61 25
43 62 25
43 62 25
43 62 25
43 62 25
43 62 25
43 62 25
43 62 25
43 62 25
43 62 25
43 62 25
43 62 25
43 62 25
43 62 25
43 62 25
43 62 25
43 62 25
43 62 25
43 62 25
43 62 25
43 62 25
43 62 25
43 62 25
43 62 25
43 62 25
43 62 25
43 62 25
43 62 25
43 62 25
43 62 25
43 62 25
43 62 25
43 62 25
43 62 25
43 62 25
43 62 25
43 62 25
43 62 25
43 62 25
43 62 25
43 62 25
43 62 25
43 62 25
43 62 25
43 62 25
43 62 25
43 62 25
43 62 25
43 62 25
43 62 25
43 62 25
43 62 25
43 62 25
43 62 25
43 62 25
43 62 25
43 62 25
43 62 25
43 62 25
43 62 25
43 62 25
43 62 25
43 62 25
43 62 25
43 62 25
43 62 25
43 62 25
43 62 25
43 62 25
43 62 25
43 62 25
43 62 25
43 62 25
43 62 25
43 62 25
43 62 25
43 62 25
43 62 25
43 62 25
43 62 25
43 62 25
43 62 25
43 63 25
43 63 25
43 63 25
43 63 25
43 63 25
43 63 25
43 63 25
43 63 25
43 63 25
43 63 25
43 63 25
43 63 25
43 63 25
43 63 25
43 63 25
43 63 25
43 63 25
43 63 25
43 63 25
43 63 25
43 63 25
43 63 25
43 63 25
43 63 25
43 63 25
43 63 25
43 63 25
43 63 25
43 63 25
43 63 25
43 63 25
43 63 25
43 63 25
43 63 25
43 63 25
43 63 25
43 63 25
43 63 25
43 63 25
43 63 25
43 63 25
43 63 25
43 63 25
43 63 25
43 63 25
43 63 25
43 63 25
43 63 25
43 63 25
43 63 25
43 63 25
43 63 25
43 63 25
43 63 25
43 63 25
43 63 25
43 63 25
43 63 25
43 63 25
43 63 25
43 63 25
43 63 25
43 63 25
43 63 25
43 63 25
43 63 25
43 63 25
43 63 25
43 63 25
43 63 25
43 63 25
43 63 25
43 63 25
43 63 25
43 63 25
43 63 25
43 63 25
43 63 25
43 63 25
43 63 25
43 63 25
43 63 25
43 63 25
43 63 25
43 63 25
43 63 25
43 63 25
43 63 25
43 63 25
43 63 25
43 63 25
43 63 25
43 64 25
43 64 25
43 64 25
43 64 25
43 64 25
43 64 25
43 64 25
43 64 25
43 64 25
43 64 25
43 64 25
43 64 25
43 64 25
43 64 25
43 64 25
43 64 25
43 64 25
43 64 25
43 64 25
43 64 25
43 64 25
43 64 25
43 64 25
43 64 25
43 64 25
43 64 25
43 64 25
43 64 25
43 64 25
43 64 25
43 64 25
43 64 25
43 64 25
43 64 25
43 64 25
43 64 25
43 64 25
43 64 25
43 64 25
43 64 25
43 64 25
43 64 25
43 64 25
43 64 25
43 64 25
43 64 25
43 64 25
43 64 25
43 64 25
43 64 25
43 64 25
43 64 25
43 64 25
43 64 25
43 64 25
43 64 25
43 64 25
43 64 25
43 64 25
43 64 25
43 64 25
43 64 25
43 64 25
43 64 25
43 64 25
43 64 25
43 64 25
43 64 25
43 64 25
43 64 25
43 64 25
43 64 25
43 64 25
43 64 25
43 64 25
43 64 25
43 64 25
43 64 25
43 64 25
43 64 25
43 64 25
43 64 25
43 64 25
43 64 25
43 64 25
43 64 25
43 64 25
43 64 25
43 64 25
43 64 25
43 64 25
43 64 25
43 64 25
43 64 25
43 64 25
43 64 25
43 64 25
43 64 25
43 64 25
43 64 25
43 64 25
43 64 25
43 64 25
43 65 25
43 65 25
43 65 25
43 65 25
43 65 25
43 65 25
43 65 25
43 65 25
43 65 25
43 65 25
43 65 25
43 65 25
43 65 25
43 65 25
43 65 25
43 65 25
43 65 25
43 65 25
43 65 25
43 65 25
43 65 25
43 65 25
43 65 25
43 65 25
43 65 25
43 65 25
43 65 25
43 65 25
43 65 25
43 65 25
43 65 25
43 65 25
43 65 25
43 65 25
43 65 25
43 65 25
43 65 25
43 65 25
43 65 25
43 65 25
43 65 25
43 65 25
43 65 25
43 65 25
43 65 25
43 65 25
43 65 25
43 65 25
43 65 25
43 65 25
43 65 25
43 65 25
43 65 25
43 65 25
43 65 25
43 65 25
43 65 25
43 65 25
43 65 25
43 65 25
43 65 25
43 65 25
43 65 25
43 65 25
43 65 25
43 65 25
43 65 25
43 65 25
43 65 25
43 65 25
43 65 25
43 65 25
43 65 25
43 65 25
43 65 25
43 65 25
43 65 25
43 65 25
43 65 25
43 65 25
43 65 25
43 65 25
43 65 25
43 65 25
43 65 25
43 65 25
43 65 25
43 65 25
43 65 25
43 65 25
43 65 25
43 65 25
43 65 25
43 65 25
43 65 25
43 65 25
43 65 25
43 65 25
43 65 25
43 65 25
43 65 25
43 65 25
43 65 25
43 65 25
43 65 25
43 65 25
43 65 25
43 65 25
43 65 25
43 65 25
43 66 25
43 66 25
43 66 25
43 66 25
43 66 25
43 66 25
43 66 25
43 66 25
43 66 25
43 66 25
43 66 25
43 66 25
43 66 25
43 66 25
43 66 25
43 66 25
43 66 25
43 66 25
43 66 25
43 66 25
43 66 25
43 66 25
43 66 25
43 66 25
43 66 25
43 66 25
43 66 25
43 66 25
43 66 25
43 66 25
43 66 25
43 66 25
43 66 25
43 66 25
43 66 25
43 66 25
43 66 25
43 66 25
43 66 25
43 66 25
43 66 25
43 66 25
43 66 25
43 66 25
43 66 25
43 66 25
43 66 25
43 66 25
43 66 25
43 66 25
43 66 25
43 66 25
43 66 25
43 66 25
43 66 25
43 66 25
43 66 25
43 66 25
43 66 25
43 66 25
43 66 25
43 66 25
43 66 25
43 66 25
43 66 25
43 66 25
43 66 25
43 66 25
43 66 25
43 66 25
43 66 25
43 66 25
43 66 25
43 66 25
43 66 25
43 66 25
43 66 25
43 66 25
43 66 25
43 66 25
43 66 25
43 66 25
43 66 25
43 66 25
43 66 25
43 66 25
43 66 25
43 66 25
43 66 25
43 66 25
43 66 25
43 66 25
43 66 25
43 66 25
43 66 25
43 66 25
43 66 25
43 66 25
43 66 25
43 66 25
43 66 25
43 66 25
43 66 25
43 66 25
43 66 25
43 66 25
43 66 25
43 66 25
43 66 25
43 66 25
43 66 25
43 66 25
43 66 25
43 66 25
43 66 25
43 67 25
43 67 25
43 67 25
43 67 25
43 67 25
43 67 25
43 67 25
43 67 25
43 67 25
43 67 25
43 67 25
43 67 25
43 67 25
43 67 25
43 67 25
43 67 25
43 67 25
43 67 25
43 67 25
43 67 25
43 67 25
43 67 25
43 67 25
43 67 25
43 67 25
43 67 25
43 67 25
43 67 25
43 67 25
43 67 25
43 67 25
43 67 25
43 67 25
43 67 25
43 67 25
43 67 25
43 67 25
43 67 25
43 67 25
43 67 25
43 67 25
43 67 25
43 67 25
43 67 25
43 67 25
43 67 25
43 67 25
43 67 25
43 67 25
43 67 25
43 67 25
43 67 25
43 67 25
43 67 25
43 67 25
43 67 25
43 67 25
43 67 25
43 67 25
43 67 25
43 67 25
43 67 25
43 67 25
43 67 25
43 67 25
43 67 25
43 67 25
43 67 25
43 67 25
43 67 25
43 67 25
43 67 25
43 67 25
43 67 25
43 67 25
43 67 25
43 67 25
43 67 25
43 67 25
43 67 25
43 67 25
43 67 25
43 67 25
43 67 25
43 67 25
43 67 25
43 67 25
43 67 25
43 67 25
43 67 25
43 67 25
43 67 25
43 67 25
43 67 25
43 67 25
43 67 25
43 67 25
43 67 25
43 67 25
43 67 25
43 67 25
43 67 25
43 67 25
43 67 25
43 67 25
43 67 25
43 67 25
43 67 25
43 67 25
43 67 25
43 67 25
43 67 25
43 67 25
43 67 25
43 67 25
43 68 25
43 68 25
43 68 25
43 68 25
43 68 25
43 68 25
43 68 25
43 68 25
43 68 25
43 68 25
43 68 25
43 68 25
43 68 25
43 68 25
43 68 25
43 68 25
43 68 25
43 68 25
43 68 25
43 68 25
43 68 25
43 68 25
43 68 25
43 68 25
43 68 25
43 68 25
43 68 25
43 68 25
43 68 25
43 68 25
43 68 25
43 68 25
43 68 25
43 68 25
43 68 25
43 68 25
43 68 25
43 68 25
43 68 25
43 68 25
43 68 25
43 68 25
43 68 25
43 68 25
43 68 25
43 68 25
43 68 25
43 68 25
43 68 25
43 68 25
43 68 25
43 68 25
43 68 25
43 68 25
43 68 25
43 68 25
43 68 25
43 68 25
43 68 25
43 68 25
43 68 25
43 68 25
43 68 25
43 68 25
43 68 25
43 68 25
43 68 25
43 68 25
43 68 25
43 68 25
43 68 25
43 68 25
43 68 25
43 68 25
43 68 25
43 68 25
43 68 25
43 68 25
43 68 25
43 68 25
43 68 25
43 68 25
43 68 25
43 68 25
43 68 25
43 68 25
43 68 25
43 68 25
43 68 25
43 68 25
43 68 25
43 68 25
43 68 25
43 68 25
43 68 25
43 68 25
43 68 25
43 68 25
43 68 25
43 68 25
43 68 25
43 68 25
43 68 25
43 68 25
43 68 25
43 68 25
43 68 25
43 68 25
43 68 25
43 68 25
43 69 25
43 69 25
43 69 25
43 69 25
43 69 25
43 69 25
43 69 25
43 69 25
43 69 25
43 69 25
43 69 25
43 69 25
43 69 25
43 69 25
43 69 25
43 69 25
43 69 25
43 69 25
43 69 25
43 69 25
43 69 25
43 69 25
43 69 25
43 69 25
43 69 25
43 69 25
43 69 25
43 69 25
43 69 25
43 69 25
43 69 25
43 69 25
43 69 25
43 69 25
43 69 25
43 69 25
43 69 25
43 69 25
43 69 25
43 69 25
43 69 25
43 69 25
43 69 25
43 69 25
43 69 25
43 69 25
43 69 25
43 69 25
43 69 25
43 69 25
43 69 25
43 69 25
43 69 25
43 69 25
43 69 25
43 69 25
43 69 25
43 69 25
43 69 25
43 69 25
43 69 25
43 69 25
43 69 25
43 69 25
43 69 25
43 69 25
43 69 25
43 69 25
43 69 25
43 69 25
43 69 25
43 69 25
43 69 25
43 69 25
43 69 25
43 69 25
43 69 25
43 69 25
43 69 25
43 69 25
43 69 25
43 69 25
43 69 25
43 69 25
43 69 25
43 69 25
43 69 25
43 69 25
43 69 25
43 69 25
43 69 25
43 69 25
43 69 25
43 69 25
43 69 25
43 69 25
43 69 25
43 69 25
43 69 25
43 69 25
43 70 25
43 70 25
43 70 25
43 70 25
43 70 25
43 70 25
43 70 25
43 70 25
43 70 25
43 70 25
43 70 25
43 70 25
43 70 25
43 70 25
43 70 25
43 70 25
43 70 25
43 70 25
43 70 25
43 70 25
43 70 25
43 70 25
43 70 25
43 70 25
43 70 25
43 70 25
43 70 25
43 70 25
43 70 25
43 70 25
43 70 25
43 70 25
43 70 25
43 70 25
43 70 25
43 70 25
43 70 25
43 70 25
43 70 25
43 70 25
43 70 25
43 70 25
43 70 25
43 70 25
43 70 25
43 70 25
43 70 25
43 70 25
43 70 25
43 70 25
43 70 25
43 70 25
43 70 25
43 70 25
43 70 25
43 70 25
43 70 25
43 70 25
43 70 25
43 70 25
43 70 25
43 70 25
43 70 25
43 70 25
43 70 25
43 70 25
43 70 25
43 70 25
43 70 25
43 70 25
43 70 25
43 70 25
43 70 25
43 70 25
43 70 25
43 70 25
43 70 25
43 70 25
43 70 25
43 70 25
43 70 25
43 70 25
43 70 25
43 70 25
43 70 25
43 70 25
43 71 25
43 71 25
43 71 25
43 71 25
43 71 25
43 71 25
43 71 25
43 71 25
43 71 25
43 71 25
43 71 25
43 71 25
43 71 25
43 71 25
43 71 25
43 71 25
43 71 25
43 71 25
43 71 25
43 71 25
43 71 25
43 71 25
43 71 25
43 71 25
43 71 25
43 71 25
43 71 25
43 71 25
43 71 25
43 71 25
43 71 25
43 71 25
43 71 25
43 71 25
43 71 25
43 71 25
43 71 25
43 71 25
43 71 25
43 71 25
43 71 25
43 71 25
43 71 25
43 71 25
43 71 25
43 71 25
43 71 25
43 71 25
43 71 25
43 71 25
43 71 25
43 71 25
43 71 25
43 71 25
43 71 25
43 71 25
43 71 25
43 71 25
43 71 25
43 71 25
43 71 25
43 71 25
43 71 25
43 71 25
43 71 25
43 71 25
43 71 25
43 71 25
43 71 25
43 72 25
43 72 25
43 72 25
43 72 25
43 72 25
43 72 25
43 72 25
43 72 25
43 72 25
43 72 25
43 72 25
43 72 25
43 72 25
43 72 25
43 72 25
43 72 25
43 72 25
43 72 25
43 72 25
43 72 25
43 72 25
43 72 25
43 72 25
43 72 25
43 72 25
43 72 25
43 72 25
43 72 25
43 72 25
43 72 25
43 72 25
43 72 25
43 72 25
43 72 25
43 72 25
43 72 25
43 72 25
43 72 25
43 72 25
43 72 25
43 72 25
43 72 25
43 72 25
43 72 25
43 72 25
43 72 25
43 72 25
43 72 25
43 72 25
43 72 25
43 72 25
43 72 25
43 73 25
43 73 25
43 73 25
43 73 25
43 73 25
43 73 25
43 73 25
43 73 25
43 73 25
43 73 25
43 73 25
43 73 25
43 73 25
43 73 25
43 73 25
43 73 25
43 73 25
43 73 25
43 73 25
43 73 25
43 73 25
43 73 25
43 73 25
43 73 25
43 73 25
43 73 25
43 73 25
43 73 25
43 73 25
43 73 25
43 73 25
43 73 25
43 73 25
43 73 25
43 73 25
43 74 25
43 74 25
43 74 25
43 74 25
43 74 25
43 74 25
43 74 25
43 74 25
43 74 25
43 74 25
43 74 25
43 74 25
43 74 25
43 74 25
43 74 25
43 74 25
43 74 25
43 74 25
43 74 25
43 74 25
43 74 25
43 74 25
43 75 25
43 75 25
43 75 25
43 75 25
43 75 25
43 75 25
43 75 25
43 75 25
43 75 25
43 75 25
43 75 25
43 75 25
43 75 25
43 76 25
43 76 25
43 76 25
43 76 25
43 76 25
43 76 25
43 76 25
43 76 25
43 77 25
43 77 25
43 77 25
43 77 25
43 77 25
43 78 25
43 78 25
43 78 25
43 79 25
43 79 25
43 80 25
43 80 25
43 81 25
43 82 25
43 83 25
43 84 25
43 85 25
43 86 25
43 87 25
43 88 25
43 89 25
43 90 25
43 91 25
43 92 25
43 93 25
