22 160 120
23 160 120
24 160 120
25 160 120
26 160 120
27 160 120
28 160 120
29 160 120
30 160 120
31 160 120
32 160 120
33 160 120
34 160 120
35 160 120
36 160 120
37 160 120
38 160 120
39 160 120
40 160 120
41 160 120
42 160 120
43 160 120
44 160 120
45 160 120
46 160 120
47 160 120
48 160 120
49 160 120
50 160 120
51 160 120
52 160 120
53 160 120
54 160 120
55 160 120
56 160 120
57 160 120
58 160 120
59 160 120
60 160 120
61 160 120
62 160 120
63 160 120
64 160 120
65 160 120
66 160 120
67 160 120
67 160 120
68 160 120
68 160 120
69 160 120
69 160 120
70 160 120
70 160 120
70 160 120
71 160 240
71 160 120
72 160 240
72 160 120
72 159 240
72 159 120
72 158 240
72 157 240
72 156 240
72 155 120
72 155 120
72 154 120
72 153 120
72 152 120
72 151 120
72 150 120
72 149 120
72 148 120
72 147 120
72 146 120
72 145 120
72 144 120
72 144 120
72 143 120
72 143 120
72 142 120
72 142 120
72 142 120
72 141 240
72 141 120
72 141 120
72 140 360
72 140 120
72 140 120
72 139 480
72 139 120
72 139 120
72 139 120
72 138 720
72 138 120
72 138 120
72 138 120
72 138 120
72 137 1080
72 137 120
72 137 120
72 137 120
72 137 120
72 136 1440
72 136 120
72 136 120
72 136 120
72 136 120
72 135 1800
72 135 120
72 135 120
72 135 120
72 135 120
72 134 2160
72 134 120
72 134 120
72 134 120
72 133 2400
72 133 120
72 133 120
72 133 120
72 132 2640
72 132 120
72 132 120
72 131 2760
72 131 120
72 131 120
72 130 2880
72 130 120
72 130 120
72 129 3000
72 128 3000
72 127 3000
72 126 120
72 126 120
72 126 120
72 126 120
72 126 120
72 126 120
72 126 120
72 126 120
72 126 120
72 126 120
72 126 120
72 126 120
72 126 120
72 126 120
72 126 120
72 126 120
72 126 120
72 126 120
72 126 120
72 126 120
72 126 120
72 126 120
72 126 120
72 125 2640
72 125 120
72 124 2640
72 123 2640
72 122 2640
72 121 120
72 121 120
72 121 120
72 121 120
72 121 120
72 121 120
72 121 120
72 121 120
72 121 120
72 121 120
72 121 120
72 121 120
72 121 120
72 121 120
72 121 120
72 121 120
72 121 120
72 120 1920
72 119 1920
72 118 1920
72 117 120
72 117 120
72 117 120
72 117 120
72 117 120
72 117 120
72 117 120
72 117 120
72 117 120
72 117 120
72 117 120
72 116 1200
72 115 1200
72 114 1200
72 113 120
72 113 120
72 113 120
72 113 120
72 112 360
72 111 360
72 110 360
72 109 120
72 108 120
72 107 120
72 106 120
72 105 120
72 104 120
72 103 120
72 102 120
72 101 120
72 100 120
72 99 120
72 98 120
72 97 120
