180 126 120
179 126 120
178 126 120
177 126 120
176 126 120
175 126 120
174 126 120
173 126 120
172 126 120
172 126 120
171 126 120
171 126 120
170 126 120
170 126 120
169 126 120
169 126 120
168 126 120
168 126 120
167 126 120
167 126 120
167 126 120
166 126 240
166 126 120
165 126 240
165 126 120
165 126 120
164 126 360
164 126 120
164 126 120
163 126 480
163 126 120
163 126 120
163 126 120
162 126 720
162 126 120
162 126 120
161 126 840
161 126 120
160 126 840
160 126 120
159 126 840
159 126 120
158 126 840
157 126 840
156 126 840
155 126 120
155 126 120
155 126 120
154 126 240
153 126 240
152 126 240
151 126 120
150 126 120
149 126 120
148 126 120
147 126 120
146 126 120
145 126 120
144 126 120
143 126 120
142 126 120
141 126 120
140 126 120
139 126 120
138 126 120
137 126 120
136 126 120
135 126 120
135 125 120
135 124 120
135 123 120
135 122 120
135 121 120
135 120 120
135 119 120
135 118 120
161 127 120
161 127 120
161 127 120
161 127 120
161 127 120
161 127 120
161 127 120
161 127 120
161 127 120
161 128 960
161 128 120
161 129 960
161 129 120
161 129 120
161 130 1080
161 130 120
161 130 120
161 130 120
161 131 1320
161 131 120
161 131 120
161 131 120
161 132 1560
161 132 120
161 132 120
161 132 120
161 132 120
161 132 120
161 133 2040
161 133 120
161 133 120
161 133 120
161 133 120
161 134 2400
161 134 120
161 134 120
161 134 120
161 134 120
161 134 120
161 135 2880
161 135 120
161 135 120
161 135 120
161 135 120
161 136 3240
161 136 120
161 136 120
161 136 120
161 136 120
161 137 3600
161 137 120
161 137 120
161 137 120
161 138 3840
161 138 120
161 138 120
161 139 3960
161 139 120
161 139 120
161 140 4080
161 140 120
161 141 4080
161 141 120
161 142 4080
161 142 120
161 143 4080
161 143 120
161 144 4080
161 144 120
161 145 4080
161 145 120
161 145 120
161 146 4200
161 146 120
161 147 4200
161 147 120
161 147 120
161 148 4320
161 148 120
161 148 120
161 149 4440
161 149 120
161 150 4440
161 150 120
161 150 120
161 151 4560
161 151 120
161 152 4560
161 152 120
161 153 4560
161 154 4560
161 155 4560
161 156 120
161 156 120
161 156 120
161 156 120
161 156 120
161 156 120
161 156 120
161 156 120
161 156 120
161 156 120
161 156 120
161 156 120
161 156 120
161 156 120
161 156 120
161 156 120
161 156 120
161 156 120
161 156 120
161 156 120
161 156 120
161 156 120
161 156 120
161 156 120
161 156 120
161 156 120
161 156 120
161 156 120
161 156 120
161 156 120
161 156 120
161 156 120
181 126 3720
182 126 3720
183 126 3720
184 126 120
185 126 120
185 125 120
185 124 120
185 123 120
185 122 120
185 122 120
185 121 120
185 121 120
185 121 120
185 121 120
185 120 360
185 120 120
185 120 120
185 120 120
185 120 120
185 119 720
185 119 120
185 119 120
185 119 120
185 119 120
185 119 120
185 118 1200
185 118 120
185 118 120
185 118 120
185 118 120
185 118 120
185 117 1680
185 117 120
185 117 120
185 117 120
185 117 120
185 117 120
185 116 2160
185 116 120
185 116 120
185 116 120
185 116 120
185 116 120
185 115 2640
185 115 120
185 115 120
185 115 120
185 115 120
185 114 3000
185 114 120
185 114 120
185 114 120
185 114 120
185 113 3360
185 113 120
185 113 120
185 113 120
185 112 3600
185 112 120
185 112 120
185 111 3720
185 111 120
185 111 120
185 110 3840
185 110 120
185 110 120
185 109 3960
185 108 3960
185 107 3960
185 106 120
185 106 120
185 106 120
185 106 120
185 106 120
185 106 120
185 106 120
185 106 120
185 106 120
185 106 120
185 106 120
185 106 120
185 106 120
185 106 120
185 106 120
185 106 120
185 106 120
185 106 120
185 106 120
185 106 120
185 106 120
185 106 120
185 106 120
185 106 120
185 106 120
185 106 120
185 106 120
185 105 3120
185 104 3120
185 103 3120
185 102 120
185 102 120
185 102 120
185 102 120
185 102 120
185 102 120
185 102 120
185 102 120
185 102 120
185 102 120
185 102 120
185 102 120
185 102 120
185 101 1440
185 100 1440
185 99 1440
185 98 120
185 98 120
185 98 120
185 98 120
185 98 120
185 98 120
185 98 120
185 98 120
185 97 840
185 97 120
185 97 120
185 96 960
185 96 120
185 95 960
185 95 120
185 95 120
185 94 1080
185 94 120
185 93 1080
185 93 120
185 92 1080
185 91 1080
185 90 1080
185 89 120
185 89 120
185 89 120
185 89 120
185 89 120
185 89 120
185 88 600
185 87 600
185 86 600
185 85 120
185 85 120
185 85 120
185 84 240
185 83 240
185 82 240
185 81 120
185 80 120
185 79 120
185 78 120
185 77 120
185 76 120
185 75 120
185 74 120
185 73 120
185 72 120
185 71 120
185 70 120
185 69 120
185 68 120
185 67 120
185 66 120
185 65 120
185 64 120
185 63 120
185 62 120
185 61 120
185 60 120
185 59 120
185 58 120
185 57 120
185 56 120
185 55 120
185 54 120
185 53 120
185 52 120
185 51 120
185 50 120
185 49 120
185 48 120
185 47 120
185 46 120
185 45 120
185 44 120
185 43 120
185 42 120
185 41 120
185 40 120
185 39 120
185 38 120
185 37 120
185 36 120
185 35 120
184 35 120
183 35 120
182 35 120
181 35 120
180 35 120
179 35 120
178 35 120
177 35 120
176 35 120
175 35 120
175 35 120
174 35 120
174 35 120
173 35 120
173 35 120
172 35 120
172 35 120
171 35 120
171 35 120
170 35 120
170 35 120
169 35 120
169 35 120
168 35 120
168 35 120
167 35 120
167 35 120
166 35 120
166 35 120
165 35 120
165 35 120
164 35 120
164 35 120
163 35 120
163 35 120
162 35 120
162 35 120
161 35 120
161 35 120
160 35 120
160 35 120
159 35 120
159 35 120
158 35 120
158 35 120
158 35 120
157 35 240
157 35 120
156 35 240
156 35 120
155 35 240
155 35 120
154 35 240
153 35 240
152 35 240
151 35 120
151 35 120
150 35 120
150 35 120
149 35 120
149 35 120
148 35 120
148 35 120
148 35 120
147 35 240
147 35 120
146 35 240
146 35 120
146 35 120
145 35 360
145 35 120
145 35 120
145 34 480
145 34 120
145 33 480
145 33 120
145 32 480
145 32 120
145 31 480
145 30 480
145 29 480
145 28 120
145 28 120
145 27 120
145 27 120
145 26 120
145 26 120
145 25 120
145 25 120
145 24 120
145 24 120
145 23 120
145 23 120
145 22 120
145 22 120
145 21 120
145 21 120
145 20 120
145 20 120
145 19 120
145 19 120
145 18 120
145 17 120
145 16 120
145 15 120
145 14 120
145 13 120
144 13 120
143 13 120
142 13 120
141 13 120
140 13 120
140 13 120
139 13 120
139 13 120
138 13 120
138 13 120
138 13 120
137 13 240
137 13 120
137 13 120
136 13 360
136 13 120
136 13 120
135 13 480
135 13 120
135 13 120
135 13 120
135 13 120
134 13 840
134 13 120
134 13 120
134 13 120
134 13 120
133 13 1200
133 13 120
133 13 120
133 13 120
133 13 120
133 13 120
132 13 1680
132 13 120
132 13 120
132 13 120
132 13 120
131 13 2040
131 13 120
131 13 120
131 13 120
131 13 120
130 13 2400
130 13 120
130 13 120
130 13 120
129 13 2640
129 13 120
129 13 120
128 13 2760
128 13 120
127 13 2760
126 13 2760
125 13 2760
124 13 120
124 13 120
124 13 120
124 13 120
124 13 120
124 13 120
124 13 120
124 13 120
124 13 120
124 13 120
124 13 120
124 13 120
124 13 120
124 13 120
124 13 120
124 13 120
124 13 120
124 13 120
123 13 2040
122 13 2040
121 13 2040
120 13 120
120 13 120
120 13 120
120 13 120
120 13 120
120 13 120
120 13 120
119 13 720
118 13 720
117 13 720
116 13 120
116 13 120
116 13 120
115 13 240
115 13 120
114 13 240
113 13 240
112 13 240
111 13 120
111 13 120
110 13 120
110 13 120
109 13 120
109 13 120
108 13 120
108 13 120
107 13 120
106 13 120
105 13 120
104 13 120
103 13 120
102 13 120
101 13 120
100 13 120
99 13 120
98 13 120
97 13 120
96 13 120
95 13 120
95 13 120
94 13 120
94 13 120
93 13 120
93 13 120
93 13 120
93 13 120
92 13 360
92 13 120
92 13 120
91 13 480
91 13 120
91 13 120
91 13 120
91 14 720
91 14 120
91 15 720
91 15 120
91 16 720
91 16 120
91 17 720
91 17 120
91 18 720
91 19 720
91 20 720
91 21 120
91 21 120
91 22 120
91 22 120
91 23 120
91 24 120
91 25 120
91 26 120
91 27 120
91 28 120
91 29 120
91 30 120
91 31 120
91 32 120
91 33 120
91 34 120
91 35 120
91 36 120
91 37 120
91 38 120
91 39 120
91 40 120
91 41 120
91 42 120
90 42 120
89 42 120
88 42 120
87 42 120
86 42 120
85 42 120
84 42 120
84 42 120
83 42 120
83 42 120
82 42 120
82 42 120
81 42 120
81 42 120
81 42 120
80 42 240
80 42 120
79 42 240
79 42 120
78 42 240
78 42 120
78 42 120
77 42 360
77 42 120
77 42 120
76 42 480
76 42 120
76 42 120
75 42 600
75 42 120
75 42 120
74 42 720
74 42 120
74 42 120
74 42 120
73 42 960
73 42 120
73 42 120
72 42 1080
72 42 120
72 42 120
71 42 1200
71 42 120
71 42 120
71 42 120
70 42 1440
70 42 120
70 42 120
69 42 1560
69 42 120
69 42 120
68 42 1680
68 42 120
68 42 120
67 42 1800
67 42 120
67 42 120
66 42 1920
66 42 120
66 42 120
66 42 120
65 42 2160
65 42 120
65 42 120
65 42 120
64 42 2400
64 42 120
64 42 120
64 42 120
63 42 2640
63 42 120
63 42 120
63 42 120
62 42 2880
62 42 120
61 42 2880
61 42 120
60 42 2880
59 42 2880
58 42 2880
58 43 120
58 43 120
58 43 120
58 43 120
58 43 120
58 43 120
58 43 120
58 43 120
58 43 120
58 43 120
58 43 120
58 43 120
58 43 120
58 43 120
58 43 120
58 43 120
58 43 120
58 43 120
58 44 2040
58 45 2040
58 46 2040
58 47 120
58 47 120
58 47 120
58 47 120
58 47 120
58 47 120
58 47 120
58 47 120
58 47 120
58 47 120
58 47 120
58 48 1200
58 49 1200
58 50 1200
58 51 120
58 51 120
58 51 120
58 51 120
58 52 360
58 53 360
58 54 360
58 55 120
58 55 120
58 56 120
58 56 120
58 57 120
58 57 120
58 58 120
58 58 120
58 59 120
58 59 120
58 60 120
58 60 120
58 61 120
58 62 120
58 63 120
58 64 120
58 65 120
58 66 120
58 67 120
58 68 120
58 69 120
58 70 120
58 71 120
58 72 120
58 73 120
58 74 120
58 75 120
58 76 120
58 77 120
58 78 120
58 79 120
58 80 120
58 81 120
58 82 120
58 83 120
58 84 120
58 85 120
58 86 120
58 87 120
58 88 120
58 89 120
58 90 120
57 90 120
56 90 120
55 90 120
54 90 120
53 90 120
52 90 120
51 90 120
50 90 120
49 90 120
48 90 120
47 90 120
46 90 120
45 90 120
44 90 120
43 90 120
42 90 120
41 90 120
40 90 120
39 90 120
38 90 120
37 90 120
36 90 120
35 90 120
34 90 120
33 90 120
32 90 120
32 90 120
31 90 120
31 90 120
30 90 120
30 90 120
29 90 120
29 90 120
28 90 120
28 90 120
27 90 120
26 90 120
25 90 120
24 90 120
23 90 120
22 90 120
21 90 120
20 90 120
20 90 120
19 90 120
19 90 120
18 90 120
18 90 120
17 90 120
17 90 120
16 90 120
16 90 120
15 90 120
15 90 120
14 90 120
14 90 120
13 90 120
12 90 120
11 90 120
10 90 120
10 90 120
9 90 120
9 90 120
8 90 120
8 90 120
7 90 120
7 90 120
7 90 120
7 89 240
7 89 120
7 89 120
7 88 360
7 88 120
7 87 360
7 87 120
7 86 360
7 86 120
7 86 120
7 85 480
7 85 120
7 84 480
7 84 120
7 83 480
7 83 120
7 82 480
7 82 120
7 81 480
7 81 120
7 81 120
7 80 600
7 80 120
7 79 600
7 79 120
7 78 600
7 77 600
7 76 600
7 75 120
7 75 120
7 75 120
7 74 240
7 73 240
7 72 240
7 71 120
7 70 120
7 69 120
7 68 120
7 67 120
7 66 120
7 65 120
7 64 120
7 63 120
7 62 120
7 61 120
7 60 120
8 60 120
9 60 120
10 60 120
11 60 120
11 61 120
11 62 120
11 63 120
11 64 120
11 65 120
11 66 120
11 67 120
11 68 120
11 69 120
11 70 120
11 70 120
11 71 120
11 71 120
11 72 120
11 72 120
11 72 120
11 73 240
11 73 120
11 74 240
11 74 120
11 74 120
11 75 360
11 75 120
11 76 360
11 76 120
11 76 120
11 77 480
11 77 120
11 77 120
11 78 600
11 78 120
11 79 600
11 79 120
11 79 120
11 80 720
11 80 120
11 81 720
11 81 120
11 82 720
11 82 120
11 83 720
11 83 120
11 84 720
11 85 720
11 86 720
11 87 120
11 87 120
11 88 120
11 88 120
11 89 120
11 89 120
11 91 120
11 92 120
11 93 120
11 94 120
11 95 120
11 96 120
11 96 120
11 97 120
11 97 120
11 98 120
11 98 120
11 98 120
11 99 240
11 99 120
11 99 120
11 100 360
11 100 120
11 100 120
11 101 480
11 101 120
11 101 120
11 102 600
11 102 120
11 102 120
11 102 120
11 103 840
11 103 120
11 103 120
11 103 120
11 103 120
11 104 1200
11 104 120
11 104 120
11 104 120
11 105 1440
11 105 120
11 105 120
11 106 1560
11 106 120
11 106 120
11 106 120
11 107 1800
11 107 120
11 108 1800
11 108 120
11 108 120
11 109 1920
11 109 120
11 109 120
11 110 2040
11 110 120
11 110 120
11 111 2160
11 111 120
11 111 120
11 111 120
11 112 2400
11 112 120
11 112 120
11 112 120
11 112 120
11 113 2760
11 113 120
11 113 120
11 113 120
11 113 120
11 113 120
11 114 3240
11 114 120
11 114 120
11 114 120
11 114 120
11 115 3600
11 115 120
11 115 120
11 115 120
11 115 120
11 116 3960
11 116 120
11 116 120
11 116 120
11 117 4200
11 117 120
11 117 120
11 117 120
11 118 4440
11 118 120
11 119 4440
11 119 120
11 119 120
11 120 4560
11 121 4560
11 122 4560
11 123 120
11 123 120
11 123 120
11 123 120
11 123 120
11 123 120
11 123 120
11 123 120
11 123 120
11 123 120
11 123 120
11 123 120
11 123 120
11 123 120
11 123 120
11 123 120
11 123 120
11 123 120
11 123 120
11 123 120
11 123 120
11 123 120
11 123 120
11 123 120
11 123 120
11 123 120
11 123 120
11 123 120
11 123 120
11 123 120
11 123 120
11 123 120
11 123 120
11 123 120
11 124 3960
11 125 3960
11 126 3960
11 127 120
11 127 120
11 127 120
11 127 120
11 127 120
11 127 120
11 127 120
11 127 120
11 127 120
11 127 120
11 127 120
11 127 120
11 127 120
11 127 120
11 127 120
11 127 120
11 127 120
11 127 120
11 127 120
11 127 120
11 127 120
11 127 120
11 127 120
11 127 120
11 127 120
11 128 2880
11 129 2880
11 130 2880
11 131 120
11 131 120
11 131 120
11 131 120
11 131 120
11 131 120
11 131 120
11 131 120
11 131 120
11 131 120
11 131 120
11 131 120
11 131 120
11 131 120
11 132 1560
11 133 1560
11 134 1560
11 135 120
11 135 120
11 135 120
11 135 120
11 135 120
11 135 120
11 135 120
11 135 120
11 136 840
11 137 840
11 138 840
11 139 120
11 139 120
11 139 120
11 139 120
11 139 120
11 140 480
11 140 120
11 141 480
11 142 480
11 143 480
11 144 120
11 144 120
11 144 120
11 145 240
11 145 120
11 146 240
11 147 240
11 148 240
11 149 120
11 149 120
11 150 120
11 150 120
11 151 120
11 151 120
11 152 120
11 152 120
11 153 120
11 153 120
11 154 120
11 154 120
11 155 120
11 155 120
11 156 120
11 156 120
11 157 120
11 157 120
11 158 120
11 158 120
11 159 120
11 160 120
11 161 120
11 162 120
11 163 120
11 164 120
11 165 120
11 166 120
11 167 120
11 168 120
11 169 120
