92 20 120
91 20 120
90 20 120
89 20 120
88 20 120
87 20 120
86 20 120
85 20 120
84 20 120
83 20 120
82 20 120
81 20 120
80 20 120
79 20 120
79 20 120
78 20 120
78 20 120
77 20 120
77 20 120
76 20 120
76 20 120
76 20 120
75 20 240
75 20 120
74 20 240
74 20 120
74 20 120
73 20 360
73 20 120
73 20 120
72 20 480
72 20 120
72 20 120
71 20 600
71 20 120
71 20 120
71 20 120
70 20 840
70 20 120
70 20 120
70 20 120
69 20 1080
69 20 120
69 20 120
69 20 120
68 20 1320
68 20 120
68 20 120
67 20 1440
67 20 120
67 20 120
66 20 1560
66 20 120
66 20 120
66 21 1680
66 22 1680
66 23 1680
66 24 120
66 24 120
66 24 120
66 24 120
66 24 120
66 24 120
66 24 120
66 24 120
66 24 120
66 25 960
66 26 960
66 27 960
66 28 120
66 28 120
66 28 120
66 28 120
66 28 120
66 29 480
66 30 480
66 31 480
66 32 120
66 32 120
66 33 120
66 33 120
66 34 120
66 34 120
66 35 120
66 36 120
66 37 120
66 38 120
66 39 120
66 40 120
66 41 120
66 42 120
66 43 120
66 44 120
66 45 120
66 46 120
66 47 120
66 48 120
66 49 120
66 50 120
66 51 120
66 52 120
66 53 120
66 54 120
66 55 120
66 56 120
66 57 120
66 58 120
66 59 120
66 60 120
66 61 120
66 62 120
66 63 120
66 64 120
66 65 120
66 66 120
66 67 120
66 68 120
66 69 120
66 70 120
66 71 120
66 72 120
66 73 120
66 74 120
66 75 120
66 76 120
66 77 120
66 78 120
66 79 120
66 80 120
66 81 120
66 82 120
66 83 120
66 84 120
66 85 120
66 86 120
66 87 120
66 88 120
66 89 120
66 90 120
66 91 120
66 92 120
66 93 120
66 94 120
66 95 120
66 96 120
66 97 120
66 98 120
66 99 120
66 100 120
66 101 120
66 102 120
66 103 120
66 104 120
66 105 120
66 106 120
66 107 120
66 108 120
66 109 120
66 110 120
66 111 120
66 112 120
66 113 120
66 114 120
66 115 120
66 116 120
66 117 120
66 118 120
66 119 120
66 120 120
66 121 120
93 20 120
94 20 120
95 20 120
96 20 120
97 20 120
98 20 120
99 20 120
100 20 120
101 20 120
102 20 120
103 20 120
104 20 120
105 20 120
106 20 120
107 20 120
108 20 120
109 20 120
110 20 120
111 20 120
112 20 120
113 20 120
114 20 120
115 20 120
116 20 120
117 20 120
118 20 120
119 20 120
120 20 120
121 20 120
122 20 120
123 20 120
124 20 120
125 20 120
126 20 120
127 20 120
128 20 120
129 20 120
130 20 120
131 20 120
132 20 120
133 20 120
134 20 120
135 20 120
136 20 120
137 20 120
138 20 120
139 20 120
140 20 120
141 20 120
142 20 120
143 20 120
144 20 120
145 20 120
146 20 120
147 20 120
148 20 120
149 20 120
150 20 120
151 20 120
152 20 120
153 20 120
154 20 120
155 20 120
156 20 120
157 20 120
158 20 120
159 20 120
160 20 120
161 20 120
162 20 120
163 20 120
164 20 120
165 20 120
166 20 120
167 20 120
168 20 120
169 20 120
170 20 120
171 20 120
172 20 120
173 20 120
174 20 120
174 20 120
175 20 120
175 20 120
176 20 120
176 20 120
177 20 120
177 20 120
178 20 120
178 20 120
178 20 120
179 20 240
179 20 120
180 20 240
181 20 240
182 20 240
183 20 120
183 20 120
184 20 120
185 20 120
186 20 120
187 20 120
188 20 120
189 20 120
190 20 120
190 20 120
191 20 120
191 20 120
192 20 120
192 20 120
193 20 120
193 20 120
194 20 120
194 20 120
195 20 120
195 20 120
195 20 120
196 20 240
196 20 120
197 20 240
197 20 120
198 20 240
198 20 120
198 21 240
198 21 120
198 22 240
198 22 120
198 23 240
198 23 120
198 24 240
198 25 240
198 26 240
198 27 120
198 27 120
198 28 120
198 28 120
198 29 120
198 29 120
198 30 120
198 31 120
198 32 120
198 33 120
198 34 120
198 35 120
198 36 120
169 170 120
168 170 120
167 170 120
166 170 120
165 170 120
164 170 120
163 170 120
162 170 120
161 170 120
160 170 120
159 170 120
158 170 120
157 170 120
156 170 120
155 170 120
154 170 120
153 170 120
152 170 120
151 170 120
150 170 120
149 170 120
148 170 120
147 170 120
146 170 120
145 170 120
144 170 120
143 170 120
142 170 120
141 170 120
140 170 120
139 170 120
138 170 120
137 170 120
136 170 120
135 170 120
134 170 120
133 170 120
132 170 120
131 170 120
130 170 120
129 170 120
128 170 120
127 170 120
126 170 120
125 170 120
124 170 120
123 170 120
122 170 120
121 170 120
120 170 120
119 170 120
118 170 120
117 170 120
116 170 120
115 170 120
114 170 120
113 170 120
112 170 120
111 170 120
110 170 120
109 170 120
108 170 120
107 170 120
106 170 120
105 170 120
104 170 120
103 170 120
102 170 120
101 170 120
100 170 120
99 170 120
98 170 120
97 170 120
96 170 120
95 170 120
94 170 120
93 170 120
92 170 120
91 170 120
90 170 120
89 170 120
88 170 120
87 170 120
86 170 120
85 170 120
84 170 120
83 170 120
82 170 120
81 170 120
80 170 120
79 170 120
78 170 120
77 170 120
76 170 120
75 170 120
75 170 120
74 170 120
74 170 120
73 170 120
73 170 120
72 170 120
72 170 120
72 170 120
71 170 240
71 170 120
70 170 240
70 170 120
69 170 240
69 170 120
68 170 240
68 170 120
67 170 240
67 170 120
66 170 240
66 170 120
66 169 240
66 168 240
66 167 240
66 166 120
66 165 120
66 164 120
66 163 120
66 162 120
66 161 120
66 160 120
66 159 120
66 158 120
66 157 120
66 156 120
66 155 120
66 154 120
66 153 120
66 152 120
66 151 120
66 150 120
66 149 120
66 148 120
66 147 120
66 146 120
66 145 120
66 144 120
66 143 120
66 142 120
66 141 120
66 140 120
66 139 120
66 138 120
66 137 120
66 136 120
66 135 120
66 134 120
66 133 120
66 132 120
66 131 120
66 130 120
66 129 120
66 128 120
66 127 120
66 126 120
66 125 120
66 124 120
66 123 120
66 122 120
