32 92 100
33 92 100
33 92 100
34 92 100
34 92 100
34 92 100
35 92 200
35 92 100
35 92 100
36 92 300
36 92 100
36 92 100
37 92 400
37 92 100
37 92 100
37 92 100
38 92 600
38 92 100
38 92 100
39 92 700
39 92 100
39 92 100
40 92 800
40 92 100
41 92 800
41 92 100
42 92 800
42 92 100
43 92 800
43 92 100
44 92 800
44 92 100
45 92 800
46 92 800
47 92 800
48 92 100
48 92 100
48 92 100
48 92 100
48 92 100
48 92 100
49 92 500
50 92 500
51 92 500
52 92 100
52 92 100
53 92 100
53 92 100
54 92 100
55 92 100
56 92 100
57 92 100
58 92 100
59 92 100
59 92 100
60 92 100
60 92 100
61 92 100
61 92 100
61 92 100
62 92 200
62 92 100
62 92 100
63 92 300
63 92 100
63 92 100
63 92 100
63 93 500
63 93 100
63 94 500
63 95 500
63 96 500
63 97 100
63 97 100
63 97 100
63 98 200
63 99 200
63 100 200
63 101 100
63 102 100
63 103 100
63 104 100
63 105 100
63 106 100
63 107 100
63 108 100
63 109 100
63 110 100
63 111 100
63 112 100
63 113 100
31 92 100
30 92 100
29 92 100
28 92 100
27 92 100
26 92 100
25 92 100
24 92 100
23 92 100
22 92 100
21 92 100
20 92 100
19 92 100
18 92 100
17 92 100
16 92 100
15 92 100
14 92 100
13 92 100
13 92 100
12 92 100
12 92 100
12 92 100
11 92 200
11 92 100
11 92 100
11 92 100
10 92 400
10 92 100
10 92 100
10 92 100
10 92 100
9 92 700
9 92 100
9 92 100
9 92 100
9 92 100
9 92 100
9 92 100
8 92 1200
8 92 100
8 92 100
8 92 100
8 92 100
8 92 100
8 92 100
8 92 100
7 92 1800
7 92 100
7 92 100
7 92 100
7 92 100
7 92 100
7 92 100
6 92 2300
6 92 100
6 92 100
6 92 100
6 92 100
6 92 100
6 92 100
5 92 2800
5 92 100
5 92 100
5 92 100
5 92 100
4 92 3100
4 92 100
4 92 100
4 92 100
4 92 100
3 92 3400
3 92 100
3 92 100
2 92 3500
2 92 100
2 92 100
2 91 3600
2 90 3600
2 89 3600
2 88 100
2 88 100
2 88 100
2 88 100
2 88 100
2 88 100
2 88 100
2 88 100
2 88 100
2 88 100
2 88 100
2 88 100
2 88 100
2 88 100
2 88 100
2 88 100
2 88 100
2 88 100
2 88 100
2 88 100
2 88 100
2 87 2000
2 86 2000
2 85 2000
2 84 100
2 84 100
2 84 100
2 84 100
2 84 100
2 84 100
2 83 500
2 82 500
2 81 500
2 80 100
2 80 100
2 80 100
2 79 200
2 78 200
2 77 200
2 76 100
2 75 100
2 74 100
2 73 100
2 72 100
2 71 100
2 70 100
2 69 100
69 147 100
68 147 100
67 147 100
66 147 100
65 147 100
64 147 100
63 147 100
63 146 100
63 145 100
63 144 100
63 143 100
63 142 100
63 141 100
63 141 100
63 140 100
63 140 100
63 140 100
63 140 100
63 139 300
63 139 100
63 139 100
63 139 100
63 139 100
63 138 600
63 138 100
63 138 100
63 138 100
63 138 100
63 138 100
63 137 1000
63 137 100
63 137 100
63 137 100
63 137 100
63 137 100
63 137 100
63 136 1500
63 136 100
63 136 100
63 136 100
63 136 100
63 136 100
63 136 100
63 136 100
63 136 100
63 135 2200
63 135 100
63 135 100
63 135 100
63 135 100
63 135 100
63 135 100
63 135 100
63 134 2800
63 134 100
63 134 100
63 134 100
63 134 100
63 134 100
63 134 100
63 133 3300
63 133 100
63 133 100
63 133 100
63 133 100
63 133 100
63 132 3700
63 132 100
63 132 100
63 132 100
63 132 100
63 132 100
63 131 4100
63 131 100
63 131 100
63 131 100
63 130 4300
63 130 100
63 130 100
63 130 100
63 129 4500
63 129 100
63 129 100
63 128 4600
63 128 100
63 127 4600
63 126 4600
63 125 4600
63 124 100
63 124 100
63 124 100
63 124 100
63 124 100
63 124 100
63 124 100
63 124 100
63 124 100
63 124 100
63 124 100
63 124 100
63 124 100
63 124 100
63 124 100
63 124 100
63 124 100
63 124 100
63 124 100
63 124 100
63 124 100
63 124 100
63 124 100
63 124 100
63 124 100
63 124 100
63 124 100
63 124 100
63 124 100
63 124 100
63 124 100
63 124 100
63 124 100
63 124 100
63 124 100
63 123 3400
63 122 3400
63 121 3400
63 120 100
63 120 100
63 120 100
63 120 100
63 120 100
63 120 100
63 120 100
63 120 100
63 119 700
63 118 700
63 117 700
63 116 100
63 115 100
63 114 100
62 147 100
61 147 100
60 147 100
59 147 100
58 147 100
57 147 100
56 147 100
55 147 100
54 147 100
53 147 100
52 147 100
51 147 100
51 148 100
51 149 100
51 150 100
51 151 100
51 152 100
51 153 100
51 154 100
51 154 100
51 155 100
51 155 100
51 155 100
51 156 200
51 156 100
51 157 200
51 157 100
51 157 100
51 157 100
51 158 400
51 158 100
51 158 100
51 159 500
51 159 100
51 159 100
51 160 600
51 160 100
51 160 100
51 160 100
51 161 800
51 161 100
51 161 100
51 161 100
51 162 1000
51 162 100
51 162 100
51 162 100
51 163 1200
51 163 100
51 163 100
51 163 100
51 163 100
51 164 1500
51 164 100
51 164 100
51 164 100
51 164 100
51 165 1800
51 165 100
51 165 100
51 165 100
51 165 100
51 165 100
51 166 2200
51 166 100
51 166 100
51 166 100
51 166 100
51 166 100
51 167 2600
51 167 100
51 167 100
51 167 100
51 167 100
51 167 100
51 168 3000
51 168 100
51 168 100
51 168 100
51 168 100
51 169 3300
51 169 100
51 169 100
51 169 100
51 170 3500
51 170 100
51 170 100
51 171 3600
51 171 100
51 172 3600
51 173 3600
51 174 3600
51 175 100
51 175 100
51 175 100
51 175 100
51 175 100
51 175 100
51 175 100
51 175 100
51 175 100
51 175 100
51 175 100
51 175 100
51 175 100
51 175 100
51 175 100
51 175 100
51 175 100
51 175 100
51 175 100
51 175 100
51 175 100
51 175 100
51 175 100
51 175 100
51 176 2300
51 177 2300
51 178 2300
51 179 100
51 179 100
51 179 100
51 179 100
51 179 100
51 179 100
51 179 100
51 179 100
51 179 100
51 179 100
51 180 900
51 181 900
51 182 900
51 183 100
51 183 100
51 183 100
51 183 100
51 183 100
51 184 400
51 185 400
51 186 400
51 187 100
51 187 100
51 188 100
51 189 100
51 190 100
51 191 100
51 192 100
51 193 100
51 194 100
51 195 100
51 196 100
51 197 100
52 197 100
53 197 100
54 197 100
55 197 100
56 197 100
57 197 100
58 197 100
59 197 100
59 197 100
60 197 100
60 197 100
61 197 100
61 197 100
61 197 100
62 197 200
62 197 100
63 197 200
63 197 100
63 197 100
64 197 300
64 197 100
65 197 300
65 197 100
65 197 100
66 197 400
66 197 100
67 197 400
67 197 100
68 197 400
68 197 100
68 197 100
69 197 500
69 197 100
70 197 500
70 197 100
71 197 500
71 197 100
72 197 500
72 197 100
73 197 500
73 197 100
74 197 500
75 197 500
76 197 500
77 197 100
77 197 100
77 197 100
77 197 100
78 197 300
79 197 300
80 197 300
81 197 100
81 197 100
82 197 100
83 197 100
84 197 100
85 197 100
86 197 100
87 197 100
88 197 100
89 197 100
90 197 100
91 197 100
92 197 100
93 197 100
94 197 100
95 197 100
96 197 100
97 197 100
98 197 100
99 197 100
100 197 100
101 197 100
102 197 100
103 197 100
104 197 100
105 197 100
106 197 100
107 197 100
108 197 100
109 197 100
110 197 100
111 197 100
112 197 100
113 197 100
114 197 100
115 197 100
115 197 100
116 197 100
116 197 100
117 197 100
117 197 100
117 197 100
118 197 200
118 197 100
119 197 200
119 197 100
119 197 100
120 197 300
120 197 100
120 197 100
121 197 400
121 197 100
121 197 100
122 197 500
122 197 100
123 197 500
123 197 100
123 197 100
124 197 600
124 197 100
125 197 600
125 197 100
125 197 100
126 197 700
126 197 100
127 197 700
127 197 100
127 197 100
128 197 800
128 197 100
129 197 800
129 197 100
130 197 800
130 197 100
131 197 800
131 197 100
132 197 800
133 197 800
134 197 800
135 197 100
135 197 100
135 197 100
135 197 100
135 197 100
135 197 100
135 197 100
136 197 600
136 197 100
137 197 600
138 197 600
139 197 600
139 197 100
140 197 600
140 197 100
140 197 100
141 197 700
141 197 100
141 197 100
142 197 800
142 197 100
142 197 100
142 197 100
143 197 1000
143 197 100
143 197 100
143 197 100
144 197 1200
144 197 100
144 197 100
144 197 100
144 197 100
145 197 1500
145 197 100
145 197 100
145 197 100
145 197 100
145 197 100
146 197 1900
146 197 100
146 197 100
146 197 100
146 197 100
147 197 2200
147 197 100
147 197 100
147 197 100
147 197 100
148 197 2500
148 197 100
148 197 100
148 197 100
148 197 100
149 197 2800
149 197 100
149 197 100
149 197 100
150 197 3000
150 197 100
150 197 100
150 197 100
151 197 3200
151 197 100
151 197 100
152 197 3300
152 197 100
152 197 100
153 197 3400
153 197 100
153 197 100
154 197 3500
154 197 100
154 197 100
155 197 3600
156 197 3600
157 197 3600
158 197 100
158 197 100
158 197 100
158 197 100
158 197 100
158 197 100
158 197 100
158 197 100
158 197 100
158 197 100
158 197 100
158 197 100
158 197 100
158 197 100
158 197 100
158 197 100
158 197 100
158 197 100
158 197 100
158 197 100
158 197 100
158 197 100
158 197 100
158 197 100
158 197 100
158 197 100
158 197 100
158 197 100
158 197 100
158 197 100
158 197 100
159 197 3000
160 197 3000
161 197 3000
162 197 100
162 197 100
162 197 100
162 197 100
162 197 100
162 197 100
162 197 100
162 197 100
162 197 100
162 197 100
162 197 100
162 197 100
162 197 100
162 197 100
162 197 100
162 197 100
163 197 1500
164 197 1500
165 197 1500
166 197 100
166 197 100
166 197 100
167 197 200
168 197 200
169 197 200
170 197 100
171 197 100
172 197 100
122 43 100
121 43 100
120 43 100
119 43 100
118 43 100
118 43 100
117 43 100
117 43 100
117 43 100
116 43 200
116 43 100
116 43 100
115 43 300
115 43 100
115 43 100
114 43 400
114 43 100
114 43 100
113 43 500
113 43 100
113 43 100
112 43 600
112 43 100
111 43 600
111 43 100
110 43 600
110 43 100
110 43 100
109 43 700
109 43 100
108 43 700
108 43 100
107 43 700
107 43 100
106 43 700
105 43 700
104 43 700
103 43 100
103 43 100
103 43 100
103 43 100
103 43 100
103 43 100
103 44 500
103 44 100
103 44 100
103 44 100
103 45 700
103 45 100
103 45 100
103 45 100
103 45 100
103 46 1000
103 46 100
103 46 100
103 46 100
103 46 100
103 47 1300
103 47 100
103 47 100
103 47 100
103 47 100
103 47 100
103 48 1700
103 48 100
103 48 100
103 48 100
103 49 1900
103 49 100
103 49 100
103 49 100
103 50 2100
103 50 100
103 50 100
103 51 2200
103 51 100
103 52 2200
103 53 2200
103 54 2200
103 55 100
103 55 100
103 55 100
103 55 100
103 55 100
103 55 100
103 55 100
103 55 100
103 55 100
103 55 100
103 55 100
103 55 100
103 55 100
103 55 100
103 56 1300
103 57 1300
103 58 1300
103 59 100
103 59 100
103 59 100
103 59 100
103 59 100
103 59 100
103 60 500
103 60 100
103 61 500
103 61 100
103 62 500
103 62 100
103 63 500
103 63 100
103 64 500
103 64 100
103 64 100
103 65 600
103 65 100
103 65 100
103 66 700
103 66 100
103 67 700
103 67 100
103 67 100
103 68 800
103 68 100
103 69 800
103 69 100
103 70 800
103 70 100
103 70 100
103 71 900
103 71 100
103 71 100
103 72 1000
103 72 100
103 72 100
103 73 1100
103 73 100
103 73 100
103 74 1200
103 74 100
103 74 100
103 75 1300
103 75 100
103 75 100
103 76 1400
103 76 100
103 76 100
103 77 1500
103 77 100
103 78 1500
103 79 1500
103 80 1500
103 81 100
103 81 100
103 81 100
103 81 100
103 81 100
103 81 100
103 81 100
103 81 100
103 81 100
103 82 800
103 83 800
103 84 800
103 85 100
103 85 100
103 85 100
103 85 100
103 86 300
103 87 300
103 88 300
103 89 100
103 90 100
103 91 100
103 92 100
103 93 100
103 94 100
