80 181 120
79 181 120
78 181 120
77 181 120
76 181 120
75 181 120
74 181 120
73 181 120
72 181 120
71 181 120
70 181 120
69 181 120
68 181 120
68 181 120
67 181 120
67 181 120
67 181 120
66 181 240
66 181 120
66 181 120
65 181 360
65 181 120
65 181 120
65 181 120
64 181 600
64 181 120
64 181 120
64 181 120
63 181 840
63 181 120
63 181 120
63 181 120
62 181 1080
62 181 120
62 181 120
62 181 120
62 181 120
61 181 1440
61 181 120
61 181 120
61 181 120
60 181 1680
60 181 120
60 181 120
60 181 120
59 181 1920
59 181 120
59 181 120
59 181 120
59 181 120
58 181 2280
58 181 120
58 181 120
58 181 120
57 181 2520
57 181 120
57 181 120
56 181 2640
56 181 120
55 181 2640
55 181 120
54 181 2640
53 181 2640
52 181 2640
51 181 120
51 181 120
51 181 120
51 181 120
51 181 120
51 181 120
51 181 120
51 181 120
51 181 120
51 181 120
51 181 120
51 181 120
51 181 120
50 181 1440
49 181 1440
48 181 1440
47 181 120
47 181 120
47 181 120
46 181 240
45 181 240
44 181 240
43 181 120
42 181 120
41 181 120
40 181 120
39 181 120
38 181 120
37 181 120
36 181 120
35 181 120
34 181 120
33 181 120
32 181 120
31 181 120
30 181 120
29 181 120
28 181 120
27 181 120
26 181 120
25 181 120
24 181 120
24 180 120
24 179 120
24 178 120
24 177 120
24 176 120
24 175 120
24 174 120
24 173 120
24 172 120
24 172 120
24 171 120
24 171 120
24 171 120
24 170 240
24 170 120
24 169 240
24 169 120
24 169 120
24 168 360
24 168 120
24 168 120
24 167 480
24 167 120
24 166 480
24 166 120
24 165 480
24 164 480
24 163 480
24 162 120
24 162 120
24 161 120
24 161 120
24 160 120
24 159 120
24 158 120
24 157 120
24 156 120
24 155 120
24 154 120
24 153 120
24 152 120
24 151 120
24 150 120
24 149 120
24 148 120
24 147 120
24 146 120
24 145 120
24 144 120
24 143 120
24 142 120
24 141 120
24 140 120
24 139 120
24 138 120
24 138 120
24 137 120
24 137 120
24 137 120
24 136 240
24 136 120
24 136 120
24 136 120
24 135 480
24 135 120
24 135 120
24 135 120
24 135 120
24 134 840
24 134 120
24 134 120
24 134 120
24 134 120
24 133 1200
24 133 120
24 133 120
24 133 120
24 132 1440
24 132 120
24 132 120
24 131 1560
24 131 120
24 130 1560
24 129 1560
24 128 1560
24 127 120
24 127 120
24 127 120
24 127 120
24 127 120
24 127 120
24 126 600
24 125 600
24 124 600
24 123 120
24 123 120
24 122 120
24 122 120
24 121 120
24 120 120
24 119 120
24 118 120
24 117 120
24 117 120
24 116 120
24 116 120
24 115 120
24 115 120
24 114 120
24 114 120
24 113 120
24 113 120
24 112 120
24 112 120
24 111 120
24 111 120
24 110 120
24 110 120
24 109 120
24 109 120
24 108 120
24 108 120
24 107 120
24 107 120
24 106 120
24 106 120
24 105 120
24 104 120
24 103 120
24 102 120
24 101 120
24 100 120
24 99 120
24 98 120
24 97 120
24 96 120
24 95 120
24 94 120
24 93 120
24 92 120
24 91 120
24 90 120
24 89 120
24 88 120
24 87 120
24 86 120
24 85 120
24 84 120
24 83 120
24 82 120
24 81 120
24 80 120
24 79 120
24 78 120
24 77 120
24 77 120
24 76 120
24 76 120
24 76 120
24 75 240
24 75 120
24 74 240
24 74 120
24 74 120
24 73 360
24 73 120
24 73 120
24 72 480
24 72 120
24 72 120
24 71 600
24 71 120
24 71 120
24 71 120
24 70 840
24 70 120
24 70 120
24 70 120
24 70 120
24 69 1200
24 69 120
24 69 120
24 69 120
24 69 120
24 68 1560
24 68 120
24 68 120
24 68 120
24 68 120
24 68 120
24 67 2040
24 67 120
24 67 120
24 67 120
24 67 120
24 67 120
24 66 2520
24 66 120
24 66 120
24 66 120
24 66 120
24 66 120
24 65 3000
24 65 120
24 65 120
24 65 120
24 65 120
24 64 3360
24 64 120
24 64 120
24 64 120
24 63 3600
24 63 120
24 63 120
24 62 3720
24 61 3720
24 60 3720
24 59 120
24 59 120
24 59 120
24 59 120
24 59 120
24 59 120
24 59 120
24 59 120
24 59 120
24 59 120
24 59 120
24 59 120
24 59 120
24 59 120
24 59 120
24 59 120
24 59 120
24 59 120
24 59 120
24 59 120
24 59 120
24 59 120
24 59 120
24 59 120
24 59 120
24 59 120
24 59 120
24 58 3120
24 57 3120
24 56 3120
24 55 120
24 55 120
24 55 120
24 55 120
24 55 120
24 55 120
24 55 120
24 55 120
24 55 120
24 55 120
24 55 120
24 55 120
24 55 120
24 55 120
24 55 120
24 54 1680
24 53 1680
24 52 1680
24 51 120
24 51 120
24 51 120
24 51 120
24 51 120
24 51 120
24 51 120
24 51 120
24 50 840
24 49 840
24 48 840
24 47 120
24 47 120
24 47 120
24 47 120
24 47 120
24 46 480
24 45 480
24 44 480
24 43 120
24 43 120
24 43 120
24 42 240
24 41 240
24 40 240
24 39 120
24 39 120
24 38 120
24 38 120
24 37 120
24 37 120
24 37 120
24 36 240
24 36 120
24 35 240
24 35 120
24 35 120
24 34 360
24 34 120
24 34 120
24 33 480
24 33 120
24 33 120
24 33 120
24 32 720
24 32 120
24 32 120
24 32 120
24 31 960
24 31 120
24 31 120
24 30 1080
24 30 120
24 30 120
24 30 120
24 29 1320
24 29 120
24 28 1320
24 28 120
24 27 1320
24 26 1320
24 25 1320
24 24 120
24 24 120
24 24 120
24 24 120
24 24 120
24 24 120
24 23 600
24 22 600
24 21 600
24 20 120
24 20 120
24 19 120
24 19 120
24 18 120
24 17 120
24 16 120
24 15 120
24 14 120
24 13 120
24 12 120
24 11 120
24 10 120
24 9 120
24 8 120
24 7 120
24 6 120
24 5 120
24 4 120
24 3 120
24 2 120
