75 11 120
75 11 120
76 11 120
76 11 120
77 11 120
77 11 120
78 11 120
78 11 120
78 11 120
79 11 240
79 11 120
80 11 240
80 11 120
80 11 120
81 11 360
81 11 120
81 11 120
81 11 120
82 11 600
82 11 120
82 11 120
83 11 720
83 11 120
83 11 120
84 11 840
84 11 120
84 11 120
85 11 960
85 11 120
85 11 120
86 11 1080
86 11 120
87 11 1080
87 11 120
87 11 120
88 11 1200
88 11 120
88 11 120
89 11 1320
89 11 120
89 11 120
89 11 120
90 11 1560
90 11 120
90 11 120
91 11 1680
91 11 120
91 11 120
92 11 1800
92 11 120
92 11 120
93 11 1920
93 11 120
94 11 1920
94 11 120
95 11 1920
96 11 1920
97 11 1920
98 11 120
98 11 120
98 11 120
98 11 120
98 11 120
98 11 120
98 11 120
98 11 120
98 11 120
98 11 120
98 11 120
98 11 120
98 11 120
99 11 1440
99 11 120
99 11 120
100 11 1560
100 11 120
101 11 1560
101 11 120
101 11 120
102 11 1680
103 11 1680
104 11 1680
105 11 120
105 11 120
105 11 120
105 11 120
105 11 120
105 11 120
105 11 120
105 11 120
105 11 120
106 11 960
107 11 960
108 11 960
109 11 120
109 11 120
109 11 120
109 11 120
110 11 360
110 11 120
111 11 360
112 11 360
113 11 360
114 11 120
114 11 120
115 11 120
115 11 120
116 11 120
117 11 120
118 11 120
119 11 120
120 11 120
121 11 120
122 11 120
123 11 120
124 11 120
125 11 120
126 11 120
127 11 120
128 11 120
129 11 120
129 12 120
129 13 120
129 14 120
129 15 120
129 16 120
129 17 120
129 18 120
142 63 120
141 63 120
140 63 120
139 63 120
138 63 120
137 63 120
136 63 120
135 63 120
134 63 120
133 63 120
132 63 120
131 63 120
130 63 120
129 63 120
129 62 120
129 61 120
129 60 120
129 59 120
129 58 120
129 57 120
129 56 120
129 55 120
129 54 120
129 53 120
129 52 120
129 51 120
129 50 120
129 49 120
129 48 120
129 47 120
129 46 120
129 45 120
129 44 120
129 43 120
129 42 120
129 41 120
129 40 120
129 39 120
129 38 120
129 37 120
129 36 120
129 35 120
129 34 120
129 33 120
129 32 120
129 31 120
129 30 120
129 29 120
129 28 120
129 27 120
129 26 120
129 25 120
129 24 120
129 23 120
129 22 120
129 21 120
129 20 120
129 19 120
42 192 120
41 192 120
40 192 120
39 192 120
38 192 120
37 192 120
36 192 120
35 192 120
34 192 120
33 192 120
32 192 120
31 192 120
30 192 120
29 192 120
28 192 120
27 192 120
26 192 120
25 192 120
24 192 120
23 192 120
22 192 120
21 192 120
20 192 120
19 192 120
19 191 120
19 190 120
19 189 120
19 188 120
19 187 120
19 186 120
19 185 120
19 184 120
19 183 120
19 182 120
19 181 120
19 180 120
19 179 120
19 178 120
19 177 120
19 176 120
19 175 120
19 174 120
19 173 120
19 172 120
19 171 120
19 170 120
19 169 120
19 168 120
19 167 120
19 166 120
19 165 120
19 164 120
19 163 120
19 162 120
19 161 120
19 160 120
19 159 120
19 158 120
19 157 120
19 156 120
19 155 120
19 154 120
19 153 120
19 152 120
19 151 120
19 150 120
