126 188 120
126 188 120
126 188 120
126 188 120
126 188 120
126 188 120
126 188 120
126 188 120
125 188 840
125 188 120
125 188 120
124 188 960
124 188 120
124 188 120
123 188 1080
122 188 1080
121 188 1080
120 188 120
120 188 120
120 188 120
120 188 120
120 188 120
120 188 120
120 188 120
119 188 720
118 188 720
117 188 720
116 188 120
116 188 120
116 188 120
116 188 120
116 188 120
116 188 120
115 188 600
115 188 120
114 188 600
114 188 120
114 188 120
113 188 720
113 188 120
113 188 120
112 188 840
112 188 120
111 188 840
111 188 120
110 188 840
109 188 840
108 188 840
107 188 120
107 188 120
107 188 120
107 188 120
107 188 120
107 188 120
106 188 600
106 188 120
105 188 600
105 188 120
104 188 600
104 188 120
103 188 600
103 188 120
102 188 600
102 188 120
101 188 600
101 188 120
100 188 600
100 188 120
99 188 600
98 188 600
97 188 600
96 188 120
96 188 120
96 188 120
96 188 120
96 188 120
95 188 480
95 188 120
94 188 480
94 188 120
93 188 480
93 188 120
93 188 120
92 188 600
92 188 120
91 188 600
91 188 120
90 188 600
89 188 600
88 188 600
87 188 120
87 188 120
87 188 120
87 188 120
86 188 360
86 188 120
85 188 360
85 188 120
84 188 360
84 188 120
83 188 360
83 188 120
82 188 360
82 188 120
82 188 120
81 188 480
80 188 480
79 188 480
78 188 120
78 188 120
78 188 120
77 188 240
77 188 120
76 188 240
76 188 120
75 188 240
75 188 120
74 188 240
74 188 120
73 188 240
73 188 120
72 188 240
72 188 120
71 188 240
71 188 120
70 188 240
70 188 120
69 188 240
68 188 240
67 188 240
66 188 120
65 188 120
64 188 120
63 188 120
62 188 120
61 188 120
60 188 120
59 188 120
58 188 120
57 188 120
56 188 120
55 188 120
54 188 120
53 188 120
52 188 120
51 188 120
50 188 120
49 188 120
48 188 120
47 188 120
47 187 120
47 186 120
47 185 120
47 184 120
47 183 120
47 182 120
47 181 120
47 180 120
47 179 120
47 178 120
47 177 120
47 176 120
47 175 120
47 174 120
47 173 120
47 172 120
47 171 120
47 170 120
47 169 120
47 168 120
126 114 120
126 114 120
126 114 120
126 114 120
126 114 120
127 114 480
128 114 480
129 114 480
130 114 120
130 114 120
130 114 120
131 114 240
131 114 120
132 114 240
132 114 120
133 114 240
134 114 240
135 114 240
136 114 120
136 114 120
136 114 120
137 114 240
137 114 120
138 114 240
138 114 120
139 114 240
139 114 120
139 114 120
140 114 360
140 114 120
141 114 360
141 114 120
142 114 360
142 114 120
142 114 120
143 114 480
143 114 120
144 114 480
144 114 120
145 114 480
145 114 120
146 114 480
146 114 120
147 114 480
147 114 120
148 114 480
148 114 120
149 114 480
149 114 120
150 114 480
150 114 120
151 114 480
151 114 120
152 114 480
152 114 120
152 114 120
153 114 600
153 114 120
154 114 600
155 114 600
156 114 600
157 114 120
157 114 120
157 114 120
157 114 120
158 114 360
159 114 360
160 114 360
160 113 120
160 113 120
160 112 120
160 112 120
160 111 120
160 111 120
160 110 120
160 110 120
160 109 120
160 109 120
160 108 120
160 108 120
160 107 120
160 107 120
160 106 120
160 106 120
160 105 120
160 105 120
160 104 120
160 104 120
160 103 120
160 103 120
160 102 120
160 102 120
160 101 120
160 101 120
160 100 120
160 100 120
160 99 120
160 99 120
160 98 120
160 98 120
160 98 120
160 97 240
160 97 120
160 96 240
160 96 120
160 96 120
160 95 360
160 95 120
160 95 120
160 94 480
160 94 120
160 94 120
160 93 600
160 93 120
160 92 600
160 92 120
160 91 600
160 91 120
160 90 600
160 89 600
160 88 600
160 87 120
160 87 120
160 87 120
160 87 120
160 86 360
160 86 120
160 85 360
160 84 360
160 83 360
160 82 120
160 82 120
160 82 120
160 81 240
160 81 120
183 127 240
182 127 240
181 127 240
180 127 120
179 127 120
178 127 120
177 127 120
176 127 120
175 127 120
174 127 120
173 127 120
172 127 120
171 127 120
170 127 120
169 127 120
168 127 120
167 127 120
166 127 120
165 127 120
164 127 120
163 127 120
162 127 120
161 127 120
161 127 120
160 127 120
160 127 120
160 126 120
160 126 120
160 125 120
160 125 120
160 124 120
160 124 120
160 123 120
160 123 120
160 122 120
160 121 120
160 120 120
160 119 120
160 119 120
160 118 120
160 118 120
160 117 120
160 117 120
160 116 120
160 116 120
160 115 120
160 115 120
130 42 120
131 42 120
132 42 120
133 42 120
134 42 120
135 42 120
136 42 120
137 42 120
138 42 120
139 42 120
140 42 120
141 42 120
142 42 120
143 42 120
144 42 120
145 42 120
146 42 120
147 42 120
148 42 120
149 42 120
150 42 120
151 42 120
152 42 120
153 42 120
154 42 120
155 42 120
156 42 120
157 42 120
158 42 120
159 42 120
160 42 120
160 43 120
160 44 120
160 45 120
160 46 120
160 47 120
160 47 120
160 48 120
160 48 120
160 49 120
160 49 120
160 50 120
160 50 120
160 51 120
160 51 120
160 52 120
160 52 120
160 53 120
160 53 120
160 54 120
160 54 120
160 55 120
160 55 120
160 56 120
160 56 120
160 57 120
160 57 120
160 57 120
160 58 240
160 58 120
160 59 240
160 59 120
160 59 120
160 60 360
160 60 120
160 61 360
160 61 120
160 62 360
160 62 120
160 63 360
160 63 120
160 64 360
160 65 360
160 66 360
160 66 120
160 67 360
160 67 120
160 68 360
160 68 120
160 68 120
160 69 480
160 69 120
160 70 480
160 70 120
160 70 120
160 71 600
160 71 120
160 71 120
160 72 720
160 72 120
160 72 120
160 73 840
160 73 120
160 74 840
160 75 840
160 76 840
160 77 120
160 77 120
160 77 120
160 77 120
160 77 120
160 78 480
160 79 480
160 80 480
154 41 120
154 40 120
154 39 120
154 38 120
154 37 120
154 36 120
154 35 120
154 34 120
154 33 120
154 32 120
154 31 120
154 30 120
154 29 120
154 28 120
154 27 120
154 26 120
154 25 120
154 24 120
154 23 120
154 22 120
154 21 120
154 20 120
154 19 120
154 18 120
154 17 120
154 16 120
129 42 120
128 42 120
127 42 120
126 42 120
125 42 120
124 42 120
123 42 120
122 42 120
121 42 120
120 42 120
119 42 120
118 42 120
117 42 120
116 42 120
115 42 120
114 42 120
113 42 120
112 42 120
111 42 120
111 42 120
110 42 120
110 42 120
109 42 120
109 42 120
108 42 120
108 42 120
107 42 120
107 42 120
106 42 120
106 42 120
105 42 120
105 42 120
104 42 120
104 42 120
103 42 120
102 42 120
101 42 120
100 42 120
99 42 120
98 42 120
98 42 120
97 42 120
97 42 120
96 42 120
96 42 120
95 42 120
95 42 120
95 41 120
95 41 120
95 40 120
95 40 120
95 39 120
95 39 120
95 38 120
95 38 120
95 37 120
95 37 120
95 36 120
95 36 120
95 35 120
95 35 120
95 34 120
95 34 120
95 33 120
95 33 120
95 32 120
95 32 120
95 31 120
95 31 120
95 30 120
95 30 120
95 29 120
95 29 120
95 28 120
95 28 120
95 27 120
95 27 120
95 26 120
95 26 120
95 26 120
95 25 240
95 25 120
95 24 240
95 24 120
95 23 240
95 23 120
95 23 120
95 22 360
95 22 120
95 21 360
95 21 120
10 153 360
11 153 360
12 153 360
13 153 120
14 153 120
15 153 120
16 153 120
17 153 120
18 153 120
19 153 120
20 153 120
21 153 120
22 153 120
23 153 120
24 153 120
25 153 120
26 153 120
27 153 120
28 153 120
29 153 120
30 153 120
30 153 120
31 153 120
31 153 120
32 153 120
32 153 120
32 153 120
33 153 240
33 153 120
34 153 240
34 153 120
34 153 120
35 153 360
35 153 120
36 153 360
36 153 120
37 153 360
37 153 120
38 153 360
38 153 120
39 153 360
39 153 120
40 153 360
40 153 120
41 153 360
41 153 120
42 153 360
42 153 120
43 153 360
44 153 360
45 153 360
46 153 120
46 153 120
46 153 120
47 153 240
47 153 120
47 154 240
47 154 120
47 155 240
47 155 120
47 156 240
47 156 120
47 157 240
47 157 120
47 158 240
47 158 120
47 159 240
47 159 120
47 160 240
47 160 120
47 161 240
47 161 120
47 162 240
47 162 120
47 163 240
47 164 240
47 165 240
47 166 120
47 167 120
10 154 120
10 155 120
10 156 120
10 157 120
10 158 120
10 159 120
10 160 120
10 161 120
10 162 120
10 163 120
10 164 120
10 165 120
10 166 120
10 167 120
10 168 120
10 169 120
10 170 120
10 171 120
10 172 120
10 173 120
10 174 120
10 175 120
10 176 120
10 177 120
10 178 120
10 179 120
10 180 120
10 181 120
10 182 120
10 183 120
10 184 120
10 185 120
10 186 120
10 187 120
10 188 120
10 189 120
10 190 120
10 191 120
