148 182 120
147 182 120
146 182 120
145 182 120
144 182 120
143 182 120
142 182 120
141 182 120
140 182 120
139 182 120
138 182 120
137 182 120
136 182 120
135 182 120
134 182 120
133 182 120
132 182 120
131 182 120
130 182 120
129 182 120
128 182 120
127 182 120
126 182 120
125 182 120
124 182 120
123 182 120
122 182 120
121 182 120
120 182 120
119 182 120
118 182 120
117 182 120
116 182 120
115 182 120
114 182 120
113 182 120
112 182 120
111 182 120
110 182 120
109 182 120
108 182 120
107 182 120
106 182 120
105 182 120
104 182 120
103 182 120
102 182 120
101 182 120
100 182 120
99 182 120
98 182 120
97 182 120
96 182 120
95 182 120
94 182 120
93 182 120
92 182 120
91 182 120
90 182 120
89 182 120
88 182 120
87 182 120
86 182 120
85 182 120
84 182 120
83 182 120
82 182 120
82 182 120
81 182 120
81 182 120
80 182 120
80 182 120
79 182 120
79 182 120
78 182 120
78 182 120
77 182 120
77 182 120
76 182 120
75 182 120
74 182 120
73 182 120
72 182 120
71 182 120
70 182 120
69 182 120
69 182 120
68 182 120
68 182 120
67 182 120
67 182 120
66 182 120
66 182 120
65 182 120
64 182 120
63 182 120
62 182 120
61 182 120
60 182 120
59 182 120
59 182 120
58 182 120
58 182 120
57 182 120
57 182 120
56 182 120
56 182 120
55 182 120
55 182 120
55 182 120
54 182 240
54 182 120
54 183 240
54 183 120
54 183 120
54 184 360
54 184 120
54 185 360
54 185 120
54 185 120
54 186 480
54 186 120
54 187 480
54 187 120
54 187 120
54 188 600
54 188 120
132 181 600
132 180 600
132 179 600
132 178 120
132 177 120
132 176 120
132 175 120
132 174 120
132 173 120
132 172 120
132 171 120
132 170 120
132 169 120
132 168 120
132 167 120
132 166 120
132 165 120
132 164 120
132 163 120
132 162 120
132 161 120
132 160 120
132 159 120
132 158 120
132 157 120
132 156 120
132 155 120
132 154 120
132 153 120
132 152 120
132 151 120
132 150 120
132 149 120
132 148 120
132 147 120
132 146 120
132 145 120
132 144 120
132 143 120
132 142 120
132 141 120
132 141 120
132 140 120
132 139 120
132 138 120
132 137 120
132 136 120
132 135 120
132 134 120
132 133 120
132 132 120
132 132 120
132 131 120
132 131 120
132 130 120
132 130 120
132 129 120
132 129 120
132 128 120
132 128 120
132 127 120
132 127 120
132 126 120
132 126 120
132 125 120
132 125 120
132 124 120
132 124 120
132 123 120
132 122 120
132 121 120
132 120 120
132 119 120
132 118 120
132 117 120
132 116 120
132 115 120
132 114 120
132 113 120
132 112 120
132 111 120
132 110 120
132 109 120
