82 41 100
83 41 100
84 41 100
85 41 100
86 41 100
87 41 100
88 41 100
89 41 100
90 41 100
91 41 100
92 41 100
93 41 100
94 41 100
95 41 100
96 41 100
97 41 100
98 41 100
99 41 100
100 41 100
100 41 100
101 41 100
101 41 100
102 41 100
102 41 100
102 41 100
103 41 200
103 41 100
103 41 100
104 41 300
104 41 100
104 41 100
105 41 400
105 41 100
105 41 100
106 41 500
106 41 100
106 41 100
107 41 600
107 41 100
107 41 100
108 41 700
108 41 100
108 41 100
109 41 800
109 41 100
109 41 100
110 41 900
110 41 100
110 41 100
111 41 1000
111 41 100
111 41 100
112 41 1100
112 41 100
112 41 100
113 41 1200
113 41 100
113 41 100
114 41 1300
114 41 100
114 41 100
114 41 100
115 41 1500
115 41 100
115 41 100
115 41 100
116 41 1700
116 41 100
116 41 100
116 41 100
117 41 1900
117 41 100
117 41 100
117 41 100
117 41 100
118 41 2200
118 41 100
118 41 100
118 41 100
118 41 100
119 41 2500
119 41 100
119 41 100
119 41 100
119 41 100
120 41 2800
120 41 100
120 41 100
120 41 100
120 41 100
120 41 100
121 41 3200
121 41 100
121 41 100
121 41 100
122 41 3400
122 41 100
122 41 100
122 41 100
122 41 100
123 41 3700
123 41 100
123 41 100
124 41 3800
124 41 100
124 41 100
125 41 3900
125 41 100
125 41 100
126 41 4000
127 41 4000
128 41 4000
129 41 100
129 41 100
129 41 100
129 41 100
129 41 100
129 41 100
129 41 100
129 41 100
129 41 100
129 41 100
129 41 100
129 41 100
129 41 100
129 41 100
129 41 100
129 41 100
129 41 100
129 41 100
129 41 100
129 41 100
129 41 100
129 41 100
129 41 100
129 41 100
129 41 100
129 41 100
129 41 100
129 41 100
129 41 100
129 41 100
129 41 100
129 41 100
129 41 100
129 41 100
129 41 100
129 41 100
129 41 100
130 41 3600
131 41 3600
132 41 3600
133 41 100
133 41 100
133 41 100
133 41 100
133 41 100
133 41 100
133 41 100
133 41 100
133 41 100
133 41 100
133 41 100
133 41 100
133 41 100
133 41 100
133 41 100
133 41 100
133 41 100
133 41 100
133 41 100
133 41 100
133 41 100
133 41 100
133 41 100
133 41 100
133 41 100
133 41 100
133 41 100
133 41 100
133 41 100
133 41 100
133 41 100
133 41 100
134 41 3100
135 41 3100
136 41 3100
137 41 100
137 41 100
137 41 100
137 41 100
137 41 100
137 41 100
137 41 100
137 41 100
137 41 100
137 41 100
137 41 100
137 41 100
137 41 100
137 41 100
137 41 100
137 41 100
137 41 100
137 41 100
137 41 100
137 41 100
137 41 100
137 41 100
137 41 100
137 41 100
137 41 100
137 41 100
137 41 100
137 41 100
137 41 100
138 41 2800
139 41 2800
140 41 2800
141 41 100
141 41 100
141 41 100
141 41 100
141 41 100
141 41 100
141 41 100
141 41 100
141 41 100
141 41 100
141 41 100
141 41 100
141 41 100
141 41 100
141 41 100
141 41 100
141 41 100
141 41 100
141 41 100
141 41 100
141 41 100
142 41 2000
143 41 2000
144 41 2000
145 41 100
145 41 100
145 41 100
145 41 100
145 41 100
145 41 100
145 41 100
145 41 100
145 41 100
145 41 100
146 41 900
147 41 900
148 41 900
149 41 100
149 41 100
149 41 100
150 41 200
150 41 100
151 41 200
152 41 200
153 41 200
154 41 100
154 41 100
155 41 100
156 41 100
157 41 100
158 41 100
159 41 100
160 41 100
161 41 100
162 41 100
163 41 100
164 41 100
165 41 100
166 41 100
167 41 100
168 41 100
169 41 100
170 41 100
171 41 100
172 41 100
173 41 100
174 41 100
175 41 100
176 41 100
177 41 100
178 41 100
179 41 100
180 41 100
181 41 100
181 42 100
181 43 100
181 44 100
181 45 100
181 46 100
181 47 100
181 48 100
181 49 100
181 50 100
181 51 100
181 52 100
181 53 100
181 54 100
181 55 100
181 56 100
86 42 100
86 43 100
86 44 100
86 45 100
86 46 100
86 47 100
86 48 100
86 49 100
86 50 100
86 51 100
86 52 100
86 53 100
86 54 100
86 55 100
86 56 100
86 57 100
86 58 100
86 59 100
86 60 100
86 61 100
86 62 100
86 63 100
86 64 100
86 65 100
86 66 100
86 67 100
86 68 100
86 69 100
111 119 100
112 119 100
113 119 100
114 119 100
115 119 100
116 119 100
117 119 100
118 119 100
119 119 100
120 119 100
121 119 100
122 119 100
123 119 100
124 119 100
125 119 100
126 119 100
127 119 100
128 119 100
129 119 100
130 119 100
131 119 100
132 119 100
133 119 100
134 119 100
135 119 100
136 119 100
137 119 100
138 119 100
139 119 100
140 119 100
141 119 100
142 119 100
142 118 100
142 117 100
142 116 100
142 115 100
142 114 100
142 113 100
142 112 100
142 111 100
142 110 100
142 109 100
142 108 100
142 107 100
142 106 100
142 105 100
142 104 100
136 131 100
137 131 100
138 131 100
139 131 100
140 131 100
141 131 100
142 131 100
142 130 100
142 129 100
142 128 100
142 127 100
142 126 100
142 125 100
142 124 100
142 123 100
142 122 100
142 121 100
142 120 100
143 131 100
144 131 100
145 131 100
146 131 100
147 131 100
148 131 100
149 131 100
150 131 100
151 131 100
152 131 100
153 131 100
154 131 100
155 131 100
156 131 100
157 131 100
158 131 100
159 131 100
160 131 100
161 131 100
162 131 100
163 131 100
164 131 100
165 131 100
165 132 100
165 133 100
165 134 100
165 135 100
165 136 100
164 136 100
163 136 100
162 136 100
161 136 100
161 137 100
161 138 100
161 139 100
161 140 100
161 141 100
161 142 100
161 143 100
161 144 100
161 145 100
161 146 100
161 147 100
161 148 100
161 149 100
161 149 100
161 150 100
161 150 100
161 150 100
161 151 200
161 151 100
161 152 200
161 152 100
161 152 100
161 152 100
161 153 400
161 153 100
161 153 100
161 154 500
161 154 100
161 154 100
161 154 100
161 155 700
161 155 100
161 155 100
161 156 800
161 156 100
161 156 100
161 156 100
161 157 1000
161 157 100
161 157 100
161 158 1100
161 158 100
161 158 100
161 159 1200
161 159 100
161 159 100
161 160 1300
161 160 100
161 161 1300
161 161 100
161 162 1300
161 162 100
161 163 1300
161 164 1300
161 165 1300
161 166 100
161 166 100
161 166 100
161 166 100
161 166 100
161 166 100
161 166 100
161 166 100
161 166 100
161 167 800
161 168 800
161 169 800
161 170 100
161 170 100
161 170 100
161 170 100
161 171 300
161 172 300
161 173 300
161 174 100
161 174 100
161 175 100
161 176 100
161 177 100
161 178 100
161 179 100
161 180 100
161 181 100
161 182 100
161 183 100
161 184 100
161 185 100
161 186 100
161 187 100
161 188 100
161 189 100
161 190 100
161 191 100
161 192 100
161 193 100
161 194 100
161 195 100
161 196 100
161 197 100
161 198 100
115 120 100
115 121 100
115 122 100
115 123 100
115 124 100
115 125 100
115 126 100
115 127 100
115 128 100
115 129 100
115 130 100
115 131 100
115 132 100
115 133 100
115 134 100
115 135 100
115 136 100
115 137 100
115 138 100
115 139 100
115 140 100
115 141 100
115 142 100
115 143 100
115 144 100
115 145 100
115 146 100
115 147 100
115 148 100
115 149 100
115 150 100
115 151 100
115 152 100
115 153 100
49 164 100
48 164 100
47 164 100
46 164 100
45 164 100
44 164 100
43 164 100
42 164 100
41 164 100
40 164 100
39 164 100
38 164 100
37 164 100
36 164 100
35 164 100
34 164 100
33 164 100
32 164 100
31 164 100
30 164 100
29 164 100
28 164 100
27 164 100
26 164 100
25 164 100
24 164 100
23 164 100
22 164 100
21 164 100
21 164 100
20 164 100
20 164 100
19 164 100
19 164 100
19 164 100
18 164 200
18 164 100
18 164 100
17 164 300
17 164 100
17 164 100
17 163 400
17 162 400
17 161 400
17 160 100
17 160 100
17 159 100
17 158 100
17 157 100
17 156 100
17 155 100
17 154 100
17 153 100
17 152 100
17 151 100
17 150 100
17 149 100
17 148 100
17 147 100
17 146 100
17 145 100
17 144 100
17 143 100
17 142 100
17 141 100
17 140 100
17 139 100
17 138 100
17 137 100
124 40 100
124 40 100
124 40 100
124 40 100
124 40 100
124 40 100
124 40 100
124 40 100
124 40 100
124 40 100
124 40 100
124 40 100
124 40 100
124 40 100
124 40 100
124 40 100
124 40 100
124 40 100
124 40 100
124 40 100
124 40 100
124 40 100
124 40 100
124 40 100
124 40 100
124 40 100
124 40 100
124 40 100
124 40 100
124 40 100
124 40 100
124 40 100
124 40 100
124 40 100
124 40 100
124 40 100
124 40 100
124 40 100
124 40 100
124 40 100
124 40 100
124 39 4000
124 39 100
124 38 4000
124 38 100
124 37 4000
124 37 100
124 36 4000
124 36 100
124 35 4000
124 34 4000
124 33 4000
124 32 100
124 32 100
124 32 100
124 32 100
124 32 100
124 32 100
124 32 100
124 32 100
124 32 100
124 32 100
124 32 100
124 32 100
124 32 100
124 32 100
124 32 100
124 32 100
124 32 100
124 32 100
124 32 100
124 32 100
124 32 100
124 32 100
124 32 100
124 32 100
124 32 100
124 32 100
124 32 100
124 32 100
124 32 100
124 32 100
124 32 100
124 32 100
124 32 100
124 32 100
124 32 100
124 32 100
124 32 100
124 31 3600
124 30 3600
124 29 3600
124 28 100
124 28 100
124 28 100
124 28 100
124 28 100
124 28 100
124 28 100
124 28 100
124 28 100
124 28 100
124 28 100
124 28 100
124 28 100
124 28 100
124 28 100
124 28 100
124 28 100
124 28 100
124 28 100
124 28 100
124 28 100
124 28 100
124 28 100
124 28 100
124 28 100
124 28 100
124 28 100
124 28 100
124 28 100
124 28 100
124 28 100
124 28 100
124 28 100
124 27 3200
124 26 3200
124 25 3200
124 24 100
124 24 100
124 24 100
124 24 100
124 24 100
124 24 100
124 24 100
124 24 100
124 24 100
124 24 100
124 24 100
124 24 100
124 24 100
124 24 100
124 24 100
124 24 100
124 24 100
124 24 100
124 24 100
124 24 100
124 24 100
124 24 100
124 24 100
124 24 100
124 24 100
124 24 100
124 24 100
124 24 100
124 23 2700
124 22 2700
124 21 2700
124 20 100
124 20 100
124 20 100
124 20 100
124 20 100
124 20 100
124 20 100
124 20 100
124 20 100
124 20 100
124 20 100
124 20 100
124 20 100
124 20 100
124 20 100
124 20 100
124 20 100
124 20 100
124 20 100
124 20 100
124 19 1900
124 18 1900
124 17 1900
124 16 100
124 16 100
124 16 100
124 16 100
124 16 100
124 16 100
124 16 100
124 16 100
124 16 100
124 16 100
124 15 900
124 14 900
124 13 900
124 12 100
124 12 100
124 12 100
124 11 200
124 10 200
124 9 200
124 8 100
124 7 100
124 6 100
124 5 100
124 4 100
124 3 100
124 2 100
124 1 100
124 0 100
197 71 100
196 71 100
195 71 100
194 71 100
193 71 100
192 71 100
191 71 100
190 71 100
189 71 100
188 71 100
187 71 100
186 71 100
185 71 100
184 71 100
183 71 100
183 71 100
182 71 100
182 71 100
182 71 100
181 71 200
181 71 100
181 71 100
181 70 300
181 69 300
181 68 300
181 67 100
181 66 100
181 65 100
181 64 100
181 63 100
181 62 100
181 61 100
181 60 100
181 59 100
181 58 100
181 57 100
