96 117 50
95 117 50
94 117 50
93 117 50
92 117 50
91 117 50
90 117 50
89 117 50
89 117 50
88 117 50
88 117 50
87 117 50
87 117 50
86 117 50
86 117 50
85 117 50
85 117 50
84 117 50
84 117 50
83 117 50
83 117 50
82 117 50
82 117 50
81 117 50
81 117 50
80 117 50
80 117 50
79 117 50
79 117 50
78 117 50
78 117 50
77 117 50
77 117 50
76 117 50
76 117 50
75 117 50
75 117 50
74 117 50
73 117 50
72 117 50
71 117 50
70 117 50
69 117 50
68 117 50
67 117 50
67 117 50
66 117 50
66 117 50
65 117 50
65 117 50
64 117 50
64 117 50
63 117 50
63 117 50
62 117 50
62 117 50
61 117 50
61 117 50
60 117 50
60 117 50
59 117 50
59 117 50
58 117 50
58 117 50
57 117 50
57 117 50
56 117 50
55 117 50
54 117 50
53 117 50
52 117 50
51 117 50
50 117 50
49 117 50
48 117 50
47 117 50
46 117 50
45 117 50
44 117 50
43 117 50
42 117 50
41 117 50
40 117 50
39 117 50
38 117 50
37 117 50
36 117 50
35 117 50
34 117 50
33 117 50
32 117 50
32 117 50
31 117 50
31 117 50
30 117 50
30 117 50
29 117 50
29 117 50
28 117 50
28 117 50
27 117 50
27 117 50
27 117 50
26 117 50
26 117 50
26 117 50
25 117 50
25 117 50
25 117 50
25 117 50
24 117 50
24 117 50
24 117 50
24 117 50
23 117 50
23 117 50
23 117 50
23 117 50
23 117 50
22 117 50
22 117 50
22 117 50
22 117 50
22 117 50
22 117 50
21 117 50
21 117 50
21 117 50
21 117 50
21 117 50
21 117 50
20 117 50
20 117 50
20 117 50
20 117 50
20 117 50
20 117 50
20 117 50
19 117 50
19 117 50
19 117 50
19 117 50
19 117 50
19 117 50
19 117 50
19 117 50
18 117 50
18 117 50
18 117 50
18 117 50
18 117 50
18 117 50
18 117 50
18 117 50
18 117 50
18 117 50
17 117 50
17 117 50
17 117 50
17 117 50
17 117 50
17 117 50
17 117 50
17 117 50
17 117 50
17 117 50
17 117 50
16 117 50
16 117 50
16 117 50
16 117 50
16 117 50
16 117 50
16 117 50
16 117 50
16 117 50
16 117 50
16 117 50
16 117 50
15 117 50
15 117 50
15 117 50
15 117 50
15 117 50
15 117 50
15 117 50
15 117 50
15 117 50
15 117 50
15 117 50
15 117 50
15 117 50
14 117 50
14 117 50
14 117 50
14 117 50
14 117 50
14 117 50
14 117 50
14 117 50
14 117 50
14 117 50
14 117 50
14 117 50
14 117 50
14 117 50
13 117 50
13 117 50
13 117 50
13 117 50
13 117 50
13 117 50
13 117 50
13 117 50
13 117 50
13 117 50
13 117 50
13 117 50
13 117 50
13 117 50
13 117 50
13 117 50
12 117 50
12 117 50
12 117 50
12 117 50
12 117 50
12 117 50
12 117 50
12 117 50
12 117 50
12 117 50
12 117 50
12 117 50
12 117 50
12 117 50
12 117 50
12 117 50
12 117 50
11 117 50
11 117 50
11 117 50
11 117 50
11 117 50
11 117 50
11 117 50
11 117 50
11 117 50
11 117 50
11 117 50
11 117 50
11 117 50
11 117 50
11 117 50
11 117 50
11 117 50
11 117 50
11 117 50
11 117 50
10 117 50
10 117 50
10 117 50
10 117 50
10 117 50
10 117 50
10 117 50
10 117 50
10 117 50
10 117 50
10 117 50
10 117 50
10 117 50
10 117 50
10 117 50
10 117 50
10 117 50
10 117 50
10 117 50
10 117 50
10 117 50
10 117 50
9 117 50
9 117 50
9 117 50
9 117 50
9 117 50
9 117 50
9 117 50
9 117 50
9 117 50
9 117 50
9 117 50
9 117 50
9 117 50
9 117 50
9 117 50
9 117 50
9 117 50
9 117 50
9 117 50
9 117 50
9 117 50
9 117 50
9 117 50
9 117 50
9 117 50
8 117 50
8 117 50
8 117 50
8 117 50
8 117 50
8 117 50
8 117 50
8 117 50
8 117 50
8 117 50
8 117 50
8 117 50
8 117 50
8 117 50
8 117 50
8 117 50
8 117 50
8 117 50
8 117 50
8 117 50
8 117 50
8 117 50
8 117 50
8 117 50
8 117 50
8 117 50
8 117 50
8 117 50
7 117 50
7 117 50
7 117 50
7 117 50
7 117 50
7 117 50
7 117 50
7 117 50
7 117 50
7 117 50
7 117 50
7 117 50
7 117 50
7 117 50
7 117 50
7 117 50
7 117 50
7 117 50
7 117 50
7 117 50
7 117 50
7 117 50
7 117 50
7 117 50
7 117 50
7 117 50
7 117 50
7 117 50
7 117 50
7 117 50
7 117 50
6 117 50
6 117 50
6 117 50
6 117 50
6 117 50
6 117 50
6 117 50
6 117 50
6 117 50
6 117 50
6 117 50
6 117 50
6 117 50
6 117 50
6 117 50
6 117 50
6 117 50
6 117 50
6 117 50
6 117 50
6 117 50
6 117 50
6 117 50
6 117 50
6 117 50
6 117 50
6 117 50
6 117 50
6 117 50
6 117 50
6 117 50
6 117 50
6 117 50
6 117 50
5 117 50
5 117 50
5 117 50
5 117 50
5 117 50
5 117 50
5 117 50
5 117 50
5 117 50
5 117 50
5 117 50
5 117 50
5 117 50
5 117 50
5 117 50
5 117 50
5 117 50
5 117 50
5 117 50
5 117 50
5 117 50
5 117 50
5 117 50
5 117 50
5 117 50
5 117 50
5 117 50
5 117 50
5 117 50
5 117 50
5 117 50
5 117 50
5 117 50
5 117 50
5 117 50
5 117 50
4 117 50
4 117 50
4 117 50
4 117 50
4 117 50
4 117 50
4 117 50
4 117 50
4 117 50
4 117 50
4 117 50
4 117 50
4 117 50
4 117 50
4 117 50
4 117 50
4 117 50
4 117 50
4 117 50
4 117 50
4 117 50
4 117 50
4 117 50
4 117 50
4 117 50
4 117 50
4 117 50
4 117 50
4 117 50
4 117 50
4 117 50
4 117 50
4 117 50
4 117 50
4 117 50
4 117 50
4 117 50
4 117 50
3 117 50
3 117 50
3 117 50
3 117 50
3 117 50
3 117 50
3 117 50
3 117 50
3 117 50
3 117 50
3 117 50
3 117 50
3 117 50
3 117 50
3 117 50
3 117 50
3 117 50
3 117 50
3 117 50
3 117 50
3 117 50
3 117 50
3 117 50
3 117 50
3 117 50
3 117 50
3 117 50
3 117 50
3 117 50
3 117 50
3 117 50
3 117 50
3 117 50
3 117 50
3 117 50
3 117 50
3 117 50
3 117 50
3 117 50
2 117 50
2 117 50
2 117 50
2 117 50
2 117 50
2 117 50
2 117 50
2 117 50
2 117 50
2 117 50
2 117 50
2 117 50
2 117 50
2 117 50
2 117 50
2 117 50
2 117 50
2 117 50
2 117 50
2 117 50
2 117 50
2 117 50
2 117 50
2 117 50
2 117 50
2 117 50
2 117 50
2 117 50
2 117 50
2 117 50
2 117 50
2 117 50
2 117 50
2 117 50
2 117 50
2 117 50
2 117 50
2 117 50
2 117 50
2 117 50
2 118 1950
2 119 50
2 119 50
2 119 50
2 119 50
2 119 50
2 119 50
2 119 50
2 119 50
2 119 50
2 119 50
2 119 50
2 119 50
2 119 50
2 119 50
2 119 50
2 119 50
2 119 50
2 119 50
2 119 50
2 119 50
2 119 50
2 119 50
2 119 50
2 119 50
2 119 50
2 119 50
2 119 50
2 119 50
2 119 50
2 119 50
2 119 50
2 119 50
2 119 50
2 119 50
2 119 50
2 120 50
2 120 50
2 120 50
2 120 50
2 120 50
2 120 50
2 120 50
2 120 50
2 120 50
2 120 50
2 120 50
2 120 50
2 120 50
2 120 50
2 120 50
2 120 50
2 120 50
2 120 50
2 120 50
2 120 50
2 120 50
2 120 50
2 120 50
2 120 50
2 120 50
2 120 50
2 120 50
2 120 50
2 120 50
2 120 50
2 120 50
2 121 50
2 121 50
2 121 50
2 121 50
2 121 50
2 121 50
2 121 50
2 121 50
2 121 50
2 121 50
2 121 50
2 121 50
2 121 50
2 121 50
2 121 50
2 121 50
2 121 50
2 121 50
2 121 50
2 121 50
2 121 50
2 121 50
2 121 50
2 121 50
2 121 50
2 121 50
2 121 50
2 121 50
2 122 50
2 122 50
2 122 50
2 122 50
2 122 50
2 122 50
2 122 50
2 122 50
2 122 50
2 122 50
2 122 50
2 122 50
2 122 50
2 122 50
2 122 50
2 122 50
2 122 50
2 122 50
2 122 50
2 122 50
2 122 50
2 122 50
2 122 50
2 122 50
2 122 50
2 123 50
2 123 50
2 123 50
2 123 50
2 123 50
2 123 50
2 123 50
2 123 50
2 123 50
2 123 50
2 123 50
2 123 50
2 123 50
2 123 50
2 123 50
2 123 50
2 123 50
2 123 50
2 123 50
2 123 50
2 123 50
2 123 50
2 123 50
2 124 50
2 124 50
2 124 50
2 124 50
2 124 50
2 124 50
2 124 50
2 124 50
2 124 50
2 124 50
2 124 50
2 124 50
2 124 50
2 124 50
2 124 50
2 124 50
2 124 50
2 124 50
2 124 50
2 124 50
2 124 50
2 125 50
2 125 50
2 125 50
2 125 50
2 125 50
2 125 50
2 125 50
2 125 50
2 125 50
2 125 50
2 125 50
2 125 50
2 125 50
2 125 50
2 125 50
2 125 50
2 125 50
2 125 50
2 125 50
2 126 50
2 126 50
2 126 50
2 126 50
2 126 50
2 126 50
2 126 50
2 126 50
2 126 50
2 126 50
2 126 50
2 126 50
2 126 50
2 126 50
2 126 50
2 126 50
2 126 50
2 126 50
2 127 50
2 127 50
2 127 50
2 127 50
2 127 50
2 127 50
2 127 50
2 127 50
2 127 50
2 127 50
2 127 50
2 127 50
2 127 50
2 127 50
2 127 50
2 127 50
2 127 50
2 128 50
2 128 50
2 128 50
2 128 50
2 128 50
2 128 50
2 128 50
2 128 50
2 128 50
2 128 50
2 128 50
2 128 50
2 128 50
2 128 50
2 128 50
2 128 50
2 129 50
2 129 50
2 129 50
2 129 50
2 129 50
2 129 50
2 129 50
2 129 50
2 129 50
2 129 50
2 129 50
2 129 50
2 129 50
2 129 50
2 129 50
2 130 50
2 130 50
2 130 50
2 130 50
2 130 50
2 130 50
2 130 50
2 130 50
2 130 50
2 130 50
2 130 50
2 130 50
2 130 50
2 130 50
2 131 50
2 131 50
2 131 50
2 131 50
2 131 50
2 131 50
2 131 50
2 131 50
2 131 50
2 131 50
2 131 50
2 131 50
2 131 50
2 131 50
2 132 50
2 132 50
2 132 50
2 132 50
2 132 50
2 132 50
2 132 50
2 132 50
2 132 50
2 132 50
2 132 50
2 132 50
2 132 50
2 133 50
2 133 50
2 133 50
2 133 50
2 133 50
2 133 50
2 133 50
2 133 50
2 133 50
2 133 50
2 133 50
2 133 50
2 133 50
2 134 50
2 134 50
2 134 50
2 134 50
2 134 50
2 134 50
2 134 50
2 134 50
2 134 50
2 134 50
2 134 50
2 134 50
2 134 50
2 135 50
2 135 50
2 135 50
2 135 50
2 135 50
2 135 50
2 135 50
2 135 50
2 135 50
2 135 50
2 135 50
2 135 50
2 135 50
2 135 50
2 136 50
2 136 50
2 136 50
2 136 50
2 136 50
2 136 50
2 136 50
2 136 50
2 136 50
2 136 50
2 136 50
2 136 50
2 136 50
2 136 50
2 136 50
2 137 50
2 137 50
2 137 50
2 137 50
2 137 50
2 137 50
2 137 50
2 137 50
2 137 50
2 137 50
2 137 50
2 137 50
2 137 50
2 137 50
2 137 50
2 137 50
2 138 50
2 138 50
2 138 50
2 138 50
2 138 50
2 138 50
2 138 50
2 138 50
2 138 50
2 138 50
2 138 50
2 138 50
2 138 50
2 138 50
2 138 50
2 138 50
2 138 50
2 139 50
2 139 50
2 139 50
2 139 50
2 139 50
2 139 50
2 139 50
2 139 50
2 139 50
2 139 50
2 139 50
2 139 50
2 139 50
2 139 50
2 139 50
2 139 50
2 139 50
2 139 50
2 140 50
2 140 50
2 140 50
2 140 50
2 140 50
2 140 50
2 140 50
2 140 50
2 140 50
2 140 50
2 140 50
2 140 50
2 140 50
2 140 50
2 140 50
2 140 50
2 140 50
2 140 50
2 140 50
2 140 50
2 141 50
2 141 50
2 141 50
2 141 50
2 141 50
2 141 50
2 141 50
2 141 50
2 141 50
2 141 50
2 141 50
2 141 50
2 141 50
2 141 50
2 141 50
2 141 50
2 141 50
2 141 50
2 141 50
2 141 50
2 141 50
2 142 50
2 142 50
2 142 50
2 142 50
2 142 50
2 142 50
2 142 50
2 142 50
2 142 50
2 142 50
2 142 50
2 142 50
2 142 50
2 142 50
2 142 50
2 142 50
2 142 50
2 142 50
2 142 50
2 142 50
2 142 50
2 142 50
2 143 50
2 143 50
2 143 50
2 143 50
2 143 50
2 143 50
2 143 50
2 143 50
2 143 50
2 143 50
2 143 50
2 143 50
2 143 50
2 143 50
2 143 50
2 143 50
2 143 50
2 143 50
2 143 50
2 143 50
2 143 50
2 143 50
2 143 50
2 144 50
2 144 50
2 144 50
2 144 50
2 144 50
2 144 50
2 144 50
2 144 50
2 144 50
2 144 50
2 144 50
2 144 50
2 144 50
2 144 50
2 144 50
2 144 50
2 144 50
2 144 50
2 144 50
2 144 50
2 144 50
2 144 50
2 144 50
2 145 50
2 145 50
2 145 50
2 145 50
2 145 50
2 145 50
2 145 50
2 145 50
2 145 50
2 145 50
2 145 50
2 145 50
2 145 50
2 145 50
2 145 50
2 145 50
2 145 50
2 145 50
2 145 50
2 145 50
2 145 50
2 145 50
2 145 50
2 146 50
2 146 50
2 146 50
2 146 50
2 146 50
2 146 50
2 146 50
2 146 50
2 146 50
2 146 50
2 146 50
2 146 50
2 146 50
2 146 50
2 146 50
2 146 50
2 146 50
2 146 50
2 146 50
2 146 50
2 146 50
2 146 50
2 146 50
2 147 50
2 147 50
2 147 50
2 147 50
2 147 50
2 147 50
2 147 50
2 147 50
2 147 50
2 147 50
2 147 50
2 147 50
2 147 50
2 147 50
2 147 50
2 147 50
2 147 50
2 147 50
2 147 50
2 147 50
2 147 50
2 147 50
2 147 50
2 148 50
2 148 50
2 148 50
2 148 50
2 148 50
2 148 50
2 148 50
2 148 50
2 148 50
2 148 50
2 148 50
2 148 50
2 148 50
2 148 50
2 148 50
2 148 50
2 148 50
2 148 50
2 148 50
2 148 50
2 148 50
2 148 50
2 149 50
2 149 50
2 149 50
2 149 50
2 149 50
2 149 50
2 149 50
2 149 50
2 149 50
2 149 50
2 149 50
2 149 50
2 149 50
2 149 50
2 149 50
2 149 50
2 149 50
2 149 50
2 149 50
2 149 50
2 149 50
2 149 50
2 150 50
2 150 50
2 150 50
2 150 50
2 150 50
2 150 50
2 150 50
2 150 50
2 150 50
2 150 50
2 150 50
2 150 50
2 150 50
2 150 50
2 150 50
2 150 50
2 150 50
2 150 50
2 150 50
2 150 50
2 151 50
2 151 50
2 151 50
2 151 50
2 151 50
2 151 50
2 151 50
2 151 50
2 151 50
2 151 50
2 151 50
2 151 50
2 151 50
2 151 50
2 151 50
2 151 50
2 151 50
2 151 50
2 151 50
2 152 50
2 152 50
2 152 50
2 152 50
2 152 50
2 152 50
2 152 50
2 152 50
2 152 50
2 152 50
2 152 50
2 152 50
2 152 50
2 152 50
2 152 50
2 152 50
2 153 50
2 153 50
2 153 50
2 153 50
2 153 50
2 153 50
2 153 50
2 153 50
2 153 50
2 153 50
2 153 50
2 153 50
2 153 50
2 153 50
2 154 50
2 154 50
2 154 50
2 154 50
2 154 50
2 154 50
2 154 50
2 154 50
2 154 50
2 154 50
2 154 50
2 155 50
2 155 50
2 155 50
2 155 50
2 155 50
2 155 50
2 155 50
2 155 50
2 155 50
2 156 50
2 156 50
2 156 50
2 156 50
2 156 50
2 156 50
2 156 50
2 157 50
2 157 50
2 157 50
2 157 50
2 157 50
2 158 50
2 158 50
2 158 50
2 158 50
2 159 50
2 159 50
2 159 50
2 160 50
2 160 50
2 160 50
2 161 50
2 161 50
2 162 50
2 162 50
2 163 50
2 163 50
2 164 50
2 164 50
2 165 50
2 166 50
2 167 50
2 168 50
2 169 50
2 170 50
6 66 50
6 66 50
6 66 50
6 66 50
6 66 50
6 66 50
6 66 50
6 66 50
6 66 50
6 66 50
6 66 50
5 66 50
5 66 50
5 66 50
5 66 50
5 66 50
5 66 50
5 66 50
5 66 50
5 66 50
5 66 50
5 66 50
4 66 50
4 66 50
4 66 50
4 66 50
4 66 50
4 66 50
4 66 50
4 66 50
4 66 50
4 66 50
4 66 50
3 66 50
3 66 50
3 66 50
3 66 50
3 66 50
3 66 50
3 66 50
3 66 50
3 66 50
3 66 50
3 66 50
2 66 50
2 66 50
2 66 50
2 66 50
2 66 50
2 66 50
2 66 50
2 66 50
2 66 50
2 66 50
2 67 450
2 67 50
2 67 50
2 68 50
2 68 50
2 68 50
2 68 50
2 68 50
2 68 50
2 68 50
2 68 50
2 68 50
2 68 50
2 68 50
2 68 50
2 69 50
2 69 50
2 69 50
2 69 50
2 69 50
2 69 50
2 69 50
2 69 50
2 69 50
2 69 50
2 69 50
2 69 50
2 69 50
2 70 50
2 70 50
2 70 50
2 70 50
2 70 50
2 70 50
2 70 50
2 70 50
2 70 50
2 70 50
2 70 50
2 70 50
2 70 50
2 70 50
2 71 50
2 71 50
2 71 50
2 71 50
2 71 50
2 71 50
2 71 50
2 71 50
2 71 50
2 71 50
2 71 50
2 71 50
2 71 50
2 71 50
2 72 50
2 72 50
2 72 50
2 72 50
2 72 50
2 72 50
2 72 50
2 72 50
2 72 50
2 72 50
2 72 50
2 72 50
2 72 50
2 72 50
2 72 50
2 73 50
2 73 50
2 73 50
2 73 50
2 73 50
2 73 50
2 73 50
2 73 50
2 73 50
2 73 50
2 73 50
2 73 50
2 73 50
2 73 50
2 73 50
2 74 50
2 74 50
2 74 50
2 74 50
2 74 50
2 74 50
2 74 50
2 74 50
2 74 50
2 74 50
2 74 50
2 74 50
2 74 50
2 74 50
2 74 50
2 74 50
2 75 50
2 75 50
2 75 50
2 75 50
2 75 50
2 75 50
2 75 50
2 75 50
2 75 50
2 75 50
2 75 50
2 75 50
2 75 50
2 75 50
2 75 50
2 75 50
2 76 50
2 76 50
2 76 50
2 76 50
2 76 50
2 76 50
2 76 50
2 76 50
2 76 50
2 76 50
2 76 50
2 76 50
2 76 50
2 76 50
2 76 50
2 76 50
2 77 50
2 77 50
2 77 50
2 77 50
2 77 50
2 77 50
2 77 50
2 77 50
2 77 50
2 77 50
2 77 50
2 77 50
2 77 50
2 77 50
2 77 50
2 77 50
2 77 50
2 78 50
2 78 50
2 78 50
2 78 50
2 78 50
2 78 50
2 78 50
2 78 50
2 78 50
2 78 50
2 78 50
2 78 50
2 78 50
2 78 50
2 78 50
2 78 50
2 78 50
2 79 50
2 79 50
2 79 50
2 79 50
2 79 50
2 79 50
2 79 50
2 79 50
2 79 50
2 79 50
2 79 50
2 79 50
2 79 50
2 79 50
2 79 50
2 79 50
2 79 50
2 79 50
2 80 50
2 80 50
2 80 50
2 80 50
2 80 50
2 80 50
2 80 50
2 80 50
2 80 50
2 80 50
2 80 50
2 80 50
2 80 50
2 80 50
2 80 50
2 80 50
2 80 50
2 80 50
2 81 50
2 81 50
2 81 50
2 81 50
2 81 50
2 81 50
2 81 50
2 81 50
2 81 50
2 81 50
2 81 50
2 81 50
2 81 50
2 81 50
2 81 50
2 81 50
2 81 50
2 81 50
2 82 50
2 82 50
2 82 50
2 82 50
2 82 50
2 82 50
2 82 50
2 82 50
2 82 50
2 82 50
2 82 50
2 82 50
2 82 50
2 82 50
2 82 50
2 82 50
2 82 50
2 82 50
2 83 50
2 83 50
2 83 50
2 83 50
2 83 50
2 83 50
2 83 50
2 83 50
2 83 50
2 83 50
2 83 50
2 83 50
2 83 50
2 83 50
2 83 50
2 83 50
2 83 50
2 83 50
2 84 50
2 84 50
2 84 50
2 84 50
2 84 50
2 84 50
2 84 50
2 84 50
2 84 50
2 84 50
2 84 50
2 84 50
2 84 50
2 84 50
2 84 50
2 84 50
2 84 50
2 84 50
2 85 50
2 85 50
2 85 50
2 85 50
2 85 50
2 85 50
2 85 50
2 85 50
2 85 50
2 85 50
2 85 50
2 85 50
2 85 50
2 85 50
2 85 50
2 85 50
2 85 50
2 85 50
2 86 50
2 86 50
2 86 50
2 86 50
2 86 50
2 86 50
2 86 50
2 86 50
2 86 50
2 86 50
2 86 50
2 86 50
2 86 50
2 86 50
2 86 50
2 86 50
2 86 50
2 87 50
2 87 50
2 87 50
2 87 50
2 87 50
2 87 50
2 87 50
2 87 50
2 87 50
2 87 50
2 87 50
2 87 50
2 87 50
2 87 50
2 87 50
2 87 50
2 87 50
2 88 50
2 88 50
2 88 50
2 88 50
2 88 50
2 88 50
2 88 50
2 88 50
2 88 50
2 88 50
2 88 50
2 88 50
2 88 50
2 88 50
2 88 50
2 88 50
2 88 50
2 89 50
2 89 50
2 89 50
2 89 50
2 89 50
2 89 50
2 89 50
2 89 50
2 89 50
2 89 50
2 89 50
2 89 50
2 89 50
2 89 50
2 89 50
2 89 50
2 90 50
2 90 50
2 90 50
2 90 50
2 90 50
2 90 50
2 90 50
2 90 50
2 90 50
2 90 50
2 90 50
2 90 50
2 90 50
2 90 50
2 90 50
2 90 50
2 91 50
2 91 50
2 91 50
2 91 50
2 91 50
2 91 50
2 91 50
2 91 50
2 91 50
2 91 50
2 91 50
2 91 50
2 91 50
2 91 50
2 91 50
2 91 50
2 92 50
2 92 50
2 92 50
2 92 50
2 92 50
2 92 50
2 92 50
2 92 50
2 92 50
2 92 50
2 92 50
2 92 50
2 92 50
2 92 50
2 92 50
2 92 50
2 93 50
2 93 50
2 93 50
2 93 50
2 93 50
2 93 50
2 93 50
2 93 50
2 93 50
2 93 50
2 93 50
2 93 50
2 93 50
2 93 50
2 93 50
2 93 50
2 94 50
2 94 50
2 94 50
2 94 50
2 94 50
2 94 50
2 94 50
2 94 50
2 94 50
2 94 50
2 94 50
2 94 50
2 94 50
2 94 50
2 94 50
2 94 50
2 95 50
2 95 50
2 95 50
2 95 50
2 95 50
2 95 50
2 95 50
2 95 50
2 95 50
2 95 50
2 95 50
2 95 50
2 95 50
2 95 50
2 95 50
2 95 50
2 96 50
2 96 50
2 96 50
2 96 50
2 96 50
2 96 50
2 96 50
2 96 50
2 96 50
2 96 50
2 96 50
2 96 50
2 96 50
2 96 50
2 96 50
2 96 50
2 97 50
2 97 50
2 97 50
2 97 50
2 97 50
2 97 50
2 97 50
2 97 50
2 97 50
2 97 50
2 97 50
2 97 50
2 97 50
2 97 50
2 97 50
2 97 50
2 98 50
2 98 50
2 98 50
2 98 50
2 98 50
2 98 50
2 98 50
2 98 50
2 98 50
2 98 50
2 98 50
2 98 50
2 98 50
2 98 50
2 98 50
2 98 50
2 98 50
2 99 50
2 99 50
2 99 50
2 99 50
2 99 50
2 99 50
2 99 50
2 99 50
2 99 50
2 99 50
2 99 50
2 99 50
2 99 50
2 99 50
2 99 50
2 99 50
2 99 50
2 100 50
2 100 50
2 100 50
2 100 50
2 100 50
2 100 50
2 100 50
2 100 50
2 100 50
2 100 50
2 100 50
2 100 50
2 100 50
2 100 50
2 100 50
2 100 50
2 100 50
2 100 50
2 101 50
2 101 50
2 101 50
2 101 50
2 101 50
2 101 50
2 101 50
2 101 50
2 101 50
2 101 50
2 101 50
2 101 50
2 101 50
2 101 50
2 101 50
2 101 50
2 101 50
2 101 50
2 101 50
2 101 50
2 102 50
2 102 50
2 102 50
2 102 50
2 102 50
2 102 50
2 102 50
2 102 50
2 102 50
2 102 50
2 102 50
2 102 50
2 102 50
2 102 50
2 102 50
2 102 50
2 102 50
2 102 50
2 102 50
2 102 50
2 102 50
2 102 50
2 103 50
2 103 50
2 103 50
2 103 50
2 103 50
2 103 50
2 103 50
2 103 50
2 103 50
2 103 50
2 103 50
2 103 50
2 103 50
2 103 50
2 103 50
2 103 50
2 103 50
2 103 50
2 103 50
2 103 50
2 103 50
2 103 50
2 103 50
2 103 50
2 103 50
2 104 50
2 104 50
2 104 50
2 104 50
2 104 50
2 104 50
2 104 50
2 104 50
2 104 50
2 104 50
2 104 50
2 104 50
2 104 50
2 104 50
2 104 50
2 104 50
2 104 50
2 104 50
2 104 50
2 104 50
2 104 50
2 104 50
2 104 50
2 104 50
2 104 50
2 104 50
2 104 50
2 104 50
2 105 50
2 105 50
2 105 50
2 105 50
2 105 50
2 105 50
2 105 50
2 105 50
2 105 50
2 105 50
2 105 50
2 105 50
2 105 50
2 105 50
2 105 50
2 105 50
2 105 50
2 105 50
2 105 50
2 105 50
2 105 50
2 105 50
2 105 50
2 105 50
2 105 50
2 105 50
2 105 50
2 105 50
2 105 50
2 105 50
2 105 50
2 106 50
2 106 50
2 106 50
2 106 50
2 106 50
2 106 50
2 106 50
2 106 50
2 106 50
2 106 50
2 106 50
2 106 50
2 106 50
2 106 50
2 106 50
2 106 50
2 106 50
2 106 50
2 106 50
2 106 50
2 106 50
2 106 50
2 106 50
2 106 50
2 106 50
2 106 50
2 106 50
2 106 50
2 106 50
2 106 50
2 106 50
2 106 50
2 106 50
2 107 50
2 107 50
2 107 50
2 107 50
2 107 50
2 107 50
2 107 50
2 107 50
2 107 50
2 107 50
2 107 50
2 107 50
2 107 50
2 107 50
2 107 50
2 107 50
2 107 50
2 107 50
2 107 50
2 107 50
2 107 50
2 107 50
2 107 50
2 107 50
2 107 50
2 107 50
2 107 50
2 107 50
2 107 50
2 107 50
2 107 50
2 107 50
2 107 50
2 107 50
2 107 50
2 107 50
2 108 50
2 108 50
2 108 50
2 108 50
2 108 50
2 108 50
2 108 50
2 108 50
2 108 50
2 108 50
2 108 50
2 108 50
2 108 50
2 108 50
2 108 50
2 108 50
2 108 50
2 108 50
2 108 50
2 108 50
2 108 50
2 108 50
2 108 50
2 108 50
2 108 50
2 108 50
2 108 50
2 108 50
2 108 50
2 108 50
2 108 50
2 108 50
2 108 50
2 108 50
2 108 50
2 108 50
2 108 50
2 108 50
2 109 50
2 109 50
2 109 50
2 109 50
2 109 50
2 109 50
2 109 50
2 109 50
2 109 50
2 109 50
2 109 50
2 109 50
2 109 50
2 109 50
2 109 50
2 109 50
2 109 50
2 109 50
2 109 50
2 109 50
2 109 50
2 109 50
2 109 50
2 109 50
2 109 50
2 109 50
2 109 50
2 109 50
2 109 50
2 109 50
2 109 50
2 109 50
2 109 50
2 109 50
2 109 50
2 109 50
2 109 50
2 109 50
2 109 50
2 110 50
2 110 50
2 110 50
2 110 50
2 110 50
2 110 50
2 110 50
2 110 50
2 110 50
2 110 50
2 110 50
2 110 50
2 110 50
2 110 50
2 110 50
2 110 50
2 110 50
2 110 50
2 110 50
2 110 50
2 110 50
2 110 50
2 110 50
2 110 50
2 110 50
2 110 50
2 110 50
2 110 50
2 110 50
2 110 50
2 110 50
2 110 50
2 110 50
2 110 50
2 110 50
2 110 50
2 110 50
2 110 50
2 110 50
2 110 50
2 110 50
2 111 50
2 111 50
2 111 50
2 111 50
2 111 50
2 111 50
2 111 50
2 111 50
2 111 50
2 111 50
2 111 50
2 111 50
2 111 50
2 111 50
2 111 50
2 111 50
2 111 50
2 111 50
2 111 50
2 111 50
2 111 50
2 111 50
2 111 50
2 111 50
2 111 50
2 111 50
2 111 50
2 111 50
2 111 50
2 111 50
2 111 50
2 111 50
2 111 50
2 111 50
2 111 50
2 111 50
2 111 50
2 111 50
2 111 50
2 111 50
2 111 50
2 111 50
2 112 50
2 112 50
2 112 50
2 112 50
2 112 50
2 112 50
2 112 50
2 112 50
2 112 50
2 112 50
2 112 50
2 112 50
2 112 50
2 112 50
2 112 50
2 112 50
2 112 50
2 112 50
2 112 50
2 112 50
2 112 50
2 112 50
2 112 50
2 112 50
2 112 50
2 112 50
2 112 50
2 112 50
2 112 50
2 112 50
2 112 50
2 112 50
2 112 50
2 112 50
2 112 50
2 112 50
2 112 50
2 112 50
2 112 50
2 112 50
2 112 50
2 112 50
2 112 50
2 113 50
2 113 50
2 113 50
2 113 50
2 113 50
2 113 50
2 113 50
2 113 50
2 113 50
2 113 50
2 113 50
2 113 50
2 113 50
2 113 50
2 113 50
2 113 50
2 113 50
2 113 50
2 113 50
2 113 50
2 113 50
2 113 50
2 113 50
2 113 50
2 113 50
2 113 50
2 113 50
2 113 50
2 113 50
2 113 50
2 113 50
2 113 50
2 113 50
2 113 50
2 113 50
2 113 50
2 113 50
2 113 50
2 113 50
2 113 50
2 113 50
2 113 50
2 113 50
2 113 50
2 114 50
2 114 50
2 114 50
2 114 50
2 114 50
2 114 50
2 114 50
2 114 50
2 114 50
2 114 50
2 114 50
2 114 50
2 114 50
2 114 50
2 114 50
2 114 50
2 114 50
2 114 50
2 114 50
2 114 50
2 114 50
2 114 50
2 114 50
2 114 50
2 114 50
2 114 50
2 114 50
2 114 50
2 114 50
2 114 50
2 114 50
2 114 50
2 114 50
2 114 50
2 114 50
2 114 50
2 114 50
2 114 50
2 114 50
2 114 50
2 114 50
2 114 50
2 114 50
2 114 50
2 115 50
2 115 50
2 115 50
2 115 50
2 115 50
2 115 50
2 115 50
2 115 50
2 115 50
2 115 50
2 115 50
2 115 50
2 115 50
2 115 50
2 115 50
2 115 50
2 115 50
2 115 50
2 115 50
2 115 50
2 115 50
2 115 50
2 115 50
2 115 50
2 115 50
2 115 50
2 115 50
2 115 50
2 115 50
2 115 50
2 115 50
2 115 50
2 115 50
2 115 50
2 115 50
2 115 50
2 115 50
2 115 50
2 115 50
2 115 50
2 115 50
2 115 50
2 115 50
2 116 50
2 116 50
2 116 50
2 116 50
2 116 50
2 116 50
2 116 50
2 116 50
2 116 50
2 116 50
2 116 50
2 116 50
2 116 50
2 116 50
2 116 50
2 116 50
2 116 50
2 116 50
2 116 50
2 116 50
2 116 50
2 116 50
2 116 50
2 116 50
2 116 50
2 116 50
2 116 50
2 116 50
2 116 50
2 116 50
2 116 50
2 116 50
2 116 50
2 116 50
2 116 50
2 116 50
2 116 50
2 116 50
2 116 50
2 116 50
2 116 50
2 116 50
7 66 2050
8 66 50
8 66 50
8 66 50
8 66 50
8 66 50
8 66 50
8 66 50
8 66 50
8 66 50
8 66 50
8 66 50
9 66 50
9 66 50
9 66 50
9 66 50
9 66 50
9 66 50
9 66 50
9 66 50
9 66 50
9 66 50
9 66 50
10 66 50
10 66 50
10 66 50
10 66 50
10 66 50
10 66 50
10 66 50
10 66 50
10 66 50
10 66 50
10 66 50
11 66 50
11 66 50
11 66 50
11 66 50
11 66 50
11 66 50
11 66 50
11 66 50
11 66 50
11 66 50
11 66 50
12 66 50
12 66 50
12 66 50
12 66 50
12 66 50
12 66 50
12 66 50
12 66 50
12 66 50
12 66 50
12 66 50
13 66 50
13 66 50
13 66 50
13 66 50
13 66 50
13 66 50
13 66 50
13 66 50
13 66 50
13 66 50
13 66 50
13 66 50
14 66 50
14 66 50
14 66 50
14 66 50
14 66 50
14 66 50
14 66 50
14 66 50
14 66 50
14 66 50
14 66 50
14 66 50
15 66 50
15 66 50
15 66 50
15 66 50
15 66 50
15 66 50
15 66 50
15 66 50
15 66 50
15 66 50
15 66 50
15 66 50
15 66 50
16 66 50
16 66 50
16 66 50
16 66 50
16 66 50
16 66 50
16 66 50
16 66 50
16 66 50
16 66 50
16 66 50
16 66 50
16 66 50
16 66 50
17 66 50
17 66 50
17 66 50
17 66 50
17 66 50
17 66 50
17 66 50
17 66 50
17 66 50
17 66 50
17 66 50
17 66 50
17 66 50
17 66 50
17 66 50
17 66 50
18 66 50
18 66 50
18 66 50
18 66 50
18 66 50
18 66 50
18 66 50
18 66 50
18 66 50
18 66 50
18 66 50
18 66 50
18 66 50
18 66 50
18 66 50
18 66 50
18 66 50
19 66 50
19 66 50
19 66 50
19 66 50
19 66 50
19 66 50
19 66 50
19 66 50
19 66 50
19 66 50
19 66 50
19 66 50
19 66 50
19 66 50
19 66 50
19 66 50
19 66 50
19 66 50
19 66 50
20 66 50
20 66 50
20 66 50
20 66 50
20 66 50
20 66 50
20 66 50
20 66 50
20 66 50
20 66 50
20 66 50
20 66 50
20 66 50
20 66 50
20 66 50
20 66 50
20 66 50
20 66 50
20 66 50
20 66 50
21 66 50
21 66 50
21 66 50
21 66 50
21 66 50
21 66 50
21 66 50
21 66 50
21 66 50
21 66 50
21 66 50
21 66 50
21 66 50
21 66 50
21 66 50
21 66 50
21 66 50
21 66 50
21 66 50
21 66 50
21 66 50
22 66 50
22 66 50
22 66 50
22 66 50
22 66 50
22 66 50
22 66 50
22 66 50
22 66 50
22 66 50
22 66 50
22 66 50
22 66 50
22 66 50
22 66 50
22 66 50
22 66 50
22 66 50
22 66 50
22 66 50
22 66 50
22 66 50
23 66 50
23 66 50
23 66 50
23 66 50
23 66 50
23 66 50
23 66 50
23 66 50
23 66 50
23 66 50
23 66 50
23 66 50
23 66 50
23 66 50
23 66 50
23 66 50
23 66 50
23 66 50
23 66 50
23 66 50
23 66 50
23 66 50
24 66 50
24 66 50
24 66 50
24 66 50
24 66 50
24 66 50
24 66 50
24 66 50
24 66 50
24 66 50
24 66 50
24 66 50
24 66 50
24 66 50
24 66 50
24 66 50
24 66 50
24 66 50
24 66 50
24 66 50
24 66 50
24 66 50
25 66 50
25 66 50
25 66 50
25 66 50
25 66 50
25 66 50
25 66 50
25 66 50
25 66 50
25 66 50
25 66 50
25 66 50
25 66 50
25 66 50
25 66 50
25 66 50
25 66 50
25 66 50
25 66 50
25 66 50
25 66 50
25 66 50
26 66 50
26 66 50
26 66 50
26 66 50
26 66 50
26 66 50
26 66 50
26 66 50
26 66 50
26 66 50
26 66 50
26 66 50
26 66 50
26 66 50
26 66 50
26 66 50
26 66 50
26 66 50
26 66 50
26 66 50
26 66 50
27 66 50
27 66 50
27 66 50
27 66 50
27 66 50
27 66 50
27 66 50
27 66 50
27 66 50
27 66 50
27 66 50
27 66 50
27 66 50
27 66 50
27 66 50
27 66 50
27 66 50
27 66 50
27 66 50
27 66 50
28 66 50
28 66 50
28 66 50
28 66 50
28 66 50
28 66 50
28 66 50
28 66 50
28 66 50
28 66 50
28 66 50
28 66 50
28 66 50
28 66 50
28 66 50
28 66 50
28 66 50
28 66 50
28 66 50
28 66 50
29 66 50
29 66 50
29 66 50
29 66 50
29 66 50
29 66 50
29 66 50
29 66 50
29 66 50
29 66 50
29 66 50
29 66 50
29 66 50
29 66 50
29 66 50
29 66 50
29 66 50
29 66 50
30 66 50
30 66 50
30 66 50
30 66 50
30 66 50
30 66 50
30 66 50
30 66 50
30 66 50
30 66 50
30 66 50
30 66 50
30 66 50
30 66 50
30 66 50
30 66 50
30 66 50
31 66 50
31 66 50
31 66 50
31 66 50
31 66 50
31 66 50
31 66 50
31 66 50
31 66 50
31 66 50
31 66 50
31 66 50
31 66 50
31 66 50
31 66 50
31 66 50
32 66 50
32 66 50
32 66 50
32 66 50
32 66 50
32 66 50
32 66 50
32 66 50
32 66 50
32 66 50
32 66 50
32 66 50
32 66 50
32 66 50
33 66 50
33 66 50
33 66 50
33 66 50
33 66 50
33 66 50
33 66 50
33 66 50
33 66 50
33 66 50
33 66 50
33 66 50
33 66 50
34 66 50
34 66 50
34 66 50
34 66 50
34 66 50
34 66 50
34 66 50
34 66 50
34 66 50
34 66 50
34 66 50
34 66 50
35 66 50
35 66 50
35 66 50
35 66 50
35 66 50
35 66 50
35 66 50
35 66 50
35 66 50
35 66 50
35 66 50
35 66 50
36 66 50
36 66 50
36 66 50
36 66 50
36 66 50
36 66 50
36 66 50
36 66 50
36 66 50
36 66 50
36 66 50
37 66 50
37 66 50
37 66 50
37 66 50
37 66 50
37 66 50
37 66 50
37 66 50
37 66 50
37 66 50
37 66 50
38 66 50
38 66 50
38 66 50
38 66 50
38 66 50
38 66 50
38 66 50
38 66 50
38 66 50
38 66 50
38 66 50
39 66 50
39 66 50
39 66 50
39 66 50
39 66 50
39 66 50
39 66 50
39 66 50
39 66 50
39 66 50
39 66 50
40 66 50
40 66 50
40 66 50
40 66 50
40 66 50
40 66 50
40 66 50
40 66 50
40 66 50
40 66 50
40 66 50
40 66 50
41 66 50
41 66 50
41 66 50
41 66 50
41 66 50
41 66 50
41 66 50
41 66 50
41 66 50
41 66 50
41 66 50
41 66 50
42 66 50
42 66 50
42 66 50
42 66 50
42 66 50
42 66 50
42 66 50
42 66 50
42 66 50
42 66 50
42 66 50
42 66 50
43 66 50
43 66 50
43 66 50
43 66 50
43 66 50
43 66 50
43 66 50
43 66 50
43 66 50
43 66 50
43 66 50
43 66 50
44 66 50
44 66 50
44 66 50
44 66 50
44 66 50
44 66 50
44 66 50
44 66 50
44 66 50
44 66 50
44 66 50
44 66 50
45 66 50
45 66 50
45 66 50
45 66 50
45 66 50
45 66 50
45 66 50
45 66 50
45 66 50
45 66 50
45 66 50
45 66 50
46 66 50
46 66 50
46 66 50
46 66 50
46 66 50
46 66 50
46 66 50
46 66 50
46 66 50
46 66 50
46 66 50
46 66 50
47 66 50
47 66 50
47 66 50
47 66 50
47 66 50
47 66 50
47 66 50
47 66 50
47 66 50
47 66 50
47 66 50
48 66 50
48 66 50
48 66 50
48 66 50
48 66 50
48 66 50
48 66 50
48 66 50
48 66 50
48 66 50
48 66 50
49 66 50
49 66 50
49 66 50
49 66 50
49 66 50
49 66 50
49 66 50
49 66 50
49 66 50
49 66 50
50 66 50
50 66 50
50 66 50
50 66 50
50 66 50
50 66 50
50 66 50
50 66 50
50 66 50
51 66 50
51 66 50
51 66 50
51 66 50
51 66 50
51 66 50
51 66 50
51 66 50
52 66 50
52 66 50
52 66 50
52 66 50
52 66 50
52 66 50
52 66 50
53 66 50
53 66 50
53 66 50
53 66 50
53 66 50
53 66 50
54 66 50
54 66 50
54 66 50
54 66 50
54 66 50
54 66 50
55 66 50
55 66 50
55 66 50
55 66 50
55 66 50
56 66 50
56 66 50
56 66 50
56 66 50
57 66 50
57 66 50
57 66 50
57 66 50
58 66 50
58 66 50
58 66 50
59 66 50
59 66 50
59 66 50
60 66 50
60 66 50
60 66 50
61 66 50
61 66 50
61 66 50
62 66 50
62 66 50
62 66 50
62 65 100
62 65 50
62 64 50
62 64 50
62 64 50
62 63 50
62 63 50
62 63 50
62 62 50
62 62 50
62 62 50
62 61 50
62 61 50
62 61 50
62 60 50
62 60 50
62 60 50
62 59 50
62 59 50
62 59 50
62 59 50
62 58 50
62 58 50
62 58 50
62 58 50
62 57 50
62 57 50
62 57 50
62 57 50
62 57 50
62 56 50
62 56 50
62 56 50
62 56 50
62 56 50
62 55 50
62 55 50
62 55 50
62 55 50
62 55 50
62 55 50
62 54 50
62 54 50
62 54 50
62 54 50
62 54 50
62 54 50
62 54 50
62 53 50
62 53 50
62 53 50
62 53 50
62 53 50
62 53 50
62 53 50
62 53 50
62 52 50
62 52 50
62 52 50
62 52 50
62 52 50
62 52 50
62 52 50
62 52 50
62 52 50
62 51 50
62 51 50
62 51 50
62 51 50
62 51 50
62 51 50
62 51 50
62 51 50
62 51 50
62 51 50
62 50 50
62 50 50
62 50 50
62 50 50
62 50 50
62 50 50
62 50 50
62 50 50
62 50 50
62 50 50
62 50 50
62 49 50
62 49 50
62 49 50
62 49 50
62 49 50
62 49 50
62 49 50
62 49 50
62 49 50
62 49 50
62 49 50
62 49 50
62 48 50
62 48 50
62 48 50
62 48 50
62 48 50
62 48 50
62 48 50
62 48 50
62 48 50
62 48 50
62 48 50
62 48 50
62 48 50
62 47 50
62 47 50
62 47 50
62 47 50
62 47 50
62 47 50
62 47 50
62 47 50
62 47 50
62 47 50
62 47 50
62 47 50
62 47 50
62 46 50
62 46 50
62 46 50
62 46 50
62 46 50
62 46 50
62 46 50
62 46 50
62 46 50
62 46 50
62 46 50
62 46 50
62 46 50
62 45 50
62 45 50
62 45 50
62 45 50
62 45 50
62 45 50
62 45 50
62 45 50
62 45 50
62 45 50
62 45 50
62 45 50
62 45 50
62 44 50
62 44 50
62 44 50
62 44 50
62 44 50
62 44 50
62 44 50
62 44 50
62 44 50
62 44 50
62 44 50
62 44 50
62 43 50
62 43 50
62 43 50
62 43 50
62 43 50
62 43 50
62 43 50
62 43 50
62 43 50
62 43 50
62 43 50
62 42 50
62 42 50
62 42 50
62 42 50
62 42 50
62 42 50
62 42 50
62 42 50
62 42 50
62 42 50
62 41 50
62 41 50
62 41 50
62 41 50
62 41 50
62 41 50
62 41 50
62 41 50
62 41 50
62 40 50
62 40 50
62 40 50
62 40 50
62 40 50
62 40 50
62 40 50
62 40 50
62 39 50
62 39 50
62 39 50
62 39 50
62 39 50
62 39 50
62 39 50
62 39 50
62 38 50
62 38 50
62 38 50
62 38 50
62 38 50
62 38 50
62 38 50
62 37 50
62 37 50
62 37 50
62 37 50
62 37 50
62 37 50
62 36 50
62 36 50
62 36 50
62 36 50
62 36 50
62 36 50
62 35 50
62 35 50
62 35 50
62 35 50
62 35 50
62 34 50
62 34 50
62 34 50
62 34 50
62 34 50
62 33 50
62 33 50
62 33 50
62 33 50
62 33 50
62 32 50
62 32 50
62 32 50
62 32 50
62 32 50
62 31 50
62 31 50
62 31 50
62 31 50
62 31 50
62 30 50
62 30 50
62 30 50
62 30 50
62 30 50
62 29 50
62 29 50
62 29 50
62 29 50
62 29 50
62 28 50
62 28 50
62 28 50
62 28 50
62 28 50
62 27 50
62 27 50
62 27 50
62 27 50
62 27 50
62 26 50
62 26 50
62 26 50
62 26 50
62 26 50
62 25 50
62 25 50
62 25 50
62 25 50
62 24 50
62 24 50
62 24 50
62 24 50
62 23 50
62 23 50
62 23 50
62 23 50
62 22 50
62 22 50
62 22 50
62 22 50
62 21 50
62 21 50
62 21 50
62 20 50
62 20 50
62 20 50
62 19 50
62 19 50
62 19 50
62 18 50
62 18 50
62 17 50
62 17 50
62 16 50
62 16 50
62 15 50
62 15 50
62 14 50
62 14 50
62 13 50
62 12 50
62 11 50
62 10 50
62 9 50
62 9 50
62 8 50
62 8 50
62 7 50
62 7 50
62 6 50
62 6 50
