104 185 120
104 185 120
104 185 120
103 185 240
103 185 120
102 185 240
102 185 120
101 185 240
101 185 120
100 185 240
100 185 120
99 185 240
99 185 120
98 185 240
97 185 240
96 185 240
95 185 120
94 185 120
93 185 120
92 185 120
91 185 120
90 185 120
89 185 120
88 185 120
87 185 120
87 185 120
86 185 120
86 185 120
85 185 120
85 185 120
84 185 120
84 185 120
83 185 120
82 185 120
81 185 120
80 185 120
79 185 120
78 185 120
77 185 120
76 185 120
75 185 120
74 185 120
73 185 120
73 185 120
72 185 120
72 185 120
71 185 120
71 185 120
70 185 120
70 185 120
70 184 120
70 183 120
70 182 120
70 181 120
70 180 120
70 179 120
70 178 120
70 177 120
70 176 120
70 175 120
70 174 120
70 174 120
70 173 120
70 173 120
70 172 120
70 172 120
70 171 120
70 171 120
70 171 120
70 170 240
70 170 120
70 170 120
70 169 360
70 169 120
70 169 120
70 168 480
70 168 120
70 168 120
105 185 600
106 185 600
107 185 600
108 185 120
108 185 120
108 185 120
109 185 240
109 185 120
110 185 240
110 185 120
111 185 240
111 185 120
112 185 240
112 185 120
113 185 240
113 185 120
114 185 240
114 185 120
115 185 240
115 185 120
116 185 240
116 185 120
117 185 240
117 185 120
118 185 240
118 185 120
119 185 240
119 185 120
119 185 120
120 185 360
120 185 120
120 185 120
121 185 480
121 185 120
121 185 120
122 185 600
122 185 120
122 185 120
123 185 720
123 185 120
123 185 120
124 185 840
124 185 120
124 185 120
125 185 960
125 185 120
125 185 120
126 185 1080
126 185 120
126 185 120
127 185 1200
127 185 120
128 185 1200
128 185 120
129 185 1200
129 185 120
129 185 120
130 185 1320
130 185 120
131 185 1320
131 185 120
131 185 120
132 185 1440
132 185 120
132 185 120
133 185 1560
133 185 120
133 185 120
134 185 1680
134 185 120
134 185 120
135 185 1800
135 185 120
136 185 1800
137 185 1800
138 185 1800
139 185 120
139 185 120
139 185 120
139 185 120
139 185 120
139 185 120
139 185 120
139 185 120
139 185 120
140 185 960
141 185 960
142 185 960
143 185 120
143 185 120
143 185 120
143 185 120
143 185 120
143 185 120
144 185 600
144 185 120
144 185 120
145 185 720
145 185 120
146 185 720
146 185 120
146 185 120
147 185 840
147 185 120
147 185 120
148 185 960
148 185 120
148 185 120
149 185 1080
149 185 120
150 185 1080
150 185 120
151 185 1080
152 185 1080
153 185 1080
153 184 120
153 184 120
153 184 120
153 184 120
153 184 120
153 184 120
153 183 600
153 182 600
153 181 600
153 180 120
153 180 120
153 180 120
153 179 240
153 178 240
153 177 240
153 176 120
153 176 120
153 175 120
153 175 120
153 174 120
153 174 120
153 173 120
153 173 120
153 172 120
153 172 120
153 171 120
153 171 120
153 170 120
153 170 120
153 169 120
153 169 120
153 168 120
153 168 120
153 167 120
153 167 120
153 166 120
153 165 120
153 164 120
153 163 120
153 162 120
153 161 120
153 160 120
153 159 120
153 158 120
153 157 120
153 156 120
153 155 120
153 154 120
153 153 120
153 152 120
153 151 120
153 150 120
153 149 120
153 148 120
153 147 120
153 146 120
153 145 120
153 144 120
153 143 120
153 142 120
153 141 120
153 140 120
153 139 120
153 138 120
153 137 120
153 136 120
153 135 120
154 135 120
155 135 120
156 135 120
157 135 120
158 135 120
159 135 120
160 135 120
161 135 120
162 135 120
163 135 120
164 135 120
165 135 120
166 135 120
167 135 120
168 135 120
169 135 120
170 135 120
171 135 120
172 135 120
173 135 120
174 135 120
175 135 120
176 135 120
177 135 120
178 135 120
179 135 120
180 135 120
181 135 120
182 135 120
183 135 120
184 135 120
185 135 120
186 135 120
187 135 120
188 135 120
189 135 120
189 136 120
189 137 120
189 138 120
189 139 120
189 140 120
189 141 120
189 142 120
189 143 120
189 144 120
189 145 120
189 146 120
189 147 120
189 148 120
189 149 120
189 150 120
189 151 120
189 152 120
189 153 120
189 154 120
189 155 120
189 156 120
189 157 120
189 158 120
189 159 120
189 160 120
189 161 120
189 162 120
189 163 120
189 164 120
189 165 120
189 166 120
189 167 120
189 168 120
189 169 120
189 170 120
190 170 120
191 170 120
192 170 120
192 169 120
192 168 120
192 167 120
192 166 120
192 165 120
192 164 120
192 163 120
192 162 120
192 161 120
192 160 120
192 159 120
192 158 120
192 157 120
192 156 120
192 155 120
192 154 120
192 153 120
192 152 120
192 151 120
192 150 120
192 149 120
192 148 120
192 147 120
192 146 120
192 145 120
192 144 120
192 143 120
192 142 120
192 141 120
192 140 120
192 139 120
192 138 120
192 137 120
192 136 120
192 135 120
192 134 120
192 133 120
192 132 120
192 131 120
192 130 120
192 129 120
192 128 120
192 127 120
192 126 120
192 125 120
192 124 120
192 123 120
192 122 120
192 121 120
192 120 120
192 119 120
192 118 120
192 117 120
192 116 120
192 115 120
192 114 120
192 113 120
192 112 120
192 111 120
192 110 120
192 109 120
192 109 120
192 108 120
192 108 120
192 107 120
192 107 120
192 107 120
192 106 240
192 106 120
192 105 240
192 105 120
192 105 120
192 104 360
192 104 120
192 103 360
192 103 120
192 103 120
192 102 480
192 102 120
192 101 480
192 100 480
192 99 480
192 98 120
192 98 120
192 98 120
192 98 120
192 97 360
192 97 120
192 96 360
192 96 120
192 95 360
192 95 120
192 94 360
192 94 120
192 93 360
192 93 120
192 92 360
192 91 360
192 90 360
192 89 120
192 89 120
192 89 120
192 88 240
192 88 120
192 87 240
192 86 240
192 85 240
192 84 120
192 84 120
192 84 120
192 83 240
192 83 120
192 82 240
192 82 120
192 82 120
192 81 360
192 81 120
192 81 120
192 80 480
192 80 120
192 80 120
192 79 600
192 79 120
192 78 600
192 78 120
192 78 120
192 77 720
192 77 120
192 77 120
192 76 840
192 76 120
192 76 120
192 75 960
192 75 120
192 75 120
192 74 1080
192 74 120
192 73 1080
192 73 120
192 72 1080
192 71 1080
192 70 1080
192 69 120
192 69 120
192 69 120
192 69 120
192 69 120
192 69 120
192 69 120
192 68 720
192 67 720
192 66 720
192 65 120
192 65 120
192 65 120
192 64 240
192 64 120
192 63 240
192 62 240
192 61 240
192 60 120
192 60 120
192 59 120
192 59 120
192 58 120
192 58 120
192 57 120
192 57 120
192 56 120
192 56 120
192 55 120
192 55 120
192 54 120
192 54 120
192 53 120
192 53 120
192 52 120
192 52 120
192 51 120
192 51 120
192 50 120
192 50 120
192 49 120
192 49 120
192 48 120
192 48 120
192 47 120
192 47 120
192 46 120
192 46 120
192 45 120
192 45 120
192 44 120
192 44 120
192 43 120
192 43 120
192 42 120
192 42 120
192 41 120
192 41 120
192 40 120
192 40 120
191 40 120
190 40 120
189 40 120
188 40 120
187 40 120
186 40 120
185 40 120
185 40 120
184 40 120
184 40 120
183 40 120
183 40 120
182 40 120
182 40 120
181 40 120
181 40 120
180 40 120
180 40 120
179 40 120
179 40 120
178 40 120
178 40 120
177 40 120
177 40 120
176 40 120
176 40 120
175 40 120
175 40 120
174 40 120
174 40 120
174 40 120
173 40 240
173 40 120
172 40 240
172 40 120
172 40 120
171 40 360
171 40 120
170 40 360
170 40 120
170 40 120
169 40 480
169 40 120
168 40 480
167 40 480
166 40 480
165 40 120
165 40 120
164 40 120
164 40 120
163 40 120
163 40 120
162 40 120
162 40 120
161 40 120
161 40 120
160 40 120
159 40 120
158 40 120
157 40 120
157 40 120
156 40 120
156 40 120
155 40 120
155 40 120
154 40 120
154 40 120
153 40 120
153 40 120
152 40 120
152 40 120
152 40 120
151 40 240
151 40 120
150 40 240
150 40 120
150 40 120
149 40 360
149 40 120
148 40 360
148 40 120
148 41 360
148 41 120
148 42 360
148 42 120
148 43 360
148 43 120
148 44 360
148 44 120
148 45 360
148 45 120
148 46 360
148 46 120
148 47 360
148 47 120
148 47 120
148 48 480
148 48 120
148 49 480
148 49 120
148 50 480
148 50 120
148 51 480
148 51 120
148 51 120
148 52 600
148 52 120
148 53 600
148 53 120
148 53 120
148 54 720
148 54 120
148 54 120
148 55 840
148 55 120
148 55 120
148 56 960
148 56 120
148 56 120
148 57 1080
148 57 120
148 58 1080
148 58 120
148 59 1080
148 59 120
148 59 120
148 60 1200
148 61 1200
148 62 1200
148 63 120
148 63 120
148 63 120
148 63 120
148 63 120
148 63 120
148 64 600
148 65 600
148 66 600
148 67 120
148 67 120
148 67 120
148 67 120
148 67 120
148 68 480
148 68 120
147 68 480
146 68 480
145 68 480
144 68 120
144 68 120
144 68 120
144 68 120
143 68 360
143 68 120
142 68 360
142 68 120
141 68 360
141 68 120
141 68 120
140 68 480
140 68 120
140 68 120
139 68 600
139 68 120
138 68 600
138 68 120
137 68 600
137 68 120
136 68 600
135 68 600
134 68 600
133 68 120
133 68 120
133 68 120
132 68 240
132 68 120
131 68 240
130 68 240
129 68 240
128 68 120
128 68 120
127 68 120
127 68 120
126 68 120
126 68 120
125 68 120
125 68 120
124 68 120
124 68 120
123 68 120
123 68 120
122 68 120
122 68 120
122 68 120
121 68 240
121 68 120
120 68 240
120 68 120
120 68 120
119 68 360
119 68 120
119 68 120
118 68 480
118 68 120
117 68 480
117 68 120
116 68 480
116 68 120
115 68 480
115 68 120
114 68 480
113 68 480
112 68 480
111 68 120
111 68 120
111 68 120
110 68 240
109 68 240
108 68 240
107 68 120
107 68 120
106 68 120
106 68 120
105 68 120
105 68 120
104 68 120
104 68 120
104 68 120
103 68 240
103 68 120
103 68 120
102 68 360
102 68 120
101 68 360
101 68 120
101 68 120
100 68 480
100 68 120
99 68 480
99 68 120
99 68 120
98 68 600
97 68 600
96 68 600
95 68 120
95 68 120
95 68 120
95 68 120
94 68 360
94 68 120
93 68 360
93 68 120
92 68 360
92 68 120
91 68 360
91 68 120
91 68 120
90 68 480
90 68 120
90 68 120
89 68 600
89 68 120
89 68 120
88 68 720
88 68 120
87 68 720
87 68 120
87 68 120
86 68 840
86 68 120
85 68 840
84 68 840
83 68 840
82 68 120
82 68 120
82 68 120
82 68 120
81 68 360
81 68 120
80 68 360
79 68 360
78 68 360
77 68 120
77 68 120
77 68 120
76 68 240
76 68 120
75 68 240
75 68 120
74 68 240
74 68 120
73 68 240
73 68 120
72 68 240
72 68 120
71 68 240
70 68 240
69 68 240
68 68 120
67 68 120
66 68 120
65 68 120
64 68 120
63 68 120
62 68 120
61 68 120
60 68 120
59 68 120
58 68 120
58 68 120
57 68 120
57 68 120
56 68 120
56 68 120
56 67 120
56 67 120
56 66 120
56 66 120
56 65 120
56 65 120
56 64 120
56 64 120
56 63 120
56 62 120
56 61 120
56 60 120
56 59 120
56 58 120
56 57 120
56 56 120
56 55 120
56 54 120
56 53 120
56 52 120
56 51 120
56 50 120
56 49 120
56 48 120
56 47 120
56 47 120
56 46 120
56 46 120
56 45 120
56 45 120
56 44 120
56 44 120
56 43 120
56 43 120
56 42 120
56 42 120
55 42 120
55 42 120
54 42 120
53 42 120
52 42 120
51 42 120
50 42 120
49 42 120
48 42 120
48 42 120
47 42 120
47 42 120
46 42 120
46 42 120
45 42 120
45 42 120
44 42 120
44 42 120
43 42 120
43 42 120
42 42 120
42 42 120
41 42 120
41 42 120
40 42 120
40 42 120
40 42 120
39 42 240
39 42 120
38 42 240
38 42 120
37 42 240
37 42 120
36 42 240
36 42 120
35 42 240
35 42 120
34 42 240
34 42 120
33 42 240
33 42 120
33 43 240
33 44 240
33 45 240
33 46 120
33 47 120
33 48 120
33 49 120
33 50 120
33 51 120
33 52 120
33 53 120
33 54 120
33 55 120
33 56 120
33 57 120
33 58 120
33 59 120
33 60 120
33 61 120
33 62 120
33 63 120
33 64 120
33 65 120
33 66 120
33 67 120
33 68 120
33 69 120
33 70 120
33 70 120
33 71 120
33 71 120
33 72 120
33 72 120
33 73 120
33 73 120
33 74 120
33 74 120
33 75 120
33 75 120
33 76 120
33 76 120
33 77 120
33 77 120
33 78 120
33 78 120
33 79 120
33 79 120
33 80 120
33 80 120
33 81 120
33 82 120
33 83 120
33 84 120
33 85 120
33 86 120
33 87 120
33 88 120
33 89 120
33 90 120
