123 187 80
122 187 80
121 187 80
120 187 80
119 187 80
118 187 80
117 187 80
116 187 80
115 187 80
114 187 80
113 187 80
112 187 80
111 187 80
110 187 80
109 187 80
108 187 80
107 187 80
106 187 80
105 187 80
104 187 80
103 187 80
102 187 80
101 187 80
100 187 80
99 187 80
99 187 80
98 187 80
97 187 80
96 187 80
95 187 80
94 187 80
93 187 80
92 187 80
91 187 80
90 187 80
89 187 80
88 187 80
87 187 80
86 187 80
85 187 80
84 187 80
83 187 80
82 187 80
81 187 80
80 187 80
79 187 80
78 187 80
77 187 80
76 187 80
75 187 80
74 187 80
73 187 80
72 187 80
71 187 80
70 187 80
69 187 80
68 187 80
67 187 80
67 188 80
67 189 80
67 190 80
67 191 80
67 192 80
118 93 80
117 93 80
116 93 80
115 93 80
114 93 80
113 93 80
112 93 80
111 93 80
110 93 80
109 93 80
108 93 80
107 93 80
106 93 80
105 93 80
105 92 80
105 91 80
105 90 80
105 89 80
105 88 80
105 87 80
105 86 80
105 85 80
105 84 80
105 83 80
105 82 80
105 81 80
105 80 80
105 79 80
105 78 80
105 77 80
105 76 80
105 75 80
105 74 80
105 73 80
105 72 80
105 71 80
105 70 80
105 70 80
105 69 80
105 69 80
105 68 80
105 68 80
105 67 80
105 67 80
105 66 80
105 66 80
105 66 80
105 65 80
105 65 80
105 65 80
105 65 80
105 64 80
105 64 80
105 64 80
105 64 80
105 63 80
105 63 80
105 63 80
105 63 80
105 63 80
105 62 80
105 62 80
105 62 80
105 62 80
105 62 80
105 62 80
105 61 80
105 61 80
105 61 80
105 61 80
105 61 80
105 61 80
105 61 80
105 60 80
105 60 80
105 60 80
105 60 80
105 60 80
105 60 80
105 60 80
105 59 80
105 59 80
105 59 80
105 59 80
105 59 80
105 59 80
105 59 80
105 59 80
105 58 80
105 58 80
105 58 80
105 58 80
105 58 80
105 58 80
105 58 80
105 58 80
105 57 80
105 57 80
105 57 80
105 57 80
105 57 80
105 57 80
105 57 80
105 56 80
105 56 80
105 56 80
105 56 80
105 56 80
105 56 80
105 56 80
105 55 80
105 55 80
105 55 80
105 55 80
105 55 80
105 55 80
105 55 80
105 54 80
105 54 80
105 54 80
105 54 80
105 54 80
105 54 80
105 53 80
105 53 80
105 53 80
105 53 80
105 53 80
105 52 80
105 52 80
105 52 80
105 52 80
105 52 80
105 51 80
105 51 80
105 51 80
105 51 80
105 50 80
105 50 80
105 50 80
105 49 80
105 49 80
105 49 80
105 48 80
105 48 80
105 48 80
105 47 80
105 47 80
105 47 80
105 46 80
105 46 80
105 46 80
105 45 80
105 45 80
105 45 80
105 44 80
105 44 80
105 44 80
105 43 80
105 43 80
105 43 80
105 42 80
105 42 80
105 42 80
105 41 80
105 41 80
105 41 80
105 41 80
105 40 80
105 40 80
105 40 80
105 40 80
105 39 80
105 39 80
105 39 80
105 39 80
105 39 80
105 38 80
105 38 80
105 38 80
105 38 80
105 38 80
105 37 80
105 37 80
105 37 80
105 37 80
105 37 80
105 37 80
105 36 80
105 36 80
105 36 80
105 36 80
105 36 80
105 36 80
105 36 80
105 35 80
105 35 80
105 35 80
105 35 80
105 35 80
105 35 80
105 35 80
105 35 80
105 34 80
105 34 80
105 34 80
105 34 80
105 34 80
105 34 80
105 34 80
105 34 80
105 34 80
105 33 80
105 33 80
105 33 80
105 33 80
105 33 80
105 33 80
105 33 80
105 33 80
105 33 80
105 32 80
105 32 80
105 32 80
105 32 80
105 32 80
105 32 80
105 32 80
105 32 80
105 32 80
105 32 80
105 31 80
105 31 80
105 31 80
105 31 80
105 31 80
105 31 80
105 31 80
105 31 80
105 31 80
105 31 80
105 30 80
105 30 80
105 30 80
105 30 80
105 30 80
105 30 80
105 30 80
105 30 80
105 30 80
105 30 80
105 29 80
105 29 80
105 29 80
105 29 80
105 29 80
105 29 80
105 29 80
105 29 80
105 29 80
105 29 80
105 28 80
105 28 80
105 28 80
105 28 80
105 28 80
105 28 80
105 28 80
105 28 80
105 28 80
105 27 80
105 27 80
105 27 80
105 27 80
105 27 80
105 27 80
105 27 80
105 27 80
105 27 80
105 26 80
105 26 80
105 26 80
105 26 80
105 26 80
105 26 80
105 26 80
105 26 80
105 25 80
105 25 80
105 25 80
105 25 80
105 25 80
105 25 80
105 25 80
105 24 80
105 24 80
105 24 80
105 24 80
105 24 80
105 24 80
105 23 80
105 23 80
105 23 80
105 23 80
105 23 80
105 22 80
105 22 80
105 22 80
105 22 80
105 21 80
105 21 80
105 21 80
105 20 80
105 20 80
105 19 80
105 19 80
105 18 80
105 17 80
105 16 80
105 15 80
105 14 80
105 13 80
105 12 80
105 11 80
105 10 80
105 9 80
45 113 80
45 112 80
45 111 80
45 110 80
45 109 80
45 108 80
45 107 80
45 106 80
45 105 80
45 104 80
45 103 80
45 102 80
45 101 80
45 100 80
45 99 80
45 99 80
45 98 80
45 98 80
45 97 80
45 97 80
45 97 80
45 97 80
45 96 80
45 96 80
45 96 80
45 96 80
45 96 80
45 95 80
45 95 80
45 95 80
45 95 80
45 95 80
45 95 80
45 95 80
45 95 80
45 94 80
45 94 80
45 94 80
45 94 80
45 94 80
45 94 80
45 94 80
45 94 80
45 94 80
45 94 80
45 94 80
45 93 80
45 93 80
45 93 80
45 93 80
45 93 80
45 93 80
45 93 80
45 93 80
45 93 80
45 93 80
45 93 80
45 93 80
45 93 80
45 93 80
45 92 80
45 92 80
45 92 80
45 92 80
45 92 80
45 92 80
45 92 80
45 92 80
45 92 80
45 92 80
45 92 80
45 92 80
45 92 80
45 92 80
45 92 80
45 92 80
45 92 80
45 92 80
45 92 80
45 91 80
45 91 80
45 91 80
45 91 80
45 91 80
45 91 80
45 91 80
45 91 80
45 91 80
45 91 80
45 91 80
45 91 80
45 91 80
45 91 80
45 91 80
45 91 80
45 91 80
45 91 80
45 91 80
45 91 80
45 91 80
45 91 80
45 91 80
45 90 80
45 90 80
45 90 80
45 90 80
45 90 80
45 90 80
45 90 80
45 90 80
45 90 80
45 90 80
45 90 80
45 90 80
45 90 80
45 90 80
45 90 80
45 90 80
45 90 80
45 90 80
45 90 80
45 90 80
45 90 80
45 90 80
45 90 80
45 90 80
45 90 80
45 90 80
45 90 80
45 89 80
45 89 80
45 89 80
45 89 80
45 89 80
45 89 80
45 89 80
45 89 80
45 89 80
45 89 80
45 89 80
45 89 80
45 89 80
45 89 80
45 89 80
45 89 80
45 89 80
45 89 80
45 89 80
45 89 80
45 89 80
45 89 80
45 89 80
45 89 80
45 89 80
45 89 80
45 89 80
45 89 80
45 89 80
45 89 80
45 89 80
45 88 80
45 88 80
45 88 80
45 88 80
45 88 80
45 88 80
45 88 80
45 88 80
45 88 80
45 88 80
45 88 80
45 88 80
45 88 80
45 88 80
45 88 80
45 88 80
45 88 80
45 88 80
45 88 80
45 88 80
45 88 80
45 88 80
45 88 80
45 88 80
45 88 80
45 88 80
45 88 80
45 88 80
45 88 80
45 88 80
45 88 80
45 88 80
45 88 80
45 88 80
45 87 80
45 87 80
45 87 80
45 87 80
45 87 80
45 87 80
45 87 80
45 87 80
45 87 80
45 87 80
45 87 80
45 87 80
45 87 80
45 87 80
45 87 80
45 87 80
45 87 80
45 87 80
45 87 80
45 87 80
45 87 80
45 87 80
45 87 80
45 87 80
45 87 80
45 87 80
45 87 80
45 87 80
45 87 80
45 87 80
45 87 80
45 87 80
45 87 80
45 87 80
45 87 80
45 87 80
45 86 80
45 86 80
45 86 80
45 86 80
45 86 80
45 86 80
45 86 80
45 86 80
45 86 80
45 86 80
45 86 80
45 86 80
45 86 80
45 86 80
45 86 80
45 86 80
45 86 80
45 86 80
45 86 80
45 86 80
45 86 80
45 86 80
45 86 80
45 86 80
45 86 80
45 86 80
45 86 80
45 86 80
45 86 80
45 86 80
45 86 80
45 86 80
45 86 80
45 86 80
45 86 80
45 86 80
45 86 80
45 86 80
45 85 80
45 85 80
45 85 80
45 85 80
45 85 80
45 85 80
45 85 80
45 85 80
45 85 80
45 85 80
45 85 80
45 85 80
45 85 80
45 85 80
45 85 80
45 85 80
45 85 80
45 85 80
45 85 80
45 85 80
45 85 80
45 85 80
45 85 80
45 85 80
45 85 80
45 85 80
45 85 80
45 85 80
45 85 80
45 85 80
45 85 80
45 85 80
45 85 80
45 85 80
45 85 80
45 85 80
45 85 80
45 85 80
45 85 80
45 85 80
45 84 80
45 84 80
45 84 80
45 84 80
45 84 80
45 84 80
45 84 80
45 84 80
45 84 80
45 84 80
45 84 80
45 84 80
45 84 80
45 84 80
45 84 80
45 84 80
45 84 80
45 84 80
45 84 80
45 84 80
45 84 80
45 84 80
45 84 80
45 84 80
45 84 80
45 84 80
45 84 80
45 84 80
45 84 80
45 84 80
45 84 80
45 84 80
45 84 80
45 84 80
45 84 80
45 84 80
45 84 80
45 84 80
45 84 80
45 84 80
45 84 80
45 83 80
45 83 80
45 83 80
45 83 80
45 83 80
45 83 80
45 83 80
45 83 80
45 83 80
45 83 80
45 83 80
45 83 80
45 83 80
45 83 80
45 83 80
45 83 80
45 83 80
45 83 80
45 83 80
45 83 80
45 83 80
45 83 80
45 83 80
45 83 80
45 83 80
45 83 80
45 83 80
45 83 80
45 83 80
45 83 80
45 83 80
45 83 80
45 83 80
45 83 80
45 83 80
45 83 80
45 83 80
45 83 80
45 83 80
45 83 80
45 83 80
45 82 80
45 82 80
45 82 80
45 82 80
45 82 80
45 82 80
45 82 80
45 82 80
45 82 80
45 82 80
45 82 80
45 82 80
45 82 80
45 82 80
45 82 80
45 82 80
45 82 80
45 82 80
45 82 80
45 82 80
45 82 80
45 82 80
45 82 80
45 82 80
45 82 80
45 82 80
45 82 80
45 82 80
45 82 80
45 82 80
45 82 80
45 82 80
45 82 80
45 82 80
45 82 80
45 82 80
45 82 80
45 82 80
45 82 80
45 82 80
45 82 80
45 81 80
45 81 80
45 81 80
45 81 80
45 81 80
45 81 80
45 81 80
45 81 80
45 81 80
45 81 80
45 81 80
45 81 80
45 81 80
45 81 80
45 81 80
45 81 80
45 81 80
45 81 80
45 81 80
45 81 80
45 81 80
45 81 80
45 81 80
45 81 80
45 81 80
45 81 80
45 81 80
45 81 80
45 81 80
45 81 80
45 81 80
45 81 80
45 81 80
45 81 80
45 81 80
45 81 80
45 81 80
45 81 80
45 81 80
45 81 80
45 80 80
45 80 80
45 80 80
45 80 80
45 80 80
45 80 80
45 80 80
45 80 80
45 80 80
45 80 80
45 80 80
45 80 80
45 80 80
45 80 80
45 80 80
45 80 80
45 80 80
45 80 80
45 80 80
45 80 80
45 80 80
45 80 80
45 80 80
45 80 80
45 80 80
45 80 80
45 80 80
45 80 80
45 80 80
45 80 80
45 80 80
45 80 80
45 80 80
45 80 80
45 80 80
45 80 80
45 80 80
45 80 80
45 80 80
45 79 80
45 79 80
45 79 80
45 79 80
45 79 80
45 79 80
45 79 80
45 79 80
45 79 80
45 79 80
45 79 80
45 79 80
45 79 80
45 79 80
45 79 80
45 79 80
45 79 80
45 79 80
45 79 80
45 79 80
45 79 80
45 79 80
45 79 80
45 79 80
45 79 80
45 79 80
45 79 80
45 79 80
45 79 80
45 79 80
45 79 80
45 79 80
45 79 80
45 79 80
45 79 80
45 79 80
45 79 80
45 78 80
45 78 80
45 78 80
45 78 80
45 78 80
45 78 80
45 78 80
45 78 80
45 78 80
45 78 80
45 78 80
45 78 80
45 78 80
45 78 80
45 78 80
45 78 80
45 78 80
45 78 80
45 78 80
45 78 80
45 78 80
45 78 80
45 78 80
45 78 80
45 78 80
45 78 80
45 78 80
45 78 80
45 78 80
45 78 80
45 78 80
45 78 80
45 78 80
45 78 80
45 78 80
45 77 80
45 77 80
45 77 80
45 77 80
45 77 80
45 77 80
45 77 80
45 77 80
45 77 80
45 77 80
45 77 80
45 77 80
45 77 80
45 77 80
45 77 80
45 77 80
45 77 80
45 77 80
45 77 80
45 77 80
45 77 80
45 77 80
45 77 80
45 77 80
45 77 80
45 77 80
45 77 80
45 77 80
45 77 80
45 77 80
45 77 80
45 77 80
45 77 80
45 76 80
45 76 80
45 76 80
45 76 80
45 76 80
45 76 80
45 76 80
45 76 80
45 76 80
45 76 80
45 76 80
45 76 80
45 76 80
45 76 80
45 76 80
45 76 80
45 76 80
45 76 80
45 76 80
45 76 80
45 76 80
45 76 80
45 76 80
45 76 80
45 76 80
45 76 80
45 76 80
45 76 80
45 76 80
45 76 80
45 75 80
45 75 80
45 75 80
45 75 80
45 75 80
45 75 80
45 75 80
45 75 80
45 75 80
45 75 80
45 75 80
45 75 80
45 75 80
45 75 80
45 75 80
45 75 80
45 75 80
45 75 80
45 75 80
45 75 80
45 75 80
45 75 80
45 75 80
45 75 80
45 75 80
45 75 80
45 75 80
45 74 80
45 74 80
45 74 80
45 74 80
45 74 80
45 74 80
45 74 80
45 74 80
45 74 80
45 74 80
45 74 80
45 74 80
45 74 80
45 74 80
45 74 80
45 74 80
45 74 80
45 74 80
45 74 80
45 74 80
45 74 80
45 74 80
45 74 80
45 74 80
45 73 80
45 73 80
45 73 80
45 73 80
45 73 80
45 73 80
45 73 80
45 73 80
45 73 80
45 73 80
45 73 80
45 73 80
45 73 80
45 73 80
45 73 80
45 73 80
45 73 80
45 73 80
45 73 80
45 73 80
45 72 80
45 72 80
45 72 80
45 72 80
45 72 80
45 72 80
45 72 80
45 72 80
45 72 80
45 72 80
45 72 80
45 72 80
45 72 80
45 72 80
45 72 80
45 72 80
45 72 80
45 71 80
45 71 80
45 71 80
45 71 80
45 71 80
45 71 80
45 71 80
45 71 80
45 71 80
45 71 80
45 71 80
45 71 80
45 71 80
45 71 80
45 71 80
45 70 80
45 70 80
45 70 80
45 70 80
45 70 80
45 70 80
45 70 80
45 70 80
45 70 80
45 70 80
45 70 80
45 70 80
45 69 80
45 69 80
45 69 80
45 69 80
45 69 80
45 69 80
45 69 80
45 69 80
45 69 80
45 69 80
45 68 80
45 68 80
45 68 80
45 68 80
45 68 80
45 68 80
45 68 80
45 68 80
45 67 80
45 67 80
45 67 80
45 67 80
45 67 80
45 67 80
45 66 80
45 66 80
45 66 80
45 66 80
45 66 80
45 65 80
45 65 80
45 65 80
45 65 80
45 64 80
45 64 80
45 64 80
45 63 80
45 63 80
45 62 80
45 62 80
45 61 80
45 60 80
45 59 80
45 58 80
45 57 80
45 56 80
45 55 80
45 54 80
45 53 80
45 52 80
45 51 80
45 50 80
45 49 80
