166 102 25
165 102 25
164 102 25
163 102 25
162 102 25
161 102 25
160 102 25
159 102 25
158 102 25
157 102 25
156 102 25
155 102 25
154 102 25
153 102 25
153 101 25
153 100 25
153 99 25
153 98 25
153 98 25
153 97 25
153 97 25
153 96 25
153 96 25
153 95 25
153 95 25
153 95 25
153 94 25
153 94 25
153 94 25
153 94 25
153 93 25
153 93 25
153 93 25
153 93 25
153 93 25
153 92 25
153 92 25
153 92 25
153 92 25
153 92 25
153 92 25
153 91 25
153 91 25
153 91 25
153 91 25
153 91 25
153 91 25
153 91 25
153 90 25
153 90 25
153 90 25
153 90 25
153 90 25
153 90 25
153 90 25
153 89 25
153 89 25
153 89 25
153 89 25
153 89 25
153 89 25
153 89 25
153 88 25
153 88 25
153 88 25
153 88 25
153 88 25
153 88 25
153 88 25
153 87 25
153 87 25
153 87 25
153 87 25
153 87 25
153 87 25
153 86 25
153 86 25
153 86 25
153 86 25
153 86 25
153 86 25
153 85 25
153 85 25
153 85 25
153 85 25
153 85 25
153 85 25
153 84 25
153 84 25
153 84 25
153 84 25
153 84 25
153 84 25
153 83 25
153 83 25
153 83 25
153 83 25
153 83 25
153 83 25
153 82 25
153 82 25
153 82 25
153 82 25
153 82 25
153 82 25
153 81 25
153 81 25
153 81 25
153 81 25
153 81 25
153 81 25
153 80 25
153 80 25
153 80 25
153 80 25
153 80 25
153 80 25
153 79 25
153 79 25
153 79 25
153 79 25
153 79 25
153 79 25
153 78 25
153 78 25
153 78 25
153 78 25
153 78 25
153 78 25
153 77 25
153 77 25
153 77 25
153 77 25
153 77 25
153 77 25
153 76 25
153 76 25
153 76 25
153 76 25
153 76 25
153 75 25
153 75 25
153 75 25
153 75 25
153 74 25
153 74 25
153 74 25
153 73 25
153 73 25
153 72 25
153 72 25
153 71 25
153 70 25
153 69 25
153 68 25
153 67 25
167 102 25
168 102 25
169 102 25
170 102 25
171 102 25
172 102 25
173 102 25
174 102 25
175 102 25
176 102 25
177 102 25
178 102 25
179 102 25
180 102 25
181 102 25
181 102 25
182 102 25
182 102 25
183 102 25
183 102 25
184 102 25
184 102 25
184 102 25
185 102 25
185 102 25
185 102 25
186 102 25
186 102 25
186 102 25
186 102 25
187 102 25
187 102 25
187 102 25
187 102 25
187 102 25
188 102 25
188 102 25
188 102 25
188 102 25
188 102 25
188 101 100
188 101 25
188 100 25
188 100 25
188 100 25
188 100 25
188 100 25
188 99 25
188 99 25
188 99 25
188 99 25
188 99 25
188 98 25
188 98 25
188 98 25
188 98 25
188 98 25
188 97 25
188 97 25
188 97 25
188 97 25
188 97 25
188 96 25
188 96 25
188 96 25
188 96 25
188 96 25
188 95 25
188 95 25
188 95 25
188 95 25
188 95 25
188 94 25
188 94 25
188 94 25
188 94 25
188 93 25
188 93 25
188 93 25
188 93 25
188 92 25
188 92 25
188 92 25
188 92 25
188 91 25
188 91 25
188 91 25
188 90 25
188 90 25
188 90 25
188 89 25
188 89 25
188 89 25
188 88 25
188 88 25
188 87 25
188 87 25
188 86 25
188 86 25
188 85 25
188 84 25
188 83 25
176 18 25
175 18 25
174 18 25
173 18 25
172 18 25
171 18 25
170 18 25
169 18 25
168 18 25
167 18 25
166 18 25
165 18 25
164 18 25
163 18 25
162 18 25
161 18 25
160 18 25
159 18 25
159 18 25
158 18 25
158 18 25
157 18 25
157 18 25
157 18 25
157 18 25
156 18 25
156 18 25
156 18 25
156 18 25
156 18 25
156 18 25
156 18 25
156 18 25
155 18 25
155 18 25
155 18 25
155 18 25
155 18 25
155 18 25
155 18 25
155 18 25
155 18 25
155 18 25
155 18 25
155 18 25
155 18 25
155 18 25
155 18 25
155 18 25
154 18 25
154 18 25
154 18 25
154 18 25
154 18 25
154 18 25
154 18 25
154 18 25
154 18 25
154 18 25
154 18 25
154 18 25
154 18 25
154 18 25
154 18 25
154 18 25
154 18 25
154 18 25
154 18 25
154 18 25
154 18 25
154 18 25
154 18 25
154 18 25
154 18 25
154 18 25
154 18 25
153 18 25
153 18 25
153 18 25
153 18 25
153 18 25
153 18 25
153 18 25
153 18 25
153 18 25
153 18 25
153 18 25
153 18 25
153 18 25
153 18 25
153 18 25
153 18 25
153 18 25
153 18 25
153 18 25
153 18 25
153 18 25
153 18 25
153 18 25
153 18 25
153 18 25
153 18 25
153 18 25
153 18 25
153 18 25
153 18 25
153 18 25
153 18 25
153 18 25
153 18 25
153 18 25
153 18 25
153 18 25
153 18 25
153 18 25
153 18 25
153 18 25
153 18 25
153 18 25
153 19 1050
153 19 25
153 19 25
153 19 25
153 19 25
153 19 25
153 19 25
153 19 25
153 19 25
153 19 25
153 19 25
153 19 25
153 19 25
153 19 25
153 20 25
153 20 25
153 20 25
153 20 25
153 20 25
153 20 25
153 20 25
153 20 25
153 20 25
153 20 25
153 20 25
153 20 25
153 20 25
153 20 25
153 20 25
153 20 25
153 20 25
153 20 25
153 20 25
153 20 25
153 20 25
153 20 25
153 20 25
153 20 25
153 20 25
153 20 25
153 20 25
153 20 25
153 20 25
153 20 25
153 20 25
153 20 25
153 20 25
153 20 25
153 20 25
153 20 25
153 20 25
153 20 25
153 20 25
153 20 25
153 20 25
153 20 25
153 20 25
153 20 25
153 20 25
153 20 25
153 20 25
153 20 25
153 20 25
153 20 25
153 20 25
153 20 25
153 20 25
153 20 25
153 20 25
153 20 25
153 20 25
153 20 25
153 20 25
153 20 25
153 20 25
153 20 25
153 20 25
153 20 25
153 20 25
153 20 25
153 20 25
153 20 25
153 20 25
153 20 25
153 21 25
153 21 25
153 21 25
153 21 25
153 21 25
153 21 25
153 21 25
153 21 25
153 21 25
153 21 25
153 21 25
153 21 25
153 21 25
153 21 25
153 21 25
153 21 25
153 21 25
153 21 25
153 21 25
153 21 25
153 21 25
153 21 25
153 21 25
153 21 25
153 21 25
153 21 25
153 21 25
153 21 25
153 21 25
153 21 25
153 21 25
153 21 25
153 21 25
153 21 25
153 21 25
153 21 25
153 21 25
153 21 25
153 21 25
153 21 25
153 21 25
153 21 25
153 21 25
153 21 25
153 21 25
153 21 25
153 21 25
153 21 25
153 21 25
153 21 25
153 21 25
153 21 25
153 21 25
153 21 25
153 21 25
153 21 25
153 21 25
153 21 25
153 21 25
153 21 25
153 21 25
153 21 25
153 21 25
153 21 25
153 21 25
153 21 25
153 21 25
153 21 25
153 21 25
153 21 25
153 21 25
153 21 25
153 21 25
153 21 25
153 21 25
153 21 25
153 21 25
153 21 25
153 21 25
153 21 25
153 21 25
153 21 25
153 21 25
153 21 25
153 21 25
153 22 25
153 22 25
153 22 25
153 22 25
153 22 25
153 22 25
153 22 25
153 22 25
153 22 25
153 22 25
153 22 25
153 22 25
153 22 25
153 22 25
153 22 25
153 22 25
153 22 25
153 22 25
153 22 25
153 22 25
153 22 25
153 22 25
153 22 25
153 22 25
153 22 25
153 22 25
153 22 25
153 22 25
153 22 25
153 22 25
153 22 25
153 22 25
153 22 25
153 22 25
153 22 25
153 22 25
153 22 25
153 22 25
153 22 25
153 22 25
153 22 25
153 22 25
153 22 25
153 22 25
153 22 25
153 22 25
153 22 25
153 22 25
153 22 25
153 22 25
153 22 25
153 22 25
153 22 25
153 22 25
153 22 25
153 22 25
153 22 25
153 22 25
153 22 25
153 22 25
153 22 25
153 22 25
153 22 25
153 22 25
153 22 25
153 22 25
153 22 25
153 22 25
153 22 25
153 22 25
153 22 25
153 22 25
153 22 25
153 22 25
153 22 25
153 22 25
153 22 25
153 22 25
153 22 25
153 22 25
153 22 25
153 22 25
153 22 25
153 22 25
153 22 25
153 22 25
153 22 25
153 22 25
153 22 25
153 22 25
153 22 25
153 22 25
153 22 25
153 22 25
153 22 25
153 22 25
153 22 25
153 22 25
153 22 25
153 22 25
153 23 25
153 23 25
153 23 25
153 23 25
153 23 25
153 23 25
153 23 25
153 23 25
153 23 25
153 23 25
153 23 25
153 23 25
153 23 25
153 23 25
153 23 25
153 23 25
153 23 25
153 23 25
153 23 25
153 23 25
153 23 25
153 23 25
153 23 25
153 23 25
153 23 25
153 23 25
153 23 25
153 23 25
153 23 25
153 23 25
153 23 25
153 23 25
153 23 25
153 23 25
153 23 25
153 23 25
153 23 25
153 23 25
153 23 25
153 23 25
153 23 25
153 23 25
153 23 25
153 23 25
153 23 25
153 23 25
153 23 25
153 23 25
153 23 25
153 23 25
153 23 25
153 23 25
153 23 25
153 23 25
153 23 25
153 23 25
153 23 25
153 23 25
153 23 25
153 23 25
153 23 25
153 23 25
153 23 25
153 23 25
153 23 25
153 23 25
153 23 25
153 23 25
153 23 25
153 23 25
153 23 25
153 23 25
153 23 25
153 23 25
153 23 25
153 23 25
153 23 25
153 23 25
153 23 25
153 23 25
153 23 25
153 23 25
153 23 25
153 23 25
153 23 25
153 23 25
153 23 25
153 23 25
153 23 25
153 23 25
153 23 25
153 23 25
153 23 25
153 23 25
153 23 25
153 23 25
153 23 25
153 23 25
153 23 25
153 23 25
153 23 25
153 23 25
153 23 25
153 23 25
153 23 25
153 23 25
153 23 25
153 23 25
153 23 25
153 23 25
153 23 25
153 23 25
153 24 25
153 24 25
153 24 25
153 24 25
153 24 25
153 24 25
153 24 25
153 24 25
153 24 25
153 24 25
153 24 25
153 24 25
153 24 25
153 24 25
153 24 25
153 24 25
153 24 25
153 24 25
153 24 25
153 24 25
153 24 25
153 24 25
153 24 25
153 24 25
153 24 25
153 24 25
153 24 25
153 24 25
153 24 25
153 24 25
153 24 25
153 24 25
153 24 25
153 24 25
153 24 25
153 24 25
153 24 25
153 24 25
153 24 25
153 24 25
153 24 25
153 24 25
153 24 25
153 24 25
153 24 25
153 24 25
153 24 25
153 24 25
153 24 25
153 24 25
153 24 25
153 24 25
153 24 25
153 24 25
153 24 25
153 24 25
153 24 25
153 24 25
153 24 25
153 24 25
153 24 25
153 24 25
153 24 25
153 24 25
153 24 25
153 24 25
153 24 25
153 24 25
153 24 25
153 24 25
153 24 25
153 24 25
153 24 25
153 24 25
153 24 25
153 24 25
153 24 25
153 24 25
153 24 25
153 24 25
153 24 25
153 24 25
153 24 25
153 24 25
153 24 25
153 24 25
153 24 25
153 24 25
153 24 25
153 24 25
153 24 25
153 24 25
153 24 25
153 24 25
153 24 25
153 24 25
153 24 25
153 24 25
153 24 25
153 24 25
153 24 25
153 24 25
153 24 25
153 24 25
153 24 25
153 24 25
153 24 25
153 24 25
153 24 25
153 24 25
153 24 25
153 24 25
153 24 25
153 24 25
153 24 25
153 24 25
153 24 25
153 24 25
153 24 25
153 24 25
153 24 25
153 25 25
153 25 25
153 25 25
153 25 25
153 25 25
153 25 25
153 25 25
153 25 25
153 25 25
153 25 25
153 25 25
153 25 25
153 25 25
153 25 25
153 25 25
153 25 25
153 25 25
153 25 25
153 25 25
153 25 25
153 25 25
153 25 25
153 25 25
153 25 25
153 25 25
153 25 25
153 25 25
153 25 25
153 25 25
153 25 25
153 25 25
153 25 25
153 25 25
153 25 25
153 25 25
153 25 25
153 25 25
153 25 25
153 25 25
153 25 25
153 25 25
153 25 25
153 25 25
153 25 25
153 25 25
153 25 25
153 25 25
153 25 25
153 25 25
153 25 25
153 25 25
153 25 25
153 25 25
153 25 25
153 25 25
153 25 25
153 25 25
153 25 25
153 25 25
153 25 25
153 25 25
153 25 25
153 25 25
153 25 25
153 25 25
153 25 25
153 25 25
153 25 25
153 25 25
153 25 25
153 25 25
153 25 25
153 25 25
153 25 25
153 25 25
153 25 25
153 25 25
153 25 25
153 25 25
153 25 25
153 25 25
153 25 25
153 25 25
153 25 25
153 25 25
153 25 25
153 25 25
153 25 25
153 25 25
153 25 25
153 25 25
153 25 25
153 25 25
153 25 25
153 25 25
153 25 25
153 25 25
153 25 25
153 25 25
153 25 25
153 25 25
153 25 25
153 25 25
153 25 25
153 25 25
153 25 25
153 25 25
153 25 25
153 25 25
153 25 25
153 25 25
153 25 25
153 25 25
153 25 25
153 25 25
153 25 25
153 25 25
153 25 25
153 25 25
153 25 25
153 25 25
153 25 25
153 25 25
153 25 25
153 25 25
153 25 25
153 25 25
153 26 25
153 26 25
153 26 25
153 26 25
153 26 25
153 26 25
153 26 25
153 26 25
153 26 25
153 26 25
153 26 25
153 26 25
153 26 25
153 26 25
153 26 25
153 26 25
153 26 25
153 26 25
153 26 25
153 26 25
153 26 25
153 26 25
153 26 25
153 26 25
153 26 25
153 26 25
153 26 25
153 26 25
153 26 25
153 26 25
153 26 25
153 26 25
153 26 25
153 26 25
153 26 25
153 26 25
153 26 25
153 26 25
153 26 25
153 26 25
153 26 25
153 26 25
153 26 25
153 26 25
153 26 25
153 26 25
153 26 25
153 26 25
153 26 25
153 26 25
153 26 25
153 26 25
153 26 25
153 26 25
153 26 25
153 26 25
153 26 25
153 26 25
153 26 25
153 26 25
153 26 25
153 26 25
153 26 25
153 26 25
153 26 25
153 26 25
153 26 25
153 26 25
153 26 25
153 26 25
153 26 25
153 26 25
153 26 25
153 26 25
153 26 25
153 26 25
153 26 25
153 26 25
153 26 25
153 26 25
153 26 25
153 26 25
153 26 25
153 26 25
153 26 25
153 26 25
153 26 25
153 26 25
153 26 25
153 26 25
153 26 25
153 26 25
153 26 25
153 26 25
153 26 25
153 26 25
153 26 25
153 26 25
153 26 25
153 26 25
153 26 25
153 26 25
153 26 25
153 26 25
153 26 25
153 26 25
153 26 25
153 26 25
153 26 25
153 26 25
153 26 25
153 26 25
153 26 25
153 26 25
153 26 25
153 26 25
153 26 25
153 26 25
153 26 25
153 26 25
153 26 25
153 26 25
153 26 25
153 26 25
153 26 25
153 26 25
153 26 25
153 26 25
153 26 25
153 27 25
153 27 25
153 27 25
153 27 25
153 27 25
153 27 25
153 27 25
153 27 25
153 27 25
153 27 25
153 27 25
153 27 25
153 27 25
153 27 25
153 27 25
153 27 25
153 27 25
153 27 25
153 27 25
153 27 25
153 27 25
153 27 25
153 27 25
153 27 25
153 27 25
153 27 25
153 27 25
153 27 25
153 27 25
153 27 25
153 27 25
153 27 25
153 27 25
153 27 25
153 27 25
153 27 25
153 27 25
153 27 25
153 27 25
153 27 25
153 27 25
153 27 25
153 27 25
153 27 25
153 27 25
153 27 25
153 27 25
153 27 25
153 27 25
153 27 25
153 27 25
153 27 25
153 27 25
153 27 25
153 27 25
153 27 25
153 27 25
153 27 25
153 27 25
153 27 25
153 27 25
153 27 25
153 27 25
153 27 25
153 27 25
153 27 25
153 27 25
153 27 25
153 27 25
153 27 25
153 27 25
153 27 25
153 27 25
153 27 25
153 27 25
153 27 25
153 27 25
153 27 25
153 27 25
153 27 25
153 27 25
153 27 25
153 27 25
153 27 25
153 27 25
153 27 25
153 27 25
153 27 25
153 27 25
153 27 25
153 27 25
153 27 25
153 27 25
153 27 25
153 27 25
153 27 25
153 27 25
153 27 25
153 27 25
153 27 25
153 27 25
153 27 25
153 27 25
153 27 25
153 27 25
153 27 25
153 27 25
153 27 25
153 27 25
153 27 25
153 27 25
153 27 25
153 27 25
153 27 25
153 27 25
153 27 25
153 27 25
153 27 25
153 27 25
153 27 25
153 27 25
153 27 25
153 27 25
153 27 25
153 27 25
153 27 25
153 27 25
153 27 25
153 27 25
153 28 25
153 28 25
153 28 25
153 28 25
153 28 25
153 28 25
153 28 25
153 28 25
153 28 25
153 28 25
153 28 25
153 28 25
153 28 25
153 28 25
153 28 25
153 28 25
153 28 25
153 28 25
153 28 25
153 28 25
153 28 25
153 28 25
153 28 25
153 28 25
153 28 25
153 28 25
153 28 25
153 28 25
153 28 25
153 28 25
153 28 25
153 28 25
153 28 25
153 28 25
153 28 25
153 28 25
153 28 25
153 28 25
153 28 25
153 28 25
153 28 25
153 28 25
153 28 25
153 28 25
153 28 25
153 28 25
153 28 25
153 28 25
153 28 25
153 28 25
153 28 25
153 28 25
153 28 25
153 28 25
153 28 25
153 28 25
153 28 25
153 28 25
153 28 25
153 28 25
153 28 25
153 28 25
153 28 25
153 28 25
153 28 25
153 28 25
153 28 25
153 28 25
153 28 25
153 28 25
153 28 25
153 28 25
153 28 25
153 28 25
153 28 25
153 28 25
153 28 25
153 28 25
153 28 25
153 28 25
153 28 25
153 28 25
153 28 25
153 28 25
153 28 25
153 28 25
153 28 25
153 28 25
153 28 25
153 28 25
153 28 25
153 28 25
153 28 25
153 28 25
153 28 25
153 28 25
153 28 25
153 28 25
153 28 25
153 28 25
153 28 25
153 28 25
153 28 25
153 28 25
153 28 25
153 28 25
153 28 25
153 28 25
153 28 25
153 28 25
153 28 25
153 28 25
153 28 25
153 28 25
153 28 25
153 28 25
153 28 25
153 28 25
153 28 25
153 28 25
153 28 25
153 28 25
153 28 25
153 28 25
153 28 25
153 28 25
153 28 25
153 29 25
153 29 25
153 29 25
153 29 25
153 29 25
153 29 25
153 29 25
153 29 25
153 29 25
153 29 25
153 29 25
153 29 25
153 29 25
153 29 25
153 29 25
153 29 25
153 29 25
153 29 25
153 29 25
153 29 25
153 29 25
153 29 25
153 29 25
153 29 25
153 29 25
153 29 25
153 29 25
153 29 25
153 29 25
153 29 25
153 29 25
153 29 25
153 29 25
153 29 25
153 29 25
153 29 25
153 29 25
153 29 25
153 29 25
153 29 25
153 29 25
153 29 25
153 29 25
153 29 25
153 29 25
153 29 25
153 29 25
153 29 25
153 29 25
153 29 25
153 29 25
153 29 25
153 29 25
153 29 25
153 29 25
153 29 25
153 29 25
153 29 25
153 29 25
153 29 25
153 29 25
153 29 25
153 29 25
153 29 25
153 29 25
153 29 25
153 29 25
153 29 25
153 29 25
153 29 25
153 29 25
153 29 25
153 29 25
153 29 25
153 29 25
153 29 25
153 29 25
153 29 25
153 29 25
153 29 25
153 29 25
153 29 25
153 29 25
153 29 25
153 29 25
153 29 25
153 29 25
153 29 25
153 29 25
153 29 25
153 29 25
153 29 25
153 29 25
153 29 25
153 29 25
153 29 25
153 29 25
153 29 25
153 29 25
153 29 25
153 29 25
153 29 25
153 29 25
153 29 25
153 29 25
153 29 25
153 29 25
153 29 25
153 29 25
153 29 25
153 29 25
153 29 25
153 29 25
153 29 25
153 29 25
153 29 25
153 29 25
153 29 25
153 29 25
153 29 25
153 29 25
153 29 25
153 29 25
153 29 25
153 29 25
153 30 25
153 30 25
153 30 25
153 30 25
153 30 25
153 30 25
153 30 25
153 30 25
153 30 25
153 30 25
153 30 25
153 30 25
153 30 25
153 30 25
153 30 25
153 30 25
153 30 25
153 30 25
153 30 25
153 30 25
153 30 25
153 30 25
153 30 25
153 30 25
153 30 25
153 30 25
153 30 25
153 30 25
153 30 25
153 30 25
153 30 25
153 30 25
153 30 25
153 30 25
153 30 25
153 30 25
153 30 25
153 30 25
153 30 25
153 30 25
153 30 25
153 30 25
153 30 25
153 30 25
153 30 25
153 30 25
153 30 25
153 30 25
153 30 25
153 30 25
153 30 25
153 30 25
153 30 25
153 30 25
153 30 25
153 30 25
153 30 25
153 30 25
153 30 25
153 30 25
153 30 25
153 30 25
153 30 25
153 30 25
153 30 25
153 30 25
153 30 25
153 30 25
153 30 25
153 30 25
153 30 25
153 30 25
153 30 25
153 30 25
153 30 25
153 30 25
153 30 25
153 30 25
153 30 25
153 30 25
153 30 25
153 30 25
153 30 25
153 30 25
153 30 25
153 30 25
153 30 25
153 30 25
153 30 25
153 30 25
153 30 25
153 30 25
153 30 25
153 30 25
153 30 25
153 30 25
153 30 25
153 30 25
153 30 25
153 30 25
153 30 25
153 30 25
153 30 25
153 30 25
153 30 25
153 30 25
153 30 25
153 30 25
153 30 25
153 30 25
153 30 25
153 30 25
153 30 25
153 30 25
153 30 25
153 30 25
153 30 25
153 30 25
153 30 25
153 30 25
153 30 25
153 30 25
153 31 25
153 31 25
153 31 25
153 31 25
153 31 25
153 31 25
153 31 25
153 31 25
153 31 25
153 31 25
153 31 25
153 31 25
153 31 25
153 31 25
153 31 25
153 31 25
153 31 25
153 31 25
153 31 25
153 31 25
153 31 25
153 31 25
153 31 25
153 31 25
153 31 25
153 31 25
153 31 25
153 31 25
153 31 25
153 31 25
153 31 25
153 31 25
153 31 25
153 31 25
153 31 25
153 31 25
153 31 25
153 31 25
153 31 25
153 31 25
153 31 25
153 31 25
153 31 25
153 31 25
153 31 25
153 31 25
153 31 25
153 31 25
153 31 25
153 31 25
153 31 25
153 31 25
153 31 25
153 31 25
153 31 25
153 31 25
153 31 25
153 31 25
153 31 25
153 31 25
153 31 25
153 31 25
153 31 25
153 31 25
153 31 25
153 31 25
153 31 25
153 31 25
153 31 25
153 31 25
153 31 25
153 31 25
153 31 25
153 31 25
153 31 25
153 31 25
153 31 25
153 31 25
153 31 25
153 31 25
153 31 25
153 31 25
153 31 25
153 31 25
153 31 25
153 31 25
153 31 25
153 31 25
153 31 25
153 31 25
153 31 25
153 31 25
153 31 25
153 31 25
153 31 25
153 31 25
153 31 25
153 31 25
153 31 25
153 31 25
153 31 25
153 31 25
153 31 25
153 31 25
153 31 25
153 31 25
153 31 25
153 31 25
153 31 25
153 31 25
153 31 25
153 31 25
153 31 25
153 31 25
153 31 25
153 31 25
153 31 25
153 31 25
153 32 25
153 32 25
153 32 25
153 32 25
153 32 25
153 32 25
153 32 25
153 32 25
153 32 25
153 32 25
153 32 25
153 32 25
153 32 25
153 32 25
153 32 25
153 32 25
153 32 25
153 32 25
153 32 25
153 32 25
153 32 25
153 32 25
153 32 25
153 32 25
153 32 25
153 32 25
153 32 25
153 32 25
153 32 25
153 32 25
153 32 25
153 32 25
153 32 25
153 32 25
153 32 25
153 32 25
153 32 25
153 32 25
153 32 25
153 32 25
153 32 25
153 32 25
153 32 25
153 32 25
153 32 25
153 32 25
153 32 25
153 32 25
153 32 25
153 32 25
153 32 25
153 32 25
153 32 25
153 32 25
153 32 25
153 32 25
153 32 25
153 32 25
153 32 25
153 32 25
153 32 25
153 32 25
153 32 25
153 32 25
153 32 25
153 32 25
153 32 25
153 32 25
153 32 25
153 32 25
153 32 25
153 32 25
153 32 25
153 32 25
153 32 25
153 32 25
153 32 25
153 32 25
153 32 25
153 32 25
153 32 25
153 32 25
153 32 25
153 32 25
153 32 25
153 32 25
153 32 25
153 32 25
153 32 25
153 32 25
153 32 25
153 32 25
153 32 25
153 32 25
153 32 25
153 32 25
153 32 25
153 32 25
153 32 25
153 32 25
153 32 25
153 32 25
153 32 25
153 32 25
153 32 25
153 32 25
153 32 25
153 32 25
153 32 25
153 32 25
153 32 25
153 32 25
153 32 25
153 33 25
153 33 25
153 33 25
153 33 25
153 33 25
153 33 25
153 33 25
153 33 25
153 33 25
153 33 25
153 33 25
153 33 25
153 33 25
153 33 25
153 33 25
153 33 25
153 33 25
153 33 25
153 33 25
153 33 25
153 33 25
153 33 25
153 33 25
153 33 25
153 33 25
153 33 25
153 33 25
153 33 25
153 33 25
153 33 25
153 33 25
153 33 25
153 33 25
153 33 25
153 33 25
153 33 25
153 33 25
153 33 25
153 33 25
153 33 25
153 33 25
153 33 25
153 33 25
153 33 25
153 33 25
153 33 25
153 33 25
153 33 25
153 33 25
153 33 25
153 33 25
153 33 25
153 33 25
153 33 25
153 33 25
153 33 25
153 33 25
153 33 25
153 33 25
153 33 25
153 33 25
153 33 25
153 33 25
153 33 25
153 33 25
153 33 25
153 33 25
153 33 25
153 33 25
153 33 25
153 33 25
153 33 25
153 33 25
153 33 25
153 33 25
153 33 25
153 33 25
153 33 25
153 33 25
153 33 25
153 33 25
153 33 25
153 33 25
153 33 25
153 33 25
153 33 25
153 33 25
153 33 25
153 33 25
153 33 25
153 33 25
153 33 25
153 33 25
153 33 25
153 33 25
153 33 25
153 33 25
153 33 25
153 33 25
153 33 25
153 33 25
153 33 25
153 33 25
153 33 25
153 33 25
153 33 25
153 33 25
153 34 25
153 34 25
153 34 25
153 34 25
153 34 25
153 34 25
153 34 25
153 34 25
153 34 25
153 34 25
153 34 25
153 34 25
153 34 25
153 34 25
153 34 25
153 34 25
153 34 25
153 34 25
153 34 25
153 34 25
153 34 25
153 34 25
153 34 25
153 34 25
153 34 25
153 34 25
153 34 25
153 34 25
153 34 25
153 34 25
153 34 25
153 34 25
153 34 25
153 34 25
153 34 25
153 34 25
153 34 25
153 34 25
153 34 25
153 34 25
153 34 25
153 34 25
153 34 25
153 34 25
153 34 25
153 34 25
153 34 25
153 34 25
153 34 25
153 34 25
153 34 25
153 34 25
153 34 25
153 34 25
153 34 25
153 34 25
153 34 25
153 34 25
153 34 25
153 34 25
153 34 25
153 34 25
153 34 25
153 34 25
153 34 25
153 34 25
153 34 25
153 34 25
153 34 25
153 34 25
153 34 25
153 34 25
153 34 25
153 34 25
153 34 25
153 34 25
153 34 25
153 34 25
153 34 25
153 34 25
153 34 25
153 34 25
153 34 25
153 34 25
153 34 25
153 34 25
153 34 25
153 34 25
153 34 25
153 34 25
153 34 25
153 34 25
153 34 25
153 34 25
153 34 25
153 34 25
153 34 25
153 34 25
153 34 25
153 35 25
153 35 25
153 35 25
153 35 25
153 35 25
153 35 25
153 35 25
153 35 25
153 35 25
153 35 25
153 35 25
153 35 25
153 35 25
153 35 25
153 35 25
153 35 25
153 35 25
153 35 25
153 35 25
153 35 25
153 35 25
153 35 25
153 35 25
153 35 25
153 35 25
153 35 25
153 35 25
153 35 25
153 35 25
153 35 25
153 35 25
153 35 25
153 35 25
153 35 25
153 35 25
153 35 25
153 35 25
153 35 25
153 35 25
153 35 25
153 35 25
153 35 25
153 35 25
153 35 25
153 35 25
153 35 25
153 35 25
153 35 25
153 35 25
153 35 25
153 35 25
153 35 25
153 35 25
153 35 25
153 35 25
153 35 25
153 35 25
153 35 25
153 35 25
153 35 25
153 35 25
153 35 25
153 35 25
153 35 25
153 35 25
153 35 25
153 35 25
153 35 25
153 35 25
153 35 25
153 35 25
153 35 25
153 35 25
153 35 25
153 35 25
153 35 25
153 35 25
153 35 25
153 35 25
153 35 25
153 35 25
153 35 25
153 35 25
153 35 25
153 35 25
153 35 25
153 35 25
153 35 25
153 35 25
153 35 25
153 35 25
153 36 25
153 36 25
153 36 25
153 36 25
153 36 25
153 36 25
153 36 25
153 36 25
153 36 25
153 36 25
153 36 25
153 36 25
153 36 25
153 36 25
153 36 25
153 36 25
153 36 25
153 36 25
153 36 25
153 36 25
153 36 25
153 36 25
153 36 25
153 36 25
153 36 25
153 36 25
153 36 25
153 36 25
153 36 25
153 36 25
153 36 25
153 36 25
153 36 25
153 36 25
153 36 25
153 36 25
153 36 25
153 36 25
153 36 25
153 36 25
153 36 25
153 36 25
153 36 25
153 36 25
153 36 25
153 36 25
153 36 25
153 36 25
153 36 25
153 36 25
153 36 25
153 36 25
153 36 25
153 36 25
153 36 25
153 36 25
153 36 25
153 36 25
153 36 25
153 36 25
153 36 25
153 36 25
153 36 25
153 36 25
153 36 25
153 36 25
153 36 25
153 36 25
153 36 25
153 36 25
153 36 25
153 36 25
153 36 25
153 36 25
153 36 25
153 36 25
153 36 25
153 36 25
153 36 25
153 36 25
153 36 25
153 36 25
153 36 25
153 37 25
153 37 25
153 37 25
153 37 25
153 37 25
153 37 25
153 37 25
153 37 25
153 37 25
153 37 25
153 37 25
153 37 25
153 37 25
153 37 25
153 37 25
153 37 25
153 37 25
153 37 25
153 37 25
153 37 25
153 37 25
153 37 25
153 37 25
153 37 25
153 37 25
153 37 25
153 37 25
153 37 25
153 37 25
153 37 25
153 37 25
153 37 25
153 37 25
153 37 25
153 37 25
153 37 25
153 37 25
153 37 25
153 37 25
153 37 25
153 37 25
153 37 25
153 37 25
153 37 25
153 37 25
153 37 25
153 37 25
153 37 25
153 37 25
153 37 25
153 37 25
153 37 25
153 37 25
153 37 25
153 37 25
153 37 25
153 37 25
153 37 25
153 37 25
153 37 25
153 37 25
153 37 25
153 37 25
153 37 25
153 37 25
153 37 25
153 37 25
153 37 25
153 37 25
153 37 25
153 37 25
153 37 25
153 37 25
153 37 25
153 38 25
153 38 25
153 38 25
153 38 25
153 38 25
153 38 25
153 38 25
153 38 25
153 38 25
153 38 25
153 38 25
153 38 25
153 38 25
153 38 25
153 38 25
153 38 25
153 38 25
153 38 25
153 38 25
153 38 25
153 38 25
153 38 25
153 38 25
153 38 25
153 38 25
153 38 25
153 38 25
153 38 25
153 38 25
153 38 25
153 38 25
153 38 25
153 38 25
153 38 25
153 38 25
153 38 25
153 38 25
153 38 25
153 38 25
153 38 25
153 38 25
153 38 25
153 38 25
153 38 25
153 38 25
153 38 25
153 38 25
153 38 25
153 38 25
153 38 25
153 38 25
153 38 25
153 38 25
153 38 25
153 38 25
153 38 25
153 38 25
153 38 25
153 38 25
153 38 25
153 38 25
153 38 25
153 38 25
153 38 25
153 39 25
153 39 25
153 39 25
153 39 25
153 39 25
153 39 25
153 39 25
153 39 25
153 39 25
153 39 25
153 39 25
153 39 25
153 39 25
153 39 25
153 39 25
153 39 25
153 39 25
153 39 25
153 39 25
153 39 25
153 39 25
153 39 25
153 39 25
153 39 25
153 39 25
153 39 25
153 39 25
153 39 25
153 39 25
153 39 25
153 39 25
153 39 25
153 39 25
153 39 25
153 39 25
153 39 25
153 39 25
153 39 25
153 39 25
153 39 25
153 39 25
153 39 25
153 39 25
153 39 25
153 39 25
153 39 25
153 39 25
153 39 25
153 39 25
153 39 25
153 39 25
153 39 25
153 39 25
153 40 25
153 40 25
153 40 25
153 40 25
153 40 25
153 40 25
153 40 25
153 40 25
153 40 25
153 40 25
153 40 25
153 40 25
153 40 25
153 40 25
153 40 25
153 40 25
153 40 25
153 40 25
153 40 25
153 40 25
153 40 25
153 40 25
153 40 25
153 40 25
153 40 25
153 40 25
153 40 25
153 40 25
153 40 25
153 40 25
153 40 25
153 40 25
153 40 25
153 40 25
153 40 25
153 40 25
153 40 25
153 40 25
153 40 25
153 40 25
153 40 25
153 41 25
153 41 25
153 41 25
153 41 25
153 41 25
153 41 25
153 41 25
153 41 25
153 41 25
153 41 25
153 41 25
153 41 25
153 41 25
153 41 25
153 41 25
153 41 25
153 41 25
153 41 25
153 41 25
153 41 25
153 41 25
153 41 25
153 41 25
153 41 25
153 41 25
153 41 25
153 41 25
153 41 25
153 41 25
153 41 25
153 42 25
153 42 25
153 42 25
153 42 25
153 42 25
153 42 25
153 42 25
153 42 25
153 42 25
153 42 25
153 42 25
153 42 25
153 42 25
153 42 25
153 42 25
153 42 25
153 42 25
153 42 25
153 42 25
153 43 25
153 43 25
153 43 25
153 43 25
153 43 25
153 43 25
153 43 25
153 43 25
153 43 25
153 43 25
153 43 25
153 44 25
153 44 25
153 44 25
153 44 25
153 44 25
153 44 25
153 45 25
153 45 25
153 45 25
153 46 25
153 46 25
153 47 25
153 48 25
153 49 25
153 50 25
153 51 25
153 52 25
153 53 25
153 54 25
153 55 25
153 56 25
153 57 25
153 58 25
153 59 25
153 60 25
153 61 25
153 62 25
153 63 25
153 64 25
153 65 25
153 66 25
51 7 25
52 7 25
53 7 25
54 7 25
55 7 25
56 7 25
57 7 25
57 8 25
57 9 25
57 10 25
57 11 25
57 12 25
57 13 25
57 14 25
57 15 25
57 16 25
57 17 25
57 18 25
57 19 25
57 20 25
57 21 25
57 22 25
57 23 25
57 24 25
57 25 25
57 26 25
57 27 25
57 28 25
57 29 25
57 30 25
57 31 25
57 32 25
57 33 25
57 34 25
57 35 25
57 36 25
57 37 25
57 38 25
57 39 25
57 40 25
57 41 25
57 42 25
57 43 25
57 44 25
57 45 25
57 46 25
57 47 25
57 48 25
57 49 25
57 50 25
57 51 25
57 52 25
57 53 25
57 54 25
57 55 25
57 56 25
57 57 25
57 58 25
57 59 25
57 60 25
57 61 25
57 62 25
57 63 25
11 64 25
11 64 25
11 64 25
11 64 25
11 64 25
11 64 25
12 64 25
12 64 25
12 64 25
12 64 25
12 64 25
12 64 25
12 64 25
12 64 25
13 64 25
13 64 25
13 64 25
13 64 25
13 64 25
13 64 25
13 64 25
13 64 25
13 64 25
13 64 25
14 64 25
14 64 25
14 64 25
14 64 25
14 64 25
14 64 25
14 64 25
14 64 25
14 64 25
14 64 25
14 64 25
14 64 25
14 64 25
15 64 25
15 64 25
15 64 25
15 64 25
15 64 25
15 64 25
15 64 25
15 64 25
15 64 25
15 64 25
15 64 25
15 64 25
15 64 25
15 64 25
15 64 25
15 64 25
15 64 25
15 64 25
16 64 25
16 64 25
16 64 25
16 64 25
16 64 25
16 64 25
16 64 25
16 64 25
16 64 25
16 64 25
16 64 25
16 64 25
16 64 25
16 64 25
16 64 25
16 64 25
16 64 25
16 64 25
16 64 25
16 64 25
16 64 25
16 64 25
16 64 25
16 64 25
16 64 25
17 64 25
17 64 25
17 64 25
17 64 25
17 64 25
17 64 25
17 64 25
17 64 25
17 64 25
17 64 25
17 64 25
17 64 25
17 64 25
17 64 25
17 64 25
17 64 25
17 64 25
17 64 25
17 64 25
17 64 25
17 64 25
17 64 25
17 64 25
17 64 25
17 64 25
17 64 25
17 64 25
17 64 25
17 64 25
17 64 25
17 64 25
17 64 25
17 64 25
17 64 25
18 64 25
18 64 25
18 64 25
18 64 25
18 64 25
18 64 25
18 64 25
18 64 25
18 64 25
18 64 25
18 64 25
18 64 25
18 64 25
18 64 25
18 64 25
18 64 25
18 64 25
18 64 25
18 64 25
18 64 25
18 64 25
18 64 25
18 64 25
18 64 25
18 64 25
18 64 25
18 64 25
18 64 25
18 64 25
18 64 25
18 64 25
18 64 25
18 64 25
18 64 25
18 64 25
18 64 25
18 64 25
18 64 25
18 64 25
18 64 25
18 64 25
18 64 25
18 64 25
18 64 25
19 64 25
19 64 25
19 64 25
19 64 25
19 64 25
19 64 25
19 64 25
19 64 25
19 64 25
19 64 25
19 64 25
19 64 25
19 64 25
19 64 25
19 64 25
19 64 25
19 64 25
19 64 25
19 64 25
19 64 25
19 64 25
19 64 25
19 64 25
19 64 25
19 64 25
19 64 25
19 64 25
19 64 25
19 64 25
19 64 25
19 64 25
19 64 25
19 64 25
19 64 25
19 64 25
19 64 25
19 64 25
19 64 25
19 64 25
19 64 25
19 64 25
19 64 25
19 64 25
19 64 25
19 64 25
19 64 25
19 64 25
19 64 25
19 64 25
19 64 25
19 64 25
19 64 25
19 64 25
19 64 25
19 64 25
19 64 25
20 64 25
20 64 25
20 64 25
20 64 25
20 64 25
20 64 25
20 64 25
20 64 25
20 64 25
20 64 25
20 64 25
20 64 25
20 64 25
20 64 25
20 64 25
20 64 25
20 64 25
20 64 25
20 64 25
20 64 25
20 64 25
20 64 25
20 64 25
20 64 25
20 64 25
20 64 25
20 64 25
20 64 25
20 64 25
20 64 25
20 64 25
20 64 25
20 64 25
20 64 25
20 64 25
20 64 25
20 64 25
20 64 25
20 64 25
20 64 25
20 64 25
20 64 25
20 64 25
20 64 25
20 64 25
20 64 25
20 64 25
20 64 25
20 64 25
20 64 25
20 64 25
20 64 25
20 64 25
20 64 25
20 64 25
20 64 25
20 64 25
20 64 25
20 64 25
20 64 25
20 64 25
20 64 25
20 64 25
20 64 25
20 64 25
20 64 25
21 64 25
21 64 25
21 64 25
21 64 25
21 64 25
21 64 25
21 64 25
21 64 25
21 64 25
21 64 25
21 64 25
21 64 25
21 64 25
21 64 25
21 64 25
21 64 25
21 64 25
21 64 25
21 64 25
21 64 25
21 64 25
21 64 25
21 64 25
21 64 25
21 64 25
21 64 25
21 64 25
21 64 25
21 64 25
21 64 25
21 64 25
21 64 25
21 64 25
21 64 25
21 64 25
21 64 25
21 64 25
21 64 25
21 64 25
21 64 25
21 64 25
21 64 25
21 64 25
21 64 25
21 64 25
21 64 25
21 64 25
21 64 25
21 64 25
21 64 25
21 64 25
21 64 25
21 64 25
21 64 25
21 64 25
21 64 25
21 64 25
21 64 25
21 64 25
21 64 25
21 64 25
21 64 25
21 64 25
21 64 25
21 64 25
21 64 25
21 64 25
21 64 25
21 64 25
21 64 25
21 64 25
21 64 25
21 64 25
21 64 25
22 64 25
22 64 25
22 64 25
22 64 25
22 64 25
22 64 25
22 64 25
22 64 25
22 64 25
22 64 25
22 64 25
22 64 25
22 64 25
22 64 25
22 64 25
22 64 25
22 64 25
22 64 25
22 64 25
22 64 25
22 64 25
22 64 25
22 64 25
22 64 25
22 64 25
22 64 25
22 64 25
22 64 25
22 64 25
22 64 25
22 64 25
22 64 25
22 64 25
22 64 25
22 64 25
22 64 25
22 64 25
22 64 25
22 64 25
22 64 25
22 64 25
22 64 25
22 64 25
22 64 25
22 64 25
22 64 25
22 64 25
22 64 25
22 64 25
22 64 25
22 64 25
22 64 25
22 64 25
22 64 25
22 64 25
22 64 25
22 64 25
22 64 25
22 64 25
22 64 25
22 64 25
22 64 25
22 64 25
22 64 25
22 64 25
22 64 25
22 64 25
22 64 25
22 64 25
22 64 25
22 64 25
22 64 25
22 64 25
22 64 25
22 64 25
22 64 25
22 64 25
22 64 25
22 64 25
23 64 25
23 64 25
23 64 25
23 64 25
23 64 25
23 64 25
23 64 25
23 64 25
23 64 25
23 64 25
23 64 25
23 64 25
23 64 25
23 64 25
23 64 25
23 64 25
23 64 25
23 64 25
23 64 25
23 64 25
23 64 25
23 64 25
23 64 25
23 64 25
23 64 25
23 64 25
23 64 25
23 64 25
23 64 25
23 64 25
23 64 25
23 64 25
23 64 25
23 64 25
23 64 25
23 64 25
23 64 25
23 64 25
23 64 25
23 64 25
23 64 25
23 64 25
23 64 25
23 64 25
23 64 25
23 64 25
23 64 25
23 64 25
23 64 25
23 64 25
23 64 25
23 64 25
23 64 25
23 64 25
23 64 25
23 64 25
23 64 25
23 64 25
23 64 25
23 64 25
23 64 25
23 64 25
23 64 25
23 64 25
23 64 25
23 64 25
23 64 25
23 64 25
23 64 25
23 64 25
23 64 25
23 64 25
23 64 25
23 64 25
23 64 25
23 64 25
23 64 25
23 64 25
23 64 25
23 64 25
24 64 25
24 64 25
24 64 25
24 64 25
24 64 25
24 64 25
24 64 25
24 64 25
24 64 25
24 64 25
24 64 25
24 64 25
24 64 25
24 64 25
24 64 25
24 64 25
24 64 25
24 64 25
24 64 25
24 64 25
24 64 25
24 64 25
24 64 25
24 64 25
24 64 25
24 64 25
24 64 25
24 64 25
24 64 25
24 64 25
24 64 25
24 64 25
24 64 25
24 64 25
24 64 25
24 64 25
24 64 25
24 64 25
24 64 25
24 64 25
24 64 25
24 64 25
24 64 25
24 64 25
24 64 25
24 64 25
24 64 25
24 64 25
24 64 25
24 64 25
24 64 25
24 64 25
24 64 25
24 64 25
24 64 25
24 64 25
24 64 25
24 64 25
24 64 25
24 64 25
24 64 25
24 64 25
24 64 25
24 64 25
24 64 25
24 64 25
24 64 25
24 64 25
24 64 25
24 64 25
24 64 25
24 64 25
24 64 25
24 64 25
24 64 25
24 64 25
24 64 25
24 64 25
25 64 25
25 64 25
25 64 25
25 64 25
25 64 25
25 64 25
25 64 25
25 64 25
25 64 25
25 64 25
25 64 25
25 64 25
25 64 25
25 64 25
25 64 25
25 64 25
25 64 25
25 64 25
25 64 25
25 64 25
25 64 25
25 64 25
25 64 25
25 64 25
25 64 25
25 64 25
25 64 25
25 64 25
25 64 25
25 64 25
25 64 25
25 64 25
25 64 25
25 64 25
25 64 25
25 64 25
25 64 25
25 64 25
25 64 25
25 64 25
25 64 25
25 64 25
25 64 25
25 64 25
25 64 25
25 64 25
25 64 25
25 64 25
25 64 25
25 64 25
25 64 25
25 64 25
25 64 25
25 64 25
25 64 25
25 64 25
25 64 25
25 64 25
25 64 25
25 64 25
25 64 25
25 64 25
25 64 25
25 64 25
25 64 25
25 64 25
25 64 25
25 64 25
25 64 25
25 64 25
25 64 25
25 64 25
25 64 25
25 64 25
26 64 25
26 64 25
26 64 25
26 64 25
26 64 25
26 64 25
26 64 25
26 64 25
26 64 25
26 64 25
26 64 25
26 64 25
26 64 25
26 64 25
26 64 25
26 64 25
26 64 25
26 64 25
26 64 25
26 64 25
26 64 25
26 64 25
26 64 25
26 64 25
26 64 25
26 64 25
26 64 25
26 64 25
26 64 25
26 64 25
26 64 25
26 64 25
26 64 25
26 64 25
26 64 25
26 64 25
26 64 25
26 64 25
26 64 25
26 64 25
26 64 25
26 64 25
26 64 25
26 64 25
26 64 25
26 64 25
26 64 25
26 64 25
26 64 25
26 64 25
26 64 25
26 64 25
26 64 25
26 64 25
26 64 25
26 64 25
26 64 25
26 64 25
26 64 25
26 64 25
26 64 25
26 64 25
26 64 25
26 64 25
26 64 25
26 64 25
26 64 25
26 64 25
26 64 25
27 64 25
27 64 25
27 64 25
27 64 25
27 64 25
27 64 25
27 64 25
27 64 25
27 64 25
27 64 25
27 64 25
27 64 25
27 64 25
27 64 25
27 64 25
27 64 25
27 64 25
27 64 25
27 64 25
27 64 25
27 64 25
27 64 25
27 64 25
27 64 25
27 64 25
27 64 25
27 64 25
27 64 25
27 64 25
27 64 25
27 64 25
27 64 25
27 64 25
27 64 25
27 64 25
27 64 25
27 64 25
27 64 25
27 64 25
27 64 25
27 64 25
27 64 25
27 64 25
27 64 25
27 64 25
27 64 25
27 64 25
27 64 25
27 64 25
27 64 25
27 64 25
27 64 25
27 64 25
27 64 25
27 64 25
27 64 25
27 64 25
27 64 25
27 64 25
27 64 25
27 64 25
27 64 25
27 64 25
28 64 25
28 64 25
28 64 25
28 64 25
28 64 25
28 64 25
28 64 25
28 64 25
28 64 25
28 64 25
28 64 25
28 64 25
28 64 25
28 64 25
28 64 25
28 64 25
28 64 25
28 64 25
28 64 25
28 64 25
28 64 25
28 64 25
28 64 25
28 64 25
28 64 25
28 64 25
28 64 25
28 64 25
28 64 25
28 64 25
28 64 25
28 64 25
28 64 25
28 64 25
28 64 25
28 64 25
28 64 25
28 64 25
28 64 25
28 64 25
28 64 25
28 64 25
28 64 25
28 64 25
28 64 25
28 64 25
28 64 25
28 64 25
28 64 25
28 64 25
28 64 25
28 64 25
28 64 25
28 64 25
28 64 25
28 64 25
28 64 25
29 64 25
29 64 25
29 64 25
29 64 25
29 64 25
29 64 25
29 64 25
29 64 25
29 64 25
29 64 25
29 64 25
29 64 25
29 64 25
29 64 25
29 64 25
29 64 25
29 64 25
29 64 25
29 64 25
29 64 25
29 64 25
29 64 25
29 64 25
29 64 25
29 64 25
29 64 25
29 64 25
29 64 25
29 64 25
29 64 25
29 64 25
29 64 25
29 64 25
29 64 25
29 64 25
29 64 25
29 64 25
29 64 25
29 64 25
29 64 25
29 64 25
29 64 25
29 64 25
29 64 25
29 64 25
29 64 25
29 64 25
29 64 25
29 64 25
29 64 25
29 64 25
30 64 25
30 64 25
30 64 25
30 64 25
30 64 25
30 64 25
30 64 25
30 64 25
30 64 25
30 64 25
30 64 25
30 64 25
30 64 25
30 64 25
30 64 25
30 64 25
30 64 25
30 64 25
30 64 25
30 64 25
30 64 25
30 64 25
30 64 25
30 64 25
30 64 25
30 64 25
30 64 25
30 64 25
30 64 25
30 64 25
30 64 25
30 64 25
30 64 25
30 64 25
30 64 25
30 64 25
30 64 25
30 64 25
30 64 25
30 64 25
30 64 25
30 64 25
30 64 25
30 64 25
30 64 25
30 64 25
31 64 25
31 64 25
31 64 25
31 64 25
31 64 25
31 64 25
31 64 25
31 64 25
31 64 25
31 64 25
31 64 25
31 64 25
31 64 25
31 64 25
31 64 25
31 64 25
31 64 25
31 64 25
31 64 25
31 64 25
31 64 25
31 64 25
31 64 25
31 64 25
31 64 25
31 64 25
31 64 25
31 64 25
31 64 25
31 64 25
31 64 25
31 64 25
31 64 25
31 64 25
31 64 25
31 64 25
31 64 25
31 64 25
31 64 25
31 64 25
31 64 25
32 64 25
32 64 25
32 64 25
32 64 25
32 64 25
32 64 25
32 64 25
32 64 25
32 64 25
32 64 25
32 64 25
32 64 25
32 64 25
32 64 25
32 64 25
32 64 25
32 64 25
32 64 25
32 64 25
32 64 25
32 64 25
32 64 25
32 64 25
32 64 25
32 64 25
32 64 25
32 64 25
32 64 25
32 64 25
32 64 25
32 64 25
32 64 25
32 64 25
32 64 25
32 64 25
32 64 25
33 64 25
33 64 25
33 64 25
33 64 25
33 64 25
33 64 25
33 64 25
33 64 25
33 64 25
33 64 25
33 64 25
33 64 25
33 64 25
33 64 25
33 64 25
33 64 25
33 64 25
33 64 25
33 64 25
33 64 25
33 64 25
33 64 25
33 64 25
33 64 25
33 64 25
33 64 25
33 64 25
33 64 25
33 64 25
33 64 25
33 64 25
33 64 25
34 64 25
34 64 25
34 64 25
34 64 25
34 64 25
34 64 25
34 64 25
34 64 25
34 64 25
34 64 25
34 64 25
34 64 25
34 64 25
34 64 25
34 64 25
34 64 25
34 64 25
34 64 25
34 64 25
34 64 25
34 64 25
34 64 25
34 64 25
34 64 25
34 64 25
34 64 25
34 64 25
34 64 25
35 64 25
35 64 25
35 64 25
35 64 25
35 64 25
35 64 25
35 64 25
35 64 25
35 64 25
35 64 25
35 64 25
35 64 25
35 64 25
35 64 25
35 64 25
35 64 25
35 64 25
35 64 25
35 64 25
35 64 25
35 64 25
35 64 25
35 64 25
35 64 25
36 64 25
36 64 25
36 64 25
36 64 25
36 64 25
36 64 25
36 64 25
36 64 25
36 64 25
36 64 25
36 64 25
36 64 25
36 64 25
36 64 25
36 64 25
36 64 25
36 64 25
36 64 25
36 64 25
36 64 25
36 64 25
37 64 25
37 64 25
37 64 25
37 64 25
37 64 25
37 64 25
37 64 25
37 64 25
37 64 25
37 64 25
37 64 25
37 64 25
37 64 25
37 64 25
37 64 25
37 64 25
37 64 25
37 64 25
38 64 25
38 64 25
38 64 25
38 64 25
38 64 25
38 64 25
38 64 25
38 64 25
38 64 25
38 64 25
38 64 25
38 64 25
38 64 25
38 64 25
38 64 25
39 64 25
39 64 25
39 64 25
39 64 25
39 64 25
39 64 25
39 64 25
39 64 25
39 64 25
39 64 25
39 64 25
40 64 25
40 64 25
40 64 25
40 64 25
40 64 25
40 64 25
40 64 25
40 64 25
41 64 25
41 64 25
41 64 25
41 64 25
41 64 25
41 64 25
42 64 25
42 64 25
42 64 25
42 64 25
43 64 25
43 64 25
43 64 25
44 64 25
44 64 25
45 64 25
46 64 25
47 64 25
48 64 25
49 64 25
50 64 25
51 64 25
52 64 25
53 64 25
54 64 25
55 64 25
56 64 25
57 64 25
14 65 25
14 65 25
14 65 25
14 65 25
14 65 25
14 65 25
14 65 25
14 65 25
14 65 25
14 65 25
14 65 25
14 65 25
14 66 25
14 66 25
14 66 25
14 66 25
14 66 25
14 66 25
14 66 25
14 66 25
14 66 25
14 66 25
14 66 25
14 66 25
14 67 25
14 67 25
14 67 25
14 67 25
14 67 25
14 67 25
14 67 25
14 67 25
14 67 25
14 67 25
14 67 25
14 67 25
14 67 25
14 67 25
14 68 25
14 68 25
14 68 25
14 68 25
14 68 25
14 68 25
14 68 25
14 68 25
14 68 25
14 68 25
14 68 25
14 68 25
14 68 25
14 68 25
14 68 25
14 69 25
14 69 25
14 69 25
14 69 25
14 69 25
14 69 25
14 69 25
14 69 25
14 69 25
14 69 25
14 69 25
14 69 25
14 69 25
14 69 25
14 69 25
14 69 25
14 69 25
14 69 25
14 70 25
14 70 25
14 70 25
14 70 25
14 70 25
14 70 25
14 70 25
14 70 25
14 70 25
14 70 25
14 70 25
14 70 25
14 70 25
14 70 25
14 70 25
14 70 25
14 70 25
14 70 25
14 70 25
14 70 25
14 70 25
14 71 25
14 71 25
14 71 25
14 71 25
14 71 25
14 71 25
14 71 25
14 71 25
14 71 25
14 71 25
14 71 25
14 71 25
14 71 25
14 71 25
14 71 25
14 71 25
14 71 25
14 71 25
14 71 25
14 71 25
14 71 25
14 71 25
14 71 25
14 71 25
14 71 25
14 72 25
14 72 25
14 72 25
14 72 25
14 72 25
14 72 25
14 72 25
14 72 25
14 72 25
14 72 25
14 72 25
14 72 25
14 72 25
14 72 25
14 72 25
14 72 25
14 72 25
14 72 25
14 72 25
14 72 25
14 72 25
14 72 25
14 72 25
14 72 25
14 72 25
14 72 25
14 72 25
14 72 25
14 72 25
14 73 25
14 73 25
14 73 25
14 73 25
14 73 25
14 73 25
14 73 25
14 73 25
14 73 25
14 73 25
14 73 25
14 73 25
14 73 25
14 73 25
14 73 25
14 73 25
14 73 25
14 73 25
14 73 25
14 73 25
14 73 25
14 73 25
14 73 25
14 73 25
14 73 25
14 73 25
14 73 25
14 73 25
14 73 25
14 73 25
14 73 25
14 73 25
14 73 25
14 74 25
14 74 25
14 74 25
14 74 25
14 74 25
14 74 25
14 74 25
14 74 25
14 74 25
14 74 25
14 74 25
14 74 25
14 74 25
14 74 25
14 74 25
14 74 25
14 74 25
14 74 25
14 74 25
14 74 25
14 74 25
14 74 25
14 74 25
14 74 25
14 74 25
14 74 25
14 74 25
14 74 25
14 74 25
14 74 25
14 74 25
14 74 25
14 74 25
14 74 25
14 74 25
14 74 25
14 74 25
14 74 25
14 75 25
14 75 25
14 75 25
14 75 25
14 75 25
14 75 25
14 75 25
14 75 25
14 75 25
14 75 25
14 75 25
14 75 25
14 75 25
14 75 25
14 75 25
14 75 25
14 75 25
14 75 25
14 75 25
14 75 25
14 75 25
14 75 25
14 75 25
14 75 25
14 75 25
14 75 25
14 75 25
14 75 25
14 75 25
14 75 25
14 75 25
14 75 25
14 75 25
14 75 25
14 75 25
14 75 25
14 75 25
14 75 25
14 75 25
14 75 25
14 75 25
14 75 25
14 75 25
14 75 25
14 75 25
14 76 25
14 76 25
14 76 25
14 76 25
14 76 25
14 76 25
14 76 25
14 76 25
14 76 25
14 76 25
14 76 25
14 76 25
14 76 25
14 76 25
14 76 25
14 76 25
14 76 25
14 76 25
14 76 25
14 76 25
14 76 25
14 76 25
14 76 25
14 76 25
14 76 25
14 76 25
14 76 25
14 76 25
14 76 25
14 76 25
14 76 25
14 76 25
14 76 25
14 76 25
14 76 25
14 76 25
14 76 25
14 76 25
14 76 25
14 76 25
14 76 25
14 76 25
14 76 25
14 76 25
14 76 25
14 76 25
14 76 25
14 76 25
14 76 25
14 76 25
14 76 25
14 77 25
14 77 25
14 77 25
14 77 25
14 77 25
14 77 25
14 77 25
14 77 25
14 77 25
14 77 25
14 77 25
14 77 25
14 77 25
14 77 25
14 77 25
14 77 25
14 77 25
14 77 25
14 77 25
14 77 25
14 77 25
14 77 25
14 77 25
14 77 25
14 77 25
14 77 25
14 77 25
14 77 25
14 77 25
14 77 25
14 77 25
14 77 25
14 77 25
14 77 25
14 77 25
14 77 25
14 77 25
14 77 25
14 77 25
14 77 25
14 77 25
14 77 25
14 77 25
14 77 25
14 77 25
14 77 25
14 77 25
14 77 25
14 77 25
14 77 25
14 77 25
14 77 25
14 77 25
14 77 25
14 77 25
14 77 25
14 77 25
14 77 25
14 78 25
14 78 25
14 78 25
14 78 25
14 78 25
14 78 25
14 78 25
14 78 25
14 78 25
14 78 25
14 78 25
14 78 25
14 78 25
14 78 25
14 78 25
14 78 25
14 78 25
14 78 25
14 78 25
14 78 25
14 78 25
14 78 25
14 78 25
14 78 25
14 78 25
14 78 25
14 78 25
14 78 25
14 78 25
14 78 25
14 78 25
14 78 25
14 78 25
14 78 25
14 78 25
14 78 25
14 78 25
14 78 25
14 78 25
14 78 25
14 78 25
14 78 25
14 78 25
14 78 25
14 78 25
14 78 25
14 78 25
14 78 25
14 78 25
14 78 25
14 78 25
14 78 25
14 78 25
14 78 25
14 78 25
14 78 25
14 78 25
14 78 25
14 78 25
14 78 25
14 78 25
14 78 25
14 78 25
14 79 25
14 79 25
14 79 25
14 79 25
14 79 25
14 79 25
14 79 25
14 79 25
14 79 25
14 79 25
14 79 25
14 79 25
14 79 25
14 79 25
14 79 25
14 79 25
14 79 25
14 79 25
14 79 25
14 79 25
14 79 25
14 79 25
14 79 25
14 79 25
14 79 25
14 79 25
14 79 25
14 79 25
14 79 25
14 79 25
14 79 25
14 79 25
14 79 25
14 79 25
14 79 25
14 79 25
14 79 25
14 79 25
14 79 25
14 79 25
14 79 25
14 79 25
14 79 25
14 79 25
14 79 25
14 79 25
14 79 25
14 79 25
14 79 25
14 79 25
14 79 25
14 79 25
14 79 25
14 79 25
14 79 25
14 79 25
14 79 25
14 79 25
14 79 25
14 79 25
14 79 25
14 79 25
14 79 25
14 79 25
14 79 25
14 79 25
14 80 25
14 80 25
14 80 25
14 80 25
14 80 25
14 80 25
14 80 25
14 80 25
14 80 25
14 80 25
14 80 25
14 80 25
14 80 25
14 80 25
14 80 25
14 80 25
14 80 25
14 80 25
14 80 25
14 80 25
14 80 25
14 80 25
14 80 25
14 80 25
14 80 25
14 80 25
14 80 25
14 80 25
14 80 25
14 80 25
14 80 25
14 80 25
14 80 25
14 80 25
14 80 25
14 80 25
14 80 25
14 80 25
14 80 25
14 80 25
14 80 25
14 80 25
14 80 25
14 80 25
14 80 25
14 80 25
14 80 25
14 80 25
14 80 25
14 80 25
14 80 25
14 80 25
14 80 25
14 80 25
14 80 25
14 80 25
14 80 25
14 80 25
14 80 25
14 80 25
14 80 25
14 80 25
14 80 25
14 80 25
14 80 25
14 80 25
14 81 25
14 81 25
14 81 25
14 81 25
14 81 25
14 81 25
14 81 25
14 81 25
14 81 25
14 81 25
14 81 25
14 81 25
14 81 25
14 81 25
14 81 25
14 81 25
14 81 25
14 81 25
14 81 25
14 81 25
14 81 25
14 81 25
14 81 25
14 81 25
14 81 25
14 81 25
14 81 25
14 81 25
14 81 25
14 81 25
14 81 25
14 81 25
14 81 25
14 81 25
14 81 25
14 81 25
14 81 25
14 81 25
14 81 25
14 81 25
14 81 25
14 81 25
14 81 25
14 81 25
14 81 25
14 81 25
14 81 25
14 81 25
14 81 25
14 81 25
14 81 25
14 81 25
14 81 25
14 81 25
14 81 25
14 81 25
14 81 25
14 81 25
14 81 25
14 81 25
14 81 25
14 81 25
14 81 25
14 82 25
14 82 25
14 82 25
14 82 25
14 82 25
14 82 25
14 82 25
14 82 25
14 82 25
14 82 25
14 82 25
14 82 25
14 82 25
14 82 25
14 82 25
14 82 25
14 82 25
14 82 25
14 82 25
14 82 25
14 82 25
14 82 25
14 82 25
14 82 25
14 82 25
14 82 25
14 82 25
14 82 25
14 82 25
14 82 25
14 82 25
14 82 25
14 82 25
14 82 25
14 82 25
14 82 25
14 82 25
14 82 25
14 82 25
14 82 25
14 82 25
14 82 25
14 82 25
14 82 25
14 82 25
14 82 25
14 82 25
14 82 25
14 82 25
14 82 25
14 82 25
14 82 25
14 82 25
14 82 25
14 82 25
14 82 25
14 82 25
14 82 25
14 82 25
14 83 25
14 83 25
14 83 25
14 83 25
14 83 25
14 83 25
14 83 25
14 83 25
14 83 25
14 83 25
14 83 25
14 83 25
14 83 25
14 83 25
14 83 25
14 83 25
14 83 25
14 83 25
14 83 25
14 83 25
14 83 25
14 83 25
14 83 25
14 83 25
14 83 25
14 83 25
14 83 25
14 83 25
14 83 25
14 83 25
14 83 25
14 83 25
14 83 25
14 83 25
14 83 25
14 83 25
14 83 25
14 83 25
14 83 25
14 83 25
14 83 25
14 83 25
14 83 25
14 83 25
14 83 25
14 83 25
14 83 25
14 83 25
14 83 25
14 83 25
14 83 25
14 83 25
14 83 25
14 84 25
14 84 25
14 84 25
14 84 25
14 84 25
14 84 25
14 84 25
14 84 25
14 84 25
14 84 25
14 84 25
14 84 25
14 84 25
14 84 25
14 84 25
14 84 25
14 84 25
14 84 25
14 84 25
14 84 25
14 84 25
14 84 25
14 84 25
14 84 25
14 84 25
14 84 25
14 84 25
14 84 25
14 84 25
14 84 25
14 84 25
14 84 25
14 84 25
14 84 25
14 84 25
14 84 25
14 84 25
14 84 25
14 84 25
14 84 25
14 84 25
14 84 25
14 84 25
14 84 25
14 84 25
14 84 25
14 84 25
14 85 25
14 85 25
14 85 25
14 85 25
14 85 25
14 85 25
14 85 25
14 85 25
14 85 25
14 85 25
14 85 25
14 85 25
14 85 25
14 85 25
14 85 25
14 85 25
14 85 25
14 85 25
14 85 25
14 85 25
14 85 25
14 85 25
14 85 25
14 85 25
14 85 25
14 85 25
14 85 25
14 85 25
14 85 25
14 85 25
14 85 25
14 85 25
14 85 25
14 85 25
14 85 25
14 85 25
14 85 25
14 85 25
14 85 25
14 85 25
14 86 25
14 86 25
14 86 25
14 86 25
14 86 25
14 86 25
14 86 25
14 86 25
14 86 25
14 86 25
14 86 25
14 86 25
14 86 25
14 86 25
14 86 25
14 86 25
14 86 25
14 86 25
14 86 25
14 86 25
14 86 25
14 86 25
14 86 25
14 86 25
14 86 25
14 86 25
14 86 25
14 86 25
14 86 25
14 86 25
14 86 25
14 86 25
14 86 25
14 86 25
14 87 25
14 87 25
14 87 25
14 87 25
14 87 25
14 87 25
14 87 25
14 87 25
14 87 25
14 87 25
14 87 25
14 87 25
14 87 25
14 87 25
14 87 25
14 87 25
14 87 25
14 87 25
14 87 25
14 87 25
14 87 25
14 87 25
14 87 25
14 87 25
14 87 25
14 87 25
14 87 25
14 87 25
14 88 25
14 88 25
14 88 25
14 88 25
14 88 25
14 88 25
14 88 25
14 88 25
14 88 25
14 88 25
14 88 25
14 88 25
14 88 25
14 88 25
14 88 25
14 88 25
14 88 25
14 88 25
14 88 25
14 88 25
14 88 25
14 89 25
14 89 25
14 89 25
14 89 25
14 89 25
14 89 25
14 89 25
14 89 25
14 89 25
14 89 25
14 89 25
14 89 25
14 89 25
14 89 25
14 89 25
14 90 25
14 90 25
14 90 25
14 90 25
14 90 25
14 90 25
14 90 25
14 90 25
14 90 25
14 90 25
14 91 25
14 91 25
14 91 25
14 91 25
14 91 25
14 91 25
14 91 25
14 92 25
14 92 25
14 92 25
14 92 25
14 92 25
14 93 25
14 93 25
14 93 25
14 93 25
14 94 25
14 94 25
14 94 25
14 94 25
14 95 25
14 95 25
14 95 25
14 96 25
14 96 25
14 96 25
14 97 25
14 97 25
14 97 25
14 98 25
14 98 25
14 98 25
14 98 25
14 99 25
14 99 25
14 99 25
14 99 25
14 100 25
14 100 25
14 100 25
14 100 25
14 100 25
14 101 25
14 101 25
14 101 25
14 101 25
14 101 25
14 101 25
14 101 25
14 102 25
14 102 25
14 102 25
14 102 25
14 102 25
14 102 25
14 102 25
14 102 25
14 102 25
14 103 25
14 103 25
14 103 25
14 103 25
14 103 25
14 103 25
14 103 25
14 103 25
14 103 25
14 103 25
14 103 25
14 103 25
14 104 25
14 104 25
14 104 25
14 104 25
14 104 25
14 104 25
14 104 25
14 104 25
14 104 25
14 104 25
14 104 25
14 104 25
14 104 25
14 104 25
14 104 25
14 104 25
14 104 25
14 105 25
14 105 25
14 105 25
14 105 25
14 105 25
14 105 25
14 105 25
14 105 25
14 105 25
14 105 25
14 105 25
14 105 25
14 105 25
14 105 25
14 105 25
14 105 25
14 105 25
14 105 25
14 105 25
14 105 25
14 105 25
14 105 25
14 106 25
14 106 25
14 106 25
14 106 25
14 106 25
14 106 25
14 106 25
14 106 25
14 106 25
14 106 25
14 106 25
14 106 25
14 106 25
14 106 25
14 106 25
14 106 25
14 106 25
14 106 25
14 106 25
14 106 25
14 106 25
14 106 25
14 106 25
14 106 25
14 106 25
14 106 25
14 106 25
14 107 25
14 107 25
14 107 25
14 107 25
14 107 25
14 107 25
14 107 25
14 107 25
14 107 25
14 107 25
14 107 25
14 107 25
14 107 25
14 107 25
14 107 25
14 107 25
14 107 25
14 107 25
14 107 25
14 107 25
14 107 25
14 107 25
14 107 25
14 107 25
14 107 25
14 107 25
14 107 25
14 107 25
14 107 25
14 107 25
14 107 25
14 107 25
14 108 25
14 108 25
14 108 25
14 108 25
14 108 25
14 108 25
14 108 25
14 108 25
14 108 25
14 108 25
14 108 25
14 108 25
14 108 25
14 108 25
14 108 25
14 108 25
14 108 25
14 108 25
14 108 25
14 108 25
14 108 25
14 108 25
14 108 25
14 108 25
14 108 25
14 108 25
14 108 25
14 108 25
14 108 25
14 108 25
14 108 25
14 108 25
14 108 25
14 108 25
14 108 25
14 108 25
14 108 25
14 109 25
14 109 25
14 109 25
14 109 25
14 109 25
14 109 25
14 109 25
14 109 25
14 109 25
14 109 25
14 109 25
14 109 25
14 109 25
14 109 25
14 109 25
14 109 25
14 109 25
14 109 25
14 109 25
14 109 25
14 109 25
14 109 25
14 109 25
14 109 25
14 109 25
14 109 25
14 109 25
14 109 25
14 109 25
14 109 25
14 109 25
14 109 25
14 109 25
14 109 25
14 109 25
14 109 25
14 109 25
14 109 25
14 109 25
14 109 25
14 110 25
14 110 25
14 110 25
14 110 25
14 110 25
14 110 25
14 110 25
14 110 25
14 110 25
14 110 25
14 110 25
14 110 25
14 110 25
14 110 25
14 110 25
14 110 25
14 110 25
14 110 25
14 110 25
14 110 25
14 110 25
14 110 25
14 110 25
14 110 25
14 110 25
14 110 25
14 110 25
14 110 25
14 110 25
14 110 25
14 110 25
14 110 25
14 110 25
14 110 25
14 110 25
14 110 25
14 110 25
14 110 25
14 110 25
14 110 25
14 110 25
14 110 25
14 110 25
14 111 25
14 111 25
14 111 25
14 111 25
14 111 25
14 111 25
14 111 25
14 111 25
14 111 25
14 111 25
14 111 25
14 111 25
14 111 25
14 111 25
14 111 25
14 111 25
14 111 25
14 111 25
14 111 25
14 111 25
14 111 25
14 111 25
14 111 25
14 111 25
14 111 25
14 111 25
14 111 25
14 111 25
14 111 25
14 111 25
14 111 25
14 111 25
14 111 25
14 111 25
14 111 25
14 111 25
14 111 25
14 111 25
14 111 25
14 111 25
14 111 25
14 111 25
14 111 25
14 111 25
14 111 25
14 111 25
14 112 25
14 112 25
14 112 25
14 112 25
14 112 25
14 112 25
14 112 25
14 112 25
14 112 25
14 112 25
14 112 25
14 112 25
14 112 25
14 112 25
14 112 25
14 112 25
14 112 25
14 112 25
14 112 25
14 112 25
14 112 25
14 112 25
14 112 25
14 112 25
14 112 25
14 112 25
14 112 25
14 112 25
14 112 25
14 112 25
14 112 25
14 112 25
14 112 25
14 112 25
14 112 25
14 112 25
14 112 25
14 112 25
14 112 25
14 112 25
14 112 25
14 112 25
14 112 25
14 112 25
14 112 25
14 112 25
14 112 25
14 112 25
14 113 25
14 113 25
14 113 25
14 113 25
14 113 25
14 113 25
14 113 25
14 113 25
14 113 25
14 113 25
14 113 25
14 113 25
14 113 25
14 113 25
14 113 25
14 113 25
14 113 25
14 113 25
14 113 25
14 113 25
14 113 25
14 113 25
14 113 25
14 113 25
14 113 25
14 113 25
14 113 25
14 113 25
14 113 25
14 113 25
14 113 25
14 113 25
14 113 25
14 113 25
14 113 25
14 113 25
14 113 25
14 113 25
14 113 25
14 113 25
14 113 25
14 113 25
14 113 25
14 113 25
14 113 25
14 113 25
14 113 25
14 113 25
14 113 25
14 113 25
14 114 25
14 114 25
14 114 25
14 114 25
14 114 25
14 114 25
14 114 25
14 114 25
14 114 25
14 114 25
14 114 25
14 114 25
14 114 25
14 114 25
14 114 25
14 114 25
14 114 25
14 114 25
14 114 25
14 114 25
14 114 25
14 114 25
14 114 25
14 114 25
14 114 25
14 114 25
14 114 25
14 114 25
14 114 25
14 114 25
14 114 25
14 114 25
14 114 25
14 114 25
14 114 25
14 114 25
14 114 25
14 114 25
14 114 25
14 114 25
14 114 25
14 114 25
14 114 25
14 114 25
14 114 25
14 114 25
14 114 25
14 114 25
14 114 25
14 114 25
14 114 25
14 115 25
14 115 25
14 115 25
14 115 25
14 115 25
14 115 25
14 115 25
14 115 25
14 115 25
14 115 25
14 115 25
14 115 25
14 115 25
14 115 25
14 115 25
14 115 25
14 115 25
14 115 25
14 115 25
14 115 25
14 115 25
14 115 25
14 115 25
14 115 25
14 115 25
14 115 25
14 115 25
14 115 25
14 115 25
14 115 25
14 115 25
14 115 25
14 115 25
14 115 25
14 115 25
14 115 25
14 115 25
14 115 25
14 115 25
14 115 25
14 115 25
14 115 25
14 115 25
14 115 25
14 115 25
14 115 25
14 115 25
14 115 25
14 115 25
14 115 25
14 115 25
14 116 25
14 116 25
14 116 25
14 116 25
14 116 25
14 116 25
14 116 25
14 116 25
14 116 25
14 116 25
14 116 25
14 116 25
14 116 25
14 116 25
14 116 25
14 116 25
14 116 25
14 116 25
14 116 25
14 116 25
14 116 25
14 116 25
14 116 25
14 116 25
14 116 25
14 116 25
14 116 25
14 116 25
14 116 25
14 116 25
14 116 25
14 116 25
14 116 25
14 116 25
14 116 25
14 116 25
14 116 25
14 116 25
14 116 25
14 116 25
14 116 25
14 116 25
14 116 25
14 116 25
14 116 25
14 116 25
14 116 25
14 116 25
14 116 25
14 117 25
14 117 25
14 117 25
14 117 25
14 117 25
14 117 25
14 117 25
14 117 25
14 117 25
14 117 25
14 117 25
14 117 25
14 117 25
14 117 25
14 117 25
14 117 25
14 117 25
14 117 25
14 117 25
14 117 25
14 117 25
14 117 25
14 117 25
14 117 25
14 117 25
14 117 25
14 117 25
14 117 25
14 117 25
14 117 25
14 117 25
14 117 25
14 117 25
14 117 25
14 117 25
14 117 25
14 117 25
14 117 25
14 117 25
14 117 25
14 117 25
14 117 25
14 117 25
14 117 25
14 117 25
14 117 25
14 118 25
14 118 25
14 118 25
14 118 25
14 118 25
14 118 25
14 118 25
14 118 25
14 118 25
14 118 25
14 118 25
14 118 25
14 118 25
14 118 25
14 118 25
14 118 25
14 118 25
14 118 25
14 118 25
14 118 25
14 118 25
14 118 25
14 118 25
14 118 25
14 118 25
14 118 25
14 118 25
14 118 25
14 118 25
14 118 25
14 118 25
14 118 25
14 118 25
14 118 25
14 118 25
14 118 25
14 118 25
14 118 25
14 118 25
14 118 25
14 118 25
14 118 25
14 118 25
14 119 25
14 119 25
14 119 25
14 119 25
14 119 25
14 119 25
14 119 25
14 119 25
14 119 25
14 119 25
14 119 25
14 119 25
14 119 25
14 119 25
14 119 25
14 119 25
14 119 25
14 119 25
14 119 25
14 119 25
14 119 25
14 119 25
14 119 25
14 119 25
14 119 25
14 119 25
14 119 25
14 119 25
14 119 25
14 119 25
14 119 25
14 119 25
14 119 25
14 119 25
14 119 25
14 119 25
14 119 25
14 119 25
14 119 25
14 119 25
14 120 25
14 120 25
14 120 25
14 120 25
14 120 25
14 120 25
14 120 25
14 120 25
14 120 25
14 120 25
14 120 25
14 120 25
14 120 25
14 120 25
14 120 25
14 120 25
14 120 25
14 120 25
14 120 25
14 120 25
14 120 25
14 120 25
14 120 25
14 120 25
14 120 25
14 120 25
14 120 25
14 120 25
14 120 25
14 120 25
14 120 25
14 120 25
14 120 25
14 120 25
14 120 25
14 120 25
14 120 25
14 121 25
14 121 25
14 121 25
14 121 25
14 121 25
14 121 25
14 121 25
14 121 25
14 121 25
14 121 25
14 121 25
14 121 25
14 121 25
14 121 25
14 121 25
14 121 25
14 121 25
14 121 25
14 121 25
14 121 25
14 121 25
14 121 25
14 121 25
14 121 25
14 121 25
14 121 25
14 121 25
14 121 25
14 121 25
14 121 25
14 121 25
14 121 25
14 121 25
14 121 25
14 122 25
14 122 25
14 122 25
14 122 25
14 122 25
14 122 25
14 122 25
14 122 25
14 122 25
14 122 25
14 122 25
14 122 25
14 122 25
14 122 25
14 122 25
14 122 25
14 122 25
14 122 25
14 122 25
14 122 25
14 122 25
14 122 25
14 122 25
14 122 25
14 122 25
14 122 25
14 122 25
14 122 25
14 122 25
14 122 25
14 122 25
14 122 25
14 123 25
14 123 25
14 123 25
14 123 25
14 123 25
14 123 25
14 123 25
14 123 25
14 123 25
14 123 25
14 123 25
14 123 25
14 123 25
14 123 25
14 123 25
14 123 25
14 123 25
14 123 25
14 123 25
14 123 25
14 123 25
14 123 25
14 123 25
14 123 25
14 123 25
14 123 25
14 123 25
14 123 25
14 123 25
14 123 25
14 124 25
14 124 25
14 124 25
14 124 25
14 124 25
14 124 25
14 124 25
14 124 25
14 124 25
14 124 25
14 124 25
14 124 25
14 124 25
14 124 25
14 124 25
14 124 25
14 124 25
14 124 25
14 124 25
14 124 25
14 124 25
14 124 25
14 124 25
14 124 25
14 124 25
14 124 25
14 124 25
14 124 25
14 125 25
14 125 25
14 125 25
14 125 25
14 125 25
14 125 25
14 125 25
14 125 25
14 125 25
14 125 25
14 125 25
14 125 25
14 125 25
14 125 25
14 125 25
14 125 25
14 125 25
14 125 25
14 125 25
14 125 25
14 125 25
14 125 25
14 125 25
14 125 25
14 125 25
14 125 25
14 126 25
14 126 25
14 126 25
14 126 25
14 126 25
14 126 25
14 126 25
14 126 25
14 126 25
14 126 25
14 126 25
14 126 25
14 126 25
14 126 25
14 126 25
14 126 25
14 126 25
14 126 25
14 126 25
14 126 25
14 126 25
14 126 25
14 126 25
14 126 25
14 127 25
14 127 25
14 127 25
14 127 25
14 127 25
14 127 25
14 127 25
14 127 25
14 127 25
14 127 25
14 127 25
14 127 25
14 127 25
14 127 25
14 127 25
14 127 25
14 127 25
14 127 25
14 127 25
14 127 25
14 127 25
14 127 25
14 128 25
14 128 25
14 128 25
14 128 25
14 128 25
14 128 25
14 128 25
14 128 25
14 128 25
14 128 25
14 128 25
14 128 25
14 128 25
14 128 25
14 128 25
14 128 25
14 128 25
14 128 25
14 128 25
14 128 25
14 129 25
14 129 25
14 129 25
14 129 25
14 129 25
14 129 25
14 129 25
14 129 25
14 129 25
14 129 25
14 129 25
14 129 25
14 129 25
14 129 25
14 129 25
14 129 25
14 129 25
14 129 25
14 129 25
14 130 25
14 130 25
14 130 25
14 130 25
14 130 25
14 130 25
14 130 25
14 130 25
14 130 25
14 130 25
14 130 25
14 130 25
14 130 25
14 130 25
14 130 25
14 130 25
14 130 25
14 130 25
14 131 25
14 131 25
14 131 25
14 131 25
14 131 25
14 131 25
14 131 25
14 131 25
14 131 25
14 131 25
14 131 25
14 131 25
14 131 25
14 131 25
14 131 25
14 131 25
14 131 25
14 132 25
14 132 25
14 132 25
14 132 25
14 132 25
14 132 25
14 132 25
14 132 25
14 132 25
14 132 25
14 132 25
14 132 25
14 132 25
14 132 25
14 132 25
14 132 25
14 133 25
14 133 25
14 133 25
14 133 25
14 133 25
14 133 25
14 133 25
14 133 25
14 133 25
14 133 25
14 133 25
14 133 25
14 133 25
14 133 25
14 133 25
14 134 25
14 134 25
14 134 25
14 134 25
14 134 25
14 134 25
14 134 25
14 134 25
14 134 25
14 134 25
14 134 25
14 134 25
14 134 25
14 135 25
14 135 25
14 135 25
14 135 25
14 135 25
14 135 25
14 135 25
14 135 25
14 135 25
14 135 25
14 135 25
14 136 25
14 136 25
14 136 25
14 136 25
14 136 25
14 136 25
14 136 25
14 136 25
14 136 25
14 137 25
14 137 25
14 137 25
14 137 25
14 137 25
14 137 25
14 137 25
14 138 25
14 138 25
14 138 25
14 138 25
14 138 25
14 138 25
14 139 25
14 139 25
14 139 25
14 139 25
14 139 25
14 140 25
14 140 25
14 140 25
14 140 25
14 141 25
14 141 25
14 141 25
14 141 25
14 142 25
14 142 25
14 142 25
14 143 25
14 143 25
14 143 25
14 144 25
14 144 25
14 145 25
14 145 25
14 146 25
14 146 25
15 146 25
15 146 25
16 146 25
17 146 25
18 146 25
19 146 25
20 146 25
21 146 25
22 146 25
23 146 25
24 146 25
25 146 25
25 146 25
26 146 25
26 146 25
27 146 25
27 146 25
28 146 25
28 146 25
28 146 25
29 146 25
29 146 25
29 146 25
30 146 25
30 146 25
30 146 25
30 146 25
30 146 25
31 146 25
31 146 25
31 146 25
31 146 25
31 146 25
31 146 25
32 146 25
32 146 25
32 146 25
32 146 25
32 146 25
32 146 25
32 146 25
32 146 25
32 146 25
33 146 25
33 146 25
33 146 25
33 146 25
33 146 25
33 146 25
33 146 25
33 146 25
33 146 25
33 146 25
33 146 25
33 146 25
33 146 25
34 146 25
34 146 25
34 146 25
34 146 25
34 146 25
34 146 25
34 146 25
34 146 25
34 146 25
34 146 25
34 146 25
34 146 25
34 146 25
34 146 25
34 146 25
34 146 25
34 146 25
35 146 25
35 146 25
35 146 25
35 146 25
35 146 25
35 146 25
35 146 25
35 146 25
35 146 25
35 146 25
35 146 25
35 146 25
35 146 25
35 146 25
35 146 25
35 146 25
35 146 25
35 146 25
35 146 25
35 146 25
35 146 25
35 146 25
35 146 25
35 146 25
36 146 25
36 146 25
36 146 25
36 146 25
36 146 25
36 146 25
36 146 25
36 146 25
36 146 25
36 146 25
36 146 25
36 146 25
36 146 25
36 146 25
36 146 25
36 146 25
36 146 25
36 146 25
36 146 25
36 146 25
36 146 25
36 146 25
36 146 25
36 146 25
36 146 25
36 146 25
36 146 25
36 146 25
36 146 25
36 146 25
36 146 25
36 146 25
36 146 25
37 146 25
37 146 25
37 146 25
37 146 25
37 146 25
37 146 25
37 146 25
37 146 25
37 146 25
37 146 25
37 146 25
37 146 25
37 146 25
37 146 25
37 146 25
37 146 25
37 146 25
37 146 25
37 146 25
37 146 25
37 146 25
37 146 25
37 146 25
37 146 25
37 146 25
37 146 25
37 146 25
37 146 25
37 146 25
37 146 25
37 146 25
37 146 25
37 146 25
37 146 25
37 146 25
37 146 25
37 146 25
37 146 25
37 146 25
37 146 25
37 146 25
37 146 25
37 146 25
37 146 25
38 146 25
38 146 25
38 146 25
38 146 25
38 146 25
38 146 25
38 146 25
38 146 25
38 146 25
38 146 25
38 146 25
38 146 25
38 146 25
38 146 25
38 146 25
38 146 25
38 146 25
38 146 25
38 146 25
38 146 25
38 146 25
38 146 25
38 146 25
38 146 25
38 146 25
38 146 25
38 146 25
38 146 25
38 146 25
38 146 25
38 146 25
38 146 25
38 146 25
38 146 25
38 146 25
38 146 25
38 146 25
38 146 25
38 146 25
38 146 25
38 146 25
38 146 25
38 146 25
38 146 25
38 146 25
38 146 25
38 146 25
38 146 25
38 146 25
38 146 25
38 146 25
38 146 25
38 146 25
38 146 25
38 146 25
38 146 25
39 146 25
39 146 25
39 146 25
39 146 25
39 146 25
39 146 25
39 146 25
39 146 25
39 146 25
39 146 25
39 146 25
39 146 25
39 146 25
39 146 25
39 146 25
39 146 25
39 146 25
39 146 25
39 146 25
39 146 25
39 146 25
39 146 25
39 146 25
39 146 25
39 146 25
39 146 25
39 146 25
39 146 25
39 146 25
39 146 25
39 146 25
39 146 25
39 146 25
39 146 25
39 146 25
39 146 25
39 146 25
39 146 25
39 146 25
39 146 25
39 146 25
39 146 25
39 146 25
39 146 25
39 146 25
39 146 25
39 146 25
39 146 25
39 146 25
39 146 25
39 146 25
39 146 25
39 146 25
39 146 25
39 146 25
39 146 25
39 146 25
39 146 25
39 146 25
39 146 25
39 146 25
39 146 25
39 146 25
39 146 25
39 146 25
39 146 25
39 146 25
39 146 25
39 146 25
40 146 25
40 146 25
40 146 25
40 146 25
40 146 25
40 146 25
40 146 25
40 146 25
40 146 25
40 146 25
40 146 25
40 146 25
40 146 25
40 146 25
40 146 25
40 146 25
40 146 25
40 146 25
40 146 25
40 146 25
40 146 25
40 146 25
40 146 25
40 146 25
40 146 25
40 146 25
40 146 25
40 146 25
40 146 25
40 146 25
40 146 25
40 146 25
40 146 25
40 146 25
40 146 25
40 146 25
40 146 25
40 146 25
40 146 25
40 146 25
40 146 25
40 146 25
40 146 25
40 146 25
40 146 25
40 146 25
40 146 25
40 146 25
40 146 25
40 146 25
40 146 25
40 146 25
40 146 25
40 146 25
40 146 25
40 146 25
40 146 25
40 146 25
40 146 25
40 146 25
40 146 25
40 146 25
40 146 25
40 146 25
40 146 25
40 146 25
40 146 25
40 146 25
40 146 25
40 146 25
40 146 25
40 146 25
40 146 25
40 146 25
40 146 25
40 146 25
40 146 25
40 146 25
40 146 25
41 146 25
41 146 25
41 146 25
41 146 25
41 146 25
41 146 25
41 146 25
41 146 25
41 146 25
41 146 25
41 146 25
41 146 25
41 146 25
41 146 25
41 146 25
41 146 25
41 146 25
41 146 25
41 146 25
41 146 25
41 146 25
41 146 25
41 146 25
41 146 25
41 146 25
41 146 25
41 146 25
41 146 25
41 146 25
41 146 25
41 146 25
41 146 25
41 146 25
41 146 25
41 146 25
41 146 25
41 146 25
41 146 25
41 146 25
41 146 25
41 146 25
41 146 25
41 146 25
41 146 25
41 146 25
41 146 25
41 146 25
41 146 25
41 146 25
41 146 25
41 146 25
41 146 25
41 146 25
41 146 25
41 146 25
41 146 25
41 146 25
41 146 25
41 146 25
41 146 25
41 146 25
41 146 25
41 146 25
41 146 25
41 146 25
41 146 25
41 146 25
41 146 25
41 146 25
41 146 25
41 146 25
41 146 25
41 146 25
41 146 25
41 146 25
41 146 25
41 146 25
41 146 25
41 146 25
41 146 25
41 146 25
41 146 25
41 146 25
41 146 25
41 146 25
41 146 25
41 146 25
41 146 25
42 146 25
42 146 25
42 146 25
42 146 25
42 146 25
42 146 25
42 146 25
42 146 25
42 146 25
42 146 25
42 146 25
42 146 25
42 146 25
42 146 25
42 146 25
42 146 25
42 146 25
42 146 25
42 146 25
42 146 25
42 146 25
42 146 25
42 146 25
42 146 25
42 146 25
42 146 25
42 146 25
42 146 25
42 146 25
42 146 25
42 146 25
42 146 25
42 146 25
42 146 25
42 146 25
42 146 25
42 146 25
42 146 25
42 146 25
42 146 25
42 146 25
42 146 25
42 146 25
42 146 25
42 146 25
42 146 25
42 146 25
42 146 25
42 146 25
42 146 25
42 146 25
42 146 25
42 146 25
42 146 25
42 146 25
42 146 25
42 146 25
42 146 25
42 146 25
42 146 25
42 146 25
42 146 25
42 146 25
42 146 25
42 146 25
42 146 25
42 146 25
42 146 25
42 146 25
42 146 25
42 146 25
42 146 25
42 146 25
42 146 25
42 146 25
42 146 25
42 146 25
42 146 25
42 146 25
42 146 25
42 146 25
42 146 25
42 146 25
42 146 25
42 146 25
42 146 25
42 146 25
42 146 25
42 146 25
42 146 25
42 146 25
42 146 25
42 146 25
43 146 25
43 146 25
43 146 25
43 146 25
43 146 25
43 146 25
43 146 25
43 146 25
43 146 25
43 146 25
43 146 25
43 146 25
43 146 25
43 146 25
43 146 25
43 146 25
43 146 25
43 146 25
43 146 25
43 146 25
43 146 25
43 146 25
43 146 25
43 146 25
43 146 25
43 146 25
43 146 25
43 146 25
43 146 25
43 146 25
43 146 25
43 146 25
43 146 25
43 146 25
43 146 25
43 146 25
43 146 25
43 146 25
43 146 25
43 146 25
43 146 25
43 146 25
43 146 25
43 146 25
43 146 25
43 146 25
43 146 25
43 146 25
43 146 25
43 146 25
43 146 25
43 146 25
43 146 25
43 146 25
43 146 25
43 146 25
43 146 25
43 146 25
43 146 25
43 146 25
43 146 25
43 146 25
43 146 25
43 146 25
43 146 25
43 146 25
43 146 25
43 146 25
43 146 25
43 146 25
43 146 25
43 146 25
43 146 25
43 146 25
43 146 25
43 146 25
43 146 25
43 146 25
43 146 25
43 146 25
43 146 25
43 146 25
43 146 25
43 146 25
43 146 25
43 146 25
43 146 25
43 146 25
43 146 25
43 146 25
43 146 25
43 146 25
43 146 25
43 146 25
44 146 25
44 146 25
44 146 25
44 146 25
44 146 25
44 146 25
44 146 25
44 146 25
44 146 25
44 146 25
44 146 25
44 146 25
44 146 25
44 146 25
44 146 25
44 146 25
44 146 25
44 146 25
44 146 25
44 146 25
44 146 25
44 146 25
44 146 25
44 146 25
44 146 25
44 146 25
44 146 25
44 146 25
44 146 25
44 146 25
44 146 25
44 146 25
44 146 25
44 146 25
44 146 25
44 146 25
44 146 25
44 146 25
44 146 25
44 146 25
44 146 25
44 146 25
44 146 25
44 146 25
44 146 25
44 146 25
44 146 25
44 146 25
44 146 25
44 146 25
44 146 25
44 146 25
44 146 25
44 146 25
44 146 25
44 146 25
44 146 25
44 146 25
44 146 25
44 146 25
44 146 25
44 146 25
44 146 25
44 146 25
44 146 25
44 146 25
44 146 25
44 146 25
44 146 25
44 146 25
44 146 25
44 146 25
44 146 25
44 146 25
44 146 25
44 146 25
44 146 25
44 146 25
44 146 25
44 146 25
44 146 25
44 146 25
44 146 25
44 146 25
44 146 25
44 146 25
44 146 25
44 146 25
44 146 25
44 146 25
44 146 25
44 146 25
45 146 25
45 146 25
45 146 25
45 146 25
45 146 25
45 146 25
45 146 25
45 146 25
45 146 25
45 146 25
45 146 25
45 146 25
45 146 25
45 146 25
45 146 25
45 146 25
45 146 25
45 146 25
45 146 25
45 146 25
45 146 25
45 146 25
45 146 25
45 146 25
45 146 25
45 146 25
45 146 25
45 146 25
45 146 25
45 146 25
45 146 25
45 146 25
45 146 25
45 146 25
45 146 25
45 146 25
45 146 25
45 146 25
45 146 25
45 146 25
45 146 25
45 146 25
45 146 25
45 146 25
45 146 25
45 146 25
45 146 25
45 146 25
45 146 25
45 146 25
45 146 25
45 146 25
45 146 25
45 146 25
45 146 25
45 146 25
45 146 25
45 146 25
45 146 25
45 146 25
45 146 25
45 146 25
45 146 25
45 146 25
45 146 25
45 146 25
45 146 25
45 146 25
45 146 25
45 146 25
45 146 25
45 146 25
45 146 25
45 146 25
45 146 25
45 146 25
45 146 25
45 146 25
45 146 25
45 146 25
45 146 25
45 146 25
45 146 25
45 146 25
45 146 25
45 146 25
45 146 25
45 146 25
46 146 25
46 146 25
46 146 25
46 146 25
46 146 25
46 146 25
46 146 25
46 146 25
46 146 25
46 146 25
46 146 25
46 146 25
46 146 25
46 146 25
46 146 25
46 146 25
46 146 25
46 146 25
46 146 25
46 146 25
46 146 25
46 146 25
46 146 25
46 146 25
46 146 25
46 146 25
46 146 25
46 146 25
46 146 25
46 146 25
46 146 25
46 146 25
46 146 25
46 146 25
46 146 25
46 146 25
46 146 25
46 146 25
46 146 25
46 146 25
46 146 25
46 146 25
46 146 25
46 146 25
46 146 25
46 146 25
46 146 25
46 146 25
46 146 25
46 146 25
46 146 25
46 146 25
46 146 25
46 146 25
46 146 25
46 146 25
46 146 25
46 146 25
46 146 25
46 146 25
46 146 25
46 146 25
46 146 25
46 146 25
46 146 25
46 146 25
46 146 25
46 146 25
46 146 25
46 146 25
46 146 25
46 146 25
46 146 25
46 146 25
46 146 25
46 146 25
46 146 25
46 146 25
46 146 25
46 146 25
46 146 25
46 146 25
47 146 25
47 146 25
47 146 25
47 146 25
47 146 25
47 146 25
47 146 25
47 146 25
47 146 25
47 146 25
47 146 25
47 146 25
47 146 25
47 146 25
47 146 25
47 146 25
47 146 25
47 146 25
47 146 25
47 146 25
47 146 25
47 146 25
47 146 25
47 146 25
47 146 25
47 146 25
47 146 25
47 146 25
47 146 25
47 146 25
47 146 25
47 146 25
47 146 25
47 146 25
47 146 25
47 146 25
47 146 25
47 146 25
47 146 25
47 146 25
47 146 25
47 146 25
47 146 25
47 146 25
47 146 25
47 146 25
47 146 25
47 146 25
47 146 25
47 146 25
47 146 25
47 146 25
47 146 25
47 146 25
47 146 25
47 146 25
47 146 25
47 146 25
47 146 25
47 146 25
47 146 25
47 146 25
47 146 25
47 146 25
47 146 25
47 146 25
47 146 25
47 146 25
47 146 25
47 146 25
47 146 25
47 146 25
47 146 25
47 146 25
47 146 25
48 146 25
48 146 25
48 146 25
48 146 25
48 146 25
48 146 25
48 146 25
48 146 25
48 146 25
48 146 25
48 146 25
48 146 25
48 146 25
48 146 25
48 146 25
48 146 25
48 146 25
48 146 25
48 146 25
48 146 25
48 146 25
48 146 25
48 146 25
48 146 25
48 146 25
48 146 25
48 146 25
48 146 25
48 146 25
48 146 25
48 146 25
48 146 25
48 146 25
48 146 25
48 146 25
48 146 25
48 146 25
48 146 25
48 146 25
48 146 25
48 146 25
48 146 25
48 146 25
48 146 25
48 146 25
48 146 25
48 146 25
48 146 25
48 146 25
48 146 25
48 146 25
48 146 25
48 146 25
48 146 25
48 146 25
48 146 25
48 146 25
48 146 25
48 146 25
48 146 25
48 146 25
48 146 25
48 146 25
48 146 25
48 146 25
48 146 25
49 146 25
49 146 25
49 146 25
49 146 25
49 146 25
49 146 25
49 146 25
49 146 25
49 146 25
49 146 25
49 146 25
49 146 25
49 146 25
49 146 25
49 146 25
49 146 25
49 146 25
49 146 25
49 146 25
49 146 25
49 146 25
49 146 25
49 146 25
49 146 25
49 146 25
49 146 25
49 146 25
49 146 25
49 146 25
49 146 25
49 146 25
49 146 25
49 146 25
49 146 25
49 146 25
49 146 25
49 146 25
49 146 25
49 146 25
49 146 25
49 146 25
49 146 25
49 146 25
49 146 25
49 146 25
49 146 25
49 146 25
49 146 25
49 146 25
49 146 25
49 146 25
49 146 25
49 146 25
49 146 25
49 146 25
49 146 25
49 146 25
50 146 25
50 146 25
50 146 25
50 146 25
50 146 25
50 146 25
50 146 25
50 146 25
50 146 25
50 146 25
50 146 25
50 146 25
50 146 25
50 146 25
50 146 25
50 146 25
50 146 25
50 146 25
50 146 25
50 146 25
50 146 25
50 146 25
50 146 25
50 146 25
50 146 25
50 146 25
50 146 25
50 146 25
50 146 25
50 146 25
50 146 25
50 146 25
50 146 25
50 146 25
50 146 25
50 146 25
50 146 25
50 146 25
50 146 25
50 146 25
50 146 25
50 146 25
50 146 25
50 146 25
50 146 25
50 146 25
50 146 25
50 146 25
50 146 25
50 146 25
51 146 25
51 146 25
51 146 25
51 146 25
51 146 25
51 146 25
51 146 25
51 146 25
51 146 25
51 146 25
51 146 25
51 146 25
51 146 25
51 146 25
51 146 25
51 146 25
51 146 25
51 146 25
51 146 25
51 146 25
51 146 25
51 146 25
51 146 25
51 146 25
51 146 25
51 146 25
51 146 25
51 146 25
51 146 25
51 146 25
51 146 25
51 146 25
51 146 25
51 146 25
51 146 25
51 146 25
51 146 25
51 146 25
51 146 25
51 146 25
51 146 25
51 146 25
51 146 25
51 146 25
52 146 25
52 146 25
52 146 25
52 146 25
52 146 25
52 146 25
52 146 25
52 146 25
52 146 25
52 146 25
52 146 25
52 146 25
52 146 25
52 146 25
52 146 25
52 146 25
52 146 25
52 146 25
52 146 25
52 146 25
52 146 25
52 146 25
52 146 25
52 146 25
52 146 25
52 146 25
52 146 25
52 146 25
52 146 25
52 146 25
52 146 25
52 146 25
52 146 25
52 146 25
52 146 25
52 146 25
52 146 25
52 146 25
52 146 25
52 145 950
52 145 25
52 145 25
52 145 25
52 144 25
52 144 25
52 144 25
52 144 25
52 144 25
52 144 25
52 144 25
52 144 25
52 144 25
52 144 25
52 144 25
52 144 25
52 144 25
52 144 25
52 144 25
52 144 25
52 144 25
52 144 25
52 144 25
52 144 25
52 144 25
52 144 25
52 144 25
52 144 25
52 144 25
52 144 25
52 144 25
52 144 25
52 144 25
52 144 25
52 144 25
52 144 25
52 144 25
52 144 25
52 144 25
52 144 25
52 144 25
52 144 25
52 144 25
52 144 25
52 144 25
52 144 25
52 143 25
52 143 25
52 143 25
52 143 25
52 143 25
52 143 25
52 143 25
52 143 25
52 143 25
52 143 25
52 143 25
52 143 25
52 143 25
52 143 25
52 143 25
52 143 25
52 143 25
52 143 25
52 143 25
52 143 25
52 143 25
52 143 25
52 143 25
52 143 25
52 143 25
52 143 25
52 143 25
52 143 25
52 143 25
52 143 25
52 143 25
52 143 25
52 143 25
52 143 25
52 143 25
52 143 25
52 143 25
52 143 25
52 143 25
52 143 25
52 143 25
52 142 25
52 142 25
52 142 25
52 142 25
52 142 25
52 142 25
52 142 25
52 142 25
52 142 25
52 142 25
52 142 25
52 142 25
52 142 25
52 142 25
52 142 25
52 142 25
52 142 25
52 142 25
52 142 25
52 142 25
52 142 25
52 142 25
52 142 25
52 142 25
52 142 25
52 142 25
52 142 25
52 142 25
52 142 25
52 142 25
52 142 25
52 142 25
52 142 25
52 142 25
52 142 25
52 142 25
52 142 25
52 142 25
52 142 25
52 142 25
52 141 25
52 141 25
52 141 25
52 141 25
52 141 25
52 141 25
52 141 25
52 141 25
52 141 25
52 141 25
52 141 25
52 141 25
52 141 25
52 141 25
52 141 25
52 141 25
52 141 25
52 141 25
52 141 25
52 141 25
52 141 25
52 141 25
52 141 25
52 141 25
52 141 25
52 141 25
52 141 25
52 141 25
52 141 25
52 141 25
52 141 25
52 141 25
52 141 25
52 141 25
52 141 25
52 141 25
52 141 25
52 140 25
52 140 25
52 140 25
52 140 25
52 140 25
52 140 25
52 140 25
52 140 25
52 140 25
52 140 25
52 140 25
52 140 25
52 140 25
52 140 25
52 140 25
52 140 25
52 140 25
52 140 25
52 140 25
52 140 25
52 140 25
52 140 25
52 140 25
52 140 25
52 140 25
52 140 25
52 140 25
52 140 25
52 140 25
52 140 25
52 140 25
52 140 25
52 140 25
52 140 25
52 139 25
52 139 25
52 139 25
52 139 25
52 139 25
52 139 25
52 139 25
52 139 25
52 139 25
52 139 25
52 139 25
52 139 25
52 139 25
52 139 25
52 139 25
52 139 25
52 139 25
52 139 25
52 139 25
52 139 25
52 139 25
52 139 25
52 139 25
52 139 25
52 139 25
52 139 25
52 139 25
52 139 25
52 139 25
52 138 25
52 138 25
52 138 25
52 138 25
52 138 25
52 138 25
52 138 25
52 138 25
52 138 25
52 138 25
52 138 25
52 138 25
52 138 25
52 138 25
52 138 25
52 138 25
52 138 25
52 138 25
52 138 25
52 138 25
52 138 25
52 138 25
52 138 25
52 138 25
52 137 25
52 137 25
52 137 25
52 137 25
52 137 25
52 137 25
52 137 25
52 137 25
52 137 25
52 137 25
52 137 25
52 137 25
52 137 25
52 137 25
52 137 25
52 137 25
52 137 25
52 137 25
52 136 25
52 136 25
52 136 25
52 136 25
52 136 25
52 136 25
52 136 25
52 136 25
52 136 25
52 136 25
52 136 25
52 136 25
52 136 25
52 135 25
52 135 25
52 135 25
52 135 25
52 135 25
52 135 25
52 135 25
52 135 25
52 135 25
52 134 25
52 134 25
52 134 25
52 134 25
52 134 25
52 134 25
52 133 25
52 133 25
52 133 25
52 132 25
52 132 25
52 131 25
52 131 25
52 130 25
52 129 25
52 128 25
52 127 25
52 126 25
52 125 25
52 124 25
53 124 25
54 124 25
55 124 25
56 124 25
57 124 25
58 124 25
59 124 25
60 124 25
61 124 25
62 124 25
62 124 25
63 124 25
63 124 25
64 124 25
64 124 25
65 124 25
65 124 25
65 124 25
66 124 25
66 124 25
66 124 25
67 124 25
67 124 25
67 124 25
68 124 25
68 124 25
68 124 25
68 124 25
69 124 25
69 124 25
69 124 25
69 124 25
70 124 25
70 124 25
70 124 25
70 124 25
70 124 25
71 124 25
71 124 25
71 124 25
71 124 25
71 124 25
71 124 25
71 124 25
72 124 25
72 124 25
72 124 25
72 124 25
72 124 25
72 124 25
72 124 25
72 124 25
72 124 25
73 124 25
73 124 25
73 124 25
73 124 25
73 124 25
73 124 25
73 124 25
73 124 25
73 124 25
73 124 25
73 124 25
73 124 25
73 124 25
74 124 25
74 124 25
74 124 25
74 124 25
74 124 25
74 124 25
74 124 25
74 124 25
74 124 25
74 124 25
74 124 25
74 124 25
74 124 25
74 124 25
74 124 25
74 124 25
74 124 25
75 124 25
75 124 25
75 124 25
75 124 25
75 124 25
75 124 25
75 124 25
75 124 25
75 124 25
75 124 25
75 124 25
75 124 25
75 124 25
75 124 25
75 124 25
75 124 25
75 124 25
75 124 25
75 124 25
75 124 25
75 124 25
75 124 25
76 124 25
76 124 25
76 124 25
76 124 25
76 124 25
76 124 25
76 124 25
76 124 25
76 124 25
76 124 25
76 124 25
76 124 25
76 124 25
76 124 25
76 124 25
76 124 25
76 124 25
76 124 25
76 124 25
76 124 25
76 124 25
76 124 25
76 124 25
76 124 25
76 124 25
76 124 25
76 124 25
76 124 25
77 124 25
77 124 25
77 124 25
77 124 25
77 124 25
77 124 25
77 124 25
77 124 25
77 124 25
77 124 25
77 124 25
77 124 25
77 124 25
77 124 25
77 124 25
77 124 25
77 124 25
77 124 25
77 124 25
77 124 25
77 124 25
77 124 25
77 124 25
77 124 25
77 124 25
77 124 25
77 124 25
77 124 25
77 124 25
77 124 25
77 124 25
77 124 25
77 124 25
77 124 25
77 124 25
78 124 25
78 124 25
78 124 25
78 124 25
78 124 25
78 124 25
78 124 25
78 124 25
78 124 25
78 124 25
78 124 25
78 124 25
78 124 25
78 124 25
78 124 25
78 124 25
78 124 25
78 124 25
78 124 25
78 124 25
78 124 25
78 124 25
78 124 25
78 124 25
78 124 25
78 124 25
78 124 25
78 124 25
78 124 25
78 124 25
78 124 25
78 124 25
78 124 25
78 124 25
78 124 25
78 124 25
78 124 25
78 124 25
78 124 25
78 124 25
79 124 25
79 124 25
79 124 25
79 124 25
79 124 25
79 124 25
79 124 25
79 124 25
79 124 25
79 124 25
79 124 25
79 124 25
79 124 25
79 124 25
79 124 25
79 124 25
79 124 25
79 124 25
79 124 25
79 124 25
79 124 25
79 124 25
79 124 25
79 124 25
79 124 25
79 124 25
79 124 25
79 124 25
79 124 25
79 124 25
79 124 25
79 124 25
79 124 25
79 124 25
79 124 25
79 124 25
79 124 25
79 124 25
79 124 25
79 124 25
79 124 25
79 124 25
79 124 25
80 124 25
80 124 25
80 124 25
80 124 25
80 124 25
80 124 25
80 124 25
80 124 25
80 124 25
80 124 25
80 124 25
80 124 25
80 124 25
80 124 25
80 124 25
80 124 25
80 124 25
80 124 25
80 124 25
80 124 25
80 124 25
80 124 25
80 124 25
80 124 25
80 124 25
80 124 25
80 124 25
80 124 25
80 124 25
80 124 25
80 124 25
80 124 25
80 124 25
80 124 25
80 124 25
80 124 25
80 124 25
80 124 25
80 124 25
80 124 25
80 124 25
80 124 25
80 124 25
81 124 25
81 124 25
81 124 25
81 124 25
81 124 25
81 124 25
81 124 25
81 124 25
81 124 25
81 124 25
81 124 25
81 124 25
81 124 25
81 124 25
81 124 25
81 124 25
81 124 25
81 124 25
81 124 25
81 124 25
81 124 25
81 124 25
81 124 25
81 124 25
81 124 25
81 124 25
81 124 25
81 124 25
81 124 25
81 124 25
81 124 25
81 124 25
81 124 25
81 124 25
81 124 25
81 124 25
81 124 25
81 124 25
81 124 25
81 124 25
82 124 25
82 124 25
82 124 25
82 124 25
82 124 25
82 124 25
82 124 25
82 124 25
82 124 25
82 124 25
82 124 25
82 124 25
82 124 25
82 124 25
82 124 25
82 124 25
82 124 25
82 124 25
82 124 25
82 124 25
82 124 25
82 124 25
82 124 25
82 124 25
82 124 25
82 124 25
82 124 25
82 124 25
82 124 25
82 124 25
82 124 25
82 124 25
82 124 25
82 124 25
82 124 25
83 124 25
83 124 25
83 124 25
83 124 25
83 124 25
83 124 25
83 124 25
83 124 25
83 124 25
83 124 25
83 124 25
83 124 25
83 124 25
83 124 25
83 124 25
83 124 25
83 124 25
83 124 25
83 124 25
83 124 25
83 124 25
83 124 25
83 124 25
83 124 25
83 124 25
83 124 25
83 124 25
83 124 25
84 124 25
84 124 25
84 124 25
84 124 25
84 124 25
84 124 25
84 124 25
84 124 25
84 124 25
84 124 25
84 124 25
84 124 25
84 124 25
84 124 25
84 124 25
84 124 25
84 124 25
84 124 25
84 124 25
84 124 25
84 124 25
85 124 25
85 124 25
85 124 25
85 124 25
85 124 25
85 124 25
85 124 25
85 124 25
85 124 25
85 124 25
85 124 25
85 124 25
85 124 25
85 124 25
85 124 25
85 124 25
86 124 25
86 124 25
86 124 25
86 124 25
86 124 25
86 124 25
86 124 25
86 124 25
86 124 25
86 124 25
86 124 25
87 124 25
87 124 25
87 124 25
87 124 25
87 124 25
87 124 25
87 124 25
87 124 25
88 124 25
88 124 25
88 124 25
88 124 25
88 124 25
88 124 25
89 124 25
89 124 25
89 124 25
89 124 25
90 124 25
90 124 25
90 124 25
91 124 25
91 124 25
91 124 25
92 124 25
92 124 25
92 124 25
93 124 25
93 124 25
93 124 25
93 123 50
93 122 25
93 122 25
93 121 25
93 120 25
93 119 25
93 118 25
94 118 25
95 118 25
96 118 25
97 118 25
98 118 25
99 118 25
100 118 25
100 118 25
101 118 25
101 118 25
102 118 25
102 118 25
103 118 25
103 118 25
103 118 25
104 118 25
104 118 25
104 118 25
104 118 25
104 118 25
105 118 25
105 118 25
105 118 25
105 118 25
105 118 25
105 118 25
105 118 25
106 118 25
106 118 25
106 118 25
106 118 25
106 118 25
106 118 25
106 118 25
106 118 25
106 118 25
106 118 25
106 118 25
106 118 25
107 118 25
107 118 25
107 118 25
107 118 25
107 118 25
107 118 25
107 118 25
107 118 25
107 118 25
107 118 25
107 118 25
107 118 25
107 118 25
107 118 25
107 118 25
107 118 25
107 118 25
107 118 25
108 118 25
108 118 25
108 118 25
108 118 25
108 118 25
108 118 25
108 118 25
108 118 25
108 118 25
108 118 25
108 118 25
108 118 25
108 118 25
108 118 25
108 118 25
108 118 25
108 118 25
108 118 25
108 118 25
108 118 25
108 118 25
108 118 25
108 118 25
108 118 25
108 118 25
108 118 25
109 118 25
109 118 25
109 118 25
109 118 25
109 118 25
109 118 25
109 118 25
109 118 25
109 118 25
109 118 25
109 118 25
109 118 25
109 118 25
109 118 25
109 118 25
109 118 25
109 118 25
109 118 25
109 118 25
109 118 25
109 118 25
109 118 25
109 118 25
109 118 25
109 118 25
109 118 25
109 118 25
109 118 25
109 118 25
109 118 25
109 118 25
109 118 25
109 118 25
109 118 25
109 118 25
109 118 25
110 118 25
110 118 25
110 118 25
110 118 25
110 118 25
110 118 25
110 118 25
110 118 25
110 118 25
110 118 25
110 118 25
110 118 25
110 118 25
110 118 25
110 118 25
110 118 25
110 118 25
110 118 25
110 118 25
110 118 25
110 118 25
110 118 25
110 118 25
110 118 25
110 118 25
110 118 25
110 118 25
110 118 25
110 118 25
110 118 25
110 118 25
110 118 25
110 118 25
110 118 25
110 118 25
110 118 25
110 118 25
110 118 25
110 118 25
110 118 25
110 118 25
110 118 25
110 118 25
110 118 25
110 118 25
110 118 25
110 118 25
110 118 25
110 117 1175
110 116 25
110 116 25
110 116 25
110 116 25
110 116 25
110 116 25
110 116 25
110 116 25
110 116 25
110 116 25
110 116 25
110 116 25
110 116 25
110 116 25
110 116 25
110 116 25
110 116 25
110 116 25
110 116 25
110 116 25
110 116 25
110 116 25
110 116 25
110 116 25
110 116 25
110 116 25
110 116 25
110 115 25
110 115 25
110 115 25
110 115 25
110 115 25
110 115 25
110 115 25
110 115 25
110 115 25
110 115 25
110 115 25
110 115 25
110 115 25
110 115 25
110 115 25
110 115 25
110 115 25
110 115 25
110 114 25
110 114 25
110 114 25
110 114 25
110 114 25
110 114 25
110 114 25
110 114 25
110 114 25
110 114 25
110 113 25
110 113 25
110 113 25
110 113 25
110 113 25
110 113 25
110 112 25
110 112 25
110 112 25
110 111 25
110 111 25
110 110 25
110 109 25
110 108 25
110 107 25
110 106 25
110 105 25
110 104 25
110 103 25
110 102 25
110 101 25
110 100 25
110 99 25
110 98 25
110 97 25
110 96 25
110 95 25
110 94 25
110 93 25
110 92 25
152 102 25
151 102 25
151 102 25
150 102 25
150 102 25
150 102 25
149 102 25
149 102 25
149 102 25
149 102 25
149 102 25
148 102 25
148 102 25
148 102 25
148 102 25
148 102 25
148 102 25
148 102 25
148 102 25
147 102 25
147 102 25
147 102 25
147 102 25
147 102 25
147 102 25
147 102 25
147 102 25
147 102 25
147 102 25
147 102 25
147 102 25
147 102 25
147 102 25
147 102 25
146 102 25
146 102 25
146 102 25
146 102 25
146 102 25
146 102 25
146 102 25
146 102 25
146 102 25
146 102 25
146 102 25
146 102 25
146 102 25
146 102 25
146 102 25
146 102 25
146 102 25
146 102 25
146 102 25
146 102 25
146 102 25
146 102 25
146 102 25
146 102 25
145 102 25
145 102 25
145 102 25
145 102 25
145 102 25
145 102 25
145 102 25
145 102 25
145 102 25
145 102 25
145 102 25
145 102 25
145 102 25
145 102 25
145 102 25
145 102 25
145 102 25
145 102 25
145 102 25
145 102 25
145 102 25
145 102 25
145 102 25
145 102 25
145 102 25
145 102 25
145 102 25
145 102 25
145 102 25
145 102 25
145 102 25
145 102 25
145 102 25
145 102 25
145 102 25
145 102 25
145 103 875
145 104 25
145 104 25
145 104 25
145 104 25
145 104 25
145 104 25
145 104 25
145 104 25
145 104 25
145 104 25
145 104 25
145 104 25
145 104 25
145 104 25
145 104 25
145 104 25
145 104 25
145 104 25
145 104 25
145 104 25
145 104 25
145 104 25
145 104 25
145 104 25
145 104 25
145 104 25
145 104 25
145 105 25
145 105 25
145 105 25
145 105 25
145 105 25
145 105 25
145 105 25
145 105 25
145 105 25
145 105 25
145 105 25
145 105 25
145 105 25
145 105 25
145 105 25
145 105 25
145 105 25
145 105 25
145 105 25
145 105 25
145 105 25
145 105 25
145 105 25
145 106 25
145 106 25
145 106 25
145 106 25
145 106 25
145 106 25
145 106 25
145 106 25
145 106 25
145 106 25
145 106 25
145 106 25
145 106 25
145 106 25
145 106 25
145 106 25
145 106 25
145 106 25
145 106 25
145 106 25
145 107 25
145 107 25
145 107 25
145 107 25
145 107 25
145 107 25
145 107 25
145 107 25
145 107 25
145 107 25
145 107 25
145 107 25
145 107 25
145 107 25
145 107 25
145 107 25
145 107 25
145 108 25
145 108 25
145 108 25
145 108 25
145 108 25
145 108 25
145 108 25
145 108 25
145 108 25
145 108 25
145 108 25
145 108 25
145 108 25
145 108 25
145 108 25
145 109 25
145 109 25
145 109 25
145 109 25
145 109 25
145 109 25
145 109 25
145 109 25
145 109 25
145 109 25
145 109 25
145 109 25
145 109 25
145 110 25
145 110 25
145 110 25
145 110 25
145 110 25
145 110 25
145 110 25
145 110 25
145 110 25
145 110 25
145 110 25
145 110 25
145 111 25
145 111 25
145 111 25
145 111 25
145 111 25
145 111 25
145 111 25
145 111 25
145 111 25
145 111 25
145 111 25
145 112 25
145 112 25
145 112 25
145 112 25
145 112 25
145 112 25
145 112 25
145 112 25
145 112 25
145 112 25
145 113 25
145 113 25
145 113 25
145 113 25
145 113 25
145 113 25
145 113 25
145 113 25
145 113 25
145 114 25
145 114 25
145 114 25
145 114 25
145 114 25
145 114 25
145 114 25
145 115 25
145 115 25
145 115 25
145 115 25
145 115 25
145 115 25
145 116 25
145 116 25
145 116 25
145 116 25
145 116 25
145 117 25
145 117 25
145 117 25
145 117 25
145 118 25
145 118 25
145 118 25
145 118 25
145 119 25
145 119 25
145 119 25
145 120 25
145 120 25
145 120 25
145 121 25
145 121 25
145 122 25
145 122 25
145 123 25
145 123 25
145 124 25
145 124 25
145 125 25
145 125 25
145 126 25
145 126 25
145 127 25
145 128 25
145 129 25
145 130 25
145 131 25
145 132 25
145 133 25
145 134 25
145 135 25
145 136 25
145 137 25
145 138 25
145 139 25
145 140 25
145 141 25
145 142 25
145 143 25
145 144 25
145 145 25
145 146 25
