140 69 50
140 69 50
140 69 50
140 69 50
140 69 50
140 69 50
141 69 50
141 69 50
141 69 50
141 69 50
141 69 50
142 69 50
142 69 50
142 69 50
142 69 50
142 69 50
143 69 50
143 69 50
143 69 50
143 69 50
144 69 50
144 69 50
144 69 50
145 69 50
145 69 50
146 69 50
146 69 50
147 69 50
148 69 50
149 69 50
150 69 50
151 69 50
152 69 50
153 69 50
154 69 50
155 69 50
156 69 50
157 69 50
158 69 50
159 69 50
160 69 50
161 69 50
162 69 50
162 70 50
162 71 50
162 72 50
162 73 50
162 74 50
162 75 50
162 76 50
162 77 50
162 78 50
162 79 50
162 80 50
162 81 50
162 82 50
162 83 50
162 84 50
145 68 50
145 68 50
145 68 50
145 67 50
145 67 50
145 67 50
145 67 50
145 66 50
145 66 50
145 66 50
145 66 50
145 65 50
145 65 50
145 65 50
145 65 50
145 65 50
145 64 50
145 64 50
145 64 50
145 64 50
145 64 50
145 64 50
145 63 50
145 63 50
145 63 50
145 63 50
145 63 50
145 63 50
145 62 50
145 62 50
145 62 50
145 62 50
145 62 50
145 62 50
145 62 50
145 61 50
145 61 50
145 61 50
145 61 50
145 61 50
145 61 50
145 61 50
145 60 50
145 60 50
145 60 50
145 60 50
145 60 50
145 60 50
145 60 50
145 59 50
145 59 50
145 59 50
145 59 50
145 59 50
145 59 50
145 59 50
145 58 50
145 58 50
145 58 50
145 58 50
145 58 50
145 58 50
145 58 50
145 57 50
145 57 50
145 57 50
145 57 50
145 57 50
145 57 50
145 56 50
145 56 50
145 56 50
145 56 50
145 56 50
145 55 50
145 55 50
145 55 50
145 55 50
145 54 50
145 54 50
145 54 50
145 53 50
145 53 50
145 53 50
145 52 50
145 52 50
145 51 50
145 51 50
145 50 50
145 49 50
145 48 50
145 47 50
145 46 50
145 45 50
145 44 50
145 43 50
145 42 50
145 41 50
153 120 50
154 120 50
155 120 50
156 120 50
157 120 50
158 120 50
159 120 50
159 120 50
160 120 50
160 120 50
161 120 50
161 120 50
162 120 50
162 120 50
162 119 50
162 119 50
162 118 50
162 117 50
162 116 50
162 115 50
162 114 50
162 113 50
162 112 50
162 111 50
162 110 50
162 109 50
162 108 50
162 107 50
162 106 50
162 105 50
162 104 50
162 103 50
162 102 50
162 101 50
162 100 50
162 99 50
162 98 50
162 97 50
162 96 50
162 95 50
162 94 50
162 93 50
162 92 50
162 91 50
162 90 50
162 89 50
162 88 50
162 87 50
162 86 50
162 85 50
163 120 50
163 120 50
163 120 50
164 120 50
164 120 50
164 120 50
165 120 50
165 120 50
165 120 50
166 120 50
166 120 50
166 120 50
166 120 50
167 120 50
167 120 50
167 120 50
167 120 50
168 120 50
168 120 50
168 120 50
168 120 50
169 120 50
169 120 50
169 120 50
169 120 50
169 120 50
170 120 50
170 120 50
170 120 50
170 120 50
170 120 50
171 120 50
171 120 50
171 120 50
171 120 50
171 120 50
172 120 50
172 120 50
172 120 50
172 120 50
172 120 50
172 120 50
173 120 50
173 120 50
173 120 50
173 120 50
173 120 50
173 120 50
174 120 50
174 120 50
174 120 50
174 120 50
174 120 50
174 120 50
174 120 50
175 120 50
175 120 50
175 120 50
175 120 50
175 120 50
175 120 50
175 120 50
175 120 50
176 120 50
176 120 50
176 120 50
176 120 50
176 120 50
176 120 50
176 120 50
176 120 50
176 120 50
176 120 50
177 120 50
177 120 50
177 120 50
177 120 50
177 120 50
177 120 50
177 120 50
177 120 50
177 120 50
177 120 50
177 120 50
178 120 50
178 120 50
178 120 50
178 120 50
178 120 50
178 120 50
178 120 50
178 120 50
178 120 50
178 120 50
178 120 50
178 120 50
178 120 50
178 120 50
179 120 50
179 120 50
179 120 50
179 120 50
179 120 50
179 120 50
179 120 50
179 120 50
179 120 50
179 120 50
179 120 50
179 120 50
179 120 50
179 120 50
179 120 50
179 120 50
180 120 50
180 120 50
180 120 50
180 120 50
180 120 50
180 120 50
180 120 50
180 120 50
180 120 50
180 120 50
180 120 50
180 120 50
180 120 50
180 120 50
180 120 50
180 120 50
180 120 50
180 120 50
180 120 50
181 120 50
181 120 50
181 120 50
181 120 50
181 120 50
181 120 50
181 120 50
181 120 50
181 120 50
181 120 50
181 120 50
181 120 50
181 120 50
181 120 50
181 120 50
181 120 50
181 120 50
181 120 50
181 120 50
181 120 50
181 120 50
182 120 50
182 120 50
182 120 50
182 120 50
182 120 50
182 120 50
182 120 50
182 120 50
182 120 50
182 120 50
182 120 50
182 120 50
182 120 50
182 120 50
182 120 50
182 120 50
182 120 50
182 120 50
182 120 50
182 120 50
182 120 50
182 120 50
182 120 50
183 120 50
183 120 50
183 120 50
183 120 50
183 120 50
183 120 50
183 120 50
183 120 50
183 120 50
183 120 50
183 120 50
183 120 50
183 120 50
183 120 50
183 120 50
183 120 50
183 120 50
183 120 50
183 120 50
183 120 50
183 120 50
183 120 50
183 120 50
183 120 50
184 120 50
184 120 50
184 120 50
184 120 50
184 120 50
184 120 50
184 120 50
184 120 50
184 120 50
184 120 50
184 120 50
184 120 50
184 120 50
184 120 50
184 120 50
184 120 50
184 120 50
184 120 50
184 120 50
184 120 50
184 120 50
184 120 50
184 120 50
184 120 50
184 120 50
185 120 50
185 120 50
185 120 50
185 120 50
185 120 50
185 120 50
185 120 50
185 120 50
185 120 50
185 120 50
185 120 50
185 120 50
185 120 50
185 120 50
185 120 50
185 120 50
185 120 50
185 120 50
185 120 50
185 120 50
185 120 50
185 120 50
185 120 50
185 120 50
185 120 50
186 120 50
186 120 50
186 120 50
186 120 50
186 120 50
186 120 50
186 120 50
186 120 50
186 120 50
186 120 50
186 120 50
186 120 50
186 120 50
186 120 50
186 120 50
186 120 50
186 120 50
186 120 50
186 120 50
186 120 50
186 120 50
186 120 50
186 120 50
186 120 50
187 120 50
187 120 50
187 120 50
187 120 50
187 120 50
187 120 50
187 120 50
187 120 50
187 120 50
187 120 50
187 120 50
187 120 50
187 120 50
187 120 50
187 120 50
187 120 50
187 120 50
187 120 50
187 120 50
187 120 50
187 120 50
187 120 50
187 120 50
188 120 50
188 120 50
188 120 50
188 120 50
188 120 50
188 120 50
188 120 50
188 120 50
188 120 50
188 120 50
188 120 50
188 120 50
188 120 50
188 120 50
188 120 50
188 120 50
188 120 50
188 120 50
188 120 50
188 120 50
188 120 50
189 120 50
189 120 50
189 120 50
189 120 50
189 120 50
189 120 50
189 120 50
189 120 50
189 120 50
189 120 50
189 120 50
189 120 50
189 120 50
189 120 50
189 120 50
189 120 50
189 120 50
189 120 50
190 120 50
190 120 50
190 120 50
190 120 50
190 120 50
190 120 50
190 120 50
190 120 50
190 120 50
190 120 50
190 120 50
190 120 50
190 120 50
190 120 50
190 120 50
190 120 50
191 120 50
191 120 50
191 120 50
191 120 50
191 120 50
191 120 50
191 120 50
191 120 50
191 120 50
191 120 50
191 120 50
191 120 50
191 120 50
192 120 50
192 120 50
192 120 50
192 120 50
192 120 50
192 120 50
192 120 50
192 120 50
192 120 50
192 120 50
192 120 50
193 120 50
193 120 50
193 120 50
193 120 50
193 120 50
193 120 50
193 120 50
193 120 50
193 120 50
193 120 50
194 120 50
194 120 50
194 120 50
194 120 50
194 120 50
194 120 50
194 120 50
194 120 50
194 120 50
195 120 50
195 120 50
195 120 50
195 120 50
195 120 50
195 120 50
195 120 50
195 120 50
196 120 50
196 120 50
196 120 50
196 120 50
196 120 50
196 120 50
196 120 50
197 120 50
197 120 50
197 120 50
197 120 50
197 120 50
197 120 50
197 120 50
197 121 300
197 121 50
197 122 50
197 122 50
197 122 50
197 122 50
197 122 50
197 122 50
197 122 50
197 123 50
197 123 50
197 123 50
197 123 50
197 123 50
197 123 50
197 123 50
197 124 50
197 124 50
197 124 50
197 124 50
197 124 50
197 124 50
197 125 50
197 125 50
197 125 50
197 125 50
197 125 50
197 126 50
197 126 50
197 126 50
197 126 50
197 127 50
197 127 50
197 127 50
197 128 50
197 128 50
197 128 50
197 129 50
197 129 50
197 130 50
197 130 50
197 131 50
197 131 50
197 132 50
197 132 50
197 133 50
197 133 50
197 134 50
197 134 50
197 135 50
197 135 50
197 136 50
197 136 50
197 137 50
197 138 50
197 139 50
197 140 50
197 141 50
197 142 50
197 143 50
197 144 50
152 120 50
151 120 50
150 120 50
149 120 50
148 120 50
147 120 50
146 120 50
145 120 50
144 120 50
143 120 50
142 120 50
141 120 50
140 120 50
139 120 50
138 120 50
137 120 50
136 120 50
135 120 50
134 120 50
133 120 50
132 120 50
131 120 50
130 120 50
129 120 50
128 120 50
128 120 50
127 120 50
127 120 50
126 120 50
126 120 50
126 120 50
125 120 50
125 120 50
125 120 50
124 120 50
124 120 50
124 120 50
124 120 50
123 120 50
123 120 50
123 120 50
123 120 50
122 120 50
122 120 50
122 120 50
122 120 50
122 120 50
121 120 50
121 120 50
121 120 50
121 120 50
121 120 50
120 120 50
120 120 50
120 120 50
120 120 50
120 120 50
120 120 50
119 120 50
119 120 50
119 120 50
119 120 50
119 120 50
119 120 50
118 120 50
118 120 50
118 120 50
118 120 50
118 120 50
118 120 50
117 120 50
117 120 50
117 120 50
117 120 50
117 120 50
117 120 50
116 120 50
116 120 50
116 120 50
116 120 50
116 120 50
115 120 50
115 120 50
115 120 50
115 120 50
115 120 50
114 120 50
114 120 50
114 120 50
114 120 50
113 120 50
113 120 50
113 120 50
113 120 50
112 120 50
112 120 50
112 120 50
112 120 50
112 121 150
112 122 50
112 122 50
112 122 50
112 123 50
112 123 50
112 124 50
112 124 50
112 125 50
112 125 50
112 126 50
112 126 50
112 127 50
112 127 50
112 128 50
112 128 50
112 128 50
112 129 50
112 129 50
112 129 50
112 130 50
112 130 50
112 130 50
112 131 50
112 131 50
112 131 50
112 132 50
112 132 50
112 132 50
112 132 50
112 133 50
112 133 50
112 133 50
112 133 50
112 134 50
112 134 50
112 134 50
112 134 50
112 134 50
112 135 50
112 135 50
112 135 50
112 135 50
112 135 50
112 136 50
112 136 50
112 136 50
112 136 50
112 136 50
112 136 50
112 137 50
112 137 50
112 137 50
112 137 50
112 137 50
112 137 50
112 137 50
112 138 50
112 138 50
112 138 50
112 138 50
112 138 50
112 138 50
112 138 50
112 139 50
112 139 50
112 139 50
112 139 50
112 139 50
112 139 50
112 139 50
112 139 50
112 140 50
112 140 50
112 140 50
112 140 50
112 140 50
112 140 50
112 140 50
112 140 50
112 141 50
112 141 50
112 141 50
112 141 50
112 141 50
112 141 50
112 141 50
112 141 50
112 142 50
112 142 50
112 142 50
112 142 50
112 142 50
112 142 50
112 142 50
112 142 50
112 143 50
112 143 50
112 143 50
112 143 50
112 143 50
112 143 50
112 143 50
112 143 50
112 144 50
112 144 50
112 144 50
112 144 50
112 144 50
112 144 50
112 144 50
112 144 50
112 145 50
112 145 50
112 145 50
112 145 50
112 145 50
112 145 50
112 145 50
112 145 50
112 146 50
112 146 50
112 146 50
112 146 50
112 146 50
112 146 50
112 146 50
112 147 50
112 147 50
112 147 50
112 147 50
112 147 50
112 147 50
112 147 50
112 148 50
112 148 50
112 148 50
112 148 50
112 148 50
112 148 50
112 149 50
112 149 50
112 149 50
112 149 50
112 149 50
112 150 50
112 150 50
112 150 50
112 150 50
112 150 50
112 151 50
112 151 50
112 151 50
112 151 50
112 152 50
112 152 50
112 152 50
112 152 50
112 153 50
112 153 50
112 153 50
112 154 50
112 154 50
112 154 50
112 155 50
112 155 50
112 155 50
112 156 50
112 156 50
112 156 50
112 157 50
112 157 50
112 158 50
112 158 50
112 159 50
112 159 50
112 160 50
112 160 50
112 161 50
112 161 50
112 162 50
112 162 50
112 163 50
112 164 50
112 165 50
112 166 50
112 167 50
112 168 50
112 169 50
111 169 50
110 169 50
109 169 50
109 169 50
108 169 50
108 169 50
107 169 50
107 169 50
106 169 50
106 169 50
106 169 50
105 169 50
105 169 50
105 169 50
105 169 50
104 169 50
104 169 50
104 169 50
104 169 50
104 169 50
103 169 50
103 169 50
103 169 50
103 169 50
103 169 50
103 169 50
102 169 50
102 169 50
102 169 50
102 169 50
102 169 50
102 169 50
102 169 50
102 169 50
101 169 50
101 169 50
101 169 50
101 169 50
101 169 50
101 169 50
101 169 50
101 169 50
101 169 50
100 169 50
100 169 50
100 169 50
100 169 50
100 169 50
100 169 50
100 169 50
100 169 50
100 169 50
100 169 50
100 169 50
100 169 50
99 169 50
99 169 50
99 169 50
99 169 50
99 169 50
99 169 50
99 169 50
99 169 50
99 169 50
99 169 50
99 169 50
99 169 50
99 169 50
99 169 50
99 169 50
98 169 50
98 169 50
98 169 50
98 169 50
98 169 50
98 169 50
98 169 50
98 169 50
98 169 50
98 169 50
98 169 50
98 169 50
98 169 50
98 169 50
98 169 50
98 169 50
98 169 50
98 169 50
97 169 50
97 169 50
97 169 50
97 169 50
97 169 50
97 169 50
97 169 50
97 169 50
97 169 50
97 169 50
97 169 50
97 169 50
97 169 50
97 169 50
97 169 50
97 169 50
97 169 50
97 169 50
97 169 50
97 169 50
97 169 50
96 169 50
96 169 50
96 169 50
96 169 50
96 169 50
96 169 50
96 169 50
96 169 50
96 169 50
96 169 50
96 169 50
96 169 50
96 169 50
96 169 50
96 169 50
96 169 50
96 169 50
96 169 50
96 169 50
96 169 50
96 169 50
96 169 50
96 169 50
95 169 50
95 169 50
95 169 50
95 169 50
95 169 50
95 169 50
95 169 50
95 169 50
95 169 50
95 169 50
95 169 50
95 169 50
95 169 50
95 169 50
95 169 50
95 169 50
95 169 50
95 169 50
95 169 50
95 169 50
95 169 50
95 169 50
95 169 50
95 169 50
95 169 50
94 169 50
94 169 50
94 169 50
94 169 50
94 169 50
94 169 50
94 169 50
94 169 50
94 169 50
94 169 50
94 169 50
94 169 50
94 169 50
94 169 50
94 169 50
94 169 50
94 169 50
94 169 50
94 169 50
94 169 50
94 169 50
94 169 50
94 169 50
94 169 50
94 169 50
94 169 50
94 168 1250
94 167 50
94 167 50
94 167 50
94 167 50
94 167 50
94 167 50
94 167 50
94 167 50
94 167 50
94 167 50
94 167 50
94 167 50
94 167 50
94 167 50
94 167 50
94 167 50
94 167 50
94 167 50
94 167 50
94 167 50
94 167 50
94 167 50
94 166 50
94 166 50
94 166 50
94 166 50
94 166 50
94 166 50
94 166 50
94 166 50
94 166 50
94 166 50
94 166 50
94 166 50
94 166 50
94 166 50
94 166 50
94 166 50
94 166 50
94 166 50
94 166 50
94 165 50
94 165 50
94 165 50
94 165 50
94 165 50
94 165 50
94 165 50
94 165 50
94 165 50
94 165 50
94 165 50
94 165 50
94 165 50
94 165 50
94 165 50
94 165 50
94 164 50
94 164 50
94 164 50
94 164 50
94 164 50
94 164 50
94 164 50
94 164 50
94 164 50
94 164 50
94 164 50
94 164 50
94 164 50
94 163 50
94 163 50
94 163 50
94 163 50
94 163 50
94 163 50
94 163 50
94 163 50
94 163 50
94 163 50
94 162 50
94 162 50
94 162 50
94 162 50
94 162 50
94 162 50
94 162 50
94 162 50
94 161 50
94 161 50
94 161 50
94 161 50
94 161 50
94 161 50
94 160 50
94 160 50
94 160 50
94 160 50
94 159 50
94 159 50
94 159 50
94 158 50
94 158 50
94 157 50
94 157 50
94 156 50
94 156 50
94 155 50
94 154 50
94 153 50
94 152 50
94 151 50
94 150 50
94 149 50
94 148 50
94 147 50
94 146 50
94 145 50
94 144 50
94 143 50
94 142 50
94 141 50
94 140 50
94 139 50
94 138 50
94 137 50
94 136 50
94 135 50
94 134 50
94 133 50
94 132 50
94 132 50
94 131 50
94 131 50
94 130 50
94 130 50
93 130 50
93 130 50
92 130 50
92 130 50
91 130 50
91 130 50
90 130 50
90 130 50
89 130 50
89 130 50
88 130 50
88 130 50
88 130 50
87 130 50
87 130 50
87 130 50
86 130 50
86 130 50
86 130 50
86 130 50
85 130 50
85 130 50
85 130 50
85 130 50
84 130 50
84 130 50
84 130 50
84 130 50
84 130 50
83 130 50
83 130 50
83 130 50
83 130 50
83 130 50
82 130 50
82 130 50
82 130 50
82 130 50
82 130 50
82 130 50
81 130 50
81 130 50
81 130 50
81 130 50
81 130 50
81 130 50
80 130 50
80 130 50
80 130 50
80 130 50
80 130 50
80 130 50
80 130 50
79 130 50
79 130 50
79 130 50
79 130 50
79 130 50
79 130 50
79 130 50
78 130 50
78 130 50
78 130 50
78 130 50
78 130 50
78 130 50
78 130 50
78 130 50
77 130 50
77 130 50
77 130 50
77 130 50
77 130 50
77 130 50
77 130 50
77 130 50
76 130 50
76 130 50
76 130 50
76 130 50
76 130 50
76 130 50
76 130 50
76 130 50
76 130 50
75 130 50
75 130 50
75 130 50
75 130 50
75 130 50
75 130 50
75 130 50
75 130 50
75 130 50
75 130 50
75 130 50
74 130 50
74 130 50
74 130 50
74 130 50
74 130 50
74 130 50
74 130 50
74 130 50
74 130 50
74 130 50
74 130 50
74 130 50
73 130 50
73 130 50
73 130 50
73 130 50
73 130 50
73 130 50
73 130 50
73 130 50
73 130 50
73 130 50
73 130 50
73 130 50
73 130 50
73 130 50
72 130 50
72 130 50
72 130 50
72 130 50
72 130 50
72 130 50
72 130 50
72 130 50
72 130 50
72 130 50
72 130 50
72 130 50
72 130 50
72 130 50
72 130 50
72 130 50
71 130 50
71 130 50
71 130 50
71 130 50
71 130 50
71 130 50
71 130 50
71 130 50
71 130 50
71 130 50
71 130 50
71 130 50
71 130 50
71 130 50
71 130 50
71 130 50
71 130 50
71 130 50
70 130 50
70 130 50
70 130 50
70 130 50
70 130 50
70 130 50
70 130 50
70 130 50
70 130 50
70 130 50
70 130 50
70 130 50
70 130 50
70 130 50
70 130 50
70 130 50
70 130 50
70 130 50
70 130 50
70 130 50
69 130 50
69 130 50
69 130 50
69 130 50
69 130 50
69 130 50
69 130 50
69 130 50
69 130 50
69 130 50
69 130 50
69 130 50
69 130 50
69 130 50
69 130 50
69 130 50
69 130 50
69 130 50
69 130 50
69 130 50
69 130 50
69 130 50
68 130 50
68 130 50
68 130 50
68 130 50
68 130 50
68 130 50
68 130 50
68 130 50
68 130 50
68 130 50
68 130 50
68 130 50
68 130 50
68 130 50
68 130 50
68 130 50
68 130 50
68 130 50
68 130 50
68 130 50
68 130 50
68 130 50
68 130 50
67 130 50
67 130 50
67 130 50
67 130 50
67 130 50
67 130 50
67 130 50
67 130 50
67 130 50
67 130 50
67 130 50
67 130 50
67 130 50
67 130 50
67 130 50
67 130 50
67 130 50
67 130 50
67 130 50
67 130 50
67 130 50
67 130 50
67 130 50
67 130 50
66 130 50
66 130 50
66 130 50
66 130 50
66 130 50
66 130 50
66 130 50
66 130 50
66 130 50
66 130 50
66 130 50
66 130 50
66 130 50
66 130 50
66 130 50
66 130 50
66 130 50
66 130 50
66 130 50
66 130 50
66 130 50
66 130 50
66 130 50
66 130 50
65 130 50
65 130 50
65 130 50
65 130 50
65 130 50
65 130 50
65 130 50
65 130 50
65 130 50
65 130 50
65 130 50
65 130 50
65 130 50
65 130 50
65 130 50
65 130 50
65 130 50
65 130 50
65 130 50
65 130 50
65 130 50
65 130 50
65 130 50
65 130 50
64 130 50
64 130 50
64 130 50
64 130 50
64 130 50
64 130 50
64 130 50
64 130 50
64 130 50
64 130 50
64 130 50
64 130 50
64 130 50
64 130 50
64 130 50
64 130 50
64 130 50
64 130 50
64 130 50
64 130 50
64 130 50
64 130 50
63 130 50
63 130 50
63 130 50
63 130 50
63 130 50
63 130 50
63 130 50
63 130 50
63 130 50
63 130 50
63 130 50
63 130 50
63 130 50
63 130 50
63 130 50
63 130 50
63 130 50
63 130 50
63 130 50
63 130 50
62 130 50
62 130 50
62 130 50
62 130 50
62 130 50
62 130 50
62 130 50
62 130 50
62 130 50
62 130 50
62 130 50
62 130 50
62 130 50
62 130 50
62 130 50
62 130 50
62 130 50
61 130 50
61 130 50
61 130 50
61 130 50
61 130 50
61 130 50
61 130 50
61 130 50
61 130 50
61 130 50
61 130 50
61 130 50
61 130 50
61 130 50
61 130 50
60 130 50
60 130 50
60 130 50
60 130 50
60 130 50
60 130 50
60 130 50
60 130 50
60 130 50
60 130 50
60 130 50
60 130 50
60 129 550
60 129 50
60 129 50
60 128 50
60 128 50
60 128 50
60 128 50
60 128 50
60 128 50
60 128 50
60 128 50
60 128 50
60 128 50
60 128 50
60 128 50
60 128 50
60 128 50
60 128 50
60 127 50
60 127 50
60 127 50
60 127 50
60 127 50
60 127 50
60 127 50
60 127 50
60 127 50
60 127 50
60 127 50
60 127 50
60 127 50
60 127 50
60 127 50
60 127 50
60 126 50
60 126 50
60 126 50
60 126 50
60 126 50
60 126 50
60 126 50
60 126 50
60 126 50
60 126 50
60 126 50
60 126 50
60 126 50
60 126 50
60 126 50
60 126 50
60 126 50
60 126 50
60 125 50
60 125 50
60 125 50
60 125 50
60 125 50
60 125 50
60 125 50
60 125 50
60 125 50
60 125 50
60 125 50
60 125 50
60 125 50
60 125 50
60 125 50
60 125 50
60 125 50
60 125 50
60 125 50
60 124 50
60 124 50
60 124 50
60 124 50
60 124 50
60 124 50
60 124 50
60 124 50
60 124 50
60 124 50
60 124 50
60 124 50
60 124 50
60 124 50
60 124 50
60 124 50
60 124 50
60 124 50
60 124 50
60 124 50
60 123 50
60 123 50
60 123 50
60 123 50
60 123 50
60 123 50
60 123 50
60 123 50
60 123 50
60 123 50
60 123 50
60 123 50
60 123 50
60 123 50
60 123 50
60 123 50
60 123 50
60 123 50
60 123 50
60 123 50
60 123 50
60 122 50
60 122 50
60 122 50
60 122 50
60 122 50
60 122 50
60 122 50
60 122 50
60 122 50
60 122 50
60 122 50
60 122 50
60 122 50
60 122 50
60 122 50
60 122 50
60 122 50
60 122 50
60 122 50
60 122 50
60 121 50
60 121 50
60 121 50
60 121 50
60 121 50
60 121 50
60 121 50
60 121 50
60 121 50
60 121 50
60 121 50
60 121 50
60 121 50
60 121 50
60 121 50
60 121 50
60 121 50
60 121 50
60 121 50
60 120 50
60 120 50
60 120 50
60 120 50
60 120 50
60 120 50
60 120 50
60 120 50
60 120 50
60 120 50
60 120 50
60 120 50
60 120 50
60 120 50
60 120 50
60 120 50
60 120 50
60 120 50
60 119 50
60 119 50
60 119 50
60 119 50
60 119 50
60 119 50
60 119 50
60 119 50
60 119 50
60 119 50
60 119 50
60 119 50
60 119 50
60 119 50
60 119 50
60 119 50
60 118 50
60 118 50
60 118 50
60 118 50
60 118 50
60 118 50
60 118 50
60 118 50
60 118 50
60 118 50
60 118 50
60 118 50
60 118 50
60 118 50
60 117 50
60 117 50
60 117 50
60 117 50
60 117 50
60 117 50
60 117 50
60 117 50
60 117 50
60 117 50
60 117 50
60 117 50
60 116 50
60 116 50
60 116 50
60 116 50
60 116 50
60 116 50
60 116 50
60 116 50
60 116 50
60 116 50
60 115 50
60 115 50
60 115 50
60 115 50
60 115 50
60 115 50
60 115 50
60 115 50
60 115 50
60 114 50
60 114 50
60 114 50
60 114 50
60 114 50
60 114 50
60 114 50
60 114 50
60 113 50
60 113 50
60 113 50
60 113 50
60 113 50
60 113 50
60 113 50
60 112 50
60 112 50
60 112 50
60 112 50
60 112 50
60 112 50
60 112 50
60 111 50
60 111 50
60 111 50
60 111 50
60 111 50
60 111 50
60 110 50
60 110 50
60 110 50
60 110 50
60 110 50
60 110 50
60 109 50
60 109 50
60 109 50
60 109 50
60 109 50
60 108 50
60 108 50
60 108 50
60 108 50
60 107 50
60 107 50
60 107 50
60 107 50
60 106 50
60 106 50
60 106 50
60 105 50
60 105 50
60 104 50
60 104 50
60 103 50
60 102 50
60 101 50
60 100 50
60 99 50
60 98 50
60 97 50
60 96 50
60 95 50
60 94 50
60 93 50
60 92 50
60 91 50
60 90 50
60 89 50
60 88 50
60 87 50
60 86 50
60 85 50
60 84 50
60 83 50
60 82 50
60 81 50
60 80 50
59 80 50
58 80 50
57 80 50
56 80 50
55 80 50
54 80 50
53 80 50
52 80 50
51 80 50
50 80 50
49 80 50
48 80 50
47 80 50
46 80 50
45 80 50
44 80 50
43 80 50
42 80 50
41 80 50
40 80 50
39 80 50
38 80 50
37 80 50
37 79 50
37 78 50
37 77 50
37 76 50
37 75 50
37 74 50
37 73 50
37 72 50
37 71 50
37 70 50
37 69 50
37 68 50
37 67 50
37 66 50
37 65 50
37 64 50
37 63 50
37 62 50
37 61 50
37 60 50
37 59 50
37 58 50
37 57 50
37 56 50
37 55 50
37 54 50
37 53 50
37 52 50
37 51 50
37 50 50
37 49 50
37 48 50
37 47 50
37 46 50
37 45 50
37 44 50
37 43 50
37 42 50
37 41 50
37 40 50
37 39 50
37 38 50
37 38 50
93 169 50
93 169 50
93 169 50
93 169 50
93 169 50
93 169 50
93 169 50
93 169 50
93 169 50
93 169 50
93 169 50
93 169 50
93 169 50
93 169 50
93 169 50
93 169 50
93 169 50
93 169 50
93 169 50
93 169 50
93 169 50
93 169 50
93 169 50
93 169 50
93 169 50
93 169 50
92 169 50
92 169 50
92 169 50
92 169 50
92 169 50
92 169 50
92 169 50
92 169 50
92 169 50
92 169 50
92 169 50
92 169 50
92 169 50
92 169 50
92 169 50
92 169 50
92 169 50
92 169 50
92 169 50
92 169 50
92 169 50
92 169 50
92 169 50
92 169 50
92 169 50
92 169 50
91 169 50
91 169 50
91 169 50
91 169 50
91 169 50
91 169 50
91 169 50
91 169 50
91 169 50
91 169 50
91 169 50
91 169 50
91 169 50
91 169 50
91 169 50
91 169 50
91 169 50
91 169 50
91 169 50
91 169 50
91 169 50
91 169 50
91 169 50
91 169 50
91 169 50
90 169 50
90 169 50
90 169 50
90 169 50
90 169 50
90 169 50
90 169 50
90 169 50
90 169 50
90 169 50
90 169 50
90 169 50
90 169 50
90 169 50
90 169 50
90 169 50
90 169 50
90 169 50
90 169 50
90 169 50
90 169 50
90 169 50
90 169 50
89 169 50
89 169 50
89 169 50
89 169 50
89 169 50
89 169 50
89 169 50
89 169 50
89 169 50
89 169 50
89 169 50
89 169 50
89 169 50
89 169 50
89 169 50
89 169 50
89 169 50
89 169 50
89 169 50
89 169 50
89 169 50
89 169 50
88 169 50
88 169 50
88 169 50
88 169 50
88 169 50
88 169 50
88 169 50
88 169 50
88 169 50
88 169 50
88 169 50
88 169 50
88 169 50
88 169 50
88 169 50
88 169 50
88 169 50
88 169 50
88 169 50
88 169 50
88 169 50
87 169 50
87 169 50
87 169 50
87 169 50
87 169 50
87 169 50
87 169 50
87 169 50
87 169 50
87 169 50
87 169 50
87 169 50
87 169 50
87 169 50
87 169 50
87 169 50
87 169 50
87 169 50
87 169 50
86 169 50
86 169 50
86 169 50
86 169 50
86 169 50
86 169 50
86 169 50
86 169 50
86 169 50
86 169 50
86 169 50
86 169 50
86 169 50
86 169 50
86 169 50
86 169 50
86 169 50
86 169 50
85 169 50
85 169 50
85 169 50
85 169 50
85 169 50
85 169 50
85 169 50
85 169 50
85 169 50
85 169 50
85 169 50
85 169 50
85 169 50
85 169 50
85 169 50
85 169 50
85 169 50
84 169 50
84 169 50
84 169 50
84 169 50
84 169 50
84 169 50
84 169 50
84 169 50
84 169 50
84 169 50
84 169 50
84 169 50
84 169 50
84 169 50
84 169 50
84 169 50
84 169 50
83 169 50
83 169 50
83 169 50
83 169 50
83 169 50
83 169 50
83 169 50
83 169 50
83 169 50
83 169 50
83 169 50
83 169 50
83 169 50
83 169 50
83 169 50
83 169 50
82 169 50
82 169 50
82 169 50
82 169 50
82 169 50
82 169 50
82 169 50
82 169 50
82 169 50
82 169 50
82 169 50
82 169 50
82 169 50
82 169 50
82 169 50
82 169 50
81 169 50
81 169 50
81 169 50
81 169 50
81 169 50
81 169 50
81 169 50
81 169 50
81 169 50
81 169 50
81 169 50
81 169 50
81 169 50
81 169 50
81 169 50
81 169 50
80 169 50
80 169 50
80 169 50
80 169 50
80 169 50
80 169 50
80 169 50
80 169 50
80 169 50
80 169 50
80 169 50
80 169 50
80 169 50
80 169 50
80 169 50
80 169 50
79 169 50
79 169 50
79 169 50
79 169 50
79 169 50
79 169 50
79 169 50
79 169 50
79 169 50
79 169 50
79 169 50
79 169 50
79 169 50
79 169 50
79 169 50
79 169 50
78 169 50
78 169 50
78 169 50
78 169 50
78 169 50
78 169 50
78 169 50
78 169 50
78 169 50
78 169 50
78 169 50
78 169 50
78 169 50
78 169 50
78 169 50
78 169 50
77 169 50
77 169 50
77 169 50
77 169 50
77 169 50
77 169 50
77 169 50
77 169 50
77 169 50
77 169 50
77 169 50
77 169 50
77 169 50
77 169 50
77 169 50
76 169 50
76 169 50
76 169 50
76 169 50
76 169 50
76 169 50
76 169 50
76 169 50
76 169 50
76 169 50
76 169 50
76 169 50
76 169 50
76 169 50
76 169 50
75 169 50
75 169 50
75 169 50
75 169 50
75 169 50
75 169 50
75 169 50
75 169 50
75 169 50
75 169 50
75 169 50
75 169 50
75 169 50
74 169 50
74 169 50
74 169 50
74 169 50
74 169 50
74 169 50
74 169 50
74 169 50
74 169 50
74 169 50
74 169 50
74 169 50
73 169 50
73 169 50
73 169 50
73 169 50
73 169 50
73 169 50
73 169 50
73 169 50
73 169 50
73 169 50
72 169 50
72 169 50
72 169 50
72 169 50
72 169 50
72 169 50
72 169 50
72 169 50
72 169 50
71 169 50
71 169 50
71 169 50
71 169 50
71 169 50
71 169 50
71 169 50
71 169 50
70 169 50
70 169 50
70 169 50
70 169 50
70 169 50
70 169 50
70 169 50
69 169 50
69 169 50
69 169 50
69 169 50
69 169 50
69 169 50
68 169 50
68 169 50
68 169 50
68 169 50
68 169 50
67 169 50
67 169 50
67 169 50
67 169 50
66 169 50
66 169 50
66 169 50
65 169 50
65 169 50
65 169 50
64 169 50
64 169 50
64 169 50
63 169 50
63 169 50
63 169 50
62 169 50
62 169 50
62 169 50
61 169 50
61 169 50
61 169 50
60 169 50
60 169 50
60 169 50
60 169 50
59 169 50
59 169 50
59 169 50
59 169 50
58 169 50
58 169 50
58 169 50
58 169 50
57 169 50
57 169 50
57 169 50
57 169 50
57 169 50
56 169 50
56 169 50
56 169 50
56 169 50
56 169 50
55 169 50
55 169 50
55 169 50
55 169 50
55 169 50
55 169 50
54 169 50
54 169 50
54 169 50
54 169 50
54 169 50
54 169 50
54 169 50
53 169 50
53 169 50
53 169 50
53 169 50
53 169 50
53 169 50
53 169 50
52 169 50
52 169 50
52 169 50
52 169 50
52 169 50
52 169 50
52 169 50
52 169 50
51 169 50
51 169 50
51 169 50
51 169 50
51 169 50
51 169 50
51 169 50
51 169 50
50 169 50
50 169 50
50 169 50
50 169 50
50 169 50
50 169 50
50 169 50
50 169 50
49 169 50
49 169 50
49 169 50
49 169 50
49 169 50
49 169 50
49 169 50
49 169 50
48 169 50
48 169 50
48 169 50
48 169 50
48 169 50
48 169 50
48 169 50
47 169 50
47 169 50
47 169 50
47 169 50
47 169 50
47 169 50
46 169 50
46 169 50
46 169 50
46 169 50
46 169 50
45 169 50
45 169 50
45 169 50
45 169 50
44 169 50
44 169 50
44 169 50
44 169 50
43 169 50
43 169 50
43 169 50
42 169 50
42 169 50
42 169 50
41 169 50
41 169 50
40 169 50
40 169 50
39 169 50
39 169 50
38 169 50
38 169 50
37 169 50
37 169 50
36 169 50
36 169 50
35 169 50
35 169 50
34 169 50
34 169 50
33 169 50
33 169 50
32 169 50
32 169 50
31 169 50
31 169 50
30 169 50
30 169 50
29 169 50
29 169 50
28 169 50
28 169 50
27 169 50
27 169 50
26 169 50
25 169 50
24 169 50
23 169 50
22 169 50
21 169 50
20 169 50
19 169 50
18 169 50
17 169 50
16 169 50
15 169 50
14 169 50
13 169 50
13 168 50
