79 129 80
80 129 80
81 129 80
82 129 80
83 129 80
84 129 80
85 129 80
86 129 80
87 129 80
88 129 80
89 129 80
90 129 80
91 129 80
92 129 80
93 129 80
94 129 80
95 129 80
96 129 80
97 129 80
98 129 80
99 129 80
100 129 80
101 129 80
102 129 80
103 129 80
104 129 80
105 129 80
106 129 80
107 129 80
108 129 80
109 129 80
109 129 80
110 129 80
110 129 80
111 129 80
111 129 80
111 129 80
112 129 80
112 129 80
112 129 80
112 129 80
113 129 80
113 129 80
113 129 80
113 129 80
113 129 80
114 129 80
114 129 80
114 129 80
114 129 80
114 129 80
114 129 80
115 129 80
115 129 80
115 129 80
115 129 80
115 129 80
115 129 80
116 129 80
116 129 80
116 129 80
116 129 80
116 129 80
116 129 80
116 129 80
117 129 80
117 129 80
117 129 80
117 129 80
117 129 80
117 129 80
117 129 80
117 129 80
118 129 80
118 129 80
118 129 80
118 129 80
118 129 80
118 129 80
118 129 80
118 129 80
119 129 80
119 129 80
119 129 80
119 129 80
119 129 80
119 129 80
119 129 80
119 129 80
120 129 80
120 129 80
120 129 80
120 129 80
120 129 80
120 129 80
120 129 80
120 129 80
121 129 80
121 129 80
121 129 80
121 129 80
121 129 80
121 129 80
121 129 80
121 129 80
122 129 80
122 129 80
122 129 80
122 129 80
122 129 80
122 129 80
122 129 80
123 129 80
123 129 80
123 129 80
123 129 80
123 129 80
123 129 80
123 129 80
124 129 80
124 129 80
124 129 80
124 129 80
124 129 80
124 129 80
125 129 80
125 129 80
125 129 80
125 129 80
125 129 80
125 129 80
126 129 80
126 129 80
126 129 80
126 129 80
126 129 80
127 129 80
127 129 80
127 129 80
127 129 80
127 129 80
128 129 80
128 129 80
128 129 80
128 129 80
129 129 80
129 129 80
129 129 80
130 129 80
130 129 80
130 129 80
131 129 80
131 129 80
132 129 80
133 129 80
134 129 80
135 129 80
136 129 80
137 129 80
138 129 80
183 103 80
182 103 80
181 103 80
180 103 80
179 103 80
178 103 80
178 103 80
177 103 80
177 103 80
177 103 80
176 103 80
176 103 80
176 103 80
176 103 80
175 103 80
175 103 80
175 103 80
175 103 80
175 103 80
175 103 80
174 103 80
174 103 80
174 103 80
174 103 80
174 103 80
174 103 80
174 103 80
174 103 80
174 103 80
174 103 80
173 103 80
173 103 80
173 103 80
173 103 80
173 103 80
173 103 80
173 103 80
173 103 80
173 103 80
173 103 80
173 103 80
173 103 80
173 103 80
173 103 80
172 103 80
172 103 80
172 103 80
172 103 80
172 103 80
172 103 80
172 103 80
172 103 80
172 103 80
172 103 80
172 103 80
172 103 80
172 103 80
172 103 80
172 103 80
172 103 80
172 103 80
172 103 80
171 103 80
171 103 80
171 103 80
171 103 80
171 103 80
171 103 80
171 103 80
171 103 80
171 103 80
171 103 80
171 103 80
171 103 80
171 103 80
171 103 80
171 103 80
171 103 80
171 103 80
171 103 80
171 103 80
171 103 80
171 103 80
171 103 80
171 103 80
170 103 80
170 103 80
170 103 80
170 103 80
170 103 80
170 103 80
170 103 80
170 103 80
170 103 80
170 103 80
170 103 80
170 103 80
170 103 80
170 103 80
170 103 80
170 103 80
170 103 80
170 103 80
170 103 80
170 103 80
170 103 80
170 103 80
170 103 80
170 103 80
170 103 80
170 103 80
170 103 80
169 103 80
169 103 80
169 103 80
169 103 80
169 103 80
169 103 80
169 103 80
169 103 80
169 103 80
169 103 80
169 103 80
169 103 80
169 103 80
169 103 80
169 103 80
169 103 80
169 103 80
169 103 80
169 103 80
169 103 80
169 103 80
169 103 80
169 103 80
169 103 80
169 103 80
169 103 80
169 103 80
169 103 80
169 103 80
169 103 80
169 103 80
168 103 80
168 103 80
168 103 80
168 103 80
168 103 80
168 103 80
168 103 80
168 103 80
168 103 80
168 103 80
168 103 80
168 103 80
168 103 80
168 103 80
168 103 80
168 103 80
168 103 80
168 103 80
168 103 80
168 103 80
168 103 80
168 103 80
168 103 80
168 103 80
168 103 80
168 103 80
168 103 80
168 103 80
168 103 80
168 103 80
168 103 80
168 103 80
168 103 80
168 103 80
168 103 80
167 103 80
167 103 80
167 103 80
167 103 80
167 103 80
167 103 80
167 103 80
167 103 80
167 103 80
167 103 80
167 103 80
167 103 80
167 103 80
167 103 80
167 103 80
167 103 80
167 103 80
167 103 80
167 103 80
167 103 80
167 103 80
167 103 80
167 103 80
167 103 80
167 103 80
167 103 80
167 103 80
167 103 80
167 103 80
167 103 80
167 103 80
167 103 80
167 103 80
167 103 80
167 103 80
167 103 80
167 103 80
167 103 80
167 103 80
166 103 80
166 103 80
166 103 80
166 103 80
166 103 80
166 103 80
166 103 80
166 103 80
166 103 80
166 103 80
166 103 80
166 103 80
166 103 80
166 103 80
166 103 80
166 103 80
166 103 80
166 103 80
166 103 80
166 103 80
166 103 80
166 103 80
166 103 80
166 103 80
166 103 80
166 103 80
166 103 80
166 103 80
166 103 80
166 103 80
166 103 80
166 103 80
166 103 80
166 103 80
166 103 80
166 103 80
166 103 80
166 103 80
166 103 80
166 103 80
166 103 80
166 103 80
166 103 80
165 103 80
165 103 80
165 103 80
165 103 80
165 103 80
165 103 80
165 103 80
165 103 80
165 103 80
165 103 80
165 103 80
165 103 80
165 103 80
165 103 80
165 103 80
165 103 80
165 103 80
165 103 80
165 103 80
165 103 80
165 103 80
165 103 80
165 103 80
165 103 80
165 103 80
165 103 80
165 103 80
165 103 80
165 103 80
165 103 80
165 103 80
165 103 80
165 103 80
165 103 80
165 103 80
165 103 80
165 103 80
165 103 80
165 103 80
165 103 80
165 103 80
165 103 80
165 103 80
165 103 80
165 103 80
164 103 80
164 103 80
164 103 80
164 103 80
164 103 80
164 103 80
164 103 80
164 103 80
164 103 80
164 103 80
164 103 80
164 103 80
164 103 80
164 103 80
164 103 80
164 103 80
164 103 80
164 103 80
164 103 80
164 103 80
164 103 80
164 103 80
164 103 80
164 103 80
164 103 80
164 103 80
164 103 80
164 103 80
164 103 80
164 103 80
164 103 80
164 103 80
164 103 80
164 103 80
164 103 80
164 103 80
164 103 80
164 103 80
164 103 80
164 103 80
164 103 80
164 103 80
164 103 80
164 103 80
164 103 80
164 103 80
164 103 80
164 103 80
163 103 80
163 103 80
163 103 80
163 103 80
163 103 80
163 103 80
163 103 80
163 103 80
163 103 80
163 103 80
163 103 80
163 103 80
163 103 80
163 103 80
163 103 80
163 103 80
163 103 80
163 103 80
163 103 80
163 103 80
163 103 80
163 103 80
163 103 80
163 103 80
163 103 80
163 103 80
163 103 80
163 103 80
163 103 80
163 103 80
163 103 80
163 103 80
163 103 80
163 103 80
163 103 80
163 103 80
163 103 80
163 103 80
163 103 80
163 103 80
163 103 80
163 103 80
163 103 80
163 103 80
163 103 80
163 103 80
163 103 80
163 103 80
163 103 80
163 103 80
163 103 80
162 103 80
162 103 80
162 103 80
162 103 80
162 103 80
162 103 80
162 103 80
162 103 80
162 103 80
162 103 80
162 103 80
162 103 80
162 103 80
162 103 80
162 103 80
162 103 80
162 103 80
162 103 80
162 103 80
162 103 80
162 103 80
162 103 80
162 103 80
162 103 80
162 103 80
162 103 80
162 103 80
162 103 80
162 103 80
162 103 80
162 103 80
162 103 80
162 103 80
162 103 80
162 103 80
162 103 80
162 103 80
162 103 80
162 103 80
162 103 80
162 103 80
162 103 80
162 103 80
162 103 80
162 103 80
162 103 80
162 103 80
162 103 80
162 103 80
162 103 80
162 103 80
162 103 80
162 103 80
161 103 80
161 103 80
161 103 80
161 103 80
161 103 80
161 103 80
161 103 80
161 103 80
161 103 80
161 103 80
161 103 80
161 103 80
161 103 80
161 103 80
161 103 80
161 103 80
161 103 80
161 103 80
161 103 80
161 103 80
161 103 80
161 103 80
161 103 80
161 103 80
161 103 80
161 103 80
161 103 80
161 103 80
161 103 80
161 103 80
161 103 80
161 103 80
161 103 80
161 103 80
161 103 80
161 103 80
161 103 80
161 103 80
161 103 80
161 103 80
161 103 80
161 103 80
161 103 80
161 103 80
161 103 80
161 103 80
161 103 80
161 103 80
161 103 80
161 103 80
161 103 80
161 103 80
161 103 80
161 103 80
160 103 80
160 103 80
160 103 80
160 103 80
160 103 80
160 103 80
160 103 80
160 103 80
160 103 80
160 103 80
160 103 80
160 103 80
160 103 80
160 103 80
160 103 80
160 103 80
160 103 80
160 103 80
160 103 80
160 103 80
160 103 80
160 103 80
160 103 80
160 103 80
160 103 80
160 103 80
160 103 80
160 103 80
160 103 80
160 103 80
160 103 80
160 103 80
160 103 80
160 103 80
160 103 80
160 103 80
160 103 80
160 103 80
160 103 80
160 103 80
160 103 80
160 103 80
160 103 80
160 103 80
160 103 80
160 103 80
160 103 80
160 103 80
160 103 80
160 103 80
160 103 80
160 103 80
160 103 80
160 103 80
160 103 80
159 103 80
159 103 80
159 103 80
159 103 80
159 103 80
159 103 80
159 103 80
159 103 80
159 103 80
159 103 80
159 103 80
159 103 80
159 103 80
159 103 80
159 103 80
159 103 80
159 103 80
159 103 80
159 103 80
159 103 80
159 103 80
159 103 80
159 103 80
159 103 80
159 103 80
159 103 80
159 103 80
159 103 80
159 103 80
159 103 80
159 103 80
159 103 80
159 103 80
159 103 80
159 103 80
159 103 80
159 103 80
159 103 80
159 103 80
159 103 80
159 103 80
159 103 80
159 103 80
159 103 80
159 103 80
159 103 80
159 103 80
159 103 80
159 103 80
159 103 80
159 103 80
159 103 80
159 103 80
159 103 80
159 103 80
159 103 80
158 103 80
158 103 80
158 103 80
158 103 80
158 103 80
158 103 80
158 103 80
158 103 80
158 103 80
158 103 80
158 103 80
158 103 80
158 103 80
158 103 80
158 103 80
158 103 80
158 103 80
158 103 80
158 103 80
158 103 80
158 103 80
158 103 80
158 103 80
158 103 80
158 103 80
158 103 80
158 103 80
158 103 80
158 103 80
158 103 80
158 103 80
158 103 80
158 103 80
158 103 80
158 103 80
158 103 80
158 103 80
158 103 80
158 103 80
158 103 80
158 103 80
158 103 80
158 103 80
158 103 80
158 103 80
158 103 80
158 103 80
158 103 80
158 103 80
158 103 80
158 103 80
158 103 80
158 103 80
158 103 80
158 103 80
157 103 80
157 103 80
157 103 80
157 103 80
157 103 80
157 103 80
157 103 80
157 103 80
157 103 80
157 103 80
157 103 80
157 103 80
157 103 80
157 103 80
157 103 80
157 103 80
157 103 80
157 103 80
157 103 80
157 103 80
157 103 80
157 103 80
157 103 80
157 103 80
157 103 80
157 103 80
157 103 80
157 103 80
157 103 80
157 103 80
157 103 80
157 103 80
157 103 80
157 103 80
157 103 80
157 103 80
157 103 80
157 103 80
157 103 80
157 103 80
157 103 80
157 103 80
157 103 80
157 103 80
157 103 80
157 103 80
157 103 80
157 103 80
157 103 80
157 103 80
157 103 80
157 103 80
157 103 80
157 103 80
156 103 80
156 103 80
156 103 80
156 103 80
156 103 80
156 103 80
156 103 80
156 103 80
156 103 80
156 103 80
156 103 80
156 103 80
156 103 80
156 103 80
156 103 80
156 103 80
156 103 80
156 103 80
156 103 80
156 103 80
156 103 80
156 103 80
156 103 80
156 103 80
156 103 80
156 103 80
156 103 80
156 103 80
156 103 80
156 103 80
156 103 80
156 103 80
156 103 80
156 103 80
156 103 80
156 103 80
156 103 80
156 103 80
156 103 80
156 103 80
156 103 80
156 103 80
156 103 80
156 103 80
156 103 80
156 103 80
156 103 80
156 103 80
156 103 80
156 103 80
156 103 80
155 103 80
155 103 80
155 103 80
155 103 80
155 103 80
155 103 80
155 103 80
155 103 80
155 103 80
155 103 80
155 103 80
155 103 80
155 103 80
155 103 80
155 103 80
155 103 80
155 103 80
155 103 80
155 103 80
155 103 80
155 103 80
155 103 80
155 103 80
155 103 80
155 103 80
155 103 80
155 103 80
155 103 80
155 103 80
155 103 80
155 103 80
155 103 80
155 103 80
155 103 80
155 103 80
155 103 80
155 103 80
155 103 80
155 103 80
155 103 80
155 103 80
155 103 80
155 103 80
155 103 80
155 103 80
155 103 80
155 103 80
155 103 80
155 103 80
154 103 80
154 103 80
154 103 80
154 103 80
154 103 80
154 103 80
154 103 80
154 103 80
154 103 80
154 103 80
154 103 80
154 103 80
154 103 80
154 103 80
154 103 80
154 103 80
154 103 80
154 103 80
154 103 80
154 103 80
154 103 80
154 103 80
154 103 80
154 103 80
154 103 80
154 103 80
154 103 80
154 103 80
154 103 80
154 103 80
154 103 80
154 103 80
154 103 80
154 103 80
154 103 80
154 103 80
154 103 80
154 103 80
154 103 80
154 103 80
154 103 80
154 103 80
154 103 80
154 103 80
154 103 80
154 103 80
153 103 80
153 103 80
153 103 80
153 103 80
153 103 80
153 103 80
153 103 80
153 103 80
153 103 80
153 103 80
153 103 80
153 103 80
153 103 80
153 103 80
153 103 80
153 103 80
153 103 80
153 103 80
153 103 80
153 103 80
153 103 80
153 103 80
153 103 80
153 103 80
153 103 80
153 103 80
153 103 80
153 103 80
153 103 80
153 103 80
153 103 80
153 103 80
153 103 80
153 103 80
153 103 80
153 103 80
153 103 80
153 103 80
153 103 80
153 103 80
153 103 80
153 103 80
153 103 80
152 103 80
152 103 80
152 103 80
152 103 80
152 103 80
152 103 80
152 103 80
152 103 80
152 103 80
152 103 80
152 103 80
152 103 80
152 103 80
152 103 80
152 103 80
152 103 80
152 103 80
152 103 80
152 103 80
152 103 80
152 103 80
152 103 80
152 103 80
152 103 80
152 103 80
152 103 80
152 103 80
152 103 80
152 103 80
152 103 80
152 103 80
152 103 80
152 103 80
152 103 80
152 103 80
152 103 80
152 103 80
152 103 80
152 103 80
152 103 80
151 103 80
151 103 80
151 103 80
151 103 80
151 103 80
151 103 80
151 103 80
151 103 80
151 103 80
151 103 80
151 103 80
151 103 80
151 103 80
151 103 80
151 103 80
151 103 80
151 103 80
151 103 80
151 103 80
151 103 80
151 103 80
151 103 80
151 103 80
151 103 80
151 103 80
151 103 80
151 103 80
151 103 80
151 103 80
151 103 80
151 103 80
151 103 80
151 103 80
151 103 80
151 103 80
151 103 80
151 103 80
151 103 80
150 103 80
150 103 80
150 103 80
150 103 80
150 103 80
150 103 80
150 103 80
150 103 80
150 103 80
150 103 80
150 103 80
150 103 80
150 103 80
150 103 80
150 103 80
150 103 80
150 103 80
150 103 80
150 103 80
150 103 80
150 103 80
150 103 80
150 103 80
150 103 80
150 103 80
150 103 80
150 103 80
150 103 80
150 103 80
150 103 80
150 103 80
150 103 80
150 103 80
150 103 80
150 103 80
150 103 80
149 103 80
149 103 80
149 103 80
149 103 80
149 103 80
149 103 80
149 103 80
149 103 80
149 103 80
149 103 80
149 103 80
149 103 80
149 103 80
149 103 80
149 103 80
149 103 80
149 103 80
149 103 80
149 103 80
149 103 80
149 103 80
149 103 80
149 103 80
149 103 80
149 103 80
149 103 80
149 103 80
149 103 80
149 103 80
149 103 80
149 103 80
149 103 80
149 103 80
149 103 80
149 103 80
148 103 80
148 103 80
148 103 80
148 103 80
148 103 80
148 103 80
148 103 80
148 103 80
148 103 80
148 103 80
148 103 80
148 103 80
148 103 80
148 103 80
148 103 80
148 103 80
148 103 80
148 103 80
148 103 80
148 103 80
148 103 80
148 103 80
148 103 80
148 103 80
148 103 80
148 103 80
148 103 80
148 103 80
148 103 80
148 103 80
148 103 80
148 103 80
148 103 80
148 103 80
148 103 80
147 103 80
147 103 80
147 103 80
147 103 80
147 103 80
147 103 80
147 103 80
147 103 80
147 103 80
147 103 80
147 103 80
147 103 80
147 103 80
147 103 80
147 103 80
147 103 80
147 103 80
147 103 80
147 103 80
147 103 80
147 103 80
147 103 80
147 103 80
147 103 80
147 103 80
147 103 80
147 103 80
147 103 80
147 103 80
147 103 80
147 103 80
147 103 80
147 103 80
147 103 80
146 103 80
146 103 80
146 103 80
146 103 80
146 103 80
146 103 80
146 103 80
146 103 80
146 103 80
146 103 80
146 103 80
146 103 80
146 103 80
146 103 80
146 103 80
146 103 80
146 103 80
146 103 80
146 103 80
146 103 80
146 103 80
146 103 80
146 103 80
146 103 80
146 103 80
146 103 80
146 103 80
146 103 80
146 103 80
146 103 80
146 103 80
146 103 80
146 103 80
145 103 80
145 103 80
145 103 80
145 103 80
145 103 80
145 103 80
145 103 80
145 103 80
145 103 80
145 103 80
145 103 80
145 103 80
145 103 80
145 103 80
145 103 80
145 103 80
145 103 80
145 103 80
145 103 80
145 103 80
145 103 80
145 103 80
145 103 80
145 103 80
145 103 80
145 103 80
145 103 80
145 103 80
145 103 80
145 103 80
145 103 80
145 103 80
145 103 80
144 103 80
144 103 80
144 103 80
144 103 80
144 103 80
144 103 80
144 103 80
144 103 80
144 103 80
144 103 80
144 103 80
144 103 80
144 103 80
144 103 80
144 103 80
144 103 80
144 103 80
144 103 80
144 103 80
144 103 80
144 103 80
144 103 80
144 103 80
144 103 80
144 103 80
144 103 80
144 103 80
144 103 80
144 103 80
144 103 80
144 103 80
143 103 80
143 103 80
143 103 80
143 103 80
143 103 80
143 103 80
143 103 80
143 103 80
143 103 80
143 103 80
143 103 80
143 103 80
143 103 80
143 103 80
143 103 80
143 103 80
143 103 80
143 103 80
143 103 80
143 103 80
143 103 80
143 103 80
143 103 80
143 103 80
143 103 80
143 103 80
143 103 80
143 103 80
143 103 80
143 103 80
142 103 80
142 103 80
142 103 80
142 103 80
142 103 80
142 103 80
142 103 80
142 103 80
142 103 80
142 103 80
142 103 80
142 103 80
142 103 80
142 103 80
142 103 80
142 103 80
142 103 80
142 103 80
142 103 80
142 103 80
142 103 80
142 103 80
142 103 80
142 103 80
142 103 80
142 103 80
142 103 80
142 103 80
141 103 80
141 103 80
141 103 80
141 103 80
141 103 80
141 103 80
141 103 80
141 103 80
141 103 80
141 103 80
141 103 80
141 103 80
141 103 80
141 103 80
141 103 80
141 103 80
141 103 80
141 103 80
141 103 80
141 103 80
141 103 80
141 103 80
141 103 80
141 103 80
141 103 80
141 103 80
140 103 80
140 103 80
140 103 80
140 103 80
140 103 80
140 103 80
140 103 80
140 103 80
140 103 80
140 103 80
140 103 80
140 103 80
140 103 80
140 103 80
140 103 80
140 103 80
140 103 80
140 103 80
140 103 80
140 103 80
140 103 80
140 103 80
140 103 80
139 103 80
139 103 80
139 103 80
139 103 80
139 103 80
139 103 80
139 103 80
139 103 80
139 103 80
139 103 80
139 103 80
139 103 80
139 103 80
139 103 80
139 103 80
139 103 80
139 103 80
139 103 80
139 103 80
139 103 80
139 103 80
138 103 80
138 103 80
138 103 80
138 103 80
138 103 80
138 103 80
138 103 80
138 103 80
138 103 80
138 103 80
138 103 80
138 103 80
138 103 80
138 103 80
138 103 80
138 103 80
138 103 80
138 103 80
138 104 1360
138 105 80
138 105 80
138 105 80
138 105 80
138 105 80
138 105 80
138 105 80
138 105 80
138 105 80
138 105 80
138 105 80
138 106 80
138 106 80
138 106 80
138 106 80
138 106 80
138 106 80
138 106 80
138 106 80
138 107 80
138 107 80
138 107 80
138 107 80
138 107 80
138 107 80
138 108 80
138 108 80
138 108 80
138 108 80
138 108 80
138 109 80
138 109 80
138 109 80
138 109 80
138 109 80
138 110 80
138 110 80
138 110 80
138 110 80
138 111 80
138 111 80
138 111 80
138 111 80
138 112 80
138 112 80
138 112 80
138 112 80
138 113 80
138 113 80
138 113 80
138 113 80
138 113 80
138 114 80
138 114 80
138 114 80
138 114 80
138 114 80
138 115 80
138 115 80
138 115 80
138 115 80
138 115 80
138 115 80
138 116 80
138 116 80
138 116 80
138 116 80
138 116 80
138 116 80
138 117 80
138 117 80
138 117 80
138 117 80
138 117 80
138 118 80
138 118 80
138 118 80
138 118 80
138 118 80
138 119 80
138 119 80
138 119 80
138 119 80
138 120 80
138 120 80
138 120 80
138 121 80
138 121 80
138 122 80
138 123 80
138 124 80
138 125 80
138 126 80
138 127 80
138 128 80
167 102 80
167 102 80
167 102 80
167 102 80
167 102 80
167 102 80
167 102 80
167 102 80
167 102 80
167 102 80
167 102 80
167 102 80
167 102 80
167 102 80
167 102 80
167 102 80
167 102 80
167 102 80
167 102 80
167 102 80
167 102 80
167 102 80
167 102 80
167 102 80
167 102 80
167 102 80
167 102 80
167 102 80
167 102 80
167 102 80
167 102 80
167 102 80
167 102 80
167 102 80
167 102 80
167 102 80
167 102 80
167 102 80
167 101 80
167 101 80
167 101 80
167 101 80
167 101 80
167 101 80
167 101 80
167 101 80
167 101 80
167 101 80
167 101 80
167 101 80
167 101 80
167 101 80
167 101 80
167 101 80
167 101 80
167 101 80
167 101 80
167 101 80
167 101 80
167 101 80
167 101 80
167 101 80
167 101 80
167 101 80
167 101 80
167 101 80
167 101 80
167 101 80
167 101 80
167 101 80
167 101 80
167 101 80
167 101 80
167 100 80
167 100 80
167 100 80
167 100 80
167 100 80
167 100 80
167 100 80
167 100 80
167 100 80
167 100 80
167 100 80
167 100 80
167 100 80
167 100 80
167 100 80
167 100 80
167 100 80
167 100 80
167 100 80
167 100 80
167 100 80
167 100 80
167 100 80
167 100 80
167 100 80
167 100 80
167 100 80
167 100 80
167 100 80
167 100 80
167 100 80
167 100 80
167 99 80
167 99 80
167 99 80
167 99 80
167 99 80
167 99 80
167 99 80
167 99 80
167 99 80
167 99 80
167 99 80
167 99 80
167 99 80
167 99 80
167 99 80
167 99 80
167 99 80
167 99 80
167 99 80
167 99 80
167 99 80
167 99 80
167 99 80
167 99 80
167 99 80
167 99 80
167 99 80
167 99 80
167 98 80
167 98 80
167 98 80
167 98 80
167 98 80
167 98 80
167 98 80
167 98 80
167 98 80
167 98 80
167 98 80
167 98 80
167 98 80
167 98 80
167 98 80
167 98 80
167 98 80
167 98 80
167 98 80
167 98 80
167 98 80
167 98 80
167 98 80
167 97 80
167 97 80
167 97 80
167 97 80
167 97 80
167 97 80
167 97 80
167 97 80
167 97 80
167 97 80
167 97 80
167 97 80
167 97 80
167 97 80
167 97 80
167 97 80
167 97 80
167 97 80
167 96 80
167 96 80
167 96 80
167 96 80
167 96 80
167 96 80
167 96 80
167 96 80
167 96 80
167 96 80
167 96 80
167 96 80
167 96 80
167 96 80
167 96 80
167 95 80
167 95 80
167 95 80
167 95 80
167 95 80
167 95 80
167 95 80
167 95 80
167 95 80
167 95 80
167 95 80
167 95 80
167 94 80
167 94 80
167 94 80
167 94 80
167 94 80
167 94 80
167 94 80
167 94 80
167 94 80
167 94 80
167 93 80
167 93 80
167 93 80
167 93 80
167 93 80
167 93 80
167 93 80
167 93 80
167 93 80
167 92 80
167 92 80
167 92 80
167 92 80
167 92 80
167 92 80
167 92 80
167 92 80
167 91 80
167 91 80
167 91 80
167 91 80
167 91 80
167 91 80
167 91 80
167 91 80
167 90 80
167 90 80
167 90 80
167 90 80
167 90 80
167 90 80
167 90 80
167 89 80
167 89 80
167 89 80
167 89 80
167 89 80
167 89 80
167 88 80
167 88 80
167 88 80
167 88 80
167 88 80
167 88 80
167 87 80
167 87 80
167 87 80
167 87 80
167 87 80
167 86 80
167 86 80
167 86 80
167 86 80
167 85 80
167 85 80
167 85 80
167 84 80
167 84 80
167 84 80
167 83 80
167 83 80
167 83 80
167 82 80
167 82 80
167 82 80
167 81 80
167 81 80
167 80 80
167 80 80
167 80 80
167 79 80
167 79 80
167 79 80
167 78 80
167 78 80
167 78 80
167 77 80
167 77 80
167 77 80
167 76 80
167 76 80
167 75 80
167 75 80
167 74 80
167 74 80
167 73 80
167 73 80
167 72 80
167 71 80
167 70 80
167 69 80
167 68 80
167 67 80
167 66 80
167 65 80
167 64 80
167 63 80
167 62 80
167 61 80
167 60 80
167 59 80
167 58 80
167 57 80
167 56 80
167 55 80
103 4 80
102 4 80
101 4 80
100 4 80
99 4 80
98 4 80
97 4 80
96 4 80
95 4 80
94 4 80
93 4 80
92 4 80
91 4 80
90 4 80
89 4 80
88 4 80
87 4 80
86 4 80
85 4 80
84 4 80
83 4 80
82 4 80
81 4 80
80 4 80
79 4 80
78 4 80
77 4 80
76 4 80
75 4 80
74 4 80
73 4 80
72 4 80
72 4 80
71 4 80
71 4 80
70 4 80
70 4 80
70 4 80
69 4 80
69 4 80
69 4 80
68 4 80
68 4 80
68 4 80
68 4 80
67 4 80
67 4 80
67 4 80
67 4 80
66 4 80
66 4 80
66 4 80
66 4 80
65 4 80
65 4 80
65 4 80
65 4 80
65 4 80
64 4 80
64 4 80
64 4 80
64 4 80
64 4 80
63 4 80
63 4 80
63 4 80
63 4 80
63 4 80
62 4 80
62 4 80
62 4 80
62 4 80
62 4 80
62 5 320
62 5 80
62 5 80
62 6 80
62 6 80
62 6 80
62 6 80
62 6 80
62 6 80
62 7 80
62 7 80
62 7 80
62 7 80
62 7 80
62 7 80
62 7 80
62 8 80
62 8 80
62 8 80
62 8 80
62 8 80
62 8 80
62 8 80
62 8 80
62 9 80
62 9 80
62 9 80
62 9 80
62 9 80
62 9 80
62 9 80
62 9 80
62 10 80
62 10 80
62 10 80
62 10 80
62 10 80
62 10 80
62 10 80
62 10 80
62 10 80
62 11 80
62 11 80
62 11 80
62 11 80
62 11 80
62 11 80
62 11 80
62 11 80
62 11 80
62 11 80
62 12 80
62 12 80
62 12 80
62 12 80
62 12 80
62 12 80
62 12 80
62 12 80
62 12 80
62 12 80
62 13 80
62 13 80
62 13 80
62 13 80
62 13 80
62 13 80
62 13 80
62 13 80
62 13 80
62 13 80
62 14 80
62 14 80
62 14 80
62 14 80
62 14 80
62 14 80
62 14 80
62 14 80
62 14 80
62 14 80
62 15 80
62 15 80
62 15 80
62 15 80
62 15 80
62 15 80
62 15 80
62 15 80
62 15 80
62 16 80
62 16 80
62 16 80
62 16 80
62 16 80
62 16 80
62 16 80
62 16 80
62 16 80
62 17 80
62 17 80
62 17 80
62 17 80
62 17 80
62 17 80
62 17 80
62 17 80
62 18 80
62 18 80
62 18 80
62 18 80
62 18 80
62 18 80
62 18 80
62 19 80
62 19 80
62 19 80
62 19 80
62 19 80
62 19 80
62 20 80
62 20 80
62 20 80
62 20 80
62 20 80
62 20 80
62 21 80
62 21 80
62 21 80
62 21 80
62 21 80
62 22 80
62 22 80
62 22 80
62 22 80
62 22 80
62 23 80
62 23 80
62 23 80
62 23 80
62 24 80
62 24 80
62 24 80
62 24 80
62 25 80
62 25 80
62 25 80
62 26 80
62 26 80
62 26 80
62 27 80
62 27 80
62 28 80
62 28 80
62 29 80
62 30 80
62 31 80
62 32 80
62 33 80
62 34 80
62 35 80
62 36 80
62 37 80
62 38 80
62 39 80
62 40 80
62 41 80
62 42 80
62 43 80
62 44 80
62 45 80
62 46 80
62 47 80
62 48 80
62 49 80
62 49 80
62 50 80
62 50 80
62 51 80
62 51 80
62 52 80
62 52 80
62 53 80
62 53 80
62 53 80
62 54 80
62 54 80
62 54 80
62 55 80
62 55 80
62 55 80
62 55 80
62 56 80
62 56 80
62 56 80
62 56 80
62 57 80
62 57 80
62 57 80
62 57 80
62 57 80
62 58 80
62 58 80
62 58 80
62 58 80
62 58 80
62 59 80
62 59 80
62 59 80
62 59 80
62 59 80
62 60 80
62 60 80
62 60 80
62 60 80
62 60 80
62 61 80
62 61 80
62 61 80
62 61 80
62 61 80
62 62 80
62 62 80
62 62 80
62 62 80
62 63 80
62 63 80
62 63 80
62 63 80
62 64 80
62 64 80
62 64 80
62 64 80
62 65 80
62 65 80
62 65 80
62 65 80
62 66 80
62 66 80
62 66 80
62 66 80
62 67 80
62 67 80
62 67 80
62 67 80
62 68 80
62 68 80
62 68 80
62 68 80
62 69 80
62 69 80
62 69 80
62 70 80
62 70 80
62 70 80
62 71 80
62 71 80
62 71 80
62 72 80
62 72 80
62 73 80
62 73 80
62 74 80
62 75 80
62 76 80
27 38 80
28 38 80
29 38 80
30 38 80
31 38 80
32 38 80
33 38 80
34 38 80
35 38 80
36 38 80
37 38 80
38 38 80
39 38 80
40 38 80
41 38 80
42 38 80
43 38 80
44 38 80
45 38 80
46 38 80
47 38 80
48 38 80
49 38 80
50 38 80
51 38 80
52 38 80
53 38 80
54 38 80
55 38 80
56 38 80
57 38 80
58 38 80
59 38 80
60 38 80
61 38 80
