71 117 120
72 117 120
73 117 120
74 117 120
75 117 120
76 117 120
77 117 120
78 117 120
79 117 120
80 117 120
81 117 120
82 117 120
83 117 120
84 117 120
85 117 120
86 117 120
87 117 120
88 117 120
89 117 120
90 117 120
91 117 120
92 117 120
93 117 120
94 117 120
95 117 120
96 117 120
97 117 120
98 117 120
99 117 120
100 117 120
101 117 120
102 117 120
103 117 120
104 117 120
105 117 120
106 117 120
107 117 120
108 117 120
109 117 120
110 117 120
111 117 120
112 117 120
113 117 120
114 117 120
115 117 120
116 117 120
117 117 120
118 117 120
119 117 120
120 117 120
121 117 120
122 117 120
123 117 120
124 117 120
125 117 120
126 117 120
127 117 120
128 117 120
128 117 120
129 117 120
129 117 120
130 117 120
130 117 120
130 117 120
131 117 240
131 117 120
132 117 240
132 117 120
132 117 120
133 117 360
133 117 120
133 117 120
133 117 120
134 117 600
134 117 120
134 117 120
135 117 720
135 117 120
135 117 120
136 117 840
136 117 120
136 117 120
136 117 120
137 117 1080
137 117 120
138 117 1080
138 117 120
138 117 120
139 117 1200
140 117 1200
141 117 1200
142 117 120
142 117 120
142 117 120
142 117 120
142 117 120
142 117 120
142 117 120
142 117 120
142 117 120
143 117 960
144 117 960
145 117 960
146 117 120
146 117 120
146 117 120
146 117 120
146 117 120
146 117 120
146 117 120
147 117 720
147 117 120
148 117 720
149 117 720
150 117 720
151 117 120
151 117 120
151 117 120
151 117 120
151 117 120
152 117 480
153 117 480
154 117 480
155 117 120
155 117 120
155 118 120
155 118 120
155 119 120
155 119 120
155 120 120
70 117 120
69 117 120
68 117 120
67 117 120
66 117 120
65 117 120
64 117 120
64 117 120
63 117 120
63 117 120
62 117 120
62 117 120
61 117 120
61 117 120
60 117 120
60 117 120
60 117 120
59 117 240
59 117 120
58 117 240
58 117 120
57 117 240
57 117 120
57 117 120
56 117 360
56 117 120
55 117 360
55 117 120
54 117 360
53 117 360
52 117 360
51 117 120
51 117 120
51 117 120
51 117 120
50 117 360
50 117 120
49 117 360
49 117 120
49 117 120
48 117 480
48 117 120
48 117 120
47 117 600
47 117 120
47 117 120
46 117 720
46 117 120
46 117 120
46 117 120
45 117 960
45 117 120
45 117 120
45 118 1080
45 119 1080
45 120 1080
45 121 120
45 121 120
45 121 120
45 121 120
45 122 360
45 122 120
45 123 360
45 124 360
45 125 360
45 126 120
45 126 120
45 127 120
45 127 120
45 128 120
45 128 120
45 129 120
45 129 120
45 130 120
45 130 120
45 131 120
45 131 120
45 132 120
45 132 120
45 133 120
45 134 120
45 135 120
45 136 120
45 137 120
45 138 120
45 139 120
45 140 120
45 141 120
45 142 120
45 143 120
45 144 120
45 145 120
45 146 120
45 147 120
45 148 120
45 149 120
44 117 120
44 117 120
44 117 120
44 117 120
44 117 120
44 117 120
44 117 120
44 117 120
44 117 120
44 117 120
44 117 120
43 117 1200
43 117 120
43 117 120
42 117 1320
42 117 120
41 117 1320
41 117 120
40 117 1320
40 117 120
39 117 1320
39 117 120
38 117 1320
37 117 1320
36 117 1320
35 117 120
35 117 120
35 117 120
35 117 120
35 117 120
35 117 120
35 117 120
35 117 120
35 117 120
35 117 120
35 117 120
34 117 1200
34 117 120
33 117 1200
33 117 120
33 117 120
32 117 1320
32 117 120
32 117 120
31 117 1440
31 117 120
31 117 120
31 117 120
30 117 1680
30 117 120
30 117 120
30 117 120
29 117 1920
29 117 120
29 117 120
29 117 120
28 117 2160
28 117 120
28 117 120
28 117 120
28 117 120
27 117 2520
27 117 120
27 117 120
27 117 120
26 117 2760
26 117 120
26 117 120
26 117 120
25 117 3000
25 117 120
25 117 120
24 117 3120
24 117 120
24 117 120
23 117 3240
23 117 120
22 117 3240
22 117 120
21 117 3240
20 117 3240
19 117 3240
18 117 120
18 117 120
18 117 120
18 117 120
18 117 120
18 117 120
18 117 120
18 117 120
18 117 120
18 117 120
18 117 120
18 117 120
18 117 120
18 117 120
18 117 120
18 117 120
18 117 120
18 117 120
18 117 120
18 117 120
18 117 120
18 117 120
18 117 120
18 117 120
18 117 120
17 117 2880
17 117 120
16 117 2880
15 117 2880
14 117 2880
13 117 120
13 117 120
13 117 120
13 117 120
13 117 120
13 117 120
13 117 120
13 117 120
13 117 120
13 117 120
13 117 120
13 117 120
13 117 120
13 117 120
13 117 120
13 117 120
13 117 120
13 117 120
13 117 120
13 117 120
13 117 120
13 116 2400
13 115 2400
13 114 2400
13 113 120
13 113 120
13 113 120
13 113 120
13 113 120
13 113 120
13 113 120
13 113 120
13 113 120
13 113 120
13 113 120
13 113 120
13 112 1320
13 111 1320
13 110 1320
13 109 120
13 109 120
13 109 120
13 109 120
13 109 120
13 109 120
13 109 120
13 109 120
13 108 840
13 107 840
13 106 840
13 105 120
13 105 120
13 105 120
13 105 120
13 104 360
13 103 360
13 102 360
13 101 120
13 100 120
13 99 120
13 98 120
13 97 120
13 96 120
13 95 120
13 94 120
13 93 120
13 92 120
13 91 120
13 90 120
13 89 120
13 88 120
13 87 120
13 86 120
13 85 120
13 84 120
13 83 120
13 82 120
13 81 120
13 80 120
13 79 120
13 78 120
13 77 120
13 76 120
13 75 120
13 74 120
13 73 120
13 72 120
13 71 120
81 116 120
81 115 120
81 114 120
81 113 120
81 112 120
81 111 120
81 111 120
81 110 120
81 110 120
81 109 120
81 109 120
81 109 120
81 109 120
81 108 360
81 108 120
81 108 120
81 107 480
81 107 120
81 107 120
81 107 120
81 106 720
81 106 120
81 106 120
81 106 120
81 106 120
81 105 1080
81 105 120
81 105 120
81 105 120
81 105 120
81 104 1440
81 104 120
81 104 120
81 104 120
81 103 1680
81 103 120
81 103 120
81 103 120
81 102 1920
81 102 120
81 102 120
81 102 120
81 101 2160
81 101 120
81 101 120
81 100 2280
81 100 120
81 100 120
81 99 2400
81 99 120
81 98 2400
81 98 120
81 98 120
81 97 2520
81 97 120
81 97 120
81 96 2640
81 96 120
81 95 2640
81 95 120
81 95 120
81 94 2760
81 94 120
81 93 2760
81 93 120
81 92 2760
81 92 120
81 91 2760
81 90 2760
81 89 2760
81 88 120
81 88 120
81 88 120
81 88 120
81 88 120
81 88 120
81 88 120
81 88 120
81 88 120
81 88 120
81 88 120
81 88 120
81 88 120
81 88 120
81 88 120
81 88 120
81 88 120
81 87 1920
81 86 1920
81 85 1920
81 84 120
81 84 120
81 84 120
81 84 120
81 84 120
81 84 120
81 84 120
81 84 120
81 84 120
81 83 960
81 82 960
81 81 960
81 80 120
81 80 120
81 80 120
81 80 120
81 79 360
81 79 120
81 78 360
81 77 360
81 76 360
81 75 120
81 75 120
81 74 120
81 73 120
81 72 120
81 71 120
81 70 120
81 69 120
81 68 120
81 67 120
81 66 120
81 65 120
82 65 120
83 65 120
84 65 120
85 65 120
86 65 120
87 65 120
88 65 120
89 65 120
90 65 120
91 65 120
92 65 120
93 65 120
94 65 120
94 65 120
95 65 120
95 65 120
96 65 120
96 65 120
97 65 120
97 65 120
97 65 120
98 65 240
98 65 120
98 65 120
99 65 360
99 65 120
99 65 120
99 65 120
100 65 600
100 65 120
100 65 120
100 65 120
100 65 120
101 65 960
101 65 120
101 65 120
101 65 120
101 65 120
102 65 1320
102 65 120
102 65 120
102 65 120
102 65 120
102 65 120
103 65 1800
103 65 120
103 65 120
103 65 120
103 65 120
104 65 2160
104 65 120
104 65 120
104 65 120
104 65 120
105 65 2520
105 65 120
105 65 120
105 65 120
106 65 2760
106 65 120
106 65 120
107 65 2880
107 65 120
107 65 120
108 65 3000
108 65 120
109 65 3000
109 65 120
110 65 3000
110 65 120
111 65 3000
112 65 3000
113 65 3000
114 65 120
114 65 120
114 65 120
114 65 120
114 65 120
114 65 120
114 65 120
114 65 120
114 65 120
114 65 120
114 65 120
114 65 120
114 65 120
114 65 120
114 65 120
114 65 120
114 65 120
114 65 120
114 65 120
114 65 120
114 65 120
114 65 120
114 65 120
114 65 120
114 65 120
114 66 2880
114 67 2880
114 68 2880
114 69 120
114 69 120
114 69 120
114 69 120
114 69 120
114 69 120
114 69 120
114 69 120
114 69 120
114 69 120
114 69 120
114 69 120
114 69 120
114 69 120
114 69 120
114 69 120
114 69 120
114 69 120
114 69 120
114 69 120
114 69 120
114 69 120
114 69 120
114 69 120
114 70 2760
114 71 2760
114 72 2760
114 73 120
114 73 120
114 73 120
114 73 120
114 73 120
114 73 120
114 73 120
114 73 120
114 73 120
114 73 120
114 73 120
114 73 120
114 73 120
114 73 120
114 73 120
114 73 120
114 73 120
114 73 120
114 74 2040
114 75 2040
114 76 2040
114 77 120
114 77 120
114 77 120
114 77 120
114 77 120
114 77 120
114 77 120
114 77 120
114 77 120
114 78 960
114 79 960
114 80 960
114 81 120
114 81 120
114 81 120
114 81 120
114 82 360
114 83 360
114 84 360
114 85 120
114 85 120
114 86 120
114 86 120
114 87 120
114 87 120
114 88 120
114 89 120
114 90 120
114 91 120
114 92 120
114 93 120
114 94 120
190 107 120
189 107 120
188 107 120
187 107 120
186 107 120
185 107 120
184 107 120
183 107 120
182 107 120
181 107 120
180 107 120
179 107 120
178 107 120
177 107 120
176 107 120
175 107 120
174 107 120
173 107 120
172 107 120
171 107 120
170 107 120
169 107 120
168 107 120
167 107 120
166 107 120
165 107 120
164 107 120
163 107 120
162 107 120
161 107 120
160 107 120
159 107 120
158 107 120
157 107 120
156 107 120
156 107 120
155 107 120
155 107 120
155 108 120
155 108 120
155 109 120
155 109 120
155 110 120
155 110 120
155 111 120
155 111 120
155 112 120
155 112 120
155 113 120
155 113 120
155 114 120
155 114 120
155 115 120
155 115 120
155 116 120
155 116 120
