179 127 120
178 127 120
177 127 120
176 127 120
175 127 120
174 127 120
173 127 120
172 127 120
171 127 120
170 127 120
169 127 120
168 127 120
167 127 120
166 127 120
165 127 120
164 127 120
163 127 120
162 127 120
161 127 120
160 127 120
159 127 120
158 127 120
158 127 120
157 127 120
157 127 120
156 127 120
156 127 120
155 127 120
155 127 120
155 127 120
154 127 240
154 127 120
154 127 120
153 127 360
153 127 120
153 127 120
152 127 480
152 127 120
152 127 120
151 127 600
151 127 120
151 127 120
150 127 720
150 127 120
150 127 120
149 127 840
149 127 120
149 127 120
148 127 960
148 127 120
148 127 120
147 127 1080
147 127 120
147 127 120
146 127 1200
146 127 120
145 127 1200
145 127 120
145 127 120
144 127 1320
144 127 120
143 127 1320
143 127 120
142 127 1320
142 127 120
141 127 1320
141 127 120
140 127 1320
140 127 120
139 127 1320
139 127 120
138 127 1320
138 127 120
137 127 1320
137 127 120
136 127 1320
136 127 120
135 127 1320
135 127 120
134 127 1320
134 127 120
134 127 120
133 127 1440
133 127 120
133 127 120
132 127 1560
132 127 120
132 127 120
131 127 1680
131 127 120
131 127 120
130 127 1800
130 127 120
130 127 120
129 127 1920
129 127 120
129 127 120
129 127 120
128 127 2160
128 127 120
127 127 2160
127 127 120
126 127 2160
126 127 120
125 127 2160
124 127 2160
123 127 2160
122 127 120
122 127 120
122 127 120
122 127 120
122 127 120
122 127 120
122 127 120
122 127 120
122 127 120
122 127 120
122 127 120
122 127 120
121 127 1320
120 127 1320
119 127 1320
118 127 120
118 127 120
118 127 120
117 127 240
116 127 240
115 127 240
114 127 120
113 127 120
112 127 120
111 127 120
110 127 120
109 127 120
108 127 120
107 127 120
106 127 120
105 127 120
104 127 120
103 127 120
102 127 120
101 127 120
100 127 120
99 127 120
98 127 120
97 127 120
96 127 120
95 127 120
94 127 120
93 127 120
92 127 120
92 127 120
91 127 120
91 127 120
91 127 120
91 127 120
90 127 360
90 127 120
90 127 120
90 127 120
89 127 600
89 127 120
89 127 120
89 127 120
89 127 120
89 127 120
88 127 1080
88 127 120
88 127 120
88 127 120
88 127 120
88 127 120
88 127 120
87 127 1680
87 127 120
87 127 120
87 127 120
87 127 120
87 127 120
86 127 2160
86 127 120
86 127 120
86 127 120
86 127 120
86 127 120
86 127 120
85 127 2760
85 127 120
85 127 120
85 127 120
85 127 120
84 127 3120
84 127 120
84 127 120
84 127 120
84 127 120
83 127 3480
83 127 120
83 127 120
82 127 3600
82 127 120
82 127 120
82 127 120
81 127 3840
81 127 120
80 127 3840
80 127 120
79 127 3840
78 127 3840
77 127 3840
76 127 120
76 127 120
76 127 120
76 127 120
76 127 120
76 127 120
76 127 120
76 127 120
76 127 120
76 127 120
76 127 120
76 127 120
76 127 120
76 127 120
76 127 120
76 127 120
76 127 120
76 127 120
76 127 120
76 127 120
76 127 120
76 127 120
76 127 120
76 127 120
76 127 120
76 127 120
75 127 3000
74 127 3000
73 127 3000
72 127 120
72 127 120
72 127 120
72 127 120
72 127 120
72 127 120
72 127 120
72 127 120
72 127 120
72 127 120
72 127 120
72 127 120
72 127 120
71 127 1440
70 127 1440
69 127 1440
68 127 120
68 127 120
68 127 120
67 127 240
66 127 240
65 127 240
64 127 120
63 127 120
62 127 120
61 127 120
60 127 120
59 127 120
58 127 120
57 127 120
56 127 120
55 127 120
54 127 120
53 127 120
52 127 120
51 127 120
50 127 120
49 127 120
48 127 120
47 127 120
46 127 120
45 127 120
44 127 120
43 127 120
42 127 120
41 127 120
40 127 120
39 127 120
38 127 120
37 127 120
36 127 120
35 127 120
35 127 120
34 127 120
34 127 120
33 127 120
33 127 120
32 127 120
32 127 120
31 127 120
31 127 120
30 127 120
30 127 120
29 127 120
29 127 120
28 127 120
28 127 120
27 127 120
27 127 120
26 127 120
26 127 120
25 127 120
24 127 120
23 127 120
22 127 120
21 127 120
20 127 120
19 127 120
18 127 120
17 127 120
16 127 120
15 127 120
14 127 120
14 127 120
14 128 120
14 128 120
14 129 120
14 129 120
14 130 120
14 130 120
14 131 120
14 131 120
14 132 120
14 132 120
14 133 120
14 134 120
14 135 120
14 136 120
14 137 120
14 138 120
14 139 120
14 140 120
14 141 120
14 142 120
14 143 120
14 144 120
180 127 120
181 127 120
182 127 120
183 127 120
184 127 120
185 127 120
186 127 120
187 127 120
188 127 120
189 127 120
190 127 120
191 127 120
192 127 120
193 127 120
194 127 120
194 126 120
194 125 120
194 124 120
194 123 120
194 122 120
194 121 120
194 120 120
194 119 120
194 118 120
194 117 120
194 117 120
194 116 120
194 116 120
194 115 120
194 115 120
194 115 120
194 114 240
194 114 120
194 113 240
194 113 120
194 112 240
194 112 120
194 111 240
194 111 120
194 110 240
194 110 120
194 109 240
194 109 120
194 108 240
194 108 120
194 107 240
194 106 240
194 105 240
194 104 120
194 104 120
194 103 120
194 103 120
194 102 120
194 102 120
194 101 120
194 100 120
194 99 120
194 98 120
194 97 120
194 96 120
194 95 120
194 94 120
194 93 120
194 92 120
194 91 120
194 91 120
194 90 120
194 90 120
194 89 120
194 89 120
194 88 120
194 88 120
194 87 120
194 87 120
194 86 120
194 86 120
194 85 120
194 85 120
194 84 120
194 84 120
194 83 120
194 83 120
194 82 120
194 82 120
194 81 120
194 81 120
194 80 120
194 79 120
194 78 120
194 77 120
194 76 120
194 75 120
194 74 120
194 73 120
194 72 120
194 71 120
97 126 120
97 125 120
