89 154 120
90 154 120
91 154 120
92 154 120
93 154 120
94 154 120
95 154 120
96 154 120
97 154 120
98 154 120
99 154 120
100 154 120
101 154 120
102 154 120
103 154 120
104 154 120
105 154 120
106 154 120
107 154 120
108 154 120
109 154 120
110 154 120
111 154 120
112 154 120
113 154 120
114 154 120
115 154 120
116 154 120
117 154 120
118 154 120
119 154 120
120 154 120
121 154 120
122 154 120
123 154 120
124 154 120
125 154 120
126 154 120
127 154 120
128 154 120
129 154 120
130 154 120
131 154 120
132 154 120
133 154 120
134 154 120
135 154 120
136 154 120
137 154 120
138 154 120
139 154 120
140 154 120
141 154 120
142 154 120
143 154 120
144 154 120
145 154 120
146 154 120
147 154 120
148 154 120
149 154 120
150 154 120
151 154 120
152 154 120
153 154 120
154 154 120
155 154 120
156 154 120
157 154 120
157 154 120
157 153 120
157 152 120
157 151 120
157 150 120
157 149 120
157 148 120
157 147 120
157 146 120
157 145 120
157 144 120
157 143 120
157 142 120
157 141 120
157 140 120
157 139 120
157 138 120
157 137 120
157 136 120
157 135 120
157 134 120
157 133 120
157 132 120
157 131 120
157 130 120
157 129 120
157 128 120
130 153 120
130 152 120
130 151 120
130 150 120
130 149 120
129 149 120
128 149 120
127 149 120
126 149 120
125 149 120
124 149 120
123 149 120
122 149 120
121 149 120
121 148 120
121 147 120
121 146 120
121 145 120
121 144 120
121 143 120
121 142 120
121 141 120
121 140 120
121 139 120
121 138 120
121 137 120
121 136 120
121 135 120
121 134 120
121 133 120
121 132 120
121 131 120
121 130 120
121 129 120
121 128 120
121 127 120
121 126 120
121 125 120
121 124 120
121 123 120
121 122 120
121 121 120
121 120 120
121 119 120
121 118 120
121 117 120
121 116 120
121 115 120
121 114 120
121 113 120
121 112 120
121 111 120
121 110 120
121 109 120
121 108 120
121 107 120
121 106 120
121 105 120
121 104 120
122 104 120
123 104 120
124 104 120
125 104 120
126 104 120
127 104 120
128 104 120
129 104 120
130 104 120
131 104 120
132 104 120
133 104 120
134 104 120
135 104 120
136 104 120
137 104 120
138 104 120
139 104 120
140 104 120
141 104 120
142 104 120
143 104 120
144 104 120
145 104 120
146 104 120
147 104 120
147 103 120
147 102 120
147 101 120
147 100 120
147 99 120
147 98 120
147 97 120
147 96 120
147 95 120
147 94 120
148 94 120
149 94 120
150 94 120
151 94 120
152 94 120
153 94 120
154 94 120
155 94 120
156 94 120
157 94 120
158 94 120
159 94 120
160 94 120
161 94 120
162 94 120
163 94 120
164 94 120
165 94 120
166 94 120
167 94 120
168 94 120
169 94 120
170 94 120
171 94 120
172 94 120
173 94 120
174 94 120
175 94 120
176 94 120
177 94 120
178 94 120
179 94 120
180 94 120
181 94 120
182 94 120
182 93 120
182 92 120
182 91 120
182 90 120
182 89 120
182 88 120
182 87 120
182 86 120
182 85 120
120 104 120
119 104 120
118 104 120
117 104 120
116 104 120
116 103 120
116 102 120
116 101 120
116 100 120
116 99 120
116 98 120
116 97 120
116 96 120
116 95 120
116 94 120
116 93 120
116 92 120
116 91 120
116 91 120
116 90 120
116 90 120
116 89 120
116 89 120
116 88 120
116 88 120
116 87 120
116 87 120
116 86 120
116 86 120
116 86 120
116 85 240
116 85 120
116 84 240
116 84 120
116 83 240
116 83 120
116 82 240
116 82 120
116 81 240
116 81 120
116 80 240
116 80 120
116 79 240
116 79 120
116 78 240
116 78 120
116 77 240
116 77 120
116 76 240
116 76 120
116 75 240
116 75 120
116 74 240
116 74 120
116 73 240
116 73 120
116 72 240
116 72 120
116 71 240
116 71 120
116 70 240
116 70 120
116 69 240
116 69 120
116 68 240
116 68 120
116 67 240
116 67 120
116 66 240
116 66 120
116 65 240
116 65 120
116 64 240
116 64 120
116 63 240
116 63 120
116 62 240
116 62 120
116 61 240
116 61 120
116 60 240
116 60 120
116 59 240
116 58 240
116 57 240
116 56 120
116 55 120
116 54 120
116 53 120
116 52 120
116 51 120
116 50 120
116 49 120
116 48 120
116 47 120
116 46 120
117 46 120
118 46 120
119 46 120
120 46 120
121 46 120
122 46 120
123 46 120
124 46 120
125 46 120
126 46 120
127 46 120
127 46 120
128 46 120
128 46 120
129 46 120
130 46 120
131 46 120
131 45 120
131 44 120
131 44 120
131 43 120
131 43 120
131 42 120
131 42 120
131 41 120
131 41 120
131 40 120
131 40 120
131 39 120
131 39 120
131 38 120
131 38 120
131 37 120
131 37 120
131 36 120
131 36 120
131 35 120
131 34 120
131 33 120
131 32 120
131 31 120
131 30 120
131 29 120
131 28 120
131 27 120
131 26 120
131 25 120
131 24 120
130 24 120
129 24 120
128 24 120
127 24 120
126 24 120
125 24 120
124 24 120
123 24 120
122 24 120
121 24 120
120 24 120
119 24 120
118 24 120
117 24 120
116 24 120
115 24 120
114 24 120
113 24 120
112 24 120
111 24 120
110 24 120
109 24 120
108 24 120
107 24 120
106 24 120
105 24 120
104 24 120
103 24 120
102 24 120
101 24 120
100 24 120
99 24 120
98 24 120
97 24 120
96 24 120
95 24 120
94 24 120
93 24 120
92 24 120
91 24 120
90 24 120
89 24 120
89 24 120
88 24 120
88 24 120
87 24 120
87 24 120
86 24 120
86 24 120
86 23 120
86 23 120
86 22 120
86 22 120
86 21 120
86 20 120
86 19 120
86 18 120
86 17 120
86 16 120
86 15 120
86 14 120
86 13 120
86 12 120
86 11 120
86 10 120
86 9 120
86 8 120
86 7 120
86 6 120
86 5 120
85 5 120
84 5 120
83 5 120
82 5 120
81 5 120
80 5 120
79 5 120
78 5 120
77 5 120
76 5 120
75 5 120
74 5 120
73 5 120
72 5 120
71 5 120
70 5 120
69 5 120
68 5 120
67 5 120
66 5 120
65 5 120
64 5 120
63 5 120
62 5 120
61 5 120
60 5 120
59 5 120
58 5 120
57 5 120
56 5 120
55 5 120
54 5 120
53 5 120
52 5 120
51 5 120
50 5 120
49 5 120
48 5 120
47 5 120
46 5 120
45 5 120
44 5 120
43 5 120
42 5 120
41 5 120
40 5 120
39 5 120
38 5 120
37 5 120
36 5 120
35 5 120
34 5 120
33 5 120
32 5 120
31 5 120
30 5 120
29 5 120
28 5 120
27 5 120
26 5 120
25 5 120
24 5 120
23 5 120
22 5 120
21 5 120
20 5 120
19 5 120
18 5 120
17 5 120
16 5 120
15 5 120
14 5 120
13 5 120
12 5 120
11 5 120
10 5 120
9 5 120
8 5 120
7 5 120
6 5 120
5 5 120
5 6 120
5 7 120
5 8 120
5 9 120
5 10 120
5 11 120
5 12 120
5 13 120
5 14 120
5 15 120
5 16 120
5 17 120
5 18 120
5 19 120
5 20 120
5 21 120
5 22 120
5 23 120
5 24 120
5 25 120
5 26 120
5 27 120
5 28 120
5 29 120
5 30 120
