93 71 100
92 71 100
91 71 100
90 71 100
89 71 100
88 71 100
87 71 100
86 71 100
85 71 100
84 71 100
83 71 100
82 71 100
81 71 100
80 71 100
79 71 100
78 71 100
77 71 100
77 71 100
76 71 100
76 71 100
75 71 100
75 71 100
75 71 100
74 71 200
74 71 100
73 71 200
73 71 100
73 70 200
73 70 100
73 69 200
73 68 200
73 67 200
73 66 100
73 65 100
73 64 100
73 63 100
73 62 100
73 61 100
73 60 100
73 59 100
73 58 100
73 57 100
73 56 100
73 55 100
73 54 100
73 53 100
73 52 100
73 51 100
73 50 100
73 49 100
73 48 100
73 47 100
73 46 100
94 71 100
95 71 100
96 71 100
97 71 100
98 71 100
99 71 100
100 71 100
101 71 100
102 71 100
103 71 100
104 71 100
105 71 100
106 71 100
107 71 100
108 71 100
109 71 100
110 71 100
111 71 100
112 71 100
113 71 100
114 71 100
115 71 100
116 71 100
117 71 100
118 71 100
119 71 100
120 71 100
121 71 100
122 71 100
123 71 100
124 71 100
125 71 100
126 71 100
127 71 100
128 71 100
129 71 100
130 71 100
131 71 100
132 71 100
133 71 100
134 71 100
135 71 100
136 71 100
137 71 100
138 71 100
138 71 100
139 71 100
139 71 100
140 71 100
140 71 100
141 71 100
141 71 100
142 71 100
142 71 100
143 71 100
143 71 100
144 71 100
144 71 100
145 71 100
145 71 100
146 71 100
146 71 100
147 71 100
147 71 100
148 71 100
148 71 100
148 71 100
149 71 200
149 71 100
150 71 200
150 71 100
151 71 200
151 71 100
152 71 200
152 71 100
153 71 200
153 71 100
154 71 200
154 71 100
154 71 100
155 71 300
155 71 100
156 71 300
156 71 100
156 71 100
157 71 400
157 71 100
157 71 100
157 71 100
158 71 600
158 71 100
158 71 100
159 71 700
159 71 100
159 71 100
159 71 100
160 71 900
160 71 100
160 71 100
160 71 100
160 71 100
161 71 1200
161 71 100
161 71 100
161 71 100
162 71 1400
162 71 100
162 71 100
162 71 100
162 71 100
163 71 1700
163 71 100
163 71 100
163 71 100
164 71 1900
164 71 100
164 71 100
164 71 100
165 71 2100
165 71 100
165 71 100
165 71 100
165 71 100
166 71 2400
166 71 100
166 71 100
167 71 2500
167 71 100
167 71 100
167 71 100
168 71 2700
168 71 100
168 71 100
169 71 2800
169 71 100
169 71 100
170 71 2900
170 71 100
170 71 100
171 71 3000
171 71 100
171 71 100
172 71 3100
172 71 100
173 71 3100
173 71 100
173 71 100
174 71 3200
174 71 100
175 71 3200
175 71 100
175 71 100
176 71 3300
176 71 100
177 71 3300
177 71 100
177 71 100
178 71 3400
178 71 100
178 71 100
179 71 3500
179 71 100
180 71 3500
180 71 100
181 71 3500
181 71 100
182 71 3500
182 71 100
183 71 3500
184 71 3500
185 71 3500
186 71 100
186 71 100
186 71 100
186 71 100
186 71 100
186 71 100
186 71 100
186 71 100
186 71 100
186 71 100
186 71 100
186 71 100
186 71 100
186 71 100
186 71 100
186 71 100
186 71 100
186 71 100
186 71 100
186 71 100
186 71 100
186 71 100
186 71 100
186 71 100
186 71 100
186 71 100
186 71 100
186 71 100
186 71 100
186 71 100
187 71 2900
188 71 2900
189 71 2900
190 71 100
190 71 100
190 71 100
190 71 100
190 71 100
190 71 100
190 71 100
190 71 100
190 71 100
190 71 100
190 71 100
190 71 100
190 71 100
190 71 100
190 71 100
190 71 100
190 71 100
190 71 100
190 71 100
190 71 100
190 71 100
190 71 100
191 71 2100
192 71 2100
193 71 2100
194 71 100
194 71 100
194 71 100
194 71 100
194 71 100
194 71 100
194 71 100
194 71 100
194 71 100
194 71 100
194 71 100
194 71 100
194 71 100
194 71 100
194 71 100
194 71 100
194 71 100
194 71 100
194 71 100
194 72 1800
194 72 100
194 73 1800
194 73 100
194 74 1800
194 75 1800
194 76 1800
194 77 100
194 77 100
194 77 100
194 77 100
194 77 100
194 77 100
194 77 100
194 77 100
194 77 100
194 77 100
194 77 100
194 77 100
194 77 100
194 77 100
194 77 100
194 78 1400
194 79 1400
194 80 1400
194 81 100
194 81 100
194 81 100
194 81 100
194 81 100
194 81 100
194 81 100
194 81 100
194 82 700
194 83 700
194 84 700
194 85 100
194 85 100
194 85 100
194 86 200
194 86 100
194 87 200
194 88 200
194 89 200
194 90 100
194 91 100
194 92 100
194 93 100
194 94 100
194 95 100
194 96 100
194 97 100
194 98 100
194 99 100
194 100 100
194 101 100
194 102 100
194 103 100
159 2 100
159 2 100
159 2 100
159 2 100
158 2 300
157 2 300
156 2 300
155 2 100
155 2 100
154 2 100
153 2 100
152 2 100
151 2 100
150 2 100
149 2 100
148 2 100
147 2 100
146 2 100
145 2 100
144 2 100
143 2 100
142 2 100
141 2 100
140 2 100
139 2 100
138 2 100
137 2 100
136 2 100
135 2 100
134 2 100
133 2 100
132 2 100
131 2 100
130 2 100
129 2 100
128 2 100
127 2 100
126 2 100
126 3 100
126 4 100
126 5 100
126 6 100
126 7 100
126 8 100
126 9 100
126 10 100
126 11 100
126 12 100
126 13 100
5 10 100
6 10 100
7 10 100
8 10 100
9 10 100
10 10 100
11 10 100
12 10 100
13 10 100
14 10 100
15 10 100
16 10 100
17 10 100
17 10 100
18 10 100
18 10 100
19 10 100
19 10 100
19 10 100
20 10 200
20 10 100
21 10 200
21 10 100
21 10 100
22 10 300
22 10 100
23 10 300
23 10 100
23 10 100
24 10 400
24 10 100
24 10 100
25 10 500
25 10 100
25 10 100
26 10 600
26 10 100
26 10 100
27 10 700
27 10 100
27 10 100
28 10 800
28 10 100
28 10 100
29 10 900
29 10 100
29 10 100
29 10 100
30 10 1100
30 10 100
30 10 100
31 10 1200
31 10 100
31 10 100
31 10 100
32 10 1400
32 10 100
32 10 100
32 10 100
33 10 1600
33 10 100
33 10 100
33 10 100
34 10 1800
34 10 100
34 10 100
34 10 100
35 10 2000
35 10 100
35 10 100
35 10 100
35 10 100
36 10 2300
36 10 100
36 10 100
36 10 100
36 10 100
37 10 2600
37 10 100
37 10 100
37 10 100
38 10 2800
38 10 100
38 10 100
38 10 100
38 10 100
39 10 3100
39 10 100
39 10 100
39 10 100
40 10 3300
40 10 100
40 10 100
40 10 100
41 10 3500
41 10 100
41 10 100
41 10 100
42 10 3700
42 10 100
42 10 100
43 10 3800
43 10 100
43 10 100
44 10 3900
45 10 3900
46 10 3900
47 10 100
47 10 100
47 10 100
47 10 100
47 10 100
47 10 100
47 10 100
47 10 100
47 10 100
47 10 100
47 10 100
47 10 100
47 10 100
47 10 100
47 10 100
47 10 100
47 10 100
47 10 100
47 10 100
47 10 100
47 10 100
47 10 100
47 10 100
47 10 100
47 10 100
47 10 100
47 10 100
47 10 100
47 10 100
47 10 100
47 10 100
47 10 100
47 10 100
47 10 100
47 10 100
47 10 100
48 10 3500
49 10 3500
50 10 3500
51 10 100
51 10 100
51 10 100
51 10 100
51 10 100
51 10 100
51 10 100
51 10 100
51 10 100
51 10 100
51 10 100
51 10 100
51 10 100
51 10 100
51 10 100
51 10 100
51 10 100
51 10 100
51 10 100
51 10 100
51 10 100
51 10 100
51 10 100
51 10 100
51 10 100
51 10 100
51 10 100
51 10 100
52 10 2700
53 10 2700
54 10 2700
55 10 100
55 10 100
55 10 100
55 10 100
55 10 100
55 10 100
55 10 100
55 10 100
55 10 100
55 10 100
55 10 100
55 10 100
55 10 100
55 10 100
55 10 100
55 10 100
55 10 100
55 10 100
55 10 100
55 10 100
55 10 100
55 10 100
56 10 2100
57 10 2100
58 10 2100
59 10 100
59 10 100
59 10 100
59 10 100
59 10 100
59 10 100
59 10 100
59 10 100
59 10 100
59 10 100
59 10 100
59 10 100
59 10 100
59 10 100
59 10 100
59 10 100
59 10 100
59 10 100
59 10 100
59 10 100
60 10 1900
60 10 100
61 10 1900
61 10 100
62 10 1900
62 10 100
63 10 1900
63 10 100
64 10 1900
65 10 1900
66 10 1900
67 10 100
67 10 100
67 10 100
67 10 100
67 10 100
67 10 100
67 10 100
67 10 100
67 10 100
67 10 100
67 10 100
67 10 100
67 10 100
67 10 100
68 10 1300
69 10 1300
70 10 1300
71 10 100
71 10 100
71 10 100
71 10 100
71 10 100
71 10 100
71 10 100
72 10 600
73 10 600
73 11 600
73 12 100
73 12 100
73 12 100
73 12 100
73 13 300
73 13 100
73 14 300
73 14 100
73 15 300
73 15 100
73 16 300
73 17 300
73 18 300
73 19 100
73 19 100
73 20 100
73 20 100
73 21 100
73 21 100
73 22 100
73 23 100
73 24 100
73 25 100
73 26 100
73 27 100
73 28 100
73 29 100
73 30 100
73 31 100
73 32 100
73 33 100
73 34 100
73 35 100
73 36 100
73 37 100
73 38 100
73 39 100
73 40 100
73 41 100
73 42 100
73 43 100
73 44 100
73 45 100
29 171 100
30 171 100
31 171 100
32 171 100
33 171 100
34 171 100
35 171 100
36 171 100
37 171 100
38 171 100
39 171 100
40 171 100
41 171 100
42 171 100
43 171 100
44 171 100
45 171 100
46 171 100
47 171 100
48 171 100
49 171 100
50 171 100
51 171 100
52 171 100
53 171 100
54 171 100
55 171 100
56 171 100
57 171 100
57 171 100
58 171 100
58 171 100
59 171 100
59 171 100
59 171 100
60 171 200
60 171 100
60 171 100
61 171 300
61 171 100
61 171 100
62 171 400
62 171 100
62 171 100
63 171 500
63 171 100
63 171 100
64 171 600
64 171 100
64 171 100
65 171 700
65 171 100
66 171 700
66 171 100
66 171 100
67 171 800
67 171 100
68 171 800
69 171 800
70 171 800
71 171 100
71 171 100
71 171 100
71 171 100
71 171 100
71 171 100
72 171 500
72 171 100
73 171 500
74 171 500
75 171 500
76 171 100
76 171 100
76 171 100
77 171 200
78 171 200
79 171 200
80 171 100
81 171 100
82 171 100
83 171 100
84 171 100
85 171 100
86 171 100
87 171 100
88 171 100
89 171 100
90 171 100
91 171 100
92 171 100
92 170 100
92 169 100
92 168 100
92 167 100
92 166 100
92 165 100
92 164 100
92 163 100
92 162 100
92 161 100
92 160 100
92 159 100
92 158 100
92 157 100
92 156 100
92 155 100
92 154 100
92 153 100
92 152 100
92 151 100
92 150 100
92 149 100
92 148 100
92 147 100
92 146 100
92 145 100
92 144 100
92 143 100
92 142 100
92 141 100
92 140 100
92 139 100
