99 58 120
98 58 120
97 58 120
96 58 120
95 58 120
94 58 120
93 58 120
92 58 120
91 58 120
90 58 120
89 58 120
88 58 120
87 58 120
86 58 120
85 58 120
84 58 120
83 58 120
82 58 120
81 58 120
80 58 120
79 58 120
78 58 120
77 58 120
76 58 120
75 58 120
74 58 120
73 58 120
72 58 120
71 58 120
70 58 120
69 58 120
68 58 120
67 58 120
66 58 120
65 58 120
64 58 120
64 58 120
63 58 120
63 58 120
62 58 120
62 58 120
61 58 120
61 58 120
60 58 120
60 58 120
59 58 120
59 58 120
58 58 120
58 58 120
57 58 120
57 58 120
56 58 120
55 58 120
54 58 120
53 58 120
52 58 120
51 58 120
50 58 120
49 58 120
48 58 120
47 58 120
46 58 120
45 58 120
44 58 120
43 58 120
42 58 120
41 58 120
40 58 120
39 58 120
38 58 120
37 58 120
37 58 120
36 58 120
36 58 120
35 58 120
35 58 120
35 58 120
34 58 240
34 58 120
33 58 240
33 58 120
33 58 120
32 58 360
32 58 120
32 58 120
32 58 120
31 58 600
31 58 120
31 58 120
31 58 120
30 58 840
30 58 120
30 58 120
30 58 120
29 58 1080
29 58 120
29 58 120
29 58 120
29 58 120
28 58 1440
28 58 120
28 58 120
28 58 120
28 58 120
27 58 1800
27 58 120
27 58 120
27 58 120
26 58 2040
26 58 120
26 58 120
26 58 120
25 58 2280
25 58 120
25 58 120
25 58 120
24 58 2520
24 58 120
24 58 120
23 58 2640
23 58 120
23 58 120
22 58 2760
22 58 120
21 58 2760
21 58 120
20 58 2760
20 58 120
19 58 2760
19 58 120
18 58 2760
17 58 2760
16 58 2760
15 58 120
15 58 120
15 58 120
15 58 120
15 58 120
15 58 120
15 58 120
15 58 120
15 58 120
15 58 120
15 58 120
15 58 120
15 58 120
15 58 120
15 58 120
15 58 120
15 58 120
15 58 120
15 58 120
15 58 120
15 58 120
14 58 2400
14 58 120
13 58 2400
12 58 2400
11 58 2400
10 58 120
10 58 120
10 58 120
10 58 120
10 58 120
10 58 120
10 58 120
10 58 120
10 58 120
10 58 120
10 58 120
10 58 120
10 58 120
10 58 120
10 58 120
10 58 120
10 58 120
10 58 120
10 58 120
10 58 120
9 58 2280
8 58 2280
7 58 2280
6 58 120
6 58 120
6 58 120
6 58 120
6 58 120
6 58 120
6 58 120
6 58 120
6 58 120
6 58 120
6 58 120
6 58 120
6 58 120
6 58 120
6 58 120
6 58 120
6 58 120
6 58 120
6 59 2040
6 60 2040
6 61 2040
6 62 120
6 62 120
6 62 120
6 62 120
6 62 120
6 62 120
6 62 120
6 62 120
6 62 120
6 62 120
6 62 120
6 62 120
6 63 1320
6 64 1320
6 65 1320
6 66 120
6 66 120
6 66 120
6 66 120
6 67 360
6 68 360
6 69 360
6 70 120
6 71 120
6 72 120
6 73 120
6 74 120
6 75 120
6 76 120
6 77 120
6 78 120
6 79 120
6 80 120
6 81 120
6 82 120
6 83 120
6 84 120
6 85 120
6 86 120
6 86 120
6 87 120
6 87 120
6 88 120
6 88 120
6 88 120
6 89 240
6 89 120
6 89 120
6 90 360
6 90 120
6 90 120
6 91 480
6 91 120
6 91 120
6 92 600
6 92 120
6 92 120
6 93 720
6 93 120
6 93 120
6 93 120
6 94 960
6 94 120
6 94 120
6 95 1080
6 95 120
6 95 120
6 96 1200
6 96 120
6 96 120
6 97 1320
6 97 120
6 98 1320
6 98 120
6 98 120
6 99 1440
6 99 120
6 100 1440
6 100 120
6 101 1440
6 102 1440
6 103 1440
6 104 120
6 104 120
6 104 120
6 104 120
6 104 120
6 104 120
6 104 120
6 104 120
6 105 840
6 106 840
6 107 840
6 108 120
6 108 120
6 108 120
6 108 120
6 108 120
6 109 480
6 109 120
6 110 480
6 111 480
6 112 480
6 113 120
6 113 120
6 114 120
6 114 120
6 115 120
6 116 120
6 117 120
6 118 120
6 119 120
6 120 120
6 121 120
6 122 120
6 123 120
6 124 120
6 125 120
6 126 120
6 127 120
6 128 120
6 129 120
6 130 120
6 131 120
6 132 120
6 133 120
6 134 120
6 135 120
6 136 120
6 137 120
6 138 120
6 139 120
6 140 120
6 141 120
6 142 120
6 143 120
6 144 120
6 145 120
6 146 120
6 147 120
6 148 120
6 149 120
6 150 120
6 150 120
6 151 120
6 151 120
6 152 120
6 152 120
6 153 120
6 153 120
6 154 120
6 155 120
6 156 120
6 157 120
6 158 120
6 159 120
6 160 120
6 161 120
6 162 120
6 163 120
6 164 120
6 165 120
6 166 120
6 167 120
6 168 120
6 169 120
6 170 120
6 171 120
6 172 120
6 173 120
6 174 120
6 175 120
6 176 120
35 57 120
35 56 120
35 55 120
35 54 120
35 53 120
35 52 120
35 51 120
35 50 120
100 58 120
101 58 120
102 58 120
103 58 120
104 58 120
105 58 120
106 58 120
107 58 120
108 58 120
109 58 120
110 58 120
111 58 120
112 58 120
113 58 120
114 58 120
115 58 120
116 58 120
117 58 120
118 58 120
119 58 120
119 59 120
119 60 120
119 61 120
119 62 120
119 63 120
119 64 120
119 65 120
119 66 120
119 67 120
119 68 120
119 68 120
119 69 120
119 69 120
119 70 120
119 70 120
119 70 120
119 71 240
119 71 120
119 71 120
119 72 360
119 72 120
119 72 120
119 73 480
119 73 120
119 73 120
119 74 600
119 74 120
119 74 120
119 75 720
119 75 120
119 75 120
119 76 840
119 76 120
119 77 840
119 77 120
119 78 840
119 79 840
119 80 840
119 81 120
119 81 120
119 81 120
119 81 120
119 82 360
119 83 360
119 84 360
119 85 120
119 86 120
119 87 120
119 88 120
119 89 120
119 90 120
119 91 120
119 92 120
119 93 120
119 94 120
119 95 120
119 96 120
119 97 120
119 98 120
119 99 120
119 100 120
119 101 120
119 102 120
119 103 120
119 104 120
119 105 120
119 106 120
119 107 120
119 108 120
119 109 120
119 110 120
119 111 120
119 112 120
119 113 120
119 114 120
119 115 120
120 115 120
121 115 120
122 115 120
123 115 120
124 115 120
125 115 120
126 115 120
127 115 120
128 115 120
129 115 120
130 115 120
130 115 120
131 115 120
131 115 120
131 115 120
132 115 240
132 115 120
132 115 120
132 115 120
133 115 480
133 115 120
133 115 120
133 115 120
134 115 720
134 115 120
134 115 120
134 115 120
135 115 960
135 115 120
135 115 120
135 115 120
136 115 1200
136 115 120
136 115 120
136 115 120
136 115 120
137 115 1560
137 115 120
137 115 120
137 115 120
138 115 1800
138 115 120
138 115 120
138 115 120
139 115 2040
139 115 120
139 115 120
139 115 120
140 115 2280
140 115 120
140 115 120
140 115 120
141 115 2520
141 115 120
141 115 120
141 115 120
142 115 2760
142 115 120
142 115 120
142 115 120
143 115 3000
143 115 120
143 115 120
144 115 3120
144 115 120
144 115 120
145 115 3240
145 115 120
146 115 3240
146 115 120
146 115 120
147 115 3360
147 115 120
148 115 3360
148 115 120
149 115 3360
150 115 3360
151 115 3360
152 115 120
152 115 120
152 115 120
152 115 120
152 115 120
152 115 120
152 115 120
152 115 120
152 115 120
152 115 120
152 115 120
152 115 120
152 115 120
152 115 120
152 115 120
152 115 120
152 115 120
152 115 120
152 115 120
152 115 120
152 115 120
152 115 120
152 115 120
152 115 120
152 115 120
152 115 120
153 115 3000
154 115 3000
155 115 3000
156 115 120
156 115 120
156 115 120
156 115 120
156 115 120
156 115 120
156 115 120
156 115 120
156 115 120
156 115 120
156 115 120
156 115 120
156 115 120
156 115 120
156 115 120
156 115 120
156 115 120
156 115 120
156 115 120
157 115 2160
158 115 2160
159 115 2160
160 115 120
160 115 120
160 115 120
160 115 120
160 115 120
160 115 120
160 115 120
160 115 120
160 115 120
160 115 120
160 115 120
160 115 120
161 115 1320
162 115 1320
163 115 1320
164 115 120
164 115 120
164 115 120
164 115 120
164 115 120
164 115 120
164 115 120
165 115 720
165 116 720
165 117 720
165 118 120
165 118 120
165 118 120
165 119 240
165 120 240
165 121 240
165 122 120
165 123 120
165 124 120
165 125 120
165 126 120
165 127 120
165 128 120
165 129 120
165 130 120
165 131 120
165 132 120
165 133 120
165 134 120
165 135 120
165 136 120
165 137 120
165 138 120
165 139 120
165 139 120
165 140 120
165 140 120
165 140 120
165 141 240
165 141 120
165 141 120
165 142 360
165 142 120
165 142 120
165 143 480
165 143 120
165 143 120
165 143 120
165 144 720
165 144 120
165 144 120
165 144 120
165 145 960
165 145 120
165 145 120
165 145 120
165 145 120
165 146 1320
165 146 120
165 146 120
165 146 120
165 147 1560
165 147 120
165 147 120
165 147 120
165 148 1800
165 148 120
165 148 120
165 148 120
165 149 2040
165 149 120
165 149 120
165 150 2160
165 150 120
165 151 2160
165 152 2160
165 153 2160
165 154 120
165 154 120
165 154 120
165 154 120
165 154 120
165 154 120
165 154 120
165 154 120
165 154 120
165 154 120
165 154 120
165 154 120
165 154 120
165 154 120
165 155 1560
165 156 1560
165 157 1560
165 158 120
165 158 120
165 158 120
165 158 120
165 158 120
165 159 480
165 160 480
165 161 480
165 162 120
165 163 120
165 164 120
165 165 120
165 166 120
165 167 120
164 167 120
163 167 120
162 167 120
161 167 120
160 167 120
159 167 120
158 167 120
157 167 120
156 167 120
155 167 120
154 167 120
153 167 120
152 167 120
152 167 120
151 167 120
151 167 120
150 167 120
150 167 120
150 167 120
149 167 240
149 167 120
148 167 240
148 167 120
148 167 120
147 167 360
147 167 120
146 167 360
146 167 120
145 167 360
145 167 120
144 167 360
143 167 360
142 167 360
141 167 120
140 167 120
139 167 120
138 167 120
137 167 120
136 167 120
135 167 120
134 167 120
133 167 120
132 167 120
131 167 120
130 167 120
129 167 120
128 167 120
127 167 120
126 167 120
125 167 120
124 167 120
123 167 120
122 167 120
121 167 120
121 167 120
120 167 120
120 167 120
119 167 120
119 167 120
119 167 120
118 167 240
118 167 120
118 167 120
117 167 360
117 167 120
116 167 360
116 167 120
116 167 120
115 167 480
115 167 120
114 167 480
114 167 120
113 167 480
112 167 480
111 167 480
110 167 120
110 167 120
110 167 120
109 167 240
108 167 240
107 167 240
106 167 120
105 167 120
104 167 120
103 167 120
102 167 120
102 168 120
102 169 120
102 170 120
102 171 120
102 172 120
102 172 120
102 173 120
102 173 120
102 174 120
102 174 120
102 175 120
102 175 120
102 176 120
102 176 120
102 177 120
102 177 120
102 178 120
102 178 120
102 179 120
102 179 120
102 180 120
102 181 120
102 182 120
102 183 120
102 184 120
102 185 120
102 186 120
102 187 120
102 188 120
102 189 120
102 190 120
102 191 120
102 192 120
102 193 120
102 194 120
102 195 120
102 196 120
102 197 120
102 198 120
102 199 120
