182 182 120
182 182 120
181 182 120
181 182 120
181 182 120
180 182 240
180 182 120
179 182 240
179 182 120
179 182 120
178 182 360
178 182 120
177 182 360
177 182 120
177 182 120
177 182 120
176 182 600
176 182 120
176 182 120
175 182 720
175 182 120
175 182 120
174 182 840
174 182 120
174 182 120
174 182 120
173 182 1080
173 182 120
173 182 120
172 182 1200
172 182 120
172 182 120
171 182 1320
171 182 120
171 182 120
170 182 1440
170 182 120
170 182 120
169 182 1560
169 182 120
169 182 120
168 182 1680
168 182 120
167 182 1680
167 182 120
167 182 120
166 182 1800
166 182 120
166 182 120
165 182 1920
165 182 120
165 182 120
165 182 120
164 182 2160
164 182 120
164 182 120
164 182 120
163 182 2400
163 182 120
163 182 120
163 182 120
162 182 2640
162 182 120
162 182 120
162 182 120
161 182 2880
161 182 120
161 182 120
160 182 3000
160 182 120
160 182 120
159 182 3120
159 182 120
159 182 120
158 182 3240
158 182 120
158 182 120
157 182 3360
157 182 120
157 182 120
156 182 3480
156 182 120
156 182 120
155 182 3600
155 182 120
154 182 3600
153 182 3600
152 182 3600
151 182 120
151 182 120
151 182 120
151 182 120
151 182 120
151 182 120
151 182 120
151 182 120
151 182 120
151 182 120
151 182 120
151 182 120
151 182 120
151 182 120
151 182 120
151 182 120
151 182 120
151 182 120
151 182 120
151 182 120
151 182 120
151 182 120
151 182 120
150 182 2640
149 182 2640
148 182 2640
147 182 120
147 182 120
147 182 120
147 182 120
147 182 120
147 182 120
147 182 120
147 182 120
147 182 120
147 182 120
146 182 1080
145 182 1080
144 182 1080
143 182 120
143 182 120
143 182 120
143 181 240
143 181 120
143 181 120
143 180 360
143 180 120
143 180 120
143 179 480
143 179 120
143 178 480
143 178 120
143 178 120
143 177 600
143 177 120
143 176 600
143 176 120
143 175 600
143 175 120
143 174 600
143 174 120
143 174 120
143 173 720
143 173 120
143 172 720
143 172 120
143 171 720
143 171 120
143 170 720
143 170 120
143 170 120
143 169 840
143 169 120
143 168 840
143 168 120
143 168 120
143 167 960
143 167 120
143 166 960
143 166 120
143 166 120
143 165 1080
143 165 120
143 164 1080
143 164 120
143 164 120
143 163 1200
143 163 120
143 162 1200
143 162 120
143 161 1200
143 160 1200
143 159 1200
143 158 120
143 158 120
143 158 120
143 158 120
143 158 120
143 158 120
143 158 120
143 157 720
143 156 720
143 155 720
143 154 120
143 154 120
143 154 120
143 154 120
143 153 360
143 152 360
143 151 360
143 150 120
143 150 120
143 149 120
143 148 120
143 147 120
143 146 120
143 145 120
143 144 120
143 143 120
143 142 120
143 141 120
143 140 120
143 139 120
143 138 120
143 137 120
143 136 120
143 135 120
143 134 120
143 133 120
143 132 120
143 131 120
162 22 120
161 22 120
160 22 120
159 22 120
158 22 120
157 22 120
156 22 120
155 22 120
154 22 120
153 22 120
152 22 120
151 22 120
150 22 120
149 22 120
148 22 120
147 22 120
146 22 120
145 22 120
145 22 120
144 22 120
144 22 120
143 22 120
143 22 120
143 23 120
143 23 120
143 23 120
143 24 240
143 24 120
143 25 240
143 25 120
143 26 240
143 26 120
143 27 240
143 27 120
143 28 240
143 28 120
143 28 120
143 29 360
143 29 120
143 30 360
143 30 120
143 30 120
143 31 480
143 31 120
143 32 480
143 32 120
143 32 120
143 33 600
143 33 120
143 33 120
143 34 720
143 34 120
143 34 120
143 35 840
143 35 120
143 35 120
143 36 960
143 36 120
143 36 120
143 37 1080
143 38 1080
143 39 1080
143 40 120
143 40 120
143 40 120
143 40 120
143 40 120
143 40 120
143 41 600
143 42 600
143 43 600
143 44 120
143 44 120
143 44 120
143 45 240
143 45 120
143 46 240
143 47 240
143 48 240
143 49 120
143 49 120
143 50 120
143 50 120
143 51 120
143 51 120
143 52 120
143 52 120
143 53 120
143 53 120
143 54 120
143 54 120
143 55 120
143 55 120
143 56 120
143 56 120
143 57 120
143 57 120
143 58 120
143 58 120
143 59 120
143 59 120
143 60 120
143 60 120
143 61 120
143 61 120
143 62 120
143 62 120
143 62 120
143 63 240
143 63 120
143 64 240
143 64 120
143 65 240
143 65 120
143 65 120
143 66 360
143 66 120
143 67 360
143 67 120
143 67 120
143 68 480
143 68 120
143 69 480
143 69 120
143 69 120
143 70 600
143 70 120
143 70 120
143 71 720
143 71 120
143 72 720
143 72 120
143 72 120
143 73 840
143 73 120
143 74 840
143 75 840
143 76 840
143 77 120
143 77 120
143 77 120
143 77 120
143 77 120
143 77 120
143 78 600
143 79 600
143 80 600
143 81 120
143 81 120
143 81 120
143 81 120
143 82 360
143 82 120
143 83 360
143 83 120
143 84 360
143 84 120
143 84 120
143 85 480
143 85 120
143 86 480
143 86 120
143 87 480
143 87 120
143 88 480
143 88 120
143 89 480
143 90 480
143 91 480
143 92 120
143 92 120
143 93 120
143 93 120
143 94 120
143 94 120
143 95 120
143 95 120
143 96 120
143 96 120
143 97 120
143 97 120
143 98 120
143 98 120
143 99 120
143 99 120
143 100 120
143 100 120
143 100 120
143 101 240
143 101 120
143 102 240
143 102 120
143 103 240
143 103 120
143 103 120
143 104 360
143 104 120
143 105 360
143 105 120
143 106 360
143 106 120
143 107 360
143 107 120
143 107 120
143 108 480
143 108 120
143 109 480
143 109 120
143 109 120
143 110 600
143 110 120
143 111 600
143 111 120
143 111 120
143 112 720
143 112 120
143 112 120
143 113 840
143 113 120
143 113 120
143 114 960
143 114 120
143 115 960
143 115 120
143 116 960
143 117 960
143 118 960
143 119 120
143 119 120
143 119 120
143 119 120
143 120 360
143 121 360
143 122 360
143 123 120
143 123 120
143 124 120
143 124 120
143 125 120
143 125 120
143 126 120
143 126 120
143 127 120
143 127 120
143 128 120
143 129 120
143 130 120
