65 199 120
66 199 120
67 199 120
68 199 120
69 199 120
70 199 120
71 199 120
72 199 120
73 199 120
74 199 120
75 199 120
76 199 120
77 199 120
78 199 120
79 199 120
80 199 120
81 199 120
82 199 120
83 199 120
84 199 120
85 199 120
86 199 120
87 199 120
88 199 120
89 199 120
90 199 120
91 199 120
92 199 120
93 199 120
94 199 120
95 199 120
96 199 120
97 199 120
98 199 120
99 199 120
100 199 120
101 199 120
102 199 120
103 199 120
104 199 120
105 199 120
106 199 120
107 199 120
108 199 120
109 199 120
110 199 120
111 199 120
112 199 120
113 199 120
113 199 120
114 199 120
114 199 120
115 199 120
115 199 120
115 199 120
116 199 240
116 199 120
117 199 240
117 199 120
118 199 240
118 199 120
119 199 240
119 199 120
120 199 240
120 199 120
121 199 240
121 199 120
122 199 240
122 199 120
123 199 240
123 199 120
124 199 240
124 199 120
125 199 240
125 199 120
126 199 240
126 199 120
127 199 240
127 199 120
128 199 240
128 199 120
128 199 120
129 199 360
129 199 120
130 199 360
130 199 120
130 199 120
131 199 480
131 199 120
132 199 480
132 199 120
133 199 480
133 199 120
134 199 480
134 199 120
135 199 480
135 199 120
136 199 480
136 199 120
137 199 480
137 199 120
138 199 480
138 199 120
139 199 480
139 199 120
140 199 480
140 199 120
140 199 120
141 199 600
141 199 120
141 199 120
142 199 720
142 199 120
143 199 720
143 199 120
143 199 120
144 199 840
144 199 120
145 199 840
146 199 840
147 199 840
148 199 120
148 199 120
148 199 120
148 199 120
148 199 120
149 199 480
149 199 120
150 199 480
151 199 480
152 199 480
153 199 120
153 199 120
153 199 120
154 199 240
154 199 120
155 199 240
155 199 120
156 199 240
156 199 120
157 199 240
157 199 120
158 199 240
158 199 120
159 199 240
159 199 120
159 199 120
160 199 360
160 199 120
161 199 360
161 199 120
162 199 360
162 199 120
163 199 360
163 199 120
164 199 360
164 199 120
165 199 360
165 199 120
166 199 360
166 199 120
167 199 360
168 199 360
169 199 360
170 199 120
170 199 120
171 199 120
171 199 120
172 199 120
173 199 120
174 199 120
175 199 120
176 199 120
177 199 120
178 199 120
179 199 120
180 199 120
181 199 120
182 199 120
183 199 120
184 199 120
185 199 120
186 199 120
187 199 120
188 199 120
188 198 120
188 197 120
188 196 120
188 195 120
188 194 120
188 193 120
188 192 120
188 191 120
188 190 120
188 189 120
188 188 120
188 187 120
188 186 120
188 185 120
188 184 120
188 183 120
188 182 120
188 181 120
188 180 120
188 179 120
188 178 120
188 177 120
188 176 120
188 175 120
106 198 120
106 197 120
106 196 120
106 195 120
106 194 120
106 193 120
106 192 120
106 191 120
106 190 120
106 189 120
106 188 120
173 157 120
173 157 120
174 157 120
174 157 120
174 157 120
175 157 240
175 157 120
176 157 240
176 157 120
177 157 240
177 157 120
178 157 240
178 157 120
179 157 240
179 157 120
180 157 240
180 157 120
181 157 240
181 157 120
182 157 240
183 157 240
184 157 240
185 157 120
186 157 120
187 157 120
188 157 120
188 158 120
188 159 120
188 160 120
188 161 120
188 162 120
188 163 120
188 164 120
188 165 120
188 166 120
188 167 120
188 168 120
188 169 120
188 170 120
188 171 120
188 172 120
188 173 120
188 174 120
160 6 120
161 6 120
162 6 120
163 6 120
164 6 120
165 6 120
166 6 120
167 6 120
168 6 120
169 6 120
170 6 120
171 6 120
172 6 120
173 6 120
174 6 120
175 6 120
176 6 120
177 6 120
178 6 120
179 6 120
180 6 120
180 7 120
180 8 120
180 9 120
180 10 120
180 11 120
180 12 120
180 13 120
180 14 120
180 15 120
180 16 120
180 17 120
180 18 120
180 19 120
180 20 120
180 21 120
180 22 120
180 23 120
180 24 120
180 25 120
180 26 120
180 27 120
180 28 120
180 29 120
180 30 120
180 31 120
180 32 120
180 33 120
180 34 120
180 35 120
180 36 120
180 37 120
180 38 120
180 39 120
180 40 120
180 41 120
180 42 120
180 43 120
159 6 120
158 6 120
157 6 120
156 6 120
155 6 120
154 6 120
153 6 120
152 6 120
151 6 120
150 6 120
149 6 120
148 6 120
147 6 120
146 6 120
145 6 120
144 6 120
143 6 120
142 6 120
141 6 120
140 6 120
139 6 120
138 6 120
137 6 120
136 6 120
135 6 120
134 6 120
133 6 120
132 6 120
131 6 120
130 6 120
129 6 120
128 6 120
127 6 120
126 6 120
125 6 120
124 6 120
123 6 120
122 6 120
121 6 120
120 6 120
119 6 120
118 6 120
117 6 120
116 6 120
115 6 120
114 6 120
113 6 120
112 6 120
111 6 120
110 6 120
109 6 120
108 6 120
107 6 120
106 6 120
105 6 120
104 6 120
103 6 120
103 5 120
103 4 120
104 4 120
105 4 120
106 4 120
107 4 120
108 4 120
109 4 120
110 4 120
111 4 120
112 4 120
113 4 120
114 4 120
115 4 120
116 4 120
117 4 120
118 4 120
119 4 120
120 4 120
121 4 120
122 4 120
122 5 120
122 7 120
122 8 120
122 9 120
122 10 120
122 11 120
122 12 120
122 13 120
122 14 120
122 15 120
122 16 120
122 17 120
122 18 120
122 19 120
122 20 120
122 21 120
122 22 120
122 23 120
122 24 120
122 25 120
122 26 120
122 27 120
122 28 120
122 29 120
122 30 120
122 31 120
122 32 120
121 32 120
120 32 120
119 32 120
118 32 120
117 32 120
116 32 120
115 32 120
114 32 120
113 32 120
112 32 120
111 32 120
110 32 120
109 32 120
108 32 120
108 33 120
108 34 120
108 35 120
108 36 120
108 37 120
108 38 120
108 39 120
108 40 120
108 41 120
108 42 120
108 43 120
108 44 120
108 45 120
108 46 120
108 47 120
108 48 120
108 49 120
108 50 120
108 51 120
108 52 120
108 53 120
108 54 120
108 55 120
107 55 120
106 55 120
105 55 120
104 55 120
103 55 120
102 55 120
101 55 120
100 55 120
99 55 120
98 55 120
97 55 120
96 55 120
95 55 120
94 55 120
93 55 120
92 55 120
91 55 120
90 55 120
89 55 120
88 55 120
87 55 120
86 55 120
85 55 120
84 55 120
84 56 120
84 57 120
84 58 120
84 59 120
84 60 120
83 60 120
82 60 120
81 60 120
81 60 120
80 60 120
80 60 120
79 60 120
79 60 120
78 60 120
78 60 120
77 60 120
77 60 120
76 60 120
76 60 120
75 60 120
75 60 120
74 60 120
74 60 120
73 60 120
73 60 120
72 60 120
72 60 120
71 60 120
71 60 120
70 60 120
70 60 120
69 60 120
69 60 120
68 60 120
68 60 120
68 60 120
67 60 240
67 60 120
66 60 240
66 60 120
66 60 120
65 60 360
65 60 120
65 60 120
64 60 480
64 60 120
63 60 480
63 60 120
63 60 120
62 60 600
62 60 120
61 60 600
61 60 120
60 60 600
60 60 120
59 60 600
59 60 120
58 60 600
57 60 600
56 60 600
55 60 120
55 60 120
55 60 120
55 60 120
54 60 360
54 60 120
53 60 360
53 60 120
52 60 360
52 60 120
51 60 360
51 60 120
50 60 360
50 60 120
49 60 360
49 60 120
49 60 120
48 60 480
48 60 120
47 60 480
47 60 120
47 60 120
46 60 600
46 60 120
45 60 600
45 60 120
44 60 600
44 60 120
44 59 600
44 59 120
44 58 600
44 58 120
44 57 600
44 56 600
44 55 600
44 54 120
44 54 120
44 54 120
44 54 120
44 54 120
44 53 480
44 53 120
44 52 480
44 52 120
44 51 480
44 51 120
44 50 480
44 50 120
44 49 480
44 49 120
44 48 480
44 48 120
44 47 480
44 47 120
44 47 120
44 46 600
44 46 120
44 46 120
44 45 720
44 45 120
44 45 120
44 44 840
44 44 120
44 44 120
44 44 120
44 43 1080
44 43 120
44 43 120
44 43 120
44 42 1320
44 42 120
44 42 120
44 42 120
44 41 1560
44 41 120
44 41 120
44 41 120
44 40 1800
44 40 120
44 40 120
64 199 1920
63 199 1920
62 199 1920
61 199 120
60 199 120
59 199 120
58 199 120
57 199 120
56 199 120
55 199 120
54 199 120
53 199 120
52 199 120
51 199 120
50 199 120
49 199 120
48 199 120
47 199 120
46 199 120
45 199 120
44 199 120
43 199 120
42 199 120
41 199 120
40 199 120
39 199 120
38 199 120
37 199 120
37 199 120
36 199 120
36 199 120
35 199 120
35 199 120
34 199 120
34 199 120
33 199 120
33 199 120
33 199 120
32 199 240
32 199 120
31 199 240
31 199 120
30 199 240
30 199 120
29 199 240
28 199 240
27 199 240
26 199 120
26 199 120
25 199 120
25 199 120
24 199 120
24 199 120
24 199 120
23 199 240
23 199 120
22 199 240
22 199 120
21 199 240
21 199 120
21 199 120
20 199 360
20 199 120
19 199 360
19 199 120
18 199 360
18 199 120
17 199 360
16 199 360
15 199 360
14 199 120
14 199 120
14 199 120
13 199 240
13 199 120
12 199 240
12 199 120
11 199 240
11 199 120
11 199 120
10 199 360
10 199 120
10 198 360
10 198 120
10 198 120
10 197 480
10 197 120
10 196 480
10 196 120
10 196 120
10 195 600
10 195 120
10 194 600
10 194 120
10 193 600
10 192 600
10 191 600
10 190 120
10 190 120
10 190 120
10 190 120
10 190 120
10 189 480
10 189 120
10 188 480
10 188 120
10 187 480
10 187 120
10 187 120
10 186 600
10 186 120
10 186 120
10 185 720
10 185 120
10 184 720
10 184 120
10 184 120
10 183 840
10 183 120
10 183 120
10 182 960
10 182 120
10 181 960
10 181 120
10 180 960
10 180 120
10 179 960
10 179 120
10 178 960
10 178 120
10 177 960
10 177 120
10 176 960
10 176 120
10 176 120
10 175 1080
10 175 120
10 174 1080
10 174 120
10 174 120
10 174 120
10 173 1320
10 173 120
10 173 120
10 172 1440
10 172 120
10 172 120
10 172 120
