154 188 120
153 188 120
152 188 120
151 188 120
150 188 120
149 188 120
148 188 120
147 188 120
146 188 120
145 188 120
144 188 120
143 188 120
142 188 120
141 188 120
140 188 120
140 188 120
139 188 120
139 188 120
138 188 120
138 188 120
138 188 120
137 188 240
137 188 120
137 188 120
136 188 360
136 188 120
136 188 120
135 188 480
135 188 120
134 188 480
134 188 120
134 188 120
133 188 600
133 188 120
132 188 600
132 188 120
131 188 600
131 188 120
130 188 600
130 188 120
129 188 600
128 188 600
127 188 600
126 188 120
126 188 120
126 188 120
126 188 120
125 188 360
124 188 360
123 188 360
122 188 120
122 188 120
122 188 120
121 188 240
121 188 120
120 188 240
120 188 120
120 188 120
119 188 360
119 188 120
118 188 360
118 188 120
118 188 120
117 188 480
117 188 120
117 188 120
116 188 600
116 188 120
115 188 600
115 188 120
115 188 120
114 188 720
114 188 120
114 188 120
113 188 840
113 188 120
113 188 120
112 188 960
112 188 120
111 188 960
111 188 120
111 188 120
110 188 1080
110 188 120
110 188 120
110 188 120
109 188 1320
109 188 120
109 188 120
109 188 120
108 188 1560
108 188 120
108 188 120
108 188 120
107 188 1800
107 188 120
107 188 120
107 188 120
107 188 120
106 188 2160
106 188 120
106 188 120
106 188 120
106 188 120
105 188 2520
105 188 120
105 188 120
105 188 120
105 188 120
105 188 120
104 188 3000
104 188 120
104 188 120
104 188 120
103 188 3240
103 188 120
103 188 120
103 188 120
103 188 120
102 188 3600
102 188 120
102 188 120
102 188 120
101 188 3840
101 188 120
101 188 120
101 188 120
100 188 4080
100 188 120
100 188 120
99 188 4200
99 188 120
98 188 4200
98 188 120
97 188 4200
96 188 4200
95 188 4200
94 188 120
94 188 120
94 188 120
94 188 120
94 188 120
94 188 120
94 188 120
94 188 120
94 188 120
94 188 120
94 188 120
94 188 120
94 188 120
94 188 120
94 188 120
94 188 120
94 188 120
94 188 120
94 188 120
94 188 120
94 188 120
94 188 120
94 188 120
94 188 120
94 188 120
94 188 120
94 188 120
94 188 120
93 188 3240
92 188 3240
91 188 3240
90 188 120
90 188 120
90 188 120
90 188 120
90 188 120
90 188 120
90 188 120
90 188 120
90 188 120
90 188 120
90 188 120
90 188 120
90 188 120
90 188 120
89 188 1560
88 188 1560
87 188 1560
86 188 120
86 188 120
86 188 120
86 188 120
85 188 360
84 188 360
83 188 360
82 188 120
81 188 120
80 188 120
79 188 120
78 188 120
77 188 120
76 188 120
75 188 120
74 188 120
73 188 120
72 188 120
71 188 120
70 188 120
69 188 120
68 188 120
67 188 120
66 188 120
65 188 120
64 188 120
63 188 120
62 188 120
61 188 120
61 188 120
60 188 120
60 188 120
60 188 120
59 188 240
59 188 120
58 188 240
58 188 120
58 188 120
58 188 120
57 188 480
57 188 120
57 188 120
57 188 120
56 188 720
56 188 120
56 188 120
56 188 120
55 188 960
55 188 120
55 188 120
55 188 120
55 188 120
54 188 1320
54 188 120
54 188 120
54 188 120
54 188 120
53 188 1680
53 188 120
53 188 120
53 188 120
53 188 120
52 188 2040
52 188 120
52 188 120
52 188 120
51 188 2280
51 188 120
51 188 120
51 188 120
51 188 120
50 188 2640
50 188 120
50 188 120
49 188 2760
49 188 120
49 188 120
49 188 120
48 188 3000
48 188 120
48 188 120
47 188 3120
47 188 120
46 188 3120
46 188 120
45 188 3120
45 188 120
44 188 3120
43 188 3120
42 188 3120
41 188 120
41 188 120
41 188 120
41 188 120
41 188 120
41 188 120
41 188 120
41 188 120
41 188 120
41 188 120
41 188 120
41 188 120
41 188 120
41 188 120
41 188 120
41 188 120
41 188 120
41 188 120
41 188 120
41 188 120
40 188 2280
39 188 2280
38 188 2280
37 188 120
37 188 120
37 188 120
37 188 120
37 188 120
37 188 120
37 188 120
37 188 120
37 188 120
37 188 120
37 188 120
37 188 120
37 188 120
37 188 120
36 188 1560
35 188 1560
34 188 1560
33 188 120
33 188 120
33 188 120
33 188 120
33 188 120
33 188 120
33 188 120
33 188 120
33 188 120
33 188 120
32 188 1080
31 188 1080
30 188 1080
29 188 120
29 188 120
29 188 120
29 188 120
29 188 120
29 188 120
29 188 120
28 188 720
27 188 720
26 188 720
25 188 120
25 188 120
25 188 120
25 188 120
25 188 120
24 188 480
24 188 120
23 188 480
22 188 480
21 188 480
20 188 120
20 188 120
20 188 120
20 188 120
19 188 360
19 188 120
18 188 360
18 188 120
18 188 120
17 188 480
17 188 120
16 188 480
16 188 120
15 188 480
15 188 120
15 188 120
14 188 600
14 188 120
13 188 600
13 188 120
12 188 600
12 188 120
12 188 120
11 188 720
11 188 120
10 188 720
9 188 720
8 188 720
7 188 120
7 188 120
7 188 120
7 188 120
6 188 360
5 188 360
4 188 360
3 188 120
3 188 120
2 188 120
2 187 120
2 186 120
2 185 120
2 184 120
2 183 120
134 38 120
133 38 120
132 38 120
131 38 120
130 38 120
129 38 120
128 38 120
127 38 120
126 38 120
126 38 120
125 38 120
125 38 120
124 38 120
124 38 120
124 38 120
123 38 240
123 38 120
123 38 120
122 38 360
122 38 120
121 38 360
121 38 120
121 38 120
120 38 480
120 38 120
120 38 120
119 38 600
119 38 120
119 38 120
118 38 720
118 38 120
117 38 720
117 38 120
116 38 720
116 38 120
115 38 720
114 38 720
113 38 720
112 38 120
112 38 120
112 38 120
112 38 120
111 38 360
110 38 360
110 39 360
110 40 120
110 40 120
110 40 120
110 41 240
110 41 120
110 42 240
110 42 120
110 43 240
110 43 120
110 44 240
110 44 120
110 45 240
110 45 120
110 46 240
110 46 120
110 47 240
110 47 120
110 48 240
110 48 120
110 49 240
110 49 120
110 50 240
110 50 120
110 51 240
110 51 120
110 52 240
110 53 240
110 54 240
110 55 120
110 55 120
110 56 120
110 56 120
110 57 120
110 58 120
110 59 120
110 60 120
110 61 120
110 62 120
110 63 120
110 64 120
110 65 120
110 66 120
110 67 120
110 68 120
110 69 120
135 38 120
136 38 120
137 38 120
138 38 120
139 38 120
140 38 120
141 38 120
142 38 120
143 38 120
144 38 120
145 38 120
146 38 120
147 38 120
148 38 120
149 38 120
150 38 120
151 38 120
151 38 120
152 38 120
152 38 120
153 38 120
153 38 120
154 38 120
154 38 120
155 38 120
155 38 120
156 38 120
156 38 120
157 38 120
157 38 120
158 38 120
158 38 120
159 38 120
159 38 120
160 38 120
160 38 120
161 38 120
161 38 120
162 38 120
162 38 120
163 38 120
163 38 120
163 38 120
163 37 240
163 37 120
163 36 240
163 36 120
163 35 240
163 35 120
163 34 240
163 34 120
163 33 240
163 33 120
163 32 240
163 31 240
163 30 240
163 29 120
163 29 120
163 28 120
163 28 120
163 27 120
163 27 120
163 26 120
163 26 120
163 25 120
163 25 120
163 24 120
163 23 120
163 22 120
163 22 120
163 21 120
163 21 120
163 20 120
163 20 120
163 19 120
163 19 120
163 18 120
163 18 120
163 17 120
163 17 120
163 17 120
163 16 240
163 16 120
163 15 240
163 15 120
163 14 240
163 14 120
163 13 240
163 13 120
163 13 120
163 12 360
163 12 120
163 11 360
163 11 120
163 10 360
163 10 120
163 9 360
163 9 120
163 8 360
163 8 120
163 7 360
163 7 120
109 38 360
108 38 360
107 38 360
106 38 120
105 38 120
104 38 120
103 38 120
102 38 120
101 38 120
100 38 120
99 38 120
98 38 120
97 38 120
97 38 120
96 38 120
96 38 120
95 38 120
95 38 120
95 38 120
95 38 120
94 38 360
94 38 120
94 38 120
94 38 120
93 38 600
93 38 120
93 38 120
93 38 120
93 38 120
92 38 960
92 38 120
92 38 120
92 38 120
92 38 120
92 38 120
91 38 1440
91 38 120
91 38 120
91 38 120
91 38 120
91 38 120
90 38 1920
90 38 120
90 38 120
90 38 120
90 38 120
90 38 120
90 38 120
89 38 2520
89 38 120
89 38 120
89 38 120
89 38 120
88 38 2880
88 38 120
88 38 120
88 38 120
88 38 120
87 38 3240
87 38 120
87 38 120
87 38 120
86 38 3480
86 38 120
86 38 120
86 38 120
85 38 3720
85 38 120
85 38 120
84 38 3840
84 38 120
84 38 120
83 38 3960
83 38 120
83 38 120
82 38 4080
82 38 120
81 38 4080
81 38 120
80 38 4080
80 38 120
79 38 4080
79 38 120
78 38 4080
78 38 120
77 38 4080
76 38 4080
75 38 4080
74 38 120
74 38 120
74 38 120
74 38 120
74 38 120
74 38 120
74 38 120
74 38 120
74 38 120
74 38 120
74 38 120
74 38 120
74 38 120
74 38 120
74 38 120
74 38 120
74 38 120
74 38 120
74 38 120
74 38 120
74 38 120
74 38 120
74 38 120
74 38 120
74 38 120
74 38 120
74 38 120
74 38 120
74 38 120
74 38 120
73 38 3480
72 38 3480
71 38 3480
70 38 120
70 38 120
70 38 120
70 38 120
70 38 120
70 38 120
70 38 120
70 38 120
70 38 120
70 38 120
70 38 120
70 38 120
70 38 120
70 38 120
70 38 120
70 38 120
70 38 120
70 38 120
69 38 2040
68 38 2040
67 38 2040
66 38 120
66 38 120
66 38 120
66 38 120
66 38 120
66 38 120
66 38 120
66 38 120
65 38 840
64 38 840
63 38 840
62 38 120
62 38 120
62 38 120
62 38 120
62 38 120
62 38 120
62 38 120
62 38 120
62 37 840
62 37 120
62 37 120
62 36 960
62 36 120
62 36 120
62 35 1080
62 35 120
62 35 120
62 34 1200
62 34 120
62 33 1200
62 33 120
62 32 1200
62 31 1200
62 30 1200
62 29 120
62 29 120
62 29 120
62 29 120
62 29 120
62 29 120
62 28 600
62 27 600
62 26 600
62 25 120
62 25 120
62 24 120
62 23 120
62 22 120
62 21 120
62 20 120
62 19 120
62 18 120
62 17 120
62 16 120
62 15 120
62 14 120
62 13 120
62 12 120
62 11 120
62 10 120
62 9 120
61 9 120
60 9 120
59 9 120
58 9 120
57 9 120
56 9 120
55 9 120
54 9 120
53 9 120
52 9 120
51 9 120
50 9 120
49 9 120
48 9 120
47 9 120
46 9 120
45 9 120
45 9 120
44 9 120
44 9 120
43 9 120
43 9 120
42 9 120
42 9 120
42 9 120
41 9 240
41 9 120
40 9 240
40 9 120
39 9 240
39 9 120
38 9 240
38 9 120
37 9 240
37 9 120
36 9 240
36 9 120
35 9 240
35 9 120
34 9 240
34 9 120
33 9 240
33 9 120
32 9 240
32 9 120
31 9 240
30 9 240
29 9 240
28 9 120
28 9 120
27 9 120
27 9 120
26 9 120
26 9 120
25 9 120
25 9 120
24 9 120
24 9 120
23 9 120
23 9 120
22 9 120
22 9 120
21 9 120
21 9 120
20 9 120
20 9 120
20 9 120
19 9 240
19 9 120
19 9 120
18 9 360
18 9 120
18 9 120
17 9 480
17 9 120
17 9 120
17 9 120
16 9 720
16 9 120
16 9 120
16 9 120
15 9 960
15 9 120
15 9 120
14 9 1080
14 9 120
14 9 120
13 9 1200
13 9 120
13 9 120
12 9 1320
12 9 120
11 9 1320
11 9 120
10 9 1320
9 9 1320
8 9 1320
7 9 120
7 9 120
7 9 120
7 9 120
7 9 120
7 9 120
7 9 120
7 9 120
6 9 840
6 9 120
5 9 840
4 9 840
3 9 840
2 9 120
2 9 120
2 9 120
2 9 120
2 9 120
2 9 120
1 9 600
0 9 600
0 10 600
0 11 120
0 11 120
0 11 120
0 11 120
0 11 120
0 12 480
0 12 120
0 12 120
0 13 600
0 13 120
0 14 600
0 14 120
0 15 600
0 15 120
0 15 120
0 16 720
0 16 120
0 17 720
0 17 120
0 18 720
0 18 120
0 19 720
0 19 120
0 20 720
0 20 120
0 21 720
0 21 120
0 22 720
0 22 120
50 93 720
51 93 720
52 93 720
53 93 120
54 93 120
55 93 120
56 93 120
57 93 120
58 93 120
59 93 120
60 93 120
61 93 120
62 93 120
63 93 120
64 93 120
65 93 120
66 93 120
67 93 120
67 93 120
68 93 120
68 93 120
69 93 120
69 93 120
70 93 120
70 93 120
71 93 120
71 93 120
72 93 120
73 93 120
74 93 120
75 93 120
76 93 120
77 93 120
78 93 120
79 93 120
80 93 120
81 93 120
82 93 120
83 93 120
84 93 120
85 93 120
85 93 120
86 93 120
86 93 120
87 93 120
87 93 120
87 93 120
88 93 240
88 93 120
88 93 120
88 93 120
89 93 480
89 93 120
89 93 120
89 93 120
90 93 720
90 93 120
90 93 120
90 93 120
91 93 960
91 93 120
91 93 120
91 93 120
91 93 120
91 93 120
92 93 1440
92 93 120
92 93 120
92 93 120
92 93 120
92 93 120
93 93 1920
93 93 120
93 93 120
93 93 120
93 93 120
93 93 120
94 93 2400
94 93 120
94 93 120
94 93 120
94 93 120
94 93 120
94 93 120
95 93 3000
95 93 120
95 93 120
95 93 120
95 93 120
95 93 120
96 93 3480
96 93 120
96 93 120
96 93 120
96 93 120
97 93 3840
97 93 120
97 93 120
97 93 120
98 93 4080
98 93 120
98 93 120
98 93 120
99 93 4320
99 93 120
99 93 120
100 93 4440
100 93 120
100 93 120
101 93 4560
101 93 120
101 93 120
102 93 4680
103 93 4680
104 93 4680
104 93 120
105 93 4680
105 93 120
106 93 4680
106 93 120
106 93 120
107 93 4800
107 93 120
108 93 4800
108 93 120
109 93 4800
110 93 4800
110 92 4800
110 91 120
110 91 120
110 91 120
110 91 120
110 91 120
110 91 120
110 91 120
110 91 120
110 91 120
110 91 120
110 91 120
110 91 120
110 91 120
110 91 120
110 91 120
110 91 120
110 91 120
110 91 120
110 91 120
110 91 120
110 91 120
110 91 120
110 91 120
110 91 120
110 91 120
110 91 120
110 91 120
110 91 120
110 91 120
110 91 120
110 91 120
110 91 120
110 91 120
110 91 120
110 91 120
110 90 4080
110 89 4080
110 88 4080
110 87 120
110 87 120
110 87 120
110 87 120
110 87 120
110 87 120
110 87 120
110 87 120
110 87 120
110 87 120
110 87 120
110 87 120
110 87 120
110 87 120
110 87 120
110 87 120
110 87 120
110 87 120
110 87 120
110 87 120
110 87 120
110 87 120
110 87 120
110 86 2640
110 85 2640
110 84 2640
110 83 120
110 83 120
110 83 120
110 83 120
110 83 120
110 83 120
110 83 120
110 83 120
110 83 120
110 83 120
110 83 120
110 83 120
110 83 120
110 83 120
110 82 1560
110 81 1560
110 80 1560
110 79 120
110 79 120
110 79 120
110 79 120
110 79 120
110 79 120
110 79 120
110 79 120
110 79 120
110 78 960
110 77 960
110 76 960
110 75 120
110 75 120
110 75 120
110 74 240
110 73 240
110 72 240
110 71 120
110 70 120
