117 166 120
118 166 120
119 166 120
120 166 120
121 166 120
122 166 120
123 166 120
124 166 120
125 166 120
126 166 120
127 166 120
128 166 120
129 166 120
130 166 120
131 166 120
132 166 120
133 166 120
134 166 120
135 166 120
136 166 120
137 166 120
138 166 120
139 166 120
140 166 120
141 166 120
142 166 120
143 166 120
144 166 120
144 166 120
145 166 120
145 166 120
145 166 120
145 165 240
145 165 120
145 164 240
145 164 120
145 163 240
145 163 120
145 162 240
145 162 120
145 161 240
145 161 120
145 160 240
145 160 120
145 159 240
145 159 120
145 158 240
145 158 120
145 157 240
145 157 120
145 156 240
145 156 120
145 155 240
145 154 240
145 153 240
145 152 120
145 151 120
145 150 120
145 149 120
145 148 120
144 183 120
145 183 120
145 182 120
145 181 120
145 180 120
145 179 120
145 178 120
145 177 120
145 176 120
145 175 120
145 174 120
145 173 120
145 172 120
145 172 120
145 171 120
145 171 120
145 170 120
145 170 120
145 169 120
145 169 120
145 169 120
145 168 240
145 168 120
145 167 240
145 167 120
196 158 240
195 158 240
194 158 240
193 158 120
192 158 120
191 158 120
190 158 120
189 158 120
188 158 120
187 158 120
186 158 120
185 158 120
184 158 120
183 158 120
182 158 120
181 158 120
180 158 120
180 158 120
179 158 120
179 158 120
179 158 120
178 158 240
178 158 120
178 158 120
178 158 120
178 158 120
177 158 600
177 158 120
177 158 120
177 158 120
177 158 120
176 158 960
176 158 120
176 158 120
176 158 120
176 158 120
176 158 120
175 158 1440
175 158 120
175 158 120
175 158 120
175 158 120
175 158 120
174 158 1920
174 158 120
174 158 120
174 158 120
174 158 120
173 158 2280
173 158 120
173 158 120
173 158 120
173 158 120
172 158 2640
172 158 120
172 158 120
172 158 120
171 158 2880
171 158 120
171 158 120
171 158 120
170 158 3120
170 158 120
170 158 120
170 158 120
169 158 3360
169 158 120
169 158 120
168 158 3480
168 158 120
168 158 120
167 158 3600
167 158 120
167 158 120
166 158 3720
166 158 120
166 158 120
165 158 3840
165 158 120
165 158 120
164 158 3960
164 158 120
164 158 120
163 158 4080
163 158 120
162 158 4080
162 158 120
161 158 4080
161 158 120
160 158 4080
159 158 4080
158 158 4080
157 158 120
157 158 120
157 158 120
157 158 120
157 158 120
157 158 120
157 158 120
157 158 120
157 158 120
157 158 120
157 158 120
157 158 120
157 158 120
157 158 120
157 158 120
157 158 120
157 158 120
157 158 120
157 158 120
157 158 120
157 158 120
157 158 120
157 158 120
157 158 120
157 158 120
157 158 120
157 158 120
157 158 120
157 158 120
157 158 120
157 158 120
156 158 3600
155 158 3600
154 158 3600
153 158 120
153 158 120
153 158 120
153 158 120
153 158 120
153 158 120
153 158 120
153 158 120
153 158 120
153 158 120
153 158 120
153 158 120
153 158 120
153 158 120
153 158 120
153 158 120
153 158 120
153 158 120
153 158 120
153 158 120
153 158 120
153 158 120
153 158 120
152 158 2640
151 158 2640
150 158 2640
149 158 120
149 158 120
149 158 120
149 158 120
149 158 120
149 158 120
149 158 120
149 158 120
149 158 120
149 158 120
148 158 1080
147 158 1080
146 158 1080
190 157 120
190 156 120
190 155 120
190 154 120
190 153 120
190 152 120
190 151 120
190 150 120
190 149 120
190 149 120
190 148 120
190 148 120
190 147 120
190 147 120
190 147 120
190 146 240
190 146 120
190 145 240
190 145 120
190 145 120
190 144 360
190 144 120
190 143 360
190 143 120
190 142 360
190 142 120
190 141 360
190 141 120
190 140 360
190 140 120
190 139 360
190 138 360
190 137 360
190 136 120
190 136 120
190 136 120
190 135 240
190 135 120
190 134 240
190 134 120
190 134 120
190 133 360
190 133 120
190 132 360
190 131 360
190 130 360
190 129 120
190 129 120
190 128 120
190 128 120
190 127 120
190 126 120
190 125 120
190 124 120
190 123 120
190 122 120
191 122 120
192 122 120
193 122 120
194 122 120
195 122 120
196 122 120
197 122 120
198 122 120
199 122 120
199 121 120
199 120 120
199 119 120
199 118 120
199 117 120
199 116 120
199 115 120
199 114 120
199 113 120
199 112 120
199 111 120
199 110 120
199 109 120
199 108 120
199 107 120
199 106 120
199 106 120
199 105 120
199 105 120
199 104 120
199 104 120
199 104 120
199 103 240
199 103 120
199 103 120
199 103 120
199 102 480
199 102 120
199 102 120
199 101 600
199 101 120
199 101 120
199 101 120
199 100 840
199 100 120
199 100 120
199 100 120
199 100 120
199 99 1200
199 99 120
199 99 120
199 99 120
199 98 1440
199 98 120
199 98 120
199 98 120
199 97 1680
199 97 120
199 97 120
199 97 120
199 96 1920
199 96 120
199 96 120
199 95 2040
199 94 2040
199 93 2040
199 92 120
199 92 120
199 92 120
199 92 120
199 92 120
199 92 120
199 92 120
199 92 120
199 92 120
199 92 120
199 92 120
199 91 1200
199 90 1200
199 89 1200
199 88 120
199 88 120
199 88 120
199 87 240
199 86 240
199 85 240
199 84 120
199 83 120
199 82 120
199 81 120
199 80 120
199 79 120
199 78 120
199 77 120
199 76 120
199 75 120
199 74 120
199 73 120
199 72 120
199 71 120
199 70 120
199 69 120
199 68 120
199 67 120
199 66 120
199 65 120
198 65 120
197 65 120
196 65 120
195 65 120
194 65 120
193 65 120
192 65 120
192 64 120
192 63 120
192 62 120
192 61 120
192 60 120
192 59 120
192 58 120
192 57 120
192 56 120
192 55 120
192 54 120
192 53 120
192 52 120
192 51 120
192 50 120
192 49 120
192 48 120
192 47 120
192 46 120
192 45 120
192 45 120
192 44 120
192 44 120
192 43 120
192 43 120
192 42 120
192 42 120
192 41 120
192 41 120
192 41 120
192 40 240
192 40 120
192 39 240
192 39 120
192 39 120
192 38 360
192 38 120
192 37 360
192 37 120
192 37 120
192 36 480
192 36 120
192 35 480
192 35 120
192 34 480
192 33 480
192 32 480
192 31 120
192 31 120
192 31 120
192 30 240
192 29 240
192 28 240
192 27 120
192 27 120
192 26 120
192 26 120
192 25 120
192 25 120
192 24 120
192 23 120
192 22 120
192 21 120
192 20 120
192 19 120
192 18 120
192 17 120
192 16 120
192 15 120
192 14 120
192 13 120
192 12 120
191 12 120
190 12 120
189 12 120
188 12 120
187 12 120
186 12 120
186 12 120
185 12 120
185 12 120
184 12 120
184 12 120
184 12 120
183 12 240
183 12 120
182 12 240
182 12 120
182 12 120
181 12 360
181 12 120
181 12 120
180 12 480
180 12 120
180 12 120
179 12 600
179 12 120
178 12 600
178 12 120
177 12 600
176 12 600
175 12 600
174 12 120
174 12 120
174 12 120
173 12 240
172 12 240
171 12 240
170 12 120
169 12 120
168 12 120
167 12 120
166 12 120
165 12 120
164 12 120
163 12 120
162 12 120
161 12 120
161 12 120
160 12 120
160 12 120
159 12 120
159 12 120
159 12 120
158 12 240
158 12 120
157 12 240
157 12 120
157 12 120
156 12 360
156 12 120
156 12 120
155 12 480
155 12 120
154 12 480
154 12 120
154 12 120
153 12 600
153 12 120
152 12 600
152 12 120
152 12 120
151 12 720
151 12 120
151 12 120
150 12 840
150 12 120
150 12 120
149 12 960
149 12 120
149 12 120
149 12 120
148 12 1200
148 12 120
148 12 120
148 12 120
148 12 120
147 12 1560
147 12 120
147 12 120
147 12 120
147 12 120
146 12 1920
146 12 120
146 12 120
146 12 120
146 12 120
145 12 2280
145 12 120
145 12 120
145 12 120
145 12 120
144 12 2640
144 12 120
144 12 120
144 12 120
143 12 2880
143 12 120
143 12 120
142 12 3000
142 12 120
142 12 120
141 12 3120
141 12 120
140 12 3120
139 12 3120
138 12 3120
137 12 120
137 12 120
137 12 120
137 12 120
137 12 120
137 12 120
137 12 120
137 12 120
137 12 120
137 12 120
137 12 120
137 12 120
137 12 120
137 12 120
137 12 120
137 12 120
137 12 120
137 12 120
137 12 120
137 12 120
137 12 120
137 12 120
137 12 120
137 12 120
136 12 2760
136 12 120
135 12 2760
134 12 2760
133 12 2760
132 12 120
132 12 120
132 12 120
132 12 120
132 12 120
132 12 120
132 12 120
132 12 120
132 12 120
132 12 120
132 12 120
132 12 120
132 12 120
132 12 120
132 12 120
132 12 120
132 12 120
132 12 120
132 12 120
132 12 120
131 12 2280
130 12 2280
129 12 2280
128 12 120
128 12 120
128 12 120
128 12 120
128 12 120
128 12 120
128 12 120
128 12 120
128 12 120
128 12 120
128 12 120
128 12 120
127 12 1320
126 12 1320
125 12 1320
124 12 120
124 12 120
124 12 120
123 12 240
122 12 240
121 12 240
120 12 120
119 12 120
118 12 120
117 12 120
116 12 120
115 12 120
114 12 120
114 13 120
114 14 120
114 15 120
114 16 120
114 17 120
114 18 120
114 19 120
114 20 120
114 21 120
114 22 120
114 23 120
114 24 120
114 25 120
114 26 120
114 27 120
114 28 120
114 29 120
114 30 120
114 31 120
113 31 120
112 31 120
111 31 120
110 31 120
109 31 120
108 31 120
107 31 120
106 31 120
105 31 120
104 31 120
103 31 120
102 31 120
101 31 120
100 31 120
99 31 120
98 31 120
97 31 120
96 31 120
95 31 120
94 31 120
93 31 120
92 31 120
91 31 120
90 31 120
89 31 120
88 31 120
87 31 120
86 31 120
85 31 120
84 31 120
83 31 120
82 31 120
81 31 120
80 31 120
79 31 120
78 31 120
77 31 120
76 31 120
75 31 120
74 31 120
73 31 120
72 31 120
71 31 120
70 31 120
69 31 120
68 31 120
67 31 120
66 31 120
65 31 120
64 31 120
63 31 120
62 31 120
61 31 120
61 30 120
61 29 120
61 28 120
61 27 120
61 26 120
61 25 120
61 24 120
61 23 120
61 22 120
61 21 120
61 20 120
61 19 120
61 18 120
61 17 120
61 16 120
61 15 120
61 14 120
61 13 120
61 12 120
61 11 120
61 10 120
61 9 120
61 8 120
61 7 120
61 6 120
61 5 120
19 42 120
20 42 120
21 42 120
22 42 120
23 42 120
23 42 120
24 42 120
24 42 120
25 42 120
25 42 120
26 42 120
26 42 120
27 42 120
27 42 120
28 42 120
28 42 120
28 42 120
29 42 240
29 42 120
30 42 240
30 42 120
31 42 240
31 42 120
32 42 240
32 42 120
33 42 240
33 42 120
33 42 120
34 42 360
34 42 120
35 42 360
35 42 120
36 42 360
36 42 120
36 42 120
37 42 480
37 42 120
38 42 480
38 42 120
39 42 480
39 42 120
40 42 480
40 42 120
41 42 480
41 42 120
42 42 480
43 42 480
44 42 480
45 42 120
45 42 120
45 42 120
46 42 240
47 42 240
48 42 240
49 42 120
50 42 120
51 42 120
52 42 120
53 42 120
54 42 120
55 42 120
55 43 120
55 44 120
55 45 120
55 46 120
55 46 120
55 47 120
55 47 120
55 48 120
55 48 120
55 48 120
55 48 120
55 49 360
55 49 120
55 49 120
55 49 120
55 50 600
55 50 120
55 50 120
55 50 120
55 51 840
55 51 120
55 51 120
55 51 120
55 52 1080
55 52 120
55 52 120
55 52 120
55 53 1320
55 53 120
55 53 120
55 53 120
55 54 1560
55 54 120
55 54 120
55 54 120
55 55 1800
55 55 120
55 55 120
55 55 120
55 56 2040
55 56 120
55 56 120
55 57 2160
55 57 120
55 57 120
55 57 120
55 58 2400
55 58 120
55 58 120
55 58 120
55 59 2640
55 59 120
55 59 120
55 59 120
55 60 2880
55 60 120
55 60 120
55 60 120
55 61 3120
55 61 120
55 61 120
55 61 120
55 62 3360
55 62 120
55 62 120
55 62 120
55 63 3600
55 63 120
55 63 120
55 64 3720
55 64 120
55 65 3720
55 65 120
55 66 3720
55 66 120
55 67 3720
55 68 3720
55 69 3720
55 70 120
55 70 120
55 70 120
55 70 120
55 70 120
55 70 120
55 70 120
55 70 120
55 70 120
55 70 120
55 70 120
55 70 120
55 70 120
55 70 120
55 70 120
55 70 120
55 70 120
55 70 120
55 70 120
55 70 120
55 70 120
55 70 120
55 70 120
55 70 120
55 70 120
55 70 120
55 71 3000
55 72 3000
55 73 3000
55 74 120
55 74 120
55 74 120
55 74 120
55 74 120
55 74 120
55 74 120
55 74 120
55 74 120
55 74 120
55 74 120
55 75 1200
55 76 1200
55 77 1200
55 78 120
55 78 120
55 78 120
55 79 240
55 80 240
55 81 240
55 82 120
27 106 120
28 106 120
29 106 120
30 106 120
31 106 120
32 106 120
33 106 120
34 106 120
35 106 120
36 106 120
37 106 120
38 106 120
39 106 120
40 106 120
41 106 120
42 106 120
43 106 120
44 106 120
45 106 120
46 106 120
47 106 120
48 106 120
49 106 120
50 106 120
51 106 120
52 106 120
53 106 120
54 106 120
55 106 120
55 106 120
55 105 120
55 104 120
55 103 120
55 102 120
55 101 120
55 100 120
55 99 120
55 98 120
55 97 120
55 96 120
55 95 120
55 94 120
55 93 120
55 92 120
55 91 120
55 90 120
55 89 120
55 88 120
55 87 120
55 86 120
55 85 120
55 84 120
55 83 120
