137 10 120
136 10 120
135 10 120
135 10 120
134 10 120
134 10 120
133 10 120
133 10 120
132 10 120
132 10 120
132 10 120
131 10 240
131 10 120
130 10 240
130 10 120
130 10 120
129 10 360
129 10 120
128 10 360
128 10 120
128 10 120
127 10 480
127 10 120
126 10 480
126 10 120
125 10 480
125 10 120
125 10 120
124 10 600
124 10 120
123 10 600
123 10 120
123 10 120
122 10 720
122 10 120
121 10 720
121 10 120
120 10 720
120 10 120
120 10 120
119 10 840
119 10 120
118 10 840
118 10 120
118 10 120
117 10 960
117 10 120
116 10 960
116 10 120
116 10 120
115 10 1080
115 10 120
115 10 120
114 10 1200
114 10 120
113 10 1200
113 10 120
113 10 120
112 10 1320
112 10 120
111 10 1320
111 10 120
111 10 120
110 10 1440
109 10 1440
108 10 1440
107 10 120
107 10 120
107 10 120
107 10 120
107 10 120
107 10 120
107 10 120
107 10 120
107 10 120
107 10 120
106 10 1080
105 10 1080
104 10 1080
104 11 120
104 11 120
104 11 120
104 11 120
104 11 120
104 11 120
104 11 120
104 12 720
104 13 720
104 14 720
104 15 120
104 15 120
104 15 120
104 15 120
104 16 360
104 16 120
104 17 360
104 18 360
104 19 360
104 20 120
104 20 120
104 20 120
104 21 240
104 22 240
104 23 240
104 24 120
104 24 120
104 25 120
104 25 120
104 26 120
104 26 120
104 27 120
104 27 120
104 28 120
104 28 120
104 29 120
104 29 120
104 30 120
104 30 120
104 31 120
104 31 120
104 32 120
104 32 120
104 33 120
104 34 120
104 35 120
104 36 120
104 37 120
104 38 120
104 39 120
104 40 120
104 41 120
104 42 120
104 43 120
104 44 120
104 45 120
104 46 120
104 47 120
104 48 120
104 49 120
104 50 120
104 51 120
104 52 120
104 53 120
104 54 120
104 55 120
104 56 120
104 57 120
104 58 120
104 59 120
104 60 120
104 61 120
104 62 120
104 63 120
104 64 120
104 65 120
104 66 120
104 67 120
104 68 120
104 69 120
104 70 120
104 71 120
104 72 120
104 73 120
104 74 120
104 75 120
104 76 120
104 77 120
104 78 120
104 79 120
104 80 120
104 81 120
104 82 120
104 83 120
104 84 120
104 85 120
104 86 120
104 87 120
104 88 120
104 89 120
104 90 120
104 91 120
104 92 120
104 93 120
104 94 120
104 95 120
104 96 120
104 97 120
104 98 120
104 99 120
104 100 120
104 101 120
104 102 120
104 103 120
104 104 120
104 105 120
104 106 120
104 107 120
104 107 120
104 108 120
104 108 120
104 109 120
104 109 120
104 110 120
104 110 120
104 111 120
104 111 120
104 112 120
104 112 120
104 113 120
104 113 120
104 114 120
104 114 120
104 114 120
104 115 240
104 115 120
104 116 240
104 116 120
104 117 240
104 118 240
104 119 240
104 120 120
104 120 120
104 121 120
104 121 120
104 122 120
104 122 120
104 123 120
104 123 120
104 124 120
104 124 120
104 125 120
104 125 120
104 126 120
104 126 120
104 127 120
104 127 120
104 128 120
104 128 120
104 129 120
104 129 120
104 130 120
104 130 120
104 131 120
104 131 120
104 132 120
104 132 120
104 133 120
104 133 120
104 134 120
104 134 120
104 135 120
104 135 120
104 136 120
104 136 120
104 137 120
104 138 120
104 139 120
104 140 120
104 141 120
104 142 120
104 143 120
104 144 120
104 145 120
104 146 120
104 147 120
104 148 120
104 149 120
104 150 120
104 151 120
104 152 120
104 153 120
104 154 120
104 155 120
104 156 120
104 157 120
104 158 120
104 159 120
104 160 120
104 161 120
104 162 120
104 163 120
104 164 120
104 165 120
104 166 120
104 167 120
104 168 120
104 169 120
104 170 120
104 171 120
104 172 120
104 173 120
104 174 120
104 175 120
104 176 120
104 177 120
