37 42 120
38 42 120
39 42 120
40 42 120
41 42 120
42 42 120
43 42 120
44 42 120
45 42 120
46 42 120
47 42 120
48 42 120
49 42 120
50 42 120
51 42 120
52 42 120
53 42 120
54 42 120
55 42 120
56 42 120
57 42 120
58 42 120
59 42 120
59 42 120
60 42 120
60 42 120
61 42 120
61 42 120
62 42 120
62 42 120
63 42 120
63 42 120
64 42 120
64 42 120
64 42 120
65 42 240
65 42 120
66 42 240
66 42 120
66 42 120
67 42 360
67 42 120
67 42 120
68 42 480
68 42 120
68 42 120
69 42 600
69 42 120
69 42 120
70 42 720
70 42 120
70 42 120
71 42 840
71 42 120
72 42 840
72 42 120
73 42 840
73 42 120
74 42 840
74 42 120
75 42 840
75 42 120
75 42 120
76 42 960
76 42 120
77 42 960
77 42 120
77 42 120
77 42 120
78 42 1200
78 42 120
78 42 120
79 42 1320
79 42 120
79 42 120
79 42 120
79 42 120
80 42 1680
80 42 120
80 42 120
80 42 120
81 42 1920
81 42 120
81 42 120
81 42 120
81 42 120
82 42 2280
82 42 120
82 42 120
82 42 120
82 42 120
83 42 2640
83 42 120
83 42 120
83 42 120
83 42 120
84 42 3000
84 42 120
84 42 120
84 42 120
84 42 120
85 42 3360
85 42 120
85 42 120
85 42 120
86 42 3600
86 42 120
86 42 120
86 42 120
87 42 3840
87 42 120
87 42 120
88 42 3960
88 42 120
88 42 120
89 42 4080
89 42 120
90 42 4080
90 42 120
90 42 120
91 42 4200
91 42 120
92 42 4200
92 42 120
93 42 4200
93 42 120
94 42 4200
94 42 120
95 42 4200
96 42 4200
97 42 4200
98 42 120
98 42 120
98 42 120
98 42 120
98 42 120
98 42 120
98 42 120
98 42 120
98 42 120
98 42 120
98 42 120
98 42 120
98 42 120
98 42 120
98 42 120
98 42 120
98 42 120
98 42 120
98 42 120
98 42 120
98 42 120
98 42 120
98 42 120
98 42 120
98 42 120
98 42 120
98 42 120
98 42 120
98 42 120
98 42 120
98 42 120
98 42 120
98 42 120
99 42 3840
99 42 120
100 42 3840
100 42 120
101 42 3840
101 42 120
102 42 3840
103 42 3840
104 42 3840
105 42 120
105 42 120
105 42 120
105 42 120
105 42 120
105 42 120
105 42 120
105 42 120
105 42 120
105 42 120
105 42 120
105 42 120
105 42 120
105 42 120
105 42 120
105 42 120
105 42 120
105 42 120
105 42 120
105 42 120
105 42 120
105 42 120
105 42 120
105 42 120
105 42 120
105 42 120
105 42 120
105 42 120
105 42 120
105 42 120
105 42 120
106 42 3600
107 42 3600
108 42 3600
109 42 120
109 42 120
109 42 120
109 42 120
109 42 120
109 42 120
109 42 120
109 42 120
109 42 120
109 42 120
109 42 120
109 42 120
109 42 120
109 42 120
109 42 120
109 42 120
109 42 120
109 42 120
109 42 120
109 42 120
109 42 120
109 42 120
109 42 120
109 42 120
109 42 120
109 42 120
109 42 120
110 42 3120
111 42 3120
112 42 3120
113 42 120
113 42 120
113 42 120
113 42 120
113 42 120
113 42 120
113 42 120
113 42 120
113 42 120
113 42 120
113 42 120
113 42 120
113 42 120
113 42 120
113 42 120
113 42 120
113 42 120
113 42 120
114 42 2040
115 42 2040
116 42 2040
117 42 120
117 42 120
117 42 120
117 42 120
117 42 120
117 42 120
117 42 120
117 42 120
118 42 840
119 42 840
120 42 840
121 42 120
121 42 120
121 42 120
121 42 120
122 42 360
122 42 120
123 42 360
123 42 120
124 42 360
124 42 120
125 42 360
125 42 120
126 42 360
126 42 120
127 42 360
127 42 120
128 42 360
129 42 360
130 42 360
131 42 120
131 42 120
131 42 120
131 43 240
131 43 120
131 44 240
131 45 240
131 46 240
131 47 120
131 47 120
131 48 120
131 48 120
131 49 120
131 49 120
131 50 120
131 50 120
73 72 120
74 72 120
75 72 120
76 72 120
77 72 120
78 72 120
79 72 120
80 72 120
81 72 120
82 72 120
83 72 120
84 72 120
85 72 120
86 72 120
87 72 120
88 72 120
89 72 120
90 72 120
91 72 120
92 72 120
93 72 120
94 72 120
95 72 120
96 72 120
96 72 120
97 72 120
97 72 120
98 72 120
98 72 120
99 72 120
99 72 120
99 72 120
100 72 240
100 72 120
100 72 120
101 72 360
101 72 120
101 72 120
101 72 120
102 72 600
102 72 120
102 72 120
102 72 120
102 72 120
103 72 960
103 72 120
103 72 120
103 72 120
103 72 120
103 72 120
104 72 1440
104 72 120
104 72 120
104 72 120
104 72 120
105 72 1800
105 72 120
105 72 120
105 72 120
105 72 120
105 72 120
105 73 2280
105 74 2280
105 75 2280
105 76 120
105 76 120
105 76 120
105 76 120
105 76 120
105 76 120
105 76 120
105 76 120
105 76 120
105 76 120
105 76 120
105 76 120
105 76 120
105 76 120
105 76 120
105 77 1680
105 78 1680
105 79 1680
105 80 120
105 80 120
105 80 120
105 80 120
105 80 120
105 80 120
105 80 120
105 80 120
105 80 120
105 80 120
105 81 1080
105 82 1080
105 83 1080
105 84 120
105 84 120
105 84 120
105 84 120
105 84 120
105 85 480
105 86 480
105 87 480
105 88 120
105 88 120
105 88 120
105 88 120
105 89 360
105 89 120
105 90 360
105 90 120
105 91 360
105 91 120
105 92 360
105 92 120
105 93 360
105 93 120
105 94 360
105 94 120
105 95 360
105 96 360
72 72 360
71 72 120
71 72 120
70 72 120
70 72 120
69 72 120
69 72 120
68 72 120
68 72 120
68 72 120
67 72 240
67 72 120
67 72 120
67 72 120
66 72 480
66 72 120
66 72 120
66 72 120
65 72 720
65 72 120
65 72 120
65 72 120
64 72 960
64 72 120
64 72 120
64 72 120
64 72 120
63 72 1320
63 72 120
63 72 120
63 72 120
62 72 1560
62 72 120
62 72 120
62 72 120
61 72 1800
61 72 120
61 72 120
61 72 120
60 72 2040
60 72 120
60 72 120
59 72 2160
59 72 120
59 72 120
58 72 2280
58 72 120
58 72 120
57 72 2400
57 72 120
57 73 2400
57 73 120
57 74 2400
57 74 120
57 75 2400
57 75 120
57 76 2400
57 76 120
57 76 120
57 77 2520
57 77 120
57 78 2520
57 78 120
57 78 120
57 79 2640
57 79 120
57 79 120
57 80 2760
57 80 120
57 81 2760
57 82 2760
57 83 2760
57 84 120
57 84 120
57 84 120
57 84 120
57 84 120
57 84 120
57 84 120
57 84 120
57 84 120
57 84 120
57 84 120
57 84 120
57 84 120
57 84 120
57 84 120
57 84 120
57 84 120
57 84 120
57 84 120
57 84 120
57 85 2280
57 85 120
57 86 2280
57 87 2280
57 88 2280
57 89 120
57 89 120
57 89 120
57 89 120
57 89 120
57 89 120
57 89 120
57 89 120
57 89 120
57 89 120
57 89 120
57 89 120
57 89 120
57 89 120
57 90 1560
57 91 1560
57 92 1560
57 93 120
57 93 120
57 93 120
57 93 120
57 93 120
57 93 120
57 94 600
57 95 600
57 96 600
57 97 120
57 97 120
57 97 120
57 98 240
57 99 240
57 100 240
57 101 120
57 101 120
57 102 120
57 102 120
57 103 120
57 103 120
57 104 120
57 104 120
57 105 120
57 105 120
57 106 120
57 106 120
57 107 120
57 107 120
57 108 120
57 108 120
57 109 120
57 109 120
57 110 120
57 111 120
57 112 120
57 113 120
57 113 120
57 114 120
57 114 120
56 114 120
55 114 120
54 114 120
53 114 120
52 114 120
51 114 120
50 114 120
49 114 120
49 114 120
48 114 120
48 114 120
47 114 120
47 114 120
46 114 120
46 114 120
46 114 120
45 114 240
45 114 120
45 114 120
44 114 360
44 114 120
44 114 120
43 114 480
43 114 120
43 114 120
42 114 600
42 114 120
41 114 600
41 114 120
40 114 600
40 114 120
39 114 600
39 114 120
38 114 600
37 114 600
36 114 600
35 114 120
35 114 120
35 114 120
34 114 240
34 114 120
33 114 240
32 114 240
31 114 240
30 114 120
29 114 120
28 114 120
27 114 120
26 114 120
25 114 120
24 114 120
23 114 120
22 114 120
21 114 120
20 114 120
19 114 120
18 114 120
17 114 120
16 114 120
15 114 120
14 114 120
13 114 120
161 82 120
160 82 120
159 82 120
158 82 120
157 82 120
156 82 120
155 82 120
154 82 120
153 82 120
152 82 120
151 82 120
150 82 120
149 82 120
148 82 120
147 82 120
146 82 120
145 82 120
144 82 120
143 82 120
142 82 120
141 82 120
140 82 120
140 82 120
139 82 120
139 82 120
138 82 120
138 82 120
138 82 120
137 82 240
137 82 120
137 82 120
136 82 360
136 82 120
136 82 120
135 82 480
135 82 120
135 82 120
135 82 120
135 82 120
134 82 840
134 82 120
134 82 120
134 82 120
133 82 1080
133 82 120
133 82 120
133 82 120
133 82 120
132 82 1440
132 82 120
132 82 120
132 82 120
131 82 1680
131 82 120
131 82 120
131 82 120
131 82 120
131 81 2040
131 81 120
131 81 120
131 81 120
131 80 2280
131 80 120
131 80 120
131 79 2400
131 79 120
131 79 120
131 79 120
131 78 2640
131 78 120
131 78 120
131 77 2760
131 77 120
131 77 120
131 76 2880
131 76 120
131 75 2880
131 74 2880
131 73 2880
131 72 120
131 72 120
131 72 120
131 72 120
131 72 120
131 72 120
131 72 120
131 72 120
131 72 120
131 72 120
131 72 120
131 72 120
131 72 120
131 72 120
131 72 120
131 72 120
131 72 120
131 72 120
131 71 2040
131 70 2040
131 69 2040
131 68 120
131 68 120
131 68 120
131 68 120
131 68 120
131 68 120
131 68 120
131 68 120
131 68 120
131 67 960
131 66 960
131 65 960
131 64 120
131 64 120
131 64 120
131 63 240
131 62 240
131 61 240
131 60 120
131 60 120
131 59 120
131 59 120
131 58 120
131 57 120
131 56 120
131 55 120
131 54 120
131 53 120
131 53 120
131 52 120
131 52 120
131 51 120
131 51 120
109 13 120
110 13 120
111 13 120
112 13 120
113 13 120
114 13 120
115 13 120
116 13 120
117 13 120
118 13 120
119 13 120
120 13 120
121 13 120
122 13 120
123 13 120
124 13 120
125 13 120
126 13 120
127 13 120
128 13 120
128 13 120
129 13 120
129 13 120
130 13 120
130 13 120
130 13 120
131 13 240
131 13 120
131 13 120
131 14 360
131 14 120
131 15 360
131 15 120
131 16 360
131 16 120
131 16 120
131 17 480
131 17 120
131 17 120
131 18 600
131 18 120
131 18 120
131 18 120
131 19 840
131 19 120
131 19 120
131 20 960
131 20 120
131 20 120
131 20 120
131 21 1200
131 21 120
131 21 120
131 21 120
131 22 1440
131 22 120
131 22 120
131 23 1560
131 23 120
131 23 120
131 24 1680
131 24 120
131 24 120
131 25 1800
131 25 120
131 26 1800
131 26 120
131 27 1800
131 28 1800
131 29 1800
131 30 120
131 30 120
131 30 120
131 30 120
131 30 120
131 30 120
131 30 120
131 30 120
131 30 120
131 30 120
131 30 120
131 30 120
131 30 120
131 30 120
131 30 120
131 31 1680
131 31 120
131 31 120
131 32 1800
131 32 120
131 33 1800
131 33 120
131 34 1800
131 35 1800
131 36 1800
131 37 120
131 37 120
131 37 120
131 37 120
131 37 120
131 37 120
131 37 120
131 37 120
131 37 120
131 37 120
131 38 1080
131 39 1080
131 40 1080
131 41 120
131 41 120
131 41 120
131 41 120
