181 55 100
180 55 100
179 55 100
178 55 100
177 55 100
176 55 100
175 55 100
174 55 100
173 55 100
172 55 100
171 55 100
170 55 100
169 55 100
168 55 100
167 55 100
166 55 100
165 55 100
164 55 100
163 55 100
162 55 100
161 55 100
160 55 100
159 55 100
159 55 100
158 55 100
158 55 100
158 55 100
157 55 200
157 55 100
157 55 100
156 55 300
156 55 100
156 55 100
156 55 100
156 55 100
155 55 600
155 55 100
155 55 100
155 55 100
154 55 800
154 55 100
154 55 100
154 55 100
153 55 1000
153 55 100
153 55 100
152 55 1100
152 55 100
151 55 1100
151 55 100
150 55 1100
149 55 1100
148 55 1100
147 55 100
147 55 100
147 55 100
147 55 100
147 55 100
147 55 100
146 55 500
145 55 500
144 55 500
143 55 100
143 55 100
143 55 100
142 55 200
142 55 100
141 55 200
140 55 200
139 55 200
138 55 100
138 55 100
137 55 100
137 55 100
136 55 100
136 55 100
135 55 100
135 55 100
134 55 100
133 55 100
132 55 100
131 55 100
130 55 100
129 55 100
128 55 100
128 55 100
127 55 100
127 55 100
126 55 100
126 55 100
125 55 100
125 55 100
124 55 100
124 55 100
123 55 100
123 55 100
122 55 100
122 55 100
121 55 100
121 55 100
120 55 100
120 55 100
120 55 100
119 55 200
119 55 100
118 55 200
118 55 100
117 55 200
117 55 100
116 55 200
116 55 100
116 55 100
115 55 300
115 55 100
114 55 300
114 55 100
113 55 300
112 55 300
111 55 300
111 56 100
111 56 100
111 57 100
111 58 100
111 59 100
111 60 100
111 61 100
111 62 100
111 63 100
111 64 100
111 65 100
111 66 100
80 2 100
81 2 100
82 2 100
83 2 100
84 2 100
85 2 100
86 2 100
87 2 100
88 2 100
89 2 100
90 2 100
91 2 100
92 2 100
93 2 100
94 2 100
95 2 100
96 2 100
97 2 100
98 2 100
99 2 100
100 2 100
100 2 100
101 2 100
101 2 100
101 2 100
102 2 200
102 2 100
102 2 100
102 2 100
103 2 400
103 2 100
103 2 100
103 2 100
103 2 100
104 2 700
104 2 100
104 2 100
104 2 100
104 2 100
104 2 100
105 2 1100
105 2 100
105 2 100
105 2 100
105 2 100
105 2 100
105 2 100
105 2 100
106 2 1700
106 2 100
106 2 100
106 2 100
106 2 100
106 2 100
106 2 100
107 2 2200
107 2 100
107 2 100
107 2 100
107 2 100
107 2 100
108 2 2600
108 2 100
108 2 100
108 2 100
108 2 100
109 2 2900
109 2 100
109 2 100
109 2 100
110 2 3100
110 2 100
111 2 3100
111 3 3100
111 4 3100
111 5 100
111 5 100
111 5 100
111 5 100
111 5 100
111 5 100
111 5 100
111 5 100
111 5 100
111 5 100
111 5 100
111 5 100
111 5 100
111 5 100
111 5 100
111 5 100
111 5 100
111 5 100
111 5 100
111 5 100
111 5 100
111 5 100
111 5 100
111 5 100
111 6 2300
111 7 2300
111 8 2300
111 9 100
111 9 100
111 9 100
111 9 100
111 9 100
111 9 100
111 9 100
111 9 100
111 9 100
111 9 100
111 9 100
111 9 100
111 9 100
111 9 100
111 9 100
111 10 1400
111 11 1400
111 12 1400
111 13 100
111 13 100
111 13 100
111 13 100
111 13 100
111 13 100
111 13 100
111 13 100
111 13 100
111 13 100
111 13 100
111 13 100
111 14 1100
111 14 100
111 14 100
111 15 1200
111 15 100
111 15 100
111 16 1300
111 16 100
111 16 100
111 16 100
111 17 1500
111 17 100
111 17 100
111 17 100
111 17 100
111 18 1800
111 18 100
111 18 100
111 18 100
111 18 100
111 19 2100
111 19 100
111 19 100
111 19 100
111 19 100
111 19 100
111 20 2500
111 20 100
111 20 100
111 20 100
111 20 100
111 20 100
111 21 2900
111 21 100
111 21 100
111 21 100
111 21 100
111 21 100
111 22 3300
111 22 100
111 22 100
111 22 100
111 23 3500
111 23 100
111 23 100
111 23 100
111 24 3700
111 24 100
111 24 100
111 25 3800
111 26 3800
111 27 3800
111 28 100
111 28 100
111 28 100
111 28 100
111 28 100
111 28 100
111 28 100
111 28 100
111 28 100
111 28 100
111 28 100
111 28 100
111 28 100
111 28 100
111 28 100
111 28 100
111 28 100
111 28 100
111 28 100
111 28 100
111 28 100
111 28 100
111 28 100
111 28 100
111 28 100
111 28 100
111 28 100
111 28 100
111 28 100
111 29 2800
111 30 2800
111 31 2800
111 32 100
111 32 100
111 32 100
111 32 100
111 32 100
111 32 100
111 32 100
111 32 100
111 32 100
111 32 100
111 32 100
111 33 1000
111 34 1000
111 35 1000
111 36 100
111 36 100
111 36 100
111 36 100
111 36 100
111 37 400
111 37 100
111 38 400
111 38 100
111 39 400
111 39 100
111 39 100
111 40 500
111 40 100
111 40 100
111 41 600
111 41 100
111 41 100
111 41 100
111 42 800
111 42 100
111 42 100
111 43 900
111 43 100
111 43 100
111 43 100
111 44 1100
111 44 100
111 44 100
111 44 100
111 45 1300
111 45 100
111 45 100
111 45 100
111 45 100
111 46 1600
111 46 100
111 46 100
111 47 1700
111 47 100
111 47 100
111 48 1800
111 48 100
111 48 100
111 49 1900
111 50 1900
111 51 1900
111 52 100
111 52 100
111 52 100
111 52 100
111 52 100
111 52 100
111 52 100
111 52 100
111 52 100
111 52 100
111 52 100
111 53 1000
111 54 1000
17 157 1000
18 157 100
19 157 100
20 157 100
21 157 100
22 157 100
23 157 100
24 157 100
25 157 100
25 157 100
26 157 100
26 157 100
26 157 100
27 157 200
27 157 100
27 157 100
27 157 100
28 157 400
28 157 100
28 157 100
28 157 100
28 157 100
29 157 700
29 157 100
29 157 100
29 157 100
29 157 100
29 157 100
30 157 1100
30 157 100
30 157 100
30 157 100
30 157 100
30 157 100
30 157 100
30 157 100
30 157 100
31 157 1800
31 157 100
31 157 100
31 157 100
31 157 100
31 157 100
31 157 100
31 157 100
31 157 100
32 157 2500
32 157 100
32 157 100
32 157 100
32 157 100
32 157 100
32 157 100
32 157 100
32 157 100
33 157 3200
33 157 100
33 157 100
33 157 100
33 157 100
33 157 100
33 157 100
34 157 3700
34 157 100
34 157 100
34 157 100
34 157 100
34 157 100
35 157 4100
35 157 100
35 157 100
35 157 100
36 157 4300
36 157 100
36 157 100
37 157 4400
37 157 100
38 157 4400
39 157 4400
40 157 4400
41 157 100
41 157 100
41 157 100
41 157 100
41 157 100
41 157 100
41 157 100
41 157 100
41 157 100
41 157 100
41 157 100
41 157 100
41 157 100
41 157 100
41 157 100
41 157 100
41 157 100
41 157 100
41 157 100
41 157 100
41 157 100
41 157 100
41 157 100
41 157 100
41 157 100
41 157 100
41 157 100
41 157 100
41 157 100
41 157 100
41 157 100
41 157 100
41 157 100
41 157 100
41 157 100
42 157 3400
43 157 3400
44 157 3400
45 157 100
45 157 100
45 157 100
45 157 100
45 157 100
45 157 100
45 157 100
45 157 100
45 157 100
45 157 100
45 157 100
45 157 100
45 157 100
45 157 100
45 157 100
45 157 100
45 157 100
45 157 100
45 157 100
45 157 100
45 157 100
45 157 100
45 157 100
46 157 2200
47 157 2200
48 157 2200
49 157 100
49 157 100
49 157 100
49 157 100
49 157 100
49 157 100
49 157 100
49 157 100
49 157 100
49 157 100
49 157 100
49 157 100
49 157 100
50 157 1200
51 157 1200
52 157 1200
53 157 100
53 157 100
53 157 100
53 157 100
53 157 100
54 157 400
55 157 400
56 157 400
57 157 100
57 157 100
58 157 100
58 157 100
59 157 100
59 157 100
59 156 100
59 156 100
59 156 100
59 155 200
59 155 100
59 154 200
59 153 200
59 152 200
59 151 100
59 151 100
59 150 100
59 150 100
59 149 100
59 148 100
59 147 100
59 146 100
59 145 100
59 144 100
59 143 100
59 142 100
59 141 100
59 140 100
59 139 100
59 138 100
59 137 100
59 136 100
59 135 100
59 134 100
59 133 100
59 132 100
