129 174 120
128 174 120
127 174 120
126 174 120
125 174 120
124 174 120
123 174 120
122 174 120
121 174 120
120 174 120
120 173 120
120 172 120
120 171 120
120 170 120
120 169 120
120 168 120
120 167 120
120 166 120
120 165 120
120 164 120
120 163 120
120 162 120
120 161 120
120 160 120
120 159 120
120 158 120
120 157 120
120 156 120
120 155 120
120 154 120
120 153 120
120 152 120
120 151 120
120 150 120
120 149 120
120 148 120
120 147 120
120 147 120
120 146 120
120 146 120
120 145 120
120 145 120
120 144 120
120 144 120
120 143 120
120 143 120
120 142 120
120 142 120
120 141 120
120 141 120
120 140 120
120 140 120
120 139 120
120 139 120
120 138 120
120 138 120
120 137 120
120 136 120
120 135 120
120 134 120
120 133 120
120 132 120
120 131 120
120 130 120
120 129 120
120 128 120
120 127 120
120 126 120
120 125 120
120 124 120
120 123 120
120 122 120
120 121 120
120 120 120
120 119 120
120 118 120
120 117 120
120 116 120
120 115 120
120 114 120
120 113 120
120 112 120
120 111 120
120 110 120
120 109 120
120 108 120
120 107 120
120 106 120
120 105 120
120 104 120
120 103 120
120 102 120
120 101 120
120 100 120
120 99 120
120 98 120
120 98 120
120 97 120
120 97 120
120 96 120
120 96 120
120 95 120
120 95 120
120 94 120
120 94 120
120 93 120
120 93 120
120 92 120
120 92 120
120 91 120
120 91 120
120 90 120
120 90 120
120 89 120
120 89 120
120 88 120
120 88 120
120 87 120
120 86 120
120 85 120
120 84 120
120 83 120
120 82 120
120 81 120
120 80 120
120 79 120
120 78 120
120 77 120
120 76 120
120 75 120
120 74 120
120 73 120
120 72 120
120 71 120
120 70 120
120 69 120
120 68 120
120 67 120
120 66 120
120 65 120
120 64 120
120 63 120
120 62 120
119 174 120
118 174 120
117 174 120
116 174 120
115 174 120
114 174 120
113 174 120
112 174 120
111 174 120
110 174 120
109 174 120
108 174 120
107 174 120
106 174 120
105 174 120
104 174 120
103 174 120
102 174 120
101 174 120
100 174 120
99 174 120
98 174 120
97 174 120
96 174 120
95 174 120
94 174 120
93 174 120
92 174 120
91 174 120
90 174 120
89 174 120
88 174 120
87 174 120
86 174 120
85 174 120
84 174 120
83 174 120
82 174 120
81 174 120
80 174 120
79 174 120
78 174 120
77 174 120
76 174 120
75 174 120
74 174 120
73 174 120
72 174 120
71 174 120
70 174 120
69 174 120
68 174 120
68 173 120
68 172 120
68 171 120
68 170 120
68 169 120
67 169 120
66 169 120
65 169 120
64 169 120
64 169 120
63 169 120
63 169 120
62 169 120
62 169 120
61 169 120
61 169 120
60 169 120
60 169 120
59 169 120
59 169 120
58 169 120
58 169 120
57 169 120
57 169 120
56 169 120
56 169 120
55 169 120
55 169 120
54 169 120
54 169 120
53 169 120
52 169 120
51 169 120
50 169 120
50 169 120
49 169 120
49 169 120
48 169 120
48 169 120
47 169 120
47 169 120
46 169 120
46 169 120
45 169 120
45 169 120
44 169 120
44 169 120
44 169 120
43 169 240
43 169 120
42 169 240
42 169 120
41 169 240
41 169 120
40 169 240
40 169 120
39 169 240
39 169 120
38 169 240
38 169 120
37 169 240
37 169 120
36 169 240
36 169 120
35 169 240
35 169 120
34 169 240
34 169 120
34 169 120
33 169 360
33 169 120
32 169 360
32 169 120
31 169 360
31 169 120
31 169 120
30 169 480
30 169 120
30 169 120
29 169 600
29 169 120
29 169 120
28 169 720
28 169 120
28 169 120
28 168 840
28 167 840
28 166 840
28 165 120
28 165 120
28 165 120
28 165 120
28 165 120
28 164 480
28 163 480
28 162 480
28 161 120
28 161 120
28 160 120
28 160 120
28 159 120
28 159 120
28 158 120
28 157 120
28 156 120
28 155 120
28 154 120
28 153 120
28 152 120
28 151 120
28 150 120
77 97 120
78 97 120
79 97 120
80 97 120
81 97 120
82 97 120
82 97 120
83 97 120
83 97 120
84 97 120
84 97 120
85 97 120
85 97 120
86 97 120
86 97 120
87 97 120
87 97 120
88 97 120
88 97 120
89 97 120
89 97 120
90 97 120
90 97 120
91 97 120
91 97 120
92 97 120
92 97 120
93 97 120
93 97 120
93 97 120
94 97 240
94 97 120
95 97 240
95 97 120
96 97 240
96 97 120
97 97 240
97 97 120
98 97 240
98 97 120
99 97 240
99 97 120
100 97 240
100 97 120
101 97 240
101 97 120
102 97 240
102 97 120
103 97 240
103 97 120
104 97 240
105 97 240
106 97 240
107 97 120
107 97 120
108 97 120
109 97 120
110 97 120
111 97 120
112 97 120
113 97 120
114 97 120
115 97 120
116 97 120
117 97 120
118 97 120
119 97 120
119 97 120
74 10 120
73 10 120
72 10 120
71 10 120
70 10 120
69 10 120
68 10 120
67 10 120
66 10 120
65 10 120
64 10 120
63 10 120
62 10 120
61 10 120
60 10 120
59 10 120
58 10 120
57 10 120
56 10 120
55 10 120
54 10 120
53 10 120
52 10 120
51 10 120
50 10 120
49 10 120
48 10 120
47 10 120
46 10 120
45 10 120
44 10 120
43 10 120
42 10 120
42 11 120
42 12 120
42 13 120
42 14 120
42 15 120
42 16 120
42 17 120
42 18 120
42 19 120
42 20 120
42 21 120
42 22 120
42 23 120
42 24 120
42 25 120
42 26 120
42 27 120
42 28 120
42 29 120
42 30 120
42 31 120
42 32 120
42 33 120
42 34 120
42 35 120
42 36 120
42 37 120
42 38 120
42 39 120
42 40 120
42 41 120
42 42 120
42 43 120
42 44 120
42 45 120
42 46 120
42 47 120
42 48 120
42 49 120
