130 4 50
131 4 50
132 4 50
133 4 50
134 4 50
135 4 50
136 4 50
137 4 50
138 4 50
139 4 50
140 4 50
140 4 50
141 4 50
141 4 50
142 4 50
142 4 50
142 4 50
142 4 50
143 4 50
143 4 50
143 4 50
143 4 50
143 4 50
143 4 50
144 4 50
144 4 50
144 4 50
144 4 50
144 4 50
144 4 50
144 4 50
144 4 50
144 4 50
145 4 50
145 4 50
145 4 50
145 4 50
145 4 50
145 4 50
145 4 50
145 4 50
145 4 50
145 4 50
145 4 50
145 4 50
145 4 50
145 4 50
146 4 50
146 4 50
146 4 50
146 4 50
146 4 50
146 4 50
146 4 50
146 4 50
146 4 50
146 4 50
146 4 50
146 4 50
146 4 50
146 4 50
146 4 50
146 4 50
146 4 50
146 4 50
146 4 50
146 4 50
147 4 50
147 4 50
147 4 50
147 4 50
147 4 50
147 4 50
147 4 50
147 4 50
147 4 50
147 4 50
147 4 50
147 4 50
147 4 50
147 4 50
147 4 50
147 4 50
147 4 50
147 4 50
147 4 50
147 4 50
147 4 50
147 4 50
147 4 50
147 4 50
147 4 50
147 4 50
147 4 50
147 4 50
148 4 50
148 4 50
148 4 50
148 4 50
148 4 50
148 4 50
148 4 50
148 4 50
148 4 50
148 4 50
148 4 50
148 4 50
148 4 50
148 4 50
148 4 50
148 4 50
148 4 50
148 4 50
148 4 50
148 4 50
148 4 50
148 4 50
148 4 50
148 4 50
148 4 50
148 4 50
148 4 50
148 4 50
148 4 50
148 4 50
148 4 50
148 4 50
148 4 50
148 4 50
148 4 50
149 4 50
149 4 50
149 4 50
149 4 50
149 4 50
149 4 50
149 4 50
149 4 50
149 4 50
149 4 50
149 4 50
149 4 50
149 4 50
149 4 50
149 4 50
149 4 50
149 4 50
149 4 50
149 4 50
149 4 50
149 4 50
149 4 50
149 4 50
149 4 50
149 4 50
149 4 50
149 4 50
149 4 50
149 4 50
149 4 50
149 4 50
149 4 50
149 4 50
149 4 50
149 4 50
149 4 50
149 4 50
149 4 50
149 4 50
149 4 50
149 4 50
149 4 50
149 4 50
150 4 50
150 4 50
150 4 50
150 4 50
150 4 50
150 4 50
150 4 50
150 4 50
150 4 50
150 4 50
150 4 50
150 4 50
150 4 50
150 4 50
150 4 50
150 4 50
150 4 50
150 4 50
150 4 50
150 4 50
150 4 50
150 4 50
150 4 50
150 4 50
150 4 50
150 4 50
150 4 50
150 4 50
150 4 50
150 4 50
150 4 50
150 4 50
150 4 50
150 4 50
150 4 50
150 4 50
150 4 50
150 4 50
150 4 50
150 4 50
150 4 50
150 4 50
150 4 50
150 4 50
150 4 50
150 4 50
150 4 50
150 4 50
150 4 50
151 4 50
151 4 50
151 4 50
151 4 50
151 4 50
151 4 50
151 4 50
151 4 50
151 4 50
151 4 50
151 4 50
151 4 50
151 4 50
151 4 50
151 4 50
151 4 50
151 4 50
151 4 50
151 4 50
151 4 50
151 4 50
151 4 50
151 4 50
151 4 50
151 4 50
151 4 50
151 4 50
151 4 50
151 4 50
151 4 50
151 4 50
151 4 50
151 4 50
151 4 50
151 4 50
151 4 50
151 4 50
151 4 50
151 4 50
151 4 50
151 4 50
151 4 50
151 4 50
151 4 50
151 4 50
151 4 50
151 4 50
151 4 50
151 4 50
151 4 50
151 4 50
151 4 50
151 4 50
151 4 50
151 4 50
152 4 50
152 4 50
152 4 50
152 4 50
152 4 50
152 4 50
152 4 50
152 4 50
152 4 50
152 4 50
152 4 50
152 4 50
152 4 50
152 4 50
152 4 50
152 4 50
152 4 50
152 4 50
152 4 50
152 4 50
152 4 50
152 4 50
152 4 50
152 4 50
152 4 50
152 4 50
152 4 50
152 4 50
152 4 50
152 4 50
152 4 50
152 4 50
152 4 50
152 4 50
152 4 50
152 4 50
152 4 50
152 4 50
152 4 50
152 4 50
152 4 50
152 4 50
152 4 50
152 4 50
152 4 50
152 4 50
152 4 50
152 4 50
152 4 50
152 4 50
152 4 50
152 4 50
152 4 50
152 4 50
152 4 50
152 4 50
152 4 50
152 4 50
152 4 50
152 4 50
153 4 50
153 4 50
153 4 50
153 4 50
153 4 50
153 4 50
153 4 50
153 4 50
153 4 50
153 4 50
153 4 50
153 4 50
153 4 50
153 4 50
153 4 50
153 4 50
153 4 50
153 4 50
153 4 50
153 4 50
153 4 50
153 4 50
153 4 50
153 4 50
153 4 50
153 4 50
153 4 50
153 4 50
153 4 50
153 4 50
153 4 50
153 4 50
153 4 50
153 4 50
153 4 50
153 4 50
153 4 50
153 4 50
153 4 50
153 4 50
153 4 50
153 4 50
153 4 50
153 4 50
153 4 50
153 4 50
153 4 50
153 4 50
153 4 50
153 4 50
153 4 50
153 4 50
153 4 50
153 4 50
153 4 50
153 4 50
153 4 50
153 4 50
153 4 50
153 4 50
153 4 50
153 4 50
153 4 50
153 4 50
154 4 50
154 4 50
154 4 50
154 4 50
154 4 50
154 4 50
154 4 50
154 4 50
154 4 50
154 4 50
154 4 50
154 4 50
154 4 50
154 4 50
154 4 50
154 4 50
154 4 50
154 4 50
154 4 50
154 4 50
154 4 50
154 4 50
154 4 50
154 4 50
154 4 50
154 4 50
154 4 50
154 4 50
154 4 50
154 4 50
154 4 50
154 4 50
154 4 50
154 4 50
154 4 50
154 4 50
154 4 50
154 4 50
154 4 50
154 4 50
154 4 50
154 4 50
154 4 50
154 4 50
154 4 50
154 4 50
154 4 50
154 4 50
154 4 50
154 4 50
154 4 50
154 4 50
154 4 50
154 4 50
154 4 50
154 4 50
154 4 50
154 4 50
154 4 50
154 4 50
154 4 50
154 4 50
154 4 50
154 4 50
154 4 50
154 4 50
154 4 50
154 4 50
154 4 50
155 4 50
155 4 50
155 4 50
155 4 50
155 4 50
155 4 50
155 4 50
155 4 50
155 4 50
155 4 50
155 4 50
155 4 50
155 4 50
155 4 50
155 4 50
155 4 50
155 4 50
155 4 50
155 4 50
155 4 50
155 4 50
155 4 50
155 4 50
155 4 50
155 4 50
155 4 50
155 4 50
155 4 50
155 4 50
155 4 50
155 4 50
155 4 50
155 4 50
155 4 50
155 4 50
155 4 50
155 4 50
155 4 50
155 4 50
155 4 50
155 4 50
155 4 50
155 4 50
155 4 50
155 4 50
155 4 50
155 4 50
155 4 50
155 4 50
155 4 50
155 4 50
155 4 50
155 4 50
155 4 50
155 4 50
155 4 50
155 4 50
155 4 50
155 4 50
155 4 50
155 4 50
155 4 50
155 4 50
155 4 50
155 4 50
155 4 50
155 4 50
155 4 50
155 4 50
155 4 50
155 4 50
155 4 50
155 4 50
155 4 50
156 4 50
156 4 50
156 4 50
156 4 50
156 4 50
156 4 50
156 4 50
156 4 50
156 4 50
156 4 50
156 4 50
156 4 50
156 4 50
156 4 50
156 4 50
156 4 50
156 4 50
156 4 50
156 4 50
156 4 50
156 4 50
156 4 50
156 4 50
156 4 50
156 4 50
156 4 50
156 4 50
156 4 50
156 4 50
156 4 50
156 4 50
156 4 50
156 4 50
156 4 50
156 4 50
156 4 50
156 4 50
156 4 50
156 4 50
156 4 50
156 4 50
156 4 50
156 4 50
156 4 50
156 4 50
156 4 50
156 4 50
156 4 50
156 4 50
156 4 50
156 4 50
156 4 50
156 4 50
156 4 50
156 4 50
156 4 50
156 4 50
156 4 50
156 4 50
156 4 50
156 4 50
156 4 50
156 4 50
156 4 50
156 4 50
156 4 50
156 4 50
156 4 50
156 4 50
156 4 50
156 4 50
156 4 50
156 4 50
156 4 50
156 4 50
156 4 50
156 4 50
156 4 50
156 4 50
157 4 50
157 4 50
157 4 50
157 4 50
157 4 50
157 4 50
157 4 50
157 4 50
157 4 50
157 4 50
157 4 50
157 4 50
157 4 50
157 4 50
157 4 50
157 4 50
157 4 50
157 4 50
157 4 50
157 4 50
157 4 50
157 4 50
157 4 50
157 4 50
157 4 50
157 4 50
157 4 50
157 4 50
157 4 50
157 4 50
157 4 50
157 4 50
157 4 50
157 4 50
157 4 50
157 4 50
157 4 50
157 4 50
157 4 50
157 4 50
157 4 50
157 4 50
157 4 50
157 4 50
157 4 50
157 4 50
157 4 50
157 4 50
157 4 50
157 4 50
157 4 50
157 4 50
157 4 50
157 4 50
157 4 50
157 4 50
157 4 50
157 4 50
157 4 50
157 4 50
157 4 50
157 4 50
157 4 50
157 4 50
157 4 50
157 4 50
157 4 50
157 4 50
157 4 50
157 4 50
157 4 50
157 4 50
157 4 50
157 4 50
157 4 50
157 4 50
157 4 50
157 4 50
157 4 50
157 4 50
157 4 50
157 4 50
157 4 50
158 4 50
158 4 50
158 4 50
158 4 50
158 4 50
158 4 50
158 4 50
158 4 50
158 4 50
158 4 50
158 4 50
158 4 50
158 4 50
158 4 50
158 4 50
158 4 50
158 4 50
158 4 50
158 4 50
158 4 50
158 4 50
158 4 50
158 4 50
158 4 50
158 4 50
158 4 50
158 4 50
158 4 50
158 4 50
158 4 50
158 4 50
158 4 50
158 4 50
158 4 50
158 4 50
158 4 50
158 4 50
158 4 50
158 4 50
158 4 50
158 4 50
158 4 50
158 4 50
158 4 50
158 4 50
158 4 50
158 4 50
158 4 50
158 4 50
158 4 50
158 4 50
158 4 50
158 4 50
158 4 50
158 4 50
158 4 50
158 4 50
158 4 50
158 4 50
158 4 50
158 4 50
158 4 50
158 4 50
158 4 50
158 4 50
158 4 50
158 4 50
158 4 50
158 4 50
158 4 50
158 4 50
158 4 50
158 4 50
158 4 50
158 4 50
158 4 50
158 4 50
158 4 50
158 4 50
158 4 50
158 4 50
158 4 50
158 4 50
158 4 50
158 4 50
158 4 50
159 4 50
159 4 50
159 4 50
159 4 50
159 4 50
159 4 50
159 4 50
159 4 50
159 4 50
159 4 50
159 4 50
159 4 50
159 4 50
159 4 50
159 4 50
159 4 50
159 4 50
159 4 50
159 4 50
159 4 50
159 4 50
159 4 50
159 4 50
159 4 50
159 4 50
159 4 50
159 4 50
159 4 50
159 4 50
159 4 50
159 4 50
159 4 50
159 4 50
159 4 50
159 4 50
159 4 50
159 4 50
159 4 50
159 4 50
159 4 50
159 4 50
159 4 50
159 4 50
159 4 50
159 4 50
159 4 50
159 4 50
159 4 50
159 4 50
159 4 50
159 4 50
159 4 50
159 4 50
159 4 50
159 4 50
159 4 50
159 4 50
159 4 50
159 4 50
159 4 50
159 4 50
159 4 50
159 4 50
159 4 50
159 4 50
159 4 50
159 4 50
159 4 50
159 4 50
159 4 50
159 4 50
159 4 50
159 4 50
159 4 50
159 4 50
159 4 50
159 4 50
159 4 50
159 4 50
159 4 50
159 4 50
159 4 50
159 4 50
159 4 50
159 4 50
159 4 50
159 4 50
159 4 50
159 4 50
160 4 50
160 4 50
160 4 50
160 4 50
160 4 50
160 4 50
160 4 50
160 4 50
160 4 50
160 4 50
160 4 50
160 4 50
160 4 50
160 4 50
160 4 50
160 4 50
160 4 50
160 4 50
160 4 50
160 4 50
160 4 50
160 4 50
160 4 50
160 4 50
160 4 50
160 4 50
160 4 50
160 4 50
160 4 50
160 4 50
160 4 50
160 4 50
160 4 50
160 4 50
160 4 50
160 4 50
160 4 50
160 4 50
160 4 50
160 4 50
160 4 50
160 4 50
160 4 50
160 4 50
160 4 50
160 4 50
160 4 50
160 4 50
160 4 50
160 4 50
160 4 50
160 4 50
160 4 50
160 4 50
160 4 50
160 4 50
160 4 50
160 4 50
160 4 50
160 4 50
160 4 50
160 4 50
160 4 50
160 4 50
160 4 50
160 4 50
160 4 50
160 4 50
160 4 50
160 4 50
160 4 50
160 4 50
160 4 50
160 4 50
160 4 50
160 4 50
160 4 50
160 4 50
160 4 50
160 4 50
160 4 50
160 4 50
160 4 50
160 4 50
160 4 50
160 4 50
160 4 50
160 4 50
160 4 50
160 4 50
160 4 50
161 4 50
161 4 50
161 4 50
161 4 50
161 4 50
161 4 50
161 4 50
161 4 50
161 4 50
161 4 50
161 4 50
161 4 50
161 4 50
161 4 50
161 4 50
161 4 50
161 4 50
161 4 50
161 4 50
161 4 50
161 4 50
161 4 50
161 4 50
161 4 50
161 4 50
161 4 50
161 4 50
161 4 50
161 4 50
161 4 50
161 4 50
161 4 50
161 4 50
161 4 50
161 4 50
161 4 50
161 4 50
161 4 50
161 4 50
161 4 50
161 4 50
161 4 50
161 4 50
161 4 50
161 4 50
161 4 50
161 4 50
161 4 50
161 4 50
161 4 50
161 4 50
161 4 50
161 4 50
161 4 50
161 4 50
161 4 50
161 4 50
161 4 50
161 4 50
161 4 50
161 4 50
161 4 50
161 4 50
161 4 50
161 4 50
161 4 50
161 4 50
161 4 50
161 4 50
161 4 50
161 4 50
161 4 50
161 4 50
161 4 50
161 4 50
161 4 50
161 4 50
161 4 50
161 4 50
161 4 50
161 4 50
161 4 50
161 4 50
161 4 50
161 4 50
161 4 50
161 4 50
161 4 50
161 4 50
161 4 50
161 4 50
161 4 50
162 4 50
162 4 50
162 4 50
162 4 50
162 4 50
162 4 50
162 4 50
162 4 50
162 4 50
162 4 50
162 4 50
162 4 50
162 4 50
162 4 50
162 4 50
162 4 50
162 4 50
162 4 50
162 4 50
162 4 50
162 4 50
162 4 50
162 4 50
162 4 50
162 4 50
162 4 50
162 4 50
162 4 50
162 4 50
162 4 50
162 4 50
162 4 50
162 4 50
162 4 50
162 4 50
162 4 50
162 4 50
162 4 50
162 4 50
162 4 50
162 4 50
162 4 50
162 4 50
162 4 50
162 4 50
162 4 50
162 4 50
162 4 50
162 4 50
162 4 50
162 4 50
162 4 50
162 4 50
162 4 50
162 4 50
162 4 50
162 4 50
162 4 50
162 4 50
162 4 50
162 4 50
162 4 50
162 4 50
162 4 50
162 4 50
162 4 50
162 4 50
162 4 50
162 4 50
162 4 50
162 4 50
162 4 50
162 4 50
162 4 50
162 4 50
162 4 50
162 4 50
162 4 50
162 4 50
162 4 50
162 4 50
162 4 50
162 4 50
162 4 50
162 4 50
162 4 50
162 4 50
162 4 50
162 4 50
162 4 50
162 4 50
162 4 50
162 4 50
163 4 50
163 4 50
163 4 50
163 4 50
163 4 50
163 4 50
163 4 50
163 4 50
163 4 50
163 4 50
163 4 50
163 4 50
163 4 50
163 4 50
163 4 50
163 4 50
163 4 50
163 4 50
163 4 50
163 4 50
163 4 50
163 4 50
163 4 50
163 4 50
163 4 50
163 4 50
163 4 50
163 4 50
163 4 50
163 4 50
163 4 50
163 4 50
163 4 50
163 4 50
163 4 50
163 4 50
163 4 50
163 4 50
163 4 50
163 4 50
163 4 50
163 4 50
163 4 50
163 4 50
163 4 50
163 4 50
163 4 50
163 4 50
163 4 50
163 4 50
163 4 50
163 4 50
163 4 50
163 4 50
163 4 50
163 4 50
163 4 50
163 4 50
163 4 50
163 4 50
163 4 50
163 4 50
163 4 50
163 4 50
163 4 50
163 4 50
163 4 50
163 4 50
163 4 50
163 4 50
163 4 50
163 4 50
163 4 50
163 4 50
163 4 50
163 4 50
163 4 50
163 4 50
163 4 50
163 4 50
163 4 50
163 4 50
163 4 50
163 4 50
163 4 50
163 4 50
163 4 50
163 4 50
163 4 50
163 4 50
163 4 50
163 4 50
163 4 50
164 4 50
164 4 50
164 4 50
164 4 50
164 4 50
164 4 50
164 4 50
164 4 50
164 4 50
164 4 50
164 4 50
164 4 50
164 4 50
164 4 50
164 4 50
164 4 50
164 4 50
164 4 50
164 4 50
164 4 50
164 4 50
164 4 50
164 4 50
164 4 50
164 4 50
164 4 50
164 4 50
164 4 50
164 4 50
164 4 50
164 4 50
164 4 50
164 4 50
164 4 50
164 4 50
164 4 50
164 4 50
164 4 50
164 4 50
164 4 50
164 4 50
164 4 50
164 4 50
164 4 50
164 4 50
164 4 50
164 4 50
164 4 50
164 4 50
164 4 50
164 4 50
164 4 50
164 4 50
164 4 50
164 4 50
164 4 50
164 4 50
164 4 50
164 4 50
164 4 50
164 4 50
164 4 50
164 4 50
164 4 50
164 4 50
164 4 50
164 4 50
164 4 50
164 4 50
164 4 50
164 4 50
164 4 50
164 4 50
164 4 50
164 4 50
164 4 50
164 4 50
164 4 50
164 4 50
164 4 50
164 4 50
164 4 50
164 4 50
164 4 50
164 4 50
164 4 50
164 4 50
164 4 50
164 4 50
164 4 50
164 4 50
165 4 50
165 4 50
165 4 50
165 4 50
165 4 50
165 4 50
165 4 50
165 4 50
165 4 50
165 4 50
165 4 50
165 4 50
165 4 50
165 4 50
165 4 50
165 4 50
165 4 50
165 4 50
165 4 50
165 4 50
165 4 50
165 4 50
165 4 50
165 4 50
165 4 50
165 4 50
165 4 50
165 4 50
165 4 50
165 4 50
165 4 50
165 4 50
165 4 50
165 4 50
165 4 50
165 4 50
165 4 50
165 4 50
165 4 50
165 4 50
165 4 50
165 4 50
165 4 50
165 4 50
165 4 50
165 4 50
165 4 50
165 4 50
165 4 50
165 4 50
165 4 50
165 4 50
165 4 50
165 4 50
165 4 50
165 4 50
165 4 50
165 4 50
165 4 50
165 4 50
165 4 50
165 4 50
165 4 50
165 4 50
165 4 50
165 4 50
165 4 50
165 4 50
165 4 50
165 4 50
165 4 50
165 4 50
165 4 50
165 4 50
165 4 50
165 4 50
165 4 50
165 4 50
165 4 50
165 4 50
165 4 50
165 4 50
165 4 50
165 4 50
165 4 50
165 4 50
165 4 50
165 4 50
165 4 50
166 4 50
166 4 50
166 4 50
166 4 50
166 4 50
166 4 50
166 4 50
166 4 50
166 4 50
166 4 50
166 4 50
166 4 50
166 4 50
166 4 50
166 4 50
166 4 50
166 4 50
166 4 50
166 4 50
166 4 50
166 4 50
166 4 50
166 4 50
166 4 50
166 4 50
166 4 50
166 4 50
166 4 50
166 4 50
166 4 50
166 4 50
166 4 50
166 4 50
166 4 50
166 4 50
166 4 50
166 4 50
166 4 50
166 4 50
166 4 50
166 4 50
166 4 50
166 4 50
166 4 50
166 4 50
166 4 50
166 4 50
166 4 50
166 4 50
166 4 50
166 4 50
166 4 50
166 4 50
166 4 50
166 4 50
166 4 50
166 4 50
166 4 50
166 4 50
166 4 50
166 4 50
166 4 50
166 4 50
166 4 50
166 4 50
166 4 50
166 4 50
166 4 50
166 4 50
166 4 50
166 4 50
166 4 50
166 4 50
166 4 50
166 4 50
166 4 50
166 4 50
166 4 50
166 4 50
166 4 50
166 4 50
166 4 50
166 4 50
166 4 50
166 4 50
166 4 50
167 4 50
167 4 50
167 4 50
167 4 50
167 4 50
167 4 50
167 4 50
167 4 50
167 4 50
167 4 50
167 4 50
167 4 50
167 4 50
167 4 50
167 4 50
167 4 50
167 4 50
167 4 50
167 4 50
167 4 50
167 4 50
167 4 50
167 4 50
167 4 50
167 4 50
167 4 50
167 4 50
167 4 50
167 4 50
167 4 50
167 4 50
167 4 50
167 4 50
167 4 50
167 4 50
167 4 50
167 4 50
167 4 50
167 4 50
167 4 50
167 4 50
167 4 50
167 4 50
167 4 50
167 4 50
167 4 50
167 4 50
167 4 50
167 4 50
167 4 50
167 4 50
167 4 50
167 4 50
167 4 50
167 4 50
167 4 50
167 4 50
167 4 50
167 4 50
167 4 50
167 4 50
167 4 50
167 4 50
167 4 50
167 4 50
167 4 50
167 4 50
167 4 50
167 4 50
167 4 50
167 4 50
167 4 50
167 4 50
167 4 50
167 4 50
167 4 50
167 4 50
167 4 50
167 4 50
167 4 50
167 4 50
167 4 50
167 4 50
168 4 50
168 4 50
168 4 50
168 4 50
168 4 50
168 4 50
168 4 50
168 4 50
168 4 50
168 4 50
168 4 50
168 4 50
168 4 50
168 4 50
168 4 50
168 4 50
168 4 50
168 4 50
168 4 50
168 4 50
168 4 50
168 4 50
168 4 50
168 4 50
168 4 50
168 4 50
168 4 50
168 4 50
168 4 50
168 4 50
168 4 50
168 4 50
168 4 50
168 4 50
168 4 50
168 4 50
168 4 50
168 4 50
168 4 50
168 4 50
168 4 50
168 4 50
168 4 50
168 4 50
168 4 50
168 4 50
168 4 50
168 4 50
168 4 50
168 4 50
168 4 50
168 4 50
168 4 50
168 4 50
168 4 50
168 4 50
168 4 50
168 4 50
168 4 50
168 4 50
168 4 50
168 4 50
168 4 50
168 4 50
168 4 50
168 4 50
168 4 50
168 4 50
168 4 50
168 4 50
168 4 50
168 4 50
168 4 50
168 4 50
168 4 50
168 4 50
168 4 50
168 4 50
169 4 50
169 4 50
169 4 50
169 4 50
169 4 50
169 4 50
169 4 50
169 4 50
169 4 50
169 4 50
169 4 50
169 4 50
169 4 50
169 4 50
169 4 50
169 4 50
169 4 50
169 4 50
169 4 50
169 4 50
169 4 50
169 4 50
169 4 50
169 4 50
169 4 50
169 4 50
169 4 50
169 4 50
169 4 50
169 4 50
169 4 50
169 4 50
169 4 50
169 4 50
169 4 50
169 4 50
169 4 50
169 4 50
169 4 50
169 4 50
169 4 50
169 4 50
169 4 50
169 4 50
169 4 50
169 4 50
169 4 50
169 4 50
169 4 50
169 4 50
169 4 50
169 4 50
169 4 50
169 4 50
169 4 50
169 4 50
169 4 50
169 4 50
169 4 50
169 4 50
169 4 50
169 4 50
169 4 50
169 4 50
169 4 50
169 4 50
169 4 50
169 4 50
169 4 50
169 4 50
169 4 50
169 4 50
170 4 50
170 4 50
170 4 50
170 4 50
170 4 50
170 4 50
170 4 50
170 4 50
170 4 50
170 4 50
170 4 50
170 4 50
170 4 50
170 4 50
170 4 50
170 4 50
170 4 50
170 4 50
170 4 50
170 4 50
170 4 50
170 4 50
170 4 50
170 4 50
170 4 50
170 4 50
170 4 50
170 4 50
170 4 50
170 4 50
170 4 50
170 4 50
170 4 50
170 4 50
170 4 50
170 4 50
170 4 50
170 4 50
170 4 50
170 4 50
170 4 50
170 4 50
170 4 50
170 4 50
170 4 50
170 4 50
170 4 50
170 4 50
170 4 50
170 4 50
170 4 50
170 4 50
170 4 50
170 4 50
170 4 50
170 4 50
170 4 50
170 4 50
170 4 50
170 4 50
170 4 50
170 4 50
170 4 50
170 4 50
170 4 50
171 4 50
171 4 50
171 4 50
171 4 50
171 4 50
171 4 50
171 4 50
171 4 50
171 4 50
171 4 50
171 4 50
171 4 50
171 4 50
171 4 50
171 4 50
171 4 50
171 4 50
171 4 50
171 4 50
171 4 50
171 4 50
171 4 50
171 4 50
171 4 50
171 4 50
171 4 50
171 4 50
171 4 50
171 4 50
171 4 50
171 4 50
171 4 50
171 4 50
171 4 50
171 4 50
171 4 50
171 4 50
171 4 50
171 4 50
171 4 50
171 4 50
171 4 50
171 4 50
171 4 50
171 4 50
171 4 50
171 4 50
171 4 50
171 4 50
171 4 50
171 4 50
171 4 50
171 4 50
171 4 50
171 4 50
171 4 50
171 4 50
171 4 50
172 4 50
172 4 50
172 4 50
172 4 50
172 4 50
172 4 50
172 4 50
172 4 50
172 4 50
172 4 50
172 4 50
172 4 50
172 4 50
172 4 50
172 4 50
172 4 50
172 4 50
172 4 50
172 4 50
172 4 50
172 4 50
172 4 50
172 4 50
172 4 50
172 4 50
172 4 50
172 4 50
172 4 50
172 4 50
172 4 50
172 4 50
172 4 50
172 4 50
172 4 50
172 4 50
172 4 50
172 4 50
172 4 50
172 4 50
172 4 50
172 4 50
172 4 50
172 4 50
172 4 50
172 4 50
172 4 50
172 4 50
172 4 50
172 4 50
172 4 50
172 4 50
173 4 50
173 4 50
173 4 50
173 4 50
173 4 50
173 4 50
173 4 50
173 4 50
173 4 50
173 4 50
173 4 50
173 4 50
173 4 50
173 4 50
173 4 50
173 4 50
173 4 50
173 4 50
173 4 50
173 4 50
173 4 50
173 4 50
173 4 50
173 4 50
173 4 50
173 4 50
173 4 50
173 4 50
173 4 50
173 4 50
173 4 50
173 4 50
173 4 50
173 4 50
173 4 50
173 4 50
173 4 50
173 4 50
173 4 50
173 4 50
173 4 50
173 4 50
173 4 50
174 4 50
174 4 50
174 4 50
174 4 50
174 4 50
174 4 50
174 4 50
174 4 50
174 4 50
174 4 50
174 4 50
174 4 50
174 4 50
174 4 50
174 4 50
174 4 50
174 4 50
174 4 50
174 4 50
174 4 50
174 4 50
174 4 50
174 4 50
174 4 50
174 4 50
174 4 50
174 4 50
174 4 50
174 4 50
174 4 50
174 4 50
174 4 50
174 4 50
174 4 50
174 4 50
174 4 50
175 4 50
175 4 50
175 4 50
175 4 50
175 4 50
175 4 50
175 4 50
175 4 50
175 4 50
175 4 50
175 4 50
175 4 50
175 4 50
175 4 50
175 4 50
175 4 50
175 4 50
175 4 50
175 4 50
175 4 50
175 4 50
175 4 50
175 4 50
175 4 50
175 4 50
175 4 50
175 4 50
175 4 50
175 4 50
175 4 50
176 4 50
176 4 50
176 4 50
176 4 50
176 4 50
176 4 50
176 4 50
176 4 50
176 4 50
176 4 50
176 4 50
176 4 50
176 4 50
176 4 50
176 4 50
176 4 50
176 4 50
176 4 50
176 4 50
176 4 50
176 4 50
176 4 50
176 4 50
176 4 50
177 4 50
177 4 50
177 4 50
177 4 50
177 4 50
177 4 50
177 4 50
177 4 50
177 4 50
177 4 50
177 4 50
177 4 50
177 4 50
177 4 50
177 4 50
177 4 50
177 4 50
177 4 50
177 4 50
177 4 50
178 4 50
178 4 50
178 4 50
178 4 50
178 4 50
178 4 50
178 4 50
178 4 50
178 4 50
178 4 50
178 4 50
178 4 50
178 4 50
178 4 50
178 4 50
178 4 50
178 4 50
179 4 50
179 4 50
179 4 50
179 4 50
179 4 50
179 4 50
179 4 50
179 4 50
179 4 50
179 4 50
179 4 50
179 4 50
179 4 50
179 4 50
180 4 50
180 4 50
180 4 50
180 4 50
180 4 50
180 4 50
180 4 50
180 4 50
180 4 50
180 4 50
180 4 50
180 4 50
181 4 50
181 4 50
181 4 50
181 4 50
181 4 50
181 4 50
181 4 50
181 4 50
181 4 50
181 4 50
181 4 50
182 4 50
182 4 50
182 4 50
182 4 50
182 4 50
182 4 50
182 4 50
182 4 50
182 4 50
182 4 50
183 4 50
183 4 50
183 4 50
183 4 50
183 4 50
183 4 50
183 4 50
183 4 50
183 4 50
184 4 50
184 4 50
184 4 50
184 4 50
184 4 50
184 4 50
184 4 50
184 4 50
185 4 50
185 4 50
185 4 50
185 4 50
185 4 50
185 4 50
185 4 50
186 4 50
186 4 50
186 4 50
186 4 50
186 4 50
186 4 50
186 4 50
187 4 50
187 4 50
187 4 50
187 4 50
187 4 50
187 4 50
188 4 50
188 4 50
188 4 50
188 4 50
188 4 50
188 4 50
189 4 50
189 4 50
189 4 50
189 4 50
189 4 50
189 4 50
189 4 50
190 4 50
190 4 50
190 4 50
190 4 50
190 4 50
190 4 50
190 4 50
190 5 300
190 5 50
190 6 50
190 6 50
190 6 50
190 6 50
190 6 50
190 6 50
190 6 50
190 6 50
190 7 50
190 7 50
190 7 50
190 7 50
190 7 50
190 7 50
190 7 50
190 7 50
190 8 50
190 8 50
190 8 50
190 8 50
190 8 50
190 8 50
190 8 50
190 8 50
190 8 50
190 9 50
190 9 50
190 9 50
190 9 50
190 9 50
190 9 50
190 9 50
190 9 50
190 9 50
190 9 50
190 10 50
190 10 50
190 10 50
190 10 50
190 10 50
190 10 50
190 10 50
190 10 50
190 10 50
190 10 50
190 10 50
190 10 50
190 11 50
190 11 50
190 11 50
190 11 50
190 11 50
190 11 50
190 11 50
190 11 50
190 11 50
190 11 50
190 11 50
190 11 50
190 11 50
190 12 50
190 12 50
190 12 50
190 12 50
190 12 50
190 12 50
190 12 50
190 12 50
190 12 50
190 12 50
190 12 50
190 12 50
190 12 50
190 12 50
190 12 50
190 12 50
190 13 50
190 13 50
190 13 50
190 13 50
190 13 50
190 13 50
190 13 50
190 13 50
190 13 50
190 13 50
190 13 50
190 13 50
190 13 50
190 13 50
190 13 50
190 13 50
190 13 50
190 13 50
190 14 50
190 14 50
190 14 50
190 14 50
190 14 50
190 14 50
190 14 50
190 14 50
190 14 50
190 14 50
190 14 50
190 14 50
190 14 50
190 14 50
190 14 50
190 14 50
190 14 50
190 14 50
190 14 50
190 14 50
190 14 50
190 15 50
190 15 50
190 15 50
190 15 50
190 15 50
190 15 50
190 15 50
190 15 50
190 15 50
190 15 50
190 15 50
190 15 50
190 15 50
190 15 50
190 15 50
190 15 50
190 15 50
190 15 50
190 15 50
190 15 50
190 15 50
190 15 50
190 15 50
190 15 50
190 15 50
190 16 50
190 16 50
190 16 50
190 16 50
190 16 50
190 16 50
190 16 50
190 16 50
190 16 50
190 16 50
190 16 50
190 16 50
190 16 50
190 16 50
190 16 50
190 16 50
190 16 50
190 16 50
190 16 50
190 16 50
190 16 50
190 16 50
190 16 50
190 16 50
190 16 50
190 16 50
190 16 50
190 16 50
190 16 50
190 17 50
190 17 50
190 17 50
190 17 50
190 17 50
190 17 50
190 17 50
190 17 50
190 17 50
190 17 50
190 17 50
190 17 50
190 17 50
190 17 50
190 17 50
190 17 50
190 17 50
190 17 50
190 17 50
190 17 50
190 17 50
190 17 50
190 17 50
190 17 50
190 17 50
190 17 50
190 17 50
190 17 50
190 17 50
190 17 50
190 17 50
190 17 50
190 17 50
190 17 50
190 18 50
190 18 50
190 18 50
190 18 50
190 18 50
190 18 50
190 18 50
190 18 50
190 18 50
190 18 50
190 18 50
190 18 50
190 18 50
190 18 50
190 18 50
190 18 50
190 18 50
190 18 50
190 18 50
190 18 50
190 18 50
190 18 50
190 18 50
190 18 50
190 18 50
190 18 50
190 18 50
190 18 50
190 18 50
190 18 50
190 18 50
190 18 50
190 18 50
190 18 50
190 18 50
190 18 50
190 18 50
190 18 50
190 19 50
190 19 50
190 19 50
190 19 50
190 19 50
190 19 50
190 19 50
190 19 50
190 19 50
190 19 50
190 19 50
190 19 50
190 19 50
190 19 50
190 19 50
190 19 50
190 19 50
190 19 50
190 19 50
190 19 50
190 19 50
190 19 50
190 19 50
190 19 50
190 19 50
190 19 50
190 19 50
190 19 50
190 19 50
190 19 50
190 19 50
190 19 50
190 19 50
190 19 50
190 19 50
190 19 50
190 19 50
190 19 50
190 19 50
190 19 50
190 19 50
190 19 50
190 19 50
190 20 50
190 20 50
190 20 50
190 20 50
190 20 50
190 20 50
190 20 50
190 20 50
190 20 50
190 20 50
190 20 50
190 20 50
190 20 50
190 20 50
190 20 50
190 20 50
190 20 50
190 20 50
190 20 50
190 20 50
190 20 50
190 20 50
190 20 50
190 20 50
190 20 50
190 20 50
190 20 50
190 20 50
190 20 50
190 20 50
190 20 50
190 20 50
190 20 50
190 20 50
190 20 50
190 20 50
190 20 50
190 20 50
190 20 50
190 20 50
190 20 50
190 20 50
190 20 50
190 20 50
190 20 50
190 20 50
190 20 50
190 21 50
190 21 50
190 21 50
190 21 50
190 21 50
190 21 50
190 21 50
190 21 50
190 21 50
190 21 50
190 21 50
190 21 50
190 21 50
190 21 50
190 21 50
190 21 50
190 21 50
190 21 50
190 21 50
190 21 50
190 21 50
190 21 50
190 21 50
190 21 50
190 21 50
190 21 50
190 21 50
190 21 50
190 21 50
190 21 50
190 21 50
190 21 50
190 21 50
190 21 50
190 21 50
190 21 50
190 21 50
190 21 50
190 21 50
190 21 50
190 21 50
190 21 50
190 21 50
190 21 50
190 21 50
190 21 50
190 21 50
190 21 50
190 21 50
190 21 50
190 21 50
190 21 50
190 22 50
190 22 50
190 22 50
190 22 50
190 22 50
190 22 50
190 22 50
190 22 50
190 22 50
190 22 50
190 22 50
190 22 50
190 22 50
190 22 50
190 22 50
190 22 50
190 22 50
190 22 50
190 22 50
190 22 50
190 22 50
190 22 50
190 22 50
190 22 50
190 22 50
190 22 50
190 22 50
190 22 50
190 22 50
190 22 50
190 22 50
190 22 50
190 22 50
190 22 50
190 22 50
190 22 50
190 22 50
190 22 50
190 22 50
190 22 50
190 22 50
190 22 50
190 22 50
190 22 50
190 22 50
190 22 50
190 22 50
190 22 50
190 22 50
190 22 50
190 22 50
190 22 50
190 22 50
190 22 50
190 22 50
190 22 50
190 23 50
190 23 50
190 23 50
190 23 50
190 23 50
190 23 50
190 23 50
190 23 50
190 23 50
190 23 50
190 23 50
190 23 50
190 23 50
190 23 50
190 23 50
190 23 50
190 23 50
190 23 50
190 23 50
190 23 50
190 23 50
190 23 50
190 23 50
190 23 50
190 23 50
190 23 50
190 23 50
190 23 50
190 23 50
190 23 50
190 23 50
190 23 50
190 23 50
190 23 50
190 23 50
190 23 50
190 23 50
190 23 50
190 23 50
190 23 50
190 23 50
190 23 50
190 23 50
190 23 50
190 23 50
190 23 50
190 23 50
190 23 50
190 23 50
190 23 50
190 23 50
190 23 50
190 23 50
190 23 50
190 23 50
190 23 50
190 23 50
190 23 50
190 23 50
190 23 50
190 24 50
190 24 50
190 24 50
190 24 50
190 24 50
190 24 50
190 24 50
190 24 50
190 24 50
190 24 50
190 24 50
190 24 50
190 24 50
190 24 50
190 24 50
190 24 50
190 24 50
190 24 50
190 24 50
190 24 50
190 24 50
190 24 50
190 24 50
190 24 50
190 24 50
190 24 50
190 24 50
190 24 50
190 24 50
190 24 50
190 24 50
190 24 50
190 24 50
190 24 50
190 24 50
190 24 50
190 24 50
190 24 50
190 24 50
190 24 50
190 24 50
190 24 50
190 24 50
190 24 50
190 24 50
190 24 50
190 24 50
190 24 50
190 24 50
190 24 50
190 24 50
190 24 50
190 24 50
190 24 50
190 24 50
190 24 50
190 24 50
190 24 50
190 24 50
190 24 50
190 24 50
190 24 50
190 24 50
190 25 50
190 25 50
190 25 50
190 25 50
190 25 50
190 25 50
190 25 50
190 25 50
190 25 50
190 25 50
190 25 50
190 25 50
190 25 50
190 25 50
190 25 50
190 25 50
190 25 50
190 25 50
190 25 50
190 25 50
190 25 50
190 25 50
190 25 50
190 25 50
190 25 50
190 25 50
190 25 50
190 25 50
190 25 50
190 25 50
190 25 50
190 25 50
190 25 50
190 25 50
190 25 50
190 25 50
190 25 50
190 25 50
190 25 50
190 25 50
190 25 50
190 25 50
190 25 50
190 25 50
190 25 50
190 25 50
190 25 50
190 25 50
190 25 50
190 25 50
190 25 50
190 25 50
190 25 50
190 25 50
190 25 50
190 25 50
190 25 50
190 25 50
190 25 50
190 25 50
190 25 50
190 25 50
190 25 50
190 25 50
190 25 50
190 25 50
190 25 50
190 26 50
190 26 50
190 26 50
190 26 50
190 26 50
190 26 50
190 26 50
190 26 50
190 26 50
190 26 50
190 26 50
190 26 50
190 26 50
190 26 50
190 26 50
190 26 50
190 26 50
190 26 50
190 26 50
190 26 50
190 26 50
190 26 50
190 26 50
190 26 50
190 26 50
190 26 50
190 26 50
190 26 50
190 26 50
190 26 50
190 26 50
190 26 50
190 26 50
190 26 50
190 26 50
190 26 50
190 26 50
190 26 50
190 26 50
190 26 50
190 26 50
190 26 50
190 26 50
190 26 50
190 26 50
190 26 50
190 26 50
190 26 50
190 26 50
190 26 50
190 26 50
190 26 50
190 26 50
190 26 50
190 26 50
190 26 50
190 26 50
190 26 50
190 26 50
190 26 50
190 26 50
190 26 50
190 26 50
190 26 50
190 26 50
190 26 50
190 26 50
190 26 50
190 26 50
190 26 50
190 27 50
190 27 50
190 27 50
190 27 50
190 27 50
190 27 50
190 27 50
190 27 50
190 27 50
190 27 50
190 27 50
190 27 50
190 27 50
190 27 50
190 27 50
190 27 50
190 27 50
190 27 50
190 27 50
190 27 50
190 27 50
190 27 50
190 27 50
190 27 50
190 27 50
190 27 50
190 27 50
190 27 50
190 27 50
190 27 50
190 27 50
190 27 50
190 27 50
190 27 50
190 27 50
190 27 50
190 27 50
190 27 50
190 27 50
190 27 50
190 27 50
190 27 50
190 27 50
190 27 50
190 27 50
190 27 50
190 27 50
190 27 50
190 27 50
190 27 50
190 27 50
190 27 50
190 27 50
190 27 50
190 27 50
190 27 50
190 27 50
190 27 50
190 27 50
190 27 50
190 27 50
190 27 50
190 27 50
190 27 50
190 27 50
190 27 50
190 27 50
190 27 50
190 27 50
190 27 50
190 27 50
190 27 50
190 27 50
190 28 50
190 28 50
190 28 50
190 28 50
190 28 50
190 28 50
190 28 50
190 28 50
190 28 50
190 28 50
190 28 50
190 28 50
190 28 50
190 28 50
190 28 50
190 28 50
190 28 50
190 28 50
190 28 50
190 28 50
190 28 50
190 28 50
190 28 50
190 28 50
190 28 50
190 28 50
190 28 50
190 28 50
190 28 50
190 28 50
190 28 50
190 28 50
190 28 50
190 28 50
190 28 50
190 28 50
190 28 50
190 28 50
190 28 50
190 28 50
190 28 50
190 28 50
190 28 50
190 28 50
190 28 50
190 28 50
190 28 50
190 28 50
190 28 50
190 28 50
190 28 50
190 28 50
190 28 50
190 28 50
190 28 50
190 28 50
190 28 50
190 28 50
190 28 50
190 28 50
190 28 50
190 28 50
190 28 50
190 28 50
190 28 50
190 28 50
190 28 50
190 28 50
190 28 50
190 28 50
190 28 50
190 28 50
190 28 50
190 28 50
190 28 50
190 28 50
190 29 50
190 29 50
190 29 50
190 29 50
190 29 50
190 29 50
190 29 50
190 29 50
190 29 50
190 29 50
190 29 50
190 29 50
190 29 50
190 29 50
190 29 50
190 29 50
190 29 50
190 29 50
190 29 50
190 29 50
190 29 50
190 29 50
190 29 50
190 29 50
190 29 50
190 29 50
190 29 50
190 29 50
190 29 50
190 29 50
190 29 50
190 29 50
190 29 50
190 29 50
190 29 50
190 29 50
190 29 50
190 29 50
190 29 50
190 29 50
190 29 50
190 29 50
190 29 50
190 29 50
190 29 50
190 29 50
190 29 50
190 29 50
190 29 50
190 29 50
190 29 50
190 29 50
190 29 50
190 29 50
190 29 50
190 29 50
190 29 50
190 29 50
190 29 50
190 29 50
190 29 50
190 29 50
190 29 50
190 29 50
190 29 50
190 29 50
190 29 50
190 29 50
190 29 50
190 29 50
190 29 50
190 29 50
190 29 50
190 29 50
190 29 50
190 29 50
190 29 50
190 29 50
190 30 50
190 30 50
190 30 50
190 30 50
190 30 50
190 30 50
190 30 50
190 30 50
190 30 50
190 30 50
190 30 50
190 30 50
190 30 50
190 30 50
190 30 50
190 30 50
190 30 50
190 30 50
190 30 50
190 30 50
190 30 50
190 30 50
190 30 50
190 30 50
190 30 50
190 30 50
190 30 50
190 30 50
190 30 50
190 30 50
190 30 50
190 30 50
190 30 50
190 30 50
190 30 50
190 30 50
190 30 50
190 30 50
190 30 50
190 30 50
190 30 50
190 30 50
190 30 50
190 30 50
190 30 50
190 30 50
190 30 50
190 30 50
190 30 50
190 30 50
190 30 50
190 30 50
190 30 50
190 30 50
190 30 50
190 30 50
190 30 50
190 30 50
190 30 50
190 30 50
190 30 50
190 30 50
190 30 50
190 30 50
190 30 50
190 30 50
190 30 50
190 30 50
190 30 50
190 30 50
190 30 50
190 30 50
190 30 50
190 30 50
190 30 50
190 30 50
190 30 50
190 30 50
190 30 50
190 31 50
190 31 50
190 31 50
190 31 50
190 31 50
190 31 50
190 31 50
190 31 50
190 31 50
190 31 50
190 31 50
190 31 50
190 31 50
190 31 50
190 31 50
190 31 50
190 31 50
190 31 50
190 31 50
190 31 50
190 31 50
190 31 50
190 31 50
190 31 50
190 31 50
190 31 50
190 31 50
190 31 50
190 31 50
190 31 50
190 31 50
190 31 50
190 31 50
190 31 50
190 31 50
190 31 50
190 31 50
190 31 50
190 31 50
190 31 50
190 31 50
190 31 50
190 31 50
190 31 50
190 31 50
190 31 50
190 31 50
190 31 50
190 31 50
190 31 50
190 31 50
190 31 50
190 31 50
190 31 50
190 31 50
190 31 50
190 31 50
190 31 50
190 31 50
190 31 50
190 31 50
190 31 50
190 31 50
190 31 50
190 31 50
190 31 50
190 31 50
190 31 50
190 31 50
190 31 50
190 31 50
190 31 50
190 31 50
190 31 50
190 31 50
190 31 50
190 31 50
190 31 50
190 31 50
190 32 50
190 32 50
190 32 50
190 32 50
190 32 50
190 32 50
190 32 50
190 32 50
190 32 50
190 32 50
190 32 50
190 32 50
190 32 50
190 32 50
190 32 50
190 32 50
190 32 50
190 32 50
190 32 50
190 32 50
190 32 50
190 32 50
190 32 50
190 32 50
190 32 50
190 32 50
190 32 50
190 32 50
190 32 50
190 32 50
190 32 50
190 32 50
190 32 50
190 32 50
190 32 50
190 32 50
190 32 50
190 32 50
190 32 50
190 32 50
190 32 50
190 32 50
190 32 50
190 32 50
190 32 50
190 32 50
190 32 50
190 32 50
190 32 50
190 32 50
190 32 50
190 32 50
190 32 50
190 32 50
190 32 50
190 32 50
190 32 50
190 32 50
190 32 50
190 32 50
190 32 50
190 32 50
190 32 50
190 32 50
190 32 50
190 32 50
190 32 50
190 32 50
190 32 50
190 32 50
190 32 50
190 32 50
190 32 50
190 32 50
190 32 50
190 32 50
190 32 50
190 32 50
190 32 50
190 33 50
190 33 50
190 33 50
190 33 50
190 33 50
190 33 50
190 33 50
190 33 50
190 33 50
190 33 50
190 33 50
190 33 50
190 33 50
190 33 50
190 33 50
190 33 50
190 33 50
190 33 50
190 33 50
190 33 50
190 33 50
190 33 50
190 33 50
190 33 50
190 33 50
190 33 50
190 33 50
190 33 50
190 33 50
190 33 50
190 33 50
190 33 50
190 33 50
190 33 50
190 33 50
190 33 50
190 33 50
190 33 50
190 33 50
190 33 50
190 33 50
190 33 50
190 33 50
190 33 50
190 33 50
190 33 50
190 33 50
190 33 50
190 33 50
190 33 50
190 33 50
190 33 50
190 33 50
190 33 50
190 33 50
190 33 50
190 33 50
190 33 50
190 33 50
190 33 50
190 33 50
190 33 50
190 33 50
190 33 50
190 33 50
190 33 50
190 33 50
190 33 50
190 33 50
190 33 50
190 33 50
190 33 50
190 33 50
190 33 50
190 33 50
190 33 50
190 33 50
190 33 50
190 34 50
190 34 50
190 34 50
190 34 50
190 34 50
190 34 50
190 34 50
190 34 50
190 34 50
190 34 50
190 34 50
190 34 50
190 34 50
190 34 50
190 34 50
190 34 50
190 34 50
190 34 50
190 34 50
190 34 50
190 34 50
190 34 50
190 34 50
190 34 50
190 34 50
190 34 50
190 34 50
190 34 50
190 34 50
190 34 50
190 34 50
190 34 50
190 34 50
190 34 50
190 34 50
190 34 50
190 34 50
190 34 50
190 34 50
190 34 50
190 34 50
190 34 50
190 34 50
190 34 50
190 34 50
190 34 50
190 34 50
190 34 50
190 34 50
190 34 50
190 34 50
190 34 50
190 34 50
190 34 50
190 34 50
190 34 50
190 34 50
190 34 50
190 34 50
190 34 50
190 34 50
190 34 50
190 34 50
190 34 50
190 34 50
190 34 50
190 34 50
190 34 50
190 34 50
190 34 50
190 34 50
190 34 50
190 34 50
190 34 50
190 34 50
190 34 50
190 35 50
190 35 50
190 35 50
190 35 50
190 35 50
190 35 50
190 35 50
190 35 50
190 35 50
190 35 50
190 35 50
190 35 50
190 35 50
190 35 50
190 35 50
190 35 50
190 35 50
190 35 50
190 35 50
190 35 50
190 35 50
190 35 50
190 35 50
190 35 50
190 35 50
190 35 50
190 35 50
190 35 50
190 35 50
190 35 50
190 35 50
190 35 50
190 35 50
190 35 50
190 35 50
190 35 50
190 35 50
190 35 50
190 35 50
190 35 50
190 35 50
190 35 50
190 35 50
190 35 50
190 35 50
190 35 50
190 35 50
190 35 50
190 35 50
190 35 50
190 35 50
190 35 50
190 35 50
190 35 50
190 35 50
190 35 50
190 35 50
190 35 50
190 35 50
190 35 50
190 35 50
190 35 50
190 35 50
190 35 50
190 35 50
190 35 50
190 35 50
190 35 50
190 35 50
190 35 50
190 35 50
190 35 50
190 35 50
190 36 50
190 36 50
190 36 50
190 36 50
190 36 50
190 36 50
190 36 50
190 36 50
190 36 50
190 36 50
190 36 50
190 36 50
190 36 50
190 36 50
190 36 50
190 36 50
190 36 50
190 36 50
190 36 50
190 36 50
190 36 50
190 36 50
190 36 50
190 36 50
190 36 50
190 36 50
190 36 50
190 36 50
190 36 50
190 36 50
190 36 50
190 36 50
190 36 50
190 36 50
190 36 50
190 36 50
190 36 50
190 36 50
190 36 50
190 36 50
190 36 50
190 36 50
190 36 50
190 36 50
190 36 50
190 36 50
190 36 50
190 36 50
190 36 50
190 36 50
190 36 50
190 36 50
190 36 50
190 36 50
190 36 50
190 36 50
190 36 50
190 36 50
190 36 50
190 36 50
190 36 50
190 36 50
190 36 50
190 36 50
190 36 50
190 36 50
190 36 50
190 36 50
190 36 50
190 36 50
190 37 50
190 37 50
190 37 50
190 37 50
190 37 50
190 37 50
190 37 50
190 37 50
190 37 50
190 37 50
190 37 50
190 37 50
190 37 50
190 37 50
190 37 50
190 37 50
190 37 50
190 37 50
190 37 50
190 37 50
190 37 50
190 37 50
190 37 50
190 37 50
190 37 50
190 37 50
190 37 50
190 37 50
190 37 50
190 37 50
190 37 50
190 37 50
190 37 50
190 37 50
190 37 50
190 37 50
190 37 50
190 37 50
190 37 50
190 37 50
190 37 50
190 37 50
190 37 50
190 37 50
190 37 50
190 37 50
190 37 50
190 37 50
190 37 50
190 37 50
190 37 50
190 37 50
190 37 50
190 37 50
190 37 50
190 37 50
190 37 50
190 37 50
190 37 50
190 37 50
190 37 50
190 37 50
190 37 50
190 37 50
190 37 50
190 38 50
190 38 50
190 38 50
190 38 50
190 38 50
190 38 50
190 38 50
190 38 50
190 38 50
190 38 50
190 38 50
190 38 50
190 38 50
190 38 50
190 38 50
190 38 50
190 38 50
190 38 50
190 38 50
190 38 50
190 38 50
190 38 50
190 38 50
190 38 50
190 38 50
190 38 50
190 38 50
190 38 50
190 38 50
190 38 50
190 38 50
190 38 50
190 38 50
190 38 50
190 38 50
190 38 50
190 38 50
190 38 50
190 38 50
190 38 50
190 38 50
190 38 50
190 38 50
190 38 50
190 38 50
190 38 50
190 38 50
190 38 50
190 38 50
190 38 50
190 38 50
190 38 50
190 38 50
190 38 50
190 38 50
190 38 50
190 38 50
190 38 50
190 38 50
190 38 50
190 39 50
190 39 50
190 39 50
190 39 50
190 39 50
190 39 50
190 39 50
190 39 50
190 39 50
190 39 50
190 39 50
190 39 50
190 39 50
190 39 50
190 39 50
190 39 50
190 39 50
190 39 50
190 39 50
190 39 50
190 39 50
190 39 50
190 39 50
190 39 50
190 39 50
190 39 50
190 39 50
190 39 50
190 39 50
190 39 50
190 39 50
190 39 50
190 39 50
190 39 50
190 39 50
190 39 50
190 39 50
190 39 50
190 39 50
190 39 50
190 39 50
190 39 50
190 39 50
190 39 50
190 39 50
190 39 50
190 39 50
190 39 50
190 39 50
190 39 50
190 39 50
190 39 50
190 39 50
190 39 50
190 39 50
190 40 50
190 40 50
190 40 50
190 40 50
190 40 50
190 40 50
190 40 50
190 40 50
190 40 50
190 40 50
190 40 50
190 40 50
190 40 50
190 40 50
190 40 50
190 40 50
190 40 50
190 40 50
190 40 50
190 40 50
190 40 50
190 40 50
190 40 50
190 40 50
190 40 50
190 40 50
190 40 50
190 40 50
190 40 50
190 40 50
190 40 50
190 40 50
190 40 50
190 40 50
190 40 50
190 40 50
190 40 50
190 40 50
190 40 50
190 40 50
190 40 50
190 40 50
190 40 50
190 40 50
190 40 50
190 40 50
190 40 50
190 40 50
190 40 50
190 41 50
190 41 50
190 41 50
190 41 50
190 41 50
190 41 50
190 41 50
190 41 50
190 41 50
190 41 50
190 41 50
190 41 50
190 41 50
190 41 50
190 41 50
190 41 50
190 41 50
190 41 50
190 41 50
190 41 50
190 41 50
190 41 50
190 41 50
190 41 50
190 41 50
190 41 50
190 41 50
190 41 50
190 41 50
190 41 50
190 41 50
190 41 50
190 41 50
190 41 50
190 41 50
190 41 50
190 41 50
190 41 50
190 41 50
190 41 50
190 41 50
190 41 50
190 41 50
190 42 50
190 42 50
190 42 50
190 42 50
190 42 50
190 42 50
190 42 50
190 42 50
190 42 50
190 42 50
190 42 50
190 42 50
190 42 50
190 42 50
190 42 50
190 42 50
190 42 50
190 42 50
190 42 50
190 42 50
190 42 50
190 42 50
190 42 50
190 42 50
190 42 50
190 42 50
190 42 50
190 42 50
190 42 50
190 42 50
190 42 50
190 42 50
190 42 50
190 42 50
190 42 50
190 42 50
190 42 50
190 43 50
190 43 50
190 43 50
190 43 50
190 43 50
190 43 50
190 43 50
190 43 50
190 43 50
190 43 50
190 43 50
190 43 50
190 43 50
190 43 50
190 43 50
190 43 50
190 43 50
190 43 50
190 43 50
190 43 50
190 43 50
190 43 50
190 43 50
190 43 50
190 43 50
190 43 50
190 43 50
190 43 50
190 43 50
190 43 50
190 43 50
190 44 50
190 44 50
190 44 50
190 44 50
190 44 50
190 44 50
190 44 50
190 44 50
190 44 50
190 44 50
190 44 50
190 44 50
190 44 50
190 44 50
190 44 50
190 44 50
190 44 50
190 44 50
190 44 50
190 44 50
190 44 50
190 44 50
190 44 50
190 44 50
190 44 50
190 44 50
190 45 50
190 45 50
190 45 50
190 45 50
190 45 50
190 45 50
190 45 50
190 45 50
190 45 50
190 45 50
190 45 50
190 45 50
190 45 50
190 45 50
190 45 50
190 45 50
190 45 50
190 45 50
190 45 50
190 45 50
190 45 50
190 46 50
190 46 50
190 46 50
190 46 50
190 46 50
190 46 50
190 46 50
190 46 50
190 46 50
190 46 50
190 46 50
190 46 50
190 46 50
190 46 50
190 46 50
190 46 50
190 46 50
190 47 50
190 47 50
190 47 50
190 47 50
190 47 50
190 47 50
190 47 50
190 47 50
190 47 50
190 47 50
190 47 50
190 47 50
190 47 50
190 47 50
190 48 50
190 48 50
190 48 50
190 48 50
190 48 50
190 48 50
190 48 50
190 48 50
190 48 50
190 48 50
190 48 50
190 49 50
190 49 50
190 49 50
190 49 50
190 49 50
190 49 50
190 49 50
190 49 50
190 49 50
190 50 50
190 50 50
190 50 50
190 50 50
190 50 50
190 50 50
190 50 50
190 50 50
190 51 50
190 51 50
190 51 50
190 51 50
190 51 50
190 51 50
190 52 50
190 52 50
190 52 50
190 52 50
190 52 50
190 53 50
190 53 50
190 53 50
190 53 50
190 54 50
190 54 50
190 54 50
190 55 50
190 55 50
190 56 50
190 56 50
190 57 50
190 58 50
190 59 50
190 60 50
190 61 50
190 62 50
190 63 50
190 64 50
190 65 50
190 66 50
190 67 50
190 68 50
190 69 50
190 69 50
190 70 50
190 70 50
190 71 50
190 71 50
190 71 50
190 72 50
190 72 50
190 72 50
190 72 50
190 72 50
190 73 50
190 73 50
190 73 50
190 73 50
190 73 50
190 73 50
190 73 50
190 74 50
190 74 50
190 74 50
190 74 50
190 74 50
190 74 50
190 74 50
190 74 50
190 74 50
190 75 50
190 75 50
190 75 50
190 75 50
190 75 50
190 75 50
190 75 50
190 75 50
190 75 50
190 75 50
190 75 50
190 75 50
190 76 50
190 76 50
190 76 50
190 76 50
190 76 50
190 76 50
190 76 50
190 76 50
190 76 50
190 76 50
190 76 50
190 76 50
190 76 50
190 76 50
190 76 50
190 77 50
190 77 50
190 77 50
190 77 50
190 77 50
190 77 50
190 77 50
190 77 50
190 77 50
190 77 50
190 77 50
190 77 50
190 77 50
190 77 50
190 77 50
190 77 50
190 77 50
190 77 50
190 78 50
190 78 50
190 78 50
190 78 50
190 78 50
190 78 50
190 78 50
190 78 50
190 78 50
190 78 50
190 78 50
190 78 50
190 78 50
190 78 50
190 78 50
190 78 50
190 78 50
190 78 50
190 78 50
190 78 50
190 78 50
190 78 50
190 79 50
190 79 50
190 79 50
190 79 50
190 79 50
190 79 50
190 79 50
190 79 50
190 79 50
190 79 50
190 79 50
190 79 50
190 79 50
190 79 50
190 79 50
190 79 50
190 79 50
190 79 50
190 79 50
190 79 50
190 79 50
190 79 50
190 79 50
190 79 50
190 79 50
190 80 50
190 80 50
190 80 50
190 80 50
190 80 50
190 80 50
190 80 50
190 80 50
190 80 50
190 80 50
190 80 50
190 80 50
190 80 50
190 80 50
190 80 50
190 80 50
190 80 50
190 80 50
190 80 50
190 80 50
190 80 50
190 80 50
190 80 50
190 80 50
190 80 50
190 80 50
190 80 50
190 80 50
190 81 50
190 81 50
190 81 50
190 81 50
190 81 50
190 81 50
190 81 50
190 81 50
190 81 50
190 81 50
190 81 50
190 81 50
190 81 50
190 81 50
190 81 50
190 81 50
190 81 50
190 81 50
190 81 50
190 81 50
190 81 50
190 81 50
190 81 50
190 81 50
190 81 50
190 81 50
190 81 50
190 81 50
190 81 50
190 81 50
190 82 50
190 82 50
190 82 50
190 82 50
190 82 50
190 82 50
190 82 50
190 82 50
190 82 50
190 82 50
190 82 50
190 82 50
190 82 50
190 82 50
190 82 50
190 82 50
190 82 50
190 82 50
190 82 50
190 82 50
190 82 50
190 82 50
190 82 50
190 82 50
190 82 50
190 82 50
190 82 50
190 82 50
190 82 50
190 82 50
190 82 50
190 82 50
190 83 50
190 83 50
190 83 50
190 83 50
190 83 50
190 83 50
190 83 50
190 83 50
190 83 50
190 83 50
190 83 50
190 83 50
190 83 50
190 83 50
190 83 50
190 83 50
190 83 50
190 83 50
190 83 50
190 83 50
190 83 50
190 83 50
190 83 50
190 83 50
190 83 50
190 83 50
190 83 50
190 83 50
190 83 50
190 83 50
190 83 50
190 83 50
190 83 50
190 84 50
190 84 50
190 84 50
190 84 50
190 84 50
190 84 50
190 84 50
190 84 50
190 84 50
190 84 50
190 84 50
190 84 50
190 84 50
190 84 50
190 84 50
190 84 50
190 84 50
190 84 50
190 84 50
190 84 50
190 84 50
190 84 50
190 84 50
190 84 50
190 84 50
190 84 50
190 84 50
190 84 50
190 84 50
190 84 50
190 84 50
190 84 50
190 84 50
190 84 50
190 85 50
190 85 50
190 85 50
190 85 50
190 85 50
190 85 50
190 85 50
190 85 50
190 85 50
190 85 50
190 85 50
190 85 50
190 85 50
190 85 50
190 85 50
190 85 50
190 85 50
190 85 50
190 85 50
190 85 50
190 85 50
190 85 50
190 85 50
190 85 50
190 85 50
190 85 50
190 85 50
190 85 50
190 85 50
190 85 50
190 85 50
190 85 50
190 85 50
190 86 50
190 86 50
190 86 50
190 86 50
190 86 50
190 86 50
190 86 50
190 86 50
190 86 50
190 86 50
190 86 50
190 86 50
190 86 50
190 86 50
190 86 50
190 86 50
190 86 50
190 86 50
190 86 50
190 86 50
190 86 50
190 86 50
190 86 50
190 86 50
190 86 50
190 86 50
190 86 50
190 86 50
190 86 50
190 86 50
190 86 50
190 86 50
190 87 50
190 87 50
190 87 50
190 87 50
190 87 50
190 87 50
190 87 50
190 87 50
190 87 50
190 87 50
190 87 50
190 87 50
190 87 50
190 87 50
190 87 50
190 87 50
190 87 50
190 87 50
190 87 50
190 87 50
190 87 50
190 87 50
190 87 50
190 87 50
190 87 50
190 87 50
190 87 50
190 87 50
190 87 50
190 87 50
