141 173 120
142 173 120
143 173 120
144 173 120
145 173 120
146 173 120
147 173 120
148 173 120
149 173 120
150 173 120
151 173 120
152 173 120
153 173 120
154 173 120
155 173 120
156 173 120
156 173 120
157 173 120
157 173 120
158 173 120
158 173 120
158 173 120
159 173 240
159 173 120
160 173 240
160 173 120
160 173 120
161 173 360
161 173 120
162 173 360
162 173 120
163 173 360
163 173 120
164 173 360
164 173 120
164 173 120
165 173 480
165 173 120
166 173 480
166 173 120
166 173 120
166 173 120
167 173 720
167 173 120
167 173 120
167 173 120
168 173 960
168 173 120
168 173 120
168 173 120
169 173 1200
169 173 120
169 173 120
169 173 120
169 173 120
170 173 1560
170 173 120
170 173 120
170 173 120
171 173 1800
171 173 120
171 173 120
171 173 120
172 173 2040
172 173 120
172 173 120
173 173 2160
173 173 120
173 173 120
174 173 2280
174 173 120
174 172 2280
174 172 120
174 171 2280
174 171 120
174 170 2280
174 170 120
174 169 2280
174 169 120
174 169 120
174 168 2400
174 168 120
174 168 120
174 167 2520
174 167 120
174 167 120
174 167 120
174 166 2760
174 166 120
174 165 2760
174 165 120
174 165 120
174 165 120
174 164 3000
174 164 120
174 164 120
174 163 3120
174 163 120
174 163 120
174 162 3240
174 162 120
174 161 3240
174 161 120
174 160 3240
174 159 3240
174 158 3240
174 157 120
174 157 120
174 157 120
174 157 120
174 157 120
174 157 120
174 157 120
174 157 120
174 157 120
174 157 120
174 157 120
174 157 120
174 157 120
174 157 120
174 157 120
174 157 120
174 157 120
174 157 120
174 157 120
174 156 2160
174 155 2160
174 154 2160
174 153 120
174 153 120
174 153 120
174 153 120
174 153 120
174 153 120
174 153 120
174 153 120
174 152 840
174 151 840
174 150 840
174 149 120
174 149 120
174 149 120
174 148 240
174 147 240
174 146 240
174 145 120
174 144 120
174 143 120
174 142 120
174 141 120
174 140 120
174 139 120
174 138 120
174 137 120
174 136 120
174 135 120
174 134 120
174 133 120
174 132 120
174 131 120
174 130 120
174 129 120
174 128 120
174 127 120
174 126 120
174 125 120
174 125 120
174 124 120
174 124 120
174 123 120
174 123 120
174 122 120
174 122 120
174 121 120
174 121 120
174 120 120
174 120 120
174 120 120
174 119 240
174 119 120
174 118 240
174 118 120
174 118 120
174 117 360
174 117 120
174 117 120
174 117 120
174 116 600
174 116 120
174 116 120
174 116 120
174 115 840
174 115 120
174 115 120
174 115 120
174 114 1080
174 114 120
174 114 120
174 114 120
174 113 1320
174 113 120
174 113 120
174 113 120
174 112 1560
174 112 120
174 112 120
174 111 1680
174 111 120
174 110 1680
174 110 120
174 109 1680
174 108 1680
174 107 1680
174 106 120
174 106 120
174 106 120
174 106 120
174 106 120
174 106 120
174 106 120
174 106 120
174 105 840
174 104 840
174 103 840
174 102 120
174 102 120
174 101 120
174 101 120
174 100 120
174 99 120
174 98 120
174 97 120
174 96 120
174 95 120
174 94 120
174 93 120
174 92 120
174 91 120
174 90 120
174 89 120
174 88 120
174 87 120
174 86 120
174 85 120
174 84 120
174 83 120
174 82 120
174 81 120
174 80 120
174 79 120
174 78 120
174 77 120
174 76 120
174 75 120
175 173 120
175 173 120
175 173 120
175 173 120
175 173 120
175 173 120
175 173 120
175 173 120
175 173 120
175 173 120
175 173 120
175 173 120
175 173 120
175 173 120
175 173 120
175 173 120
175 173 120
175 173 120
175 173 120
175 173 120
176 173 2280
176 173 120
176 173 120
177 173 2400
177 173 120
177 173 120
178 173 2520
178 173 120
178 173 120
179 173 2640
179 173 120
180 173 2640
180 173 120
181 173 2640
181 173 120
182 173 2640
183 173 2640
184 173 2640
185 173 120
185 173 120
185 173 120
185 173 120
185 173 120
185 173 120
185 173 120
185 173 120
185 173 120
185 173 120
185 173 120
185 173 120
185 173 120
186 173 1440
187 173 1440
188 173 1440
189 173 120
189 173 120
189 173 120
189 173 120
189 173 120
189 173 120
189 173 120
190 173 720
191 173 720
192 173 720
193 173 120
193 173 120
193 173 120
193 173 120
193 173 120
194 173 480
194 173 120
195 173 480
195 173 120
196 173 480
196 174 480
196 175 480
196 176 120
196 176 120
196 177 120
196 178 120
196 179 120
196 180 120
196 181 120
196 182 120
196 183 120
196 184 120
196 185 120
196 186 120
196 187 120
196 188 120
196 189 120
196 190 120
196 191 120
196 192 120
196 193 120
196 194 120
196 195 120
196 196 120
196 197 120
140 173 120
139 173 120
138 173 120
137 173 120
136 173 120
135 173 120
134 173 120
133 173 120
132 173 120
131 173 120
130 173 120
130 173 120
129 173 120
129 173 120
128 173 120
128 173 120
127 173 120
127 173 120
126 173 120
126 173 120
126 173 120
125 173 240
125 173 120
124 173 240
124 173 120
124 173 120
123 173 360
123 173 120
123 173 120
122 173 480
122 173 120
122 173 120
122 173 120
121 173 720
121 173 120
121 173 120
121 173 120
120 173 960
120 173 120
120 173 120
120 173 120
120 173 120
119 173 1320
119 173 120
119 173 120
119 173 120
118 173 1560
118 173 120
118 173 120
118 173 120
118 173 120
117 173 1920
117 173 120
117 173 120
117 173 120
116 173 2160
116 173 120
116 173 120
115 173 2280
115 173 120
115 173 120
114 173 2400
114 173 120
114 173 120
113 173 2520
113 173 120
113 173 120
112 173 2640
112 173 120
112 173 120
111 173 2760
111 173 120
111 173 120
110 173 2880
110 173 120
110 173 120
109 173 3000
109 173 120
109 173 120
108 173 3120
108 173 120
108 173 120
108 173 120
107 173 3360
107 173 120
107 173 120
106 173 3480
106 173 120
106 173 120
105 173 3600
105 173 120
105 173 120
104 173 3720
104 173 120
103 173 3720
102 173 3720
101 173 3720
100 173 120
100 173 120
100 173 120
100 173 120
100 173 120
100 173 120
100 173 120
100 173 120
100 173 120
100 173 120
100 173 120
100 173 120
100 173 120
100 173 120
100 173 120
100 173 120
100 173 120
100 173 120
100 173 120
100 173 120
100 173 120
100 173 120
100 173 120
100 173 120
100 173 120
99 173 2880
98 173 2880
97 173 2880
96 173 120
96 173 120
96 173 120
96 173 120
96 173 120
96 173 120
96 173 120
96 173 120
96 173 120
96 173 120
96 173 120
96 173 120
96 173 120
96 173 120
96 173 120
96 173 120
96 173 120
96 173 120
96 173 120
95 173 2160
94 173 2160
93 173 2160
92 173 120
92 173 120
92 173 120
92 173 120
92 173 120
92 173 120
92 173 120
92 173 120
92 173 120
92 173 120
92 173 120
92 173 120
92 173 120
91 173 1440
90 173 1440
89 173 1440
88 173 120
88 173 120
88 173 120
88 173 120
88 173 120
87 173 480
86 173 480
85 173 480
84 173 120
84 173 120
84 173 120
83 173 240
83 173 120
82 173 240
81 173 240
80 173 240
79 173 120
78 173 120
77 173 120
76 173 120
76 172 120
76 171 120
76 170 120
76 169 120
76 168 120
76 167 120
76 166 120
76 165 120
76 164 120
76 163 120
76 162 120
76 161 120
76 160 120
76 159 120
76 158 120
76 157 120
76 156 120
76 155 120
76 154 120
76 153 120
76 152 120
76 151 120
76 150 120
76 149 120
76 148 120
76 147 120
76 146 120
76 145 120
75 145 120
74 145 120
73 145 120
72 145 120
71 145 120
70 145 120
69 145 120
68 145 120
67 145 120
66 145 120
66 144 120
66 143 120
66 142 120
66 141 120
66 140 120
66 139 120
66 138 120
66 137 120
66 136 120
66 135 120
66 134 120
66 133 120
66 132 120
66 131 120
66 130 120
66 129 120
66 128 120
66 127 120
66 127 120
66 126 120
66 126 120
66 126 120
66 125 240
66 125 120
66 125 120
66 125 120
66 124 480
66 124 120
66 124 120
66 124 120
66 123 720
66 123 120
66 123 120
66 123 120
66 123 120
66 122 1080
66 122 120
66 122 120
66 122 120
66 122 120
66 122 120
66 121 1560
66 121 120
66 121 120
66 121 120
66 121 120
66 121 120
66 120 2040
66 120 120
66 120 120
66 120 120
66 120 120
66 119 2400
66 119 120
66 119 120
66 119 120
66 118 2640
66 118 120
66 118 120
66 118 120
66 118 120
66 117 3000
66 117 120
66 117 120
66 117 120
66 116 3240
66 116 120
66 116 120
66 116 120
66 115 3480
66 115 120
66 115 120
66 115 120
66 114 3720
66 114 120
66 114 120
66 114 120
66 113 3960
66 113 120
66 113 120
66 112 4080
66 112 120
66 112 120
66 111 4200
66 111 120
66 110 4200
66 110 120
66 109 4200
66 108 4200
66 107 4200
66 106 120
66 106 120
66 106 120
66 106 120
66 106 120
66 106 120
66 106 120
66 106 120
66 106 120
66 106 120
66 106 120
66 106 120
66 106 120
66 106 120
66 106 120
66 106 120
66 106 120
66 106 120
66 106 120
66 106 120
66 106 120
66 106 120
66 106 120
66 106 120
66 106 120
66 106 120
66 106 120
66 106 120
66 106 120
66 106 120
66 106 120
66 105 3600
66 104 3600
66 103 3600
66 102 120
66 102 120
66 102 120
66 102 120
66 102 120
66 102 120
66 102 120
66 102 120
66 102 120
66 102 120
66 102 120
66 102 120
66 102 120
66 102 120
66 102 120
66 102 120
66 102 120
66 102 120
66 102 120
66 102 120
66 102 120
66 102 120
66 102 120
66 102 120
66 102 120
66 102 120
66 101 3000
66 101 120
66 100 3000
66 100 120
66 100 120
66 99 3120
66 99 120
66 98 3120
66 97 3120
66 96 3120
66 95 120
66 95 120
66 95 120
66 95 120
66 95 120
66 95 120
66 95 120
66 95 120
66 95 120
66 95 120
66 95 120
66 95 120
66 95 120
66 95 120
66 95 120
66 95 120
66 95 120
66 95 120
66 95 120
66 95 120
66 95 120
66 95 120
66 94 2520
66 93 2520
66 92 2520
66 91 120
66 91 120
66 91 120
66 91 120
66 91 120
66 91 120
66 91 120
66 91 120
66 90 840
66 89 840
66 88 840
66 87 120
66 87 120
66 86 120
66 85 120
66 84 120
66 83 120
66 82 120
66 81 120
66 80 120
66 79 120
66 78 120
140 4 120
141 4 120
142 4 120
143 4 120
144 4 120
145 4 120
146 4 120
147 4 120
148 4 120
149 4 120
150 4 120
151 4 120
152 4 120
153 4 120
154 4 120
155 4 120
156 4 120
157 4 120
158 4 120
159 4 120
160 4 120
161 4 120
162 4 120
163 4 120
164 4 120
165 4 120
166 4 120
167 4 120
168 4 120
169 4 120
170 4 120
171 4 120
172 4 120
173 4 120
173 4 120
174 4 120
174 4 120
174 5 120
174 5 120
174 6 120
174 6 120
174 7 120
174 8 120
174 9 120
174 10 120
174 10 120
174 11 120
174 11 120
174 12 120
174 12 120
174 13 120
174 13 120
174 13 120
174 13 120
174 14 360
174 14 120
174 14 120
174 14 120
174 15 600
174 15 120
174 15 120
174 15 120
174 15 120
174 16 960
174 16 120
174 16 120
174 16 120
174 16 120
174 16 120
174 17 1440
174 17 120
174 17 120
174 17 120
174 17 120
174 17 120
174 18 1920
174 18 120
174 18 120
174 18 120
174 18 120
174 18 120
174 19 2400
174 19 120
174 19 120
174 19 120
174 20 2640
174 20 120
174 20 120
174 21 2760
174 21 120
174 21 120
174 22 2880
174 22 120
174 23 2880
174 23 120
174 24 2880
174 24 120
174 25 2880
174 25 120
174 26 2880
174 26 120
174 27 2880
174 27 120
174 28 2880
174 28 120
174 28 120
174 29 3000
174 29 120
174 29 120
174 30 3120
174 30 120
174 30 120
174 31 3240
174 31 120
174 31 120
174 32 3360
174 32 120
174 32 120
174 33 3480
174 33 120
174 33 120
174 34 3600
174 34 120
174 34 120
174 35 3720
174 35 120
174 36 3720
174 36 120
174 37 3720
174 38 3720
174 39 3720
174 40 120
174 40 120
174 40 120
174 40 120
174 40 120
174 40 120
174 40 120
174 40 120
174 40 120
174 40 120
174 40 120
174 40 120
174 40 120
174 40 120
174 40 120
174 40 120
174 40 120
174 40 120
174 40 120
174 40 120
174 40 120
174 40 120
174 40 120
174 40 120
174 40 120
174 40 120
174 40 120
174 41 3120
174 42 3120
174 43 3120
174 44 120
174 44 120
174 44 120
174 44 120
174 44 120
174 44 120
174 44 120
174 44 120
174 44 120
174 44 120
174 44 120
174 44 120
174 44 120
174 44 120
174 44 120
174 44 120
174 44 120
174 44 120
174 44 120
174 45 2160
174 46 2160
174 47 2160
174 48 120
174 48 120
174 48 120
174 48 120
174 48 120
174 48 120
174 48 120
174 48 120
174 48 120
174 48 120
174 48 120
174 48 120
174 48 120
174 48 120
174 48 120
174 48 120
174 49 1800
174 49 120
174 50 1800
174 50 120
174 51 1800
174 52 1800
174 53 1800
174 54 120
174 54 120
174 54 120
174 54 120
174 54 120
174 54 120
174 54 120
174 54 120
174 54 120
174 54 120
174 54 120
174 55 1200
174 56 1200
174 57 1200
174 58 120
174 58 120
174 58 120
174 58 120
174 58 120
174 59 480
174 59 120
174 60 480
174 61 480
174 62 480
174 63 120
174 63 120
174 63 120
174 63 120
174 63 120
174 64 480
174 64 120
174 65 480
174 65 120
174 66 480
174 66 120
174 67 480
174 67 120
174 68 480
174 68 120
174 69 480
174 70 480
174 71 480
174 72 120
174 72 120
174 73 120
174 73 120
174 74 120
