5 196 100
6 196 100
7 196 100
8 196 100
9 196 100
10 196 100
11 196 100
12 196 100
13 196 100
14 196 100
15 196 100
16 196 100
17 196 100
18 196 100
19 196 100
20 196 100
21 196 100
22 196 100
23 196 100
24 196 100
25 196 100
26 196 100
27 196 100
28 196 100
29 196 100
30 196 100
31 196 100
32 196 100
33 196 100
34 196 100
35 196 100
36 196 100
37 196 100
38 196 100
39 196 100
40 196 100
41 196 100
42 196 100
43 196 100
44 196 100
45 196 100
45 195 100
45 194 100
45 193 100
45 192 100
45 191 100
45 190 100
45 189 100
45 188 100
45 187 100
45 186 100
45 185 100
45 184 100
45 183 100
45 182 100
45 182 100
45 181 100
45 181 100
45 181 100
45 180 200
45 180 100
45 180 100
45 180 100
45 179 400
45 179 100
45 179 100
45 179 100
45 179 100
45 178 700
45 178 100
45 178 100
45 178 100
45 178 100
45 178 100
45 177 1100
45 177 100
45 177 100
45 177 100
45 177 100
45 177 100
45 176 1500
45 176 100
45 176 100
45 176 100
45 176 100
45 176 100
45 175 1900
45 175 100
45 175 100
45 175 100
45 174 2100
45 174 100
45 174 100
45 173 2200
45 173 100
45 172 2200
45 171 2200
45 170 2200
45 169 100
45 169 100
45 169 100
45 169 100
45 169 100
45 169 100
45 169 100
45 169 100
45 169 100
45 169 100
45 169 100
45 169 100
45 169 100
45 169 100
45 169 100
45 168 1400
45 167 1400
45 166 1400
45 165 100
45 165 100
45 165 100
45 165 100
45 165 100
45 164 400
45 163 400
45 162 400
45 161 100
45 161 100
45 160 100
45 159 100
45 158 100
45 157 100
45 156 100
45 155 100
45 154 100
45 153 100
45 152 100
45 151 100
45 150 100
45 149 100
45 148 100
45 147 100
45 146 100
45 145 100
45 144 100
45 143 100
45 142 100
45 141 100
45 140 100
45 139 100
45 138 100
45 137 100
45 136 100
45 135 100
45 134 100
45 133 100
45 133 100
45 132 100
45 132 100
45 131 100
45 131 100
45 130 100
45 130 100
45 129 100
45 129 100
45 128 100
45 128 100
45 127 100
45 127 100
45 126 100
45 125 100
45 124 100
45 123 100
45 122 100
45 121 100
45 120 100
45 119 100
45 118 100
45 117 100
45 116 100
45 115 100
45 114 100
45 113 100
45 112 100
45 111 100
45 110 100
45 109 100
45 108 100
45 107 100
45 106 100
45 105 100
45 104 100
45 104 100
45 103 100
45 103 100
45 102 100
45 102 100
45 101 100
45 101 100
45 100 100
45 100 100
45 99 100
45 99 100
45 98 100
45 98 100
45 97 100
45 97 100
45 96 100
45 96 100
45 95 100
45 94 100
45 93 100
45 92 100
45 91 100
45 90 100
45 89 100
45 88 100
45 87 100
45 86 100
45 85 100
45 84 100
45 83 100
45 82 100
45 81 100
45 80 100
45 79 100
45 78 100
45 77 100
45 76 100
45 75 100
45 74 100
45 73 100
45 72 100
45 71 100
45 70 100
45 69 100
45 68 100
45 67 100
45 66 100
45 65 100
45 64 100
12 195 100
12 194 100
12 193 100
12 192 100
12 191 100
12 190 100
12 189 100
12 189 100
12 188 100
12 188 100
12 187 100
12 187 100
12 187 100
12 186 200
12 186 100
12 186 100
12 185 300
12 185 100
12 185 100
12 184 400
12 184 100
12 184 100
12 184 100
12 183 600
12 183 100
12 183 100
12 183 100
12 182 800
12 182 100
12 182 100
12 181 900
12 181 100
12 181 100
12 181 100
12 180 1100
12 180 100
12 180 100
12 180 100
12 179 1300
12 179 100
12 179 100
12 178 1400
12 178 100
12 178 100
12 177 1500
12 177 100
12 176 1500
12 175 1500
12 174 1500
12 173 100
12 173 100
12 173 100
12 173 100
12 173 100
12 173 100
12 173 100
12 173 100
12 173 100
12 173 100
12 173 100
12 172 1000
12 171 1000
12 170 1000
12 169 100
12 169 100
12 169 100
12 169 100
12 169 100
12 168 400
12 167 400
12 166 400
12 165 100
12 165 100
12 164 100
12 163 100
12 162 100
12 161 100
12 160 100
12 159 100
12 158 100
12 157 100
12 156 100
12 155 100
12 154 100
12 153 100
12 152 100
12 151 100
12 150 100
12 149 100
12 148 100
12 147 100
12 146 100
12 145 100
12 144 100
16 36 100
17 36 100
18 36 100
19 36 100
20 36 100
21 36 100
22 36 100
23 36 100
24 36 100
25 36 100
26 36 100
27 36 100
28 36 100
29 36 100
30 36 100
31 36 100
32 36 100
33 36 100
34 36 100
35 36 100
36 36 100
37 36 100
38 36 100
39 36 100
40 36 100
41 36 100
42 36 100
43 36 100
44 36 100
45 36 100
45 37 100
45 38 100
45 39 100
45 40 100
45 41 100
45 41 100
45 42 100
45 42 100
45 42 100
45 43 200
45 43 100
45 43 100
45 43 100
45 43 100
45 44 500
45 44 100
45 44 100
45 44 100
45 44 100
45 44 100
45 45 900
45 45 100
45 45 100
45 45 100
45 45 100
45 46 1200
45 46 100
45 46 100
45 46 100
45 46 100
45 46 100
45 47 1600
45 47 100
45 47 100
45 47 100
45 47 100
45 48 1900
45 48 100
45 48 100
45 48 100
45 49 2100
45 49 100
45 49 100
45 50 2200
45 50 100
45 51 2200
45 52 2200
45 53 2200
45 54 100
45 54 100
45 54 100
45 54 100
45 54 100
45 54 100
45 54 100
45 54 100
45 54 100
45 54 100
45 54 100
45 54 100
45 54 100
45 54 100
45 54 100
45 54 100
45 54 100
45 55 1600
45 56 1600
45 57 1600
45 58 100
45 58 100
45 58 100
45 58 100
45 58 100
45 58 100
45 58 100
45 58 100
45 58 100
45 59 800
45 60 800
45 61 800
45 62 100
45 62 100
45 62 100
45 63 200
126 64 200
125 64 200
124 64 100
123 64 100
122 64 100
121 64 100
120 64 100
119 64 100
118 64 100
117 64 100
116 64 100
115 64 100
114 64 100
113 64 100
112 64 100
111 64 100
110 64 100
109 64 100
108 64 100
107 64 100
106 64 100
105 64 100
104 64 100
103 64 100
102 64 100
101 64 100
100 64 100
99 64 100
99 64 100
98 64 100
98 64 100
98 64 100
97 64 200
97 64 100
97 64 100
96 64 300
96 64 100
96 64 100
96 64 100
95 64 500
95 64 100
95 64 100
95 64 100
94 64 700
94 64 100
94 64 100
94 64 100
93 64 900
93 64 100
93 64 100
93 64 100
92 64 1100
92 64 100
92 64 100
92 64 100
92 64 100
91 64 1400
91 64 100
91 64 100
91 64 100
90 64 1600
90 64 100
90 64 100
90 64 100
90 64 100
89 64 1900
89 64 100
89 64 100
89 64 100
89 64 100
88 64 2200
88 64 100
88 64 100
88 64 100
88 64 100
87 64 2500
87 64 100
87 64 100
87 64 100
87 64 100
87 64 100
86 64 2900
86 64 100
86 64 100
86 64 100
86 64 100
85 64 3200
85 64 100
85 64 100
85 64 100
85 64 100
84 64 3500
84 64 100
84 64 100
84 64 100
83 64 3700
83 64 100
83 64 100
83 64 100
82 64 3900
82 64 100
82 64 100
81 64 4000
81 64 100
81 64 100
80 64 4100
80 64 100
79 64 4100
78 64 4100
77 64 4100
76 64 100
76 64 100
76 64 100
76 64 100
76 64 100
76 64 100
76 64 100
76 64 100
76 64 100
76 64 100
76 64 100
76 64 100
76 64 100
76 64 100
76 64 100
76 64 100
76 64 100
76 64 100
76 64 100
76 64 100
76 64 100
76 64 100
76 64 100
76 64 100
76 64 100
76 64 100
76 64 100
76 64 100
76 64 100
76 64 100
76 64 100
76 64 100
76 64 100
76 64 100
76 64 100
76 64 100
75 64 3500
74 64 3500
73 64 3500
72 64 100
72 64 100
72 64 100
72 64 100
72 64 100
72 64 100
72 64 100
72 64 100
72 64 100
72 64 100
72 64 100
72 64 100
72 64 100
72 64 100
72 64 100
72 64 100
72 64 100
72 64 100
72 64 100
72 64 100
72 64 100
72 64 100
72 64 100
72 64 100
71 64 2300
70 64 2300
69 64 2300
68 64 100
68 64 100
68 64 100
68 64 100
68 64 100
68 64 100
68 64 100
68 64 100
68 64 100
68 64 100
68 64 100
68 64 100
68 64 100
68 64 100
68 64 100
68 64 100
68 64 100
68 64 100
67 64 1700
67 64 100
67 64 100
66 64 1800
66 64 100
66 64 100
65 64 1900
65 64 100
65 64 100
64 64 2000
64 64 100
64 64 100
64 64 100
63 64 2200
63 64 100
63 64 100
63 64 100
63 64 100
62 64 2500
62 64 100
62 64 100
62 64 100
61 64 2700
61 64 100
61 64 100
61 64 100
60 64 2900
60 64 100
60 64 100
60 64 100
59 64 3100
59 64 100
59 64 100
58 64 3200
58 64 100
57 64 3200
57 64 100
56 64 3200
55 64 3200
54 64 3200
53 64 100
53 64 100
53 64 100
53 64 100
53 64 100
53 64 100
53 64 100
53 64 100
53 64 100
53 64 100
53 64 100
53 64 100
53 64 100
53 64 100
53 64 100
53 64 100
53 64 100
53 64 100
53 64 100
53 64 100
53 64 100
53 64 100
53 64 100
52 64 2200
51 64 2200
50 64 2200
49 64 100
49 64 100
49 64 100
49 64 100
49 64 100
49 64 100
49 64 100
48 64 600
47 64 600
46 64 600
127 64 100
128 64 100
129 64 100
130 64 100
131 64 100
131 65 100
131 66 100
131 67 100
131 68 100
131 69 100
131 70 100
131 71 100
131 72 100
131 73 100
131 74 100
131 75 100
131 76 100
131 77 100
131 78 100
131 79 100
131 80 100
131 81 100
131 82 100
131 83 100
131 84 100
131 85 100
131 86 100
131 87 100
131 88 100
131 89 100
131 90 100
131 91 100
131 92 100
131 93 100
131 94 100
131 95 100
131 96 100
131 97 100
131 98 100
131 99 100
131 100 100
131 101 100
131 102 100
131 103 100
131 104 100
131 104 100
131 105 100
131 105 100
131 106 100
131 106 100
131 107 100
131 107 100
131 108 100
131 108 100
131 109 100
131 109 100
131 110 100
131 110 100
131 111 100
131 112 100
131 113 100
131 114 100
131 115 100
131 116 100
131 117 100
131 118 100
131 119 100
131 120 100
131 121 100
131 122 100
131 123 100
131 124 100
131 125 100
131 126 100
131 127 100
131 128 100
131 129 100
131 130 100
131 131 100
131 132 100
131 133 100
131 134 100
131 135 100
131 135 100
131 136 100
131 136 100
131 137 100
131 137 100
131 138 100
131 138 100
131 138 100
131 139 200
131 139 100
131 139 100
131 140 300
131 140 100
131 140 100
131 141 400
131 141 100
131 141 100
131 142 500
131 142 100
131 142 100
131 142 100
131 143 700
131 143 100
131 143 100
131 143 100
131 143 100
131 144 1000
131 144 100
131 144 100
131 144 100
131 144 100
131 145 1300
131 145 100
131 145 100
131 145 100
131 145 100
131 146 1600
131 146 100
131 146 100
131 146 100
131 146 100
131 147 1900
131 147 100
131 147 100
131 147 100
131 147 100
131 148 2200
131 148 100
131 148 100
131 148 100
131 149 2400
131 149 100
131 149 100
131 150 2500
131 150 100
131 150 100
131 151 2600
131 152 2600
131 153 2600
131 154 100
131 154 100
131 154 100
131 154 100
131 154 100
131 154 100
131 154 100
131 154 100
131 154 100
131 154 100
131 154 100
131 154 100
131 154 100
131 154 100
131 154 100
131 154 100
131 154 100
131 154 100
131 154 100
131 154 100
131 155 1900
131 156 1900
131 157 1900
131 158 100
131 158 100
131 158 100
131 158 100
131 158 100
131 158 100
131 159 500
131 160 500
131 161 500
131 162 100
131 163 100
131 164 100
131 165 100
131 166 100
131 167 100
131 168 100
131 169 100
132 64 100
132 64 100
133 64 100
133 64 100
134 64 100
134 64 100
135 64 100
135 64 100
135 64 100
136 64 200
136 64 100
136 64 100
137 64 300
137 64 100
137 64 100
138 64 400
138 64 100
138 64 100
139 64 500
139 64 100
139 64 100
139 64 100
140 64 700
140 64 100
140 64 100
141 64 800
141 64 100
141 64 100
141 64 100
142 64 1000
142 64 100
142 64 100
142 64 100
143 64 1200
143 64 100
143 64 100
143 64 100
144 64 1400
144 64 100
144 64 100
144 64 100
145 64 1600
145 64 100
145 64 100
145 64 100
145 64 100
146 64 1900
146 64 100
146 64 100
146 64 100
147 64 2100
147 64 100
147 64 100
147 64 100
147 64 100
148 64 2400
148 64 100
148 64 100
148 64 100
148 64 100
148 64 100
149 64 2800
149 64 100
149 64 100
149 64 100
149 64 100
149 64 100
150 64 3200
150 64 100
150 64 100
150 64 100
150 64 100
150 64 100
151 64 3600
151 64 100
151 64 100
151 64 100
151 64 100
151 64 100
152 64 4000
152 64 100
152 64 100
152 64 100
153 64 4200
153 64 100
154 64 4200
154 64 100
154 64 100
155 64 4300
155 64 100
156 64 4300
156 64 100
156 64 100
157 64 4400
157 64 100
157 64 100
158 64 4500
158 64 100
158 64 100
159 64 4600
159 64 100
160 64 4600
160 64 100
160 64 100
161 64 4700
161 64 100
161 64 100
162 64 4800
162 64 100
163 64 4800
163 64 100
164 64 4800
164 64 100
165 64 4800
165 64 100
166 64 4800
167 64 4800
168 64 4800
169 64 100
169 64 100
169 64 100
169 64 100
169 64 100
169 64 100
169 64 100
169 64 100
169 64 100
169 64 100
169 64 100
169 64 100
169 64 100
169 64 100
169 64 100
169 64 100
169 64 100
169 64 100
169 64 100
169 64 100
169 64 100
169 64 100
169 64 100
169 64 100
169 64 100
169 64 100
169 64 100
169 64 100
169 64 100
169 64 100
169 64 100
169 64 100
169 64 100
169 64 100
169 64 100
170 64 3400
171 64 3400
172 64 3400
173 64 100
173 64 100
173 64 100
173 64 100
173 64 100
173 64 100
173 64 100
173 64 100
173 64 100
173 64 100
173 64 100
173 64 100
173 64 100
173 64 100
173 64 100
173 64 100
173 64 100
174 64 1600
175 64 1600
176 64 1600
177 64 100
177 64 100
177 64 100
177 64 100
177 64 100
177 64 100
178 64 500
179 64 500
180 64 500
181 64 100
181 64 100
181 64 100
182 64 200
182 64 100
183 64 200
183 64 100
184 64 200
184 64 100
185 64 200
185 64 100
186 64 200
186 64 100
187 64 200
187 64 100
187 64 100
187 63 300
187 62 300
187 61 300
187 60 100
187 59 100
187 58 100
187 57 100
187 56 100
187 55 100
187 54 100
187 53 100
187 52 100
187 51 100
187 50 100
187 49 100
187 48 100
187 47 100
187 46 100
187 45 100
187 44 100
187 43 100
187 42 100
187 41 100
187 40 100
187 39 100
187 38 100
187 37 100
187 36 100
187 35 100
187 34 100
187 33 100
187 32 100
187 31 100
187 30 100
187 29 100
187 28 100
187 27 100
187 26 100
187 25 100
187 24 100
187 23 100
187 22 100
187 21 100
187 20 100
187 19 100
187 18 100
187 17 100
187 16 100
187 15 100
187 14 100
