40 179 120
41 179 120
42 179 120
43 179 120
43 178 120
43 177 120
43 176 120
43 175 120
43 174 120
43 173 120
43 172 120
43 171 120
43 170 120
43 169 120
43 168 120
43 167 120
43 166 120
43 165 120
43 164 120
43 163 120
43 162 120
43 161 120
43 161 120
43 160 120
43 160 120
43 159 120
43 159 120
43 158 120
43 158 120
43 157 120
43 157 120
43 156 120
43 156 120
43 155 120
43 155 120
43 154 120
43 153 120
43 152 120
43 151 120
43 150 120
43 149 120
43 148 120
43 147 120
43 146 120
43 145 120
43 144 120
43 143 120
43 142 120
43 141 120
43 140 120
43 139 120
43 138 120
43 137 120
43 136 120
43 135 120
43 134 120
43 133 120
43 132 120
43 131 120
43 130 120
43 129 120
43 128 120
43 127 120
43 126 120
43 125 120
43 124 120
43 123 120
43 122 120
43 121 120
43 120 120
43 119 120
43 118 120
43 117 120
43 116 120
43 115 120
43 114 120
43 113 120
43 112 120
43 111 120
43 110 120
43 109 120
43 108 120
43 107 120
43 106 120
43 105 120
43 104 120
43 103 120
43 102 120
44 179 120
45 179 120
46 179 120
47 179 120
48 179 120
49 179 120
50 179 120
51 179 120
52 179 120
53 179 120
54 179 120
55 179 120
56 179 120
57 179 120
58 179 120
59 179 120
59 179 120
60 179 120
60 179 120
60 179 120
61 179 240
61 179 120
61 179 120
62 179 360
62 179 120
62 179 120
63 179 480
63 179 120
63 179 120
63 179 120
64 179 720
64 179 120
64 179 120
65 179 840
65 179 120
65 179 120
65 179 120
66 179 1080
66 179 120
66 179 120
66 179 120
67 179 1320
67 179 120
67 179 120
67 179 120
68 179 1560
68 179 120
68 179 120
68 179 120
69 179 1800
69 179 120
69 179 120
70 179 1920
70 179 120
70 179 120
71 179 2040
71 179 120
71 179 120
72 179 2160
72 179 120
72 179 120
73 179 2280
73 179 120
74 179 2280
74 179 120
75 179 2280
76 179 2280
77 179 2280
78 179 120
78 179 120
78 179 120
78 179 120
78 179 120
78 179 120
78 179 120
78 179 120
78 179 120
78 179 120
78 179 120
78 179 120
78 179 120
78 179 120
79 179 1560
80 179 1560
81 179 1560
82 179 120
82 179 120
82 179 120
82 179 120
82 179 120
83 179 480
84 179 480
85 179 480
86 179 120
87 179 120
88 179 120
89 179 120
90 179 120
91 179 120
92 179 120
93 179 120
94 179 120
95 179 120
96 179 120
97 179 120
98 179 120
99 179 120
100 179 120
101 179 120
102 179 120
103 179 120
104 179 120
105 179 120
105 178 120
105 177 120
105 176 120
105 175 120
106 175 120
107 175 120
108 175 120
109 175 120
110 175 120
111 175 120
112 175 120
113 175 120
114 175 120
115 175 120
116 175 120
117 175 120
118 175 120
118 175 120
119 175 120
119 175 120
120 175 120
120 175 120
120 175 120
121 175 240
121 175 120
121 175 120
122 175 360
122 175 120
122 175 120
122 175 120
123 175 600
123 175 120
123 175 120
123 175 120
124 175 840
124 175 120
124 175 120
124 175 120
124 175 120
124 175 120
125 175 1320
125 175 120
125 175 120
125 175 120
125 175 120
125 175 120
126 175 1800
126 175 120
126 175 120
126 175 120
126 175 120
126 175 120
126 175 120
127 175 2400
127 175 120
127 175 120
127 175 120
127 175 120
128 175 2760
128 175 120
128 175 120
128 175 120
128 175 120
129 175 3120
129 175 120
129 175 120
130 175 3240
130 175 120
131 175 3240
132 175 3240
133 175 3240
134 175 120
134 175 120
134 175 120
134 175 120
134 175 120
134 175 120
134 175 120
134 175 120
134 175 120
134 175 120
134 175 120
134 175 120
134 175 120
134 175 120
134 175 120
134 175 120
134 175 120
134 175 120
135 175 2040
136 175 2040
137 175 2040
138 175 120
138 175 120
138 175 120
138 175 120
138 175 120
138 175 120
139 175 600
140 175 600
141 175 600
142 175 120
142 175 120
142 175 120
143 175 240
143 175 120
144 175 240
144 175 120
145 175 240
146 175 240
147 175 240
148 175 120
149 175 120
150 175 120
151 175 120
152 175 120
153 175 120
154 175 120
155 175 120
156 175 120
157 175 120
158 175 120
159 175 120
160 175 120
161 175 120
162 175 120
163 175 120
164 175 120
165 175 120
166 175 120
167 175 120
168 175 120
169 175 120
170 175 120
171 175 120
172 175 120
173 175 120
174 175 120
174 175 120
175 175 120
175 175 120
176 175 120
176 175 120
177 175 120
177 175 120
177 175 120
177 176 240
177 177 240
177 178 240
177 179 120
156 128 120
157 128 120
158 128 120
159 128 120
160 128 120
161 128 120
162 128 120
163 128 120
164 128 120
165 128 120
166 128 120
167 128 120
168 128 120
169 128 120
170 128 120
171 128 120
172 128 120
173 128 120
174 128 120
175 128 120
176 128 120
177 128 120
178 128 120
179 128 120
180 128 120
181 128 120
182 128 120
182 128 120
183 128 120
183 128 120
184 128 120
184 128 120
184 128 120
185 128 240
185 128 120
186 128 240
186 128 120
187 128 240
187 128 120
188 128 240
188 128 120
189 128 240
190 128 240
191 128 240
192 128 120
193 128 120
193 127 120
193 126 120
193 125 120
193 124 120
193 123 120
193 122 120
193 121 120
193 120 120
193 119 120
193 118 120
148 36 120
147 36 120
146 36 120
145 36 120
144 36 120
143 36 120
142 36 120
141 36 120
140 36 120
139 36 120
138 36 120
137 36 120
137 36 120
136 36 120
136 36 120
135 36 120
135 36 120
135 36 120
134 36 240
134 36 120
134 36 120
134 36 120
133 36 480
133 36 120
133 36 120
133 37 600
133 37 120
133 38 600
133 38 120
133 38 120
133 39 720
133 39 120
133 39 120
133 40 840
133 40 120
133 40 120
133 40 120
133 41 1080
133 41 120
133 41 120
133 42 1200
133 42 120
133 42 120
133 43 1320
133 43 120
133 44 1320
133 44 120
133 45 1320
133 45 120
133 46 1320
133 47 1320
133 48 1320
133 49 120
133 49 120
133 49 120
133 49 120
133 49 120
133 49 120
133 49 120
133 49 120
133 49 120
133 49 120
133 50 1080
133 50 120
133 51 1080
133 52 1080
133 53 1080
133 54 120
133 54 120
133 54 120
133 54 120
133 54 120
133 54 120
133 55 600
133 56 600
133 57 600
133 58 120
133 58 120
133 59 120
133 60 120
133 61 120
133 62 120
133 63 120
133 64 120
133 65 120
133 66 120
133 67 120
133 68 120
133 69 120
133 70 120
133 71 120
133 72 120
133 73 120
133 74 120
133 75 120
133 76 120
