66 15 120
65 15 120
64 15 120
63 15 120
62 15 120
61 15 120
60 15 120
59 15 120
58 15 120
57 15 120
56 15 120
55 15 120
54 15 120
53 15 120
52 15 120
51 15 120
50 15 120
49 15 120
48 15 120
47 15 120
46 15 120
46 15 120
45 15 120
45 15 120
44 15 120
44 15 120
43 15 120
43 15 120
43 15 120
42 15 240
42 15 120
41 15 240
41 15 120
40 15 240
40 15 120
39 15 240
39 15 120
38 15 240
38 15 120
37 15 240
37 15 120
36 15 240
36 15 120
35 15 240
35 15 120
34 15 240
34 15 120
33 15 240
32 15 240
31 15 240
30 15 120
30 15 120
29 15 120
28 15 120
27 15 120
26 15 120
26 16 120
26 17 120
26 18 120
26 19 120
26 20 120
26 20 120
26 21 120
26 21 120
26 22 120
26 22 120
26 23 120
26 23 120
26 23 120
26 24 240
26 24 120
26 25 240
26 25 120
26 26 240
26 26 120
26 27 240
26 27 120
26 28 240
26 28 120
26 29 240
26 29 120
26 30 240
26 30 120
26 31 240
26 31 120
26 32 240
26 32 120
26 32 120
26 33 360
26 33 120
26 33 120
26 34 480
26 34 120
26 34 120
26 35 600
26 35 120
26 35 120
26 36 720
26 36 120
26 36 120
26 37 840
26 37 120
26 37 120
26 38 960
26 39 960
26 40 960
26 41 120
26 41 120
26 41 120
26 41 120
26 41 120
26 41 120
26 42 600
26 43 600
26 44 600
26 45 120
26 45 120
26 45 120
26 45 120
26 46 360
26 46 120
26 47 360
26 47 120
26 48 360
26 48 120
26 49 360
26 49 120
26 50 360
26 50 120
26 51 360
26 52 360
26 53 360
26 54 120
26 54 120
26 55 120
26 56 120
26 57 120
26 58 120
26 59 120
26 60 120
26 61 120
26 62 120
26 63 120
26 64 120
26 65 120
26 66 120
26 67 120
26 68 120
26 69 120
26 70 120
26 71 120
26 72 120
134 137 120
135 137 120
136 137 120
137 137 120
138 137 120
139 137 120
140 137 120
141 137 120
142 137 120
143 137 120
144 137 120
145 137 120
146 137 120
147 137 120
148 137 120
149 137 120
150 137 120
151 137 120
152 137 120
153 137 120
154 137 120
155 137 120
156 137 120
156 138 120
156 139 120
156 140 120
156 141 120
156 142 120
156 143 120
156 144 120
156 145 120
156 146 120
156 147 120
156 148 120
156 149 120
156 150 120
156 151 120
156 152 120
156 153 120
156 153 120
156 154 120
156 154 120
156 154 120
156 155 240
156 155 120
156 155 120
156 156 360
156 156 120
156 156 120
156 156 120
156 157 600
156 157 120
156 157 120
156 158 720
156 158 120
156 158 120
156 159 840
156 159 120
156 159 120
156 160 960
156 160 120
156 160 120
156 161 1080
156 161 120
156 161 120
156 162 1200
156 162 120
156 163 1200
156 163 120
156 163 120
156 164 1320
156 164 120
156 165 1320
156 166 1320
156 167 1320
156 168 120
156 168 120
156 168 120
156 168 120
156 168 120
156 168 120
156 168 120
156 168 120
156 168 120
156 168 120
156 169 1080
156 170 1080
156 171 1080
156 172 120
156 172 120
156 172 120
156 172 120
156 172 120
156 172 120
156 173 600
156 173 120
156 174 600
156 175 600
156 176 600
156 177 120
156 177 120
156 177 120
156 178 240
156 179 240
156 180 240
156 181 120
156 182 120
156 183 120
156 184 120
156 185 120
156 186 120
156 187 120
156 188 120
156 189 120
156 190 120
156 191 120
156 192 120
156 193 120
156 194 120
156 195 120
156 196 120
156 197 120
156 198 120
192 161 120
191 161 120
190 161 120
189 161 120
188 161 120
187 161 120
186 161 120
185 161 120
184 161 120
183 161 120
182 161 120
181 161 120
180 161 120
179 161 120
178 161 120
177 161 120
176 161 120
175 161 120
174 161 120
173 161 120
172 161 120
171 161 120
170 161 120
169 161 120
168 161 120
167 161 120
166 161 120
165 161 120
164 161 120
164 161 120
163 161 120
163 161 120
162 161 120
162 161 120
161 161 120
161 161 120
161 161 120
160 161 240
160 161 120
160 161 120
159 161 360
159 161 120
159 161 120
158 161 480
158 161 120
158 161 120
158 161 120
157 161 720
157 161 120
157 161 120
157 161 120
