177 144 80
176 144 80
175 144 80
174 144 80
173 144 80
172 144 80
171 144 80
170 144 80
169 144 80
168 144 80
167 144 80
166 144 80
165 144 80
164 144 80
163 144 80
162 144 80
161 144 80
160 144 80
159 144 80
158 144 80
157 144 80
156 144 80
155 144 80
154 144 80
153 144 80
152 144 80
151 144 80
150 144 80
149 144 80
148 144 80
147 144 80
146 144 80
145 144 80
144 144 80
143 144 80
142 144 80
141 144 80
140 144 80
139 144 80
138 144 80
137 144 80
137 144 80
136 144 80
136 144 80
135 144 80
135 144 80
134 144 80
134 144 80
133 144 80
133 144 80
132 144 80
132 144 80
131 144 80
131 144 80
130 144 80
130 144 80
129 144 80
129 144 80
128 144 80
128 144 80
127 144 80
127 144 80
126 144 80
126 144 80
125 144 80
125 144 80
124 144 80
124 144 80
123 144 80
123 144 80
122 144 80
122 144 80
122 145 80
122 145 80
122 146 80
122 147 80
122 148 80
122 149 80
122 150 80
122 151 80
122 152 80
122 152 80
122 153 80
122 153 80
122 154 80
122 154 80
122 155 80
122 155 80
122 156 80
122 156 80
122 157 80
122 157 80
161 145 80
161 146 80
161 147 80
161 148 80
161 149 80
161 150 80
161 151 80
161 152 80
161 153 80
161 154 80
161 155 80
161 156 80
161 157 80
161 158 80
161 159 80
161 160 80
161 161 80
161 162 80
161 163 80
161 164 80
161 165 80
161 166 80
161 167 80
161 167 80
161 168 80
161 168 80
161 169 80
161 169 80
161 170 80
161 170 80
161 171 80
161 171 80
161 172 80
161 172 80
161 173 80
161 173 80
161 174 80
161 175 80
161 175 80
161 176 80
161 176 80
161 177 80
161 177 80
161 178 80
161 178 80
161 179 80
161 179 80
161 180 80
161 181 80
161 182 80
171 143 80
171 142 80
171 141 80
171 140 80
171 139 80
171 138 80
171 137 80
171 136 80
171 135 80
171 134 80
171 133 80
171 132 80
171 131 80
171 130 80
171 129 80
171 128 80
171 127 80
171 126 80
171 125 80
171 124 80
171 123 80
171 122 80
171 121 80
171 120 80
171 119 80
171 118 80
171 117 80
171 116 80
171 115 80
171 114 80
171 113 80
171 112 80
171 111 80
171 110 80
171 109 80
171 108 80
171 108 80
171 107 80
171 107 80
171 106 80
171 106 80
171 105 80
171 105 80
171 104 80
171 104 80
171 103 80
171 103 80
171 102 80
171 101 80
171 100 80
171 99 80
171 99 80
171 98 80
171 98 80
171 97 80
171 97 80
171 96 80
171 96 80
171 95 80
171 95 80
171 94 80
171 94 80
171 93 80
171 93 80
171 92 80
171 92 80
171 91 80
171 91 80
171 90 80
171 89 80
171 89 80
171 88 80
171 88 80
171 87 80
171 87 80
171 86 80
171 86 80
171 85 80
171 85 80
171 85 80
171 84 80
171 84 80
171 84 80
171 83 80
171 83 80
171 83 80
171 83 80
171 82 80
171 82 80
171 82 80
171 82 80
171 81 80
171 81 80
171 81 80
171 81 80
171 80 80
171 80 80
171 80 80
171 79 80
171 79 80
171 79 80
171 78 80
171 78 80
171 77 80
171 77 80
171 76 80
171 76 80
171 75 80
171 75 80
170 75 80
170 75 80
169 75 80
169 75 80
168 75 80
168 75 80
167 75 80
167 75 80
166 75 80
166 75 80
165 75 80
165 75 80
165 75 80
164 75 80
164 75 80
164 75 80
163 75 80
163 75 80
163 75 80
162 75 80
162 75 80
162 75 80
161 75 80
161 75 80
161 75 80
160 75 80
160 75 80
159 75 80
159 75 80
158 75 80
158 75 80
157 75 80
157 75 80
156 75 80
156 75 80
155 75 80
154 75 80
153 75 80
152 75 80
151 75 80
150 75 80
149 75 80
148 75 80
147 75 80
146 75 80
145 75 80
144 75 80
144 76 80
144 77 80
144 78 80
144 79 80
144 80 80
172 75 80
172 75 80
173 75 80
173 75 80
174 75 80
174 75 80
175 75 80
175 75 80
176 75 80
177 75 80
178 75 80
179 75 80
180 75 80
181 75 80
182 75 80
183 75 80
184 75 80
184 75 80
185 75 80
185 75 80
186 75 80
186 75 80
187 75 80
187 75 80
187 75 80
188 75 80
188 75 80
188 75 80
189 75 80
189 75 80
189 75 80
190 75 80
190 75 80
191 75 80
191 75 80
192 75 80
192 75 80
192 74 80
192 74 80
192 73 80
192 73 80
192 72 80
192 71 80
192 70 80
192 69 80
192 68 80
192 67 80
192 66 80
192 65 80
192 64 80
192 63 80
192 62 80
192 61 80
192 60 80
192 59 80
192 58 80
192 57 80
192 56 80
192 55 80
192 54 80
192 53 80
192 52 80
192 51 80
192 50 80
192 49 80
192 48 80
192 47 80
192 46 80
192 45 80
192 44 80
192 43 80
192 42 80
192 41 80
192 40 80
192 39 80
192 39 80
192 38 80
192 38 80
192 37 80
192 37 80
192 36 80
192 36 80
192 35 80
192 35 80
192 34 80
192 33 80
192 32 80
191 32 80
190 32 80
189 32 80
188 32 80
187 32 80
186 32 80
185 32 80
184 32 80
184 31 80
184 30 80
184 29 80
184 28 80
184 27 80
184 26 80
184 25 80
184 24 80
184 23 80
184 22 80
184 21 80
184 20 80
184 19 80
184 18 80
184 17 80
184 16 80
184 15 80
184 14 80
184 13 80
184 12 80
184 11 80
184 10 80
184 9 80
184 8 80
184 7 80
184 6 80
184 5 80
184 4 80
32 23 80
31 23 80
30 23 80
29 23 80
28 23 80
27 23 80
26 23 80
25 23 80
24 23 80
23 23 80
22 23 80
21 23 80
20 23 80
19 23 80
18 23 80
17 23 80
17 24 80
17 25 80
17 26 80
17 26 80
17 27 80
17 27 80
17 28 80
17 28 80
17 29 80
17 29 80
17 30 80
17 30 80
17 31 80
17 31 80
17 32 80
17 32 80
17 33 80
17 33 80
17 34 80
17 34 80
17 35 80
17 35 80
17 36 80
17 36 80
17 37 80
17 37 80
17 37 80
17 38 80
17 38 80
17 38 80
17 39 80
17 39 80
17 39 80
17 39 80
17 40 80
17 40 80
17 40 80
17 40 80
17 41 80
17 41 80
17 41 80
17 41 80
17 42 80
17 42 80
17 42 80
17 42 80
17 43 80
17 43 80
17 43 80
17 44 80
17 44 80
17 45 80
17 45 80
17 46 80
17 47 80
17 48 80
17 49 80
17 50 80
17 51 80
17 52 80
17 53 80
17 54 80
17 55 80
17 56 80
17 57 80
17 58 80
17 59 80
17 60 80
17 61 80
17 62 80
17 63 80
17 64 80
17 65 80
17 66 80
17 67 80
17 68 80
17 69 80
17 70 80
17 71 80
17 72 80
17 73 80
29 149 80
29 149 80
29 149 80
29 149 80
29 149 80
29 149 80
29 149 80
29 149 80
29 149 80
29 149 80
29 149 80
29 149 80
29 149 80
29 149 80
29 149 80
29 149 80
29 149 80
29 149 80
29 149 80
29 149 80
29 149 80
29 149 80
29 149 80
29 149 80
29 149 80
29 149 80
29 149 80
29 149 80
29 149 80
29 149 80
28 149 80
28 149 80
28 149 80
28 149 80
28 149 80
28 149 80
28 149 80
28 149 80
28 149 80
28 149 80
28 149 80
28 149 80
28 149 80
28 149 80
28 149 80
28 149 80
28 149 80
28 149 80
28 149 80
28 149 80
28 149 80
28 149 80
28 149 80
28 149 80
28 149 80
28 149 80
28 149 80
27 149 80
27 149 80
27 149 80
27 149 80
27 149 80
27 149 80
27 149 80
27 149 80
27 149 80
27 149 80
27 149 80
27 149 80
27 149 80
27 149 80
27 149 80
27 149 80
27 149 80
27 149 80
27 149 80
27 149 80
27 149 80
27 149 80
27 149 80
27 149 80
26 149 80
26 149 80
26 149 80
26 149 80
26 149 80
26 149 80
26 149 80
26 149 80
26 149 80
26 149 80
26 149 80
26 149 80
26 149 80
26 149 80
26 149 80
26 149 80
26 149 80
26 149 80
26 149 80
26 149 80
26 149 80
26 149 80
25 149 80
25 149 80
25 149 80
25 149 80
25 149 80
25 149 80
25 149 80
25 149 80
25 149 80
25 149 80
25 149 80
25 149 80
25 149 80
25 149 80
25 149 80
25 149 80
25 149 80
25 149 80
25 149 80
25 149 80
25 149 80
24 149 80
24 149 80
24 149 80
24 149 80
24 149 80
24 149 80
24 149 80
24 149 80
24 149 80
24 149 80
24 149 80
24 149 80
24 149 80
24 149 80
24 149 80
24 149 80
24 149 80
24 149 80
24 149 80
24 149 80
23 149 80
23 149 80
23 149 80
23 149 80
23 149 80
23 149 80
23 149 80
23 149 80
23 149 80
23 149 80
23 149 80
23 149 80
23 149 80
23 149 80
23 149 80
23 149 80
23 149 80
23 149 80
23 149 80
22 149 80
22 149 80
22 149 80
22 149 80
22 149 80
22 149 80
22 149 80
22 149 80
22 149 80
22 149 80
22 149 80
22 149 80
22 149 80
22 149 80
22 149 80
22 149 80
22 149 80
21 149 80
21 149 80
21 149 80
21 149 80
21 149 80
21 149 80
21 149 80
21 149 80
21 149 80
21 149 80
21 149 80
21 149 80
21 149 80
21 149 80
21 149 80
20 149 80
20 149 80
20 149 80
20 149 80
20 149 80
20 149 80
20 149 80
20 149 80
20 149 80
20 149 80
20 149 80
20 149 80
19 149 80
19 149 80
19 149 80
19 149 80
19 149 80
19 149 80
19 149 80
19 149 80
19 149 80
18 149 80
18 149 80
18 149 80
18 149 80
18 149 80
18 149 80
18 149 80
17 149 80
17 149 80
17 149 80
17 149 80
17 149 80
17 149 80
17 148 400
17 148 80
17 147 80
17 147 80
17 147 80
17 147 80
17 147 80
17 147 80
17 146 80
17 146 80
17 146 80
17 146 80
17 146 80
17 146 80
17 145 80
17 145 80
17 145 80
17 145 80
17 145 80
17 145 80
17 144 80
17 144 80
17 144 80
17 144 80
17 144 80
17 144 80
17 144 80
17 143 80
17 143 80
17 143 80
17 143 80
17 143 80
17 143 80
17 143 80
17 142 80
17 142 80
17 142 80
17 142 80
17 142 80
17 142 80
17 142 80
17 141 80
17 141 80
17 141 80
17 141 80
17 141 80
17 141 80
17 140 80
17 140 80
17 140 80
17 140 80
17 140 80
17 139 80
17 139 80
17 139 80
17 138 80
17 138 80
17 137 80
17 137 80
17 136 80
17 135 80
17 134 80
17 133 80
17 132 80
17 131 80
17 130 80
17 129 80
17 128 80
17 127 80
17 126 80
17 125 80
17 124 80
17 123 80
17 122 80
17 121 80
17 120 80
17 119 80
17 118 80
17 117 80
17 116 80
17 115 80
17 114 80
17 114 80
17 113 80
17 113 80
17 113 80
17 112 80
17 112 80
17 112 80
17 111 80
17 111 80
17 111 80
17 111 80
17 110 80
17 110 80
17 110 80
17 110 80
17 109 80
17 109 80
17 109 80
17 109 80
17 108 80
17 108 80
17 108 80
17 108 80
17 108 80
17 107 80
17 107 80
17 107 80
17 107 80
17 107 80
17 106 80
17 106 80
17 106 80
17 106 80
17 106 80
17 105 80
17 105 80
17 105 80
17 105 80
17 105 80
17 104 80
17 104 80
17 104 80
17 104 80
17 104 80
17 103 80
17 103 80
17 103 80
17 103 80
17 103 80
17 102 80
17 102 80
17 102 80
17 102 80
17 102 80
17 102 80
17 101 80
17 101 80
17 101 80
17 101 80
17 101 80
17 101 80
17 101 80
17 100 80
17 100 80
17 100 80
17 100 80
17 100 80
17 100 80
17 100 80
17 100 80
17 100 80
17 100 80
17 99 80
17 99 80
17 99 80
17 99 80
17 99 80
17 99 80
17 99 80
17 99 80
17 99 80
17 99 80
17 99 80
17 99 80
17 98 80
17 98 80
17 98 80
17 98 80
17 98 80
17 98 80
17 98 80
17 98 80
17 98 80
17 98 80
17 98 80
17 98 80
17 98 80
17 98 80
17 98 80
17 98 80
17 97 80
17 97 80
17 97 80
17 97 80
17 97 80
17 97 80
17 97 80
17 97 80
17 97 80
17 97 80
17 97 80
17 97 80
17 97 80
17 97 80
17 97 80
17 97 80
17 97 80
17 97 80
17 97 80
17 96 80
17 96 80
17 96 80
17 96 80
17 96 80
17 96 80
17 96 80
17 96 80
17 96 80
17 96 80
17 96 80
17 96 80
17 96 80
17 96 80
17 96 80
17 96 80
17 96 80
17 96 80
17 96 80
17 96 80
17 96 80
17 96 80
17 95 80
17 95 80
17 95 80
17 95 80
17 95 80
17 95 80
17 95 80
17 95 80
17 95 80
17 95 80
17 95 80
17 95 80
17 95 80
17 95 80
17 95 80
17 95 80
17 95 80
17 95 80
17 95 80
17 95 80
17 95 80
17 95 80
17 95 80
17 95 80
17 94 80
17 94 80
17 94 80
17 94 80
17 94 80
17 94 80
17 94 80
17 94 80
17 94 80
17 94 80
17 94 80
17 94 80
17 94 80
17 94 80
17 94 80
17 94 80
17 94 80
17 94 80
17 94 80
17 94 80
17 94 80
17 94 80
17 94 80
17 94 80
17 94 80
17 94 80
17 93 80
17 93 80
17 93 80
17 93 80
17 93 80
17 93 80
17 93 80
17 93 80
17 93 80
17 93 80
17 93 80
17 93 80
17 93 80
17 93 80
17 93 80
17 93 80
17 93 80
17 93 80
17 93 80
17 93 80
17 93 80
17 93 80
17 93 80
17 93 80
17 93 80
17 93 80
17 92 80
17 92 80
17 92 80
17 92 80
17 92 80
17 92 80
17 92 80
17 92 80
17 92 80
17 92 80
17 92 80
17 92 80
17 92 80
17 92 80
17 92 80
17 92 80
17 92 80
17 92 80
17 92 80
17 92 80
17 92 80
17 92 80
17 92 80
17 92 80
17 92 80
17 92 80
17 91 80
17 91 80
17 91 80
17 91 80
17 91 80
17 91 80
17 91 80
17 91 80
17 91 80
17 91 80
17 91 80
17 91 80
17 91 80
17 91 80
17 91 80
17 91 80
17 91 80
17 91 80
17 91 80
17 91 80
17 91 80
17 91 80
17 91 80
17 91 80
17 91 80
17 91 80
17 90 80
17 90 80
17 90 80
17 90 80
17 90 80
17 90 80
17 90 80
17 90 80
17 90 80
17 90 80
17 90 80
17 90 80
17 90 80
17 90 80
17 90 80
17 90 80
17 90 80
17 90 80
17 90 80
17 90 80
17 90 80
17 90 80
17 90 80
17 90 80
17 90 80
17 89 80
17 89 80
17 89 80
17 89 80
17 89 80
17 89 80
17 89 80
17 89 80
17 89 80
17 89 80
17 89 80
17 89 80
17 89 80
17 89 80
17 89 80
17 89 80
17 89 80
17 89 80
17 89 80
17 89 80
17 89 80
17 89 80
17 89 80
17 89 80
17 89 80
17 88 80
17 88 80
17 88 80
17 88 80
17 88 80
17 88 80
17 88 80
17 88 80
17 88 80
17 88 80
17 88 80
17 88 80
17 88 80
17 88 80
17 88 80
17 88 80
17 88 80
17 88 80
17 88 80
17 88 80
17 88 80
17 88 80
17 88 80
17 88 80
17 88 80
17 88 80
17 87 80
17 87 80
17 87 80
17 87 80
17 87 80
17 87 80
17 87 80
17 87 80
17 87 80
17 87 80
17 87 80
17 87 80
17 87 80
17 87 80
17 87 80
17 87 80
17 87 80
17 87 80
17 87 80
17 87 80
17 87 80
17 87 80
17 87 80
17 87 80
17 87 80
17 87 80
17 86 80
17 86 80
17 86 80
17 86 80
17 86 80
17 86 80
17 86 80
17 86 80
17 86 80
17 86 80
17 86 80
17 86 80
17 86 80
17 86 80
17 86 80
17 86 80
17 86 80
17 86 80
17 86 80
17 86 80
17 86 80
17 86 80
17 86 80
17 86 80
17 86 80
17 86 80
17 85 80
17 85 80
17 85 80
17 85 80
17 85 80
17 85 80
17 85 80
17 85 80
17 85 80
17 85 80
17 85 80
17 85 80
17 85 80
17 85 80
17 85 80
17 85 80
17 85 80
17 85 80
17 85 80
17 85 80
17 85 80
17 85 80
17 85 80
17 85 80
17 85 80
17 85 80
17 84 80
17 84 80
17 84 80
17 84 80
17 84 80
17 84 80
17 84 80
17 84 80
17 84 80
17 84 80
17 84 80
17 84 80
17 84 80
17 84 80
17 84 80
17 84 80
17 84 80
17 84 80
17 84 80
17 84 80
17 84 80
17 84 80
17 84 80
17 84 80
17 84 80
17 84 80
17 83 80
17 83 80
17 83 80
17 83 80
17 83 80
17 83 80
17 83 80
17 83 80
17 83 80
17 83 80
17 83 80
17 83 80
17 83 80
17 83 80
17 83 80
17 83 80
17 83 80
17 83 80
17 83 80
17 83 80
17 83 80
17 83 80
17 83 80
17 83 80
17 83 80
17 82 80
17 82 80
17 82 80
17 82 80
17 82 80
17 82 80
17 82 80
17 82 80
17 82 80
17 82 80
17 82 80
17 82 80
17 82 80
17 82 80
17 82 80
17 82 80
17 82 80
17 82 80
17 82 80
17 82 80
17 82 80
17 82 80
17 82 80
17 81 80
17 81 80
17 81 80
17 81 80
17 81 80
17 81 80
17 81 80
17 81 80
17 81 80
17 81 80
17 81 80
17 81 80
17 81 80
17 81 80
17 81 80
17 81 80
17 81 80
17 81 80
17 81 80
17 81 80
17 80 80
17 80 80
17 80 80
17 80 80
17 80 80
17 80 80
17 80 80
17 80 80
17 80 80
17 80 80
17 80 80
17 80 80
17 80 80
17 80 80
17 80 80
17 80 80
17 79 80
17 79 80
17 79 80
17 79 80
17 79 80
17 79 80
17 79 80
17 79 80
17 79 80
17 79 80
17 79 80
17 79 80
17 78 80
17 78 80
17 78 80
17 78 80
17 78 80
17 78 80
17 78 80
17 78 80
17 77 80
17 77 80
17 77 80
17 77 80
17 77 80
17 77 80
17 76 80
17 76 80
17 76 80
17 76 80
17 75 80
17 75 80
17 75 80
17 74 80
17 74 80
17 150 80
17 150 80
17 150 80
17 150 80
17 150 80
17 150 80
17 150 80
17 151 80
17 151 80
17 151 80
17 151 80
17 151 80
17 151 80
17 151 80
17 151 80
17 152 80
17 152 80
17 152 80
17 152 80
17 152 80
17 152 80
17 152 80
17 152 80
17 152 80
17 153 80
17 153 80
17 153 80
17 153 80
17 153 80
17 153 80
17 153 80
17 153 80
17 153 80
17 154 80
17 154 80
17 154 80
17 154 80
17 154 80
17 154 80
17 154 80
17 154 80
17 154 80
17 155 80
17 155 80
17 155 80
17 155 80
17 155 80
17 155 80
17 155 80
17 155 80
17 156 80
17 156 80
17 156 80
17 156 80
17 156 80
17 156 80
17 156 80
17 157 80
17 157 80
17 157 80
17 157 80
17 157 80
17 157 80
17 158 80
17 158 80
17 158 80
17 158 80
17 158 80
17 158 80
17 159 80
17 159 80
17 159 80
17 159 80
17 159 80
17 160 80
17 160 80
17 160 80
17 160 80
17 160 80
17 161 80
17 161 80
17 161 80
17 161 80
17 162 80
17 162 80
17 162 80
17 162 80
17 163 80
17 163 80
17 163 80
17 163 80
17 164 80
17 164 80
17 164 80
17 164 80
17 165 80
17 165 80
17 165 80
17 165 80
17 166 80
17 166 80
17 166 80
17 166 80
17 167 80
17 167 80
17 167 80
17 168 80
17 168 80
17 169 80
17 169 80
17 170 80
17 171 80
17 172 80
17 173 80
17 174 80
17 175 80
17 176 80
17 177 80
17 178 80
17 179 80
17 180 80
17 181 80
17 182 80
17 183 80
17 184 80
17 185 80
17 186 80
17 187 80
17 188 80
17 189 80
17 190 80
17 191 80
17 192 80
17 193 80
17 194 80
