22 28 120
23 28 120
24 28 120
25 28 120
26 28 120
27 28 120
28 28 120
29 28 120
29 28 120
30 28 120
30 28 120
31 28 120
31 28 120
31 28 120
32 28 240
32 28 120
33 28 240
33 28 120
33 28 120
34 28 360
34 28 120
34 28 120
35 28 480
35 28 120
35 28 120
36 28 600
36 28 120
36 28 120
36 29 720
36 30 720
36 31 720
36 32 120
36 32 120
36 32 120
36 33 240
36 34 240
36 35 240
36 36 120
36 37 120
36 38 120
36 39 120
36 40 120
36 41 120
36 42 120
36 43 120
36 44 120
36 45 120
36 46 120
36 47 120
36 48 120
36 49 120
36 50 120
36 51 120
36 52 120
36 53 120
36 54 120
36 55 120
36 56 120
36 57 120
36 58 120
36 59 120
36 60 120
36 61 120
36 62 120
36 63 120
36 64 120
36 65 120
36 66 120
36 66 120
36 67 120
36 67 120
36 68 120
36 68 120
36 68 120
36 69 240
36 69 120
36 69 120
36 70 360
36 70 120
36 70 120
36 71 480
36 71 120
36 71 120
36 71 120
36 72 720
36 72 120
36 72 120
36 73 840
36 73 120
36 73 120
36 73 120
36 73 120
36 74 1200
36 74 120
36 74 120
36 74 120
36 75 1440
36 75 120
36 75 120
36 75 120
36 76 1680
36 76 120
36 76 120
36 76 120
36 77 1920
36 77 120
36 77 120
36 77 120
36 78 2160
36 78 120
36 78 120
36 78 120
36 79 2400
36 79 120
36 79 120
36 80 2520
36 80 120
36 80 120
36 81 2640
36 81 120
36 81 120
36 82 2760
36 82 120
36 83 2760
36 83 120
36 84 2760
36 84 120
36 85 2760
36 86 2760
36 87 2760
36 88 120
36 88 120
36 88 120
36 88 120
36 88 120
36 88 120
36 88 120
36 88 120
36 88 120
36 88 120
36 88 120
36 88 120
36 88 120
36 88 120
36 88 120
36 88 120
36 88 120
36 88 120
36 88 120
36 88 120
36 88 120
36 88 120
36 89 2520
36 90 2520
36 91 2520
36 92 120
36 92 120
36 92 120
36 92 120
36 92 120
36 92 120
36 92 120
36 92 120
36 92 120
36 92 120
36 92 120
36 92 120
36 92 120
36 92 120
36 92 120
36 92 120
36 92 120
36 92 120
36 92 120
36 93 2160
36 94 2160
36 95 2160
36 96 120
36 96 120
36 96 120
36 96 120
36 96 120
36 96 120
36 96 120
36 96 120
36 96 120
36 96 120
36 96 120
36 96 120
36 96 120
36 96 120
36 97 1560
36 98 1560
36 99 1560
36 100 120
36 100 120
36 100 120
36 100 120
36 100 120
36 100 120
36 100 120
36 100 120
36 100 120
36 101 960
36 102 960
36 103 960
36 104 120
36 104 120
36 104 120
36 104 120
36 105 360
36 106 360
36 107 360
36 108 120
36 109 120
36 110 120
36 111 120
36 112 120
36 113 120
36 114 120
36 115 120
36 116 120
36 117 120
36 118 120
36 119 120
36 120 120
36 121 120
36 122 120
36 123 120
36 124 120
36 125 120
36 126 120
36 127 120
36 128 120
36 128 120
36 129 120
36 129 120
36 130 120
36 130 120
36 130 120
36 131 240
36 131 120
36 131 120
36 132 360
36 132 120
36 132 120
36 132 120
36 133 600
36 133 120
36 133 120
36 134 720
36 134 120
36 134 120
36 134 120
36 135 960
36 135 120
36 135 120
36 135 120
36 136 1200
36 136 120
36 136 120
36 136 120
36 136 120
36 137 1560
36 137 120
36 137 120
36 138 1680
36 138 120
36 138 120
36 139 1800
36 139 120
36 139 120
36 140 1920
36 140 120
36 141 1920
36 142 1920
36 143 1920
36 144 120
36 144 120
36 144 120
36 144 120
36 144 120
36 144 120
36 144 120
36 144 120
36 144 120
36 144 120
36 144 120
36 144 120
36 144 120
36 145 1440
36 146 1440
36 147 1440
36 148 120
36 148 120
36 148 120
36 148 120
36 148 120
36 148 120
36 148 120
36 148 120
36 148 120
36 149 960
36 150 960
36 151 960
36 152 120
36 152 120
36 152 120
36 153 240
36 154 240
36 155 240
36 156 120
36 157 120
36 158 120
36 159 120
36 160 120
36 161 120
36 162 120
36 163 120
36 164 120
36 165 120
36 166 120
36 167 120
36 168 120
36 169 120
36 170 120
110 83 120
111 83 120
112 83 120
113 83 120
114 83 120
115 83 120
116 83 120
117 83 120
118 83 120
119 83 120
120 83 120
121 83 120
122 83 120
123 83 120
124 83 120
125 83 120
126 83 120
127 83 120
128 83 120
129 83 120
130 83 120
131 83 120
131 83 120
132 83 120
132 83 120
133 83 120
133 83 120
134 83 120
134 83 120
134 83 120
135 83 240
135 83 120
136 83 240
136 83 120
136 83 120
137 83 360
137 83 120
138 83 360
138 83 120
139 83 360
140 83 360
141 83 360
142 83 120
142 83 120
143 83 120
143 83 120
144 83 120
145 83 120
146 83 120
147 83 120
148 83 120
149 83 120
150 83 120
151 83 120
152 83 120
153 83 120
154 83 120
155 83 120
156 83 120
156 84 120
156 85 120
156 86 120
156 87 120
156 88 120
156 89 120
156 90 120
156 91 120
156 92 120
156 93 120
156 94 120
156 95 120
156 96 120
156 97 120
156 98 120
156 99 120
156 100 120
156 101 120
156 102 120
156 103 120
156 104 120
156 105 120
156 106 120
156 107 120
156 108 120
156 108 120
156 109 120
156 109 120
156 109 120
156 110 240
156 110 120
156 110 120
156 111 360
156 111 120
156 111 120
156 111 120
156 112 600
156 112 120
156 112 120
156 112 120
156 113 840
156 113 120
156 113 120
156 114 960
156 114 120
156 114 120
156 114 120
156 115 1200
156 115 120
156 115 120
156 116 1320
156 116 120
156 116 120
156 117 1440
156 117 120
156 117 120
156 117 120
156 118 1680
156 118 120
156 118 120
156 119 1800
156 119 120
156 119 120
156 120 1920
156 120 120
156 120 120
156 120 120
156 121 2160
156 121 120
156 121 120
156 122 2280
156 122 120
156 122 120
156 123 2400
156 123 120
156 124 2400
156 124 120
156 125 2400
156 126 2400
156 127 2400
156 128 120
156 128 120
156 128 120
156 128 120
156 128 120
156 128 120
156 128 120
156 128 120
156 128 120
156 128 120
156 128 120
156 128 120
156 128 120
156 128 120
156 129 1560
156 130 1560
156 131 1560
156 132 120
156 132 120
156 132 120
156 132 120
156 132 120
156 132 120
156 132 120
156 132 120
156 133 840
156 134 840
156 135 840
156 136 120
156 136 120
156 136 120
156 136 120
156 136 120
156 137 480
156 137 120
156 138 480
156 139 480
156 140 480
156 141 120
156 141 120
156 142 120
156 143 120
156 144 120
156 145 120
156 146 120
156 147 120
156 148 120
156 149 120
156 150 120
156 151 120
156 152 120
156 153 120
156 154 120
156 155 120
157 83 120
158 83 120
159 83 120
160 83 120
161 83 120
162 83 120
163 83 120
164 83 120
165 83 120
166 83 120
167 83 120
168 83 120
169 83 120
170 83 120
171 83 120
172 83 120
173 83 120
174 83 120
175 83 120
176 83 120
177 83 120
178 83 120
179 83 120
180 83 120
181 83 120
182 83 120
183 83 120
184 83 120
185 83 120
186 83 120
187 83 120
188 83 120
189 83 120
190 83 120
191 83 120
192 83 120
193 83 120
194 83 120
195 83 120
195 83 120
196 83 120
196 83 120
196 82 120
196 82 120
196 81 120
196 80 120
196 79 120
196 78 120
196 77 120
196 76 120
196 75 120
196 74 120
196 73 120
