23 37 80
24 37 80
25 37 80
26 37 80
27 37 80
28 37 80
29 37 80
30 37 80
31 37 80
32 37 80
33 37 80
34 37 80
35 37 80
36 37 80
37 37 80
38 37 80
39 37 80
40 37 80
41 37 80
42 37 80
43 37 80
44 37 80
45 37 80
45 37 80
46 37 80
46 37 80
47 37 80
47 37 80
48 37 80
48 37 80
48 37 80
49 37 80
49 37 80
49 37 80
50 37 80
50 37 80
50 37 80
50 37 80
51 37 80
51 37 80
51 37 80
51 37 80
51 37 80
52 37 80
52 37 80
52 37 80
52 37 80
52 37 80
52 37 80
53 37 80
53 37 80
53 37 80
53 37 80
53 37 80
53 37 80
53 37 80
53 37 80
54 37 80
54 37 80
54 37 80
54 37 80
54 37 80
54 37 80
54 37 80
54 37 80
54 37 80
55 37 80
55 37 80
55 37 80
55 37 80
55 37 80
55 37 80
55 37 80
55 37 80
55 37 80
56 37 80
56 37 80
56 37 80
56 37 80
56 37 80
56 37 80
56 37 80
56 37 80
56 37 80
56 37 80
57 37 80
57 37 80
57 37 80
57 37 80
57 37 80
57 37 80
57 37 80
57 37 80
57 37 80
58 37 80
58 37 80
58 37 80
58 37 80
58 37 80
58 37 80
58 37 80
58 37 80
59 37 80
59 37 80
59 37 80
59 37 80
59 37 80
59 37 80
59 37 80
60 37 80
60 37 80
60 37 80
60 37 80
60 37 80
60 37 80
61 37 80
61 37 80
61 37 80
61 37 80
61 37 80
62 37 80
62 37 80
62 37 80
62 37 80
63 37 80
63 37 80
63 37 80
64 37 80
64 37 80
65 37 80
65 37 80
66 37 80
66 37 80
67 37 80
67 37 80
68 37 80
68 37 80
69 37 80
69 37 80
70 37 80
70 37 80
71 37 80
71 37 80
72 37 80
72 37 80
73 37 80
73 37 80
74 37 80
74 37 80
75 37 80
75 37 80
76 37 80
76 37 80
77 37 80
77 37 80
77 37 80
78 37 80
78 37 80
78 37 80
78 37 80
79 37 80
79 37 80
79 37 80
79 37 80
80 37 80
80 37 80
80 37 80
80 37 80
80 37 80
80 37 80
81 37 80
81 37 80
81 37 80
81 37 80
81 37 80
81 37 80
81 37 80
81 37 80
82 37 80
82 37 80
82 37 80
82 37 80
82 37 80
82 37 80
82 37 80
82 37 80
82 37 80
82 37 80
83 37 80
83 37 80
83 37 80
83 37 80
83 37 80
83 37 80
83 37 80
83 37 80
83 37 80
83 37 80
83 37 80
83 37 80
83 37 80
84 37 80
84 37 80
84 37 80
84 37 80
84 37 80
84 37 80
84 37 80
84 37 80
84 37 80
84 37 80
84 37 80
84 37 80
84 37 80
84 37 80
84 37 80
85 37 80
85 37 80
85 37 80
85 37 80
85 37 80
85 37 80
85 37 80
85 37 80
85 37 80
85 37 80
85 37 80
85 37 80
85 37 80
85 37 80
85 37 80
85 37 80
85 37 80
85 37 80
86 37 80
86 37 80
86 37 80
86 37 80
86 37 80
86 37 80
86 37 80
86 37 80
86 37 80
86 37 80
86 37 80
86 37 80
86 37 80
86 37 80
86 37 80
86 37 80
86 37 80
86 37 80
86 37 80
86 37 80
87 37 80
87 37 80
87 37 80
87 37 80
87 37 80
87 37 80
87 37 80
87 37 80
87 37 80
87 37 80
87 37 80
87 37 80
87 37 80
87 37 80
87 37 80
87 37 80
87 37 80
87 37 80
87 37 80
87 37 80
87 37 80
88 37 80
88 37 80
88 37 80
88 37 80
88 37 80
88 37 80
88 37 80
88 37 80
88 37 80
88 37 80
88 37 80
88 37 80
88 37 80
88 37 80
88 37 80
88 37 80
88 37 80
88 37 80
88 37 80
88 37 80
88 37 80
88 37 80
89 37 80
89 37 80
89 37 80
89 37 80
89 37 80
89 37 80
89 37 80
89 37 80
89 37 80
89 37 80
89 37 80
89 37 80
89 37 80
89 37 80
89 37 80
89 37 80
89 37 80
89 37 80
89 37 80
89 37 80
89 37 80
90 37 80
90 37 80
90 37 80
90 37 80
90 37 80
90 37 80
90 37 80
90 37 80
90 37 80
90 37 80
90 37 80
90 37 80
90 37 80
90 37 80
90 37 80
90 37 80
90 37 80
90 37 80
90 37 80
90 37 80
91 37 80
91 37 80
91 37 80
91 37 80
91 37 80
91 37 80
91 37 80
91 37 80
91 37 80
91 37 80
91 37 80
91 37 80
91 37 80
91 37 80
91 37 80
91 37 80
91 37 80
91 37 80
92 37 80
92 37 80
92 37 80
92 37 80
92 37 80
92 37 80
92 37 80
92 37 80
92 37 80
92 37 80
92 37 80
92 37 80
92 37 80
92 37 80
92 37 80
92 37 80
93 37 80
93 37 80
93 37 80
93 37 80
93 37 80
93 37 80
93 37 80
93 37 80
93 37 80
93 37 80
93 37 80
93 37 80
93 37 80
93 37 80
94 37 80
94 37 80
94 37 80
94 37 80
94 37 80
94 37 80
94 37 80
94 37 80
94 37 80
94 37 80
94 37 80
94 37 80
95 37 80
95 37 80
95 37 80
95 37 80
95 37 80
95 37 80
95 37 80
95 37 80
95 37 80
96 37 80
96 37 80
96 37 80
96 37 80
96 37 80
96 37 80
96 37 80
96 37 80
97 37 80
97 37 80
97 37 80
97 37 80
97 37 80
97 37 80
97 37 80
98 37 80
98 37 80
98 37 80
98 37 80
98 37 80
98 37 80
99 37 80
99 37 80
99 37 80
99 37 80
99 37 80
100 37 80
100 37 80
100 37 80
100 37 80
100 37 80
101 37 80
101 37 80
101 37 80
101 37 80
102 37 80
102 37 80
102 37 80
102 37 80
103 37 80
103 37 80
103 37 80
103 37 80
104 37 80
104 37 80
104 37 80
104 37 80
105 37 80
105 37 80
105 37 80
105 37 80
106 37 80
106 37 80
106 37 80
106 37 80
107 37 80
107 37 80
107 37 80
107 37 80
107 37 80
108 37 80
108 37 80
108 37 80
108 37 80
108 37 80
109 37 80
109 37 80
109 37 80
109 37 80
109 37 80
109 37 80
110 37 80
110 37 80
110 37 80
110 37 80
110 37 80
110 37 80
111 37 80
111 37 80
111 37 80
111 37 80
111 37 80
111 37 80
112 37 80
112 37 80
112 37 80
112 37 80
112 37 80
112 37 80
113 37 80
113 37 80
113 37 80
113 37 80
113 37 80
114 37 80
114 37 80
114 37 80
114 37 80
114 37 80
115 37 80
115 37 80
115 37 80
115 37 80
116 37 80
116 37 80
116 37 80
116 37 80
117 37 80
117 37 80
117 37 80
118 37 80
118 37 80
118 37 80
119 37 80
119 37 80
119 37 80
120 37 80
120 37 80
120 37 80
121 37 80
121 37 80
121 37 80
122 37 80
122 37 80
123 37 80
123 37 80
124 37 80
124 37 80
125 37 80
125 37 80
126 37 80
126 37 80
127 37 80
127 37 80
128 37 80
128 37 80
129 37 80
129 37 80
129 37 80
130 37 80
130 37 80
130 37 80
131 37 80
131 37 80
131 37 80
131 37 80
132 37 80
132 37 80
132 37 80
132 37 80
133 37 80
133 37 80
133 37 80
133 37 80
133 37 80
134 37 80
134 37 80
134 37 80
134 37 80
134 37 80
135 37 80
135 37 80
135 37 80
135 37 80
135 37 80
136 37 80
136 37 80
136 37 80
136 37 80
136 37 80
136 37 80
137 37 80
137 37 80
137 37 80
137 37 80
137 37 80
137 37 80
137 37 80
138 37 80
138 37 80
138 37 80
138 37 80
138 37 80
138 37 80
138 37 80
139 37 80
139 37 80
139 37 80
139 37 80
139 37 80
139 37 80
139 37 80
139 37 80
140 37 80
140 37 80
140 37 80
140 37 80
140 37 80
140 37 80
140 37 80
140 37 80
141 37 80
141 37 80
141 37 80
141 37 80
141 37 80
141 37 80
141 37 80
142 37 80
142 37 80
142 37 80
142 37 80
142 37 80
142 37 80
142 37 80
143 37 80
143 37 80
143 37 80
143 37 80
143 37 80
143 37 80
144 37 80
144 37 80
144 37 80
144 37 80
144 37 80
145 37 80
145 37 80
145 37 80
145 37 80
146 37 80
146 37 80
146 37 80
146 37 80
147 37 80
147 37 80
147 37 80
148 37 80
148 37 80
148 37 80
149 37 80
149 37 80
149 37 80
150 37 80
150 37 80
151 37 80
151 37 80
152 37 80
152 37 80
153 37 80
153 37 80
154 37 80
155 37 80
156 37 80
157 37 80
157 37 80
158 37 80
158 37 80
159 37 80
159 37 80
160 37 80
160 37 80
161 37 80
161 37 80
162 37 80
162 37 80
162 37 80
162 38 160
162 38 80
162 38 80
162 39 80
162 39 80
162 39 80
162 39 80
162 39 80
162 40 80
162 40 80
162 40 80
162 40 80
162 40 80
162 40 80
162 40 80
162 41 80
162 41 80
162 41 80
162 41 80
162 41 80
162 41 80
162 41 80
162 41 80
162 41 80
162 42 80
162 42 80
162 42 80
162 42 80
162 42 80
162 42 80
162 42 80
162 42 80
162 42 80
162 42 80
162 42 80
162 42 80
162 43 80
162 43 80
162 43 80
162 43 80
162 43 80
162 43 80
162 43 80
162 43 80
162 43 80
162 43 80
162 43 80
162 43 80
162 43 80
162 43 80
162 43 80
162 43 80
162 44 80
162 44 80
162 44 80
162 44 80
162 44 80
162 44 80
162 44 80
162 44 80
162 44 80
162 44 80
162 44 80
162 44 80
162 44 80
162 44 80
162 44 80
162 44 80
162 44 80
162 44 80
162 44 80
162 44 80
162 45 80
162 45 80
162 45 80
162 45 80
162 45 80
162 45 80
162 45 80
162 45 80
162 45 80
162 45 80
162 45 80
162 45 80
162 45 80
162 45 80
162 45 80
162 45 80
162 45 80
162 45 80
162 45 80
162 45 80
162 45 80
162 45 80
162 45 80
162 46 80
162 46 80
162 46 80
162 46 80
162 46 80
162 46 80
162 46 80
162 46 80
162 46 80
162 46 80
162 46 80
162 46 80
162 46 80
162 46 80
162 46 80
162 46 80
162 46 80
162 46 80
162 46 80
162 46 80
162 46 80
162 46 80
162 46 80
162 46 80
162 46 80
162 47 80
162 47 80
162 47 80
162 47 80
162 47 80
162 47 80
162 47 80
162 47 80
162 47 80
162 47 80
162 47 80
162 47 80
162 47 80
162 47 80
162 47 80
162 47 80
162 47 80
162 47 80
162 47 80
162 47 80
162 47 80
162 47 80
162 47 80
162 47 80
162 47 80
162 47 80
162 47 80
162 48 80
162 48 80
162 48 80
162 48 80
162 48 80
162 48 80
162 48 80
162 48 80
162 48 80
162 48 80
162 48 80
162 48 80
162 48 80
162 48 80
162 48 80
162 48 80
162 48 80
162 48 80
162 48 80
162 48 80
162 48 80
162 48 80
162 48 80
162 48 80
162 48 80
162 48 80
162 48 80
162 49 80
162 49 80
162 49 80
162 49 80
162 49 80
162 49 80
162 49 80
162 49 80
162 49 80
162 49 80
162 49 80
162 49 80
162 49 80
162 49 80
162 49 80
162 49 80
162 49 80
162 49 80
162 49 80
162 49 80
162 49 80
162 49 80
162 49 80
162 49 80
162 49 80
162 49 80
162 50 80
162 50 80
162 50 80
162 50 80
162 50 80
162 50 80
162 50 80
162 50 80
162 50 80
162 50 80
162 50 80
162 50 80
162 50 80
162 50 80
162 50 80
162 50 80
162 50 80
162 50 80
162 50 80
162 50 80
162 50 80
162 50 80
162 50 80
162 51 80
162 51 80
162 51 80
162 51 80
162 51 80
162 51 80
162 51 80
162 51 80
162 51 80
162 51 80
162 51 80
162 51 80
162 51 80
162 51 80
162 51 80
162 51 80
162 51 80
162 51 80
162 51 80
162 51 80
162 52 80
162 52 80
162 52 80
162 52 80
162 52 80
162 52 80
162 52 80
162 52 80
162 52 80
162 52 80
162 52 80
162 52 80
162 52 80
162 52 80
162 52 80
162 52 80
162 52 80
162 53 80
162 53 80
162 53 80
162 53 80
162 53 80
162 53 80
162 53 80
162 53 80
162 53 80
162 53 80
162 53 80
162 53 80
162 53 80
162 53 80
162 54 80
162 54 80
162 54 80
162 54 80
162 54 80
162 54 80
162 54 80
162 54 80
162 54 80
162 54 80
162 54 80
162 55 80
162 55 80
162 55 80
162 55 80
162 55 80
162 55 80
162 55 80
162 55 80
162 55 80
162 56 80
162 56 80
162 56 80
162 56 80
162 56 80
162 56 80
162 56 80
162 56 80
162 57 80
162 57 80
162 57 80
162 57 80
162 57 80
162 57 80
162 58 80
162 58 80
162 58 80
162 58 80
162 58 80
162 59 80
162 59 80
162 59 80
162 59 80
162 60 80
162 60 80
162 60 80
162 61 80
162 61 80
162 62 80
162 63 80
162 64 80
162 65 80
162 66 80
162 67 80
162 68 80
162 69 80
162 70 80
162 71 80
162 72 80
162 73 80
162 74 80
162 75 80
162 76 80
162 77 80
162 78 80
162 79 80
162 80 80
162 81 80
162 82 80
162 83 80
162 84 80
53 143 80
53 143 80
54 143 80
55 143 80
56 143 80
57 143 80
58 143 80
59 143 80
60 143 80
61 143 80
61 143 80
62 143 80
62 143 80
63 143 80
63 143 80
64 143 80
64 143 80
64 143 80
65 143 80
65 143 80
65 143 80
65 143 80
66 143 80
66 143 80
66 143 80
66 143 80
66 143 80
67 143 80
67 143 80
67 143 80
67 143 80
67 143 80
67 143 80
67 143 80
68 143 80
68 143 80
68 143 80
68 143 80
68 143 80
68 143 80
68 143 80
68 143 80
68 143 80
69 143 80
69 143 80
69 143 80
69 143 80
69 143 80
69 143 80
69 143 80
69 143 80
69 143 80
69 143 80
69 143 80
69 143 80
70 143 80
70 143 80
70 143 80
70 143 80
70 143 80
70 143 80
70 143 80
70 143 80
70 143 80
70 143 80
70 143 80
70 143 80
70 143 80
70 143 80
71 143 80
71 143 80
71 143 80
71 143 80
71 143 80
71 143 80
71 143 80
71 143 80
71 143 80
71 143 80
71 143 80
71 143 80
71 143 80
71 143 80
71 143 80
72 143 80
72 143 80
72 143 80
72 143 80
72 143 80
72 143 80
72 143 80
72 143 80
72 143 80
72 143 80
72 143 80
72 143 80
72 143 80
72 143 80
72 143 80
72 143 80
73 143 80
73 143 80
73 143 80
73 143 80
73 143 80
73 143 80
73 143 80
73 143 80
73 143 80
73 143 80
73 143 80
73 143 80
73 143 80
73 143 80
73 143 80
74 143 80
74 143 80
74 143 80
74 143 80
74 143 80
74 143 80
74 143 80
74 143 80
74 143 80
74 143 80
74 143 80
74 143 80
74 143 80
75 143 80
75 143 80
75 143 80
75 143 80
75 143 80
75 143 80
75 143 80
75 143 80
75 143 80
75 143 80
76 143 80
76 143 80
76 143 80
76 143 80
76 143 80
76 143 80
76 143 80
76 143 80
77 143 80
77 143 80
77 143 80
77 143 80
77 143 80
77 143 80
78 143 80
78 143 80
78 143 80
78 143 80
79 143 80
79 143 80
79 143 80
80 143 80
80 143 80
81 143 80
82 143 80
83 143 80
84 143 80
85 143 80
86 143 80
87 143 80
88 143 80
89 143 80
90 143 80
91 143 80
92 143 80
93 143 80
94 143 80
95 143 80
96 143 80
97 143 80
98 143 80
99 143 80
100 143 80
101 143 80
102 143 80
103 143 80
103 143 80
104 143 80
104 143 80
105 143 80
105 143 80
105 143 80
106 143 80
106 143 80
106 143 80
106 143 80
107 143 80
107 143 80
107 143 80
107 143 80
107 143 80
107 143 80
108 143 80
108 143 80
108 143 80
108 143 80
108 143 80
108 143 80
109 143 80
109 143 80
109 143 80
109 143 80
109 143 80
109 143 80
109 143 80
110 143 80
110 143 80
110 143 80
110 143 80
110 143 80
110 143 80
110 143 80
111 143 80
111 143 80
111 143 80
111 143 80
111 143 80
111 143 80
111 143 80
111 143 80
112 143 80
112 143 80
112 143 80
112 143 80
112 143 80
112 143 80
112 143 80
112 143 80
113 143 80
113 143 80
113 143 80
113 143 80
113 143 80
113 143 80
113 143 80
113 143 80
113 143 80
114 143 80
114 143 80
114 143 80
114 143 80
114 143 80
114 143 80
114 143 80
114 143 80
114 143 80
114 143 80
115 143 80
115 143 80
115 143 80
115 143 80
115 143 80
115 143 80
115 143 80
115 143 80
115 143 80
115 143 80
115 143 80
115 143 80
116 143 80
116 143 80
116 143 80
116 143 80
116 143 80
116 143 80
116 143 80
116 143 80
116 143 80
116 143 80
116 143 80
116 143 80
116 143 80
116 143 80
116 143 80
117 143 80
117 143 80
117 143 80
117 143 80
117 143 80
117 143 80
117 143 80
117 143 80
117 143 80
117 143 80
117 143 80
117 143 80
117 143 80
117 143 80
117 143 80
117 143 80
117 143 80
117 143 80
117 143 80
118 143 80
118 143 80
118 143 80
118 143 80
118 143 80
118 143 80
118 143 80
118 143 80
118 143 80
118 143 80
118 143 80
118 143 80
118 143 80
118 143 80
118 143 80
118 143 80
118 143 80
118 143 80
118 143 80
118 143 80
118 143 80
118 143 80
118 143 80
119 143 80
119 143 80
119 143 80
119 143 80
119 143 80
119 143 80
119 143 80
119 143 80
119 143 80
119 143 80
119 143 80
119 143 80
119 143 80
119 143 80
119 143 80
119 143 80
119 143 80
119 143 80
119 143 80
119 143 80
119 143 80
119 143 80
119 143 80
119 143 80
119 143 80
119 143 80
119 143 80
120 143 80
120 143 80
120 143 80
120 143 80
120 143 80
120 143 80
120 143 80
120 143 80
120 143 80
120 143 80
120 143 80
120 143 80
120 143 80
120 143 80
120 143 80
120 143 80
120 143 80
120 143 80
120 143 80
120 143 80
120 143 80
120 143 80
120 143 80
120 143 80
120 143 80
120 143 80
120 143 80
120 143 80
120 143 80
120 143 80
120 143 80
121 143 80
121 143 80
121 143 80
121 143 80
121 143 80
121 143 80
121 143 80
121 143 80
121 143 80
121 143 80
121 143 80
121 143 80
121 143 80
121 143 80
121 143 80
121 143 80
121 143 80
121 143 80
121 143 80
121 143 80
121 143 80
121 143 80
121 143 80
121 143 80
121 143 80
121 143 80
121 143 80
121 143 80
121 143 80
121 143 80
121 143 80
121 143 80
121 143 80
121 143 80
121 143 80
122 143 80
122 143 80
122 143 80
122 143 80
122 143 80
122 143 80
122 143 80
122 143 80
122 143 80
122 143 80
122 143 80
122 143 80
122 143 80
122 143 80
122 143 80
122 143 80
122 143 80
122 143 80
122 143 80
122 143 80
122 143 80
122 143 80
122 143 80
122 143 80
122 143 80
122 143 80
122 143 80
122 143 80
122 143 80
122 143 80
122 143 80
122 143 80
122 143 80
122 143 80
122 143 80
122 143 80
122 143 80
122 143 80
123 143 80
123 143 80
123 143 80
123 143 80
123 143 80
123 143 80
123 143 80
123 143 80
123 143 80
123 143 80
123 143 80
123 143 80
123 143 80
123 143 80
123 143 80
123 143 80
123 143 80
123 143 80
123 143 80
123 143 80
123 143 80
123 143 80
123 143 80
123 143 80
123 143 80
123 143 80
123 143 80
123 143 80
123 143 80
123 143 80
123 143 80
123 143 80
123 143 80
123 143 80
123 143 80
123 143 80
123 143 80
123 143 80
123 143 80
123 143 80
123 143 80
124 143 80
124 143 80
124 143 80
124 143 80
124 143 80
124 143 80
124 143 80
124 143 80
124 143 80
124 143 80
124 143 80
124 143 80
124 143 80
124 143 80
124 143 80
124 143 80
124 143 80
124 143 80
124 143 80
124 143 80
124 143 80
124 143 80
124 143 80
124 143 80
124 143 80
124 143 80
124 143 80
124 143 80
124 143 80
124 143 80
124 143 80
124 143 80
124 143 80
124 143 80
124 143 80
124 143 80
124 143 80
124 143 80
124 143 80
124 143 80
124 143 80
124 143 80
125 143 80
125 143 80
125 143 80
125 143 80
125 143 80
125 143 80
125 143 80
125 143 80
125 143 80
125 143 80
125 143 80
125 143 80
125 143 80
125 143 80
125 143 80
125 143 80
125 143 80
125 143 80
125 143 80
125 143 80
125 143 80
125 143 80
125 143 80
125 143 80
125 143 80
125 143 80
125 143 80
125 143 80
125 143 80
125 143 80
125 143 80
125 143 80
125 143 80
125 143 80
125 143 80
125 143 80
125 143 80
125 143 80
125 143 80
125 143 80
125 143 80
125 143 80
126 143 80
126 143 80
126 143 80
126 143 80
126 143 80
126 143 80
126 143 80
126 143 80
126 143 80
126 143 80
126 143 80
126 143 80
126 143 80
126 143 80
126 143 80
126 143 80
126 143 80
126 143 80
126 143 80
126 143 80
126 143 80
126 143 80
126 143 80
126 143 80
126 143 80
126 143 80
126 143 80
126 143 80
126 143 80
126 143 80
126 143 80
126 143 80
126 143 80
126 143 80
126 143 80
126 143 80
126 143 80
126 143 80
126 143 80
126 143 80
126 143 80
127 143 80
127 143 80
127 143 80
127 143 80
127 143 80
127 143 80
127 143 80
127 143 80
127 143 80
127 143 80
127 143 80
127 143 80
127 143 80
127 143 80
127 143 80
127 143 80
127 143 80
127 143 80
127 143 80
127 143 80
127 143 80
127 143 80
127 143 80
127 143 80
127 143 80
127 143 80
127 143 80
127 143 80
127 143 80
127 143 80
127 143 80
127 143 80
127 143 80
127 143 80
127 143 80
127 143 80
127 143 80
127 143 80
127 143 80
128 143 80
128 143 80
128 143 80
128 143 80
128 143 80
128 143 80
128 143 80
128 143 80
128 143 80
128 143 80
128 143 80
128 143 80
128 143 80
128 143 80
128 143 80
128 143 80
128 143 80
128 143 80
128 143 80
128 143 80
128 143 80
128 143 80
128 143 80
128 143 80
128 143 80
128 143 80
128 143 80
128 143 80
128 143 80
128 143 80
128 143 80
128 143 80
128 143 80
128 143 80
128 143 80
129 143 80
129 143 80
129 143 80
129 143 80
129 143 80
129 143 80
129 143 80
129 143 80
129 143 80
129 143 80
129 143 80
129 143 80
129 143 80
129 143 80
129 143 80
129 143 80
129 143 80
129 143 80
129 143 80
129 143 80
129 143 80
129 143 80
129 143 80
129 143 80
129 143 80
129 143 80
129 143 80
129 143 80
129 143 80
129 143 80
130 143 80
130 143 80
130 143 80
130 143 80
130 143 80
130 143 80
130 143 80
130 143 80
130 143 80
130 143 80
130 143 80
130 143 80
130 143 80
130 143 80
130 143 80
130 143 80
130 143 80
130 143 80
130 143 80
130 143 80
130 143 80
130 143 80
130 143 80
130 143 80
130 143 80
131 143 80
131 143 80
131 143 80
131 143 80
131 143 80
131 143 80
131 143 80
131 143 80
131 143 80
131 143 80
131 143 80
131 143 80
131 143 80
131 143 80
131 143 80
131 143 80
131 143 80
131 143 80
131 143 80
132 143 80
132 143 80
132 143 80
132 143 80
132 143 80
132 143 80
132 143 80
132 143 80
132 143 80
132 143 80
132 143 80
132 143 80
132 143 80
132 143 80
133 143 80
133 143 80
133 143 80
133 143 80
133 143 80
133 143 80
133 143 80
133 143 80
133 143 80
133 143 80
134 143 80
134 143 80
134 143 80
134 143 80
134 143 80
134 143 80
134 143 80
135 143 80
135 143 80
135 143 80
135 143 80
135 143 80
136 143 80
136 143 80
136 143 80
137 143 80
137 143 80
138 143 80
138 143 80
139 143 80
140 143 80
141 143 80
142 143 80
142 142 80
142 141 80
142 140 80
142 139 80
142 138 80
142 137 80
142 136 80
142 135 80
142 134 80
142 133 80
142 132 80
118 173 80
119 173 80
120 173 80
121 173 80
122 173 80
123 173 80
124 173 80
125 173 80
126 173 80
127 173 80
128 173 80
129 173 80
130 173 80
131 173 80
132 173 80
133 173 80
134 173 80
135 173 80
136 173 80
137 173 80
138 173 80
138 173 80
139 173 80
139 173 80
140 173 80
140 173 80
140 173 80
141 173 80
141 173 80
141 173 80
141 173 80
141 173 80
142 173 80
142 173 80
142 173 80
142 173 80
142 173 80
142 173 80
142 173 80
142 172 480
142 172 80
142 172 80
142 172 80
142 171 80
142 171 80
142 171 80
142 171 80
142 171 80
142 171 80
142 171 80
142 171 80
142 171 80
142 171 80
142 171 80
142 171 80
142 170 80
142 170 80
142 170 80
142 170 80
142 170 80
142 170 80
142 170 80
142 170 80
142 170 80
142 170 80
142 170 80
142 170 80
142 170 80
142 170 80
142 170 80
142 170 80
142 169 80
142 169 80
142 169 80
142 169 80
142 169 80
142 169 80
142 169 80
142 169 80
142 169 80
142 169 80
142 169 80
142 169 80
142 169 80
142 169 80
142 169 80
142 169 80
142 169 80
142 169 80
142 169 80
142 169 80
142 168 80
142 168 80
142 168 80
142 168 80
142 168 80
142 168 80
142 168 80
142 168 80
142 168 80
142 168 80
142 168 80
142 168 80
142 168 80
142 168 80
142 168 80
142 168 80
142 168 80
142 168 80
142 168 80
142 168 80
142 168 80
142 168 80
142 168 80
142 168 80
142 168 80
142 167 80
142 167 80
142 167 80
142 167 80
142 167 80
142 167 80
142 167 80
142 167 80
142 167 80
142 167 80
142 167 80
142 167 80
142 167 80
142 167 80
142 167 80
142 167 80
142 167 80
142 167 80
142 167 80
142 167 80
142 167 80
142 167 80
142 167 80
142 167 80
142 167 80
142 167 80
142 167 80
142 167 80
142 167 80
142 167 80
142 166 80
142 166 80
142 166 80
142 166 80
142 166 80
142 166 80
142 166 80
142 166 80
142 166 80
142 166 80
142 166 80
142 166 80
142 166 80
142 166 80
142 166 80
142 166 80
142 166 80
142 166 80
142 166 80
142 166 80
142 166 80
142 166 80
142 166 80
142 166 80
142 166 80
142 166 80
142 166 80
142 166 80
142 166 80
142 166 80
142 166 80
142 166 80
142 166 80
142 166 80
142 166 80
142 165 80
142 165 80
142 165 80
142 165 80
142 165 80
142 165 80
142 165 80
142 165 80
142 165 80
142 165 80
142 165 80
142 165 80
142 165 80
142 165 80
142 165 80
142 165 80
142 165 80
142 165 80
142 165 80
142 165 80
142 165 80
142 165 80
142 165 80
142 165 80
142 165 80
142 165 80
142 165 80
142 165 80
142 165 80
142 165 80
142 165 80
142 165 80
142 165 80
142 165 80
142 165 80
142 165 80
142 165 80
142 165 80
142 165 80
142 164 80
142 164 80
142 164 80
142 164 80
142 164 80
142 164 80
142 164 80
142 164 80
142 164 80
142 164 80
142 164 80
142 164 80
142 164 80
142 164 80
142 164 80
142 164 80
142 164 80
142 164 80
142 164 80
142 164 80
142 164 80
142 164 80
142 164 80
142 164 80
142 164 80
142 164 80
142 164 80
142 164 80
142 164 80
142 164 80
142 164 80
142 164 80
142 164 80
142 164 80
142 164 80
142 164 80
142 164 80
142 164 80
142 164 80
142 164 80
142 164 80
142 164 80
142 163 80
142 163 80
142 163 80
142 163 80
142 163 80
142 163 80
142 163 80
142 163 80
142 163 80
142 163 80
142 163 80
142 163 80
142 163 80
142 163 80
142 163 80
142 163 80
142 163 80
142 163 80
142 163 80
142 163 80
142 163 80
142 163 80
142 163 80
142 163 80
142 163 80
142 163 80
142 163 80
142 163 80
142 163 80
142 163 80
142 163 80
142 163 80
142 163 80
142 163 80
142 163 80
142 163 80
142 163 80
142 163 80
142 163 80
142 163 80
142 163 80
142 163 80
142 163 80
142 163 80
142 163 80
142 162 80
142 162 80
142 162 80
142 162 80
142 162 80
142 162 80
142 162 80
142 162 80
142 162 80
142 162 80
142 162 80
142 162 80
142 162 80
142 162 80
142 162 80
142 162 80
142 162 80
142 162 80
142 162 80
142 162 80
142 162 80
142 162 80
142 162 80
142 162 80
142 162 80
142 162 80
142 162 80
142 162 80
142 162 80
142 162 80
142 162 80
142 162 80
142 162 80
142 162 80
142 162 80
142 162 80
142 162 80
142 162 80
142 162 80
142 162 80
142 162 80
142 162 80
142 162 80
142 162 80
142 162 80
142 162 80
142 161 80
142 161 80
142 161 80
142 161 80
142 161 80
142 161 80
142 161 80
142 161 80
142 161 80
142 161 80
142 161 80
142 161 80
142 161 80
142 161 80
142 161 80
142 161 80
142 161 80
142 161 80
142 161 80
142 161 80
142 161 80
142 161 80
142 161 80
142 161 80
142 161 80
142 161 80
142 161 80
142 161 80
142 161 80
142 161 80
142 161 80
142 161 80
142 161 80
142 161 80
142 161 80
142 161 80
142 161 80
142 161 80
142 161 80
142 161 80
142 161 80
142 161 80
142 161 80
142 161 80
142 161 80
142 161 80
142 160 80
142 160 80
142 160 80
142 160 80
142 160 80
142 160 80
142 160 80
142 160 80
142 160 80
142 160 80
142 160 80
142 160 80
142 160 80
142 160 80
142 160 80
142 160 80
142 160 80
142 160 80
142 160 80
142 160 80
142 160 80
142 160 80
142 160 80
142 160 80
142 160 80
142 160 80
142 160 80
142 160 80
142 160 80
142 160 80
142 160 80
142 160 80
142 160 80
142 160 80
142 160 80
142 160 80
142 160 80
142 160 80
142 160 80
142 160 80
142 160 80
142 160 80
142 160 80
142 160 80
142 159 80
142 159 80
142 159 80
142 159 80
142 159 80
142 159 80
142 159 80
142 159 80
142 159 80
142 159 80
142 159 80
142 159 80
142 159 80
142 159 80
142 159 80
142 159 80
142 159 80
142 159 80
142 159 80
142 159 80
142 159 80
142 159 80
142 159 80
142 159 80
142 159 80
142 159 80
142 159 80
142 159 80
142 159 80
142 159 80
142 159 80
142 159 80
142 159 80
142 159 80
142 159 80
142 159 80
142 159 80
142 159 80
142 159 80
142 159 80
142 159 80
142 159 80
142 158 80
142 158 80
142 158 80
142 158 80
142 158 80
142 158 80
142 158 80
142 158 80
142 158 80
142 158 80
142 158 80
142 158 80
142 158 80
142 158 80
142 158 80
142 158 80
142 158 80
142 158 80
142 158 80
142 158 80
142 158 80
142 158 80
142 158 80
142 158 80
142 158 80
142 158 80
142 158 80
142 158 80
142 158 80
142 158 80
142 158 80
142 158 80
142 158 80
142 158 80
142 158 80
142 158 80
142 158 80
142 158 80
142 158 80
142 157 80
142 157 80
142 157 80
142 157 80
142 157 80
142 157 80
142 157 80
142 157 80
142 157 80
142 157 80
142 157 80
142 157 80
142 157 80
142 157 80
142 157 80
142 157 80
142 157 80
142 157 80
142 157 80
142 157 80
142 157 80
142 157 80
142 157 80
142 157 80
142 157 80
142 157 80
142 157 80
142 157 80
142 157 80
142 157 80
142 157 80
142 157 80
142 157 80
142 157 80
142 157 80
142 156 80
142 156 80
142 156 80
142 156 80
142 156 80
142 156 80
142 156 80
142 156 80
142 156 80
142 156 80
142 156 80
142 156 80
142 156 80
142 156 80
142 156 80
142 156 80
142 156 80
142 156 80
142 156 80
142 156 80
142 156 80
142 156 80
142 156 80
142 156 80
142 156 80
142 156 80
142 156 80
142 156 80
142 156 80
142 156 80
142 155 80
142 155 80
142 155 80
142 155 80
142 155 80
142 155 80
142 155 80
142 155 80
142 155 80
142 155 80
142 155 80
142 155 80
142 155 80
142 155 80
142 155 80
142 155 80
142 155 80
142 155 80
142 155 80
142 155 80
142 155 80
142 155 80
142 155 80
142 155 80
142 155 80
142 154 80
142 154 80
142 154 80
142 154 80
142 154 80
142 154 80
142 154 80
142 154 80
142 154 80
142 154 80
142 154 80
142 154 80
142 154 80
142 154 80
142 154 80
142 154 80
142 154 80
142 154 80
142 154 80
142 154 80
142 153 80
142 153 80
142 153 80
142 153 80
142 153 80
142 153 80
142 153 80
142 153 80
142 153 80
142 153 80
142 153 80
142 153 80
142 153 80
142 153 80
142 153 80
142 153 80
142 152 80
142 152 80
142 152 80
142 152 80
142 152 80
142 152 80
142 152 80
142 152 80
142 152 80
142 152 80
142 152 80
142 152 80
142 151 80
142 151 80
142 151 80
142 151 80
142 151 80
142 151 80
142 151 80
142 151 80
142 150 80
142 150 80
142 150 80
142 150 80
142 150 80
142 150 80
142 149 80
142 149 80
142 149 80
142 149 80
142 148 80
142 148 80
142 147 80
142 147 80
142 146 80
142 145 80
142 144 80
138 7 80
139 7 80
140 7 80
141 7 80
142 7 80
143 7 80
144 7 80
145 7 80
146 7 80
147 7 80
148 7 80
149 7 80
150 7 80
151 7 80
151 7 80
152 7 80
152 7 80
152 7 80
153 7 80
153 7 80
153 7 80
153 7 80
154 7 80
154 7 80
154 7 80
154 7 80
154 7 80
154 7 80
154 7 80
155 7 80
155 7 80
155 7 80
155 7 80
155 7 80
155 7 80
155 7 80
155 7 80
155 7 80
155 7 80
156 7 80
156 7 80
156 7 80
156 7 80
156 7 80
156 7 80
156 7 80
156 7 80
156 7 80
156 7 80
156 7 80
156 7 80
156 7 80
156 7 80
156 7 80
157 7 80
157 7 80
157 7 80
157 7 80
157 7 80
157 7 80
157 7 80
157 7 80
157 7 80
157 7 80
157 7 80
157 7 80
157 7 80
157 7 80
157 7 80
157 7 80
157 7 80
157 7 80
157 7 80
157 7 80
158 7 80
158 7 80
158 7 80
158 7 80
158 7 80
158 7 80
158 7 80
158 7 80
158 7 80
158 7 80
158 7 80
158 7 80
158 7 80
158 7 80
158 7 80
158 7 80
158 7 80
158 7 80
158 7 80
158 7 80
158 7 80
158 7 80
158 7 80
158 7 80
158 7 80
159 7 80
159 7 80
159 7 80
159 7 80
159 7 80
159 7 80
159 7 80
159 7 80
159 7 80
159 7 80
159 7 80
159 7 80
159 7 80
159 7 80
159 7 80
159 7 80
159 7 80
159 7 80
159 7 80
159 7 80
159 7 80
159 7 80
159 7 80
159 7 80
159 7 80
159 7 80
159 7 80
159 7 80
159 7 80
160 7 80
160 7 80
160 7 80
160 7 80
160 7 80
160 7 80
160 7 80
160 7 80
160 7 80
160 7 80
160 7 80
160 7 80
160 7 80
160 7 80
160 7 80
160 7 80
160 7 80
160 7 80
160 7 80
160 7 80
160 7 80
160 7 80
160 7 80
160 7 80
160 7 80
160 7 80
160 7 80
160 7 80
160 7 80
160 7 80
160 7 80
160 7 80
160 7 80
161 7 80
161 7 80
161 7 80
161 7 80
161 7 80
161 7 80
161 7 80
161 7 80
161 7 80
161 7 80
161 7 80
161 7 80
161 7 80
161 7 80
161 7 80
161 7 80
161 7 80
161 7 80
161 7 80
161 7 80
161 7 80
161 7 80
161 7 80
161 7 80
161 7 80
161 7 80
161 7 80
161 7 80
161 7 80
161 7 80
161 7 80
161 7 80
161 7 80
161 7 80
161 7 80
162 7 80
162 7 80
162 7 80
162 7 80
162 7 80
162 7 80
162 7 80
162 7 80
162 7 80
162 7 80
162 7 80
162 7 80
162 7 80
162 7 80
162 7 80
162 7 80
162 7 80
162 7 80
162 7 80
162 7 80
162 7 80
162 7 80
162 7 80
162 7 80
162 7 80
162 7 80
162 7 80
162 7 80
162 7 80
162 7 80
162 7 80
162 7 80
162 7 80
162 7 80
162 7 80
162 7 80
162 8 2800
162 9 80
162 9 80
162 9 80
162 9 80
162 9 80
162 9 80
162 9 80
162 9 80
162 9 80
162 9 80
162 9 80
162 9 80
162 9 80
162 9 80
162 9 80
162 9 80
162 9 80
162 9 80
162 9 80
162 9 80
162 9 80
162 9 80
162 9 80
162 9 80
162 9 80
162 9 80
162 9 80
162 10 80
162 10 80
162 10 80
162 10 80
162 10 80
162 10 80
162 10 80
162 10 80
162 10 80
162 10 80
162 10 80
162 10 80
162 10 80
162 10 80
162 10 80
162 10 80
162 10 80
162 10 80
162 10 80
162 10 80
162 10 80
162 10 80
162 11 80
162 11 80
162 11 80
162 11 80
162 11 80
162 11 80
162 11 80
162 11 80
162 11 80
162 11 80
162 11 80
162 11 80
162 11 80
162 11 80
162 11 80
162 11 80
162 12 80
162 12 80
162 12 80
162 12 80
162 12 80
162 12 80
162 12 80
162 12 80
162 12 80
162 12 80
162 12 80
162 13 80
162 13 80
162 13 80
162 13 80
162 13 80
162 13 80
162 13 80
162 14 80
162 14 80
162 14 80
162 14 80
162 14 80
162 15 80
162 15 80
162 15 80
162 16 80
162 16 80
162 17 80
162 17 80
162 18 80
162 19 80
162 20 80
162 21 80
162 22 80
162 23 80
162 24 80
162 25 80
162 26 80
162 27 80
162 28 80
162 29 80
162 30 80
162 31 80
162 32 80
162 33 80
162 34 80
162 35 80
162 35 80
162 36 80
162 36 80
189 44 80
188 44 80
187 44 80
186 44 80
185 44 80
184 44 80
183 44 80
182 44 80
181 44 80
180 44 80
179 44 80
178 44 80
177 44 80
176 44 80
175 44 80
174 44 80
174 44 80
173 44 80
173 44 80
172 44 80
172 44 80
172 44 80
171 44 80
171 44 80
171 44 80
171 44 80
171 44 80
170 44 80
170 44 80
170 44 80
170 44 80
170 44 80
170 44 80
170 44 80
169 44 80
169 44 80
169 44 80
169 44 80
169 44 80
169 44 80
169 44 80
169 44 80
169 44 80
168 44 80
168 44 80
168 44 80
168 44 80
168 44 80
168 44 80
168 44 80
168 44 80
168 44 80
168 44 80
168 44 80
167 44 80
167 44 80
167 44 80
167 44 80
167 44 80
167 44 80
167 44 80
167 44 80
167 44 80
167 44 80
167 44 80
167 44 80
167 44 80
166 44 80
166 44 80
166 44 80
166 44 80
166 44 80
166 44 80
166 44 80
166 44 80
166 44 80
166 44 80
166 44 80
166 44 80
166 44 80
166 44 80
166 44 80
165 44 80
165 44 80
165 44 80
165 44 80
165 44 80
165 44 80
165 44 80
165 44 80
165 44 80
165 44 80
165 44 80
165 44 80
165 44 80
165 44 80
165 44 80
165 44 80
164 44 80
164 44 80
164 44 80
164 44 80
164 44 80
164 44 80
164 44 80
164 44 80
164 44 80
164 44 80
164 44 80
164 44 80
164 44 80
164 44 80
164 44 80
164 44 80
164 44 80
164 44 80
163 44 80
163 44 80
163 44 80
163 44 80
163 44 80
163 44 80
163 44 80
163 44 80
163 44 80
163 44 80
163 44 80
163 44 80
163 44 80
163 44 80
163 44 80
163 44 80
163 44 80
163 44 80
163 44 80
