76 7 120
75 7 120
74 7 120
73 7 120
72 7 120
71 7 120
70 7 120
70 8 120
70 9 120
70 10 120
70 11 120
70 12 120
70 13 120
70 14 120
70 15 120
70 16 120
70 17 120
70 18 120
70 19 120
70 20 120
70 21 120
70 22 120
70 23 120
70 24 120
70 25 120
70 26 120
70 27 120
70 28 120
70 29 120
70 30 120
70 31 120
70 32 120
70 33 120
70 34 120
70 35 120
70 36 120
70 36 120
70 37 120
70 37 120
70 38 120
70 38 120
70 39 120
70 39 120
70 39 120
70 40 240
70 40 120
70 40 120
70 41 360
70 41 120
70 42 360
70 42 120
70 42 120
70 43 480
70 43 120
70 43 120
70 44 600
70 44 120
70 44 120
70 45 720
70 45 120
70 45 120
70 45 120
70 46 960
70 46 120
70 46 120
70 47 1080
70 47 120
70 47 120
70 48 1200
70 48 120
70 48 120
70 49 1320
70 49 120
70 49 120
70 49 120
70 50 1560
70 50 120
70 50 120
70 51 1680
70 51 120
70 51 120
70 51 120
70 52 1920
70 52 120
70 52 120
70 53 2040
70 53 120
70 53 120
70 54 2160
70 54 120
70 54 120
70 55 2280
70 55 120
70 56 2280
70 56 120
70 57 2280
70 57 120
70 58 2280
70 59 2280
70 60 2280
70 61 120
70 61 120
70 61 120
70 61 120
70 61 120
70 61 120
70 61 120
70 61 120
70 61 120
70 61 120
70 61 120
70 61 120
70 61 120
70 61 120
70 62 1560
70 63 1560
70 64 1560
70 65 120
70 65 120
70 65 120
70 65 120
70 65 120
70 66 480
70 67 480
70 68 480
70 69 120
70 70 120
70 71 120
70 72 120
70 73 120
70 74 120
70 75 120
77 7 120
78 7 120
79 7 120
80 7 120
81 7 120
82 7 120
83 7 120
84 7 120
85 7 120
86 7 120
87 7 120
88 7 120
89 7 120
90 7 120
91 7 120
92 7 120
93 7 120
94 7 120
95 7 120
96 7 120
97 7 120
98 7 120
99 7 120
100 7 120
101 7 120
102 7 120
103 7 120
104 7 120
105 7 120
105 8 120
105 8 120
105 9 120
105 9 120
105 10 120
105 10 120
105 10 120
105 11 240
105 11 120
105 12 240
105 12 120
105 12 120
105 13 360
105 13 120
105 13 120
105 14 480
105 14 120
105 14 120
105 15 600
105 15 120
105 15 120
105 16 720
105 16 120
105 16 120
105 17 840
105 17 120
105 17 120
105 18 960
105 18 120
105 19 960
105 19 120
105 20 960
105 21 960
105 22 960
105 23 120
105 23 120
105 23 120
105 23 120
105 23 120
105 24 480
105 25 480
105 26 480
105 27 120
105 28 120
105 29 120
105 30 120
105 31 120
105 32 120
105 33 120
105 34 120
105 35 120
105 36 120
105 37 120
105 38 120
89 93 120
88 93 120
87 93 120
86 93 120
85 93 120
84 93 120
83 93 120
82 93 120
81 93 120
80 93 120
79 93 120
78 93 120
77 93 120
76 93 120
75 93 120
74 93 120
73 93 120
72 93 120
71 93 120
70 93 120
70 92 120
70 91 120
70 90 120
70 89 120
70 88 120
70 87 120
70 86 120
70 85 120
70 84 120
70 83 120
70 82 120
70 81 120
70 80 120
70 79 120
70 78 120
70 77 120
70 76 120
32 99 120
33 99 120
34 99 120
35 99 120
35 98 120
35 97 120
35 96 120
35 95 120
35 94 120
35 93 120
35 92 120
35 92 120
35 91 120
35 91 120
35 91 120
35 90 240
35 90 120
35 90 120
35 89 360
35 89 120
35 89 120
35 88 480
35 88 120
35 88 120
35 88 120
35 87 720
35 87 120
35 87 120
35 86 840
35 86 120
35 86 120
35 86 120
35 85 1080
35 85 120
35 85 120
35 84 1200
35 84 120
35 84 120
35 83 1320
35 83 120
35 83 120
35 82 1440
35 82 120
35 82 120
35 81 1560
35 81 120
35 81 120
35 80 1680
35 80 120
35 80 120
35 79 1800
35 79 120
35 78 1800
35 78 120
35 78 120
35 77 1920
35 77 120
35 76 1920
35 76 120
35 75 1920
35 75 120
35 74 1920
35 73 1920
35 72 1920
35 71 120
35 71 120
35 71 120
35 71 120
35 71 120
35 71 120
35 71 120
35 71 120
35 71 120
35 71 120
35 71 120
35 71 120
35 71 120
35 70 1440
35 69 1440
35 68 1440
35 67 120
35 67 120
35 67 120
35 67 120
35 67 120
35 67 120
35 66 600
35 65 600
35 64 600
35 63 120
35 62 120
35 61 120
35 60 120
35 59 120
35 58 120
35 57 120
35 56 120
35 55 120
35 54 120
35 53 120
35 52 120
35 51 120
35 50 120
35 49 120
35 48 120
35 47 120
90 93 120
91 93 120
92 93 120
93 93 120
94 93 120
95 93 120
96 93 120
97 93 120
98 93 120
99 93 120
100 93 120
101 93 120
102 93 120
103 93 120
104 93 120
104 93 120
105 93 120
105 93 120
106 93 120
106 93 120
106 93 120
107 93 240
107 93 120
107 93 120
108 93 360
108 93 120
108 93 120
109 93 480
109 93 120
109 93 120
110 93 600
110 93 120
110 93 120
111 93 720
111 93 120
111 93 120
111 93 120
112 93 960
112 93 120
112 93 120
113 93 1080
113 93 120
114 93 1080
114 93 120
114 93 120
115 93 1200
116 93 1200
117 93 1200
118 93 120
118 93 120
118 93 120
118 93 120
118 93 120
118 93 120
118 93 120
118 93 120
119 93 840
120 93 840
121 93 840
122 93 120
122 93 120
122 93 120
122 93 120
123 93 360
123 93 120
124 93 360
125 93 360
126 93 360
127 93 120
127 93 120
128 93 120
128 93 120
129 93 120
130 93 120
131 93 120
132 93 120
133 93 120
134 93 120
135 93 120
136 93 120
137 93 120
138 93 120
138 94 120
138 95 120
138 96 120
138 97 120
138 98 120
138 99 120
138 100 120
138 101 120
138 102 120
138 103 120
138 104 120
138 105 120
138 106 120
138 107 120
138 108 120
138 108 120
138 109 120
138 109 120
138 110 120
138 110 120
138 111 120
138 111 120
138 112 120
138 112 120
138 113 120
138 113 120
138 114 120
138 114 120
138 115 120
138 116 120
138 117 120
138 118 120
138 119 120
138 120 120
138 121 120
138 122 120
138 123 120
138 124 120
138 125 120
138 126 120
138 127 120
138 128 120
138 129 120
138 130 120
138 131 120
138 132 120
138 133 120
138 134 120
138 135 120
138 136 120
138 137 120
138 138 120
138 139 120
139 139 120
140 139 120
141 139 120
142 139 120
143 139 120
144 139 120
145 139 120
146 139 120
147 139 120
148 139 120
149 139 120
149 139 120
150 139 120
150 139 120
151 139 120
151 139 120
151 139 120
152 139 240
152 139 120
152 139 120
152 139 120
153 139 480
153 139 120
153 139 120
153 139 120
154 139 720
154 139 120
154 139 120
154 139 120
155 139 960
155 139 120
155 139 120
155 139 120
156 139 1200
156 139 120
156 139 120
156 139 120
156 139 120
157 139 1560
157 139 120
157 139 120
157 139 120
158 139 1800
158 139 120
158 139 120
158 139 120
158 139 120
159 139 2160
159 139 120
159 139 120
159 139 120
160 139 2400
160 139 120
160 139 120
160 139 120
161 139 2640
161 139 120
161 139 120
162 139 2760
162 139 120
162 139 120
163 139 2880
163 139 120
163 139 120
164 139 3000
164 139 120
165 139 3000
166 139 3000
167 139 3000
168 139 120
168 139 120
168 139 120
168 139 120
168 139 120
168 139 120
168 139 120
168 139 120
168 139 120
168 139 120
168 139 120
168 139 120
168 139 120
168 139 120
168 139 120
168 139 120
168 139 120
168 139 120
168 139 120
168 139 120
168 139 120
168 139 120
168 139 120
169 139 2640
170 139 2640
171 139 2640
172 139 120
172 139 120
172 139 120
172 139 120
172 139 120
172 139 120
172 139 120
172 139 120
172 139 120
172 139 120
172 139 120
172 139 120
172 139 120
172 139 120
172 139 120
173 139 1680
174 139 1680
175 139 1680
176 139 120
176 139 120
176 139 120
176 139 120
177 139 360
178 139 360
179 139 360
180 139 120
181 139 120
182 139 120
183 139 120
184 139 120
185 139 120
186 139 120
187 139 120
188 139 120
189 139 120
189 140 120
189 141 120
189 142 120
189 143 120
189 144 120
189 145 120
189 146 120
189 147 120
189 148 120
189 149 120
188 149 120
187 149 120
186 149 120
186 150 120
186 151 120
186 152 120
186 153 120
186 154 120
186 155 120
186 156 120
186 157 120
186 158 120
186 159 120
186 160 120
186 161 120
186 162 120
186 163 120
186 164 120
186 165 120
186 166 120
186 167 120
186 168 120
186 169 120
186 170 120
186 171 120
186 172 120
186 173 120
186 174 120
186 175 120
186 176 120
186 177 120
186 178 120
186 179 120
185 149 120
184 149 120
183 149 120
182 149 120
181 149 120
180 149 120
179 149 120
179 148 120
179 147 120
179 146 120
179 145 120
179 144 120
179 143 120
179 142 120
179 141 120
179 140 120
179 138 120
179 137 120
179 137 120
179 136 120
179 136 120
179 135 120
179 135 120
179 134 120
179 134 120
179 133 120
179 133 120
179 133 120
179 132 240
179 132 120
179 131 240
179 131 120
179 130 240
179 130 120
179 129 240
179 128 240
179 127 240
179 126 120
179 125 120
179 124 120
179 123 120
179 122 120
179 121 120
179 120 120
179 119 120
179 118 120
179 117 120
179 116 120
179 115 120
179 114 120
179 113 120
179 112 120
180 112 120
181 112 120
182 112 120
183 112 120
184 112 120
185 112 120
186 112 120
187 112 120
188 112 120
188 112 120
189 112 120
189 112 120
190 112 120
190 112 120
190 112 120
191 112 240
191 112 120
191 112 120
191 111 360
191 110 360
191 109 360
191 108 120
191 108 120
191 107 120
191 106 120
191 105 120
191 104 120
191 103 120
191 102 120
191 101 120
191 100 120
191 99 120
191 98 120
191 97 120
191 96 120
191 95 120
191 94 120
191 93 120
191 92 120
191 91 120
191 90 120
191 89 120
190 89 120
189 89 120
188 89 120
187 89 120
186 89 120
185 89 120
184 89 120
183 89 120
182 89 120
181 89 120
180 89 120
179 89 120
178 89 120
177 89 120
176 89 120
175 89 120
174 89 120
173 89 120
172 89 120
171 89 120
170 89 120
169 89 120
168 89 120
167 89 120
167 89 120
166 89 120
166 89 120
165 89 120
165 89 120
165 89 120
164 89 240
164 89 120
164 89 120
163 89 360
163 89 120
163 89 120
162 89 480
162 89 120
162 89 120
161 89 600
161 89 120
161 89 120
160 89 720
160 89 120
160 88 720
160 87 720
160 86 720
160 85 120
160 85 120
160 85 120
160 84 240
160 83 240
160 82 240
160 81 120
160 80 120
160 79 120
160 78 120
160 77 120
160 76 120
160 75 120
160 74 120
160 73 120
160 72 120
160 71 120
