83 5 50
82 5 50
81 5 50
80 5 50
79 5 50
78 5 50
77 5 50
76 5 50
75 5 50
75 6 50
75 7 50
75 8 50
75 9 50
75 10 50
75 11 50
75 11 50
75 12 50
75 12 50
75 13 50
75 13 50
75 13 50
75 14 50
75 14 50
75 14 50
75 15 50
75 15 50
75 15 50
75 15 50
75 16 50
75 16 50
75 16 50
75 16 50
75 16 50
75 17 50
75 17 50
75 17 50
75 17 50
75 17 50
75 17 50
75 18 50
75 18 50
75 18 50
75 18 50
75 18 50
75 18 50
75 19 50
75 19 50
75 19 50
75 19 50
75 19 50
75 19 50
75 20 50
75 20 50
75 20 50
75 20 50
75 20 50
75 20 50
75 21 50
75 21 50
75 21 50
75 21 50
75 21 50
75 22 50
75 22 50
75 22 50
75 22 50
75 22 50
75 23 50
75 23 50
75 23 50
75 23 50
75 23 50
75 24 50
75 24 50
75 24 50
75 24 50
75 25 50
75 25 50
75 25 50
75 25 50
75 26 50
75 26 50
75 26 50
75 26 50
75 27 50
75 27 50
75 27 50
75 27 50
75 28 50
75 28 50
75 28 50
75 28 50
75 29 50
75 29 50
75 29 50
75 29 50
75 30 50
75 30 50
75 30 50
75 30 50
75 31 50
75 31 50
75 31 50
75 31 50
75 32 50
75 32 50
75 32 50
75 32 50
75 33 50
75 33 50
75 33 50
75 33 50
75 34 50
75 34 50
75 34 50
75 34 50
75 34 50
75 35 50
75 35 50
75 35 50
75 35 50
75 35 50
75 36 50
75 36 50
75 36 50
75 36 50
75 36 50
75 37 50
75 37 50
75 37 50
75 37 50
75 37 50
75 38 50
75 38 50
75 38 50
75 38 50
75 39 50
75 39 50
75 39 50
75 39 50
75 40 50
75 40 50
75 40 50
75 41 50
75 41 50
75 42 50
75 42 50
75 43 50
75 43 50
75 44 50
75 44 50
75 45 50
75 45 50
75 46 50
75 46 50
75 47 50
75 47 50
75 48 50
75 48 50
75 49 50
75 49 50
75 49 50
91 84 100
91 84 50
91 84 50
92 84 50
92 84 50
92 84 50
93 84 50
93 84 50
93 84 50
94 84 50
94 84 50
95 84 50
95 84 50
96 84 50
96 84 50
96 84 50
97 84 50
97 84 50
97 84 50
98 84 50
98 84 50
98 84 50
98 84 50
99 84 50
99 84 50
99 84 50
99 84 50
100 84 50
100 84 50
100 84 50
100 84 50
100 84 50
101 84 50
101 84 50
101 84 50
101 84 50
101 84 50
101 84 50
102 84 50
102 84 50
102 84 50
102 84 50
102 84 50
102 84 50
103 84 50
103 84 50
103 84 50
103 84 50
103 84 50
103 84 50
104 84 50
104 84 50
104 84 50
104 84 50
104 84 50
104 84 50
105 84 50
105 84 50
105 84 50
105 84 50
105 84 50
105 84 50
105 84 50
106 84 50
106 84 50
106 84 50
106 84 50
106 84 50
106 84 50
106 84 50
107 84 50
107 84 50
107 84 50
107 84 50
107 84 50
107 84 50
107 84 50
107 84 50
108 84 50
108 84 50
108 84 50
108 84 50
108 84 50
108 84 50
108 84 50
108 84 50
108 84 50
108 84 50
109 84 50
109 84 50
109 84 50
109 84 50
109 84 50
109 84 50
109 84 50
109 84 50
109 84 50
109 84 50
109 84 50
109 84 50
110 84 50
110 84 50
110 84 50
110 84 50
110 84 50
110 84 50
110 84 50
110 84 50
110 84 50
110 84 50
110 84 50
110 84 50
110 84 50
110 84 50
111 84 50
111 84 50
111 84 50
111 84 50
111 84 50
111 84 50
111 84 50
111 84 50
111 84 50
111 84 50
111 84 50
111 84 50
111 84 50
111 84 50
111 84 50
112 84 50
112 84 50
112 84 50
112 84 50
112 84 50
112 84 50
112 84 50
112 84 50
112 84 50
112 84 50
112 84 50
112 84 50
112 84 50
112 84 50
112 84 50
113 84 50
113 84 50
113 84 50
113 84 50
113 84 50
113 84 50
113 84 50
113 84 50
113 84 50
113 84 50
113 84 50
113 84 50
113 84 50
114 84 50
114 84 50
114 84 50
114 84 50
114 84 50
114 84 50
114 84 50
114 84 50
114 84 50
114 84 50
114 84 50
114 84 50
114 83 550
114 83 50
114 82 50
114 82 50
114 82 50
114 82 50
114 82 50
114 82 50
114 82 50
114 82 50
114 82 50
114 82 50
114 82 50
114 81 50
114 81 50
114 81 50
114 81 50
114 81 50
114 81 50
114 81 50
114 81 50
114 81 50
114 81 50
114 80 50
114 80 50
114 80 50
114 80 50
114 80 50
114 80 50
114 80 50
114 80 50
114 80 50
114 80 50
114 79 50
114 79 50
114 79 50
114 79 50
114 79 50
114 79 50
114 79 50
114 79 50
114 79 50
114 78 50
114 78 50
114 78 50
114 78 50
114 78 50
114 78 50
114 78 50
114 78 50
114 77 50
114 77 50
114 77 50
114 77 50
114 77 50
114 77 50
114 77 50
114 76 50
114 76 50
114 76 50
114 76 50
114 76 50
114 75 50
114 75 50
114 75 50
114 74 50
114 74 50
114 73 50
114 73 50
114 72 50
114 71 50
114 70 50
114 69 50
114 68 50
114 67 50
114 66 50
114 65 50
114 64 50
114 63 50
114 62 50
114 61 50
53 74 50
54 74 50
55 74 50
56 74 50
57 74 50
58 74 50
59 74 50
60 74 50
61 74 50
62 74 50
63 74 50
64 74 50
64 74 50
65 74 50
65 74 50
66 74 50
66 74 50
67 74 50
67 74 50
67 74 50
68 74 50
68 74 50
68 74 50
69 74 50
69 74 50
69 74 50
69 74 50
70 74 50
70 74 50
70 74 50
70 74 50
70 74 50
70 74 50
71 74 50
71 74 50
71 74 50
71 74 50
71 74 50
71 74 50
71 74 50
71 74 50
71 74 50
72 74 50
72 74 50
72 74 50
72 74 50
72 74 50
72 74 50
72 74 50
72 74 50
72 74 50
72 74 50
72 74 50
72 74 50
72 74 50
73 74 50
73 74 50
73 74 50
73 74 50
73 74 50
73 74 50
73 74 50
73 74 50
73 74 50
73 74 50
73 74 50
73 74 50
73 74 50
73 74 50
73 74 50
73 74 50
73 74 50
73 74 50
73 74 50
73 74 50
74 74 50
74 74 50
74 74 50
74 74 50
74 74 50
74 74 50
74 74 50
74 74 50
74 74 50
74 74 50
74 74 50
74 74 50
74 74 50
74 74 50
74 74 50
74 74 50
74 74 50
74 74 50
74 74 50
74 74 50
74 74 50
74 74 50
74 74 50
74 74 50
74 74 50
74 74 50
74 74 50
74 74 50
75 74 50
75 74 50
75 74 50
75 74 50
75 74 50
75 74 50
75 74 50
75 74 50
75 74 50
75 74 50
75 74 50
75 74 50
75 74 50
75 74 50
75 74 50
75 74 50
75 74 50
75 74 50
75 74 50
75 74 50
75 74 50
75 74 50
75 74 50
75 74 50
75 74 50
75 74 50
75 74 50
75 74 50
75 74 50
75 74 50
75 74 50
75 74 50
75 74 50
75 74 50
75 74 50
75 74 50
75 73 1750
75 73 50
75 73 50
75 73 50
75 73 50
75 72 50
75 72 50
75 72 50
75 72 50
75 72 50
75 72 50
75 72 50
75 72 50
75 72 50
75 72 50
75 72 50
75 72 50
75 72 50
75 72 50
75 72 50
75 72 50
75 72 50
75 72 50
75 72 50
75 72 50
75 72 50
75 72 50
75 72 50
75 72 50
75 72 50
75 72 50
75 72 50
75 72 50
75 72 50
75 72 50
75 72 50
75 72 50
75 72 50
75 72 50
75 72 50
75 72 50
75 72 50
75 72 50
75 72 50
75 72 50
75 72 50
75 72 50
75 71 50
75 71 50
75 71 50
75 71 50
75 71 50
75 71 50
75 71 50
75 71 50
75 71 50
75 71 50
75 71 50
75 71 50
75 71 50
75 71 50
75 71 50
75 71 50
75 71 50
75 71 50
75 71 50
75 71 50
75 71 50
75 71 50
75 71 50
75 71 50
75 71 50
75 71 50
75 71 50
75 71 50
75 71 50
75 71 50
75 71 50
75 71 50
75 71 50
75 71 50
75 71 50
75 71 50
75 71 50
75 71 50
75 71 50
75 71 50
75 71 50
75 71 50
75 71 50
75 71 50
75 71 50
75 70 50
75 70 50
75 70 50
75 70 50
75 70 50
75 70 50
75 70 50
75 70 50
75 70 50
75 70 50
75 70 50
75 70 50
75 70 50
75 70 50
75 70 50
75 70 50
75 70 50
75 70 50
75 70 50
75 70 50
75 70 50
75 70 50
75 70 50
75 70 50
75 70 50
75 70 50
75 70 50
75 70 50
75 70 50
75 70 50
75 70 50
75 70 50
75 70 50
75 70 50
75 70 50
75 70 50
75 70 50
75 70 50
75 70 50
75 70 50
75 70 50
75 70 50
75 70 50
75 70 50
75 70 50
75 70 50
75 69 50
75 69 50
75 69 50
75 69 50
75 69 50
75 69 50
75 69 50
75 69 50
75 69 50
75 69 50
75 69 50
75 69 50
75 69 50
75 69 50
75 69 50
75 69 50
75 69 50
75 69 50
75 69 50
75 69 50
75 69 50
75 69 50
75 69 50
75 69 50
75 69 50
75 69 50
75 69 50
75 69 50
75 69 50
75 69 50
75 69 50
75 69 50
75 69 50
75 69 50
75 69 50
75 69 50
75 69 50
75 69 50
75 69 50
75 69 50
75 69 50
75 69 50
75 69 50
75 69 50
75 69 50
75 69 50
75 69 50
75 68 50
75 68 50
75 68 50
75 68 50
75 68 50
75 68 50
75 68 50
75 68 50
75 68 50
75 68 50
75 68 50
75 68 50
75 68 50
75 68 50
75 68 50
75 68 50
75 68 50
75 68 50
75 68 50
75 68 50
75 68 50
75 68 50
75 68 50
75 68 50
75 68 50
75 68 50
75 68 50
75 68 50
75 68 50
75 68 50
75 68 50
75 68 50
75 68 50
75 68 50
75 68 50
75 68 50
75 68 50
75 68 50
75 68 50
75 68 50
75 68 50
75 68 50
75 68 50
75 68 50
75 68 50
75 67 50
75 67 50
75 67 50
75 67 50
75 67 50
75 67 50
75 67 50
75 67 50
75 67 50
75 67 50
75 67 50
75 67 50
75 67 50
75 67 50
75 67 50
75 67 50
75 67 50
75 67 50
75 67 50
75 67 50
75 67 50
75 67 50
75 67 50
75 67 50
75 67 50
75 67 50
75 67 50
75 67 50
75 67 50
75 67 50
75 67 50
75 67 50
75 67 50
75 67 50
75 67 50
75 67 50
75 67 50
75 67 50
75 67 50
75 67 50
75 66 50
75 66 50
75 66 50
75 66 50
75 66 50
75 66 50
75 66 50
75 66 50
75 66 50
75 66 50
75 66 50
75 66 50
75 66 50
75 66 50
75 66 50
75 66 50
75 66 50
75 66 50
75 66 50
75 66 50
75 66 50
75 66 50
75 66 50
75 66 50
75 66 50
75 66 50
75 66 50
75 66 50
75 66 50
75 66 50
75 66 50
75 66 50
75 66 50
75 66 50
75 65 50
75 65 50
75 65 50
75 65 50
75 65 50
75 65 50
75 65 50
75 65 50
75 65 50
75 65 50
75 65 50
75 65 50
75 65 50
75 65 50
75 65 50
75 65 50
75 65 50
75 65 50
75 65 50
75 65 50
75 65 50
75 65 50
75 65 50
75 65 50
75 65 50
75 65 50
75 65 50
75 64 50
75 64 50
75 64 50
75 64 50
75 64 50
75 64 50
75 64 50
75 64 50
75 64 50
75 64 50
75 64 50
75 64 50
75 64 50
75 64 50
75 64 50
75 64 50
75 64 50
75 64 50
75 64 50
75 64 50
75 64 50
75 63 50
75 63 50
75 63 50
75 63 50
75 63 50
75 63 50
75 63 50
75 63 50
75 63 50
75 63 50
75 63 50
75 63 50
75 63 50
75 63 50
75 63 50
75 63 50
75 62 50
75 62 50
75 62 50
75 62 50
75 62 50
75 62 50
75 62 50
75 62 50
75 62 50
75 62 50
75 62 50
75 62 50
75 61 50
75 61 50
75 61 50
75 61 50
75 61 50
75 61 50
75 61 50
75 61 50
75 61 50
75 61 50
75 60 50
75 60 50
75 60 50
75 60 50
75 60 50
75 60 50
75 60 50
75 60 50
75 59 50
75 59 50
75 59 50
75 59 50
75 59 50
75 59 50
75 59 50
75 58 50
75 58 50
75 58 50
75 58 50
75 58 50
75 58 50
75 58 50
75 57 50
75 57 50
75 57 50
75 57 50
75 57 50
75 57 50
75 57 50
75 56 50
75 56 50
75 56 50
75 56 50
75 56 50
75 56 50
75 56 50
75 56 50
75 55 50
75 55 50
75 55 50
75 55 50
75 55 50
75 55 50
75 55 50
75 55 50
75 54 50
75 54 50
75 54 50
75 54 50
75 54 50
75 54 50
75 54 50
75 54 50
75 53 50
75 53 50
75 53 50
75 53 50
75 53 50
75 53 50
75 53 50
75 52 50
75 52 50
75 52 50
75 52 50
75 52 50
75 52 50
75 51 50
75 51 50
75 51 50
75 51 50
75 51 50
75 50 50
75 50 50
75 50 50
75 50 50
52 74 150
51 74 50
50 74 50
49 74 50
48 74 50
47 74 50
47 74 50
46 74 50
46 74 50
46 74 50
45 74 50
45 74 50
45 74 50
45 74 50
44 74 50
44 74 50
44 74 50
44 74 50
44 74 50
43 74 50
43 74 50
43 74 50
43 74 50
43 74 50
43 74 50
43 74 50
42 74 50
42 74 50
42 74 50
42 74 50
42 74 50
42 74 50
42 74 50
42 74 50
42 74 50
41 74 50
41 74 50
41 74 50
41 74 50
41 74 50
41 74 50
41 74 50
41 74 50
41 74 50
41 74 50
41 74 50
40 74 50
40 74 50
40 74 50
40 74 50
40 74 50
40 74 50
40 74 50
40 74 50
40 74 50
40 74 50
40 74 50
40 74 50
39 74 50
39 74 50
39 74 50
39 74 50
39 74 50
39 74 50
39 74 50
39 74 50
39 74 50
39 74 50
39 74 50
39 74 50
39 74 50
38 74 50
38 74 50
38 74 50
38 74 50
38 74 50
38 74 50
38 74 50
38 74 50
38 74 50
38 74 50
38 74 50
38 74 50
38 74 50
38 74 50
37 74 50
37 74 50
37 74 50
37 74 50
37 74 50
37 74 50
37 74 50
37 74 50
37 74 50
37 74 50
37 74 50
37 74 50
37 74 50
37 74 50
37 74 50
36 74 50
36 74 50
36 74 50
36 74 50
36 74 50
36 74 50
36 74 50
36 74 50
36 74 50
36 74 50
36 74 50
36 74 50
36 74 50
36 74 50
36 74 50
36 74 50
35 74 50
35 74 50
35 74 50
35 74 50
35 74 50
35 74 50
35 74 50
35 74 50
35 74 50
35 74 50
35 74 50
35 74 50
35 74 50
35 74 50
35 74 50
35 74 50
35 74 50
35 74 50
34 74 50
34 74 50
34 74 50
34 74 50
34 74 50
34 74 50
34 74 50
34 74 50
34 74 50
34 74 50
34 74 50
34 74 50
34 74 50
34 74 50
34 74 50
34 74 50
34 74 50
34 74 50
34 74 50
34 74 50
33 74 50
33 74 50
33 74 50
33 74 50
33 74 50
33 74 50
33 74 50
33 74 50
33 74 50
33 74 50
33 74 50
33 74 50
33 74 50
33 74 50
33 74 50
33 74 50
33 74 50
33 74 50
33 74 50
33 74 50
33 74 50
33 74 50
33 74 50
32 74 50
32 74 50
32 74 50
32 74 50
32 74 50
32 74 50
32 74 50
32 74 50
32 74 50
32 74 50
32 74 50
32 74 50
32 74 50
32 74 50
32 74 50
32 74 50
32 74 50
32 74 50
32 74 50
32 74 50
32 74 50
32 74 50
32 74 50
32 74 50
32 74 50
32 75 1200
32 75 50
32 75 50
32 75 50
32 75 50
32 76 50
32 76 50
32 76 50
32 76 50
32 76 50
32 76 50
32 76 50
32 76 50
32 76 50
32 76 50
32 76 50
32 76 50
32 76 50
32 76 50
32 76 50
32 76 50
32 76 50
32 76 50
32 76 50
32 76 50
32 76 50
32 76 50
32 76 50
32 76 50
32 76 50
32 76 50
32 76 50
32 76 50
32 76 50
32 77 50
32 77 50
32 77 50
32 77 50
32 77 50
32 77 50
32 77 50
32 77 50
32 77 50
32 77 50
32 77 50
32 77 50
32 77 50
32 77 50
32 77 50
32 77 50
32 77 50
32 77 50
32 77 50
32 77 50
32 77 50
32 77 50
32 77 50
32 77 50
32 77 50
32 77 50
32 77 50
32 77 50
32 77 50
32 77 50
32 78 50
32 78 50
32 78 50
32 78 50
32 78 50
32 78 50
32 78 50
32 78 50
32 78 50
32 78 50
32 78 50
32 78 50
32 78 50
32 78 50
32 78 50
32 78 50
32 78 50
32 78 50
32 78 50
32 78 50
32 78 50
32 78 50
32 78 50
32 78 50
32 78 50
32 78 50
32 78 50
32 78 50
32 78 50
32 78 50
32 78 50
32 79 50
32 79 50
32 79 50
32 79 50
32 79 50
32 79 50
32 79 50
32 79 50
32 79 50
32 79 50
32 79 50
32 79 50
32 79 50
32 79 50
32 79 50
32 79 50
32 79 50
32 79 50
32 79 50
32 79 50
32 79 50
32 79 50
32 79 50
32 79 50
32 79 50
32 79 50
32 79 50
32 79 50
32 79 50
32 79 50
32 79 50
32 79 50
32 79 50
32 80 50
32 80 50
32 80 50
32 80 50
32 80 50
32 80 50
32 80 50
32 80 50
32 80 50
32 80 50
32 80 50
32 80 50
32 80 50
32 80 50
32 80 50
32 80 50
32 80 50
32 80 50
32 80 50
32 80 50
32 80 50
32 80 50
32 80 50
32 80 50
32 80 50
32 80 50
32 80 50
32 80 50
32 80 50
32 80 50
32 80 50
32 80 50
32 80 50
32 80 50
32 80 50
32 80 50
32 81 50
32 81 50
32 81 50
32 81 50
32 81 50
32 81 50
32 81 50
32 81 50
32 81 50
32 81 50
32 81 50
32 81 50
32 81 50
32 81 50
32 81 50
32 81 50
32 81 50
32 81 50
32 81 50
32 81 50
32 81 50
32 81 50
32 81 50
32 81 50
32 81 50
32 81 50
32 81 50
32 81 50
32 81 50
32 81 50
32 81 50
32 81 50
32 81 50
32 81 50
32 81 50
32 81 50
32 81 50
32 81 50
32 81 50
32 81 50
32 81 50
32 82 50
32 82 50
32 82 50
32 82 50
32 82 50
32 82 50
32 82 50
32 82 50
32 82 50
32 82 50
32 82 50
32 82 50
32 82 50
32 82 50
32 82 50
32 82 50
32 82 50
32 82 50
32 82 50
32 82 50
32 82 50
32 82 50
32 82 50
32 82 50
32 82 50
32 82 50
32 82 50
32 82 50
32 82 50
32 82 50
32 82 50
32 82 50
32 82 50
32 82 50
32 82 50
32 82 50
32 82 50
32 82 50
32 82 50
32 82 50
32 82 50
32 82 50
32 82 50
32 82 50
32 82 50
32 82 50
32 82 50
32 83 50
32 83 50
32 83 50
32 83 50
32 83 50
32 83 50
32 83 50
32 83 50
32 83 50
32 83 50
32 83 50
32 83 50
32 83 50
32 83 50
32 83 50
32 83 50
32 83 50
32 83 50
32 83 50
32 83 50
32 83 50
32 83 50
32 83 50
32 83 50
32 83 50
32 83 50
32 83 50
32 83 50
32 83 50
32 83 50
32 83 50
32 83 50
32 83 50
32 83 50
32 83 50
32 83 50
32 83 50
32 83 50
32 83 50
32 83 50
32 83 50
32 83 50
32 83 50
32 83 50
32 83 50
32 83 50
32 83 50
32 83 50
32 83 50
32 83 50
32 83 50
32 83 50
32 83 50
32 83 50
32 83 50
32 84 50
32 84 50
32 84 50
32 84 50
32 84 50
32 84 50
32 84 50
32 84 50
32 84 50
32 84 50
32 84 50
32 84 50
32 84 50
32 84 50
32 84 50
32 84 50
32 84 50
32 84 50
32 84 50
32 84 50
32 84 50
32 84 50
32 84 50
32 84 50
32 84 50
32 84 50
32 84 50
32 84 50
32 84 50
32 84 50
32 84 50
32 84 50
32 84 50
32 84 50
32 84 50
32 84 50
32 84 50
32 84 50
32 84 50
32 84 50
32 84 50
32 84 50
32 84 50
32 84 50
32 84 50
32 84 50
32 84 50
32 84 50
32 84 50
32 84 50
32 84 50
32 84 50
32 84 50
32 84 50
32 84 50
32 84 50
32 84 50
32 84 50
32 84 50
32 84 50
32 84 50
32 84 50
32 85 50
32 85 50
32 85 50
32 85 50
32 85 50
32 85 50
32 85 50
32 85 50
32 85 50
32 85 50
32 85 50
32 85 50
32 85 50
32 85 50
32 85 50
32 85 50
32 85 50
32 85 50
32 85 50
32 85 50
32 85 50
32 85 50
32 85 50
32 85 50
32 85 50
32 85 50
32 85 50
32 85 50
32 85 50
32 85 50
32 85 50
32 85 50
32 85 50
32 85 50
32 85 50
32 85 50
32 85 50
32 85 50
32 85 50
32 85 50
32 85 50
32 85 50
32 85 50
32 85 50
32 85 50
32 85 50
32 85 50
32 85 50
32 85 50
32 85 50
32 85 50
32 85 50
32 85 50
32 85 50
32 85 50
32 85 50
32 85 50
32 85 50
32 85 50
32 85 50
32 85 50
32 85 50
32 85 50
32 85 50
32 85 50
32 85 50
32 85 50
32 85 50
32 86 50
32 86 50
32 86 50
32 86 50
32 86 50
32 86 50
32 86 50
32 86 50
32 86 50
32 86 50
32 86 50
32 86 50
32 86 50
32 86 50
32 86 50
32 86 50
32 86 50
32 86 50
32 86 50
32 86 50
32 86 50
32 86 50
32 86 50
32 86 50
32 86 50
32 86 50
32 86 50
32 86 50
32 86 50
32 86 50
32 86 50
32 86 50
32 86 50
32 86 50
32 86 50
32 86 50
32 86 50
32 86 50
32 86 50
32 86 50
32 86 50
32 86 50
32 86 50
32 86 50
32 86 50
32 86 50
32 86 50
32 86 50
32 86 50
32 86 50
32 86 50
32 86 50
32 86 50
32 86 50
32 86 50
32 86 50
32 86 50
32 86 50
32 86 50
32 86 50
32 86 50
32 86 50
32 86 50
32 86 50
32 86 50
32 86 50
32 86 50
32 86 50
32 86 50
32 86 50
32 86 50
32 86 50
32 86 50
32 87 50
32 87 50
32 87 50
32 87 50
32 87 50
32 87 50
32 87 50
32 87 50
32 87 50
32 87 50
32 87 50
32 87 50
32 87 50
32 87 50
32 87 50
32 87 50
32 87 50
32 87 50
32 87 50
32 87 50
32 87 50
32 87 50
32 87 50
32 87 50
32 87 50
32 87 50
32 87 50
32 87 50
32 87 50
32 87 50
32 87 50
32 87 50
32 87 50
32 87 50
32 87 50
32 87 50
32 87 50
32 87 50
32 87 50
32 87 50
32 87 50
32 87 50
32 87 50
32 87 50
32 87 50
32 87 50
32 87 50
32 87 50
32 87 50
32 87 50
32 87 50
32 87 50
32 87 50
32 87 50
32 87 50
32 87 50
32 87 50
32 87 50
32 87 50
32 87 50
32 87 50
32 87 50
32 87 50
32 87 50
32 87 50
32 87 50
32 87 50
32 87 50
32 87 50
32 87 50
32 87 50
32 87 50
32 87 50
32 87 50
32 87 50
32 87 50
32 87 50
32 88 50
32 88 50
32 88 50
32 88 50
32 88 50
32 88 50
32 88 50
32 88 50
32 88 50
32 88 50
32 88 50
32 88 50
32 88 50
32 88 50
32 88 50
32 88 50
32 88 50
32 88 50
32 88 50
32 88 50
32 88 50
32 88 50
32 88 50
32 88 50
32 88 50
32 88 50
32 88 50
32 88 50
32 88 50
32 88 50
32 88 50
32 88 50
32 88 50
32 88 50
32 88 50
32 88 50
32 88 50
32 88 50
32 88 50
32 88 50
32 88 50
32 88 50
32 88 50
32 88 50
32 88 50
32 88 50
32 88 50
32 88 50
32 88 50
32 88 50
32 88 50
32 88 50
32 88 50
32 88 50
32 88 50
32 88 50
32 88 50
32 88 50
32 88 50
32 88 50
32 88 50
32 88 50
32 88 50
32 88 50
32 88 50
32 88 50
32 88 50
32 88 50
32 88 50
32 88 50
32 88 50
32 88 50
32 88 50
32 88 50
32 88 50
32 88 50
32 88 50
32 88 50
32 88 50
32 89 50
32 89 50
32 89 50
32 89 50
32 89 50
32 89 50
32 89 50
32 89 50
32 89 50
32 89 50
32 89 50
32 89 50
32 89 50
32 89 50
32 89 50
32 89 50
32 89 50
32 89 50
32 89 50
32 89 50
32 89 50
32 89 50
32 89 50
32 89 50
32 89 50
32 89 50
32 89 50
32 89 50
32 89 50
32 89 50
32 89 50
32 89 50
32 89 50
32 89 50
32 89 50
32 89 50
32 89 50
32 89 50
32 89 50
32 89 50
32 89 50
32 89 50
32 89 50
32 89 50
32 89 50
32 89 50
32 89 50
32 89 50
32 89 50
32 89 50
32 89 50
32 89 50
32 89 50
32 89 50
32 89 50
32 89 50
32 89 50
32 89 50
32 89 50
32 89 50
32 89 50
32 89 50
32 89 50
32 89 50
32 89 50
32 89 50
32 89 50
32 89 50
32 89 50
32 89 50
32 89 50
32 89 50
32 89 50
32 89 50
32 89 50
32 89 50
32 89 50
32 89 50
32 89 50
32 89 50
32 90 50
32 90 50
32 90 50
32 90 50
32 90 50
32 90 50
32 90 50
32 90 50
32 90 50
32 90 50
32 90 50
32 90 50
32 90 50
32 90 50
32 90 50
32 90 50
32 90 50
32 90 50
32 90 50
32 90 50
32 90 50
32 90 50
32 90 50
32 90 50
32 90 50
32 90 50
32 90 50
32 90 50
32 90 50
32 90 50
32 90 50
32 90 50
32 90 50
32 90 50
32 90 50
32 90 50
32 90 50
32 90 50
32 90 50
32 90 50
32 90 50
32 90 50
32 90 50
32 90 50
32 90 50
32 90 50
32 90 50
32 90 50
32 90 50
32 90 50
32 90 50
32 90 50
32 90 50
32 90 50
32 90 50
32 90 50
32 90 50
32 90 50
32 90 50
32 90 50
32 90 50
32 90 50
32 90 50
32 90 50
32 90 50
32 90 50
32 90 50
32 90 50
32 90 50
32 90 50
32 90 50
32 90 50
32 90 50
32 90 50
32 90 50
32 90 50
32 90 50
32 90 50
32 90 50
32 90 50
32 90 50
32 91 50
32 91 50
32 91 50
32 91 50
32 91 50
32 91 50
32 91 50
32 91 50
32 91 50
32 91 50
32 91 50
32 91 50
32 91 50
32 91 50
32 91 50
32 91 50
32 91 50
32 91 50
32 91 50
32 91 50
32 91 50
32 91 50
32 91 50
32 91 50
32 91 50
32 91 50
32 91 50
32 91 50
32 91 50
32 91 50
32 91 50
32 91 50
32 91 50
32 91 50
32 91 50
32 91 50
32 91 50
32 91 50
32 91 50
32 91 50
32 91 50
32 91 50
32 91 50
32 91 50
32 91 50
32 91 50
32 91 50
32 91 50
32 91 50
32 91 50
32 91 50
32 91 50
32 91 50
32 91 50
32 91 50
32 91 50
32 91 50
32 91 50
32 91 50
32 91 50
32 91 50
32 91 50
32 91 50
32 91 50
32 91 50
32 91 50
32 91 50
32 91 50
32 91 50
32 91 50
32 91 50
32 91 50
32 91 50
32 91 50
32 91 50
32 91 50
32 91 50
32 91 50
32 91 50
32 91 50
32 91 50
32 92 50
32 92 50
32 92 50
32 92 50
32 92 50
32 92 50
32 92 50
32 92 50
32 92 50
32 92 50
32 92 50
32 92 50
32 92 50
32 92 50
32 92 50
32 92 50
32 92 50
32 92 50
32 92 50
32 92 50
32 92 50
32 92 50
32 92 50
32 92 50
32 92 50
32 92 50
32 92 50
32 92 50
32 92 50
32 92 50
32 92 50
32 92 50
32 92 50
32 92 50
32 92 50
32 92 50
32 92 50
32 92 50
32 92 50
32 92 50
32 92 50
32 92 50
32 92 50
32 92 50
32 92 50
32 92 50
32 92 50
32 92 50
32 92 50
32 92 50
32 92 50
32 92 50
32 92 50
32 92 50
32 92 50
32 92 50
32 92 50
32 92 50
32 92 50
32 92 50
32 92 50
32 92 50
32 92 50
32 92 50
32 92 50
32 92 50
32 92 50
32 92 50
32 92 50
32 92 50
32 92 50
32 92 50
32 92 50
32 92 50
32 92 50
32 92 50
32 92 50
32 92 50
32 92 50
32 92 50
32 92 50
32 92 50
32 93 50
32 93 50
32 93 50
32 93 50
32 93 50
32 93 50
32 93 50
32 93 50
32 93 50
32 93 50
32 93 50
32 93 50
32 93 50
32 93 50
32 93 50
32 93 50
32 93 50
32 93 50
32 93 50
32 93 50
32 93 50
32 93 50
32 93 50
32 93 50
32 93 50
32 93 50
32 93 50
32 93 50
32 93 50
32 93 50
32 93 50
32 93 50
32 93 50
32 93 50
32 93 50
32 93 50
32 93 50
32 93 50
32 93 50
32 93 50
32 93 50
32 93 50
32 93 50
32 93 50
32 93 50
32 93 50
32 93 50
32 93 50
32 93 50
32 93 50
32 93 50
32 93 50
32 93 50
32 93 50
32 93 50
32 93 50
32 93 50
32 93 50
32 93 50
32 93 50
32 93 50
32 93 50
32 93 50
32 93 50
32 93 50
32 93 50
32 93 50
32 93 50
32 93 50
32 93 50
32 93 50
32 93 50
32 93 50
32 93 50
32 93 50
32 93 50
32 93 50
32 93 50
32 93 50
32 93 50
32 93 50
32 93 50
32 94 50
32 94 50
32 94 50
32 94 50
32 94 50
32 94 50
32 94 50
32 94 50
32 94 50
32 94 50
32 94 50
32 94 50
32 94 50
32 94 50
32 94 50
32 94 50
32 94 50
32 94 50
32 94 50
32 94 50
32 94 50
32 94 50
32 94 50
32 94 50
32 94 50
32 94 50
32 94 50
32 94 50
32 94 50
32 94 50
32 94 50
32 94 50
32 94 50
32 94 50
32 94 50
32 94 50
32 94 50
32 94 50
32 94 50
32 94 50
32 94 50
32 94 50
32 94 50
32 94 50
32 94 50
32 94 50
32 94 50
32 94 50
32 94 50
32 94 50
32 94 50
32 94 50
32 94 50
32 94 50
32 94 50
32 94 50
32 94 50
32 94 50
32 94 50
32 94 50
32 94 50
32 94 50
32 94 50
32 94 50
32 94 50
32 94 50
32 94 50
32 94 50
32 94 50
32 94 50
32 94 50
32 94 50
32 94 50
32 94 50
32 94 50
32 94 50
32 94 50
32 94 50
32 94 50
32 94 50
32 94 50
32 95 50
32 95 50
32 95 50
32 95 50
32 95 50
32 95 50
32 95 50
32 95 50
32 95 50
32 95 50
32 95 50
32 95 50
32 95 50
32 95 50
32 95 50
32 95 50
32 95 50
32 95 50
32 95 50
32 95 50
32 95 50
32 95 50
32 95 50
32 95 50
32 95 50
32 95 50
32 95 50
32 95 50
32 95 50
32 95 50
32 95 50
32 95 50
32 95 50
32 95 50
32 95 50
32 95 50
32 95 50
32 95 50
32 95 50
32 95 50
32 95 50
32 95 50
32 95 50
32 95 50
32 95 50
32 95 50
32 95 50
32 95 50
32 95 50
32 95 50
32 95 50
32 95 50
32 95 50
32 95 50
32 95 50
32 95 50
32 95 50
32 95 50
32 95 50
32 95 50
32 95 50
32 95 50
32 95 50
32 95 50
32 95 50
32 95 50
32 95 50
32 95 50
32 95 50
32 95 50
32 95 50
32 95 50
32 95 50
32 95 50
32 95 50
32 95 50
32 95 50
32 95 50
32 95 50
32 96 50
32 96 50
32 96 50
32 96 50
32 96 50
32 96 50
32 96 50
32 96 50
32 96 50
32 96 50
32 96 50
32 96 50
32 96 50
32 96 50
32 96 50
32 96 50
32 96 50
32 96 50
32 96 50
32 96 50
32 96 50
32 96 50
32 96 50
32 96 50
32 96 50
32 96 50
32 96 50
32 96 50
32 96 50
32 96 50
32 96 50
32 96 50
32 96 50
32 96 50
32 96 50
32 96 50
32 96 50
32 96 50
32 96 50
32 96 50
32 96 50
32 96 50
32 96 50
32 96 50
32 96 50
32 96 50
32 96 50
32 96 50
32 96 50
32 96 50
32 96 50
32 96 50
32 96 50
32 96 50
32 96 50
32 96 50
32 96 50
32 96 50
32 96 50
32 96 50
32 96 50
32 96 50
32 96 50
32 96 50
32 96 50
32 96 50
32 96 50
32 96 50
32 96 50
32 96 50
32 96 50
32 96 50
32 96 50
32 96 50
32 96 50
32 96 50
32 97 50
32 97 50
32 97 50
32 97 50
32 97 50
32 97 50
32 97 50
32 97 50
32 97 50
32 97 50
32 97 50
32 97 50
32 97 50
32 97 50
32 97 50
32 97 50
32 97 50
32 97 50
32 97 50
32 97 50
32 97 50
32 97 50
32 97 50
32 97 50
32 97 50
32 97 50
32 97 50
32 97 50
32 97 50
32 97 50
32 97 50
32 97 50
32 97 50
32 97 50
32 97 50
32 97 50
32 97 50
32 97 50
32 97 50
32 97 50
32 97 50
32 97 50
32 97 50
32 97 50
32 97 50
32 97 50
32 97 50
32 97 50
32 97 50
32 97 50
32 97 50
32 97 50
32 97 50
32 97 50
32 97 50
32 97 50
32 97 50
32 97 50
32 97 50
32 97 50
32 97 50
32 97 50
32 97 50
32 97 50
32 97 50
32 97 50
32 97 50
32 97 50
32 97 50
32 97 50
32 97 50
32 97 50
32 98 50
32 98 50
32 98 50
32 98 50
32 98 50
32 98 50
32 98 50
32 98 50
32 98 50
32 98 50
32 98 50
32 98 50
32 98 50
32 98 50
32 98 50
32 98 50
32 98 50
32 98 50
32 98 50
32 98 50
32 98 50
32 98 50
32 98 50
32 98 50
32 98 50
32 98 50
32 98 50
32 98 50
32 98 50
32 98 50
32 98 50
32 98 50
32 98 50
32 98 50
32 98 50
32 98 50
32 98 50
32 98 50
32 98 50
32 98 50
32 98 50
32 98 50
32 98 50
32 98 50
32 98 50
32 98 50
32 98 50
32 98 50
32 98 50
32 98 50
32 98 50
32 98 50
32 98 50
32 98 50
32 98 50
32 98 50
32 98 50
32 98 50
32 98 50
32 98 50
32 98 50
32 98 50
32 98 50
32 98 50
32 98 50
32 98 50
32 99 50
32 99 50
32 99 50
32 99 50
32 99 50
32 99 50
32 99 50
32 99 50
32 99 50
32 99 50
32 99 50
32 99 50
32 99 50
32 99 50
32 99 50
32 99 50
32 99 50
32 99 50
32 99 50
32 99 50
32 99 50
32 99 50
32 99 50
32 99 50
32 99 50
32 99 50
32 99 50
32 99 50
32 99 50
32 99 50
32 99 50
32 99 50
32 99 50
32 99 50
32 99 50
32 99 50
32 99 50
32 99 50
32 99 50
32 99 50
32 99 50
32 99 50
32 99 50
32 99 50
32 99 50
32 99 50
32 99 50
32 99 50
32 99 50
32 99 50
32 99 50
32 99 50
32 99 50
32 99 50
32 99 50
32 99 50
32 99 50
32 99 50
32 99 50
32 99 50
32 100 50
32 100 50
32 100 50
32 100 50
32 100 50
32 100 50
32 100 50
32 100 50
32 100 50
32 100 50
32 100 50
32 100 50
32 100 50
32 100 50
32 100 50
32 100 50
32 100 50
32 100 50
32 100 50
32 100 50
32 100 50
32 100 50
32 100 50
32 100 50
32 100 50
32 100 50
32 100 50
32 100 50
32 100 50
32 100 50
32 100 50
32 100 50
32 100 50
32 100 50
32 100 50
32 100 50
32 100 50
32 100 50
32 100 50
32 100 50
32 100 50
32 100 50
32 100 50
32 100 50
32 100 50
32 100 50
32 100 50
32 100 50
32 100 50
32 100 50
32 100 50
32 100 50
32 100 50
32 101 50
32 101 50
32 101 50
32 101 50
32 101 50
32 101 50
32 101 50
32 101 50
32 101 50
32 101 50
32 101 50
32 101 50
32 101 50
32 101 50
32 101 50
32 101 50
32 101 50
32 101 50
32 101 50
32 101 50
32 101 50
32 101 50
32 101 50
32 101 50
32 101 50
32 101 50
32 101 50
32 101 50
32 101 50
32 101 50
32 101 50
32 101 50
32 101 50
32 101 50
32 101 50
32 101 50
32 101 50
32 101 50
32 101 50
32 101 50
32 101 50
32 101 50
32 101 50
32 101 50
32 102 50
32 102 50
32 102 50
32 102 50
32 102 50
32 102 50
32 102 50
32 102 50
32 102 50
32 102 50
32 102 50
32 102 50
32 102 50
32 102 50
32 102 50
32 102 50
32 102 50
32 102 50
32 102 50
32 102 50
32 102 50
32 102 50
32 102 50
32 102 50
32 102 50
32 102 50
32 102 50
32 102 50
32 102 50
32 102 50
32 102 50
32 102 50
32 102 50
32 102 50
32 102 50
32 102 50
32 103 50
32 103 50
32 103 50
32 103 50
32 103 50
32 103 50
32 103 50
32 103 50
32 103 50
32 103 50
32 103 50
32 103 50
32 103 50
32 103 50
32 103 50
32 103 50
32 103 50
32 103 50
32 103 50
32 103 50
32 103 50
32 103 50
32 103 50
32 103 50
32 103 50
32 103 50
32 103 50
32 104 50
32 104 50
32 104 50
32 104 50
32 104 50
32 104 50
32 104 50
32 104 50
32 104 50
32 104 50
32 104 50
32 104 50
32 104 50
32 104 50
32 104 50
32 104 50
32 104 50
32 104 50
32 104 50
32 104 50
32 105 50
32 105 50
32 105 50
32 105 50
32 105 50
32 105 50
32 105 50
32 105 50
32 105 50
32 105 50
32 105 50
32 105 50
32 105 50
32 105 50
32 105 50
32 106 50
32 106 50
32 106 50
32 106 50
32 106 50
32 106 50
32 106 50
32 106 50
32 106 50
32 106 50
32 106 50
32 107 50
32 107 50
32 107 50
32 107 50
32 107 50
32 107 50
32 107 50
32 107 50
32 108 50
32 108 50
32 108 50
32 108 50
32 108 50
32 109 50
32 109 50
32 109 50
32 109 50
32 110 50
32 110 50
32 111 50
32 111 50
31 111 50
31 111 50
30 111 50
30 111 50
29 111 50
29 111 50
28 111 50
28 111 50
27 111 50
27 111 50
26 111 50
26 111 50
25 111 50
24 111 50
23 111 50
22 111 50
21 111 50
20 111 50
20 111 50
19 111 50
19 111 50
18 111 50
18 111 50
17 111 50
17 111 50
17 111 50
16 111 50
16 111 50
16 111 50
16 111 50
16 112 150
16 112 50
16 113 50
16 113 50
16 113 50
16 113 50
16 113 50
16 114 50
16 114 50
16 114 50
16 114 50
16 114 50
16 114 50
16 115 50
16 115 50
16 115 50
16 115 50
16 115 50
16 115 50
16 115 50
16 115 50
16 116 50
16 116 50
16 116 50
16 116 50
16 116 50
16 116 50
16 116 50
16 116 50
16 116 50
16 116 50
16 117 50
16 117 50
16 117 50
16 117 50
16 117 50
16 117 50
16 117 50
16 117 50
16 117 50
16 117 50
16 117 50
16 117 50
16 118 50
16 118 50
16 118 50
16 118 50
16 118 50
16 118 50
16 118 50
16 118 50
16 118 50
16 118 50
16 118 50
16 118 50
16 118 50
16 118 50
16 119 50
16 119 50
16 119 50
16 119 50
16 119 50
16 119 50
16 119 50
16 119 50
16 119 50
16 119 50
16 119 50
16 119 50
16 119 50
16 119 50
16 119 50
16 120 50
16 120 50
16 120 50
16 120 50
16 120 50
16 120 50
16 120 50
16 120 50
16 120 50
16 120 50
16 120 50
16 120 50
16 120 50
16 120 50
16 120 50
16 120 50
16 121 50
16 121 50
16 121 50
16 121 50
16 121 50
16 121 50
16 121 50
16 121 50
16 121 50
16 121 50
16 121 50
16 121 50
16 121 50
16 121 50
16 121 50
16 121 50
16 122 50
16 122 50
16 122 50
16 122 50
16 122 50
16 122 50
16 122 50
16 122 50
16 122 50
16 122 50
16 122 50
16 122 50
16 122 50
16 122 50
16 122 50
16 122 50
16 122 50
16 123 50
16 123 50
16 123 50
16 123 50
16 123 50
16 123 50
16 123 50
16 123 50
16 123 50
16 123 50
16 123 50
16 123 50
16 123 50
16 123 50
16 123 50
16 123 50
16 123 50
16 124 50
16 124 50
16 124 50
16 124 50
16 124 50
16 124 50
16 124 50
16 124 50
16 124 50
16 124 50
16 124 50
16 124 50
16 124 50
16 124 50
16 124 50
16 124 50
16 124 50
16 124 50
16 124 50
16 125 50
16 125 50
16 125 50
16 125 50
16 125 50
16 125 50
16 125 50
16 125 50
16 125 50
16 125 50
16 125 50
16 125 50
16 125 50
16 125 50
16 125 50
16 125 50
16 125 50
16 125 50
16 125 50
16 125 50
16 125 50
16 126 50
16 126 50
16 126 50
16 126 50
16 126 50
16 126 50
16 126 50
16 126 50
16 126 50
16 126 50
16 126 50
16 126 50
16 126 50
16 126 50
16 126 50
16 126 50
16 126 50
16 126 50
16 126 50
16 126 50
16 126 50
16 126 50
16 126 50
16 126 50
16 126 50
16 127 50
16 127 50
16 127 50
16 127 50
16 127 50
16 127 50
16 127 50
16 127 50
16 127 50
16 127 50
16 127 50
16 127 50
16 127 50
16 127 50
16 127 50
16 127 50
16 127 50
16 127 50
16 127 50
16 127 50
16 127 50
16 127 50
16 127 50
16 127 50
16 127 50
16 127 50
16 127 50
16 127 50
16 127 50
16 127 50
16 127 50
16 128 50
16 128 50
16 128 50
16 128 50
16 128 50
16 128 50
16 128 50
16 128 50
16 128 50
16 128 50
16 128 50
16 128 50
16 128 50
16 128 50
16 128 50
16 128 50
16 128 50
16 128 50
16 128 50
16 128 50
16 128 50
16 128 50
16 128 50
16 128 50
16 128 50
16 128 50
16 128 50
16 128 50
16 128 50
16 128 50
16 128 50
16 128 50
16 128 50
16 128 50
16 128 50
16 128 50
16 128 50
16 128 50
16 129 50
16 129 50
16 129 50
16 129 50
16 129 50
16 129 50
16 129 50
16 129 50
16 129 50
16 129 50
16 129 50
16 129 50
16 129 50
16 129 50
16 129 50
16 129 50
16 129 50
16 129 50
16 129 50
16 129 50
16 129 50
16 129 50
16 129 50
16 129 50
16 129 50
16 129 50
16 129 50
16 129 50
16 129 50
16 129 50
16 129 50
16 129 50
16 129 50
16 129 50
16 129 50
16 129 50
16 129 50
16 129 50
16 129 50
16 129 50
16 129 50
16 129 50
16 129 50
16 129 50
16 129 50
16 129 50
16 130 50
16 130 50
16 130 50
16 130 50
16 130 50
16 130 50
16 130 50
16 130 50
16 130 50
16 130 50
16 130 50
16 130 50
16 130 50
16 130 50
16 130 50
16 130 50
16 130 50
16 130 50
16 130 50
16 130 50
16 130 50
16 130 50
16 130 50
16 130 50
16 130 50
16 130 50
16 130 50
16 130 50
16 130 50
16 130 50
16 130 50
16 130 50
16 130 50
16 130 50
16 130 50
16 130 50
16 130 50
16 130 50
16 130 50
16 130 50
16 130 50
16 130 50
16 130 50
16 130 50
16 130 50
16 130 50
16 130 50
16 130 50
16 130 50
16 130 50
16 130 50
16 130 50
16 130 50
16 131 50
16 131 50
16 131 50
16 131 50
16 131 50
16 131 50
16 131 50
16 131 50
16 131 50
16 131 50
16 131 50
16 131 50
16 131 50
16 131 50
16 131 50
16 131 50
16 131 50
16 131 50
16 131 50
16 131 50
16 131 50
16 131 50
16 131 50
16 131 50
16 131 50
16 131 50
16 131 50
16 131 50
16 131 50
16 131 50
16 131 50
16 131 50
16 131 50
16 131 50
16 131 50
16 131 50
16 131 50
16 131 50
16 131 50
16 131 50
16 131 50
16 131 50
16 131 50
16 131 50
16 131 50
16 131 50
16 131 50
16 131 50
16 131 50
16 131 50
16 131 50
16 131 50
16 131 50
16 131 50
16 131 50
16 131 50
16 131 50
16 131 50
16 132 50
16 132 50
16 132 50
16 132 50
16 132 50
16 132 50
16 132 50
16 132 50
16 132 50
16 132 50
16 132 50
16 132 50
16 132 50
16 132 50
16 132 50
16 132 50
16 132 50
16 132 50
16 132 50
16 132 50
16 132 50
16 132 50
16 132 50
16 132 50
16 132 50
16 132 50
16 132 50
16 132 50
16 132 50
16 132 50
16 132 50
16 132 50
16 132 50
16 132 50
16 132 50
16 132 50
16 132 50
16 132 50
16 132 50
16 132 50
16 132 50
16 132 50
16 132 50
16 132 50
16 132 50
16 132 50
16 132 50
16 132 50
16 132 50
16 132 50
16 132 50
16 132 50
16 132 50
16 132 50
16 132 50
16 132 50
16 132 50
16 132 50
16 132 50
16 132 50
16 132 50
16 132 50
16 133 50
16 133 50
16 133 50
16 133 50
16 133 50
16 133 50
16 133 50
16 133 50
16 133 50
16 133 50
16 133 50
16 133 50
16 133 50
16 133 50
16 133 50
16 133 50
16 133 50
16 133 50
16 133 50
16 133 50
16 133 50
16 133 50
16 133 50
16 133 50
16 133 50
16 133 50
16 133 50
16 133 50
16 133 50
16 133 50
16 133 50
16 133 50
16 133 50
16 133 50
16 133 50
16 133 50
16 133 50
16 133 50
16 133 50
16 133 50
16 133 50
16 133 50
16 133 50
16 133 50
16 133 50
16 133 50
16 133 50
16 133 50
16 133 50
16 133 50
16 133 50
16 133 50
16 133 50
16 133 50
16 133 50
16 133 50
16 133 50
16 133 50
16 133 50
16 133 50
16 133 50
16 133 50
16 133 50
16 134 50
16 134 50
16 134 50
16 134 50
16 134 50
16 134 50
16 134 50
16 134 50
16 134 50
16 134 50
16 134 50
16 134 50
16 134 50
16 134 50
16 134 50
16 134 50
16 134 50
16 134 50
16 134 50
16 134 50
16 134 50
16 134 50
16 134 50
16 134 50
16 134 50
16 134 50
16 134 50
16 134 50
16 134 50
16 134 50
16 134 50
16 134 50
16 134 50
16 134 50
16 134 50
16 134 50
16 134 50
16 134 50
16 134 50
16 134 50
16 134 50
16 134 50
16 134 50
16 134 50
16 134 50
16 134 50
16 134 50
16 134 50
16 134 50
16 134 50
16 134 50
16 134 50
16 134 50
16 134 50
16 134 50
16 134 50
16 134 50
16 134 50
16 134 50
16 134 50
16 134 50
16 134 50
16 134 50
16 135 50
16 135 50
16 135 50
16 135 50
16 135 50
16 135 50
16 135 50
16 135 50
16 135 50
16 135 50
16 135 50
16 135 50
16 135 50
16 135 50
16 135 50
16 135 50
16 135 50
16 135 50
16 135 50
16 135 50
16 135 50
16 135 50
16 135 50
16 135 50
16 135 50
16 135 50
16 135 50
16 135 50
16 135 50
16 135 50
16 135 50
16 135 50
16 135 50
16 135 50
16 135 50
16 135 50
16 135 50
16 135 50
16 135 50
16 135 50
16 135 50
16 135 50
16 135 50
16 135 50
16 135 50
16 135 50
16 135 50
16 135 50
16 135 50
16 135 50
16 135 50
16 135 50
16 135 50
16 135 50
16 135 50
16 135 50
16 135 50
16 135 50
16 135 50
16 135 50
16 135 50
16 135 50
16 135 50
16 136 50
16 136 50
16 136 50
16 136 50
16 136 50
16 136 50
16 136 50
16 136 50
16 136 50
16 136 50
16 136 50
16 136 50
16 136 50
16 136 50
16 136 50
16 136 50
16 136 50
16 136 50
16 136 50
16 136 50
16 136 50
16 136 50
16 136 50
16 136 50
16 136 50
16 136 50
16 136 50
16 136 50
16 136 50
16 136 50
16 136 50
16 136 50
16 136 50
16 136 50
16 136 50
16 136 50
16 136 50
16 136 50
16 136 50
16 136 50
16 136 50
16 136 50
16 136 50
16 136 50
16 136 50
16 136 50
16 136 50
16 136 50
16 136 50
16 136 50
16 136 50
16 136 50
16 136 50
16 136 50
16 136 50
16 136 50
16 136 50
16 136 50
16 136 50
16 136 50
16 136 50
16 137 50
16 137 50
16 137 50
16 137 50
16 137 50
16 137 50
16 137 50
16 137 50
16 137 50
16 137 50
16 137 50
16 137 50
16 137 50
16 137 50
16 137 50
16 137 50
16 137 50
16 137 50
16 137 50
16 137 50
16 137 50
16 137 50
16 137 50
16 137 50
16 137 50
16 137 50
16 137 50
16 137 50
16 137 50
16 137 50
16 137 50
16 137 50
16 137 50
16 137 50
16 137 50
16 137 50
16 137 50
16 137 50
16 137 50
16 137 50
16 137 50
16 137 50
16 137 50
16 137 50
16 137 50
16 137 50
16 137 50
16 137 50
16 137 50
16 137 50
16 137 50
16 137 50
16 137 50
16 137 50
16 137 50
16 137 50
16 137 50
16 137 50
16 137 50
16 138 50
16 138 50
16 138 50
16 138 50
16 138 50
16 138 50
16 138 50
16 138 50
16 138 50
16 138 50
16 138 50
16 138 50
16 138 50
16 138 50
16 138 50
16 138 50
16 138 50
16 138 50
16 138 50
16 138 50
16 138 50
16 138 50
16 138 50
16 138 50
16 138 50
16 138 50
16 138 50
16 138 50
16 138 50
16 138 50
16 138 50
16 138 50
16 138 50
16 138 50
16 138 50
16 138 50
16 138 50
16 138 50
16 138 50
16 138 50
16 138 50
16 138 50
16 138 50
16 138 50
16 138 50
16 138 50
16 138 50
16 138 50
16 138 50
16 138 50
16 138 50
16 138 50
16 138 50
16 138 50
16 138 50
16 138 50
16 138 50
16 138 50
16 139 50
16 139 50
16 139 50
16 139 50
16 139 50
16 139 50
16 139 50
16 139 50
16 139 50
16 139 50
16 139 50
16 139 50
16 139 50
16 139 50
16 139 50
16 139 50
16 139 50
16 139 50
16 139 50
16 139 50
16 139 50
16 139 50
16 139 50
16 139 50
16 139 50
16 139 50
16 139 50
16 139 50
16 139 50
16 139 50
16 139 50
16 139 50
16 139 50
16 139 50
16 139 50
16 139 50
16 139 50
16 139 50
16 139 50
16 139 50
16 139 50
16 139 50
16 139 50
16 139 50
16 139 50
16 139 50
16 139 50
16 139 50
16 139 50
16 139 50
16 139 50
16 139 50
16 139 50
16 139 50
16 139 50
16 139 50
16 139 50
16 139 50
16 140 50
16 140 50
16 140 50
16 140 50
16 140 50
16 140 50
16 140 50
16 140 50
16 140 50
16 140 50
16 140 50
16 140 50
16 140 50
16 140 50
16 140 50
16 140 50
16 140 50
16 140 50
16 140 50
16 140 50
16 140 50
16 140 50
16 140 50
16 140 50
16 140 50
16 140 50
16 140 50
16 140 50
16 140 50
16 140 50
16 140 50
16 140 50
16 140 50
16 140 50
16 140 50
16 140 50
16 140 50
16 140 50
16 140 50
16 140 50
16 140 50
16 140 50
16 140 50
16 140 50
16 140 50
16 140 50
16 140 50
16 140 50
16 140 50
16 140 50
16 140 50
16 140 50
16 140 50
16 140 50
16 140 50
16 140 50
16 140 50
16 140 50
16 140 50
16 141 50
16 141 50
16 141 50
16 141 50
16 141 50
16 141 50
16 141 50
16 141 50
16 141 50
16 141 50
16 141 50
16 141 50
16 141 50
16 141 50
16 141 50
16 141 50
16 141 50
16 141 50
16 141 50
16 141 50
16 141 50
16 141 50
16 141 50
16 141 50
16 141 50
16 141 50
16 141 50
16 141 50
16 141 50
16 141 50
16 141 50
16 141 50
16 141 50
16 141 50
16 141 50
16 141 50
16 141 50
16 141 50
16 141 50
16 141 50
16 141 50
16 141 50
16 141 50
16 141 50
16 141 50
16 141 50
16 141 50
16 141 50
16 141 50
16 141 50
16 141 50
16 141 50
16 141 50
16 141 50
16 141 50
16 141 50
16 141 50
16 141 50
16 141 50
16 141 50
16 142 50
16 142 50
16 142 50
16 142 50
16 142 50
16 142 50
16 142 50
16 142 50
16 142 50
16 142 50
16 142 50
16 142 50
16 142 50
16 142 50
16 142 50
16 142 50
16 142 50
16 142 50
16 142 50
16 142 50
16 142 50
16 142 50
16 142 50
16 142 50
16 142 50
16 142 50
16 142 50
16 142 50
16 142 50
16 142 50
16 142 50
16 142 50
16 142 50
16 142 50
16 142 50
16 142 50
16 142 50
16 142 50
16 142 50
16 142 50
16 142 50
16 142 50
16 142 50
16 142 50
16 142 50
16 142 50
16 142 50
16 142 50
16 142 50
16 142 50
16 142 50
16 142 50
16 142 50
16 142 50
16 142 50
16 142 50
16 142 50
16 142 50
16 142 50
16 142 50
16 143 50
16 143 50
16 143 50
16 143 50
16 143 50
16 143 50
16 143 50
16 143 50
16 143 50
16 143 50
16 143 50
16 143 50
16 143 50
16 143 50
16 143 50
16 143 50
16 143 50
16 143 50
16 143 50
16 143 50
16 143 50
16 143 50
16 143 50
16 143 50
16 143 50
16 143 50
16 143 50
16 143 50
16 143 50
16 143 50
16 143 50
16 143 50
16 143 50
16 143 50
16 143 50
16 143 50
16 143 50
16 143 50
16 143 50
16 143 50
16 143 50
16 143 50
16 143 50
16 143 50
16 143 50
16 143 50
16 143 50
16 143 50
16 143 50
16 143 50
16 143 50
16 143 50
16 143 50
16 143 50
16 143 50
16 143 50
16 143 50
16 143 50
16 143 50
16 143 50
16 144 50
16 144 50
16 144 50
16 144 50
16 144 50
16 144 50
16 144 50
16 144 50
16 144 50
16 144 50
16 144 50
16 144 50
16 144 50
16 144 50
16 144 50
16 144 50
16 144 50
16 144 50
16 144 50
16 144 50
16 144 50
16 144 50
16 144 50
16 144 50
16 144 50
16 144 50
16 144 50
16 144 50
16 144 50
16 144 50
16 144 50
16 144 50
16 144 50
16 144 50
16 144 50
16 144 50
16 144 50
16 144 50
16 144 50
16 144 50
16 144 50
16 144 50
16 144 50
16 144 50
16 144 50
16 144 50
16 144 50
16 144 50
16 144 50
16 144 50
16 144 50
16 144 50
16 144 50
16 144 50
16 144 50
16 144 50
16 144 50
16 144 50
16 145 50
16 145 50
16 145 50
16 145 50
16 145 50
16 145 50
16 145 50
16 145 50
16 145 50
16 145 50
16 145 50
16 145 50
16 145 50
16 145 50
16 145 50
16 145 50
16 145 50
16 145 50
16 145 50
16 145 50
16 145 50
16 145 50
16 145 50
16 145 50
16 145 50
16 145 50
16 145 50
16 145 50
16 145 50
16 145 50
16 145 50
16 145 50
16 145 50
16 145 50
16 145 50
16 145 50
16 145 50
16 145 50
16 145 50
16 145 50
16 145 50
16 145 50
16 145 50
16 145 50
16 145 50
16 145 50
16 145 50
16 145 50
16 145 50
16 145 50
16 145 50
16 145 50
16 145 50
16 145 50
16 145 50
16 145 50
16 146 50
16 146 50
16 146 50
16 146 50
16 146 50
16 146 50
16 146 50
16 146 50
16 146 50
16 146 50
16 146 50
16 146 50
16 146 50
16 146 50
16 146 50
16 146 50
16 146 50
16 146 50
16 146 50
16 146 50
16 146 50
16 146 50
16 146 50
16 146 50
16 146 50
16 146 50
16 146 50
16 146 50
16 146 50
16 146 50
16 146 50
16 146 50
16 146 50
16 146 50
16 146 50
16 146 50
16 146 50
16 146 50
16 146 50
16 146 50
16 146 50
16 146 50
16 146 50
16 146 50
16 146 50
16 146 50
16 146 50
16 146 50
16 146 50
16 146 50
16 146 50
16 146 50
16 146 50
16 146 50
16 146 50
16 147 50
16 147 50
16 147 50
16 147 50
16 147 50
16 147 50
16 147 50
16 147 50
16 147 50
16 147 50
16 147 50
16 147 50
16 147 50
16 147 50
16 147 50
16 147 50
16 147 50
16 147 50
16 147 50
16 147 50
16 147 50
16 147 50
16 147 50
16 147 50
16 147 50
16 147 50
16 147 50
16 147 50
16 147 50
16 147 50
16 147 50
16 147 50
16 147 50
16 147 50
16 147 50
16 147 50
16 147 50
16 147 50
16 147 50
16 147 50
16 147 50
16 147 50
16 147 50
16 147 50
16 147 50
16 147 50
16 147 50
16 147 50
16 147 50
16 147 50
16 147 50
16 147 50
16 148 50
16 148 50
16 148 50
16 148 50
16 148 50
16 148 50
16 148 50
16 148 50
16 148 50
16 148 50
16 148 50
16 148 50
16 148 50
16 148 50
16 148 50
16 148 50
16 148 50
16 148 50
16 148 50
16 148 50
16 148 50
16 148 50
16 148 50
16 148 50
16 148 50
16 148 50
16 148 50
16 148 50
16 148 50
16 148 50
16 148 50
16 148 50
16 148 50
16 148 50
16 148 50
16 148 50
16 148 50
16 148 50
16 148 50
16 148 50
16 148 50
16 148 50
16 148 50
16 148 50
16 148 50
16 148 50
16 148 50
16 148 50
16 149 50
16 149 50
16 149 50
16 149 50
16 149 50
16 149 50
16 149 50
16 149 50
16 149 50
16 149 50
16 149 50
16 149 50
16 149 50
16 149 50
16 149 50
16 149 50
16 149 50
16 149 50
16 149 50
16 149 50
16 149 50
16 149 50
16 149 50
16 149 50
16 149 50
16 149 50
16 149 50
16 149 50
16 149 50
16 149 50
16 149 50
16 149 50
16 149 50
16 149 50
16 149 50
16 149 50
16 149 50
16 149 50
16 149 50
16 149 50
16 149 50
16 149 50
16 150 50
16 150 50
16 150 50
16 150 50
16 150 50
16 150 50
16 150 50
16 150 50
16 150 50
16 150 50
16 150 50
16 150 50
16 150 50
16 150 50
16 150 50
16 150 50
16 150 50
16 150 50
16 150 50
16 150 50
16 150 50
16 150 50
16 150 50
16 150 50
16 150 50
16 150 50
16 150 50
16 150 50
16 150 50
16 150 50
16 150 50
16 150 50
16 150 50
16 150 50
16 151 50
16 151 50
16 151 50
16 151 50
16 151 50
16 151 50
16 151 50
16 151 50
16 151 50
16 151 50
16 151 50
16 151 50
16 151 50
16 151 50
16 151 50
16 151 50
16 151 50
16 151 50
16 151 50
16 151 50
16 151 50
16 151 50
16 151 50
16 151 50
16 151 50
16 151 50
16 152 50
16 152 50
16 152 50
16 152 50
16 152 50
16 152 50
16 152 50
16 152 50
16 152 50
16 152 50
16 152 50
16 152 50
16 152 50
16 152 50
16 152 50
16 152 50
16 152 50
16 152 50
16 152 50
16 153 50
16 153 50
16 153 50
16 153 50
16 153 50
16 153 50
16 153 50
16 153 50
16 153 50
16 153 50
16 153 50
16 153 50
16 153 50
16 153 50
16 154 50
16 154 50
16 154 50
16 154 50
16 154 50
16 154 50
16 154 50
16 154 50
16 154 50
16 154 50
16 155 50
16 155 50
16 155 50
16 155 50
16 155 50
16 155 50
16 155 50
16 156 50
16 156 50
16 156 50
16 156 50
16 156 50
16 157 50
16 157 50
16 157 50
16 157 50
16 158 50
16 158 50
16 158 50
16 159 50
16 159 50
17 159 50
17 159 50
17 159 50
18 159 50
18 159 50
18 159 50
19 159 50
19 159 50
19 159 50
20 159 50
20 159 50
20 159 50
20 159 50
21 159 50
21 159 50
21 159 50
21 159 50
21 159 50
21 159 50
22 159 50
22 159 50
22 159 50
22 159 50
22 159 50
22 159 50
22 159 50
22 159 50
23 159 50
23 159 50
23 159 50
23 159 50
23 159 50
23 159 50
23 159 50
23 159 50
23 159 50
23 159 50
23 159 50
24 159 50
24 159 50
24 159 50
24 159 50
24 159 50
24 159 50
24 159 50
24 159 50
24 159 50
24 159 50
24 159 50
24 159 50
24 159 50
24 159 50
25 159 50
25 159 50
25 159 50
25 159 50
25 159 50
25 159 50
25 159 50
25 159 50
25 159 50
25 159 50
25 159 50
25 159 50
25 159 50
25 159 50
25 159 50
26 159 50
26 159 50
26 159 50
26 159 50
26 159 50
26 159 50
26 159 50
26 159 50
26 159 50
26 159 50
26 159 50
26 159 50
26 159 50
26 159 50
26 159 50
27 159 50
27 159 50
27 159 50
27 159 50
27 159 50
27 159 50
27 159 50
27 159 50
27 159 50
27 159 50
27 159 50
27 159 50
27 159 50
28 159 50
28 159 50
28 159 50
28 159 50
28 159 50
28 159 50
28 159 50
28 159 50
28 159 50
28 159 50
28 159 50
29 159 50
29 159 50
29 159 50
29 159 50
29 159 50
29 159 50
29 159 50
29 159 50
29 159 50
30 159 50
30 159 50
30 159 50
30 159 50
30 159 50
30 159 50
30 159 50
31 159 50
31 159 50
31 159 50
31 159 50
31 159 50
32 159 50
32 159 50
32 159 50
32 159 50
33 159 50
33 159 50
33 159 50
33 159 50
34 159 50
34 159 50
34 159 50
34 159 50
34 160 150
34 161 50
34 161 50
34 162 50
34 162 50
34 163 50
34 163 50
34 164 50
34 164 50
34 165 50
34 165 50
34 166 50
34 166 50
34 167 50
34 167 50
34 168 50
34 168 50
34 168 50
34 169 50
34 169 50
34 169 50
34 170 50
34 170 50
34 170 50
34 171 50
34 171 50
34 172 50
34 172 50
34 173 50
34 173 50
34 174 50
34 174 50
34 175 50
34 175 50
34 176 50
34 177 50
34 178 50
34 179 50
34 179 50
34 180 50
34 180 50
34 181 50
34 181 50
34 182 50
34 182 50
34 183 50
34 184 50
34 185 50
34 186 50
34 187 50
34 188 50
34 189 50
34 190 50
34 191 50
34 192 50
34 193 50
34 194 50
34 195 50
94 188 50
94 188 50
94 188 50
94 188 50
94 188 50
94 188 50
95 188 50
95 188 50
95 188 50
96 188 50
96 188 50
97 188 50
98 188 50
98 187 50
98 186 50
98 186 50
98 185 50
98 185 50
98 184 50
98 184 50
98 184 50
98 184 50
98 183 50
98 183 50
98 183 50
98 183 50
98 183 50
98 182 50
98 182 50
98 182 50
98 182 50
98 182 50
98 182 50
98 182 50
98 181 50
98 181 50
98 181 50
98 181 50
98 181 50
98 181 50
98 181 50
98 181 50
98 181 50
98 180 50
98 180 50
98 180 50
98 180 50
98 180 50
98 180 50
98 180 50
98 180 50
98 180 50
98 180 50
98 180 50
98 179 50
98 179 50
98 179 50
98 179 50
98 179 50
98 179 50
98 179 50
98 179 50
98 179 50
98 179 50
98 179 50
98 179 50
98 178 50
98 178 50
98 178 50
98 178 50
98 178 50
98 178 50
98 178 50
98 178 50
98 178 50
98 178 50
98 178 50
98 178 50
98 177 50
98 177 50
98 177 50
98 177 50
98 177 50
98 177 50
98 177 50
98 177 50
98 177 50
98 177 50
98 177 50
98 177 50
98 177 50
98 176 50
98 176 50
98 176 50
98 176 50
98 176 50
98 176 50
98 176 50
98 176 50
98 176 50
98 176 50
98 176 50
98 176 50
98 176 50
98 176 50
98 175 50
98 175 50
98 175 50
98 175 50
98 175 50
98 175 50
98 175 50
98 175 50
98 175 50
98 175 50
98 175 50
98 175 50
98 175 50
98 175 50
98 175 50
98 175 50
98 174 50
98 174 50
98 174 50
98 174 50
98 174 50
98 174 50
98 174 50
98 174 50
98 174 50
98 174 50
98 174 50
98 174 50
98 174 50
98 174 50
98 174 50
98 174 50
98 174 50
98 174 50
98 173 50
98 173 50
98 173 50
98 173 50
98 173 50
98 173 50
98 173 50
98 173 50
98 173 50
98 173 50
98 173 50
98 173 50
98 173 50
98 173 50
98 173 50
98 173 50
98 173 50
98 173 50
98 173 50
98 173 50
98 172 50
98 172 50
98 172 50
98 172 50
98 172 50
98 172 50
98 172 50
98 172 50
98 172 50
98 172 50
98 172 50
98 172 50
98 172 50
98 172 50
98 172 50
98 172 50
98 172 50
98 172 50
98 172 50
98 172 50
98 172 50
98 171 50
98 171 50
98 171 50
98 171 50
98 171 50
98 171 50
98 171 50
98 171 50
98 171 50
98 171 50
98 171 50
98 171 50
98 171 50
98 171 50
98 171 50
98 171 50
98 171 50
98 171 50
98 171 50
98 171 50
98 170 50
98 170 50
98 170 50
98 170 50
98 170 50
98 170 50
98 170 50
98 170 50
98 170 50
98 170 50
98 170 50
98 170 50
98 170 50
98 170 50
98 170 50
98 170 50
98 170 50
98 169 50
98 169 50
98 169 50
98 169 50
98 169 50
98 169 50
98 169 50
98 169 50
98 169 50
98 169 50
98 169 50
98 169 50
98 169 50
98 169 50
98 168 50
98 168 50
98 168 50
98 168 50
98 168 50
98 168 50
98 168 50
98 168 50
98 168 50
98 168 50
98 168 50
98 167 50
98 167 50
98 167 50
98 167 50
98 167 50
98 167 50
98 167 50
98 167 50
98 166 50
98 166 50
98 166 50
98 166 50
98 166 50
98 166 50
98 165 50
98 165 50
98 165 50
98 165 50
98 165 50
98 164 50
98 164 50
98 164 50
98 164 50
98 163 50
98 163 50
98 163 50
98 163 50
98 162 50
98 162 50
98 162 50
98 161 50
98 161 50
98 161 50
98 160 50
98 160 50
98 159 50
98 159 50
98 158 50
98 157 50
98 156 50
98 155 50
98 154 50
150 74 50
149 74 50
148 74 50
147 74 50
146 74 50
145 74 50
144 74 50
143 74 50
142 74 50
141 74 50
140 74 50
139 74 50
138 74 50
137 74 50
136 74 50
135 74 50
134 74 50
133 74 50
132 74 50
131 74 50
130 74 50
129 74 50
128 74 50
127 74 50
126 74 50
125 74 50
124 74 50
123 74 50
122 74 50
121 74 50
120 74 50
119 74 50
118 74 50
118 74 50
117 74 50
117 74 50
116 74 50
116 74 50
115 74 50
115 74 50
