103 173 120
102 173 120
101 173 120
100 173 120
99 173 120
98 173 120
97 173 120
96 173 120
95 173 120
94 173 120
93 173 120
92 173 120
91 173 120
90 173 120
89 173 120
88 173 120
87 173 120
86 173 120
85 173 120
84 173 120
83 173 120
82 173 120
81 173 120
80 173 120
79 173 120
78 173 120
77 173 120
76 173 120
75 173 120
74 173 120
73 173 120
72 173 120
71 173 120
70 173 120
69 173 120
68 173 120
67 173 120
66 173 120
65 173 120
64 173 120
63 173 120
62 173 120
61 173 120
60 173 120
59 173 120
58 173 120
57 173 120
56 173 120
56 172 120
56 171 120
56 170 120
56 169 120
56 168 120
56 167 120
56 166 120
56 165 120
56 164 120
56 163 120
56 162 120
56 161 120
56 160 120
56 159 120
56 158 120
56 157 120
56 156 120
56 155 120
56 154 120
56 153 120
56 152 120
56 151 120
56 150 120
56 149 120
56 148 120
56 147 120
56 146 120
56 145 120
56 144 120
72 174 120
72 175 120
72 176 120
72 177 120
72 178 120
72 179 120
72 180 120
72 181 120
72 182 120
72 183 120
72 184 120
72 185 120
71 185 120
70 185 120
69 185 120
68 185 120
67 185 120
66 185 120
65 185 120
64 185 120
63 185 120
62 185 120
61 185 120
60 185 120
59 185 120
58 185 120
57 185 120
56 185 120
55 185 120
54 185 120
53 185 120
52 185 120
51 185 120
50 185 120
49 185 120
48 185 120
47 185 120
46 185 120
45 185 120
44 185 120
43 185 120
42 185 120
41 185 120
40 185 120
39 185 120
38 185 120
37 185 120
37 186 120
37 187 120
37 188 120
37 189 120
37 190 120
37 191 120
37 192 120
37 193 120
37 194 120
37 195 120
37 196 120
37 197 120
37 198 120
28 98 120
27 98 120
26 98 120
25 98 120
24 98 120
23 98 120
22 98 120
21 98 120
20 98 120
19 98 120
18 98 120
17 98 120
16 98 120
15 98 120
14 98 120
13 98 120
12 98 120
12 97 120
12 96 120
12 95 120
12 94 120
12 93 120
12 92 120
12 91 120
12 90 120
12 89 120
12 88 120
12 87 120
12 86 120
12 85 120
12 84 120
12 83 120
12 82 120
12 81 120
12 80 120
12 79 120
12 78 120
12 77 120
12 76 120
12 75 120
12 74 120
12 73 120
12 72 120
12 71 120
104 173 120
105 173 120
106 173 120
107 173 120
108 173 120
109 173 120
110 173 120
111 173 120
112 173 120
113 173 120
114 173 120
115 173 120
116 173 120
117 173 120
118 173 120
119 173 120
120 173 120
121 173 120
122 173 120
123 173 120
124 173 120
125 173 120
126 173 120
127 173 120
127 172 120
127 171 120
127 170 120
127 169 120
127 168 120
127 167 120
127 166 120
127 165 120
127 164 120
127 163 120
127 162 120
127 161 120
127 160 120
127 159 120
127 158 120
127 157 120
127 156 120
127 155 120
127 154 120
127 153 120
127 152 120
127 151 120
127 150 120
127 149 120
127 148 120
127 147 120
127 146 120
127 145 120
127 144 120
127 143 120
127 142 120
127 141 120
127 140 120
127 139 120
127 138 120
127 137 120
127 136 120
127 135 120
127 134 120
127 133 120
127 132 120
127 131 120
127 130 120
127 129 120
127 128 120
127 127 120
127 126 120
127 125 120
127 124 120
127 123 120
127 122 120
127 121 120
127 120 120
127 119 120
127 118 120
127 117 120
127 116 120
127 115 120
127 114 120
127 113 120
127 112 120
127 111 120
127 110 120
127 109 120
127 108 120
126 172 120
126 171 120
126 170 120
126 169 120
126 168 120
126 167 120
126 166 120
126 165 120
126 164 120
126 163 120
126 162 120
126 161 120
126 160 120
126 159 120
126 158 120
126 157 120
126 156 120
126 155 120
126 154 120
126 153 120
126 152 120
128 108 120
129 108 120
130 108 120
131 108 120
132 108 120
133 108 120
134 108 120
135 108 120
136 108 120
137 108 120
138 108 120
139 108 120
140 108 120
141 108 120
142 108 120
143 108 120
144 108 120
145 108 120
146 108 120
147 108 120
148 108 120
149 108 120
150 108 120
151 108 120
152 108 120
153 108 120
154 108 120
155 108 120
156 108 120
157 108 120
158 108 120
159 108 120
159 107 120
159 106 120
159 105 120
159 104 120
159 103 120
159 102 120
159 101 120
159 100 120
159 99 120
159 98 120
159 97 120
159 96 120
159 95 120
159 94 120
159 93 120
159 92 120
159 91 120
159 90 120
159 89 120
159 88 120
159 87 120
159 86 120
159 85 120
159 84 120
159 83 120
159 82 120
159 81 120
159 80 120
159 79 120
159 78 120
159 77 120
159 76 120
159 75 120
159 74 120
159 73 120
159 72 120
159 72 120
159 71 120
159 71 120
159 70 120
159 70 120
159 69 120
159 69 120
159 69 120
159 68 240
159 68 120
159 67 240
159 67 120
159 66 240
159 66 120
159 65 240
159 65 120
159 64 240
159 64 120
159 63 240
159 62 240
159 61 240
159 60 120
159 60 120
159 59 120
159 58 120
159 57 120
159 56 120
159 55 120
159 54 120
159 53 120
159 52 120
159 51 120
159 50 120
159 49 120
159 48 120
159 47 120
159 46 120
159 45 120
159 44 120
159 43 120
159 42 120
159 41 120
159 40 120
159 39 120
159 38 120
159 37 120
159 36 120
158 36 120
157 36 120
156 36 120
155 36 120
154 36 120
153 36 120
152 36 120
151 36 120
150 36 120
149 36 120
148 36 120
147 36 120
146 36 120
145 36 120
144 36 120
143 36 120
142 36 120
141 36 120
140 36 120
139 36 120
138 36 120
137 36 120
136 36 120
135 36 120
134 36 120
133 36 120
132 36 120
131 36 120
130 36 120
129 36 120
128 36 120
128 36 120
127 36 120
127 36 120
126 36 120
126 36 120
125 36 120
125 36 120
125 36 120
124 36 240
124 36 120
123 36 240
122 36 240
121 36 240
120 36 120
120 36 120
119 36 120
119 36 120
118 36 120
118 36 120
117 36 120
117 36 120
116 36 120
115 36 120
114 36 120
113 36 120
112 36 120
111 36 120
111 36 120
110 36 120
110 36 120
109 36 120
109 36 120
108 36 120
108 36 120
107 36 120
107 36 120
107 36 120
106 36 240
106 36 120
105 36 240
105 36 120
104 36 240
104 36 120
103 36 240
103 36 120
103 36 120
102 36 360
102 36 120
101 36 360
101 36 120
100 36 360
99 36 360
98 36 360
97 36 120
97 36 120
96 36 120
95 36 120
94 36 120
93 36 120
93 35 120
93 34 120
93 33 120
