186 38 80
187 38 80
188 38 80
189 38 80
190 38 80
191 38 80
192 38 80
193 38 80
194 38 80
195 38 80
195 39 80
195 39 80
195 40 80
195 40 80
195 41 80
195 41 80
195 41 80
195 42 80
195 42 80
195 42 80
195 42 80
195 43 80
195 43 80
195 43 80
195 43 80
195 43 80
195 44 80
195 44 80
195 44 80
195 44 80
195 44 80
195 44 80
195 45 80
195 45 80
195 45 80
195 45 80
195 45 80
195 45 80
195 46 80
195 46 80
195 46 80
195 46 80
195 46 80
195 46 80
195 47 80
195 47 80
195 47 80
195 47 80
195 47 80
195 47 80
195 48 80
195 48 80
195 48 80
195 48 80
195 48 80
195 48 80
195 49 80
195 49 80
195 49 80
195 49 80
195 49 80
195 50 80
195 50 80
195 50 80
195 50 80
195 50 80
195 51 80
195 51 80
195 51 80
195 51 80
195 51 80
195 52 80
195 52 80
195 52 80
195 52 80
195 52 80
195 52 80
195 53 80
195 53 80
195 53 80
195 53 80
195 53 80
195 53 80
195 53 80
195 54 80
195 54 80
195 54 80
195 54 80
195 54 80
195 54 80
195 54 80
195 54 80
195 55 80
195 55 80
195 55 80
195 55 80
195 55 80
195 55 80
195 55 80
195 55 80
195 55 80
195 55 80
195 56 80
195 56 80
195 56 80
195 56 80
195 56 80
195 56 80
195 56 80
195 56 80
195 56 80
195 56 80
195 56 80
195 57 80
195 57 80
195 57 80
195 57 80
195 57 80
195 57 80
195 57 80
195 57 80
195 57 80
195 57 80
195 57 80
195 57 80
195 57 80
195 58 80
195 58 80
195 58 80
195 58 80
195 58 80
195 58 80
195 58 80
195 58 80
195 58 80
195 58 80
195 58 80
195 58 80
195 58 80
195 58 80
195 59 80
195 59 80
195 59 80
195 59 80
195 59 80
195 59 80
195 59 80
195 59 80
195 59 80
195 59 80
195 59 80
195 59 80
195 59 80
195 59 80
195 59 80
195 60 80
195 60 80
195 60 80
195 60 80
195 60 80
195 60 80
195 60 80
195 60 80
195 60 80
195 60 80
195 60 80
195 60 80
195 60 80
195 60 80
195 60 80
195 60 80
195 60 80
195 61 80
195 61 80
195 61 80
195 61 80
195 61 80
195 61 80
195 61 80
195 61 80
195 61 80
195 61 80
195 61 80
195 61 80
195 61 80
195 61 80
195 61 80
195 61 80
195 61 80
195 61 80
195 62 80
195 62 80
195 62 80
195 62 80
195 62 80
195 62 80
195 62 80
195 62 80
195 62 80
195 62 80
195 62 80
195 62 80
195 62 80
195 62 80
195 62 80
195 62 80
195 62 80
195 62 80
195 62 80
195 62 80
195 63 80
195 63 80
195 63 80
195 63 80
195 63 80
195 63 80
195 63 80
195 63 80
195 63 80
195 63 80
195 63 80
195 63 80
195 63 80
195 63 80
195 63 80
195 63 80
195 63 80
195 63 80
195 63 80
195 63 80
195 63 80
195 63 80
195 64 80
195 64 80
195 64 80
195 64 80
195 64 80
195 64 80
195 64 80
195 64 80
195 64 80
195 64 80
195 64 80
195 64 80
195 64 80
195 64 80
195 64 80
195 64 80
195 64 80
195 64 80
195 64 80
195 64 80
195 64 80
195 64 80
195 64 80
195 64 80
195 65 80
195 65 80
195 65 80
195 65 80
195 65 80
195 65 80
195 65 80
195 65 80
195 65 80
195 65 80
195 65 80
195 65 80
195 65 80
195 65 80
195 65 80
195 65 80
195 65 80
195 65 80
195 65 80
195 65 80
195 65 80
195 65 80
195 65 80
195 65 80
195 65 80
195 65 80
195 65 80
195 66 80
195 66 80
195 66 80
195 66 80
195 66 80
195 66 80
195 66 80
195 66 80
195 66 80
195 66 80
195 66 80
195 66 80
195 66 80
195 66 80
195 66 80
195 66 80
195 66 80
195 66 80
195 66 80
195 66 80
195 66 80
195 66 80
195 66 80
195 66 80
195 66 80
195 66 80
195 66 80
195 66 80
195 66 80
195 67 80
195 67 80
195 67 80
195 67 80
195 67 80
195 67 80
195 67 80
195 67 80
195 67 80
195 67 80
195 67 80
195 67 80
195 67 80
195 67 80
195 67 80
195 67 80
195 67 80
195 67 80
195 67 80
195 67 80
195 67 80
195 67 80
195 67 80
195 67 80
195 67 80
195 67 80
195 67 80
195 67 80
195 67 80
195 67 80
195 67 80
195 68 80
195 68 80
195 68 80
195 68 80
195 68 80
195 68 80
195 68 80
195 68 80
195 68 80
195 68 80
195 68 80
195 68 80
195 68 80
195 68 80
195 68 80
195 68 80
195 68 80
195 68 80
195 68 80
195 68 80
195 68 80
195 68 80
195 68 80
195 68 80
195 68 80
195 68 80
195 68 80
195 68 80
195 68 80
195 68 80
195 68 80
195 68 80
195 69 80
195 69 80
195 69 80
195 69 80
195 69 80
195 69 80
195 69 80
195 69 80
195 69 80
195 69 80
195 69 80
195 69 80
195 69 80
195 69 80
195 69 80
195 69 80
195 69 80
195 69 80
195 69 80
195 69 80
195 69 80
195 69 80
195 69 80
195 69 80
195 69 80
195 69 80
195 69 80
195 69 80
195 69 80
195 69 80
195 69 80
195 69 80
195 70 80
195 70 80
195 70 80
195 70 80
195 70 80
195 70 80
195 70 80
195 70 80
195 70 80
195 70 80
195 70 80
195 70 80
195 70 80
195 70 80
195 70 80
195 70 80
195 70 80
195 70 80
195 70 80
195 70 80
195 70 80
195 70 80
195 70 80
195 70 80
195 70 80
195 70 80
195 70 80
195 70 80
195 70 80
195 70 80
195 70 80
195 71 80
195 71 80
195 71 80
195 71 80
195 71 80
195 71 80
195 71 80
195 71 80
195 71 80
195 71 80
195 71 80
195 71 80
195 71 80
195 71 80
195 71 80
195 71 80
195 71 80
195 71 80
195 71 80
195 71 80
195 71 80
195 71 80
195 71 80
195 71 80
195 71 80
195 71 80
195 71 80
195 71 80
195 71 80
195 71 80
195 72 80
195 72 80
195 72 80
195 72 80
195 72 80
195 72 80
195 72 80
195 72 80
195 72 80
195 72 80
195 72 80
195 72 80
195 72 80
195 72 80
195 72 80
195 72 80
195 72 80
195 72 80
195 72 80
195 72 80
195 72 80
195 72 80
195 72 80
195 72 80
195 72 80
195 72 80
195 72 80
195 72 80
195 72 80
195 73 80
195 73 80
195 73 80
195 73 80
195 73 80
195 73 80
195 73 80
195 73 80
195 73 80
195 73 80
195 73 80
195 73 80
195 73 80
195 73 80
195 73 80
195 73 80
195 73 80
195 73 80
195 73 80
195 73 80
195 73 80
195 73 80
195 73 80
195 73 80
195 73 80
195 73 80
195 73 80
195 73 80
195 73 80
195 74 80
195 74 80
195 74 80
195 74 80
195 74 80
195 74 80
195 74 80
195 74 80
195 74 80
195 74 80
195 74 80
195 74 80
195 74 80
195 74 80
195 74 80
195 74 80
195 74 80
195 74 80
195 74 80
195 74 80
195 74 80
195 74 80
195 74 80
195 74 80
195 74 80
195 74 80
195 74 80
195 74 80
195 74 80
195 74 80
195 75 80
195 75 80
195 75 80
195 75 80
195 75 80
195 75 80
195 75 80
195 75 80
195 75 80
195 75 80
195 75 80
195 75 80
195 75 80
195 75 80
195 75 80
195 75 80
195 75 80
195 75 80
195 75 80
195 75 80
195 75 80
195 75 80
195 75 80
195 75 80
195 75 80
195 75 80
195 75 80
195 75 80
195 75 80
195 75 80
195 75 80
195 75 80
195 76 80
195 76 80
195 76 80
195 76 80
195 76 80
195 76 80
195 76 80
195 76 80
195 76 80
195 76 80
195 76 80
195 76 80
195 76 80
195 76 80
195 76 80
195 76 80
195 76 80
195 76 80
195 76 80
195 76 80
195 76 80
195 76 80
195 76 80
195 76 80
195 76 80
195 76 80
195 76 80
195 76 80
195 76 80
195 76 80
195 76 80
195 76 80
195 76 80
195 76 80
195 77 80
195 77 80
195 77 80
195 77 80
195 77 80
195 77 80
195 77 80
195 77 80
195 77 80
195 77 80
195 77 80
195 77 80
195 77 80
195 77 80
195 77 80
195 77 80
195 77 80
195 77 80
195 77 80
195 77 80
195 77 80
195 77 80
195 77 80
195 77 80
195 77 80
195 77 80
195 77 80
195 77 80
195 77 80
195 77 80
195 77 80
195 77 80
195 77 80
195 77 80
195 77 80
195 77 80
195 78 80
195 78 80
195 78 80
195 78 80
195 78 80
195 78 80
195 78 80
195 78 80
195 78 80
195 78 80
195 78 80
195 78 80
195 78 80
195 78 80
195 78 80
195 78 80
195 78 80
195 78 80
195 78 80
195 78 80
195 78 80
195 78 80
195 78 80
195 78 80
195 78 80
195 78 80
195 78 80
195 78 80
195 78 80
195 78 80
195 78 80
195 78 80
195 78 80
195 78 80
195 78 80
195 78 80
195 78 80
195 78 80
195 78 80
195 79 80
195 79 80
195 79 80
195 79 80
195 79 80
195 79 80
195 79 80
195 79 80
195 79 80
195 79 80
195 79 80
195 79 80
195 79 80
195 79 80
195 79 80
195 79 80
195 79 80
195 79 80
195 79 80
195 79 80
195 79 80
195 79 80
195 79 80
195 79 80
195 79 80
195 79 80
195 79 80
195 79 80
195 79 80
195 79 80
195 79 80
195 79 80
195 79 80
195 79 80
195 79 80
195 79 80
195 79 80
195 79 80
195 79 80
195 79 80
195 79 80
195 79 80
195 80 80
195 80 80
195 80 80
195 80 80
195 80 80
195 80 80
195 80 80
195 80 80
195 80 80
195 80 80
195 80 80
195 80 80
195 80 80
195 80 80
195 80 80
195 80 80
195 80 80
195 80 80
195 80 80
195 80 80
195 80 80
195 80 80
195 80 80
195 80 80
195 80 80
195 80 80
195 80 80
195 80 80
195 80 80
195 80 80
195 80 80
195 80 80
195 80 80
195 80 80
195 80 80
195 80 80
195 80 80
195 80 80
195 80 80
195 80 80
195 80 80
195 80 80
195 80 80
195 80 80
195 81 80
195 81 80
195 81 80
195 81 80
195 81 80
195 81 80
195 81 80
195 81 80
195 81 80
195 81 80
195 81 80
195 81 80
195 81 80
195 81 80
195 81 80
195 81 80
195 81 80
195 81 80
195 81 80
195 81 80
195 81 80
195 81 80
195 81 80
195 81 80
195 81 80
195 81 80
195 81 80
195 81 80
195 81 80
195 81 80
195 81 80
195 81 80
195 81 80
195 81 80
195 81 80
195 81 80
195 81 80
195 81 80
195 81 80
195 81 80
195 81 80
195 81 80
195 81 80
195 81 80
195 81 80
195 82 80
195 82 80
195 82 80
195 82 80
195 82 80
195 82 80
195 82 80
195 82 80
195 82 80
195 82 80
195 82 80
195 82 80
195 82 80
195 82 80
195 82 80
195 82 80
195 82 80
195 82 80
195 82 80
195 82 80
195 82 80
195 82 80
195 82 80
195 82 80
195 82 80
195 82 80
195 82 80
195 82 80
195 82 80
195 82 80
195 82 80
195 82 80
195 82 80
195 82 80
195 82 80
195 82 80
195 82 80
195 82 80
195 82 80
195 82 80
195 82 80
195 82 80
195 82 80
195 82 80
195 83 80
195 83 80
195 83 80
195 83 80
195 83 80
195 83 80
195 83 80
195 83 80
195 83 80
195 83 80
195 83 80
195 83 80
195 83 80
195 83 80
195 83 80
195 83 80
195 83 80
195 83 80
195 83 80
195 83 80
195 83 80
195 83 80
195 83 80
195 83 80
195 83 80
195 83 80
195 83 80
195 83 80
195 83 80
195 83 80
195 83 80
195 83 80
195 83 80
195 83 80
195 83 80
195 83 80
195 83 80
195 83 80
195 83 80
195 83 80
195 83 80
195 83 80
195 83 80
195 84 80
195 84 80
195 84 80
195 84 80
195 84 80
195 84 80
195 84 80
195 84 80
195 84 80
195 84 80
195 84 80
195 84 80
195 84 80
195 84 80
195 84 80
195 84 80
195 84 80
195 84 80
195 84 80
195 84 80
195 84 80
195 84 80
195 84 80
195 84 80
195 84 80
195 84 80
195 84 80
195 84 80
195 84 80
195 84 80
195 84 80
195 84 80
195 84 80
195 84 80
195 84 80
195 84 80
195 84 80
195 84 80
195 84 80
195 84 80
195 84 80
195 85 80
195 85 80
195 85 80
195 85 80
195 85 80
195 85 80
195 85 80
195 85 80
195 85 80
195 85 80
195 85 80
195 85 80
195 85 80
195 85 80
195 85 80
195 85 80
195 85 80
195 85 80
195 85 80
195 85 80
195 85 80
195 85 80
195 85 80
195 85 80
195 85 80
195 85 80
195 85 80
195 85 80
195 85 80
195 85 80
195 85 80
195 85 80
195 85 80
195 85 80
195 85 80
195 85 80
195 85 80
195 85 80
195 86 80
195 86 80
195 86 80
195 86 80
195 86 80
195 86 80
195 86 80
195 86 80
195 86 80
195 86 80
195 86 80
195 86 80
195 86 80
195 86 80
195 86 80
195 86 80
195 86 80
195 86 80
195 86 80
195 86 80
195 86 80
195 86 80
195 86 80
195 86 80
195 86 80
195 86 80
195 86 80
195 86 80
195 86 80
195 86 80
195 86 80
195 86 80
195 86 80
195 86 80
195 86 80
195 86 80
195 87 80
195 87 80
195 87 80
195 87 80
195 87 80
195 87 80
195 87 80
195 87 80
195 87 80
195 87 80
195 87 80
195 87 80
195 87 80
195 87 80
195 87 80
195 87 80
195 87 80
195 87 80
195 87 80
195 87 80
195 87 80
195 87 80
195 87 80
195 87 80
195 87 80
195 87 80
195 87 80
195 87 80
195 87 80
195 87 80
195 87 80
195 87 80
195 87 80
195 87 80
195 88 80
195 88 80
195 88 80
195 88 80
195 88 80
195 88 80
195 88 80
195 88 80
195 88 80
195 88 80
195 88 80
195 88 80
195 88 80
195 88 80
195 88 80
195 88 80
195 88 80
195 88 80
195 88 80
195 88 80
195 88 80
195 88 80
195 88 80
195 88 80
195 88 80
195 88 80
195 88 80
195 88 80
195 88 80
195 88 80
195 88 80
195 88 80
195 89 80
195 89 80
195 89 80
195 89 80
195 89 80
195 89 80
195 89 80
195 89 80
195 89 80
195 89 80
195 89 80
195 89 80
195 89 80
195 89 80
195 89 80
195 89 80
195 89 80
195 89 80
195 89 80
195 89 80
195 89 80
195 89 80
195 89 80
195 89 80
195 89 80
195 89 80
195 89 80
195 89 80
195 89 80
195 89 80
195 90 80
195 90 80
195 90 80
195 90 80
195 90 80
195 90 80
195 90 80
195 90 80
195 90 80
195 90 80
195 90 80
195 90 80
195 90 80
195 90 80
195 90 80
195 90 80
195 90 80
195 90 80
195 90 80
195 90 80
195 90 80
195 90 80
195 90 80
195 90 80
195 90 80
195 90 80
195 90 80
195 90 80
195 91 80
195 91 80
195 91 80
195 91 80
195 91 80
195 91 80
195 91 80
195 91 80
195 91 80
195 91 80
195 91 80
195 91 80
195 91 80
195 91 80
195 91 80
195 91 80
195 91 80
195 91 80
195 91 80
195 91 80
195 91 80
195 91 80
195 91 80
195 91 80
195 91 80
195 91 80
195 91 80
195 91 80
195 92 80
195 92 80
195 92 80
195 92 80
195 92 80
195 92 80
195 92 80
195 92 80
195 92 80
195 92 80
195 92 80
195 92 80
195 92 80
195 92 80
195 92 80
195 92 80
195 92 80
195 92 80
195 92 80
195 92 80
195 92 80
195 92 80
195 92 80
195 92 80
195 92 80
195 92 80
195 92 80
195 92 80
195 93 80
195 93 80
195 93 80
195 93 80
195 93 80
195 93 80
195 93 80
195 93 80
195 93 80
195 93 80
195 93 80
195 93 80
195 93 80
195 93 80
195 93 80
195 93 80
195 93 80
195 93 80
195 93 80
195 93 80
195 93 80
195 93 80
195 93 80
195 93 80
195 93 80
195 93 80
195 93 80
195 93 80
195 93 80
195 93 80
195 94 80
195 94 80
195 94 80
195 94 80
195 94 80
195 94 80
195 94 80
195 94 80
195 94 80
195 94 80
195 94 80
195 94 80
195 94 80
195 94 80
195 94 80
195 94 80
195 94 80
195 94 80
195 94 80
195 94 80
195 94 80
195 94 80
195 94 80
195 94 80
195 94 80
195 94 80
195 94 80
195 94 80
195 94 80
195 94 80
195 94 80
195 94 80
195 94 80
195 95 80
195 95 80
195 95 80
195 95 80
195 95 80
195 95 80
195 95 80
195 95 80
195 95 80
195 95 80
195 95 80
195 95 80
195 95 80
195 95 80
195 95 80
195 95 80
195 95 80
195 95 80
195 95 80
195 95 80
195 95 80
195 95 80
195 95 80
195 95 80
195 95 80
195 95 80
195 95 80
195 95 80
195 95 80
195 95 80
195 95 80
195 95 80
195 95 80
195 95 80
195 95 80
195 95 80
195 96 80
195 96 80
195 96 80
195 96 80
195 96 80
195 96 80
195 96 80
195 96 80
195 96 80
195 96 80
195 96 80
195 96 80
195 96 80
195 96 80
195 96 80
195 96 80
195 96 80
195 96 80
195 96 80
195 96 80
195 96 80
195 96 80
195 96 80
195 96 80
195 96 80
195 96 80
195 96 80
195 96 80
195 96 80
195 96 80
195 96 80
195 96 80
195 96 80
195 96 80
195 96 80
195 96 80
195 96 80
195 96 80
195 96 80
195 96 80
195 97 80
195 97 80
195 97 80
195 97 80
195 97 80
195 97 80
195 97 80
195 97 80
195 97 80
195 97 80
195 97 80
195 97 80
195 97 80
195 97 80
195 97 80
195 97 80
195 97 80
195 97 80
195 97 80
195 97 80
195 97 80
195 97 80
195 97 80
195 97 80
195 97 80
195 97 80
195 97 80
195 97 80
195 97 80
195 97 80
195 97 80
195 97 80
195 97 80
195 97 80
195 97 80
195 97 80
195 97 80
195 97 80
195 97 80
195 97 80
195 97 80
195 97 80
195 97 80
195 97 80
195 98 80
195 98 80
195 98 80
195 98 80
195 98 80
195 98 80
195 98 80
195 98 80
195 98 80
195 98 80
195 98 80
195 98 80
195 98 80
195 98 80
195 98 80
195 98 80
195 98 80
195 98 80
195 98 80
195 98 80
195 98 80
195 98 80
195 98 80
195 98 80
195 98 80
195 98 80
195 98 80
195 98 80
195 98 80
195 98 80
195 98 80
195 98 80
195 98 80
195 98 80
195 98 80
195 98 80
195 98 80
195 98 80
195 98 80
195 98 80
195 98 80
195 98 80
195 98 80
195 98 80
195 98 80
195 98 80
195 99 80
195 99 80
195 99 80
195 99 80
195 99 80
195 99 80
195 99 80
195 99 80
195 99 80
195 99 80
195 99 80
195 99 80
195 99 80
195 99 80
195 99 80
195 99 80
195 99 80
195 99 80
195 99 80
195 99 80
195 99 80
195 99 80
195 99 80
195 99 80
195 99 80
195 99 80
195 99 80
195 99 80
195 99 80
195 99 80
195 99 80
195 99 80
195 99 80
195 99 80
195 99 80
195 99 80
195 99 80
195 99 80
195 99 80
195 99 80
195 99 80
195 99 80
195 99 80
195 99 80
195 99 80
195 99 80
195 99 80
195 99 80
195 100 80
195 100 80
195 100 80
195 100 80
195 100 80
195 100 80
195 100 80
195 100 80
195 100 80
195 100 80
195 100 80
195 100 80
195 100 80
195 100 80
195 100 80
195 100 80
195 100 80
195 100 80
195 100 80
195 100 80
195 100 80
195 100 80
195 100 80
195 100 80
195 100 80
195 100 80
195 100 80
195 100 80
195 100 80
195 100 80
195 100 80
195 100 80
195 100 80
195 100 80
195 100 80
195 100 80
195 100 80
195 100 80
195 100 80
195 100 80
195 100 80
195 100 80
195 100 80
195 100 80
195 100 80
195 100 80
195 100 80
195 100 80
195 100 80
195 101 80
195 101 80
195 101 80
195 101 80
195 101 80
195 101 80
195 101 80
195 101 80
195 101 80
195 101 80
195 101 80
195 101 80
195 101 80
195 101 80
195 101 80
195 101 80
195 101 80
195 101 80
195 101 80
195 101 80
195 101 80
195 101 80
195 101 80
195 101 80
195 101 80
195 101 80
195 101 80
195 101 80
195 101 80
195 101 80
195 101 80
195 101 80
195 101 80
195 101 80
195 101 80
195 101 80
195 101 80
195 101 80
195 101 80
195 101 80
195 101 80
195 101 80
195 101 80
195 101 80
195 101 80
195 101 80
195 101 80
195 101 80
195 101 80
195 101 80
195 101 80
195 102 80
195 102 80
195 102 80
195 102 80
195 102 80
195 102 80
195 102 80
195 102 80
195 102 80
195 102 80
195 102 80
195 102 80
195 102 80
195 102 80
195 102 80
195 102 80
195 102 80
195 102 80
195 102 80
195 102 80
195 102 80
195 102 80
195 102 80
195 102 80
195 102 80
195 102 80
195 102 80
195 102 80
195 102 80
195 102 80
195 102 80
195 102 80
195 102 80
195 102 80
195 102 80
195 102 80
195 102 80
195 102 80
195 102 80
195 102 80
195 102 80
195 102 80
195 102 80
195 102 80
195 102 80
195 102 80
195 102 80
195 102 80
195 102 80
195 102 80
195 102 80
195 102 80
195 103 80
195 103 80
195 103 80
195 103 80
195 103 80
195 103 80
195 103 80
195 103 80
195 103 80
195 103 80
195 103 80
195 103 80
195 103 80
195 103 80
195 103 80
195 103 80
195 103 80
195 103 80
195 103 80
195 103 80
195 103 80
195 103 80
195 103 80
195 103 80
195 103 80
195 103 80
195 103 80
195 103 80
195 103 80
195 103 80
195 103 80
195 103 80
195 103 80
195 103 80
195 103 80
195 103 80
195 103 80
195 103 80
195 103 80
195 103 80
195 103 80
195 103 80
195 103 80
195 103 80
195 103 80
195 103 80
195 103 80
195 103 80
195 103 80
195 103 80
195 103 80
195 103 80
195 104 80
195 104 80
195 104 80
195 104 80
195 104 80
195 104 80
195 104 80
195 104 80
195 104 80
195 104 80
195 104 80
195 104 80
195 104 80
195 104 80
195 104 80
195 104 80
195 104 80
195 104 80
195 104 80
195 104 80
195 104 80
195 104 80
195 104 80
195 104 80
195 104 80
195 104 80
195 104 80
195 104 80
195 104 80
195 104 80
195 104 80
195 104 80
195 104 80
195 104 80
195 104 80
195 104 80
195 104 80
195 104 80
195 104 80
195 104 80
195 104 80
195 104 80
195 104 80
195 104 80
195 104 80
195 104 80
195 104 80
195 104 80
195 104 80
195 104 80
195 104 80
195 105 80
195 105 80
195 105 80
195 105 80
195 105 80
195 105 80
195 105 80
195 105 80
195 105 80
195 105 80
195 105 80
195 105 80
195 105 80
195 105 80
195 105 80
195 105 80
195 105 80
195 105 80
195 105 80
195 105 80
195 105 80
195 105 80
195 105 80
195 105 80
195 105 80
195 105 80
195 105 80
195 105 80
195 105 80
195 105 80
195 105 80
195 105 80
195 105 80
195 105 80
195 105 80
195 105 80
195 105 80
195 105 80
195 105 80
195 105 80
195 105 80
195 105 80
195 105 80
195 105 80
195 105 80
195 105 80
195 105 80
195 105 80
195 105 80
195 106 80
195 106 80
195 106 80
195 106 80
195 106 80
195 106 80
195 106 80
195 106 80
195 106 80
195 106 80
195 106 80
195 106 80
195 106 80
195 106 80
195 106 80
195 106 80
195 106 80
195 106 80
195 106 80
195 106 80
195 106 80
195 106 80
195 106 80
195 106 80
195 106 80
195 106 80
195 106 80
195 106 80
195 106 80
195 106 80
195 106 80
195 106 80
195 106 80
195 106 80
195 106 80
195 106 80
195 106 80
195 106 80
195 106 80
195 106 80
195 106 80
195 106 80
195 106 80
195 106 80
195 106 80
195 106 80
195 107 80
195 107 80
195 107 80
195 107 80
195 107 80
195 107 80
195 107 80
195 107 80
195 107 80
195 107 80
195 107 80
195 107 80
195 107 80
195 107 80
195 107 80
195 107 80
195 107 80
195 107 80
195 107 80
195 107 80
195 107 80
195 107 80
195 107 80
195 107 80
195 107 80
195 107 80
195 107 80
195 107 80
195 107 80
195 107 80
195 107 80
195 107 80
195 107 80
195 107 80
195 107 80
195 107 80
195 107 80
195 107 80
195 107 80
195 107 80
195 107 80
195 107 80
195 108 80
195 108 80
195 108 80
195 108 80
195 108 80
195 108 80
195 108 80
195 108 80
195 108 80
195 108 80
195 108 80
195 108 80
195 108 80
195 108 80
195 108 80
195 108 80
195 108 80
195 108 80
195 108 80
195 108 80
195 108 80
195 108 80
195 108 80
195 108 80
195 108 80
195 108 80
195 108 80
195 108 80
195 108 80
195 108 80
195 108 80
195 108 80
195 108 80
195 108 80
195 108 80
195 108 80
195 108 80
195 108 80
195 108 80
195 109 80
195 109 80
195 109 80
195 109 80
195 109 80
195 109 80
195 109 80
195 109 80
195 109 80
195 109 80
195 109 80
195 109 80
195 109 80
195 109 80
195 109 80
195 109 80
195 109 80
195 109 80
195 109 80
195 109 80
195 109 80
195 109 80
195 109 80
195 109 80
195 109 80
195 109 80
195 109 80
195 109 80
195 109 80
195 109 80
195 109 80
195 109 80
195 109 80
195 109 80
195 109 80
195 109 80
195 110 80
195 110 80
195 110 80
195 110 80
195 110 80
195 110 80
195 110 80
195 110 80
195 110 80
195 110 80
195 110 80
195 110 80
195 110 80
195 110 80
195 110 80
195 110 80
195 110 80
195 110 80
195 110 80
195 110 80
195 110 80
195 110 80
195 110 80
195 110 80
195 110 80
195 110 80
195 110 80
195 110 80
195 110 80
195 110 80
195 110 80
195 110 80
195 110 80
195 110 80
195 111 80
195 111 80
195 111 80
195 111 80
195 111 80
195 111 80
195 111 80
195 111 80
195 111 80
195 111 80
195 111 80
195 111 80
195 111 80
195 111 80
195 111 80
195 111 80
195 111 80
195 111 80
195 111 80
195 111 80
195 111 80
195 111 80
195 111 80
195 111 80
195 111 80
195 111 80
195 111 80
195 111 80
195 111 80
195 111 80
195 111 80
195 111 80
195 111 80
195 112 80
195 112 80
195 112 80
195 112 80
195 112 80
195 112 80
195 112 80
195 112 80
195 112 80
195 112 80
195 112 80
195 112 80
195 112 80
195 112 80
195 112 80
195 112 80
195 112 80
195 112 80
195 112 80
195 112 80
195 112 80
195 112 80
195 112 80
195 112 80
195 112 80
195 112 80
195 112 80
195 112 80
195 112 80
195 112 80
195 112 80
195 112 80
195 113 80
195 113 80
195 113 80
195 113 80
195 113 80
195 113 80
195 113 80
195 113 80
195 113 80
195 113 80
195 113 80
195 113 80
195 113 80
195 113 80
195 113 80
195 113 80
195 113 80
195 113 80
195 113 80
195 113 80
195 113 80
195 113 80
195 113 80
195 113 80
195 113 80
195 113 80
195 113 80
195 113 80
195 113 80
195 113 80
195 113 80
195 114 80
195 114 80
195 114 80
195 114 80
195 114 80
195 114 80
195 114 80
195 114 80
195 114 80
195 114 80
195 114 80
195 114 80
195 114 80
195 114 80
195 114 80
195 114 80
195 114 80
195 114 80
195 114 80
195 114 80
195 114 80
195 114 80
195 114 80
195 114 80
195 114 80
195 114 80
195 114 80
195 114 80
195 114 80
195 114 80
195 114 80
195 114 80
195 115 80
195 115 80
195 115 80
195 115 80
195 115 80
195 115 80
195 115 80
195 115 80
195 115 80
195 115 80
195 115 80
195 115 80
195 115 80
195 115 80
195 115 80
195 115 80
195 115 80
195 115 80
195 115 80
195 115 80
195 115 80
195 115 80
195 115 80
195 115 80
195 115 80
195 115 80
195 115 80
195 115 80
195 115 80
195 115 80
195 115 80
195 115 80
195 115 80
195 115 80
195 116 80
195 116 80
195 116 80
195 116 80
195 116 80
195 116 80
195 116 80
195 116 80
195 116 80
195 116 80
195 116 80
195 116 80
195 116 80
195 116 80
195 116 80
195 116 80
195 116 80
195 116 80
195 116 80
195 116 80
195 116 80
195 116 80
195 116 80
195 116 80
195 116 80
195 116 80
195 116 80
195 116 80
195 116 80
195 116 80
195 116 80
195 116 80
195 116 80
195 116 80
195 116 80
195 116 80
195 117 80
195 117 80
195 117 80
195 117 80
195 117 80
195 117 80
195 117 80
195 117 80
195 117 80
195 117 80
195 117 80
195 117 80
195 117 80
195 117 80
195 117 80
195 117 80
195 117 80
195 117 80
195 117 80
195 117 80
195 117 80
195 117 80
195 117 80
195 117 80
195 117 80
195 117 80
195 117 80
195 117 80
195 117 80
195 117 80
195 117 80
195 117 80
195 117 80
195 117 80
195 117 80
195 117 80
195 117 80
195 117 80
195 118 80
195 118 80
195 118 80
195 118 80
195 118 80
195 118 80
195 118 80
195 118 80
195 118 80
195 118 80
195 118 80
195 118 80
195 118 80
195 118 80
195 118 80
195 118 80
195 118 80
195 118 80
195 118 80
195 118 80
195 118 80
195 118 80
195 118 80
195 118 80
195 118 80
195 118 80
195 118 80
195 118 80
195 118 80
195 118 80
195 118 80
195 118 80
195 118 80
195 118 80
195 118 80
195 118 80
195 118 80
195 118 80
195 118 80
195 119 80
195 119 80
195 119 80
195 119 80
195 119 80
195 119 80
195 119 80
195 119 80
195 119 80
195 119 80
195 119 80
195 119 80
195 119 80
195 119 80
195 119 80
195 119 80
195 119 80
195 119 80
195 119 80
195 119 80
195 119 80
195 119 80
195 119 80
195 119 80
195 119 80
195 119 80
195 119 80
195 119 80
195 119 80
195 119 80
195 119 80
195 119 80
195 119 80
195 119 80
195 119 80
195 119 80
195 119 80
195 119 80
195 119 80
195 119 80
195 120 80
195 120 80
195 120 80
195 120 80
195 120 80
195 120 80
195 120 80
195 120 80
195 120 80
195 120 80
195 120 80
195 120 80
195 120 80
195 120 80
195 120 80
195 120 80
195 120 80
195 120 80
195 120 80
195 120 80
195 120 80
195 120 80
195 120 80
195 120 80
195 120 80
195 120 80
195 120 80
195 120 80
195 120 80
195 120 80
195 120 80
195 120 80
195 120 80
195 120 80
195 120 80
195 120 80
195 120 80
195 120 80
195 121 80
195 121 80
195 121 80
195 121 80
195 121 80
195 121 80
195 121 80
195 121 80
195 121 80
195 121 80
195 121 80
195 121 80
195 121 80
195 121 80
195 121 80
195 121 80
195 121 80
195 121 80
195 121 80
195 121 80
195 121 80
195 121 80
195 121 80
195 121 80
195 121 80
195 121 80
195 121 80
195 121 80
195 121 80
195 121 80
195 121 80
195 121 80
195 121 80
195 121 80
195 121 80
195 121 80
195 122 80
195 122 80
195 122 80
195 122 80
195 122 80
195 122 80
195 122 80
195 122 80
195 122 80
195 122 80
195 122 80
195 122 80
195 122 80
195 122 80
195 122 80
195 122 80
195 122 80
195 122 80
195 122 80
195 122 80
195 122 80
195 122 80
195 122 80
195 122 80
195 122 80
195 122 80
195 122 80
195 122 80
195 122 80
195 122 80
195 122 80
195 122 80
195 122 80
195 123 80
195 123 80
195 123 80
195 123 80
195 123 80
195 123 80
195 123 80
195 123 80
195 123 80
195 123 80
195 123 80
195 123 80
195 123 80
195 123 80
195 123 80
195 123 80
195 123 80
195 123 80
195 123 80
195 123 80
195 123 80
195 123 80
195 123 80
195 123 80
195 123 80
195 123 80
195 123 80
195 123 80
195 123 80
195 123 80
195 124 80
195 124 80
195 124 80
195 124 80
195 124 80
195 124 80
195 124 80
195 124 80
195 124 80
195 124 80
195 124 80
195 124 80
195 124 80
195 124 80
195 124 80
195 124 80
195 124 80
195 124 80
195 124 80
195 124 80
195 124 80
195 124 80
195 124 80
195 124 80
195 124 80
195 124 80
195 124 80
195 125 80
195 125 80
195 125 80
195 125 80
195 125 80
195 125 80
195 125 80
195 125 80
195 125 80
195 125 80
195 125 80
195 125 80
195 125 80
195 125 80
195 125 80
195 125 80
195 125 80
195 125 80
195 125 80
195 125 80
195 125 80
195 125 80
195 125 80
195 125 80
195 126 80
195 126 80
195 126 80
195 126 80
195 126 80
195 126 80
195 126 80
195 126 80
195 126 80
195 126 80
195 126 80
195 126 80
195 126 80
195 126 80
195 126 80
195 126 80
195 126 80
195 126 80
195 126 80
195 126 80
195 126 80
195 127 80
195 127 80
195 127 80
195 127 80
195 127 80
195 127 80
195 127 80
195 127 80
195 127 80
195 127 80
195 127 80
195 127 80
195 127 80
195 127 80
195 127 80
195 127 80
195 127 80
195 127 80
195 128 80
195 128 80
195 128 80
195 128 80
195 128 80
195 128 80
195 128 80
195 128 80
195 128 80
195 128 80
195 128 80
195 128 80
195 128 80
195 128 80
195 128 80
195 129 80
195 129 80
195 129 80
195 129 80
195 129 80
195 129 80
195 129 80
195 129 80
195 129 80
195 129 80
195 129 80
195 129 80
195 130 80
195 130 80
195 130 80
195 130 80
195 130 80
195 130 80
195 130 80
195 130 80
195 130 80
195 130 80
195 131 80
195 131 80
195 131 80
195 131 80
195 131 80
195 131 80
195 131 80
195 131 80
195 132 80
195 132 80
195 132 80
195 132 80
195 132 80
195 132 80
195 133 80
195 133 80
195 133 80
195 133 80
195 133 80
195 134 80
195 134 80
195 134 80
195 134 80
195 135 80
195 135 80
195 135 80
195 136 80
195 136 80
185 38 80
184 38 80
183 38 80
182 38 80
181 38 80
180 38 80
179 38 80
178 38 80
177 38 80
176 38 80
175 38 80
174 38 80
173 38 80
172 38 80
172 38 80
171 38 80
171 38 80
170 38 80
170 38 80
169 38 80
169 38 80
169 38 80
168 38 80
168 38 80
168 38 80
167 38 80
167 38 80
167 38 80
167 38 80
166 38 80
166 38 80
166 38 80
166 38 80
165 38 80
165 38 80
165 38 80
165 38 80
165 38 80
164 38 80
164 38 80
164 38 80
164 38 80
164 38 80
163 38 80
163 38 80
163 38 80
163 38 80
163 38 80
162 38 80
162 38 80
162 38 80
162 38 80
162 38 80
161 38 80
161 38 80
161 38 80
161 38 80
161 38 80
160 38 80
160 38 80
160 38 80
160 38 80
160 38 80
160 38 80
159 38 80
159 38 80
159 38 80
159 38 80
159 38 80
159 38 80
158 38 80
158 38 80
158 38 80
158 38 80
158 38 80
158 38 80
157 38 80
157 38 80
157 38 80
157 38 80
157 38 80
157 38 80
157 38 80
156 38 80
156 38 80
156 38 80
156 38 80
156 38 80
156 38 80
156 38 80
156 38 80
155 38 80
155 38 80
155 38 80
155 38 80
155 38 80
155 38 80
155 38 80
155 38 80
154 38 80
154 38 80
154 38 80
154 38 80
154 38 80
154 38 80
154 38 80
154 38 80
154 38 80
154 38 80
153 38 80
153 38 80
153 38 80
153 38 80
153 38 80
153 38 80
153 38 80
153 38 80
153 38 80
153 38 80
153 38 80
152 38 80
152 38 80
152 38 80
152 38 80
152 38 80
152 38 80
152 38 80
152 38 80
152 38 80
152 38 80
152 38 80
152 38 80
152 38 80
151 38 80
151 38 80
151 38 80
151 38 80
151 38 80
151 38 80
151 38 80
151 38 80
151 38 80
151 38 80
151 38 80
151 38 80
151 38 80
151 38 80
151 38 80
151 38 80
150 38 80
150 38 80
150 38 80
150 38 80
150 38 80
150 38 80
150 38 80
150 38 80
150 38 80
150 38 80
150 38 80
150 38 80
150 38 80
150 38 80
150 38 80
150 38 80
150 38 80
150 38 80
150 38 80
149 38 80
149 38 80
149 38 80
149 38 80
149 38 80
149 38 80
149 38 80
149 38 80
149 38 80
149 38 80
149 38 80
149 38 80
149 38 80
149 38 80
149 38 80
149 38 80
149 38 80
149 38 80
149 38 80
149 38 80
149 38 80
149 38 80
148 38 80
148 38 80
148 38 80
148 38 80
148 38 80
148 38 80
148 38 80
148 38 80
148 38 80
148 38 80
148 38 80
148 38 80
148 38 80
148 38 80
148 38 80
148 38 80
148 38 80
148 38 80
148 38 80
148 38 80
148 38 80
148 38 80
148 38 80
148 38 80
148 38 80
148 38 80
147 38 80
147 38 80
147 38 80
147 38 80
147 38 80
147 38 80
147 38 80
147 38 80
147 38 80
147 38 80
147 38 80
147 38 80
147 38 80
147 38 80
147 38 80
147 38 80
147 38 80
147 38 80
147 38 80
147 38 80
147 38 80
147 38 80
147 38 80
147 38 80
147 38 80
147 38 80
147 38 80
147 38 80
146 38 80
146 38 80
146 38 80
146 38 80
146 38 80
146 38 80
146 38 80
146 38 80
146 38 80
146 38 80
146 38 80
146 38 80
146 38 80
146 38 80
146 38 80
146 38 80
146 38 80
146 38 80
146 38 80
146 38 80
146 38 80
146 38 80
146 38 80
146 38 80
146 38 80
146 38 80
146 38 80
146 38 80
146 38 80
146 38 80
146 38 80
145 38 80
145 38 80
145 38 80
145 38 80
145 38 80
145 38 80
145 38 80
145 38 80
145 38 80
145 38 80
145 38 80
145 38 80
145 38 80
145 38 80
145 38 80
145 38 80
145 38 80
145 38 80
145 38 80
145 38 80
145 38 80
145 38 80
145 38 80
145 38 80
145 38 80
145 38 80
145 38 80
145 38 80
145 38 80
145 38 80
145 38 80
145 38 80
145 38 80
145 38 80
144 38 80
144 38 80
144 38 80
144 38 80
144 38 80
144 38 80
144 38 80
144 38 80
144 38 80
144 38 80
144 38 80
144 38 80
144 38 80
144 38 80
144 38 80
144 38 80
144 38 80
144 38 80
144 38 80
144 38 80
144 38 80
144 38 80
144 38 80
144 38 80
144 38 80
144 38 80
144 38 80
144 38 80
144 38 80
144 38 80
144 38 80
144 38 80
144 38 80
144 38 80
144 38 80
144 38 80
143 38 80
143 38 80
143 38 80
143 38 80
143 38 80
143 38 80
143 38 80
143 38 80
143 38 80
143 38 80
143 38 80
143 38 80
143 38 80
143 38 80
143 38 80
143 38 80
143 38 80
143 38 80
143 38 80
143 38 80
143 38 80
143 38 80
143 38 80
143 38 80
143 38 80
143 38 80
143 38 80
143 38 80
143 38 80
143 38 80
143 38 80
143 38 80
143 38 80
143 38 80
143 38 80
143 38 80
143 38 80
143 38 80
142 38 80
142 38 80
142 38 80
142 38 80
142 38 80
142 38 80
142 38 80
142 38 80
142 38 80
142 38 80
142 38 80
142 38 80
142 38 80
142 38 80
142 38 80
142 38 80
142 38 80
142 38 80
142 38 80
142 38 80
142 38 80
142 38 80
142 38 80
142 38 80
142 38 80
142 38 80
142 38 80
142 38 80
142 38 80
142 38 80
142 38 80
142 38 80
142 38 80
142 38 80
142 38 80
142 38 80
142 38 80
142 38 80
142 38 80
142 38 80
141 38 80
141 38 80
141 38 80
141 38 80
141 38 80
141 38 80
141 38 80
141 38 80
141 38 80
141 38 80
141 38 80
141 38 80
141 38 80
141 38 80
141 38 80
141 38 80
141 38 80
141 38 80
141 38 80
141 38 80
141 38 80
141 38 80
141 38 80
141 38 80
141 38 80
141 38 80
141 38 80
141 38 80
141 38 80
141 38 80
141 38 80
141 38 80
141 38 80
141 38 80
141 38 80
141 38 80
141 38 80
141 38 80
141 38 80
141 38 80
141 38 80
140 38 80
140 38 80
140 38 80
140 38 80
140 38 80
140 38 80
140 38 80
140 38 80
140 38 80
140 38 80
140 38 80
140 38 80
140 38 80
140 38 80
140 38 80
140 38 80
140 38 80
140 38 80
140 38 80
140 38 80
140 38 80
140 38 80
140 38 80
140 38 80
140 38 80
140 38 80
140 38 80
140 38 80
140 38 80
140 38 80
140 38 80
140 38 80
140 38 80
140 38 80
140 38 80
140 38 80
140 38 80
140 38 80
140 38 80
140 38 80
140 38 80
139 38 80
139 38 80
139 38 80
139 38 80
139 38 80
139 38 80
139 38 80
139 38 80
139 38 80
139 38 80
139 38 80
139 38 80
139 38 80
139 38 80
139 38 80
139 38 80
139 38 80
139 38 80
139 38 80
139 38 80
139 38 80
139 38 80
139 38 80
139 38 80
139 38 80
139 38 80
139 38 80
139 38 80
139 38 80
139 38 80
139 38 80
139 38 80
139 38 80
139 38 80
139 38 80
139 38 80
139 38 80
139 38 80
139 38 80
139 38 80
138 38 80
138 38 80
138 38 80
138 38 80
138 38 80
138 38 80
138 38 80
138 38 80
138 38 80
138 38 80
138 38 80
138 38 80
138 38 80
138 38 80
138 38 80
138 38 80
138 38 80
138 38 80
138 38 80
138 38 80
138 38 80
138 38 80
138 38 80
138 38 80
138 38 80
138 38 80
138 38 80
138 38 80
138 38 80
138 38 80
138 38 80
138 38 80
138 38 80
138 38 80
138 38 80
138 38 80
138 38 80
138 38 80
137 38 80
137 38 80
137 38 80
137 38 80
137 38 80
137 38 80
137 38 80
137 38 80
137 38 80
137 38 80
137 38 80
137 38 80
137 38 80
137 38 80
137 38 80
137 38 80
137 38 80
137 38 80
137 38 80
137 38 80
137 38 80
137 38 80
137 38 80
137 38 80
137 38 80
137 38 80
137 38 80
137 38 80
137 38 80
137 38 80
137 38 80
137 38 80
137 38 80
137 38 80
137 38 80
137 38 80
136 38 80
136 38 80
136 38 80
136 38 80
136 38 80
136 38 80
136 38 80
136 38 80
136 38 80
136 38 80
136 38 80
136 38 80
136 38 80
136 38 80
136 38 80
136 38 80
136 38 80
136 38 80
136 38 80
136 38 80
136 38 80
136 38 80
136 38 80
136 38 80
136 38 80
136 38 80
136 38 80
136 38 80
136 38 80
136 38 80
136 38 80
136 38 80
136 38 80
136 38 80
135 38 80
135 38 80
135 38 80
135 38 80
135 38 80
135 38 80
135 38 80
135 38 80
135 38 80
135 38 80
135 38 80
135 38 80
135 38 80
135 38 80
135 38 80
135 38 80
135 38 80
135 38 80
135 38 80
135 38 80
135 38 80
135 38 80
135 38 80
135 38 80
135 38 80
135 38 80
135 38 80
135 38 80
135 38 80
135 38 80
135 38 80
135 38 80
134 38 80
134 38 80
134 38 80
134 38 80
134 38 80
134 38 80
134 38 80
134 38 80
134 38 80
134 38 80
134 38 80
134 38 80
134 38 80
134 38 80
134 38 80
134 38 80
134 38 80
134 38 80
134 38 80
134 38 80
134 38 80
134 38 80
134 38 80
134 38 80
134 38 80
134 38 80
134 38 80
134 38 80
134 38 80
134 38 80
134 37 2320
134 36 80
134 36 80
134 36 80
134 36 80
134 36 80
134 36 80
134 36 80
134 36 80
134 36 80
134 36 80
134 36 80
134 36 80
134 36 80
134 36 80
134 36 80
134 36 80
134 36 80
134 36 80
134 36 80
134 36 80
134 36 80
134 36 80
134 36 80
134 35 80
134 35 80
134 35 80
134 35 80
134 35 80
134 35 80
134 35 80
134 35 80
134 35 80
134 35 80
134 35 80
134 35 80
134 35 80
134 35 80
134 35 80
134 35 80
134 35 80
134 35 80
134 35 80
134 35 80
134 34 80
134 34 80
134 34 80
134 34 80
134 34 80
134 34 80
134 34 80
134 34 80
134 34 80
134 34 80
134 34 80
134 34 80
134 34 80
134 34 80
134 34 80
134 34 80
134 34 80
134 34 80
134 33 80
134 33 80
134 33 80
134 33 80
134 33 80
134 33 80
134 33 80
134 33 80
134 33 80
134 33 80
134 33 80
134 33 80
134 33 80
134 33 80
134 33 80
134 33 80
134 32 80
134 32 80
134 32 80
134 32 80
134 32 80
134 32 80
134 32 80
134 32 80
134 32 80
134 32 80
134 32 80
134 32 80
134 32 80
134 32 80
134 32 80
134 31 80
134 31 80
134 31 80
134 31 80
134 31 80
134 31 80
134 31 80
134 31 80
134 31 80
134 31 80
134 31 80
134 31 80
134 31 80
134 31 80
134 31 80
134 30 80
134 30 80
134 30 80
134 30 80
134 30 80
134 30 80
134 30 80
134 30 80
134 30 80
134 30 80
134 30 80
134 30 80
134 30 80
134 30 80
134 29 80
134 29 80
134 29 80
134 29 80
134 29 80
134 29 80
134 29 80
134 29 80
134 29 80
134 29 80
134 29 80
134 29 80
134 29 80
134 29 80
134 28 80
134 28 80
134 28 80
134 28 80
134 28 80
134 28 80
134 28 80
134 28 80
134 28 80
134 28 80
134 28 80
134 28 80
134 28 80
134 28 80
134 27 80
134 27 80
134 27 80
134 27 80
134 27 80
134 27 80
134 27 80
134 27 80
134 27 80
134 27 80
134 27 80
134 27 80
134 27 80
134 26 80
134 26 80
134 26 80
134 26 80
134 26 80
134 26 80
134 26 80
134 26 80
134 26 80
134 26 80
134 26 80
134 26 80
134 25 80
134 25 80
134 25 80
134 25 80
134 25 80
134 25 80
134 25 80
134 25 80
134 25 80
134 25 80
134 25 80
134 24 80
134 24 80
134 24 80
134 24 80
134 24 80
134 24 80
134 24 80
134 24 80
134 23 80
134 23 80
134 23 80
134 23 80
134 23 80
134 23 80
134 22 80
134 22 80
134 22 80
134 22 80
134 22 80
134 21 80
134 21 80
134 21 80
134 20 80
134 20 80
134 19 80
134 19 80
134 18 80
134 17 80
134 16 80
134 15 80
134 14 80
134 13 80
134 12 80
134 11 80
134 10 80
134 9 80
134 8 80
134 7 80
134 6 80
134 5 80
134 4 80
134 3 80
20 178 80
21 178 80
22 178 80
23 178 80
24 178 80
25 178 80
26 178 80
27 178 80
28 178 80
29 178 80
30 178 80
31 178 80
32 178 80
33 178 80
34 178 80
35 178 80
36 178 80
37 178 80
38 178 80
39 178 80
40 178 80
41 178 80
42 178 80
43 178 80
44 178 80
45 178 80
45 178 80
46 178 80
46 178 80
47 178 80
47 178 80
47 178 80
48 178 80
48 178 80
48 178 80
48 178 80
49 178 80
49 178 80
49 178 80
49 178 80
49 178 80
50 178 80
50 178 80
50 178 80
50 178 80
50 178 80
50 178 80
51 178 80
51 178 80
51 178 80
51 178 80
51 178 80
51 178 80
52 178 80
52 178 80
52 178 80
52 178 80
52 178 80
52 178 80
52 178 80
53 178 80
53 178 80
53 178 80
53 178 80
53 178 80
53 178 80
53 178 80
54 178 80
54 178 80
54 178 80
54 178 80
54 178 80
54 178 80
54 178 80
55 178 80
55 178 80
55 178 80
55 178 80
55 178 80
55 178 80
55 178 80
56 178 80
56 178 80
56 178 80
56 178 80
56 178 80
56 178 80
56 178 80
57 178 80
57 178 80
57 178 80
57 178 80
57 178 80
57 178 80
57 178 80
58 178 80
58 178 80
58 178 80
58 178 80
58 178 80
58 178 80
58 178 80
59 178 80
59 178 80
59 178 80
59 178 80
59 178 80
59 178 80
59 178 80
59 178 80
60 178 80
60 178 80
60 178 80
60 178 80
60 178 80
60 178 80
60 178 80
60 178 80
60 178 80
61 178 80
61 178 80
61 178 80
61 178 80
61 178 80
61 178 80
61 178 80
61 178 80
61 178 80
61 178 80
61 178 80
62 178 80
62 178 80
62 178 80
62 178 80
62 178 80
62 178 80
62 178 80
62 178 80
62 178 80
62 178 80
62 178 80
62 178 80
62 178 80
62 178 80
63 178 80
63 178 80
63 178 80
63 178 80
63 178 80
63 178 80
63 178 80
63 178 80
63 178 80
63 178 80
63 178 80
63 178 80
63 178 80
63 178 80
63 178 80
63 178 80
64 178 80
64 178 80
64 178 80
64 178 80
64 178 80
64 178 80
64 178 80
64 178 80
64 178 80
64 178 80
64 178 80
64 178 80
64 178 80
64 178 80
64 178 80
64 178 80
64 178 80
64 178 80
65 178 80
65 178 80
65 178 80
65 178 80
65 178 80
65 178 80
65 178 80
65 178 80
65 178 80
65 178 80
65 178 80
65 178 80
65 178 80
65 178 80
65 178 80
65 178 80
65 178 80
65 178 80
65 178 80
65 178 80
66 178 80
66 178 80
66 178 80
66 178 80
66 178 80
66 178 80
66 178 80
66 178 80
66 178 80
66 178 80
66 178 80
66 178 80
66 178 80
66 178 80
66 178 80
66 178 80
66 178 80
66 178 80
66 178 80
66 178 80
66 178 80
67 178 80
67 178 80
67 178 80
67 178 80
67 178 80
67 178 80
67 178 80
67 178 80
67 178 80
67 178 80
67 178 80
67 178 80
67 178 80
67 178 80
67 178 80
67 178 80
67 178 80
67 178 80
67 178 80
67 178 80
67 178 80
68 178 80
68 178 80
68 178 80
68 178 80
68 178 80
68 178 80
68 178 80
68 178 80
68 178 80
68 178 80
68 178 80
68 178 80
68 178 80
68 178 80
68 178 80
68 178 80
68 178 80
68 178 80
68 178 80
68 178 80
69 178 80
69 178 80
69 178 80
69 178 80
69 178 80
69 178 80
69 178 80
69 178 80
69 178 80
69 178 80
69 178 80
69 178 80
69 178 80
69 178 80
69 178 80
69 178 80
69 178 80
69 178 80
69 178 80
69 178 80
70 178 80
70 178 80
70 178 80
70 178 80
70 178 80
70 178 80
70 178 80
70 178 80
70 178 80
70 178 80
70 178 80
70 178 80
70 178 80
70 178 80
70 178 80
70 178 80
70 178 80
70 178 80
70 178 80
70 178 80
71 178 80
71 178 80
71 178 80
71 178 80
71 178 80
71 178 80
71 178 80
71 178 80
71 178 80
71 178 80
71 178 80
71 178 80
71 178 80
71 178 80
71 178 80
71 178 80
71 178 80
71 178 80
71 178 80
71 178 80
71 178 80
72 178 80
72 178 80
72 178 80
72 178 80
72 178 80
72 178 80
72 178 80
72 178 80
72 178 80
72 178 80
72 178 80
72 178 80
72 178 80
72 178 80
72 178 80
72 178 80
72 178 80
72 178 80
72 178 80
72 178 80
72 178 80
72 178 80
73 178 80
73 178 80
73 178 80
73 178 80
73 178 80
73 178 80
73 178 80
73 178 80
73 178 80
73 178 80
73 178 80
73 178 80
73 178 80
73 178 80
73 178 80
73 178 80
73 178 80
73 178 80
73 178 80
73 178 80
73 178 80
73 178 80
73 178 80
73 178 80
74 178 80
74 178 80
74 178 80
74 178 80
74 178 80
74 178 80
74 178 80
74 178 80
74 178 80
74 178 80
74 178 80
74 178 80
74 178 80
74 178 80
74 178 80
74 178 80
74 178 80
74 178 80
74 178 80
74 178 80
74 178 80
74 178 80
74 178 80
74 178 80
74 178 80
75 178 80
75 178 80
75 178 80
75 178 80
75 178 80
75 178 80
75 178 80
75 178 80
75 178 80
75 178 80
75 178 80
75 178 80
75 178 80
75 178 80
75 178 80
75 178 80
75 178 80
75 178 80
75 178 80
75 178 80
75 178 80
75 178 80
75 178 80
75 178 80
75 178 80
75 178 80
76 178 80
76 178 80
76 178 80
76 178 80
76 178 80
76 178 80
76 178 80
76 178 80
76 178 80
76 178 80
76 178 80
76 178 80
76 178 80
76 178 80
76 178 80
76 178 80
76 178 80
76 178 80
76 178 80
76 178 80
76 178 80
76 178 80
76 178 80
76 178 80
76 178 80
76 178 80
77 178 80
77 178 80
77 178 80
77 178 80
77 178 80
77 178 80
77 178 80
77 178 80
77 178 80
77 178 80
77 178 80
77 178 80
77 178 80
77 178 80
77 178 80
77 178 80
77 178 80
77 178 80
77 178 80
77 178 80
77 178 80
77 178 80
77 178 80
77 178 80
77 178 80
78 178 80
78 178 80
78 178 80
78 178 80
78 178 80
78 178 80
78 178 80
78 178 80
78 178 80
78 178 80
78 178 80
78 178 80
78 178 80
78 178 80
78 178 80
78 178 80
78 178 80
78 178 80
78 178 80
78 178 80
78 178 80
78 178 80
78 178 80
79 178 80
79 178 80
79 178 80
79 178 80
79 178 80
79 178 80
79 178 80
79 178 80
79 178 80
79 178 80
79 178 80
79 178 80
79 178 80
79 178 80
79 178 80
79 178 80
79 178 80
79 178 80
79 178 80
79 178 80
79 178 80
80 178 80
80 178 80
80 178 80
80 178 80
80 178 80
80 178 80
80 178 80
80 178 80
80 178 80
80 178 80
80 178 80
80 178 80
80 178 80
80 178 80
80 178 80
80 178 80
80 178 80
80 178 80
80 178 80
81 178 80
81 178 80
81 178 80
81 178 80
81 178 80
81 178 80
81 178 80
81 178 80
81 178 80
81 178 80
81 178 80
81 178 80
81 178 80
81 178 80
81 178 80
81 178 80
81 178 80
82 178 80
82 178 80
82 178 80
82 178 80
82 178 80
82 178 80
82 178 80
82 178 80
82 178 80
82 178 80
82 178 80
82 178 80
82 178 80
82 178 80
82 178 80
82 178 80
83 178 80
83 178 80
83 178 80
83 178 80
83 178 80
83 178 80
83 178 80
83 178 80
83 178 80
83 178 80
83 178 80
83 178 80
83 178 80
83 178 80
83 178 80
84 178 80
84 178 80
84 178 80
84 178 80
84 178 80
84 178 80
84 178 80
84 178 80
84 178 80
84 178 80
84 178 80
84 178 80
84 178 80
84 178 80
84 178 80
85 178 80
85 178 80
85 178 80
85 178 80
85 178 80
85 178 80
85 178 80
85 178 80
85 178 80
85 178 80
85 178 80
85 178 80
85 178 80
85 178 80
85 178 80
86 178 80
86 178 80
86 178 80
86 178 80
86 178 80
86 178 80
86 178 80
86 178 80
86 178 80
86 178 80
86 178 80
86 178 80
86 178 80
86 178 80
87 178 80
87 178 80
87 178 80
87 178 80
87 178 80
87 178 80
87 178 80
87 178 80
87 178 80
87 178 80
87 178 80
87 178 80
87 178 80
88 178 80
88 178 80
88 178 80
88 178 80
88 178 80
88 178 80
88 178 80
88 178 80
88 178 80
88 178 80
88 178 80
89 178 80
89 178 80
89 178 80
89 178 80
89 178 80
89 178 80
89 178 80
89 178 80
89 178 80
89 178 80
90 178 80
90 178 80
90 178 80
90 178 80
90 178 80
90 178 80
90 178 80
90 178 80
91 178 80
91 178 80
91 178 80
91 178 80
91 178 80
91 178 80
92 178 80
92 178 80
92 178 80
92 178 80
92 178 80
92 179 320
92 180 80
92 180 80
92 180 80
92 181 80
92 181 80
92 181 80
92 182 80
92 182 80
92 182 80
92 183 80
92 183 80
92 183 80
92 184 80
92 184 80
92 184 80
92 185 80
92 185 80
92 185 80
92 186 80
92 186 80
92 186 80
92 187 80
92 187 80
92 187 80
92 188 80
92 188 80
92 189 80
92 189 80
92 190 80
92 190 80
92 191 80
92 192 80
92 193 80
92 194 80
92 195 80
92 196 80
92 197 80
92 198 80
