91 123 120
90 123 120
89 123 120
88 123 120
87 123 120
86 123 120
85 123 120
84 123 120
83 123 120
82 123 120
81 123 120
80 123 120
79 123 120
78 123 120
77 123 120
76 123 120
75 123 120
74 123 120
73 123 120
72 123 120
71 123 120
70 123 120
69 123 120
69 123 120
68 123 120
68 123 120
68 123 120
67 123 240
67 123 120
67 123 120
67 123 120
66 123 480
66 123 120
66 123 120
66 123 120
66 123 120
65 123 840
65 123 120
65 123 120
65 123 120
65 123 120
64 123 1200
64 123 120
64 123 120
64 123 120
64 123 120
63 123 1560
63 123 120
63 123 120
63 123 120
63 123 120
62 123 1920
62 123 120
62 123 120
62 123 120
61 123 2160
61 123 120
61 123 120
61 123 120
60 123 2400
60 123 120
60 123 120
59 123 2520
58 123 2520
57 123 2520
56 123 120
56 123 120
56 123 120
56 123 120
56 123 120
56 123 120
56 123 120
56 123 120
56 123 120
56 123 120
56 123 120
56 123 120
56 123 120
55 123 1440
54 123 1440
53 123 1440
52 123 120
52 123 120
52 123 120
52 123 120
52 123 120
52 123 120
52 123 120
51 123 720
50 123 720
49 123 720
48 123 120
48 123 120
48 123 120
48 123 120
47 123 360
46 123 360
45 123 360
44 123 120
43 123 120
42 123 120
41 123 120
40 123 120
39 123 120
38 123 120
37 123 120
36 123 120
35 123 120
34 123 120
33 123 120
32 123 120
31 123 120
30 123 120
29 123 120
28 123 120
27 123 120
26 123 120
25 123 120
24 123 120
23 123 120
22 123 120
21 123 120
20 123 120
19 123 120
18 123 120
17 123 120
17 124 120
17 125 120
17 126 120
17 127 120
17 128 120
17 129 120
17 130 120
17 131 120
17 132 120
17 133 120
17 134 120
17 135 120
17 136 120
17 137 120
133 199 120
134 199 120
135 199 120
136 199 120
137 199 120
138 199 120
139 199 120
140 199 120
140 199 120
141 199 120
141 199 120
142 199 120
142 199 120
143 199 120
143 199 120
144 199 120
144 199 120
144 199 120
145 199 240
145 199 120
146 199 240
146 199 120
147 199 240
147 199 120
148 199 240
148 199 120
148 199 120
149 199 360
149 199 120
149 199 120
149 199 120
150 199 600
150 199 120
150 199 120
150 199 120
150 199 120
151 199 960
151 199 120
151 199 120
151 199 120
151 199 120
151 199 120
152 199 1440
152 199 120
152 199 120
152 199 120
152 199 120
152 199 120
152 199 120
153 199 2040
153 199 120
153 199 120
153 199 120
153 199 120
153 199 120
153 199 120
154 199 2640
154 199 120
154 199 120
154 199 120
154 199 120
154 199 120
154 199 120
154 199 120
155 199 3360
155 199 120
155 199 120
155 199 120
155 199 120
155 199 120
155 199 120
156 199 3960
156 199 120
156 199 120
156 199 120
156 199 120
156 199 120
157 199 4440
157 199 120
157 199 120
157 199 120
158 199 4680
158 199 120
158 199 120
158 199 120
159 199 4920
159 199 120
160 199 4920
161 199 4920
162 199 4920
163 199 120
163 199 120
163 199 120
163 199 120
163 199 120
163 199 120
163 199 120
163 199 120
163 199 120
163 199 120
163 199 120
163 199 120
163 199 120
163 199 120
163 199 120
163 199 120
163 199 120
163 199 120
163 199 120
163 199 120
163 199 120
163 199 120
163 199 120
163 199 120
163 199 120
163 199 120
163 199 120
163 199 120
163 199 120
163 199 120
163 199 120
163 199 120
163 199 120
163 199 120
163 199 120
163 199 120
163 199 120
164 199 4320
165 199 4320
166 199 4320
166 199 120
167 199 4320
167 199 120
167 199 120
168 199 4440
168 199 120
168 199 120
169 199 4560
169 199 120
169 199 120
170 199 4680
170 199 120
171 199 4680
172 199 4680
173 199 4680
174 199 120
174 199 120
174 199 120
174 199 120
174 199 120
174 199 120
174 199 120
174 199 120
174 199 120
174 199 120
174 199 120
174 199 120
174 199 120
174 199 120
174 199 120
174 199 120
174 199 120
174 199 120
174 199 120
174 199 120
174 199 120
174 199 120
174 199 120
174 199 120
174 199 120
174 199 120
174 199 120
174 199 120
174 199 120
174 199 120
175 199 3480
176 199 3480
177 199 3480
178 199 120
178 199 120
178 199 120
178 199 120
178 199 120
178 199 120
178 199 120
178 199 120
178 199 120
178 199 120
178 199 120
178 199 120
178 199 120
178 199 120
178 199 120
178 199 120
178 199 120
178 199 120
178 199 120
178 199 120
178 199 120
178 199 120
179 199 2520
180 199 2520
181 199 2520
182 199 120
182 199 120
182 199 120
182 199 120
182 199 120
182 199 120
182 199 120
182 199 120
182 199 120
182 199 120
182 199 120
182 199 120
182 199 120
182 199 120
183 199 1560
184 199 1560
185 199 1560
185 198 120
185 198 120
185 198 120
185 198 120
185 198 120
185 197 480
185 196 480
185 195 480
185 194 120
185 193 120
185 192 120
185 191 120
185 190 120
185 189 120
185 188 120
185 187 120
185 186 120
185 185 120
185 184 120
185 183 120
185 182 120
185 181 120
185 180 120
185 179 120
185 178 120
176 68 120
177 68 120
178 68 120
179 68 120
180 68 120
181 68 120
182 68 120
183 68 120
184 68 120
185 68 120
185 69 120
185 70 120
185 71 120
185 72 120
185 73 120
185 74 120
185 74 120
185 75 120
185 75 120
185 76 120
185 76 120
185 76 120
185 77 240
185 77 120
185 77 120
185 78 360
185 78 120
185 78 120
185 78 120
185 79 600
185 79 120
185 79 120
185 79 120
185 80 840
185 80 120
185 80 120
185 80 120
185 80 120
185 81 1200
185 81 120
185 81 120
185 81 120
185 82 1440
185 82 120
185 82 120
185 82 120
185 83 1680
185 83 120
185 83 120
185 83 120
185 84 1920
185 84 120
185 85 1920
185 85 120
185 86 1920
185 87 1920
185 88 1920
185 89 120
185 89 120
185 89 120
185 89 120
185 89 120
185 89 120
185 89 120
185 89 120
185 89 120
185 89 120
185 89 120
185 89 120
185 89 120
185 89 120
185 89 120
185 89 120
185 90 1800
185 90 120
185 91 1800
185 91 120
185 92 1800
185 92 120
185 92 120
185 93 1920
185 93 120
185 93 120
185 94 2040
185 94 120
185 94 120
185 95 2160
185 95 120
185 95 120
185 95 120
185 95 120
185 96 2520
185 96 120
185 96 120
185 96 120
185 97 2760
185 97 120
185 97 120
185 97 120
185 98 3000
185 98 120
185 98 120
185 99 3120
185 99 120
185 99 120
185 100 3240
185 100 120
185 101 3240
185 101 120
185 102 3240
185 103 3240
185 104 3240
185 105 120
185 105 120
185 105 120
185 105 120
185 105 120
185 105 120
185 105 120
185 105 120
185 105 120
185 105 120
185 105 120
185 105 120
185 105 120
185 105 120
185 105 120
185 105 120
185 105 120
185 105 120
185 105 120
185 106 2160
185 107 2160
185 108 2160
185 109 120
185 109 120
185 109 120
185 109 120
185 109 120
185 110 480
185 111 480
185 112 480
185 113 120
185 114 120
185 115 120
185 116 120
185 117 120
185 118 120
185 119 120
185 120 120
185 121 120
185 122 120
185 123 120
185 124 120
185 125 120
185 126 120
185 127 120
185 128 120
185 129 120
185 130 120
185 131 120
185 132 120
185 133 120
185 134 120
185 135 120
185 136 120
185 137 120
185 138 120
185 139 120
185 140 120
185 141 120
185 142 120
185 143 120
185 143 120
185 144 120
185 144 120
185 144 120
185 144 120
185 145 360
185 145 120
185 145 120
185 145 120
185 146 600
185 146 120
185 146 120
185 147 720
185 147 120
185 147 120
185 147 120
185 148 960
185 148 120
185 148 120
185 149 1080
185 149 120
185 149 120
185 150 1200
185 150 120
185 150 120
185 151 1320
185 151 120
185 151 120
185 152 1440
185 152 120
185 152 120
185 152 120
185 153 1680
185 153 120
185 153 120
185 153 120
185 154 1920
185 154 120
185 154 120
185 154 120
185 155 2160
185 155 120
185 155 120
185 155 120
185 156 2400
185 156 120
185 156 120
185 157 2520
185 157 120
185 158 2520
185 159 2520
185 160 2520
185 161 120
185 161 120
185 161 120
185 161 120
185 161 120
185 161 120
185 161 120
185 161 120
185 161 120
185 161 120
185 161 120
185 161 120
185 162 1320
185 163 1320
185 164 1320
185 165 120
185 165 120
185 165 120
185 166 240
185 167 240
185 168 240
185 169 120
185 170 120
185 171 120
185 172 120
185 173 120
185 174 120
185 175 120
185 176 120
185 177 120
