19 22 25
20 22 25
21 22 25
21 22 25
22 22 25
22 22 25
23 22 25
23 22 25
23 22 25
23 22 25
24 22 25
24 22 25
24 22 25
24 22 25
24 22 25
24 22 25
25 22 25
25 22 25
25 22 25
25 22 25
25 22 25
25 22 25
25 22 25
25 22 25
25 22 25
25 22 25
26 22 25
26 22 25
26 22 25
26 22 25
26 22 25
26 22 25
26 22 25
26 22 25
26 22 25
26 22 25
26 22 25
26 22 25
26 22 25
26 22 25
26 22 25
26 22 25
27 22 25
27 22 25
27 22 25
27 22 25
27 22 25
27 22 25
27 22 25
27 22 25
27 22 25
27 22 25
27 22 25
27 22 25
27 22 25
27 22 25
27 22 25
27 22 25
27 22 25
27 22 25
27 22 25
27 22 25
27 22 25
27 22 25
27 22 25
28 22 25
28 22 25
28 22 25
28 22 25
28 22 25
28 22 25
28 22 25
28 22 25
28 22 25
28 22 25
28 22 25
28 22 25
28 22 25
28 22 25
28 22 25
28 22 25
28 22 25
28 22 25
28 22 25
28 22 25
28 22 25
28 22 25
28 22 25
28 22 25
28 22 25
28 22 25
28 22 25
28 22 25
28 22 25
28 22 25
28 22 25
29 22 25
29 22 25
29 22 25
29 22 25
29 22 25
29 22 25
29 22 25
29 22 25
29 22 25
29 22 25
29 22 25
29 22 25
29 22 25
29 22 25
29 22 25
29 22 25
29 22 25
29 22 25
29 22 25
29 22 25
29 22 25
29 22 25
29 22 25
29 22 25
29 22 25
29 22 25
29 22 25
29 22 25
29 22 25
29 22 25
29 22 25
29 22 25
29 22 25
29 22 25
29 22 25
29 22 25
29 22 25
29 22 25
29 22 25
30 22 25
30 22 25
30 22 25
30 22 25
30 22 25
30 22 25
30 22 25
30 22 25
30 22 25
30 22 25
30 22 25
30 22 25
30 22 25
30 22 25
30 22 25
30 22 25
30 22 25
30 22 25
30 22 25
30 22 25
30 22 25
30 22 25
30 22 25
30 22 25
30 22 25
30 22 25
30 22 25
30 22 25
30 22 25
30 22 25
30 22 25
30 22 25
30 22 25
30 22 25
30 22 25
30 22 25
30 22 25
30 22 25
30 22 25
30 22 25
30 22 25
30 22 25
30 22 25
30 22 25
30 22 25
30 22 25
30 22 25
30 22 25
31 22 25
31 22 25
31 22 25
31 22 25
31 22 25
31 22 25
31 22 25
31 22 25
31 22 25
31 22 25
31 22 25
31 22 25
31 22 25
31 22 25
31 22 25
31 22 25
31 22 25
31 22 25
31 22 25
31 22 25
31 22 25
31 22 25
31 22 25
31 22 25
31 22 25
31 22 25
31 22 25
31 22 25
31 22 25
31 22 25
31 22 25
31 22 25
31 22 25
31 22 25
31 22 25
31 22 25
31 22 25
31 22 25
31 22 25
31 22 25
31 22 25
31 22 25
31 22 25
31 22 25
31 22 25
31 22 25
31 22 25
31 22 25
31 22 25
31 22 25
31 22 25
31 22 25
31 22 25
31 22 25
31 22 25
31 22 25
31 22 25
32 22 25
32 22 25
32 22 25
32 22 25
32 22 25
32 22 25
32 22 25
32 22 25
32 22 25
32 22 25
32 22 25
32 22 25
32 22 25
32 22 25
32 22 25
32 22 25
32 22 25
32 22 25
32 22 25
32 22 25
32 22 25
32 22 25
32 22 25
32 22 25
32 22 25
32 22 25
32 22 25
32 22 25
32 22 25
32 22 25
32 22 25
32 22 25
32 22 25
32 22 25
32 22 25
32 22 25
32 22 25
32 22 25
32 22 25
32 22 25
32 22 25
32 22 25
32 22 25
32 22 25
32 22 25
32 22 25
32 22 25
32 22 25
32 22 25
32 22 25
32 22 25
32 22 25
32 22 25
32 22 25
32 22 25
32 22 25
32 22 25
32 22 25
32 22 25
32 22 25
32 22 25
32 22 25
32 22 25
32 22 25
32 22 25
33 22 25
33 22 25
33 22 25
33 22 25
33 22 25
33 22 25
33 22 25
33 22 25
33 22 25
33 22 25
33 22 25
33 22 25
33 22 25
33 22 25
33 22 25
33 22 25
33 22 25
33 22 25
33 22 25
33 22 25
33 22 25
33 22 25
33 22 25
33 22 25
33 22 25
33 22 25
33 22 25
33 22 25
33 22 25
33 22 25
33 22 25
33 22 25
33 22 25
33 22 25
33 22 25
33 22 25
33 22 25
33 22 25
33 22 25
33 22 25
33 22 25
33 22 25
33 22 25
33 22 25
33 22 25
33 22 25
33 22 25
33 22 25
33 22 25
33 22 25
33 22 25
33 22 25
33 22 25
33 22 25
33 22 25
33 22 25
33 22 25
33 22 25
33 22 25
33 22 25
33 22 25
33 22 25
33 22 25
33 22 25
33 22 25
33 22 25
33 22 25
33 22 25
33 22 25
33 22 25
33 22 25
33 22 25
33 22 25
34 22 25
34 22 25
34 22 25
34 22 25
34 22 25
34 22 25
34 22 25
34 22 25
34 22 25
34 22 25
34 22 25
34 22 25
34 22 25
34 22 25
34 22 25
34 22 25
34 22 25
34 22 25
34 22 25
34 22 25
34 22 25
34 22 25
34 22 25
34 22 25
34 22 25
34 22 25
34 22 25
34 22 25
34 22 25
34 22 25
34 22 25
34 22 25
34 22 25
34 22 25
34 22 25
34 22 25
34 22 25
34 22 25
34 22 25
34 22 25
34 22 25
34 22 25
34 22 25
34 22 25
34 22 25
34 22 25
34 22 25
34 22 25
34 22 25
34 22 25
34 22 25
34 22 25
34 22 25
34 22 25
34 22 25
34 22 25
34 22 25
34 22 25
34 22 25
34 22 25
34 22 25
34 22 25
34 22 25
34 22 25
34 22 25
34 22 25
34 22 25
34 22 25
34 22 25
34 22 25
34 22 25
34 22 25
34 22 25
34 22 25
34 22 25
34 22 25
34 22 25
34 22 25
34 22 25
34 22 25
34 22 25
35 22 25
35 22 25
35 22 25
35 22 25
35 22 25
35 22 25
35 22 25
35 22 25
35 22 25
35 22 25
35 22 25
35 22 25
35 22 25
35 22 25
35 22 25
35 22 25
35 22 25
35 22 25
35 22 25
35 22 25
35 22 25
35 22 25
35 22 25
35 22 25
35 22 25
35 22 25
35 22 25
35 22 25
35 22 25
35 22 25
35 22 25
35 22 25
35 22 25
35 22 25
35 22 25
35 22 25
35 22 25
35 22 25
35 22 25
35 22 25
35 22 25
35 22 25
35 22 25
35 22 25
35 22 25
35 22 25
35 22 25
35 22 25
35 22 25
35 22 25
35 22 25
35 22 25
35 22 25
35 22 25
35 22 25
35 22 25
35 22 25
35 22 25
35 22 25
35 22 25
35 22 25
35 22 25
35 22 25
35 22 25
35 22 25
35 22 25
35 22 25
35 22 25
35 22 25
35 22 25
35 22 25
35 22 25
35 22 25
35 22 25
35 22 25
35 22 25
35 22 25
35 22 25
35 22 25
35 22 25
35 22 25
35 22 25
35 22 25
35 22 25
35 22 25
35 22 25
35 22 25
35 22 25
36 22 25
36 22 25
36 22 25
36 22 25
36 22 25
36 22 25
36 22 25
36 22 25
36 22 25
36 22 25
36 22 25
36 22 25
36 22 25
36 22 25
36 22 25
36 22 25
36 22 25
36 22 25
36 22 25
36 22 25
36 22 25
36 22 25
36 22 25
36 22 25
36 22 25
36 22 25
36 22 25
36 22 25
36 22 25
36 22 25
36 22 25
36 22 25
36 22 25
36 22 25
36 22 25
36 22 25
36 22 25
36 22 25
36 22 25
36 22 25
36 22 25
36 22 25
36 22 25
36 22 25
36 22 25
36 22 25
36 22 25
36 22 25
36 22 25
36 22 25
36 22 25
36 22 25
36 22 25
36 22 25
36 22 25
36 22 25
36 22 25
36 22 25
36 22 25
36 22 25
36 22 25
36 22 25
36 22 25
36 22 25
36 22 25
36 22 25
36 22 25
36 22 25
36 22 25
36 22 25
36 22 25
36 22 25
36 22 25
36 22 25
36 22 25
36 22 25
36 22 25
36 22 25
36 22 25
36 22 25
36 22 25
36 22 25
36 22 25
36 22 25
36 22 25
36 22 25
36 22 25
36 22 25
36 22 25
36 22 25
36 22 25
36 22 25
36 22 25
36 22 25
36 22 25
37 22 25
37 22 25
37 22 25
37 22 25
37 22 25
37 22 25
37 22 25
37 22 25
37 22 25
37 22 25
37 22 25
37 22 25
37 22 25
37 22 25
37 22 25
37 22 25
37 22 25
37 22 25
37 22 25
37 22 25
37 22 25
37 22 25
37 22 25
37 22 25
37 22 25
37 22 25
37 22 25
37 22 25
37 22 25
37 22 25
37 22 25
37 22 25
37 22 25
37 22 25
37 22 25
37 22 25
37 22 25
37 22 25
37 22 25
37 22 25
37 22 25
37 22 25
37 22 25
37 22 25
37 22 25
37 22 25
37 22 25
37 22 25
37 22 25
37 22 25
37 22 25
37 22 25
37 22 25
37 22 25
37 22 25
37 22 25
37 22 25
37 22 25
37 22 25
37 22 25
37 22 25
37 22 25
37 22 25
37 22 25
37 22 25
37 22 25
37 22 25
37 22 25
37 22 25
37 22 25
37 22 25
37 22 25
37 22 25
37 22 25
37 22 25
37 22 25
37 22 25
37 22 25
37 22 25
37 22 25
37 22 25
37 22 25
37 22 25
37 22 25
37 22 25
37 22 25
37 22 25
37 22 25
37 22 25
37 22 25
37 22 25
37 22 25
37 22 25
37 22 25
37 22 25
37 22 25
37 22 25
37 22 25
37 22 25
37 22 25
37 22 25
38 22 25
38 22 25
38 22 25
38 22 25
38 22 25
38 22 25
38 22 25
38 22 25
38 22 25
38 22 25
38 22 25
38 22 25
38 22 25
38 22 25
38 22 25
38 22 25
38 22 25
38 22 25
38 22 25
38 22 25
38 22 25
38 22 25
38 22 25
38 22 25
38 22 25
38 22 25
38 22 25
38 22 25
38 22 25
38 22 25
38 22 25
38 22 25
38 22 25
38 22 25
38 22 25
38 22 25
38 22 25
38 22 25
38 22 25
38 22 25
38 22 25
38 22 25
38 22 25
38 22 25
38 22 25
38 22 25
38 22 25
38 22 25
38 22 25
38 22 25
38 22 25
38 22 25
38 22 25
38 22 25
38 22 25
38 22 25
38 22 25
38 22 25
38 22 25
38 22 25
38 22 25
38 22 25
38 22 25
38 22 25
38 22 25
38 22 25
38 22 25
38 22 25
38 22 25
38 22 25
38 22 25
38 22 25
38 22 25
38 22 25
38 22 25
38 22 25
38 22 25
38 22 25
38 22 25
38 22 25
38 22 25
38 22 25
38 22 25
38 22 25
38 22 25
38 22 25
38 22 25
38 22 25
38 22 25
38 22 25
38 22 25
38 22 25
38 22 25
38 22 25
38 22 25
38 22 25
38 22 25
38 22 25
38 22 25
38 22 25
38 22 25
38 22 25
38 22 25
38 22 25
38 22 25
38 22 25
39 22 25
39 22 25
39 22 25
39 22 25
39 22 25
39 22 25
39 22 25
39 22 25
39 22 25
39 22 25
39 22 25
39 22 25
39 22 25
39 22 25
39 22 25
39 22 25
39 22 25
39 22 25
39 22 25
39 22 25
39 22 25
39 22 25
39 22 25
39 22 25
39 22 25
39 22 25
39 22 25
39 22 25
39 22 25
39 22 25
39 22 25
39 22 25
39 22 25
39 22 25
39 22 25
39 22 25
39 22 25
39 22 25
39 22 25
39 22 25
39 22 25
39 22 25
39 22 25
39 22 25
39 22 25
39 22 25
39 22 25
39 22 25
39 22 25
39 22 25
39 22 25
39 22 25
39 22 25
39 22 25
39 22 25
39 22 25
39 22 25
39 22 25
39 22 25
39 22 25
39 22 25
39 22 25
39 22 25
39 22 25
39 22 25
39 22 25
39 22 25
39 22 25
39 22 25
39 22 25
39 22 25
39 22 25
39 22 25
39 22 25
39 22 25
39 22 25
39 22 25
39 22 25
39 22 25
39 22 25
39 22 25
39 22 25
39 22 25
39 22 25
39 22 25
39 22 25
39 22 25
39 22 25
39 22 25
39 22 25
39 22 25
39 22 25
39 22 25
39 22 25
39 22 25
39 22 25
39 22 25
39 22 25
39 22 25
39 22 25
39 22 25
39 22 25
39 22 25
39 22 25
39 22 25
39 22 25
39 22 25
39 22 25
39 22 25
40 22 25
40 22 25
40 22 25
40 22 25
40 22 25
40 22 25
40 22 25
40 22 25
40 22 25
40 22 25
40 22 25
40 22 25
40 22 25
40 22 25
40 22 25
40 22 25
40 22 25
40 22 25
40 22 25
40 22 25
40 22 25
40 22 25
40 22 25
40 22 25
40 22 25
40 22 25
40 22 25
40 22 25
40 22 25
40 22 25
40 22 25
40 22 25
40 22 25
40 22 25
40 22 25
40 22 25
40 22 25
40 22 25
40 22 25
40 22 25
40 22 25
40 22 25
40 22 25
40 22 25
40 22 25
40 22 25
40 22 25
40 22 25
40 22 25
40 22 25
40 22 25
40 22 25
40 22 25
40 22 25
40 22 25
40 22 25
40 22 25
40 22 25
40 22 25
40 22 25
40 22 25
40 22 25
40 22 25
40 22 25
40 22 25
40 22 25
40 22 25
40 22 25
40 22 25
40 22 25
40 22 25
40 22 25
40 22 25
40 22 25
40 22 25
40 22 25
40 22 25
40 22 25
40 22 25
40 22 25
40 22 25
40 22 25
40 22 25
40 22 25
40 22 25
40 22 25
40 22 25
40 22 25
40 22 25
40 22 25
40 22 25
40 22 25
40 22 25
40 22 25
40 22 25
40 22 25
40 22 25
40 22 25
40 22 25
40 22 25
40 22 25
40 22 25
40 22 25
40 22 25
40 22 25
40 22 25
40 22 25
40 22 25
40 22 25
40 22 25
40 22 25
41 22 25
41 22 25
41 22 25
41 22 25
41 22 25
41 22 25
41 22 25
41 22 25
41 22 25
41 22 25
41 22 25
41 22 25
41 22 25
41 22 25
41 22 25
41 22 25
41 22 25
41 22 25
41 22 25
41 22 25
41 22 25
41 22 25
41 22 25
41 22 25
41 22 25
41 22 25
41 22 25
41 22 25
41 22 25
41 22 25
41 22 25
41 22 25
41 22 25
41 22 25
41 22 25
41 22 25
41 22 25
41 22 25
41 22 25
41 22 25
41 22 25
41 22 25
41 22 25
41 22 25
41 22 25
41 22 25
41 22 25
41 22 25
41 22 25
41 22 25
41 22 25
41 22 25
41 22 25
41 22 25
41 22 25
41 22 25
41 22 25
41 22 25
41 22 25
41 22 25
41 22 25
41 22 25
41 22 25
41 22 25
41 22 25
41 22 25
41 22 25
41 22 25
41 22 25
41 22 25
41 22 25
41 22 25
41 22 25
41 22 25
41 22 25
41 22 25
41 22 25
41 22 25
41 22 25
41 22 25
41 22 25
41 22 25
41 22 25
41 22 25
41 22 25
41 22 25
41 22 25
41 22 25
41 22 25
41 22 25
41 22 25
41 22 25
41 22 25
41 22 25
41 22 25
41 22 25
41 22 25
41 22 25
41 22 25
41 22 25
41 22 25
41 22 25
41 22 25
41 22 25
41 22 25
41 22 25
41 22 25
41 22 25
41 22 25
41 22 25
41 22 25
41 22 25
41 22 25
42 22 25
42 22 25
42 22 25
42 22 25
42 22 25
42 22 25
42 22 25
42 22 25
42 22 25
42 22 25
42 22 25
42 22 25
42 22 25
42 22 25
42 22 25
42 22 25
42 22 25
42 22 25
42 22 25
42 22 25
42 22 25
42 22 25
42 22 25
42 22 25
42 22 25
42 22 25
42 22 25
42 22 25
42 22 25
42 22 25
42 22 25
42 22 25
42 22 25
42 22 25
42 22 25
42 22 25
42 22 25
42 22 25
42 22 25
42 22 25
42 22 25
42 22 25
42 22 25
42 22 25
42 22 25
42 22 25
42 22 25
42 22 25
42 22 25
42 22 25
42 22 25
42 22 25
42 22 25
42 22 25
42 22 25
42 22 25
42 22 25
42 22 25
42 22 25
42 22 25
42 22 25
42 22 25
42 22 25
42 22 25
42 22 25
42 22 25
42 22 25
42 22 25
42 22 25
42 22 25
42 22 25
42 22 25
42 22 25
42 22 25
42 22 25
42 22 25
42 22 25
42 22 25
42 22 25
42 22 25
42 22 25
42 22 25
42 22 25
42 22 25
42 22 25
42 22 25
42 22 25
42 22 25
42 22 25
42 22 25
42 22 25
42 22 25
42 22 25
42 22 25
42 22 25
42 22 25
42 22 25
42 22 25
42 22 25
42 22 25
42 22 25
42 22 25
42 22 25
42 22 25
42 22 25
42 22 25
42 22 25
42 22 25
42 22 25
42 22 25
42 22 25
42 22 25
42 22 25
42 23 2800
42 23 25
42 23 25
42 23 25
42 23 25
42 23 25
42 23 25
42 23 25
42 23 25
42 24 25
42 24 25
42 24 25
42 24 25
42 24 25
42 24 25
42 24 25
42 24 25
42 24 25
42 24 25
42 24 25
42 24 25
42 24 25
42 24 25
42 24 25
42 24 25
42 24 25
42 24 25
42 24 25
42 24 25
42 24 25
42 24 25
42 24 25
42 24 25
42 24 25
42 24 25
42 24 25
42 24 25
42 24 25
42 24 25
42 24 25
42 24 25
42 24 25
42 24 25
42 24 25
42 24 25
42 24 25
42 24 25
42 24 25
42 24 25
42 24 25
42 24 25
42 24 25
42 24 25
42 24 25
42 24 25
42 24 25
42 24 25
42 24 25
42 24 25
42 24 25
42 24 25
42 24 25
42 24 25
42 24 25
42 24 25
42 24 25
42 24 25
42 24 25
42 24 25
42 24 25
42 24 25
42 24 25
42 24 25
42 24 25
42 24 25
42 24 25
42 24 25
42 24 25
42 24 25
42 24 25
42 24 25
42 24 25
42 24 25
42 24 25
42 24 25
42 24 25
42 24 25
42 24 25
42 24 25
42 24 25
42 24 25
42 24 25
42 24 25
42 24 25
42 24 25
42 24 25
42 24 25
42 24 25
42 24 25
42 24 25
42 24 25
42 24 25
42 24 25
42 24 25
42 24 25
42 24 25
42 24 25
42 24 25
42 24 25
42 24 25
42 24 25
42 24 25
42 24 25
42 24 25
42 24 25
42 24 25
42 24 25
42 24 25
42 24 25
42 24 25
42 24 25
42 24 25
42 24 25
42 24 25
42 24 25
42 24 25
42 24 25
42 24 25
42 24 25
42 24 25
42 24 25
42 24 25
42 24 25
42 24 25
42 24 25
42 25 25
42 25 25
42 25 25
42 25 25
42 25 25
42 25 25
42 25 25
42 25 25
42 25 25
42 25 25
42 25 25
42 25 25
42 25 25
42 25 25
42 25 25
42 25 25
42 25 25
42 25 25
42 25 25
42 25 25
42 25 25
42 25 25
42 25 25
42 25 25
42 25 25
42 25 25
42 25 25
42 25 25
42 25 25
42 25 25
42 25 25
42 25 25
42 25 25
42 25 25
42 25 25
42 25 25
42 25 25
42 25 25
42 25 25
42 25 25
42 25 25
42 25 25
42 25 25
42 25 25
42 25 25
42 25 25
42 25 25
42 25 25
42 25 25
42 25 25
42 25 25
42 25 25
42 25 25
42 25 25
42 25 25
42 25 25
42 25 25
42 25 25
42 25 25
42 25 25
42 25 25
42 25 25
42 25 25
42 25 25
42 25 25
42 25 25
42 25 25
42 25 25
42 25 25
42 25 25
42 25 25
42 25 25
42 25 25
42 25 25
42 25 25
42 25 25
42 25 25
42 25 25
42 25 25
42 25 25
42 25 25
42 25 25
42 25 25
42 25 25
42 25 25
42 25 25
42 25 25
42 25 25
42 25 25
42 25 25
42 25 25
42 25 25
42 25 25
42 25 25
42 25 25
42 25 25
42 25 25
42 25 25
42 25 25
42 25 25
42 25 25
42 25 25
42 25 25
42 25 25
42 25 25
42 25 25
42 25 25
42 25 25
42 25 25
42 25 25
42 25 25
42 25 25
42 25 25
42 25 25
42 25 25
42 25 25
42 25 25
42 25 25
42 25 25
42 25 25
42 25 25
42 25 25
42 25 25
42 25 25
42 25 25
42 25 25
42 25 25
42 25 25
42 25 25
42 25 25
42 25 25
42 26 25
42 26 25
42 26 25
42 26 25
42 26 25
42 26 25
42 26 25
42 26 25
42 26 25
42 26 25
42 26 25
42 26 25
42 26 25
42 26 25
42 26 25
42 26 25
42 26 25
42 26 25
42 26 25
42 26 25
42 26 25
42 26 25
42 26 25
42 26 25
42 26 25
42 26 25
42 26 25
42 26 25
42 26 25
42 26 25
42 26 25
42 26 25
42 26 25
42 26 25
42 26 25
42 26 25
42 26 25
42 26 25
42 26 25
42 26 25
42 26 25
42 26 25
42 26 25
42 26 25
42 26 25
42 26 25
42 26 25
42 26 25
42 26 25
42 26 25
42 26 25
42 26 25
42 26 25
42 26 25
42 26 25
42 26 25
42 26 25
42 26 25
42 26 25
42 26 25
42 26 25
42 26 25
42 26 25
42 26 25
42 26 25
42 26 25
42 26 25
42 26 25
42 26 25
42 26 25
42 26 25
42 26 25
42 26 25
42 26 25
42 26 25
42 26 25
42 26 25
42 26 25
42 26 25
42 26 25
42 26 25
42 26 25
42 26 25
42 26 25
42 26 25
42 26 25
42 26 25
42 26 25
42 26 25
42 26 25
42 26 25
42 26 25
42 26 25
42 26 25
42 26 25
42 26 25
42 26 25
42 26 25
42 26 25
42 26 25
42 26 25
42 26 25
42 26 25
42 26 25
42 26 25
42 26 25
42 26 25
42 26 25
42 26 25
42 26 25
42 26 25
42 26 25
42 26 25
42 26 25
42 26 25
42 26 25
42 26 25
42 26 25
42 26 25
42 26 25
42 26 25
42 26 25
42 26 25
42 26 25
42 26 25
42 26 25
42 26 25
42 26 25
42 26 25
42 26 25
42 26 25
42 26 25
42 26 25
42 26 25
42 26 25
42 26 25
42 27 25
42 27 25
42 27 25
42 27 25
42 27 25
42 27 25
42 27 25
42 27 25
42 27 25
42 27 25
42 27 25
42 27 25
42 27 25
42 27 25
42 27 25
42 27 25
42 27 25
42 27 25
42 27 25
42 27 25
42 27 25
42 27 25
42 27 25
42 27 25
42 27 25
42 27 25
42 27 25
42 27 25
42 27 25
42 27 25
42 27 25
42 27 25
42 27 25
42 27 25
42 27 25
42 27 25
42 27 25
42 27 25
42 27 25
42 27 25
42 27 25
42 27 25
42 27 25
42 27 25
42 27 25
42 27 25
42 27 25
42 27 25
42 27 25
42 27 25
42 27 25
42 27 25
42 27 25
42 27 25
42 27 25
42 27 25
42 27 25
42 27 25
42 27 25
42 27 25
42 27 25
42 27 25
42 27 25
42 27 25
42 27 25
42 27 25
42 27 25
42 27 25
42 27 25
42 27 25
42 27 25
42 27 25
42 27 25
42 27 25
42 27 25
42 27 25
42 27 25
42 27 25
42 27 25
42 27 25
42 27 25
42 27 25
42 27 25
42 27 25
42 27 25
42 27 25
42 27 25
42 27 25
42 27 25
42 27 25
42 27 25
42 27 25
42 27 25
42 27 25
42 27 25
42 27 25
42 27 25
42 27 25
42 27 25
42 27 25
42 27 25
42 27 25
42 27 25
42 27 25
42 27 25
42 27 25
42 27 25
42 27 25
42 27 25
42 27 25
42 27 25
42 27 25
42 27 25
42 27 25
42 27 25
42 27 25
42 27 25
42 27 25
42 27 25
42 27 25
42 27 25
42 27 25
42 27 25
42 27 25
42 27 25
42 27 25
42 27 25
42 27 25
42 27 25
42 27 25
42 27 25
42 27 25
42 27 25
42 27 25
42 27 25
42 27 25
42 27 25
42 27 25
42 27 25
42 27 25
42 28 25
42 28 25
42 28 25
42 28 25
42 28 25
42 28 25
42 28 25
42 28 25
42 28 25
42 28 25
42 28 25
42 28 25
42 28 25
42 28 25
42 28 25
42 28 25
42 28 25
42 28 25
42 28 25
42 28 25
42 28 25
42 28 25
42 28 25
42 28 25
42 28 25
42 28 25
42 28 25
42 28 25
42 28 25
42 28 25
42 28 25
42 28 25
42 28 25
42 28 25
42 28 25
42 28 25
42 28 25
42 28 25
42 28 25
42 28 25
42 28 25
42 28 25
42 28 25
42 28 25
42 28 25
42 28 25
42 28 25
42 28 25
42 28 25
42 28 25
42 28 25
42 28 25
42 28 25
42 28 25
42 28 25
42 28 25
42 28 25
42 28 25
42 28 25
42 28 25
42 28 25
42 28 25
42 28 25
42 28 25
42 28 25
42 28 25
42 28 25
42 28 25
42 28 25
42 28 25
42 28 25
42 28 25
42 28 25
42 28 25
42 28 25
42 28 25
42 28 25
42 28 25
42 28 25
42 28 25
42 28 25
42 28 25
42 28 25
42 28 25
42 28 25
42 28 25
42 28 25
42 28 25
42 28 25
42 28 25
42 28 25
42 28 25
42 28 25
42 28 25
42 28 25
42 28 25
42 28 25
42 28 25
42 28 25
42 28 25
42 28 25
42 28 25
42 28 25
42 28 25
42 28 25
42 28 25
42 28 25
42 28 25
42 28 25
42 28 25
42 28 25
42 28 25
42 28 25
42 28 25
42 28 25
42 28 25
42 28 25
42 28 25
42 28 25
42 28 25
42 28 25
42 28 25
42 28 25
42 28 25
42 28 25
42 28 25
42 28 25
42 28 25
42 28 25
42 28 25
42 28 25
42 28 25
42 28 25
42 28 25
42 28 25
42 28 25
42 28 25
42 28 25
42 28 25
42 28 25
42 28 25
42 28 25
42 28 25
42 29 25
42 29 25
42 29 25
42 29 25
42 29 25
42 29 25
42 29 25
42 29 25
42 29 25
42 29 25
42 29 25
42 29 25
42 29 25
42 29 25
42 29 25
42 29 25
42 29 25
42 29 25
42 29 25
42 29 25
42 29 25
42 29 25
42 29 25
42 29 25
42 29 25
42 29 25
42 29 25
42 29 25
42 29 25
42 29 25
42 29 25
42 29 25
42 29 25
42 29 25
42 29 25
42 29 25
42 29 25
42 29 25
42 29 25
42 29 25
42 29 25
42 29 25
42 29 25
42 29 25
42 29 25
42 29 25
42 29 25
42 29 25
42 29 25
42 29 25
42 29 25
42 29 25
42 29 25
42 29 25
42 29 25
42 29 25
42 29 25
42 29 25
42 29 25
42 29 25
42 29 25
42 29 25
42 29 25
42 29 25
42 29 25
42 29 25
42 29 25
42 29 25
42 29 25
42 29 25
42 29 25
42 29 25
42 29 25
42 29 25
42 29 25
42 29 25
42 29 25
42 29 25
42 29 25
42 29 25
42 29 25
42 29 25
42 29 25
42 29 25
42 29 25
42 29 25
42 29 25
42 29 25
42 29 25
42 29 25
42 29 25
42 29 25
42 29 25
42 29 25
42 29 25
42 29 25
42 29 25
42 29 25
42 29 25
42 29 25
42 29 25
42 29 25
42 29 25
42 29 25
42 29 25
42 29 25
42 29 25
42 29 25
42 29 25
42 29 25
42 29 25
42 29 25
42 29 25
42 29 25
42 29 25
42 29 25
42 29 25
42 29 25
42 29 25
42 29 25
42 29 25
42 29 25
42 29 25
42 29 25
42 29 25
42 29 25
42 29 25
42 29 25
42 29 25
42 29 25
42 29 25
42 29 25
42 29 25
42 29 25
42 29 25
42 29 25
42 29 25
42 29 25
42 29 25
42 29 25
42 29 25
42 29 25
42 29 25
42 29 25
42 29 25
42 29 25
42 30 25
42 30 25
42 30 25
42 30 25
42 30 25
42 30 25
42 30 25
42 30 25
42 30 25
42 30 25
42 30 25
42 30 25
42 30 25
42 30 25
42 30 25
42 30 25
42 30 25
42 30 25
42 30 25
42 30 25
42 30 25
42 30 25
42 30 25
42 30 25
42 30 25
42 30 25
42 30 25
42 30 25
42 30 25
42 30 25
42 30 25
42 30 25
42 30 25
42 30 25
42 30 25
42 30 25
42 30 25
42 30 25
42 30 25
42 30 25
42 30 25
42 30 25
42 30 25
42 30 25
42 30 25
42 30 25
42 30 25
42 30 25
42 30 25
42 30 25
42 30 25
42 30 25
42 30 25
42 30 25
42 30 25
42 30 25
42 30 25
42 30 25
42 30 25
42 30 25
42 30 25
42 30 25
42 30 25
42 30 25
42 30 25
42 30 25
42 30 25
42 30 25
42 30 25
42 30 25
42 30 25
42 30 25
42 30 25
42 30 25
42 30 25
42 30 25
42 30 25
42 30 25
42 30 25
42 30 25
42 30 25
42 30 25
42 30 25
42 30 25
42 30 25
42 30 25
42 30 25
42 30 25
42 30 25
42 30 25
42 30 25
42 30 25
42 30 25
42 30 25
42 30 25
42 30 25
42 30 25
42 30 25
42 30 25
42 30 25
42 30 25
42 30 25
42 30 25
42 30 25
42 30 25
42 30 25
42 30 25
42 30 25
42 30 25
42 30 25
42 30 25
42 30 25
42 30 25
42 30 25
42 30 25
42 30 25
42 30 25
42 30 25
42 30 25
42 30 25
42 30 25
42 30 25
42 30 25
42 30 25
42 30 25
42 30 25
42 30 25
42 30 25
42 30 25
42 30 25
42 30 25
42 30 25
42 30 25
42 30 25
42 30 25
42 30 25
42 30 25
42 30 25
42 30 25
42 30 25
42 30 25
42 30 25
42 30 25
42 30 25
42 30 25
42 30 25
42 30 25
42 30 25
42 30 25
42 31 25
42 31 25
42 31 25
42 31 25
42 31 25
42 31 25
42 31 25
42 31 25
42 31 25
42 31 25
42 31 25
42 31 25
42 31 25
42 31 25
42 31 25
42 31 25
42 31 25
42 31 25
42 31 25
42 31 25
42 31 25
42 31 25
42 31 25
42 31 25
42 31 25
42 31 25
42 31 25
42 31 25
42 31 25
42 31 25
42 31 25
42 31 25
42 31 25
42 31 25
42 31 25
42 31 25
42 31 25
42 31 25
42 31 25
42 31 25
42 31 25
42 31 25
42 31 25
42 31 25
42 31 25
42 31 25
42 31 25
42 31 25
42 31 25
42 31 25
42 31 25
42 31 25
42 31 25
42 31 25
42 31 25
42 31 25
42 31 25
42 31 25
42 31 25
42 31 25
42 31 25
42 31 25
42 31 25
42 31 25
42 31 25
42 31 25
42 31 25
42 31 25
42 31 25
42 31 25
42 31 25
42 31 25
42 31 25
42 31 25
42 31 25
42 31 25
42 31 25
42 31 25
42 31 25
42 31 25
42 31 25
42 31 25
42 31 25
42 31 25
42 31 25
42 31 25
42 31 25
42 31 25
42 31 25
42 31 25
42 31 25
42 31 25
42 31 25
42 31 25
42 31 25
42 31 25
42 31 25
42 31 25
42 31 25
42 31 25
42 31 25
42 31 25
42 31 25
42 31 25
42 31 25
42 31 25
42 31 25
42 31 25
42 31 25
42 31 25
42 31 25
42 31 25
42 31 25
42 31 25
42 31 25
42 31 25
42 31 25
42 31 25
42 31 25
42 31 25
42 31 25
42 31 25
42 31 25
42 31 25
42 31 25
42 31 25
42 31 25
42 31 25
42 31 25
42 31 25
42 31 25
42 31 25
42 31 25
42 31 25
42 31 25
42 31 25
42 31 25
42 31 25
42 31 25
42 31 25
42 31 25
42 31 25
42 31 25
42 31 25
42 31 25
42 31 25
42 31 25
42 31 25
42 31 25
42 31 25
42 31 25
42 32 25
42 32 25
42 32 25
42 32 25
42 32 25
42 32 25
42 32 25
42 32 25
42 32 25
42 32 25
42 32 25
42 32 25
42 32 25
42 32 25
42 32 25
42 32 25
42 32 25
42 32 25
42 32 25
42 32 25
42 32 25
42 32 25
42 32 25
42 32 25
42 32 25
42 32 25
42 32 25
42 32 25
42 32 25
42 32 25
42 32 25
42 32 25
42 32 25
42 32 25
42 32 25
42 32 25
42 32 25
42 32 25
42 32 25
42 32 25
42 32 25
42 32 25
42 32 25
42 32 25
42 32 25
42 32 25
42 32 25
42 32 25
42 32 25
42 32 25
42 32 25
42 32 25
42 32 25
42 32 25
42 32 25
42 32 25
42 32 25
42 32 25
42 32 25
42 32 25
42 32 25
42 32 25
42 32 25
42 32 25
42 32 25
42 32 25
42 32 25
42 32 25
42 32 25
42 32 25
42 32 25
42 32 25
42 32 25
42 32 25
42 32 25
42 32 25
42 32 25
42 32 25
42 32 25
42 32 25
42 32 25
42 32 25
42 32 25
42 32 25
42 32 25
42 32 25
42 32 25
42 32 25
42 32 25
42 32 25
42 32 25
42 32 25
42 32 25
42 32 25
42 32 25
42 32 25
42 32 25
42 32 25
42 32 25
42 32 25
42 32 25
42 32 25
42 32 25
42 32 25
42 32 25
42 32 25
42 32 25
42 32 25
42 32 25
42 32 25
42 32 25
42 32 25
42 32 25
42 32 25
42 32 25
42 32 25
42 32 25
42 32 25
42 32 25
42 32 25
42 32 25
42 32 25
42 32 25
42 32 25
42 32 25
42 32 25
42 32 25
42 32 25
42 32 25
42 32 25
42 32 25
42 32 25
42 32 25
42 32 25
42 32 25
42 32 25
42 32 25
42 32 25
42 32 25
42 32 25
42 32 25
42 32 25
42 32 25
42 32 25
42 32 25
42 32 25
42 32 25
42 32 25
42 32 25
42 32 25
42 32 25
42 32 25
42 33 25
42 33 25
42 33 25
42 33 25
42 33 25
42 33 25
42 33 25
42 33 25
42 33 25
42 33 25
42 33 25
42 33 25
42 33 25
42 33 25
42 33 25
42 33 25
42 33 25
42 33 25
42 33 25
42 33 25
42 33 25
42 33 25
42 33 25
42 33 25
42 33 25
42 33 25
42 33 25
42 33 25
42 33 25
42 33 25
42 33 25
42 33 25
42 33 25
42 33 25
42 33 25
42 33 25
42 33 25
42 33 25
42 33 25
42 33 25
42 33 25
42 33 25
42 33 25
42 33 25
42 33 25
42 33 25
42 33 25
42 33 25
42 33 25
42 33 25
42 33 25
42 33 25
42 33 25
42 33 25
42 33 25
42 33 25
42 33 25
42 33 25
42 33 25
42 33 25
42 33 25
42 33 25
42 33 25
42 33 25
42 33 25
42 33 25
42 33 25
42 33 25
42 33 25
42 33 25
42 33 25
42 33 25
42 33 25
42 33 25
42 33 25
42 33 25
42 33 25
42 33 25
42 33 25
42 33 25
42 33 25
42 33 25
42 33 25
42 33 25
42 33 25
42 33 25
42 33 25
42 33 25
42 33 25
42 33 25
42 33 25
42 33 25
42 33 25
42 33 25
42 33 25
42 33 25
42 33 25
42 33 25
42 33 25
42 33 25
42 33 25
42 33 25
42 33 25
42 33 25
42 33 25
42 33 25
42 33 25
42 33 25
42 33 25
42 33 25
42 33 25
42 33 25
42 33 25
42 33 25
42 33 25
42 33 25
42 33 25
42 33 25
42 33 25
42 33 25
42 33 25
42 33 25
42 33 25
42 33 25
42 33 25
42 33 25
42 33 25
42 33 25
42 33 25
42 33 25
42 33 25
42 33 25
42 33 25
42 33 25
42 33 25
42 33 25
42 33 25
42 33 25
42 33 25
42 33 25
42 33 25
42 33 25
42 33 25
42 33 25
42 33 25
42 33 25
42 33 25
42 33 25
42 33 25
42 33 25
42 33 25
42 33 25
42 33 25
42 34 25
42 34 25
42 34 25
42 34 25
42 34 25
42 34 25
42 34 25
42 34 25
42 34 25
42 34 25
42 34 25
42 34 25
42 34 25
42 34 25
42 34 25
42 34 25
42 34 25
42 34 25
42 34 25
42 34 25
42 34 25
42 34 25
42 34 25
42 34 25
42 34 25
42 34 25
42 34 25
42 34 25
42 34 25
42 34 25
42 34 25
42 34 25
42 34 25
42 34 25
42 34 25
42 34 25
42 34 25
42 34 25
42 34 25
42 34 25
42 34 25
42 34 25
42 34 25
42 34 25
42 34 25
42 34 25
42 34 25
42 34 25
42 34 25
42 34 25
42 34 25
42 34 25
42 34 25
42 34 25
42 34 25
42 34 25
42 34 25
42 34 25
42 34 25
42 34 25
42 34 25
42 34 25
42 34 25
42 34 25
42 34 25
42 34 25
42 34 25
42 34 25
42 34 25
42 34 25
42 34 25
42 34 25
42 34 25
42 34 25
42 34 25
42 34 25
42 34 25
42 34 25
42 34 25
42 34 25
42 34 25
42 34 25
42 34 25
42 34 25
42 34 25
42 34 25
42 34 25
42 34 25
42 34 25
42 34 25
42 34 25
42 34 25
42 34 25
42 34 25
42 34 25
42 34 25
42 34 25
42 34 25
42 34 25
42 34 25
42 34 25
42 34 25
42 34 25
42 34 25
42 34 25
42 34 25
42 34 25
42 34 25
42 34 25
42 34 25
42 34 25
42 34 25
42 34 25
42 34 25
42 34 25
42 34 25
42 34 25
42 34 25
42 34 25
42 34 25
42 34 25
42 34 25
42 34 25
42 34 25
42 34 25
42 34 25
42 34 25
42 34 25
42 34 25
42 34 25
42 34 25
42 34 25
42 34 25
42 34 25
42 34 25
42 34 25
42 34 25
42 34 25
42 34 25
42 34 25
42 34 25
42 34 25
42 34 25
42 34 25
42 34 25
42 34 25
42 34 25
42 34 25
42 34 25
42 34 25
42 34 25
42 34 25
42 34 25
42 35 25
42 35 25
42 35 25
42 35 25
42 35 25
42 35 25
42 35 25
42 35 25
42 35 25
42 35 25
42 35 25
42 35 25
42 35 25
42 35 25
42 35 25
42 35 25
42 35 25
42 35 25
42 35 25
42 35 25
42 35 25
42 35 25
42 35 25
42 35 25
42 35 25
42 35 25
42 35 25
42 35 25
42 35 25
42 35 25
42 35 25
42 35 25
42 35 25
42 35 25
42 35 25
42 35 25
42 35 25
42 35 25
42 35 25
42 35 25
42 35 25
42 35 25
42 35 25
42 35 25
42 35 25
42 35 25
42 35 25
42 35 25
42 35 25
42 35 25
42 35 25
42 35 25
42 35 25
42 35 25
42 35 25
42 35 25
42 35 25
42 35 25
42 35 25
42 35 25
42 35 25
42 35 25
42 35 25
42 35 25
42 35 25
42 35 25
42 35 25
42 35 25
42 35 25
42 35 25
42 35 25
42 35 25
42 35 25
42 35 25
42 35 25
42 35 25
42 35 25
42 35 25
42 35 25
42 35 25
42 35 25
42 35 25
42 35 25
42 35 25
42 35 25
42 35 25
42 35 25
42 35 25
42 35 25
42 35 25
42 35 25
42 35 25
42 35 25
42 35 25
42 35 25
42 35 25
42 35 25
42 35 25
42 35 25
42 35 25
42 35 25
42 35 25
42 35 25
42 35 25
42 35 25
42 35 25
42 35 25
42 35 25
42 35 25
42 35 25
42 35 25
42 35 25
42 35 25
42 35 25
42 35 25
42 35 25
42 35 25
42 35 25
42 35 25
42 35 25
42 35 25
42 35 25
42 35 25
42 35 25
42 35 25
42 35 25
42 35 25
42 35 25
42 35 25
42 35 25
42 35 25
42 35 25
42 35 25
42 35 25
42 35 25
42 35 25
42 35 25
42 35 25
42 35 25
42 35 25
42 35 25
42 35 25
42 35 25
42 35 25
42 35 25
42 35 25
42 35 25
42 35 25
42 35 25
42 35 25
42 35 25
42 35 25
42 35 25
42 36 25
42 36 25
42 36 25
42 36 25
42 36 25
42 36 25
42 36 25
42 36 25
42 36 25
42 36 25
42 36 25
42 36 25
42 36 25
42 36 25
42 36 25
42 36 25
42 36 25
42 36 25
42 36 25
42 36 25
42 36 25
42 36 25
42 36 25
42 36 25
42 36 25
42 36 25
42 36 25
42 36 25
42 36 25
42 36 25
42 36 25
42 36 25
42 36 25
42 36 25
42 36 25
42 36 25
42 36 25
42 36 25
42 36 25
42 36 25
42 36 25
42 36 25
42 36 25
42 36 25
42 36 25
42 36 25
42 36 25
42 36 25
42 36 25
42 36 25
42 36 25
42 36 25
42 36 25
42 36 25
42 36 25
42 36 25
42 36 25
42 36 25
42 36 25
42 36 25
42 36 25
42 36 25
42 36 25
42 36 25
42 36 25
42 36 25
42 36 25
42 36 25
42 36 25
42 36 25
42 36 25
42 36 25
42 36 25
42 36 25
42 36 25
42 36 25
42 36 25
42 36 25
42 36 25
42 36 25
42 36 25
42 36 25
42 36 25
42 36 25
42 36 25
42 36 25
42 36 25
42 36 25
42 36 25
42 36 25
42 36 25
42 36 25
42 36 25
42 36 25
42 36 25
42 36 25
42 36 25
42 36 25
42 36 25
42 36 25
42 36 25
42 36 25
42 36 25
42 36 25
42 36 25
42 36 25
42 36 25
42 36 25
42 36 25
42 36 25
42 36 25
42 36 25
42 36 25
42 36 25
42 36 25
42 36 25
42 36 25
42 36 25
42 36 25
42 36 25
42 36 25
42 36 25
42 36 25
42 36 25
42 36 25
42 36 25
42 36 25
42 36 25
42 36 25
42 36 25
42 36 25
42 36 25
42 36 25
42 36 25
42 36 25
42 36 25
42 36 25
42 36 25
42 36 25
42 36 25
42 36 25
42 36 25
42 36 25
42 36 25
42 36 25
42 36 25
42 36 25
42 36 25
42 36 25
42 36 25
42 36 25
42 36 25
42 36 25
42 37 25
42 37 25
42 37 25
42 37 25
42 37 25
42 37 25
42 37 25
42 37 25
42 37 25
42 37 25
42 37 25
42 37 25
42 37 25
42 37 25
42 37 25
42 37 25
42 37 25
42 37 25
42 37 25
42 37 25
42 37 25
42 37 25
42 37 25
42 37 25
42 37 25
42 37 25
42 37 25
42 37 25
42 37 25
42 37 25
42 37 25
42 37 25
42 37 25
42 37 25
42 37 25
42 37 25
42 37 25
42 37 25
42 37 25
42 37 25
42 37 25
42 37 25
42 37 25
42 37 25
42 37 25
42 37 25
42 37 25
42 37 25
42 37 25
42 37 25
42 37 25
42 37 25
42 37 25
42 37 25
42 37 25
42 37 25
42 37 25
42 37 25
42 37 25
42 37 25
42 37 25
42 37 25
42 37 25
42 37 25
42 37 25
42 37 25
42 37 25
42 37 25
42 37 25
42 37 25
42 37 25
42 37 25
42 37 25
42 37 25
42 37 25
42 37 25
42 37 25
42 37 25
42 37 25
42 37 25
42 37 25
42 37 25
42 37 25
42 37 25
42 37 25
42 37 25
42 37 25
42 37 25
42 37 25
42 37 25
42 37 25
42 37 25
42 37 25
42 37 25
42 37 25
42 37 25
42 37 25
42 37 25
42 37 25
42 37 25
42 37 25
42 37 25
42 37 25
42 37 25
42 37 25
42 37 25
42 37 25
42 37 25
42 37 25
42 37 25
42 37 25
42 37 25
42 37 25
42 37 25
42 37 25
42 37 25
42 37 25
42 37 25
42 37 25
42 37 25
42 37 25
42 37 25
42 37 25
42 37 25
42 37 25
42 37 25
42 37 25
42 37 25
42 37 25
42 37 25
42 37 25
42 37 25
42 37 25
42 37 25
42 37 25
42 37 25
42 37 25
42 37 25
42 37 25
42 37 25
42 37 25
42 37 25
42 37 25
42 37 25
42 37 25
42 37 25
42 37 25
42 37 25
42 37 25
42 37 25
42 37 25
42 37 25
42 38 25
42 38 25
42 38 25
42 38 25
42 38 25
42 38 25
42 38 25
42 38 25
42 38 25
42 38 25
42 38 25
42 38 25
42 38 25
42 38 25
42 38 25
42 38 25
42 38 25
42 38 25
42 38 25
42 38 25
42 38 25
42 38 25
42 38 25
42 38 25
42 38 25
42 38 25
42 38 25
42 38 25
42 38 25
42 38 25
42 38 25
42 38 25
42 38 25
42 38 25
42 38 25
42 38 25
42 38 25
42 38 25
42 38 25
42 38 25
42 38 25
42 38 25
42 38 25
42 38 25
42 38 25
42 38 25
42 38 25
42 38 25
42 38 25
42 38 25
42 38 25
42 38 25
42 38 25
42 38 25
42 38 25
42 38 25
42 38 25
42 38 25
42 38 25
42 38 25
42 38 25
42 38 25
42 38 25
42 38 25
42 38 25
42 38 25
42 38 25
42 38 25
42 38 25
42 38 25
42 38 25
42 38 25
42 38 25
42 38 25
42 38 25
42 38 25
42 38 25
42 38 25
42 38 25
42 38 25
42 38 25
42 38 25
42 38 25
42 38 25
42 38 25
42 38 25
42 38 25
42 38 25
42 38 25
42 38 25
42 38 25
42 38 25
42 38 25
42 38 25
42 38 25
42 38 25
42 38 25
42 38 25
42 38 25
42 38 25
42 38 25
42 38 25
42 38 25
42 38 25
42 38 25
42 38 25
42 38 25
42 38 25
42 38 25
42 38 25
42 38 25
42 38 25
42 38 25
42 38 25
42 38 25
42 38 25
42 38 25
42 38 25
42 38 25
42 38 25
42 38 25
42 38 25
42 38 25
42 38 25
42 38 25
42 38 25
42 38 25
42 38 25
42 38 25
42 38 25
42 38 25
42 38 25
42 38 25
42 38 25
42 38 25
42 38 25
42 38 25
42 38 25
42 38 25
42 38 25
42 38 25
42 38 25
42 38 25
42 38 25
42 38 25
42 38 25
42 38 25
42 38 25
42 38 25
42 38 25
42 39 25
42 39 25
42 39 25
42 39 25
42 39 25
42 39 25
42 39 25
42 39 25
42 39 25
42 39 25
42 39 25
42 39 25
42 39 25
42 39 25
42 39 25
42 39 25
42 39 25
42 39 25
42 39 25
42 39 25
42 39 25
42 39 25
42 39 25
42 39 25
42 39 25
42 39 25
42 39 25
42 39 25
42 39 25
42 39 25
42 39 25
42 39 25
42 39 25
42 39 25
42 39 25
42 39 25
42 39 25
42 39 25
42 39 25
42 39 25
42 39 25
42 39 25
42 39 25
42 39 25
42 39 25
42 39 25
42 39 25
42 39 25
42 39 25
42 39 25
42 39 25
42 39 25
42 39 25
42 39 25
42 39 25
42 39 25
42 39 25
42 39 25
42 39 25
42 39 25
42 39 25
42 39 25
42 39 25
42 39 25
42 39 25
42 39 25
42 39 25
42 39 25
42 39 25
42 39 25
42 39 25
42 39 25
42 39 25
42 39 25
42 39 25
42 39 25
42 39 25
42 39 25
42 39 25
42 39 25
42 39 25
42 39 25
42 39 25
42 39 25
42 39 25
42 39 25
42 39 25
42 39 25
42 39 25
42 39 25
42 39 25
42 39 25
42 39 25
42 39 25
42 39 25
42 39 25
42 39 25
42 39 25
42 39 25
42 39 25
42 39 25
42 39 25
42 39 25
42 39 25
42 39 25
42 39 25
42 39 25
42 39 25
42 39 25
42 39 25
42 39 25
42 39 25
42 39 25
42 39 25
42 39 25
42 39 25
42 39 25
42 39 25
42 39 25
42 39 25
42 39 25
42 39 25
42 39 25
42 39 25
42 39 25
42 39 25
42 39 25
42 39 25
42 39 25
42 39 25
42 39 25
42 39 25
42 39 25
42 39 25
42 39 25
42 39 25
42 39 25
42 39 25
42 39 25
42 39 25
42 39 25
42 39 25
42 39 25
42 39 25
42 39 25
42 39 25
42 39 25
42 39 25
42 39 25
42 40 25
42 40 25
42 40 25
42 40 25
42 40 25
42 40 25
42 40 25
42 40 25
42 40 25
42 40 25
42 40 25
42 40 25
42 40 25
42 40 25
42 40 25
42 40 25
42 40 25
42 40 25
42 40 25
42 40 25
42 40 25
42 40 25
42 40 25
42 40 25
42 40 25
42 40 25
42 40 25
42 40 25
42 40 25
42 40 25
42 40 25
42 40 25
42 40 25
42 40 25
42 40 25
42 40 25
42 40 25
42 40 25
42 40 25
42 40 25
42 40 25
42 40 25
42 40 25
42 40 25
42 40 25
42 40 25
42 40 25
42 40 25
42 40 25
42 40 25
42 40 25
42 40 25
42 40 25
42 40 25
42 40 25
42 40 25
42 40 25
42 40 25
42 40 25
42 40 25
42 40 25
42 40 25
42 40 25
42 40 25
42 40 25
42 40 25
42 40 25
42 40 25
42 40 25
42 40 25
42 40 25
42 40 25
42 40 25
42 40 25
42 40 25
42 40 25
42 40 25
42 40 25
42 40 25
42 40 25
42 40 25
42 40 25
42 40 25
42 40 25
42 40 25
42 40 25
42 40 25
42 40 25
42 40 25
42 40 25
42 40 25
42 40 25
42 40 25
42 40 25
42 40 25
42 40 25
42 40 25
42 40 25
42 40 25
42 40 25
42 40 25
42 40 25
42 40 25
42 40 25
42 40 25
42 40 25
42 40 25
42 40 25
42 40 25
42 40 25
42 40 25
42 40 25
42 40 25
42 40 25
42 40 25
42 40 25
42 40 25
42 40 25
42 40 25
42 40 25
42 40 25
42 40 25
42 40 25
42 40 25
42 40 25
42 40 25
42 40 25
42 40 25
42 40 25
42 40 25
42 40 25
42 40 25
42 40 25
42 40 25
42 40 25
42 40 25
42 40 25
42 40 25
42 40 25
42 40 25
42 40 25
42 40 25
42 40 25
42 40 25
42 40 25
42 40 25
42 41 25
42 41 25
42 41 25
42 41 25
42 41 25
42 41 25
42 41 25
42 41 25
42 41 25
42 41 25
42 41 25
42 41 25
42 41 25
42 41 25
42 41 25
42 41 25
42 41 25
42 41 25
42 41 25
42 41 25
42 41 25
42 41 25
42 41 25
42 41 25
42 41 25
42 41 25
42 41 25
42 41 25
42 41 25
42 41 25
42 41 25
42 41 25
42 41 25
42 41 25
42 41 25
42 41 25
42 41 25
42 41 25
42 41 25
42 41 25
42 41 25
42 41 25
42 41 25
42 41 25
42 41 25
42 41 25
42 41 25
42 41 25
42 41 25
42 41 25
42 41 25
42 41 25
42 41 25
42 41 25
42 41 25
42 41 25
42 41 25
42 41 25
42 41 25
42 41 25
42 41 25
42 41 25
42 41 25
42 41 25
42 41 25
42 41 25
42 41 25
42 41 25
42 41 25
42 41 25
42 41 25
42 41 25
42 41 25
42 41 25
42 41 25
42 41 25
42 41 25
42 41 25
42 41 25
42 41 25
42 41 25
42 41 25
42 41 25
42 41 25
42 41 25
42 41 25
42 41 25
42 41 25
42 41 25
42 41 25
42 41 25
42 41 25
42 41 25
42 41 25
42 41 25
42 41 25
42 41 25
42 41 25
42 41 25
42 41 25
42 41 25
42 41 25
42 41 25
42 41 25
42 41 25
42 41 25
42 41 25
42 41 25
42 41 25
42 41 25
42 41 25
42 41 25
42 41 25
42 41 25
42 41 25
42 41 25
42 41 25
42 41 25
42 41 25
42 41 25
42 41 25
42 41 25
42 41 25
42 41 25
42 41 25
42 41 25
42 41 25
42 41 25
42 41 25
42 41 25
42 41 25
42 41 25
42 41 25
42 41 25
42 41 25
42 41 25
42 41 25
42 41 25
42 41 25
42 41 25
42 41 25
42 41 25
42 42 25
42 42 25
42 42 25
42 42 25
42 42 25
42 42 25
42 42 25
42 42 25
42 42 25
42 42 25
42 42 25
42 42 25
42 42 25
42 42 25
42 42 25
42 42 25
42 42 25
42 42 25
42 42 25
42 42 25
42 42 25
42 42 25
42 42 25
42 42 25
42 42 25
42 42 25
42 42 25
42 42 25
42 42 25
42 42 25
42 42 25
42 42 25
42 42 25
42 42 25
42 42 25
42 42 25
42 42 25
42 42 25
42 42 25
42 42 25
42 42 25
42 42 25
42 42 25
42 42 25
42 42 25
42 42 25
42 42 25
42 42 25
42 42 25
42 42 25
42 42 25
42 42 25
42 42 25
42 42 25
42 42 25
42 42 25
42 42 25
42 42 25
42 42 25
42 42 25
42 42 25
42 42 25
42 42 25
42 42 25
42 42 25
42 42 25
42 42 25
42 42 25
42 42 25
42 42 25
42 42 25
42 42 25
42 42 25
42 42 25
42 42 25
42 42 25
42 42 25
42 42 25
42 42 25
42 42 25
42 42 25
42 42 25
42 42 25
42 42 25
42 42 25
42 42 25
42 42 25
42 42 25
42 42 25
42 42 25
42 42 25
42 42 25
42 42 25
42 42 25
42 42 25
42 42 25
42 42 25
42 42 25
42 42 25
42 42 25
42 42 25
42 42 25
42 42 25
42 42 25
42 42 25
42 42 25
42 42 25
42 42 25
42 42 25
42 42 25
42 42 25
42 42 25
42 42 25
42 42 25
42 42 25
42 42 25
42 42 25
42 42 25
42 42 25
42 42 25
42 42 25
42 42 25
42 42 25
42 42 25
42 42 25
42 42 25
42 42 25
42 42 25
42 42 25
42 42 25
42 42 25
42 42 25
42 42 25
42 42 25
42 42 25
42 42 25
42 43 25
42 43 25
42 43 25
42 43 25
42 43 25
42 43 25
42 43 25
42 43 25
42 43 25
42 43 25
42 43 25
42 43 25
42 43 25
42 43 25
42 43 25
42 43 25
42 43 25
42 43 25
42 43 25
42 43 25
42 43 25
42 43 25
42 43 25
42 43 25
42 43 25
42 43 25
42 43 25
42 43 25
42 43 25
42 43 25
42 43 25
42 43 25
42 43 25
42 43 25
42 43 25
42 43 25
42 43 25
42 43 25
42 43 25
42 43 25
42 43 25
42 43 25
42 43 25
42 43 25
42 43 25
42 43 25
42 43 25
42 43 25
42 43 25
42 43 25
42 43 25
42 43 25
42 43 25
42 43 25
42 43 25
42 43 25
42 43 25
42 43 25
42 43 25
42 43 25
42 43 25
42 43 25
42 43 25
42 43 25
42 43 25
42 43 25
42 43 25
42 43 25
42 43 25
42 43 25
42 43 25
42 43 25
42 43 25
42 43 25
42 43 25
42 43 25
42 43 25
42 43 25
42 43 25
42 43 25
42 43 25
42 43 25
42 43 25
42 43 25
42 43 25
42 43 25
42 43 25
42 43 25
42 43 25
42 43 25
42 43 25
42 43 25
42 43 25
42 43 25
42 43 25
42 43 25
42 43 25
42 43 25
42 43 25
42 43 25
42 43 25
42 43 25
42 43 25
42 43 25
42 43 25
42 43 25
42 43 25
42 43 25
42 43 25
42 43 25
42 43 25
42 43 25
42 43 25
42 43 25
42 43 25
42 43 25
42 43 25
42 43 25
42 43 25
42 43 25
42 43 25
42 43 25
42 43 25
42 43 25
42 43 25
42 43 25
42 43 25
42 43 25
42 43 25
42 44 25
42 44 25
42 44 25
42 44 25
42 44 25
42 44 25
42 44 25
42 44 25
42 44 25
42 44 25
42 44 25
42 44 25
42 44 25
42 44 25
42 44 25
42 44 25
42 44 25
42 44 25
42 44 25
42 44 25
42 44 25
42 44 25
42 44 25
42 44 25
42 44 25
42 44 25
42 44 25
42 44 25
42 44 25
42 44 25
42 44 25
42 44 25
42 44 25
42 44 25
42 44 25
42 44 25
42 44 25
42 44 25
42 44 25
42 44 25
42 44 25
42 44 25
42 44 25
42 44 25
42 44 25
42 44 25
42 44 25
42 44 25
42 44 25
42 44 25
42 44 25
42 44 25
42 44 25
42 44 25
42 44 25
42 44 25
42 44 25
42 44 25
42 44 25
42 44 25
42 44 25
42 44 25
42 44 25
42 44 25
42 44 25
42 44 25
42 44 25
42 44 25
42 44 25
42 44 25
42 44 25
42 44 25
42 44 25
42 44 25
42 44 25
42 44 25
42 44 25
42 44 25
42 44 25
42 44 25
42 44 25
42 44 25
42 44 25
42 44 25
42 44 25
42 44 25
42 44 25
42 44 25
42 44 25
42 44 25
42 44 25
42 44 25
42 44 25
42 44 25
42 44 25
42 44 25
42 44 25
42 44 25
42 44 25
42 44 25
42 44 25
42 44 25
42 44 25
42 44 25
42 44 25
42 44 25
42 44 25
42 44 25
42 44 25
42 44 25
42 44 25
42 44 25
42 44 25
42 44 25
42 44 25
42 44 25
42 44 25
42 44 25
42 44 25
42 44 25
42 44 25
42 45 25
42 45 25
42 45 25
42 45 25
42 45 25
42 45 25
42 45 25
42 45 25
42 45 25
42 45 25
42 45 25
42 45 25
42 45 25
42 45 25
42 45 25
42 45 25
42 45 25
42 45 25
42 45 25
42 45 25
42 45 25
42 45 25
42 45 25
42 45 25
42 45 25
42 45 25
42 45 25
42 45 25
42 45 25
42 45 25
42 45 25
42 45 25
42 45 25
42 45 25
42 45 25
42 45 25
42 45 25
42 45 25
42 45 25
42 45 25
42 45 25
42 45 25
42 45 25
42 45 25
42 45 25
42 45 25
42 45 25
42 45 25
42 45 25
42 45 25
42 45 25
42 45 25
42 45 25
42 45 25
42 45 25
42 45 25
42 45 25
42 45 25
42 45 25
42 45 25
42 45 25
42 45 25
42 45 25
42 45 25
42 45 25
42 45 25
42 45 25
42 45 25
42 45 25
42 45 25
42 45 25
42 45 25
42 45 25
42 45 25
42 45 25
42 45 25
42 45 25
42 45 25
42 45 25
42 45 25
42 45 25
42 45 25
42 45 25
42 45 25
42 45 25
42 45 25
42 45 25
42 45 25
42 45 25
42 45 25
42 45 25
42 45 25
42 45 25
42 45 25
42 45 25
42 45 25
42 45 25
42 45 25
42 45 25
42 45 25
42 45 25
42 45 25
42 45 25
42 45 25
42 45 25
42 45 25
42 45 25
42 45 25
42 45 25
42 45 25
42 45 25
42 46 25
42 46 25
42 46 25
42 46 25
42 46 25
42 46 25
42 46 25
42 46 25
42 46 25
42 46 25
42 46 25
42 46 25
42 46 25
42 46 25
42 46 25
42 46 25
42 46 25
42 46 25
42 46 25
42 46 25
42 46 25
42 46 25
42 46 25
42 46 25
42 46 25
42 46 25
42 46 25
42 46 25
42 46 25
42 46 25
42 46 25
42 46 25
42 46 25
42 46 25
42 46 25
42 46 25
42 46 25
42 46 25
42 46 25
42 46 25
42 46 25
42 46 25
42 46 25
42 46 25
42 46 25
42 46 25
42 46 25
42 46 25
42 46 25
42 46 25
42 46 25
42 46 25
42 46 25
42 46 25
42 46 25
42 46 25
42 46 25
42 46 25
42 46 25
42 46 25
42 46 25
42 46 25
42 46 25
42 46 25
42 46 25
42 46 25
42 46 25
42 46 25
42 46 25
42 46 25
42 46 25
42 46 25
42 46 25
42 46 25
42 46 25
42 46 25
42 46 25
42 46 25
42 46 25
42 46 25
42 46 25
42 46 25
42 46 25
42 46 25
42 46 25
42 46 25
42 46 25
42 46 25
42 46 25
42 46 25
42 46 25
42 46 25
42 46 25
42 46 25
42 46 25
42 46 25
42 46 25
42 46 25
42 46 25
42 46 25
42 47 25
42 47 25
42 47 25
42 47 25
42 47 25
42 47 25
42 47 25
42 47 25
42 47 25
42 47 25
42 47 25
42 47 25
42 47 25
42 47 25
42 47 25
42 47 25
42 47 25
42 47 25
42 47 25
42 47 25
42 47 25
42 47 25
42 47 25
42 47 25
42 47 25
42 47 25
42 47 25
42 47 25
42 47 25
42 47 25
42 47 25
42 47 25
42 47 25
42 47 25
42 47 25
42 47 25
42 47 25
42 47 25
42 47 25
42 47 25
42 47 25
42 47 25
42 47 25
42 47 25
42 47 25
42 47 25
42 47 25
42 47 25
42 47 25
42 47 25
42 47 25
42 47 25
42 47 25
42 47 25
42 47 25
42 47 25
42 47 25
42 47 25
42 47 25
42 47 25
42 47 25
42 47 25
42 47 25
42 47 25
42 47 25
42 47 25
42 47 25
42 47 25
42 47 25
42 47 25
42 47 25
42 47 25
42 47 25
42 47 25
42 47 25
42 47 25
42 47 25
42 47 25
42 47 25
42 47 25
42 47 25
42 47 25
42 47 25
42 47 25
42 47 25
42 47 25
42 47 25
42 47 25
42 47 25
42 48 25
42 48 25
42 48 25
42 48 25
42 48 25
42 48 25
42 48 25
42 48 25
42 48 25
42 48 25
42 48 25
42 48 25
42 48 25
42 48 25
42 48 25
42 48 25
42 48 25
42 48 25
42 48 25
42 48 25
42 48 25
42 48 25
42 48 25
42 48 25
42 48 25
42 48 25
42 48 25
42 48 25
42 48 25
42 48 25
42 48 25
42 48 25
42 48 25
42 48 25
42 48 25
42 48 25
42 48 25
42 48 25
42 48 25
42 48 25
42 48 25
42 48 25
42 48 25
42 48 25
42 48 25
42 48 25
42 48 25
42 48 25
42 48 25
42 48 25
42 48 25
42 48 25
42 48 25
42 48 25
42 48 25
42 48 25
42 48 25
42 48 25
42 48 25
42 48 25
42 48 25
42 48 25
42 48 25
42 48 25
42 48 25
42 48 25
42 48 25
42 48 25
42 48 25
42 48 25
42 48 25
42 48 25
42 48 25
42 48 25
42 48 25
42 48 25
42 48 25
42 49 25
42 49 25
42 49 25
42 49 25
42 49 25
42 49 25
42 49 25
42 49 25
42 49 25
42 49 25
42 49 25
42 49 25
42 49 25
42 49 25
42 49 25
42 49 25
42 49 25
42 49 25
42 49 25
42 49 25
42 49 25
42 49 25
42 49 25
42 49 25
42 49 25
42 49 25
42 49 25
42 49 25
42 49 25
42 49 25
42 49 25
42 49 25
42 49 25
42 49 25
42 49 25
42 49 25
42 49 25
42 49 25
42 49 25
42 49 25
42 49 25
42 49 25
42 49 25
42 49 25
42 49 25
42 49 25
42 49 25
42 49 25
42 49 25
42 49 25
42 49 25
42 49 25
42 49 25
42 49 25
42 49 25
42 49 25
42 49 25
42 49 25
42 49 25
42 49 25
42 49 25
42 49 25
42 49 25
42 49 25
42 49 25
42 49 25
42 49 25
42 50 25
42 50 25
42 50 25
42 50 25
42 50 25
42 50 25
42 50 25
42 50 25
42 50 25
42 50 25
42 50 25
42 50 25
42 50 25
42 50 25
42 50 25
42 50 25
42 50 25
42 50 25
42 50 25
42 50 25
42 50 25
42 50 25
42 50 25
42 50 25
42 50 25
42 50 25
42 50 25
42 50 25
42 50 25
42 50 25
42 50 25
42 50 25
42 50 25
42 50 25
42 50 25
42 50 25
42 50 25
42 50 25
42 50 25
42 50 25
42 50 25
42 50 25
42 50 25
42 50 25
42 50 25
42 50 25
42 50 25
42 50 25
42 50 25
42 50 25
42 50 25
42 50 25
42 50 25
42 50 25
42 50 25
42 50 25
42 50 25
42 51 25
42 51 25
42 51 25
42 51 25
42 51 25
42 51 25
42 51 25
42 51 25
42 51 25
42 51 25
42 51 25
42 51 25
42 51 25
42 51 25
42 51 25
42 51 25
42 51 25
42 51 25
42 51 25
42 51 25
42 51 25
42 51 25
42 51 25
42 51 25
42 51 25
42 51 25
42 51 25
42 51 25
42 51 25
42 51 25
42 51 25
42 51 25
42 51 25
42 51 25
42 51 25
42 51 25
42 51 25
42 51 25
42 51 25
42 51 25
42 51 25
42 51 25
42 51 25
42 51 25
42 51 25
42 51 25
42 51 25
42 51 25
42 52 25
42 52 25
42 52 25
42 52 25
42 52 25
42 52 25
42 52 25
42 52 25
42 52 25
42 52 25
42 52 25
42 52 25
42 52 25
42 52 25
42 52 25
42 52 25
42 52 25
42 52 25
42 52 25
42 52 25
42 52 25
42 52 25
42 52 25
42 52 25
42 52 25
42 52 25
42 52 25
42 52 25
42 52 25
42 52 25
42 52 25
42 52 25
42 52 25
42 52 25
42 52 25
42 52 25
42 52 25
42 52 25
42 52 25
42 52 25
42 53 25
42 53 25
42 53 25
42 53 25
42 53 25
42 53 25
42 53 25
42 53 25
42 53 25
42 53 25
42 53 25
42 53 25
42 53 25
42 53 25
42 53 25
42 53 25
42 53 25
42 53 25
42 53 25
42 53 25
42 53 25
42 53 25
42 53 25
42 53 25
42 53 25
42 53 25
42 53 25
42 53 25
42 53 25
42 53 25
42 53 25
42 53 25
42 53 25
42 54 25
42 54 25
42 54 25
42 54 25
42 54 25
42 54 25
42 54 25
42 54 25
42 54 25
42 54 25
42 54 25
42 54 25
42 54 25
42 54 25
42 54 25
42 54 25
42 54 25
42 54 25
42 54 25
42 54 25
42 54 25
42 54 25
42 54 25
42 54 25
42 54 25
42 54 25
42 54 25
42 55 25
42 55 25
42 55 25
42 55 25
42 55 25
42 55 25
42 55 25
42 55 25
42 55 25
42 55 25
42 55 25
42 55 25
42 55 25
42 55 25
42 55 25
42 55 25
42 55 25
42 55 25
42 55 25
42 55 25
42 55 25
42 56 25
42 56 25
42 56 25
42 56 25
42 56 25
42 56 25
42 56 25
42 56 25
42 56 25
42 56 25
42 56 25
42 56 25
42 56 25
42 56 25
42 56 25
42 56 25
42 57 25
42 57 25
42 57 25
42 57 25
42 57 25
42 57 25
42 57 25
42 57 25
42 57 25
42 57 25
42 57 25
42 57 25
42 58 25
42 58 25
42 58 25
42 58 25
42 58 25
42 58 25
42 58 25
42 58 25
42 58 25
42 59 25
42 59 25
42 59 25
42 59 25
42 59 25
42 59 25
42 59 25
42 60 25
42 60 25
42 60 25
42 60 25
42 60 25
42 61 25
42 61 25
42 61 25
42 61 25
42 62 25
42 62 25
42 62 25
42 62 25
42 63 25
42 63 25
42 63 25
42 64 25
42 64 25
42 64 25
42 65 25
42 65 25
42 65 25
42 66 25
42 66 25
42 66 25
42 67 25
42 67 25
42 67 25
42 68 25
42 68 25
42 68 25
42 69 25
42 69 25
42 69 25
42 70 25
42 70 25
42 70 25
42 71 25
42 71 25
42 71 25
42 71 25
42 72 25
42 72 25
42 72 25
42 72 25
42 73 25
42 73 25
42 73 25
42 73 25
42 74 25
42 74 25
42 74 25
42 74 25
42 74 25
42 75 25
42 75 25
42 75 25
42 75 25
42 75 25
42 76 25
42 76 25
42 76 25
42 76 25
42 76 25
42 76 25
42 77 25
42 77 25
42 77 25
42 77 25
42 77 25
42 77 25
42 77 25
42 78 25
42 78 25
42 78 25
42 78 25
42 78 25
42 78 25
42 78 25
42 78 25
42 79 25
42 79 25
42 79 25
42 79 25
42 79 25
42 79 25
42 79 25
42 79 25
42 79 25
42 80 25
42 80 25
42 80 25
42 80 25
42 80 25
42 80 25
42 80 25
42 80 25
42 80 25
42 80 25
42 81 25
42 81 25
42 81 25
42 81 25
42 81 25
42 81 25
42 81 25
42 81 25
42 81 25
42 81 25
42 81 25
42 82 25
42 82 25
42 82 25
42 82 25
42 82 25
42 82 25
42 82 25
42 82 25
42 82 25
42 82 25
42 82 25
42 82 25
42 82 25
42 83 25
42 83 25
42 83 25
42 83 25
42 83 25
42 83 25
42 83 25
42 83 25
42 83 25
42 83 25
42 83 25
42 83 25
42 83 25
42 83 25
42 83 25
42 84 25
42 84 25
42 84 25
42 84 25
42 84 25
42 84 25
42 84 25
42 84 25
42 84 25
42 84 25
42 84 25
42 84 25
42 84 25
42 84 25
42 84 25
42 84 25
42 84 25
42 84 25
42 85 25
42 85 25
42 85 25
42 85 25
42 85 25
42 85 25
42 85 25
42 85 25
42 85 25
42 85 25
42 85 25
42 85 25
42 85 25
42 85 25
42 85 25
42 85 25
42 85 25
42 85 25
42 85 25
42 85 25
42 85 25
42 86 25
42 86 25
42 86 25
42 86 25
42 86 25
42 86 25
42 86 25
42 86 25
42 86 25
42 86 25
42 86 25
42 86 25
42 86 25
42 86 25
42 86 25
42 86 25
42 86 25
42 86 25
42 86 25
42 86 25
42 86 25
42 86 25
42 86 25
42 86 25
42 87 25
42 87 25
42 87 25
42 87 25
42 87 25
42 87 25
42 87 25
42 87 25
42 87 25
42 87 25
42 87 25
42 87 25
42 87 25
42 87 25
42 87 25
42 87 25
42 87 25
42 87 25
42 87 25
42 87 25
42 87 25
42 87 25
42 87 25
42 87 25
42 87 25
42 87 25
42 87 25
42 87 25
42 87 25
42 88 25
42 88 25
42 88 25
42 88 25
42 88 25
42 88 25
42 88 25
42 88 25
42 88 25
42 88 25
42 88 25
42 88 25
42 88 25
42 88 25
42 88 25
42 88 25
42 88 25
42 88 25
42 88 25
42 88 25
42 88 25
42 88 25
42 88 25
42 88 25
42 88 25
42 88 25
42 88 25
42 88 25
42 88 25
42 88 25
42 88 25
42 88 25
42 88 25
42 89 25
42 89 25
42 89 25
42 89 25
42 89 25
42 89 25
42 89 25
42 89 25
42 89 25
42 89 25
42 89 25
42 89 25
42 89 25
42 89 25
42 89 25
42 89 25
42 89 25
42 89 25
42 89 25
42 89 25
42 89 25
42 89 25
42 89 25
42 89 25
42 89 25
42 89 25
42 89 25
42 89 25
42 89 25
42 89 25
42 89 25
42 89 25
42 89 25
42 89 25
42 89 25
42 89 25
42 89 25
42 89 25
42 90 25
42 90 25
42 90 25
42 90 25
42 90 25
42 90 25
42 90 25
42 90 25
42 90 25
42 90 25
42 90 25
42 90 25
42 90 25
42 90 25
42 90 25
42 90 25
42 90 25
42 90 25
42 90 25
42 90 25
42 90 25
42 90 25
42 90 25
42 90 25
42 90 25
42 90 25
42 90 25
42 90 25
42 90 25
42 90 25
42 90 25
42 90 25
42 90 25
42 90 25
42 90 25
42 90 25
42 90 25
42 90 25
42 90 25
42 90 25
42 90 25
42 90 25
42 90 25
42 90 25
42 91 25
42 91 25
42 91 25
42 91 25
42 91 25
42 91 25
42 91 25
42 91 25
42 91 25
42 91 25
42 91 25
42 91 25
42 91 25
42 91 25
42 91 25
42 91 25
42 91 25
42 91 25
42 91 25
42 91 25
42 91 25
42 91 25
42 91 25
42 91 25
42 91 25
42 91 25
42 91 25
42 91 25
42 91 25
42 91 25
42 91 25
42 91 25
42 91 25
42 91 25
42 91 25
42 91 25
42 91 25
42 91 25
42 91 25
42 91 25
42 91 25
42 91 25
42 91 25
42 91 25
42 91 25
42 91 25
42 91 25
42 91 25
42 91 25
42 91 25
42 92 25
42 92 25
42 92 25
42 92 25
42 92 25
42 92 25
42 92 25
42 92 25
42 92 25
42 92 25
42 92 25
42 92 25
42 92 25
42 92 25
42 92 25
42 92 25
42 92 25
42 92 25
42 92 25
42 92 25
42 92 25
42 92 25
42 92 25
42 92 25
42 92 25
42 92 25
42 92 25
42 92 25
42 92 25
42 92 25
42 92 25
42 92 25
42 92 25
42 92 25
42 92 25
42 92 25
42 92 25
42 92 25
42 92 25
42 92 25
42 92 25
42 92 25
42 92 25
42 92 25
42 92 25
42 92 25
42 92 25
42 92 25
42 92 25
42 92 25
42 92 25
42 92 25
42 92 25
42 92 25
42 92 25
42 92 25
42 92 25
42 93 25
42 93 25
42 93 25
42 93 25
42 93 25
42 93 25
42 93 25
42 93 25
42 93 25
42 93 25
42 93 25
42 93 25
42 93 25
42 93 25
42 93 25
42 93 25
42 93 25
42 93 25
42 93 25
42 93 25
42 93 25
42 93 25
42 93 25
42 93 25
42 93 25
42 93 25
42 93 25
42 93 25
42 93 25
42 93 25
42 93 25
42 93 25
42 93 25
42 93 25
42 93 25
42 93 25
42 93 25
42 93 25
42 93 25
42 93 25
42 93 25
42 93 25
42 93 25
42 93 25
42 93 25
42 93 25
42 93 25
42 93 25
42 93 25
42 93 25
42 93 25
42 93 25
42 93 25
42 93 25
42 93 25
42 93 25
42 93 25
42 93 25
42 93 25
42 93 25
42 93 25
42 93 25
42 93 25
42 94 25
42 94 25
42 94 25
42 94 25
42 94 25
42 94 25
42 94 25
42 94 25
42 94 25
42 94 25
42 94 25
42 94 25
42 94 25
42 94 25
42 94 25
42 94 25
42 94 25
42 94 25
42 94 25
42 94 25
42 94 25
42 94 25
42 94 25
42 94 25
42 94 25
42 94 25
42 94 25
42 94 25
42 94 25
42 94 25
42 94 25
42 94 25
42 94 25
42 94 25
42 94 25
42 94 25
42 94 25
42 94 25
42 94 25
42 94 25
42 94 25
42 94 25
42 94 25
42 94 25
42 94 25
42 94 25
42 94 25
42 94 25
42 94 25
42 94 25
42 94 25
42 94 25
42 94 25
42 94 25
42 94 25
42 94 25
42 94 25
42 94 25
42 94 25
42 94 25
42 94 25
42 94 25
42 94 25
42 94 25
42 94 25
42 94 25
42 94 25
42 94 25
42 94 25
42 95 25
42 95 25
42 95 25
42 95 25
42 95 25
42 95 25
42 95 25
42 95 25
42 95 25
42 95 25
42 95 25
42 95 25
42 95 25
42 95 25
42 95 25
42 95 25
42 95 25
42 95 25
42 95 25
42 95 25
42 95 25
42 95 25
42 95 25
42 95 25
42 95 25
42 95 25
42 95 25
42 95 25
42 95 25
42 95 25
42 95 25
42 95 25
42 95 25
42 95 25
42 95 25
42 95 25
42 95 25
42 95 25
42 95 25
42 95 25
42 95 25
42 95 25
42 95 25
42 95 25
42 95 25
42 95 25
42 95 25
42 95 25
42 95 25
42 95 25
42 95 25
42 95 25
42 95 25
42 95 25
42 95 25
42 95 25
42 95 25
42 95 25
42 95 25
42 95 25
42 95 25
42 95 25
42 95 25
42 95 25
42 95 25
42 95 25
42 95 25
42 95 25
42 95 25
42 95 25
42 95 25
42 95 25
42 95 25
42 96 25
42 96 25
42 96 25
42 96 25
42 96 25
42 96 25
42 96 25
42 96 25
42 96 25
42 96 25
42 96 25
42 96 25
42 96 25
42 96 25
42 96 25
42 96 25
42 96 25
42 96 25
42 96 25
42 96 25
42 96 25
42 96 25
42 96 25
42 96 25
42 96 25
42 96 25
42 96 25
42 96 25
42 96 25
42 96 25
42 96 25
42 96 25
42 96 25
42 96 25
42 96 25
42 96 25
42 96 25
42 96 25
42 96 25
42 96 25
42 96 25
42 96 25
42 96 25
42 96 25
42 96 25
42 96 25
42 96 25
42 96 25
42 96 25
42 96 25
42 96 25
42 96 25
42 96 25
42 96 25
42 96 25
42 96 25
42 96 25
42 96 25
42 96 25
42 96 25
42 96 25
42 96 25
42 96 25
42 96 25
42 96 25
42 96 25
42 96 25
42 96 25
42 96 25
42 96 25
42 96 25
42 96 25
42 96 25
42 96 25
42 96 25
42 96 25
42 97 25
42 97 25
42 97 25
42 97 25
42 97 25
42 97 25
42 97 25
42 97 25
42 97 25
42 97 25
42 97 25
42 97 25
42 97 25
42 97 25
42 97 25
42 97 25
42 97 25
42 97 25
42 97 25
42 97 25
42 97 25
42 97 25
42 97 25
42 97 25
42 97 25
42 97 25
42 97 25
42 97 25
42 97 25
42 97 25
42 97 25
42 97 25
42 97 25
42 97 25
42 97 25
42 97 25
42 97 25
42 97 25
42 97 25
42 97 25
42 97 25
42 97 25
42 97 25
42 97 25
42 97 25
42 97 25
42 97 25
42 97 25
42 97 25
42 97 25
42 97 25
42 97 25
42 97 25
42 97 25
42 97 25
42 97 25
42 97 25
42 97 25
42 97 25
42 97 25
42 97 25
42 97 25
42 97 25
42 97 25
42 97 25
42 97 25
42 97 25
42 97 25
42 97 25
42 97 25
42 97 25
42 97 25
42 97 25
42 97 25
42 97 25
42 97 25
42 97 25
42 98 25
42 98 25
42 98 25
42 98 25
42 98 25
42 98 25
42 98 25
42 98 25
42 98 25
42 98 25
42 98 25
42 98 25
42 98 25
42 98 25
42 98 25
42 98 25
42 98 25
42 98 25
42 98 25
42 98 25
42 98 25
42 98 25
42 98 25
42 98 25
42 98 25
42 98 25
42 98 25
42 98 25
42 98 25
42 98 25
42 98 25
42 98 25
42 98 25
42 98 25
42 98 25
42 98 25
42 98 25
42 98 25
42 98 25
42 98 25
42 98 25
42 98 25
42 98 25
42 98 25
42 98 25
42 98 25
42 98 25
42 98 25
42 98 25
42 98 25
42 98 25
42 98 25
42 98 25
42 98 25
42 98 25
42 98 25
42 98 25
42 98 25
42 98 25
42 98 25
42 98 25
42 98 25
42 98 25
42 98 25
42 98 25
42 98 25
42 98 25
42 98 25
42 98 25
42 98 25
42 98 25
42 98 25
42 98 25
42 98 25
42 98 25
42 99 25
42 99 25
42 99 25
42 99 25
42 99 25
42 99 25
42 99 25
42 99 25
42 99 25
42 99 25
42 99 25
42 99 25
42 99 25
42 99 25
42 99 25
42 99 25
42 99 25
42 99 25
42 99 25
42 99 25
42 99 25
42 99 25
42 99 25
42 99 25
42 99 25
42 99 25
42 99 25
42 99 25
42 99 25
42 99 25
42 99 25
42 99 25
42 99 25
42 99 25
42 99 25
42 99 25
42 99 25
42 99 25
42 99 25
42 99 25
42 99 25
42 99 25
42 99 25
42 99 25
42 99 25
42 99 25
42 99 25
42 99 25
42 99 25
42 99 25
42 99 25
42 99 25
42 99 25
42 99 25
42 99 25
42 99 25
42 99 25
42 99 25
42 99 25
42 99 25
42 99 25
42 99 25
42 99 25
42 99 25
42 99 25
42 99 25
42 99 25
42 99 25
42 99 25
42 99 25
42 99 25
42 99 25
42 100 25
42 100 25
42 100 25
42 100 25
42 100 25
42 100 25
42 100 25
42 100 25
42 100 25
42 100 25
42 100 25
42 100 25
42 100 25
42 100 25
42 100 25
42 100 25
42 100 25
42 100 25
42 100 25
42 100 25
42 100 25
42 100 25
42 100 25
42 100 25
42 100 25
42 100 25
42 100 25
42 100 25
42 100 25
42 100 25
42 100 25
42 100 25
42 100 25
42 100 25
42 100 25
42 100 25
42 100 25
42 100 25
42 100 25
42 100 25
42 100 25
42 100 25
42 100 25
42 100 25
42 100 25
42 100 25
42 100 25
42 100 25
42 100 25
42 100 25
42 100 25
42 100 25
42 100 25
42 100 25
42 100 25
42 100 25
42 100 25
42 100 25
42 100 25
42 100 25
42 100 25
42 100 25
42 100 25
42 100 25
42 100 25
42 100 25
42 100 25
42 101 25
42 101 25
42 101 25
42 101 25
42 101 25
42 101 25
42 101 25
42 101 25
42 101 25
42 101 25
42 101 25
42 101 25
42 101 25
42 101 25
42 101 25
42 101 25
42 101 25
42 101 25
42 101 25
42 101 25
42 101 25
42 101 25
42 101 25
42 101 25
42 101 25
42 101 25
42 101 25
42 101 25
42 101 25
42 101 25
42 101 25
42 101 25
42 101 25
42 101 25
42 101 25
42 101 25
42 101 25
42 101 25
42 101 25
42 101 25
42 101 25
42 101 25
42 101 25
42 101 25
42 101 25
42 101 25
42 101 25
42 101 25
42 101 25
42 101 25
42 101 25
42 101 25
42 101 25
42 101 25
42 101 25
42 101 25
42 101 25
42 101 25
42 101 25
42 101 25
42 101 25
42 102 25
42 102 25
42 102 25
42 102 25
42 102 25
42 102 25
42 102 25
42 102 25
42 102 25
42 102 25
42 102 25
42 102 25
42 102 25
42 102 25
42 102 25
42 102 25
42 102 25
42 102 25
42 102 25
42 102 25
42 102 25
42 102 25
42 102 25
42 102 25
42 102 25
42 102 25
42 102 25
42 102 25
42 102 25
42 102 25
42 102 25
42 102 25
42 102 25
42 102 25
42 102 25
42 102 25
42 102 25
42 102 25
42 102 25
42 102 25
42 102 25
42 102 25
42 102 25
42 102 25
42 102 25
42 102 25
42 102 25
42 102 25
42 102 25
42 102 25
42 102 25
42 102 25
42 102 25
42 102 25
42 103 25
42 103 25
42 103 25
42 103 25
42 103 25
42 103 25
42 103 25
42 103 25
42 103 25
42 103 25
42 103 25
42 103 25
42 103 25
42 103 25
42 103 25
42 103 25
42 103 25
42 103 25
42 103 25
42 103 25
42 103 25
42 103 25
42 103 25
42 103 25
42 103 25
42 103 25
42 103 25
42 103 25
42 103 25
42 103 25
42 103 25
42 103 25
42 103 25
42 103 25
42 103 25
42 103 25
42 103 25
42 103 25
42 103 25
42 103 25
42 103 25
42 103 25
42 103 25
42 103 25
42 103 25
42 103 25
42 103 25
42 104 25
42 104 25
42 104 25
42 104 25
42 104 25
42 104 25
42 104 25
42 104 25
42 104 25
42 104 25
42 104 25
42 104 25
42 104 25
42 104 25
42 104 25
42 104 25
42 104 25
42 104 25
42 104 25
42 104 25
42 104 25
42 104 25
42 104 25
42 104 25
42 104 25
42 104 25
42 104 25
42 104 25
42 104 25
42 104 25
42 104 25
42 104 25
42 104 25
42 104 25
42 104 25
42 104 25
42 104 25
42 104 25
42 104 25
42 104 25
42 105 25
42 105 25
42 105 25
42 105 25
42 105 25
42 105 25
42 105 25
42 105 25
42 105 25
42 105 25
42 105 25
42 105 25
42 105 25
42 105 25
42 105 25
42 105 25
42 105 25
42 105 25
42 105 25
42 105 25
42 105 25
42 105 25
42 105 25
42 105 25
42 105 25
42 105 25
42 105 25
42 105 25
42 105 25
42 105 25
42 105 25
42 105 25
42 105 25
42 106 25
42 106 25
42 106 25
42 106 25
42 106 25
42 106 25
42 106 25
42 106 25
42 106 25
42 106 25
42 106 25
42 106 25
42 106 25
42 106 25
42 106 25
42 106 25
42 106 25
42 106 25
42 106 25
42 106 25
42 106 25
42 106 25
42 106 25
42 106 25
42 106 25
42 106 25
42 106 25
42 107 25
42 107 25
42 107 25
42 107 25
42 107 25
42 107 25
42 107 25
42 107 25
42 107 25
42 107 25
42 107 25
42 107 25
42 107 25
42 107 25
42 107 25
42 107 25
42 107 25
42 107 25
42 107 25
42 107 25
42 107 25
42 107 25
42 108 25
42 108 25
42 108 25
42 108 25
42 108 25
42 108 25
42 108 25
42 108 25
42 108 25
42 108 25
42 108 25
42 108 25
42 108 25
42 108 25
42 108 25
42 108 25
42 108 25
42 108 25
42 109 25
42 109 25
42 109 25
42 109 25
42 109 25
42 109 25
42 109 25
42 109 25
42 109 25
42 109 25
42 109 25
42 109 25
42 109 25
42 109 25
42 109 25
42 110 25
42 110 25
42 110 25
42 110 25
42 110 25
42 110 25
42 110 25
42 110 25
42 110 25
42 110 25
42 110 25
42 110 25
42 110 25
42 111 25
42 111 25
42 111 25
42 111 25
42 111 25
42 111 25
42 111 25
42 111 25
42 111 25
42 111 25
42 111 25
42 112 25
42 112 25
42 112 25
42 112 25
42 112 25
42 112 25
42 112 25
42 112 25
42 112 25
42 113 25
42 113 25
42 113 25
42 113 25
42 113 25
42 113 25
42 113 25
42 113 25
42 114 25
42 114 25
42 114 25
42 114 25
42 114 25
42 114 25
42 114 25
42 115 25
42 115 25
42 115 25
42 115 25
42 115 25
42 115 25
42 116 25
42 116 25
42 116 25
42 116 25
42 116 25
42 117 25
42 117 25
42 117 25
42 117 25
42 118 25
42 118 25
42 118 25
42 119 25
42 119 25
42 119 25
42 120 25
42 120 25
42 121 25
42 121 25
42 122 25
42 123 25
42 124 25
42 125 25
42 126 25
42 127 25
42 128 25
42 129 25
42 130 25
42 131 25
42 132 25
42 133 25
42 134 25
42 135 25
42 136 25
42 137 25
42 138 25
42 139 25
42 140 25
42 141 25
42 142 25
42 142 25
42 143 25
42 143 25
42 144 25
42 144 25
42 145 25
42 145 25
42 146 25
42 146 25
42 146 25
42 147 25
42 147 25
42 147 25
42 148 25
42 148 25
42 148 25
42 148 25
42 149 25
42 149 25
42 149 25
42 149 25
42 150 25
42 150 25
42 150 25
42 150 25
42 150 25
42 151 25
42 151 25
42 151 25
42 151 25
42 151 25
42 152 25
42 152 25
42 152 25
42 152 25
42 152 25
42 152 25
42 153 25
42 153 25
42 153 25
42 153 25
42 153 25
42 153 25
42 153 25
42 154 25
42 154 25
42 154 25
42 154 25
42 154 25
42 154 25
42 154 25
42 154 25
42 155 25
42 155 25
42 155 25
42 155 25
42 155 25
42 155 25
42 155 25
42 155 25
42 155 25
42 155 25
42 156 25
42 156 25
42 156 25
42 156 25
42 156 25
42 156 25
42 156 25
42 156 25
42 156 25
42 156 25
42 156 25
42 156 25
42 156 25
42 157 25
42 157 25
42 157 25
42 157 25
42 157 25
42 157 25
42 157 25
42 157 25
42 157 25
42 157 25
42 157 25
42 157 25
42 157 25
42 157 25
42 157 25
42 157 25
42 158 25
42 158 25
42 158 25
42 158 25
42 158 25
42 158 25
42 158 25
42 158 25
42 158 25
42 158 25
42 158 25
42 158 25
42 158 25
42 158 25
42 158 25
42 158 25
42 158 25
42 158 25
42 158 25
42 158 25
42 159 25
42 159 25
42 159 25
42 159 25
42 159 25
42 159 25
42 159 25
42 159 25
42 159 25
42 159 25
42 159 25
42 159 25
42 159 25
42 159 25
42 159 25
42 159 25
42 159 25
42 159 25
42 159 25
42 159 25
42 159 25
42 159 25
42 159 25
42 159 25
42 159 25
42 159 25
42 160 25
42 160 25
42 160 25
42 160 25
42 160 25
42 160 25
42 160 25
42 160 25
42 160 25
42 160 25
42 160 25
42 160 25
42 160 25
42 160 25
42 160 25
42 160 25
42 160 25
42 160 25
42 160 25
42 160 25
42 160 25
42 160 25
42 160 25
42 160 25
42 160 25
42 160 25
42 160 25
42 160 25
42 160 25
42 160 25
42 160 25
42 160 25
42 161 25
42 161 25
42 161 25
42 161 25
42 161 25
42 161 25
42 161 25
42 161 25
42 161 25
42 161 25
42 161 25
42 161 25
42 161 25
42 161 25
42 161 25
42 161 25
42 161 25
42 161 25
42 161 25
42 161 25
42 161 25
42 161 25
42 161 25
42 161 25
42 161 25
42 161 25
42 161 25
42 161 25
42 161 25
42 161 25
42 161 25
42 161 25
42 161 25
42 161 25
42 161 25
42 161 25
42 161 25
42 161 25
42 162 25
42 162 25
42 162 25
42 162 25
42 162 25
42 162 25
42 162 25
42 162 25
42 162 25
42 162 25
42 162 25
42 162 25
42 162 25
42 162 25
42 162 25
42 162 25
42 162 25
42 162 25
42 162 25
42 162 25
42 162 25
42 162 25
42 162 25
42 162 25
42 162 25
42 162 25
42 162 25
42 162 25
42 162 25
42 162 25
42 162 25
42 162 25
42 162 25
42 162 25
42 162 25
42 162 25
42 162 25
42 162 25
42 162 25
42 162 25
42 162 25
42 162 25
42 162 25
42 163 25
42 163 25
42 163 25
42 163 25
42 163 25
42 163 25
42 163 25
42 163 25
42 163 25
42 163 25
42 163 25
42 163 25
42 163 25
42 163 25
42 163 25
42 163 25
42 163 25
42 163 25
42 163 25
42 163 25
42 163 25
42 163 25
42 163 25
42 163 25
42 163 25
42 163 25
42 163 25
42 163 25
42 163 25
42 163 25
42 163 25
42 163 25
42 163 25
42 163 25
42 163 25
42 163 25
42 163 25
42 163 25
42 163 25
42 163 25
42 163 25
42 163 25
42 163 25
42 163 25
42 163 25
42 163 25
42 163 25
42 164 25
42 164 25
42 164 25
42 164 25
42 164 25
42 164 25
42 164 25
42 164 25
42 164 25
42 164 25
42 164 25
42 164 25
42 164 25
42 164 25
42 164 25
42 164 25
42 164 25
42 164 25
42 164 25
42 164 25
42 164 25
42 164 25
42 164 25
42 164 25
42 164 25
42 164 25
42 164 25
42 164 25
42 164 25
42 164 25
42 164 25
42 164 25
42 164 25
42 164 25
42 164 25
42 164 25
42 164 25
42 164 25
42 164 25
42 164 25
42 164 25
42 164 25
42 164 25
42 164 25
42 164 25
42 164 25
42 164 25
42 164 25
42 164 25
42 164 25
42 165 25
42 165 25
42 165 25
42 165 25
42 165 25
42 165 25
42 165 25
42 165 25
42 165 25
42 165 25
42 165 25
42 165 25
42 165 25
42 165 25
42 165 25
42 165 25
42 165 25
42 165 25
42 165 25
42 165 25
42 165 25
42 165 25
42 165 25
42 165 25
42 165 25
42 165 25
42 165 25
42 165 25
42 165 25
42 165 25
42 165 25
42 165 25
42 165 25
42 165 25
42 165 25
42 165 25
42 165 25
42 165 25
42 165 25
42 165 25
42 165 25
42 165 25
42 165 25
42 165 25
42 165 25
42 165 25
42 165 25
42 165 25
42 165 25
42 165 25
42 165 25
42 166 25
42 166 25
42 166 25
42 166 25
42 166 25
42 166 25
42 166 25
42 166 25
42 166 25
42 166 25
42 166 25
42 166 25
42 166 25
42 166 25
42 166 25
42 166 25
42 166 25
42 166 25
42 166 25
42 166 25
42 166 25
42 166 25
42 166 25
42 166 25
42 166 25
42 166 25
42 166 25
42 166 25
42 166 25
42 166 25
42 166 25
42 166 25
42 166 25
42 166 25
42 166 25
42 166 25
42 166 25
42 166 25
42 166 25
42 166 25
42 166 25
42 166 25
42 166 25
42 166 25
42 166 25
42 166 25
42 166 25
42 166 25
42 166 25
42 166 25
42 166 25
42 167 25
42 167 25
42 167 25
42 167 25
42 167 25
42 167 25
42 167 25
42 167 25
42 167 25
42 167 25
42 167 25
42 167 25
42 167 25
42 167 25
42 167 25
42 167 25
42 167 25
42 167 25
42 167 25
42 167 25
42 167 25
42 167 25
42 167 25
42 167 25
42 167 25
42 167 25
42 167 25
42 167 25
42 167 25
42 167 25
42 167 25
42 167 25
42 167 25
42 167 25
42 167 25
42 167 25
42 167 25
42 167 25
42 167 25
42 167 25
42 167 25
42 167 25
42 167 25
42 167 25
42 167 25
42 167 25
42 167 25
42 167 25
42 167 25
42 168 25
42 168 25
42 168 25
42 168 25
42 168 25
42 168 25
42 168 25
42 168 25
42 168 25
42 168 25
42 168 25
42 168 25
42 168 25
42 168 25
42 168 25
42 168 25
42 168 25
42 168 25
42 168 25
42 168 25
42 168 25
42 168 25
42 168 25
42 168 25
42 168 25
42 168 25
42 168 25
42 168 25
42 168 25
42 168 25
42 168 25
42 168 25
42 168 25
42 168 25
42 168 25
42 168 25
42 168 25
42 168 25
42 168 25
42 168 25
42 168 25
42 168 25
42 168 25
42 168 25
42 168 25
42 168 25
42 169 25
42 169 25
42 169 25
42 169 25
42 169 25
42 169 25
42 169 25
42 169 25
42 169 25
42 169 25
42 169 25
42 169 25
42 169 25
42 169 25
42 169 25
42 169 25
42 169 25
42 169 25
42 169 25
42 169 25
42 169 25
42 169 25
42 169 25
42 169 25
42 169 25
42 169 25
42 169 25
42 169 25
42 169 25
42 169 25
42 169 25
42 169 25
42 169 25
42 169 25
42 169 25
42 169 25
42 169 25
42 169 25
42 169 25
42 169 25
42 169 25
42 169 25
42 169 25
42 170 25
42 170 25
42 170 25
42 170 25
42 170 25
42 170 25
42 170 25
42 170 25
42 170 25
42 170 25
42 170 25
42 170 25
42 170 25
42 170 25
42 170 25
42 170 25
42 170 25
42 170 25
42 170 25
42 170 25
42 170 25
42 170 25
42 170 25
42 170 25
42 170 25
42 170 25
42 170 25
42 170 25
42 170 25
42 170 25
42 170 25
42 170 25
42 170 25
42 170 25
42 170 25
42 170 25
42 170 25
42 170 25
42 170 25
42 170 25
42 171 25
42 171 25
42 171 25
42 171 25
42 171 25
42 171 25
42 171 25
42 171 25
42 171 25
42 171 25
42 171 25
42 171 25
42 171 25
42 171 25
42 171 25
42 171 25
42 171 25
42 171 25
42 171 25
42 171 25
42 171 25
42 171 25
42 171 25
42 171 25
42 171 25
42 171 25
42 171 25
42 171 25
42 171 25
42 171 25
42 171 25
42 171 25
42 171 25
42 171 25
42 171 25
42 171 25
42 172 25
42 172 25
42 172 25
42 172 25
42 172 25
42 172 25
42 172 25
42 172 25
42 172 25
42 172 25
42 172 25
42 172 25
42 172 25
42 172 25
42 172 25
42 172 25
42 172 25
42 172 25
42 172 25
42 172 25
42 172 25
42 172 25
42 172 25
42 172 25
42 172 25
42 172 25
42 172 25
42 172 25
42 172 25
42 172 25
42 172 25
42 172 25
42 172 25
42 172 25
42 173 25
42 173 25
42 173 25
42 173 25
42 173 25
42 173 25
42 173 25
42 173 25
42 173 25
42 173 25
42 173 25
42 173 25
42 173 25
42 173 25
42 173 25
42 173 25
42 173 25
42 173 25
42 173 25
42 173 25
42 173 25
42 173 25
42 173 25
42 173 25
42 173 25
42 173 25
42 173 25
42 173 25
42 173 25
42 173 25
42 173 25
42 174 25
42 174 25
42 174 25
42 174 25
42 174 25
42 174 25
42 174 25
42 174 25
42 174 25
42 174 25
42 174 25
42 174 25
42 174 25
42 174 25
42 174 25
42 174 25
42 174 25
42 174 25
42 174 25
42 174 25
42 174 25
42 174 25
42 174 25
42 174 25
42 174 25
42 174 25
42 174 25
42 174 25
42 174 25
42 174 25
42 175 25
42 175 25
42 175 25
42 175 25
42 175 25
42 175 25
42 175 25
42 175 25
42 175 25
42 175 25
42 175 25
42 175 25
42 175 25
42 175 25
42 175 25
42 175 25
42 175 25
42 175 25
42 175 25
42 175 25
42 175 25
42 175 25
42 175 25
42 175 25
42 175 25
42 175 25
42 175 25
42 175 25
42 176 25
42 176 25
42 176 25
42 176 25
42 176 25
42 176 25
42 176 25
42 176 25
42 176 25
42 176 25
42 176 25
42 176 25
42 176 25
42 176 25
42 176 25
42 176 25
42 176 25
42 176 25
42 176 25
42 176 25
42 176 25
42 176 25
42 176 25
42 176 25
42 176 25
42 176 25
42 176 25
42 177 25
42 177 25
42 177 25
42 177 25
42 177 25
42 177 25
42 177 25
42 177 25
42 177 25
42 177 25
42 177 25
42 177 25
42 177 25
42 177 25
42 177 25
42 177 25
42 177 25
42 177 25
42 177 25
42 177 25
42 177 25
42 177 25
42 177 25
42 177 25
42 177 25
42 177 25
42 178 25
42 178 25
42 178 25
42 178 25
42 178 25
42 178 25
42 178 25
42 178 25
42 178 25
42 178 25
42 178 25
42 178 25
42 178 25
42 178 25
42 178 25
42 178 25
42 178 25
42 178 25
42 178 25
42 178 25
42 178 25
42 178 25
42 178 25
42 178 25
42 179 25
42 179 25
42 179 25
42 179 25
42 179 25
42 179 25
42 179 25
42 179 25
42 179 25
42 179 25
42 179 25
42 179 25
42 179 25
42 179 25
42 179 25
42 179 25
42 179 25
42 179 25
42 179 25
42 179 25
42 179 25
42 179 25
42 180 25
42 180 25
42 180 25
42 180 25
42 180 25
42 180 25
42 180 25
42 180 25
42 180 25
42 180 25
42 180 25
42 180 25
42 180 25
42 180 25
42 180 25
42 180 25
42 180 25
42 180 25
42 180 25
42 180 25
42 180 25
42 181 25
42 181 25
42 181 25
42 181 25
42 181 25
42 181 25
42 181 25
42 181 25
42 181 25
42 181 25
42 181 25
42 181 25
42 181 25
42 181 25
42 181 25
42 181 25
42 181 25
42 181 25
42 181 25
42 182 25
42 182 25
42 182 25
42 182 25
42 182 25
42 182 25
42 182 25
42 182 25
42 182 25
42 182 25
42 182 25
42 182 25
42 182 25
42 182 25
42 182 25
42 182 25
42 182 25
42 183 25
42 183 25
42 183 25
42 183 25
42 183 25
42 183 25
42 183 25
42 183 25
42 183 25
42 183 25
42 183 25
42 183 25
42 183 25
42 183 25
42 184 25
42 184 25
42 184 25
42 184 25
42 184 25
42 184 25
42 184 25
42 184 25
42 184 25
42 184 25
42 184 25
42 184 25
42 185 25
42 185 25
42 185 25
42 185 25
42 185 25
42 185 25
42 185 25
42 185 25
42 185 25
42 185 25
42 186 25
42 186 25
42 186 25
42 186 25
42 186 25
42 186 25
42 186 25
42 187 25
42 187 25
42 187 25
42 187 25
42 187 25
42 187 25
42 188 25
42 188 25
42 188 25
42 188 25
42 189 25
42 189 25
42 189 25
42 190 25
42 190 25
42 191 25
42 191 25
42 192 25
42 193 25
42 194 25
43 22 25
43 22 25
43 22 25
43 22 25
43 22 25
43 22 25
43 22 25
43 22 25
43 22 25
43 22 25
43 22 25
43 22 25
43 22 25
43 22 25
43 22 25
43 22 25
43 22 25
43 22 25
43 22 25
43 22 25
43 22 25
43 22 25
43 22 25
43 22 25
43 22 25
43 22 25
43 22 25
43 22 25
43 22 25
43 22 25
43 22 25
43 22 25
43 22 25
43 22 25
43 22 25
43 22 25
43 22 25
43 22 25
43 22 25
43 22 25
43 22 25
43 22 25
43 22 25
43 22 25
43 22 25
43 22 25
43 22 25
43 22 25
43 22 25
43 22 25
43 22 25
43 22 25
43 22 25
43 22 25
43 22 25
43 22 25
43 22 25
43 22 25
43 22 25
43 22 25
43 22 25
43 22 25
43 22 25
43 22 25
43 22 25
43 22 25
43 22 25
43 22 25
43 22 25
43 22 25
43 22 25
43 22 25
43 22 25
43 22 25
43 22 25
43 22 25
43 22 25
43 22 25
43 22 25
43 22 25
43 22 25
43 22 25
43 22 25
43 22 25
43 22 25
43 22 25
43 22 25
43 22 25
43 22 25
43 22 25
43 22 25
43 22 25
43 22 25
43 22 25
43 22 25
43 22 25
43 22 25
43 22 25
43 22 25
43 22 25
43 22 25
43 22 25
43 22 25
43 22 25
43 22 25
43 22 25
43 22 25
43 22 25
43 22 25
43 22 25
43 22 25
43 22 25
44 22 25
44 22 25
44 22 25
44 22 25
44 22 25
44 22 25
44 22 25
44 22 25
44 22 25
44 22 25
44 22 25
44 22 25
44 22 25
44 22 25
44 22 25
44 22 25
44 22 25
44 22 25
44 22 25
44 22 25
44 22 25
44 22 25
44 22 25
44 22 25
44 22 25
44 22 25
44 22 25
44 22 25
44 22 25
44 22 25
44 22 25
44 22 25
44 22 25
44 22 25
44 22 25
44 22 25
44 22 25
44 22 25
44 22 25
44 22 25
44 22 25
44 22 25
44 22 25
44 22 25
44 22 25
44 22 25
44 22 25
44 22 25
44 22 25
44 22 25
44 22 25
44 22 25
44 22 25
44 22 25
44 22 25
44 22 25
44 22 25
44 22 25
44 22 25
44 22 25
44 22 25
44 22 25
44 22 25
44 22 25
44 22 25
44 22 25
44 22 25
44 22 25
44 22 25
44 22 25
44 22 25
44 22 25
44 22 25
44 22 25
44 22 25
44 22 25
44 22 25
44 22 25
44 22 25
44 22 25
44 22 25
44 22 25
44 22 25
44 22 25
44 22 25
44 22 25
44 22 25
44 22 25
44 22 25
44 22 25
44 22 25
44 22 25
44 22 25
44 22 25
44 22 25
44 22 25
44 22 25
44 22 25
44 22 25
44 22 25
44 22 25
44 22 25
44 22 25
44 22 25
44 22 25
44 22 25
44 22 25
44 22 25
44 22 25
44 22 25
45 22 25
45 22 25
45 22 25
45 22 25
45 22 25
45 22 25
45 22 25
45 22 25
45 22 25
45 22 25
45 22 25
45 22 25
45 22 25
45 22 25
45 22 25
45 22 25
45 22 25
45 22 25
45 22 25
45 22 25
45 22 25
45 22 25
45 22 25
45 22 25
45 22 25
45 22 25
45 22 25
45 22 25
45 22 25
45 22 25
45 22 25
45 22 25
45 22 25
45 22 25
45 22 25
45 22 25
45 22 25
45 22 25
45 22 25
45 22 25
45 22 25
45 22 25
45 22 25
45 22 25
45 22 25
45 22 25
45 22 25
45 22 25
45 22 25
45 22 25
45 22 25
45 22 25
45 22 25
45 22 25
45 22 25
45 22 25
45 22 25
45 22 25
45 22 25
45 22 25
45 22 25
45 22 25
45 22 25
45 22 25
45 22 25
45 22 25
45 22 25
45 22 25
45 22 25
45 22 25
45 22 25
45 22 25
45 22 25
45 22 25
45 22 25
45 22 25
45 22 25
45 22 25
45 22 25
45 22 25
45 22 25
45 22 25
45 22 25
45 22 25
45 22 25
45 22 25
45 22 25
45 22 25
45 22 25
45 22 25
45 22 25
45 22 25
45 22 25
45 22 25
45 22 25
45 22 25
45 22 25
45 22 25
45 22 25
45 22 25
45 22 25
45 22 25
45 22 25
45 22 25
45 22 25
45 22 25
46 22 25
46 22 25
46 22 25
46 22 25
46 22 25
46 22 25
46 22 25
46 22 25
46 22 25
46 22 25
46 22 25
46 22 25
46 22 25
46 22 25
46 22 25
46 22 25
46 22 25
46 22 25
46 22 25
46 22 25
46 22 25
46 22 25
46 22 25
46 22 25
46 22 25
46 22 25
46 22 25
46 22 25
46 22 25
46 22 25
46 22 25
46 22 25
46 22 25
46 22 25
46 22 25
46 22 25
46 22 25
46 22 25
46 22 25
46 22 25
46 22 25
46 22 25
46 22 25
46 22 25
46 22 25
46 22 25
46 22 25
46 22 25
46 22 25
46 22 25
46 22 25
46 22 25
46 22 25
46 22 25
46 22 25
46 22 25
46 22 25
46 22 25
46 22 25
46 22 25
46 22 25
46 22 25
46 22 25
46 22 25
46 22 25
46 22 25
46 22 25
46 22 25
46 22 25
46 22 25
46 22 25
46 22 25
46 22 25
46 22 25
46 22 25
46 22 25
46 22 25
46 22 25
46 22 25
46 22 25
46 22 25
46 22 25
46 22 25
46 22 25
46 22 25
46 22 25
46 22 25
46 22 25
46 22 25
46 22 25
46 22 25
46 22 25
46 22 25
46 22 25
46 22 25
46 22 25
46 22 25
46 22 25
46 22 25
46 22 25
46 22 25
46 22 25
47 22 25
47 22 25
47 22 25
47 22 25
47 22 25
47 22 25
47 22 25
47 22 25
47 22 25
47 22 25
47 22 25
47 22 25
47 22 25
47 22 25
47 22 25
47 22 25
47 22 25
47 22 25
47 22 25
47 22 25
47 22 25
47 22 25
47 22 25
47 22 25
47 22 25
47 22 25
47 22 25
47 22 25
47 22 25
47 22 25
47 22 25
47 22 25
47 22 25
47 22 25
47 22 25
47 22 25
47 22 25
47 22 25
47 22 25
47 22 25
47 22 25
47 22 25
47 22 25
47 22 25
47 22 25
47 22 25
47 22 25
47 22 25
47 22 25
47 22 25
47 22 25
47 22 25
47 22 25
47 22 25
47 22 25
47 22 25
47 22 25
47 22 25
47 22 25
47 22 25
47 22 25
47 22 25
47 22 25
47 22 25
47 22 25
47 22 25
47 22 25
47 22 25
47 22 25
47 22 25
47 22 25
47 22 25
47 22 25
47 22 25
47 22 25
47 22 25
47 22 25
47 22 25
47 22 25
47 22 25
47 22 25
47 22 25
47 22 25
47 22 25
47 22 25
47 22 25
47 22 25
47 22 25
47 22 25
47 22 25
47 22 25
47 22 25
47 22 25
47 22 25
47 22 25
47 22 25
47 22 25
48 22 25
48 22 25
48 22 25
48 22 25
48 22 25
48 22 25
48 22 25
48 22 25
48 22 25
48 22 25
48 22 25
48 22 25
48 22 25
48 22 25
48 22 25
48 22 25
48 22 25
48 22 25
48 22 25
48 22 25
48 22 25
48 22 25
48 22 25
48 22 25
48 22 25
48 22 25
48 22 25
48 22 25
48 22 25
48 22 25
48 22 25
48 22 25
48 22 25
48 22 25
48 22 25
48 22 25
48 22 25
48 22 25
48 22 25
48 22 25
48 22 25
48 22 25
48 22 25
48 22 25
48 22 25
48 22 25
48 22 25
48 22 25
48 22 25
48 22 25
48 22 25
48 22 25
48 22 25
48 22 25
48 22 25
48 22 25
48 22 25
48 22 25
48 22 25
48 22 25
48 22 25
48 22 25
48 22 25
48 22 25
48 22 25
48 22 25
48 22 25
48 22 25
48 22 25
48 22 25
48 22 25
48 22 25
48 22 25
48 22 25
48 22 25
48 22 25
48 22 25
48 22 25
48 22 25
48 22 25
48 22 25
48 22 25
48 22 25
48 22 25
48 22 25
48 22 25
48 22 25
48 22 25
48 22 25
48 22 25
48 22 25
49 22 25
49 22 25
49 22 25
49 22 25
49 22 25
49 22 25
49 22 25
49 22 25
49 22 25
49 22 25
49 22 25
49 22 25
49 22 25
49 22 25
49 22 25
49 22 25
49 22 25
49 22 25
49 22 25
49 22 25
49 22 25
49 22 25
49 22 25
49 22 25
49 22 25
49 22 25
49 22 25
49 22 25
49 22 25
49 22 25
49 22 25
49 22 25
49 22 25
49 22 25
49 22 25
49 22 25
49 22 25
49 22 25
49 22 25
49 22 25
49 22 25
49 22 25
49 22 25
49 22 25
49 22 25
49 22 25
49 22 25
49 22 25
49 22 25
49 22 25
49 22 25
49 22 25
49 22 25
49 22 25
49 22 25
49 22 25
49 22 25
49 22 25
49 22 25
49 22 25
49 22 25
49 22 25
49 22 25
49 22 25
49 22 25
49 22 25
49 22 25
49 22 25
49 22 25
49 22 25
49 22 25
49 22 25
49 22 25
49 22 25
49 22 25
49 22 25
49 22 25
49 22 25
49 22 25
49 22 25
49 22 25
49 22 25
49 22 25
49 22 25
50 22 25
50 22 25
50 22 25
50 22 25
50 22 25
50 22 25
50 22 25
50 22 25
50 22 25
50 22 25
50 22 25
50 22 25
50 22 25
50 22 25
50 22 25
50 22 25
50 22 25
50 22 25
50 22 25
50 22 25
50 22 25
50 22 25
50 22 25
50 22 25
50 22 25
50 22 25
50 22 25
50 22 25
50 22 25
50 22 25
50 22 25
50 22 25
50 22 25
50 22 25
50 22 25
50 22 25
50 22 25
50 22 25
50 22 25
50 22 25
50 22 25
50 22 25
50 22 25
50 22 25
50 22 25
50 22 25
50 22 25
50 22 25
50 22 25
50 22 25
50 22 25
50 22 25
50 22 25
50 22 25
50 22 25
50 22 25
50 22 25
50 22 25
50 22 25
50 22 25
50 22 25
50 22 25
50 22 25
50 22 25
50 22 25
50 22 25
50 22 25
50 22 25
50 22 25
50 22 25
50 22 25
50 22 25
50 22 25
50 22 25
50 22 25
50 22 25
50 22 25
51 22 25
51 22 25
51 22 25
51 22 25
51 22 25
51 22 25
51 22 25
51 22 25
51 22 25
51 22 25
51 22 25
51 22 25
51 22 25
51 22 25
51 22 25
51 22 25
51 22 25
51 22 25
51 22 25
51 22 25
51 22 25
51 22 25
51 22 25
51 22 25
51 22 25
51 22 25
51 22 25
51 22 25
51 22 25
51 22 25
51 22 25
51 22 25
51 22 25
51 22 25
51 22 25
51 22 25
51 22 25
51 22 25
51 22 25
51 22 25
51 22 25
51 22 25
51 22 25
51 22 25
51 22 25
51 22 25
51 22 25
51 22 25
51 22 25
51 22 25
51 22 25
51 22 25
51 22 25
51 22 25
51 22 25
51 22 25
51 22 25
51 22 25
51 22 25
51 22 25
51 22 25
51 22 25
51 22 25
51 22 25
51 22 25
51 22 25
51 22 25
51 22 25
51 22 25
52 22 25
52 22 25
52 22 25
52 22 25
52 22 25
52 22 25
52 22 25
52 22 25
52 22 25
52 22 25
52 22 25
52 22 25
52 22 25
52 22 25
52 22 25
52 22 25
52 22 25
52 22 25
52 22 25
52 22 25
52 22 25
52 22 25
52 22 25
52 22 25
52 22 25
52 22 25
52 22 25
52 22 25
52 22 25
52 22 25
52 22 25
52 22 25
52 22 25
52 22 25
52 22 25
52 22 25
52 22 25
52 22 25
52 22 25
52 22 25
52 22 25
52 22 25
52 22 25
52 22 25
52 22 25
52 22 25
52 22 25
52 22 25
52 22 25
52 22 25
52 22 25
52 22 25
52 22 25
52 22 25
52 22 25
52 22 25
52 22 25
52 22 25
52 22 25
52 22 25
52 22 25
52 22 25
53 22 25
53 22 25
53 22 25
53 22 25
53 22 25
53 22 25
53 22 25
53 22 25
53 22 25
53 22 25
53 22 25
53 22 25
53 22 25
53 22 25
53 22 25
53 22 25
53 22 25
53 22 25
53 22 25
53 22 25
53 22 25
53 22 25
53 22 25
53 22 25
53 22 25
53 22 25
53 22 25
53 22 25
53 22 25
53 22 25
53 22 25
53 22 25
53 22 25
53 22 25
53 22 25
53 22 25
53 22 25
53 22 25
53 22 25
53 22 25
53 22 25
53 22 25
53 22 25
53 22 25
53 22 25
53 22 25
53 22 25
53 22 25
53 22 25
53 22 25
53 22 25
53 22 25
53 22 25
53 22 25
53 22 25
54 22 25
54 22 25
54 22 25
54 22 25
54 22 25
54 22 25
54 22 25
54 22 25
54 22 25
54 22 25
54 22 25
54 22 25
54 22 25
54 22 25
54 22 25
54 22 25
54 22 25
54 22 25
54 22 25
54 22 25
54 22 25
54 22 25
54 22 25
54 22 25
54 22 25
54 22 25
54 22 25
54 22 25
54 22 25
54 22 25
54 22 25
54 22 25
54 22 25
54 22 25
54 22 25
54 22 25
54 22 25
54 22 25
54 22 25
54 22 25
54 22 25
54 22 25
54 22 25
54 22 25
54 22 25
54 22 25
54 22 25
55 22 25
55 22 25
55 22 25
55 22 25
55 22 25
55 22 25
55 22 25
55 22 25
55 22 25
55 22 25
55 22 25
55 22 25
55 22 25
55 22 25
55 22 25
55 22 25
55 22 25
55 22 25
55 22 25
55 22 25
55 22 25
55 22 25
55 22 25
55 22 25
55 22 25
55 22 25
55 22 25
55 22 25
55 22 25
55 22 25
55 22 25
55 22 25
55 22 25
55 22 25
55 22 25
55 22 25
55 22 25
55 22 25
55 22 25
55 22 25
55 22 25
56 22 25
56 22 25
56 22 25
56 22 25
56 22 25
56 22 25
56 22 25
56 22 25
56 22 25
56 22 25
56 22 25
56 22 25
56 22 25
56 22 25
56 22 25
56 22 25
56 22 25
56 22 25
56 22 25
56 22 25
56 22 25
56 22 25
56 22 25
56 22 25
56 22 25
56 22 25
56 22 25
56 22 25
56 22 25
56 22 25
56 22 25
56 22 25
56 22 25
56 22 25
56 22 25
57 22 25
57 22 25
57 22 25
57 22 25
57 22 25
57 22 25
57 22 25
57 22 25
57 22 25
57 22 25
57 22 25
57 22 25
57 22 25
57 22 25
57 22 25
57 22 25
57 22 25
57 22 25
57 22 25
57 22 25
57 22 25
57 22 25
57 22 25
57 22 25
57 22 25
57 22 25
57 22 25
57 22 25
57 22 25
58 22 25
58 22 25
58 22 25
58 22 25
58 22 25
58 22 25
58 22 25
58 22 25
58 22 25
58 22 25
58 22 25
58 22 25
58 22 25
58 22 25
58 22 25
58 22 25
58 22 25
58 22 25
58 22 25
58 22 25
58 22 25
58 22 25
58 22 25
58 22 25
59 22 25
59 22 25
59 22 25
59 22 25
59 22 25
59 22 25
59 22 25
59 22 25
59 22 25
59 22 25
59 22 25
59 22 25
59 22 25
59 22 25
59 22 25
59 22 25
59 22 25
59 22 25
59 22 25
59 22 25
60 22 25
60 22 25
60 22 25
60 22 25
60 22 25
60 22 25
60 22 25
60 22 25
60 22 25
60 22 25
60 22 25
60 22 25
60 22 25
60 22 25
60 22 25
60 22 25
61 22 25
61 22 25
61 22 25
61 22 25
61 22 25
61 22 25
61 22 25
61 22 25
61 22 25
61 22 25
61 22 25
61 22 25
61 22 25
62 22 25
62 22 25
62 22 25
62 22 25
62 22 25
62 22 25
62 22 25
62 22 25
62 22 25
62 22 25
62 22 25
63 22 25
63 22 25
63 22 25
63 22 25
63 22 25
63 22 25
63 22 25
63 22 25
63 22 25
63 22 25
63 23 225
63 23 25
63 23 25
63 23 25
63 23 25
63 24 25
63 24 25
63 24 25
63 24 25
63 24 25
63 24 25
63 24 25
63 24 25
63 24 25
63 24 25
63 24 25
63 24 25
63 24 25
63 24 25
63 24 25
63 24 25
63 25 25
63 25 25
63 25 25
63 25 25
63 25 25
63 25 25
63 25 25
63 25 25
63 25 25
63 25 25
63 25 25
63 25 25
63 25 25
63 25 25
63 25 25
63 25 25
63 25 25
63 25 25
63 25 25
63 25 25
63 26 25
63 26 25
63 26 25
63 26 25
63 26 25
63 26 25
63 26 25
63 26 25
63 26 25
63 26 25
63 26 25
63 26 25
63 26 25
63 26 25
63 26 25
63 26 25
63 26 25
63 26 25
63 26 25
63 26 25
63 26 25
63 26 25
63 26 25
63 27 25
63 27 25
63 27 25
63 27 25
63 27 25
63 27 25
63 27 25
63 27 25
63 27 25
63 27 25
63 27 25
63 27 25
63 27 25
63 27 25
63 27 25
63 27 25
63 27 25
63 27 25
63 27 25
63 27 25
63 27 25
63 27 25
63 27 25
63 27 25
63 27 25
63 28 25
63 28 25
63 28 25
63 28 25
63 28 25
63 28 25
63 28 25
63 28 25
63 28 25
63 28 25
63 28 25
63 28 25
63 28 25
63 28 25
63 28 25
63 28 25
63 28 25
63 28 25
63 28 25
63 28 25
63 28 25
63 28 25
63 28 25
63 28 25
63 28 25
63 28 25
63 28 25
63 29 25
63 29 25
63 29 25
63 29 25
63 29 25
63 29 25
63 29 25
63 29 25
63 29 25
63 29 25
63 29 25
63 29 25
63 29 25
63 29 25
63 29 25
63 29 25
63 29 25
63 29 25
63 29 25
63 29 25
63 29 25
63 29 25
63 29 25
63 29 25
63 29 25
63 29 25
63 29 25
63 30 25
63 30 25
63 30 25
63 30 25
63 30 25
63 30 25
63 30 25
63 30 25
63 30 25
63 30 25
63 30 25
63 30 25
63 30 25
63 30 25
63 30 25
63 30 25
63 30 25
63 30 25
63 30 25
63 30 25
63 30 25
63 30 25
63 30 25
63 30 25
63 30 25
63 30 25
63 31 25
63 31 25
63 31 25
63 31 25
63 31 25
63 31 25
63 31 25
63 31 25
63 31 25
63 31 25
63 31 25
63 31 25
63 31 25
63 31 25
63 31 25
63 31 25
63 31 25
63 31 25
63 31 25
63 31 25
63 31 25
63 31 25
63 31 25
63 31 25
63 32 25
63 32 25
63 32 25
63 32 25
63 32 25
63 32 25
63 32 25
63 32 25
63 32 25
63 32 25
63 32 25
63 32 25
63 32 25
63 32 25
63 32 25
63 32 25
63 32 25
63 32 25
63 32 25
63 32 25
63 32 25
63 33 25
63 33 25
63 33 25
63 33 25
63 33 25
63 33 25
63 33 25
63 33 25
63 33 25
63 33 25
63 33 25
63 33 25
63 33 25
63 33 25
63 33 25
63 33 25
63 33 25
63 33 25
63 34 25
63 34 25
63 34 25
63 34 25
63 34 25
63 34 25
63 34 25
63 34 25
63 34 25
63 34 25
63 34 25
63 34 25
63 34 25
63 34 25
63 34 25
63 35 25
63 35 25
63 35 25
63 35 25
63 35 25
63 35 25
63 35 25
63 35 25
63 35 25
63 35 25
63 35 25
63 35 25
63 36 25
63 36 25
63 36 25
63 36 25
63 36 25
63 36 25
63 36 25
63 36 25
63 36 25
63 36 25
63 37 25
63 37 25
63 37 25
63 37 25
63 37 25
63 37 25
63 37 25
63 37 25
63 38 25
63 38 25
63 38 25
63 38 25
63 38 25
63 38 25
63 39 25
63 39 25
63 39 25
63 39 25
63 39 25
63 40 25
63 40 25
63 40 25
63 40 25
63 41 25
63 41 25
63 41 25
64 41 50
65 41 25
65 41 25
66 41 25
66 41 25
67 41 25
68 41 25
69 41 25
70 41 25
71 41 25
72 41 25
73 41 25
74 41 25
75 41 25
76 41 25
77 41 25
78 41 25
79 41 25
80 41 25
81 41 25
82 41 25
83 41 25
84 41 25
85 41 25
86 41 25
87 41 25
88 41 25
89 41 25
90 41 25
91 41 25
92 41 25
92 40 25
92 39 25
92 38 25
92 37 25
92 36 25
92 35 25
92 34 25
92 33 25
92 32 25
92 31 25
92 30 25
92 29 25
92 28 25
92 27 25
92 26 25
92 25 25
92 24 25
92 23 25
92 22 25
93 22 25
94 22 25
95 22 25
96 22 25
97 22 25
98 22 25
99 22 25
100 22 25
101 22 25
102 22 25
103 22 25
104 22 25
105 22 25
106 22 25
107 22 25
108 22 25
109 22 25
110 22 25
111 22 25
112 22 25
113 22 25
114 22 25
115 22 25
115 23 25
115 24 25
115 25 25
115 26 25
115 27 25
115 28 25
115 29 25
115 30 25
115 31 25
115 32 25
116 32 25
117 32 25
118 32 25
119 32 25
120 32 25
121 32 25
122 32 25
123 32 25
124 32 25
125 32 25
126 32 25
127 32 25
128 32 25
129 32 25
130 32 25
130 32 25
131 32 25
131 32 25
132 32 25
132 32 25
132 32 25
133 32 25
133 32 25
133 32 25
134 32 25
134 32 25
134 32 25
134 32 25
135 32 25
135 32 25
135 32 25
135 32 25
135 32 25
136 32 25
136 32 25
136 32 25
136 32 25
136 32 25
136 32 25
137 32 25
137 32 25
137 32 25
137 32 25
137 32 25
137 32 25
137 32 25
137 32 25
138 32 25
138 32 25
138 32 25
138 32 25
138 32 25
138 32 25
138 32 25
138 32 25
138 32 25
138 32 25
139 32 25
139 32 25
139 32 25
139 32 25
139 32 25
139 32 25
139 32 25
139 32 25
139 32 25
139 32 25
139 32 25
139 32 25
139 32 25
139 33 300
139 34 25
139 34 25
139 34 25
139 34 25
139 34 25
139 34 25
139 34 25
139 34 25
139 34 25
139 34 25
139 34 25
139 35 25
139 35 25
139 35 25
139 35 25
139 35 25
139 35 25
139 35 25
139 35 25
139 35 25
139 35 25
139 36 25
139 36 25
139 36 25
139 36 25
139 36 25
139 36 25
139 36 25
139 36 25
139 36 25
139 37 25
139 37 25
139 37 25
139 37 25
139 37 25
139 37 25
139 37 25
139 37 25
139 38 25
139 38 25
139 38 25
139 38 25
139 38 25
139 38 25
139 38 25
139 39 25
139 39 25
139 39 25
139 39 25
139 39 25
139 39 25
139 40 25
139 40 25
139 40 25
139 40 25
139 40 25
139 41 25
139 41 25
139 41 25
139 41 25
139 41 25
139 42 25
139 42 25
139 42 25
139 42 25
139 42 25
139 43 25
139 43 25
139 43 25
139 43 25
139 43 25
139 44 25
139 44 25
139 44 25
139 44 25
139 44 25
139 45 25
139 45 25
139 45 25
139 45 25
139 45 25
139 46 25
139 46 25
139 46 25
139 46 25
139 46 25
139 47 25
139 47 25
139 47 25
139 47 25
139 47 25
139 48 25
139 48 25
139 48 25
139 48 25
139 48 25
139 49 25
139 49 25
139 49 25
139 49 25
139 49 25
139 50 25
139 50 25
139 50 25
139 50 25
139 50 25
139 51 25
139 51 25
139 51 25
139 51 25
139 52 25
139 52 25
139 52 25
139 52 25
139 53 25
139 53 25
139 53 25
139 53 25
139 54 25
139 54 25
139 54 25
139 55 25
139 55 25
139 55 25
139 56 25
139 56 25
139 57 25
139 57 25
139 58 25
139 58 25
139 59 25
139 60 25
139 61 25
140 61 25
141 61 25
142 61 25
143 61 25
143 62 25
143 63 25
143 64 25
143 65 25
143 66 25
143 67 25
143 68 25
143 69 25
143 70 25
143 71 25
143 72 25
143 73 25
143 74 25
143 75 25
143 76 25
143 77 25
143 78 25
143 79 25
143 80 25
143 81 25
143 82 25
143 83 25
143 84 25
143 85 25
143 86 25
143 87 25
143 88 25
143 89 25
143 90 25
143 91 25
143 92 25
143 93 25
143 94 25
143 95 25
143 96 25
143 97 25
143 98 25
112 150 25
113 150 25
114 150 25
115 150 25
116 150 25
117 150 25
118 150 25
119 150 25
120 150 25
121 150 25
122 150 25
123 150 25
124 150 25
125 150 25
126 150 25
127 150 25
128 150 25
129 150 25
130 150 25
131 150 25
132 150 25
133 150 25
134 150 25
135 150 25
136 150 25
137 150 25
138 150 25
139 150 25
140 150 25
141 150 25
142 150 25
143 150 25
143 150 25
144 150 25
144 150 25
145 150 25
145 150 25
146 150 25
146 150 25
147 150 25
147 150 25
147 150 25
148 150 25
148 150 25
148 150 25
149 150 25
149 150 25
149 150 25
149 150 25
150 150 25
150 150 25
150 150 25
150 150 25
150 150 25
150 150 25
150 151 125
150 152 25
150 152 25
150 152 25
150 152 25
150 153 25
150 153 25
150 153 25
150 154 25
150 154 25
150 154 25
150 155 25
150 155 25
150 155 25
150 156 25
150 156 25
150 156 25
150 157 25
150 157 25
150 158 25
150 158 25
150 159 25
150 159 25
150 160 25
150 160 25
150 161 25
150 161 25
150 162 25
150 162 25
150 163 25
150 163 25
150 164 25
150 165 25
150 166 25
150 167 25
150 168 25
150 169 25
150 170 25
150 171 25
150 172 25
150 173 25
150 174 25
150 175 25
150 176 25
111 150 25
110 150 25
109 150 25
108 150 25
107 150 25
106 150 25
105 150 25
104 150 25
103 150 25
102 150 25
101 150 25
100 150 25
99 150 25
98 150 25
98 150 25
97 150 25
97 150 25
96 150 25
96 150 25
95 150 25
95 150 25
94 150 25
94 150 25
94 150 25
93 150 25
93 150 25
93 150 25
93 150 25
92 150 25
92 150 25
92 150 25
92 150 25
91 150 25
91 150 25
91 150 25
91 150 25
91 150 25
90 150 25
90 150 25
90 150 25
90 150 25
90 150 25
89 150 25
89 150 25
89 150 25
89 150 25
89 150 25
89 150 25
88 150 25
88 150 25
88 150 25
88 150 25
88 150 25
88 150 25
87 150 25
87 150 25
87 150 25
87 150 25
87 150 25
87 150 25
86 150 25
86 150 25
86 150 25
86 150 25
86 150 25
86 150 25
85 150 25
85 150 25
85 150 25
85 150 25
85 150 25
85 150 25
84 150 25
84 150 25
84 150 25
84 150 25
84 150 25
83 150 25
83 150 25
83 150 25
83 150 25
82 150 25
82 150 25
82 150 25
81 150 25
81 150 25
81 150 25
80 150 25
80 150 25
79 150 25
79 150 25
78 150 25
78 149 25
78 148 25
78 147 25
78 146 25
78 145 25
78 144 25
78 143 25
78 142 25
78 141 25
78 140 25
78 139 25
78 138 25
78 137 25
78 136 25
78 135 25
78 134 25
78 133 25
78 132 25
78 131 25
77 131 25
76 131 25
75 131 25
74 131 25
73 131 25
72 131 25
71 131 25
70 131 25
69 131 25
68 131 25
67 131 25
66 131 25
65 131 25
64 131 25
63 131 25
62 131 25
61 131 25
60 131 25
59 131 25
58 131 25
57 131 25
56 131 25
55 131 25
54 131 25
53 131 25
52 131 25
51 131 25
50 131 25
49 131 25
48 131 25
47 131 25
46 131 25
45 131 25
44 131 25
43 131 25
41 131 25
41 132 25
41 133 25
41 134 25
196 198 25
195 198 25
194 198 25
193 198 25
192 198 25
191 198 25
190 198 25
189 198 25
188 198 25
187 198 25
186 198 25
185 198 25
184 198 25
183 198 25
182 198 25
181 198 25
180 198 25
179 198 25
178 198 25
177 198 25
176 198 25
175 198 25
174 198 25
173 198 25
172 198 25
171 198 25
170 198 25
170 198 25
169 198 25
169 198 25
168 198 25
168 198 25
167 198 25
167 198 25
166 198 25
166 198 25
165 198 25
165 198 25
164 198 25
163 198 25
162 198 25
161 198 25
160 198 25
159 198 25
158 198 25
157 198 25
156 198 25
155 198 25
154 198 25
153 198 25
152 198 25
151 198 25
150 198 25
150 197 25
150 196 25
150 195 25
150 194 25
150 193 25
150 192 25
150 191 25
150 190 25
150 189 25
150 188 25
150 187 25
150 186 25
150 185 25
150 184 25
150 183 25
150 182 25
150 181 25
150 180 25
150 179 25
150 178 25
150 177 25
