128 184 50
128 184 50
129 184 50
129 184 50
130 184 50
130 184 50
131 184 50
131 184 50
132 184 50
132 184 50
133 184 50
133 184 50
133 184 50
134 184 50
134 184 50
134 184 50
135 184 50
135 184 50
135 184 50
135 184 50
136 184 50
136 184 50
136 184 50
136 184 50
136 184 50
137 184 50
137 184 50
137 184 50
137 184 50
137 184 50
137 184 50
138 184 50
138 184 50
138 184 50
138 184 50
138 184 50
138 184 50
138 184 50
138 184 50
139 184 50
139 184 50
139 184 50
139 184 50
139 184 50
139 184 50
139 184 50
139 184 50
139 184 50
140 184 50
140 184 50
140 184 50
140 184 50
140 184 50
140 184 50
140 184 50
140 184 50
140 184 50
140 184 50
140 184 50
141 184 50
141 184 50
141 184 50
141 184 50
141 184 50
141 184 50
141 184 50
141 184 50
141 184 50
141 184 50
141 184 50
141 184 50
142 184 50
142 184 50
142 184 50
142 184 50
142 184 50
142 184 50
142 184 50
142 184 50
142 184 50
142 184 50
142 184 50
142 184 50
142 184 50
143 184 50
143 184 50
143 184 50
143 184 50
143 184 50
143 184 50
143 184 50
143 184 50
143 184 50
143 184 50
143 184 50
143 184 50
143 184 50
143 184 50
144 184 50
144 184 50
144 184 50
144 184 50
144 184 50
144 184 50
144 184 50
144 184 50
144 184 50
144 184 50
144 184 50
144 184 50
144 184 50
144 184 50
145 184 50
145 184 50
145 184 50
145 184 50
145 184 50
145 184 50
145 184 50
145 184 50
145 184 50
145 184 50
145 184 50
145 184 50
145 184 50
145 184 50
145 184 50
146 184 50
146 184 50
146 184 50
146 184 50
146 184 50
146 184 50
146 184 50
146 184 50
146 184 50
146 184 50
146 184 50
146 184 50
146 184 50
146 184 50
146 184 50
146 184 50
147 184 50
147 184 50
147 184 50
147 184 50
147 184 50
147 184 50
147 184 50
147 184 50
147 184 50
147 184 50
147 184 50
147 184 50
147 184 50
147 184 50
147 184 50
147 184 50
147 184 50
148 184 50
148 184 50
148 184 50
148 184 50
148 184 50
148 184 50
148 184 50
148 184 50
148 184 50
148 184 50
148 184 50
148 184 50
148 184 50
148 184 50
148 184 50
148 184 50
148 184 50
148 184 50
148 184 50
148 184 50
149 184 50
149 184 50
149 184 50
149 184 50
149 184 50
149 184 50
149 184 50
149 184 50
149 184 50
149 184 50
149 184 50
149 184 50
149 184 50
149 184 50
149 184 50
149 184 50
149 184 50
149 184 50
149 184 50
149 184 50
149 184 50
149 184 50
150 184 50
150 184 50
150 184 50
150 184 50
150 184 50
150 184 50
150 184 50
150 184 50
150 184 50
150 184 50
150 184 50
150 184 50
150 184 50
150 184 50
150 184 50
150 184 50
150 184 50
150 184 50
150 184 50
150 184 50
150 184 50
150 184 50
150 184 50
150 184 50
150 184 50
151 184 50
151 184 50
151 184 50
151 184 50
151 184 50
151 184 50
151 184 50
151 184 50
151 184 50
151 184 50
151 184 50
151 184 50
151 184 50
151 184 50
151 184 50
151 184 50
151 184 50
151 184 50
151 184 50
151 184 50
151 184 50
151 184 50
151 184 50
151 184 50
151 184 50
151 184 50
151 184 50
151 184 50
151 184 50
151 183 1400
151 183 50
151 183 50
151 183 50
151 182 50
151 182 50
151 182 50
151 182 50
151 182 50
151 182 50
151 182 50
151 182 50
151 182 50
151 182 50
151 182 50
151 182 50
151 182 50
151 182 50
151 182 50
151 182 50
151 182 50
151 182 50
151 182 50
151 182 50
151 182 50
151 182 50
151 182 50
151 182 50
151 182 50
151 182 50
151 182 50
151 182 50
151 182 50
151 182 50
151 182 50
151 182 50
151 182 50
151 181 50
151 181 50
151 181 50
151 181 50
151 181 50
151 181 50
151 181 50
151 181 50
151 181 50
151 181 50
151 181 50
151 181 50
151 181 50
151 181 50
151 181 50
151 181 50
151 181 50
151 181 50
151 181 50
151 181 50
151 181 50
151 181 50
151 181 50
151 181 50
151 181 50
151 181 50
151 181 50
151 181 50
151 181 50
151 181 50
151 181 50
151 181 50
151 181 50
151 181 50
151 180 50
151 180 50
151 180 50
151 180 50
151 180 50
151 180 50
151 180 50
151 180 50
151 180 50
151 180 50
151 180 50
151 180 50
151 180 50
151 180 50
151 180 50
151 180 50
151 180 50
151 180 50
151 180 50
151 180 50
151 180 50
151 180 50
151 180 50
151 180 50
151 180 50
151 180 50
151 180 50
151 180 50
151 180 50
151 180 50
151 180 50
151 180 50
151 180 50
151 180 50
151 180 50
151 179 50
151 179 50
151 179 50
151 179 50
151 179 50
151 179 50
151 179 50
151 179 50
151 179 50
151 179 50
151 179 50
151 179 50
151 179 50
151 179 50
151 179 50
151 179 50
151 179 50
151 179 50
151 179 50
151 179 50
151 179 50
151 179 50
151 179 50
151 179 50
151 179 50
151 179 50
151 179 50
151 179 50
151 179 50
151 179 50
151 179 50
151 179 50
151 179 50
151 179 50
151 178 50
151 178 50
151 178 50
151 178 50
151 178 50
151 178 50
151 178 50
151 178 50
151 178 50
151 178 50
151 178 50
151 178 50
151 178 50
151 178 50
151 178 50
151 178 50
151 178 50
151 178 50
151 178 50
151 178 50
151 178 50
151 178 50
151 178 50
151 178 50
151 178 50
151 178 50
151 178 50
151 178 50
151 178 50
151 178 50
151 178 50
151 178 50
151 177 50
151 177 50
151 177 50
151 177 50
151 177 50
151 177 50
151 177 50
151 177 50
151 177 50
151 177 50
151 177 50
151 177 50
151 177 50
151 177 50
151 177 50
151 177 50
151 177 50
151 177 50
151 177 50
151 177 50
151 177 50
151 177 50
151 177 50
151 177 50
151 177 50
151 177 50
151 177 50
151 177 50
151 177 50
151 177 50
151 177 50
151 176 50
151 176 50
151 176 50
151 176 50
151 176 50
151 176 50
151 176 50
151 176 50
151 176 50
151 176 50
151 176 50
151 176 50
151 176 50
151 176 50
151 176 50
151 176 50
151 176 50
151 176 50
151 176 50
151 176 50
151 176 50
151 176 50
151 176 50
151 176 50
151 176 50
151 176 50
151 176 50
151 176 50
151 176 50
151 175 50
151 175 50
151 175 50
151 175 50
151 175 50
151 175 50
151 175 50
151 175 50
151 175 50
151 175 50
151 175 50
151 175 50
151 175 50
151 175 50
151 175 50
151 175 50
151 175 50
151 175 50
151 175 50
151 175 50
151 175 50
151 175 50
151 175 50
151 175 50
151 175 50
151 175 50
151 175 50
151 174 50
151 174 50
151 174 50
151 174 50
151 174 50
151 174 50
151 174 50
151 174 50
151 174 50
151 174 50
151 174 50
151 174 50
151 174 50
151 174 50
151 174 50
151 174 50
151 174 50
151 174 50
151 174 50
151 174 50
151 174 50
151 174 50
151 174 50
151 174 50
151 174 50
151 174 50
151 173 50
151 173 50
151 173 50
151 173 50
151 173 50
151 173 50
151 173 50
151 173 50
151 173 50
151 173 50
151 173 50
151 173 50
151 173 50
151 173 50
151 173 50
151 173 50
151 173 50
151 173 50
151 173 50
151 173 50
151 173 50
151 173 50
151 173 50
151 173 50
151 172 50
151 172 50
151 172 50
151 172 50
151 172 50
151 172 50
151 172 50
151 172 50
151 172 50
151 172 50
151 172 50
151 172 50
151 172 50
151 172 50
151 172 50
151 172 50
151 172 50
151 172 50
151 172 50
151 172 50
151 172 50
151 172 50
151 172 50
151 172 50
151 171 50
151 171 50
151 171 50
151 171 50
151 171 50
151 171 50
151 171 50
151 171 50
151 171 50
151 171 50
151 171 50
151 171 50
151 171 50
151 171 50
151 171 50
151 171 50
151 171 50
151 171 50
151 171 50
151 171 50
151 171 50
151 171 50
151 170 50
151 170 50
151 170 50
151 170 50
151 170 50
151 170 50
151 170 50
151 170 50
151 170 50
151 170 50
151 170 50
151 170 50
151 170 50
151 170 50
151 170 50
151 170 50
151 170 50
151 170 50
151 170 50
151 170 50
151 170 50
151 169 50
151 169 50
151 169 50
151 169 50
151 169 50
151 169 50
151 169 50
151 169 50
151 169 50
151 169 50
151 169 50
151 169 50
151 169 50
151 169 50
151 169 50
151 169 50
151 169 50
151 169 50
151 169 50
151 169 50
151 168 50
151 168 50
151 168 50
151 168 50
151 168 50
151 168 50
151 168 50
151 168 50
151 168 50
151 168 50
151 168 50
151 168 50
151 168 50
151 168 50
151 168 50
151 168 50
151 168 50
151 168 50
151 167 50
151 167 50
151 167 50
151 167 50
151 167 50
151 167 50
151 167 50
151 167 50
151 167 50
151 167 50
151 167 50
151 167 50
151 167 50
151 167 50
151 167 50
151 167 50
151 166 50
151 166 50
151 166 50
151 166 50
151 166 50
151 166 50
151 166 50
151 166 50
151 166 50
151 166 50
151 166 50
151 166 50
151 166 50
151 166 50
151 165 50
151 165 50
151 165 50
151 165 50
151 165 50
151 165 50
151 165 50
151 165 50
151 165 50
151 165 50
151 165 50
151 165 50
151 165 50
151 164 50
151 164 50
151 164 50
151 164 50
151 164 50
151 164 50
151 164 50
151 164 50
151 164 50
151 164 50
151 164 50
151 163 50
151 163 50
151 163 50
151 163 50
151 163 50
151 163 50
151 163 50
151 163 50
151 163 50
151 163 50
151 162 50
151 162 50
151 162 50
151 162 50
151 162 50
151 162 50
151 162 50
151 162 50
151 161 50
151 161 50
151 161 50
151 161 50
151 161 50
151 161 50
151 161 50
151 160 50
151 160 50
151 160 50
151 160 50
151 160 50
151 160 50
151 160 50
151 159 50
151 159 50
151 159 50
151 159 50
151 159 50
151 159 50
151 158 50
151 158 50
151 158 50
151 158 50
151 158 50
151 157 50
151 157 50
151 157 50
151 157 50
151 157 50
151 156 50
151 156 50
151 156 50
151 156 50
151 156 50
151 155 50
151 155 50
151 155 50
151 155 50
151 155 50
151 154 50
151 154 50
151 154 50
151 154 50
151 153 50
151 153 50
151 153 50
151 153 50
151 152 50
151 152 50
151 152 50
151 152 50
151 151 50
151 151 50
151 151 50
151 151 50
151 150 50
151 150 50
151 150 50
151 150 50
151 149 50
151 149 50
151 149 50
151 149 50
151 148 50
151 148 50
151 148 50
151 148 50
151 147 50
151 147 50
151 147 50
151 147 50
151 146 50
151 146 50
151 146 50
151 145 50
151 145 50
151 145 50
151 144 50
151 144 50
151 144 50
151 143 50
151 143 50
151 143 50
151 142 50
151 142 50
151 142 50
151 141 50
151 141 50
151 141 50
133 88 100
133 88 50
133 88 50
134 88 50
134 88 50
134 88 50
134 88 50
135 88 50
135 88 50
135 88 50
135 88 50
136 88 50
136 88 50
136 88 50
136 88 50
137 88 50
137 88 50
137 88 50
137 88 50
138 88 50
138 88 50
138 88 50
138 88 50
139 88 50
139 88 50
139 88 50
139 88 50
140 88 50
140 88 50
140 88 50
140 88 50
141 88 50
141 88 50
141 88 50
141 88 50
142 88 50
142 88 50
142 88 50
142 88 50
143 88 50
143 88 50
143 88 50
143 88 50
144 88 50
144 88 50
144 88 50
144 88 50
145 88 50
145 88 50
145 88 50
145 88 50
146 88 50
146 88 50
146 88 50
146 88 50
147 88 50
147 88 50
147 88 50
147 88 50
148 88 50
148 88 50
148 88 50
148 88 50
149 88 50
149 88 50
149 88 50
149 88 50
150 88 50
150 88 50
150 88 50
150 88 50
150 88 50
151 88 50
151 88 50
151 88 50
151 88 50
151 88 50
151 89 200
151 89 50
151 90 50
151 90 50
151 90 50
151 90 50
151 91 50
151 91 50
151 91 50
151 91 50
151 92 50
151 92 50
151 92 50
151 93 50
151 93 50
151 93 50
151 94 50
151 94 50
151 94 50
151 95 50
151 95 50
151 95 50
151 96 50
151 96 50
151 96 50
151 97 50
151 97 50
151 97 50
151 98 50
151 98 50
151 98 50
151 99 50
151 99 50
151 99 50
151 100 50
151 100 50
151 100 50
151 101 50
151 101 50
151 101 50
151 102 50
151 102 50
151 102 50
151 103 50
151 103 50
151 103 50
151 103 50
151 104 50
151 104 50
151 104 50
151 104 50
151 104 50
151 105 50
151 105 50
151 105 50
151 105 50
151 105 50
151 106 50
151 106 50
151 106 50
151 106 50
151 106 50
151 106 50
151 107 50
151 107 50
151 107 50
151 107 50
151 107 50
151 107 50
151 108 50
151 108 50
151 108 50
151 108 50
151 108 50
151 108 50
151 108 50
151 109 50
151 109 50
151 109 50
151 109 50
151 109 50
151 109 50
151 109 50
151 109 50
151 110 50
151 110 50
151 110 50
151 110 50
151 110 50
151 110 50
151 110 50
151 110 50
151 111 50
151 111 50
151 111 50
151 111 50
151 111 50
151 111 50
151 111 50
151 111 50
151 111 50
151 112 50
151 112 50
151 112 50
151 112 50
151 112 50
151 112 50
151 112 50
151 112 50
151 112 50
151 112 50
151 113 50
151 113 50
151 113 50
151 113 50
151 113 50
151 113 50
151 113 50
151 113 50
151 113 50
151 113 50
151 113 50
151 114 50
151 114 50
151 114 50
151 114 50
151 114 50
151 114 50
151 114 50
151 114 50
151 114 50
151 114 50
151 114 50
151 114 50
151 115 50
151 115 50
151 115 50
151 115 50
151 115 50
151 115 50
151 115 50
151 115 50
151 115 50
151 115 50
151 115 50
151 115 50
151 115 50
151 115 50
151 116 50
151 116 50
151 116 50
151 116 50
151 116 50
151 116 50
151 116 50
151 116 50
151 116 50
151 116 50
151 116 50
151 116 50
151 116 50
151 116 50
151 116 50
151 117 50
151 117 50
151 117 50
151 117 50
151 117 50
151 117 50
151 117 50
151 117 50
151 117 50
151 117 50
151 117 50
151 117 50
151 117 50
151 117 50
151 117 50
151 117 50
151 117 50
151 118 50
151 118 50
151 118 50
151 118 50
151 118 50
151 118 50
151 118 50
151 118 50
151 118 50
151 118 50
151 118 50
151 118 50
151 118 50
151 118 50
151 118 50
151 118 50
151 118 50
151 118 50
151 118 50
151 119 50
151 119 50
151 119 50
151 119 50
151 119 50
151 119 50
151 119 50
151 119 50
151 119 50
151 119 50
151 119 50
151 119 50
151 119 50
151 119 50
151 119 50
151 119 50
151 119 50
151 119 50
151 119 50
151 119 50
151 120 50
151 120 50
151 120 50
151 120 50
151 120 50
151 120 50
151 120 50
151 120 50
151 120 50
151 120 50
151 120 50
151 120 50
151 120 50
151 120 50
151 120 50
151 120 50
151 120 50
151 120 50
151 120 50
151 120 50
151 120 50
151 121 50
151 121 50
151 121 50
151 121 50
151 121 50
151 121 50
151 121 50
151 121 50
151 121 50
151 121 50
151 121 50
151 121 50
151 121 50
151 121 50
151 121 50
151 121 50
151 121 50
151 121 50
151 121 50
151 121 50
151 122 50
151 122 50
151 122 50
151 122 50
151 122 50
151 122 50
151 122 50
151 122 50
151 122 50
151 122 50
151 122 50
151 122 50
151 122 50
151 122 50
151 122 50
151 122 50
151 122 50
151 122 50
151 122 50
151 123 50
151 123 50
151 123 50
151 123 50
151 123 50
151 123 50
151 123 50
151 123 50
151 123 50
151 123 50
151 123 50
151 123 50
151 123 50
151 123 50
151 123 50
151 123 50
151 123 50
151 123 50
151 124 50
151 124 50
151 124 50
151 124 50
151 124 50
151 124 50
151 124 50
151 124 50
151 124 50
151 124 50
151 124 50
151 124 50
151 124 50
151 124 50
151 124 50
151 125 50
151 125 50
151 125 50
151 125 50
151 125 50
151 125 50
151 125 50
151 125 50
151 125 50
151 125 50
151 125 50
151 125 50
151 125 50
151 126 50
151 126 50
151 126 50
151 126 50
151 126 50
151 126 50
151 126 50
151 126 50
151 126 50
151 126 50
151 126 50
151 127 50
151 127 50
151 127 50
151 127 50
151 127 50
151 127 50
151 127 50
151 127 50
151 127 50
151 127 50
151 128 50
151 128 50
151 128 50
151 128 50
151 128 50
151 128 50
151 128 50
151 128 50
151 129 50
151 129 50
151 129 50
151 129 50
151 129 50
151 129 50
151 129 50
151 129 50
151 130 50
151 130 50
151 130 50
151 130 50
151 130 50
151 130 50
151 130 50
151 131 50
151 131 50
151 131 50
151 131 50
151 131 50
151 131 50
151 131 50
151 132 50
151 132 50
151 132 50
151 132 50
151 132 50
151 132 50
151 133 50
151 133 50
151 133 50
151 133 50
151 133 50
151 133 50
151 134 50
151 134 50
151 134 50
151 134 50
151 134 50
151 135 50
151 135 50
151 135 50
151 135 50
151 136 50
151 136 50
151 136 50
151 136 50
151 137 50
151 137 50
151 137 50
151 137 50
151 138 50
151 138 50
151 138 50
151 139 50
151 139 50
151 139 50
151 140 50
151 140 50
151 140 50
152 88 100
152 88 50
152 88 50
152 88 50
152 88 50
152 88 50
153 88 50
153 88 50
153 88 50
153 88 50
153 88 50
153 88 50
153 88 50
153 88 50
153 88 50
154 88 50
154 88 50
154 88 50
154 88 50
154 88 50
154 88 50
154 88 50
154 88 50
154 88 50
154 88 50
154 88 50
155 88 50
155 88 50
155 88 50
155 88 50
155 88 50
155 88 50
155 88 50
155 88 50
155 88 50
155 88 50
155 88 50
155 88 50
155 88 50
155 88 50
156 88 50
156 88 50
156 88 50
156 88 50
156 88 50
156 88 50
156 88 50
156 88 50
156 88 50
156 88 50
156 88 50
156 88 50
156 88 50
156 88 50
156 88 50
156 88 50
156 88 50
156 88 50
157 88 50
157 88 50
157 88 50
157 88 50
157 88 50
157 88 50
157 88 50
157 88 50
157 88 50
157 88 50
157 88 50
157 88 50
157 88 50
157 88 50
157 88 50
157 88 50
157 88 50
157 88 50
157 88 50
157 88 50
157 88 50
158 88 50
158 88 50
158 88 50
158 88 50
158 88 50
158 88 50
158 88 50
158 88 50
158 88 50
158 88 50
158 88 50
158 88 50
158 88 50
158 88 50
158 88 50
158 88 50
158 88 50
158 88 50
158 88 50
158 88 50
158 88 50
158 88 50
158 88 50
158 88 50
158 88 50
159 88 50
159 88 50
159 88 50
159 88 50
159 88 50
159 88 50
159 88 50
159 88 50
159 88 50
159 88 50
159 88 50
159 88 50
159 88 50
159 88 50
159 88 50
159 88 50
159 88 50
159 88 50
159 88 50
159 88 50
159 88 50
159 88 50
159 88 50
159 88 50
159 88 50
159 88 50
159 88 50
159 88 50
159 88 50
159 88 50
160 88 50
160 88 50
160 88 50
160 88 50
160 88 50
160 88 50
160 88 50
160 88 50
160 88 50
160 88 50
160 88 50
160 88 50
160 88 50
160 88 50
160 88 50
160 88 50
160 88 50
160 88 50
160 88 50
160 88 50
160 88 50
160 88 50
160 88 50
160 88 50
160 88 50
160 88 50
160 88 50
160 88 50
160 88 50
160 88 50
160 88 50
160 88 50
160 88 50
161 88 50
161 88 50
161 88 50
161 88 50
161 88 50
161 88 50
161 88 50
161 88 50
161 88 50
161 88 50
161 88 50
161 88 50
161 88 50
161 88 50
161 88 50
161 88 50
161 88 50
161 88 50
161 88 50
161 88 50
161 88 50
161 88 50
161 88 50
161 88 50
161 88 50
161 88 50
161 88 50
161 88 50
161 88 50
161 88 50
161 88 50
161 88 50
161 88 50
161 88 50
161 88 50
161 88 50
162 88 50
162 88 50
162 88 50
162 88 50
162 88 50
162 88 50
162 88 50
162 88 50
162 88 50
162 88 50
162 88 50
162 88 50
162 88 50
162 88 50
162 88 50
162 88 50
162 88 50
162 88 50
162 88 50
162 88 50
162 88 50
162 88 50
162 88 50
162 88 50
162 88 50
162 88 50
162 88 50
162 88 50
162 88 50
162 88 50
162 88 50
162 88 50
162 88 50
162 88 50
162 88 50
162 88 50
162 88 50
162 88 50
162 88 50
163 88 50
163 88 50
163 88 50
163 88 50
163 88 50
163 88 50
163 88 50
163 88 50
163 88 50
163 88 50
163 88 50
163 88 50
163 88 50
163 88 50
163 88 50
163 88 50
163 88 50
163 88 50
163 88 50
163 88 50
163 88 50
163 88 50
163 88 50
163 88 50
163 88 50
163 88 50
163 88 50
163 88 50
163 88 50
163 88 50
163 88 50
163 88 50
163 88 50
163 88 50
163 88 50
163 88 50
163 88 50
163 88 50
163 88 50
163 88 50
163 88 50
164 88 50
164 88 50
164 88 50
164 88 50
164 88 50
164 88 50
164 88 50
164 88 50
164 88 50
164 88 50
164 88 50
164 88 50
164 88 50
164 88 50
164 88 50
164 88 50
164 88 50
164 88 50
164 88 50
164 88 50
164 88 50
164 88 50
164 88 50
164 88 50
164 88 50
164 88 50
164 88 50
164 88 50
164 88 50
164 88 50
164 88 50
164 88 50
164 88 50
164 88 50
164 88 50
164 88 50
164 88 50
164 88 50
164 88 50
164 88 50
164 88 50
164 88 50
165 88 50
165 88 50
165 88 50
165 88 50
165 88 50
165 88 50
165 88 50
165 88 50
165 88 50
165 88 50
165 88 50
165 88 50
165 88 50
165 88 50
165 88 50
165 88 50
165 88 50
165 88 50
165 88 50
165 88 50
165 88 50
165 88 50
165 88 50
165 88 50
165 88 50
165 88 50
165 88 50
165 88 50
165 88 50
165 88 50
165 88 50
165 88 50
165 88 50
165 88 50
165 88 50
165 88 50
165 88 50
165 88 50
165 88 50
165 88 50
165 88 50
165 88 50
165 88 50
166 88 50
166 88 50
166 88 50
166 88 50
166 88 50
166 88 50
166 88 50
166 88 50
166 88 50
166 88 50
166 88 50
166 88 50
166 88 50
166 88 50
166 88 50
166 88 50
166 88 50
166 88 50
166 88 50
166 88 50
166 88 50
166 88 50
166 88 50
166 88 50
166 88 50
166 88 50
166 88 50
166 88 50
166 88 50
166 88 50
166 88 50
166 88 50
166 88 50
166 88 50
166 88 50
166 88 50
166 88 50
166 88 50
166 88 50
166 88 50
166 88 50
166 88 50
166 88 50
166 88 50
167 88 50
167 88 50
167 88 50
167 88 50
167 88 50
167 88 50
167 88 50
167 88 50
167 88 50
167 88 50
167 88 50
167 88 50
167 88 50
167 88 50
167 88 50
167 88 50
167 88 50
167 88 50
167 88 50
167 88 50
167 88 50
167 88 50
167 88 50
167 88 50
167 88 50
167 88 50
167 88 50
167 88 50
167 88 50
167 88 50
167 88 50
167 88 50
167 88 50
167 88 50
167 88 50
167 88 50
167 88 50
167 88 50
167 88 50
167 88 50
167 88 50
167 88 50
167 88 50
167 88 50
167 88 50
167 88 50
168 88 50
168 88 50
168 88 50
168 88 50
168 88 50
168 88 50
168 88 50
168 88 50
168 88 50
168 88 50
168 88 50
168 88 50
168 88 50
168 88 50
168 88 50
168 88 50
168 88 50
168 88 50
168 88 50
168 88 50
168 88 50
168 88 50
168 88 50
168 88 50
168 88 50
168 88 50
168 88 50
168 88 50
168 88 50
168 88 50
168 88 50
168 88 50
168 88 50
168 88 50
168 88 50
168 88 50
168 88 50
168 88 50
168 88 50
168 88 50
168 88 50
168 88 50
168 88 50
168 88 50
168 88 50
168 88 50
168 88 50
168 88 50
168 89 2350
168 90 50
168 90 50
168 90 50
168 90 50
168 90 50
168 90 50
168 90 50
168 90 50
168 90 50
168 90 50
168 90 50
168 90 50
168 90 50
168 90 50
168 90 50
168 90 50
168 90 50
168 90 50
168 90 50
168 90 50
168 90 50
168 90 50
168 90 50
168 90 50
168 90 50
168 90 50
168 90 50
168 90 50
168 90 50
168 90 50
168 90 50
168 90 50
168 90 50
168 90 50
168 90 50
168 90 50
168 90 50
168 90 50
168 91 50
168 91 50
168 91 50
168 91 50
168 91 50
168 91 50
168 91 50
168 91 50
168 91 50
168 91 50
168 91 50
168 91 50
168 91 50
168 91 50
168 91 50
168 91 50
168 91 50
168 91 50
168 91 50
168 91 50
168 91 50
168 91 50
168 91 50
168 91 50
168 91 50
168 91 50
168 91 50
168 91 50
168 91 50
168 91 50
168 91 50
168 91 50
168 91 50
168 91 50
168 92 50
168 92 50
168 92 50
168 92 50
168 92 50
168 92 50
168 92 50
168 92 50
168 92 50
168 92 50
168 92 50
168 92 50
168 92 50
168 92 50
168 92 50
168 92 50
168 92 50
168 92 50
168 92 50
168 92 50
168 92 50
168 92 50
168 92 50
168 92 50
168 92 50
168 92 50
168 92 50
168 92 50
168 92 50
168 92 50
168 93 50
168 93 50
168 93 50
168 93 50
168 93 50
168 93 50
168 93 50
168 93 50
168 93 50
168 93 50
168 93 50
168 93 50
168 93 50
168 93 50
168 93 50
168 93 50
168 93 50
168 93 50
168 93 50
168 93 50
168 93 50
168 93 50
168 93 50
168 93 50
168 93 50
168 93 50
168 93 50
168 93 50
168 94 50
168 94 50
168 94 50
168 94 50
168 94 50
168 94 50
168 94 50
168 94 50
168 94 50
168 94 50
168 94 50
168 94 50
168 94 50
168 94 50
168 94 50
168 94 50
168 94 50
168 94 50
168 94 50
168 94 50
168 94 50
168 94 50
168 94 50
168 94 50
168 94 50
168 95 50
168 95 50
168 95 50
168 95 50
168 95 50
168 95 50
168 95 50
168 95 50
168 95 50
168 95 50
168 95 50
168 95 50
168 95 50
168 95 50
168 95 50
168 95 50
168 95 50
168 95 50
168 95 50
168 95 50
168 95 50
168 95 50
168 95 50
168 95 50
168 96 50
168 96 50
168 96 50
168 96 50
168 96 50
168 96 50
168 96 50
168 96 50
168 96 50
168 96 50
168 96 50
168 96 50
168 96 50
168 96 50
168 96 50
168 96 50
168 96 50
168 96 50
168 96 50
168 96 50
168 96 50
168 96 50
168 97 50
168 97 50
168 97 50
168 97 50
168 97 50
168 97 50
168 97 50
168 97 50
168 97 50
168 97 50
168 97 50
168 97 50
168 97 50
168 97 50
168 97 50
168 97 50
168 97 50
168 97 50
168 97 50
168 97 50
168 97 50
168 98 50
168 98 50
168 98 50
168 98 50
168 98 50
168 98 50
168 98 50
168 98 50
168 98 50
168 98 50
168 98 50
168 98 50
168 98 50
168 98 50
168 98 50
168 98 50
168 98 50
168 98 50
168 98 50
168 98 50
168 99 50
168 99 50
168 99 50
168 99 50
168 99 50
168 99 50
168 99 50
168 99 50
168 99 50
168 99 50
168 99 50
168 99 50
168 99 50
168 99 50
168 99 50
168 99 50
168 99 50
168 99 50
169 99 850
169 99 50
169 99 50
170 99 50
170 99 50
170 99 50
170 99 50
170 99 50
170 99 50
170 99 50
170 99 50
170 99 50
170 99 50
170 99 50
170 99 50
170 99 50
170 99 50
170 99 50
170 99 50
170 99 50
170 99 50
170 99 50
170 99 50
171 99 50
171 99 50
171 99 50
171 99 50
171 99 50
171 99 50
171 99 50
171 99 50
171 99 50
171 99 50
171 99 50
171 99 50
171 99 50
171 99 50
171 99 50
171 99 50
171 99 50
171 99 50
171 99 50
171 99 50
171 99 50
172 99 50
172 99 50
172 99 50
172 99 50
172 99 50
172 99 50
172 99 50
172 99 50
172 99 50
172 99 50
172 99 50
172 99 50
172 99 50
172 99 50
172 99 50
172 99 50
172 99 50
172 99 50
172 99 50
172 99 50
172 99 50
172 99 50
173 99 50
173 99 50
173 99 50
173 99 50
173 99 50
173 99 50
173 99 50
173 99 50
173 99 50
173 99 50
173 99 50
173 99 50
173 99 50
173 99 50
173 99 50
173 99 50
173 99 50
173 99 50
173 99 50
173 99 50
173 99 50
173 99 50
173 99 50
174 99 50
174 99 50
174 99 50
174 99 50
174 99 50
174 99 50
174 99 50
174 99 50
174 99 50
174 99 50
174 99 50
174 99 50
174 99 50
174 99 50
174 99 50
174 99 50
174 99 50
174 99 50
174 99 50
174 99 50
174 99 50
174 99 50
175 99 50
175 99 50
175 99 50
175 99 50
175 99 50
175 99 50
175 99 50
175 99 50
175 99 50
175 99 50
175 99 50
175 99 50
175 99 50
175 99 50
175 99 50
175 99 50
175 99 50
175 99 50
175 99 50
175 99 50
175 99 50
176 99 50
176 99 50
176 99 50
176 99 50
176 99 50
176 99 50
176 99 50
176 99 50
176 99 50
176 99 50
176 99 50
176 99 50
176 99 50
176 99 50
176 99 50
176 99 50
176 99 50
176 99 50
176 99 50
177 99 50
177 99 50
177 99 50
177 99 50
177 99 50
177 99 50
177 99 50
177 99 50
177 99 50
177 99 50
177 99 50
177 99 50
177 99 50
177 99 50
177 99 50
177 99 50
178 99 50
178 99 50
178 99 50
178 99 50
178 99 50
178 99 50
178 99 50
178 99 50
178 99 50
178 99 50
178 99 50
178 99 50
178 99 50
178 99 50
179 99 50
179 99 50
179 99 50
179 99 50
179 99 50
179 99 50
179 99 50
179 99 50
179 99 50
179 99 50
179 99 50
180 99 50
180 99 50
180 99 50
180 99 50
180 99 50
180 99 50
180 99 50
180 99 50
180 99 50
181 99 50
181 99 50
181 99 50
181 99 50
181 99 50
181 99 50
181 99 50
181 99 50
182 99 50
182 99 50
182 99 50
182 99 50
182 99 50
182 99 50
182 99 50
183 99 50
183 99 50
183 99 50
183 99 50
183 99 50
183 99 50
184 99 50
184 99 50
184 99 50
184 99 50
184 99 50
185 99 50
185 99 50
185 99 50
185 99 50
185 99 50
186 99 50
186 99 50
186 99 50
186 99 50
186 99 50
187 99 50
187 99 50
187 99 50
187 99 50
188 99 50
188 99 50
188 99 50
188 99 50
189 99 50
189 99 50
189 99 50
189 99 50
190 99 50
190 99 50
190 99 50
191 99 50
191 99 50
191 99 50
192 99 50
192 99 50
192 99 50
193 99 50
193 99 50
194 99 50
194 99 50
195 99 50
195 99 50
196 99 50
196 99 50
197 99 50
197 99 50
197 100 50
197 100 50
197 101 50
197 102 50
197 103 50
197 104 50
197 105 50
197 106 50
197 107 50
197 108 50
197 109 50
197 110 50
197 111 50
197 112 50
132 88 50
132 88 50
132 88 50
131 88 50
131 88 50
131 88 50
130 88 50
130 88 50
130 88 50
129 88 50
129 88 50
129 88 50
128 88 50
128 88 50
128 88 50
127 88 50
127 88 50
127 88 50
126 88 50
126 88 50
126 88 50
125 88 50
125 88 50
124 88 50
124 88 50
123 88 50
123 88 50
123 88 50
122 88 50
122 88 50
122 88 50
121 88 50
121 88 50
121 88 50
120 88 50
120 88 50
120 88 50
120 88 50
119 88 50
119 88 50
119 88 50
119 88 50
119 88 50
118 88 50
118 88 50
118 88 50
118 88 50
118 88 50
118 88 50
117 88 50
117 88 50
117 88 50
117 88 50
117 88 50
117 88 50
117 88 50
116 88 50
116 88 50
116 88 50
116 88 50
116 88 50
116 88 50
116 88 50
116 88 50
115 88 50
115 88 50
115 88 50
115 88 50
115 88 50
115 88 50
115 88 50
115 88 50
115 88 50
115 88 50
114 88 50
114 88 50
114 88 50
114 88 50
114 88 50
114 88 50
114 88 50
114 88 50
114 88 50
114 88 50
114 88 50
114 88 50
113 88 50
113 88 50
113 88 50
113 88 50
113 88 50
113 88 50
113 88 50
113 88 50
113 88 50
113 88 50
113 88 50
113 88 50
113 88 50
113 88 50
112 88 50
112 88 50
112 88 50
112 88 50
112 88 50
112 88 50
112 88 50
112 88 50
112 88 50
112 88 50
112 88 50
112 88 50
112 88 50
112 88 50
112 88 50
112 88 50
111 88 50
111 88 50
111 88 50
111 88 50
111 88 50
111 88 50
111 88 50
111 88 50
111 88 50
111 88 50
111 88 50
111 88 50
111 88 50
111 88 50
111 88 50
111 88 50
111 88 50
111 88 50
111 88 50
110 88 50
110 88 50
110 88 50
110 88 50
110 88 50
110 88 50
110 88 50
110 88 50
110 88 50
110 88 50
110 88 50
110 88 50
110 88 50
110 88 50
110 88 50
110 88 50
110 88 50
110 88 50
110 88 50
110 88 50
110 88 50
109 88 50
109 88 50
109 88 50
109 88 50
109 88 50
109 88 50
109 88 50
109 88 50
109 88 50
109 88 50
109 88 50
109 88 50
109 88 50
109 88 50
109 88 50
109 88 50
109 88 50
109 88 50
109 88 50
109 88 50
109 88 50
109 88 50
108 88 50
108 88 50
108 88 50
108 88 50
108 88 50
108 88 50
108 88 50
108 88 50
108 88 50
108 88 50
108 88 50
108 88 50
108 88 50
108 88 50
108 88 50
108 88 50
108 88 50
108 88 50
108 88 50
108 88 50
108 88 50
108 88 50
107 88 50
107 88 50
107 88 50
107 88 50
107 88 50
107 88 50
107 88 50
107 88 50
107 88 50
107 88 50
107 88 50
107 88 50
107 88 50
107 88 50
107 88 50
107 88 50
107 88 50
107 88 50
107 88 50
107 88 50
107 88 50
107 88 50
106 88 50
106 88 50
106 88 50
106 88 50
106 88 50
106 88 50
106 88 50
106 88 50
106 88 50
106 88 50
106 88 50
106 88 50
106 88 50
106 88 50
106 88 50
106 88 50
106 88 50
106 88 50
106 88 50
106 88 50
105 88 50
105 88 50
105 88 50
105 88 50
105 88 50
105 88 50
105 88 50
105 88 50
105 88 50
105 88 50
105 88 50
105 88 50
105 88 50
105 88 50
105 88 50
105 88 50
105 88 50
105 88 50
104 88 50
104 88 50
104 88 50
104 88 50
104 88 50
104 88 50
104 88 50
104 88 50
104 88 50
104 88 50
104 88 50
104 88 50
104 88 50
104 88 50
104 88 50
104 88 50
103 88 50
103 88 50
103 88 50
103 88 50
103 88 50
103 88 50
103 88 50
103 88 50
103 88 50
103 88 50
103 88 50
103 88 50
103 88 50
103 88 50
102 88 50
102 88 50
102 88 50
102 88 50
102 88 50
102 88 50
102 88 50
102 88 50
102 88 50
102 88 50
102 88 50
102 88 50
101 88 50
101 88 50
101 88 50
101 88 50
101 88 50
101 88 50
101 88 50
101 88 50
101 88 50
101 88 50
101 88 50
100 88 50
100 88 50
100 88 50
100 88 50
100 88 50
100 88 50
100 88 50
100 88 50
100 88 50
99 88 50
99 88 50
99 88 50
99 88 50
99 88 50
99 88 50
99 88 50
99 88 50
98 88 50
98 88 50
98 88 50
98 88 50
98 88 50
98 88 50
98 88 50
98 88 50
97 88 50
97 88 50
97 88 50
97 88 50
97 88 50
97 88 50
97 88 50
96 88 50
96 88 50
96 88 50
96 88 50
96 88 50
96 88 50
96 88 50
95 88 50
95 88 50
95 88 50
95 88 50
95 88 50
95 88 50
95 88 50
94 88 50
94 88 50
94 88 50
94 88 50
94 88 50
94 88 50
94 88 50
93 88 50
93 88 50
93 88 50
93 88 50
93 88 50
93 88 50
92 88 50
92 88 50
92 88 50
92 88 50
92 88 50
92 88 50
91 88 50
91 88 50
91 88 50
91 88 50
91 88 50
91 88 50
90 88 50
90 88 50
90 88 50
90 88 50
90 88 50
89 88 50
89 88 50
89 88 50
89 88 50
88 88 50
88 88 50
88 88 50
87 88 50
87 88 50
87 88 50
86 88 50
86 88 50
85 88 50
85 88 50
84 88 50
83 88 50
82 88 50
81 88 50
80 88 50
79 88 50
79 89 50
79 90 50
79 91 50
79 92 50
78 92 50
77 92 50
76 92 50
75 92 50
74 92 50
73 92 50
72 92 50
71 92 50
70 92 50
69 92 50
68 92 50
67 92 50
66 92 50
65 92 50
64 92 50
63 92 50
62 92 50
61 92 50
60 92 50
59 92 50
59 92 50
58 92 50
58 92 50
57 92 50
57 92 50
56 92 50
56 92 50
56 92 50
56 91 100
56 91 50
56 90 50
56 90 50
56 90 50
56 89 50
56 89 50
56 89 50
56 88 50
56 88 50
56 88 50
56 87 50
56 87 50
56 87 50
56 86 50
56 86 50
56 86 50
56 85 50
56 85 50
56 84 50
56 84 50
56 83 50
56 83 50
56 82 50
56 82 50
56 81 50
56 80 50
56 79 50
56 78 50
56 77 50
56 76 50
56 75 50
56 74 50
56 73 50
56 72 50
56 71 50
56 70 50
56 69 50
56 68 50
56 67 50
56 66 50
56 65 50
56 64 50
56 63 50
56 62 50
56 61 50
56 60 50
56 59 50
56 58 50
56 57 50
56 56 50
56 55 50
56 54 50
56 53 50
56 53 50
56 52 50
56 52 50
56 51 50
56 51 50
55 51 50
55 51 50
55 50 50
55 50 50
55 50 50
55 49 50
55 49 50
55 49 50
55 48 50
55 48 50
55 48 50
55 47 50
55 47 50
55 47 50
55 46 50
55 46 50
55 46 50
55 45 50
55 45 50
55 45 50
55 44 50
55 44 50
55 44 50
55 43 50
55 43 50
55 43 50
55 42 50
55 42 50
55 41 50
55 41 50
55 40 50
55 40 50
55 39 50
55 39 50
55 38 50
55 38 50
55 37 50
55 37 50
55 36 50
55 36 50
55 35 50
55 35 50
55 34 50
55 34 50
55 33 50
55 33 50
55 32 50
55 32 50
55 31 50
55 31 50
55 30 50
55 30 50
55 29 50
55 29 50
55 28 50
55 28 50
55 27 50
55 26 50
55 25 50
55 24 50
55 23 50
55 22 50
55 21 50
55 20 50
55 19 50
55 18 50
55 17 50
55 16 50
55 15 50
55 14 50
55 13 50
55 12 50
55 11 50
55 10 50
55 9 50
55 8 50
55 7 50
56 7 50
57 7 50
58 7 50
59 7 50
60 7 50
61 7 50
62 7 50
63 7 50
64 7 50
65 7 50
66 7 50
67 7 50
68 7 50
69 7 50
70 7 50
71 7 50
72 7 50
73 7 50
74 7 50
75 7 50
76 7 50
76 7 50
77 7 50
77 7 50
78 7 50
78 7 50
79 7 50
79 7 50
80 7 50
80 7 50
81 7 50
81 7 50
82 7 50
82 7 50
82 7 50
83 7 50
83 7 50
83 7 50
83 7 50
84 7 50
84 7 50
84 7 50
84 7 50
84 7 50
85 7 50
85 7 50
85 7 50
85 7 50
85 7 50
85 7 50
86 7 50
86 7 50
86 7 50
86 7 50
86 7 50
86 7 50
86 7 50
87 7 50
87 7 50
87 7 50
87 7 50
87 7 50
87 7 50
87 7 50
87 7 50
87 7 50
88 7 50
88 7 50
88 7 50
88 7 50
88 7 50
88 7 50
88 7 50
88 7 50
88 7 50
88 7 50
88 7 50
89 7 50
89 7 50
89 7 50
89 7 50
89 7 50
89 7 50
89 7 50
89 7 50
89 7 50
89 7 50
89 7 50
89 7 50
90 7 50
90 7 50
90 7 50
90 7 50
90 7 50
90 7 50
90 7 50
90 7 50
90 7 50
90 7 50
90 7 50
90 7 50
90 7 50
90 7 50
91 7 50
91 7 50
91 7 50
91 7 50
91 7 50
91 7 50
91 7 50
91 7 50
91 7 50
91 7 50
91 7 50
91 7 50
91 7 50
91 7 50
91 7 50
92 7 50
92 7 50
92 7 50
92 7 50
92 7 50
92 7 50
92 7 50
92 7 50
92 7 50
92 7 50
92 7 50
92 7 50
92 7 50
92 7 50
92 7 50
93 7 50
93 7 50
93 7 50
93 7 50
93 7 50
93 7 50
93 7 50
93 7 50
93 7 50
93 7 50
93 7 50
93 7 50
93 7 50
93 7 50
93 7 50
93 7 50
94 7 50
94 7 50
94 7 50
94 7 50
94 7 50
94 7 50
94 7 50
94 7 50
94 7 50
94 7 50
94 7 50
94 7 50
94 7 50
94 7 50
94 7 50
94 8 700
94 8 50
94 8 50
94 8 50
94 9 50
94 9 50
94 9 50
94 9 50
94 9 50
94 9 50
94 9 50
94 9 50
94 9 50
94 9 50
94 9 50
94 9 50
94 9 50
94 9 50
94 9 50
94 9 50
94 9 50
94 9 50
94 9 50
94 10 50
94 10 50
94 10 50
94 10 50
94 10 50
94 10 50
94 10 50
94 10 50
94 10 50
94 10 50
94 10 50
94 10 50
94 10 50
94 10 50
94 10 50
94 10 50
94 10 50
94 10 50
94 10 50
94 10 50
94 10 50
94 11 50
94 11 50
94 11 50
94 11 50
94 11 50
94 11 50
94 11 50
94 11 50
94 11 50
94 11 50
94 11 50
94 11 50
94 11 50
94 11 50
94 11 50
94 11 50
94 11 50
94 11 50
94 11 50
94 11 50
94 11 50
94 11 50
94 11 50
94 12 50
94 12 50
94 12 50
94 12 50
94 12 50
94 12 50
94 12 50
94 12 50
94 12 50
94 12 50
94 12 50
94 12 50
94 12 50
94 12 50
94 12 50
94 12 50
94 12 50
94 12 50
94 12 50
94 12 50
94 12 50
94 12 50
94 12 50
94 12 50
94 12 50
94 13 50
94 13 50
94 13 50
94 13 50
94 13 50
94 13 50
94 13 50
94 13 50
94 13 50
94 13 50
94 13 50
94 13 50
94 13 50
94 13 50
94 13 50
94 13 50
94 13 50
94 13 50
94 13 50
94 13 50
94 13 50
94 13 50
94 13 50
94 13 50
94 13 50
94 13 50
94 13 50
94 14 50
94 14 50
94 14 50
94 14 50
94 14 50
94 14 50
94 14 50
94 14 50
94 14 50
94 14 50
94 14 50
94 14 50
94 14 50
94 14 50
94 14 50
94 14 50
94 14 50
94 14 50
94 14 50
94 14 50
94 14 50
94 14 50
94 14 50
94 14 50
94 14 50
94 14 50
94 14 50
94 14 50
94 15 50
94 15 50
94 15 50
94 15 50
94 15 50
94 15 50
94 15 50
94 15 50
94 15 50
94 15 50
94 15 50
94 15 50
94 15 50
94 15 50
94 15 50
94 15 50
94 15 50
94 15 50
94 15 50
94 15 50
94 15 50
94 15 50
94 15 50
94 15 50
94 15 50
94 15 50
94 15 50
94 15 50
94 15 50
94 16 50
94 16 50
94 16 50
94 16 50
94 16 50
94 16 50
94 16 50
94 16 50
94 16 50
94 16 50
94 16 50
94 16 50
94 16 50
94 16 50
94 16 50
94 16 50
94 16 50
94 16 50
94 16 50
94 16 50
94 16 50
94 16 50
94 16 50
94 16 50
94 16 50
94 16 50
94 16 50
94 16 50
94 16 50
94 17 50
94 17 50
94 17 50
94 17 50
94 17 50
94 17 50
94 17 50
94 17 50
94 17 50
94 17 50
94 17 50
94 17 50
94 17 50
94 17 50
94 17 50
94 17 50
94 17 50
94 17 50
94 17 50
94 17 50
94 17 50
94 17 50
94 17 50
94 17 50
94 17 50
94 17 50
94 17 50
94 18 50
94 18 50
94 18 50
94 18 50
94 18 50
94 18 50
94 18 50
94 18 50
94 18 50
94 18 50
94 18 50
94 18 50
94 18 50
94 18 50
94 18 50
94 18 50
94 18 50
94 18 50
94 18 50
94 18 50
94 18 50
94 18 50
94 18 50
94 18 50
94 18 50
94 18 50
94 19 50
94 19 50
94 19 50
94 19 50
94 19 50
94 19 50
94 19 50
94 19 50
94 19 50
94 19 50
94 19 50
94 19 50
94 19 50
94 19 50
94 19 50
94 19 50
94 19 50
94 19 50
94 19 50
94 19 50
94 19 50
94 19 50
94 19 50
94 19 50
127 184 1150
126 184 50
126 184 50
125 184 50
125 184 50
124 184 50
124 184 50
123 184 50
123 184 50
122 184 50
122 184 50
121 184 50
121 184 50
120 184 50
119 184 50
118 184 50
117 184 50
116 184 50
115 184 50
114 184 50
113 184 50
112 184 50
111 184 50
110 184 50
110 184 50
109 184 50
109 184 50
108 184 50
108 184 50
108 184 50
107 184 50
107 184 50
107 184 50
107 184 50
106 184 50
106 184 50
106 184 50
106 184 50
106 184 50
105 184 50
105 184 50
105 184 50
105 184 50
105 184 50
105 184 50
104 184 50
104 184 50
104 184 50
104 184 50
104 184 50
104 184 50
104 184 50
103 184 50
103 184 50
103 184 50
103 184 50
103 184 50
103 184 50
103 184 50
103 184 50
102 184 50
102 184 50
102 184 50
102 184 50
102 184 50
102 184 50
102 184 50
102 184 50
101 184 50
101 184 50
101 184 50
101 184 50
101 184 50
101 184 50
101 184 50
101 184 50
101 184 50
100 184 50
100 184 50
100 184 50
100 184 50
100 184 50
100 184 50
100 184 50
100 184 50
100 184 50
99 184 50
99 184 50
99 184 50
99 184 50
99 184 50
99 184 50
99 184 50
99 184 50
99 184 50
99 184 50
98 184 50
98 184 50
98 184 50
98 184 50
98 184 50
98 184 50
98 184 50
98 184 50
98 184 50
98 184 50
98 184 50
97 184 50
97 184 50
97 184 50
97 184 50
97 184 50
97 184 50
97 184 50
97 184 50
97 184 50
97 184 50
97 184 50
97 184 50
97 184 50
96 184 50
96 184 50
96 184 50
96 184 50
96 184 50
96 184 50
96 184 50
96 184 50
96 184 50
96 184 50
96 184 50
96 184 50
96 184 50
96 184 50
96 184 50
95 184 50
95 184 50
95 184 50
95 184 50
95 184 50
95 184 50
95 184 50
95 184 50
95 184 50
95 184 50
95 184 50
95 184 50
95 184 50
95 184 50
95 184 50
95 184 50
95 184 50
94 184 50
94 184 50
94 184 50
94 184 50
94 184 50
94 184 50
94 184 50
94 184 50
94 184 50
94 184 50
94 184 50
94 184 50
94 184 50
94 184 50
94 184 50
94 184 50
94 184 50
94 184 50
94 184 50
94 184 50
93 184 50
93 184 50
93 184 50
93 184 50
93 184 50
93 184 50
93 184 50
93 184 50
93 184 50
93 184 50
93 184 50
93 184 50
93 184 50
93 184 50
93 184 50
93 184 50
93 184 50
93 184 50
93 184 50
93 184 50
93 184 50
93 184 50
93 184 50
92 184 50
92 184 50
92 184 50
92 184 50
92 184 50
92 184 50
92 184 50
92 184 50
92 184 50
92 184 50
92 184 50
92 184 50
92 184 50
92 184 50
92 184 50
92 184 50
92 184 50
92 184 50
92 184 50
92 184 50
92 184 50
92 184 50
92 184 50
92 184 50
92 184 50
92 184 50
91 184 50
91 184 50
91 184 50
91 184 50
91 184 50
91 184 50
91 184 50
91 184 50
91 184 50
91 184 50
91 184 50
91 184 50
91 184 50
91 184 50
91 184 50
91 184 50
91 184 50
91 184 50
91 184 50
91 184 50
91 184 50
91 184 50
91 184 50
91 184 50
91 184 50
91 184 50
91 184 50
91 184 50
91 184 50
90 184 50
90 184 50
90 184 50
90 184 50
90 184 50
90 184 50
90 184 50
90 184 50
90 184 50
90 184 50
90 184 50
90 184 50
90 184 50
90 184 50
90 184 50
90 184 50
90 184 50
90 184 50
90 184 50
90 184 50
90 184 50
90 184 50
90 184 50
90 184 50
90 184 50
90 184 50
90 184 50
90 184 50
90 184 50
90 184 50
90 184 50
90 184 50
89 184 50
89 184 50
89 184 50
89 184 50
89 184 50
89 184 50
89 184 50
89 184 50
89 184 50
89 184 50
89 184 50
89 184 50
89 184 50
89 184 50
89 184 50
89 184 50
89 184 50
89 184 50
89 184 50
89 184 50
89 184 50
89 184 50
89 184 50
89 184 50
89 184 50
89 184 50
89 184 50
89 184 50
89 184 50
89 184 50
89 184 50
89 184 50
89 184 50
88 184 50
88 184 50
88 184 50
88 184 50
88 184 50
88 184 50
88 184 50
88 184 50
88 184 50
88 184 50
88 184 50
88 184 50
88 184 50
88 184 50
88 184 50
88 184 50
88 184 50
88 184 50
88 184 50
88 184 50
88 184 50
88 184 50
88 184 50
88 184 50
88 184 50
88 184 50
88 184 50
88 184 50
88 184 50
88 184 50
88 184 50
88 184 50
88 184 50
88 184 50
88 184 50
87 184 50
87 184 50
87 184 50
87 184 50
87 184 50
87 184 50
87 184 50
87 184 50
87 184 50
87 184 50
87 184 50
87 184 50
87 184 50
87 184 50
87 184 50
87 184 50
87 184 50
87 184 50
87 184 50
87 184 50
87 184 50
87 184 50
87 184 50
87 184 50
87 184 50
87 184 50
87 184 50
87 184 50
87 184 50
87 184 50
87 184 50
87 184 50
87 184 50
87 184 50
87 184 50
87 184 50
86 184 50
86 184 50
86 184 50
86 184 50
86 184 50
86 184 50
86 184 50
86 184 50
86 184 50
86 184 50
86 184 50
86 184 50
86 184 50
86 184 50
86 184 50
86 184 50
86 184 50
86 184 50
86 184 50
86 184 50
86 184 50
86 184 50
86 184 50
86 184 50
86 184 50
86 184 50
86 184 50
86 184 50
86 184 50
86 184 50
86 184 50
86 184 50
86 184 50
86 184 50
86 184 50
86 184 50
86 184 50
85 184 50
85 184 50
85 184 50
85 184 50
85 184 50
85 184 50
85 184 50
85 184 50
85 184 50
85 184 50
85 184 50
85 184 50
85 184 50
85 184 50
85 184 50
85 184 50
85 184 50
85 184 50
85 184 50
85 184 50
85 184 50
85 184 50
85 184 50
85 184 50
85 184 50
85 184 50
85 184 50
85 184 50
85 184 50
85 184 50
85 184 50
85 184 50
85 184 50
85 184 50
85 184 50
85 184 50
85 184 50
84 184 50
84 184 50
84 184 50
84 184 50
84 184 50
84 184 50
84 184 50
84 184 50
84 184 50
84 184 50
84 184 50
84 184 50
84 184 50
84 184 50
84 184 50
84 184 50
84 184 50
84 184 50
84 184 50
84 184 50
84 184 50
84 184 50
84 184 50
84 184 50
84 184 50
84 184 50
84 184 50
84 184 50
84 184 50
84 184 50
84 184 50
84 184 50
84 184 50
84 184 50
84 184 50
84 184 50
84 184 50
84 184 50
83 184 50
83 184 50
83 184 50
83 184 50
83 184 50
83 184 50
83 184 50
83 184 50
83 184 50
83 184 50
83 184 50
83 184 50
83 184 50
83 184 50
83 184 50
83 184 50
83 184 50
83 184 50
83 184 50
83 184 50
83 184 50
83 184 50
83 184 50
83 184 50
83 184 50
83 184 50
83 184 50
83 184 50
83 184 50
83 184 50
83 184 50
83 184 50
83 184 50
83 184 50
83 184 50
83 184 50
83 184 50
83 184 50
82 184 50
82 184 50
82 184 50
82 184 50
82 184 50
82 184 50
82 184 50
82 184 50
82 184 50
82 184 50
82 184 50
82 184 50
82 184 50
82 184 50
82 184 50
82 184 50
82 184 50
82 184 50
82 184 50
82 184 50
82 184 50
82 184 50
82 184 50
82 184 50
82 184 50
82 184 50
82 184 50
82 184 50
82 184 50
82 184 50
82 184 50
82 184 50
82 184 50
82 184 50
82 184 50
82 184 50
82 184 50
82 184 50
82 184 50
81 184 50
81 184 50
81 184 50
81 184 50
81 184 50
81 184 50
81 184 50
81 184 50
81 184 50
81 184 50
81 184 50
81 184 50
81 184 50
81 184 50
81 184 50
81 184 50
81 184 50
81 184 50
81 184 50
81 184 50
81 184 50
81 184 50
81 184 50
81 184 50
81 184 50
81 184 50
81 184 50
81 184 50
81 184 50
81 184 50
81 184 50
81 184 50
81 184 50
81 184 50
81 184 50
81 184 50
81 184 50
81 184 50
81 184 50
81 184 50
81 184 50
80 184 50
80 184 50
80 184 50
80 184 50
80 184 50
80 184 50
80 184 50
80 184 50
80 184 50
80 184 50
80 184 50
80 184 50
80 184 50
80 184 50
80 184 50
80 184 50
80 184 50
80 184 50
80 184 50
80 184 50
80 184 50
80 184 50
80 184 50
80 184 50
80 184 50
80 184 50
80 184 50
80 184 50
80 184 50
80 184 50
80 184 50
80 184 50
80 184 50
80 184 50
80 184 50
80 184 50
80 184 50
80 184 50
80 184 50
80 184 50
80 184 50
80 184 50
80 184 50
80 184 50
79 184 50
79 184 50
79 184 50
79 184 50
79 184 50
79 184 50
79 184 50
79 184 50
79 184 50
79 184 50
79 184 50
79 184 50
79 184 50
79 184 50
79 184 50
79 184 50
79 184 50
79 184 50
79 184 50
79 184 50
79 184 50
79 184 50
79 184 50
79 184 50
79 184 50
79 184 50
79 184 50
79 184 50
79 184 50
79 184 50
79 184 50
79 184 50
79 184 50
79 184 50
79 184 50
79 184 50
79 184 50
79 184 50
79 184 50
79 184 50
79 184 50
79 184 50
79 184 50
79 184 50
79 184 50
79 184 50
79 184 50
79 184 50
78 184 50
78 184 50
78 184 50
78 184 50
78 184 50
78 184 50
78 184 50
78 184 50
78 184 50
78 184 50
78 184 50
78 184 50
78 184 50
78 184 50
78 184 50
78 184 50
78 184 50
78 184 50
78 184 50
78 184 50
78 184 50
78 184 50
78 184 50
78 184 50
78 184 50
78 184 50
78 184 50
78 184 50
78 184 50
78 184 50
78 184 50
78 184 50
78 184 50
78 184 50
78 184 50
78 184 50
78 184 50
78 184 50
78 184 50
78 184 50
78 184 50
78 184 50
78 184 50
78 184 50
78 184 50
78 184 50
78 184 50
78 184 50
78 184 50
78 184 50
78 184 50
78 184 50
78 184 50
77 184 50
77 184 50
77 184 50
77 184 50
77 184 50
77 184 50
77 184 50
77 184 50
77 184 50
77 184 50
77 184 50
77 184 50
77 184 50
77 184 50
77 184 50
77 184 50
77 184 50
77 184 50
77 184 50
77 184 50
77 184 50
77 184 50
77 184 50
77 184 50
77 184 50
77 184 50
77 184 50
77 184 50
77 184 50
77 184 50
77 184 50
77 184 50
77 184 50
77 184 50
77 184 50
77 184 50
77 184 50
77 184 50
77 184 50
77 184 50
77 184 50
77 184 50
77 184 50
77 184 50
77 184 50
77 184 50
77 184 50
77 184 50
77 184 50
77 184 50
77 184 50
77 184 50
77 184 50
77 184 50
77 184 50
77 184 50
77 184 50
77 184 50
76 184 50
76 184 50
76 184 50
76 184 50
76 184 50
76 184 50
76 184 50
76 184 50
76 184 50
76 184 50
76 184 50
76 184 50
76 184 50
76 184 50
76 184 50
76 184 50
76 184 50
76 184 50
76 184 50
76 184 50
76 184 50
76 184 50
76 184 50
76 184 50
76 184 50
76 184 50
76 184 50
76 184 50
76 184 50
76 184 50
76 184 50
76 184 50
76 184 50
76 184 50
76 184 50
76 184 50
76 184 50
76 184 50
76 184 50
76 184 50
76 184 50
76 184 50
76 184 50
76 184 50
76 184 50
76 184 50
76 184 50
76 184 50
76 184 50
76 184 50
76 184 50
76 184 50
76 184 50
76 184 50
76 184 50
76 184 50
76 184 50
76 184 50
76 184 50
76 184 50
76 184 50
76 184 50
76 184 50
75 184 50
75 184 50
75 184 50
75 184 50
75 184 50
75 184 50
75 184 50
75 184 50
75 184 50
75 184 50
75 184 50
75 184 50
75 184 50
75 184 50
75 184 50
75 184 50
75 184 50
75 184 50
75 184 50
75 184 50
75 184 50
75 184 50
75 184 50
75 184 50
75 184 50
75 184 50
75 184 50
75 184 50
75 184 50
75 184 50
75 184 50
75 184 50
75 184 50
75 184 50
75 184 50
75 184 50
75 184 50
75 184 50
75 184 50
75 184 50
75 184 50
75 184 50
75 184 50
75 184 50
75 184 50
75 184 50
75 184 50
75 184 50
75 184 50
75 184 50
75 184 50
75 184 50
75 184 50
75 184 50
75 184 50
75 184 50
75 184 50
75 184 50
75 184 50
75 184 50
75 184 50
75 184 50
75 184 50
75 184 50
75 184 50
75 184 50
75 184 50
75 184 50
74 184 50
74 184 50
74 184 50
74 184 50
74 184 50
74 184 50
74 184 50
74 184 50
74 184 50
74 184 50
74 184 50
74 184 50
74 184 50
74 184 50
74 184 50
74 184 50
74 184 50
74 184 50
74 184 50
74 184 50
74 184 50
74 184 50
74 184 50
74 184 50
74 184 50
74 184 50
74 184 50
74 184 50
74 184 50
74 184 50
74 184 50
74 184 50
74 184 50
74 184 50
74 184 50
74 184 50
74 184 50
74 184 50
74 184 50
74 184 50
74 184 50
74 184 50
74 184 50
74 184 50
74 184 50
74 184 50
74 184 50
74 184 50
74 184 50
74 184 50
74 184 50
74 184 50
74 184 50
74 184 50
74 184 50
74 184 50
74 184 50
74 184 50
74 184 50
74 184 50
74 184 50
74 184 50
74 184 50
74 184 50
74 184 50
74 184 50
74 184 50
74 184 50
74 184 50
74 184 50
74 184 50
74 184 50
73 184 50
73 184 50
73 184 50
73 184 50
73 184 50
73 184 50
73 184 50
73 184 50
73 184 50
73 184 50
73 184 50
73 184 50
73 184 50
73 184 50
73 184 50
73 184 50
73 184 50
73 184 50
73 184 50
73 184 50
73 184 50
73 184 50
73 184 50
73 184 50
73 184 50
73 184 50
73 184 50
73 184 50
73 184 50
73 184 50
73 184 50
73 184 50
73 184 50
73 184 50
73 184 50
73 184 50
73 184 50
73 184 50
73 184 50
73 184 50
73 184 50
73 184 50
73 184 50
73 184 50
73 184 50
73 184 50
73 184 50
73 184 50
73 184 50
73 184 50
73 184 50
73 184 50
73 184 50
73 184 50
73 184 50
73 184 50
73 184 50
73 184 50
73 184 50
73 184 50
73 184 50
73 184 50
73 184 50
73 184 50
73 184 50
73 184 50
73 184 50
73 184 50
73 184 50
73 184 50
73 184 50
73 184 50
73 184 50
73 184 50
73 184 50
73 184 50
72 184 50
72 184 50
72 184 50
72 184 50
72 184 50
72 184 50
72 184 50
72 184 50
72 184 50
72 184 50
72 184 50
72 184 50
72 184 50
72 184 50
72 184 50
72 184 50
72 184 50
72 184 50
72 184 50
72 184 50
72 184 50
72 184 50
72 184 50
72 184 50
72 184 50
72 184 50
72 184 50
72 184 50
72 184 50
72 184 50
72 184 50
72 184 50
72 184 50
72 184 50
72 184 50
72 184 50
72 184 50
72 184 50
72 184 50
72 184 50
72 184 50
72 184 50
72 184 50
72 184 50
72 184 50
72 184 50
72 184 50
72 184 50
72 184 50
72 184 50
72 184 50
72 184 50
72 184 50
72 184 50
72 184 50
72 184 50
72 184 50
72 184 50
72 184 50
72 184 50
72 184 50
72 184 50
72 184 50
72 184 50
72 184 50
72 184 50
72 184 50
72 184 50
72 184 50
72 184 50
72 184 50
72 184 50
72 184 50
72 184 50
72 184 50
72 184 50
72 184 50
72 184 50
72 184 50
71 184 50
71 184 50
71 184 50
71 184 50
71 184 50
71 184 50
71 184 50
71 184 50
71 184 50
71 184 50
71 184 50
71 184 50
71 184 50
71 184 50
71 184 50
71 184 50
71 184 50
71 184 50
71 184 50
71 184 50
71 184 50
71 184 50
71 184 50
71 184 50
71 184 50
71 184 50
71 184 50
71 184 50
71 184 50
71 184 50
71 184 50
71 184 50
71 184 50
71 184 50
71 184 50
71 184 50
71 184 50
71 184 50
71 184 50
71 184 50
71 184 50
71 184 50
71 184 50
71 184 50
71 184 50
71 184 50
71 184 50
71 184 50
71 184 50
71 184 50
71 184 50
71 184 50
71 184 50
71 184 50
71 184 50
71 184 50
71 184 50
71 184 50
71 184 50
71 184 50
71 184 50
71 184 50
71 184 50
71 184 50
71 184 50
71 184 50
71 184 50
71 184 50
71 184 50
71 184 50
71 184 50
71 184 50
71 184 50
71 184 50
71 184 50
71 184 50
71 184 50
71 184 50
71 184 50
71 184 50
71 184 50
70 184 50
70 184 50
70 184 50
70 184 50
70 184 50
70 184 50
70 184 50
70 184 50
70 184 50
70 184 50
70 184 50
70 184 50
70 184 50
70 184 50
70 184 50
70 184 50
70 184 50
70 184 50
70 184 50
70 184 50
70 184 50
70 184 50
70 184 50
70 184 50
70 184 50
70 184 50
70 184 50
70 184 50
70 184 50
70 184 50
70 184 50
70 184 50
70 184 50
70 184 50
70 184 50
70 184 50
70 184 50
70 184 50
70 184 50
70 184 50
70 184 50
70 184 50
70 184 50
70 184 50
70 184 50
70 184 50
70 184 50
70 184 50
70 184 50
70 184 50
70 184 50
70 184 50
70 184 50
70 184 50
70 184 50
70 184 50
70 184 50
70 184 50
70 184 50
70 184 50
70 184 50
70 184 50
70 184 50
70 184 50
70 184 50
70 184 50
70 184 50
70 184 50
70 184 50
70 184 50
70 184 50
70 184 50
70 184 50
70 184 50
70 184 50
70 184 50
70 184 50
70 184 50
70 184 50
70 184 50
70 184 50
70 184 50
69 184 50
69 184 50
69 184 50
69 184 50
69 184 50
69 184 50
69 184 50
69 184 50
69 184 50
69 184 50
69 184 50
69 184 50
69 184 50
69 184 50
69 184 50
69 184 50
69 184 50
69 184 50
69 184 50
69 184 50
69 184 50
69 184 50
69 184 50
69 184 50
69 184 50
69 184 50
69 184 50
69 184 50
69 184 50
69 184 50
69 184 50
69 184 50
69 184 50
69 184 50
69 184 50
69 184 50
69 184 50
69 184 50
69 184 50
69 184 50
69 184 50
69 184 50
69 184 50
69 184 50
69 184 50
69 184 50
69 184 50
69 184 50
69 184 50
69 184 50
69 184 50
69 184 50
69 184 50
69 184 50
69 184 50
69 184 50
69 184 50
69 184 50
69 184 50
69 184 50
69 184 50
69 184 50
69 184 50
69 184 50
69 184 50
69 184 50
69 184 50
69 184 50
69 184 50
69 184 50
69 184 50
69 184 50
69 184 50
69 184 50
69 184 50
69 184 50
69 184 50
69 184 50
69 184 50
69 184 50
69 184 50
69 184 50
69 184 50
68 184 50
68 184 50
68 184 50
68 184 50
68 184 50
68 184 50
68 184 50
68 184 50
68 184 50
68 184 50
68 184 50
68 184 50
68 184 50
68 184 50
68 184 50
68 184 50
68 184 50
68 184 50
68 184 50
68 184 50
68 184 50
68 184 50
68 184 50
68 184 50
68 184 50
68 184 50
68 184 50
68 184 50
68 184 50
68 184 50
68 184 50
68 184 50
68 184 50
68 184 50
68 184 50
68 184 50
68 184 50
68 184 50
68 184 50
68 184 50
68 184 50
68 184 50
68 184 50
68 184 50
68 184 50
68 184 50
68 184 50
68 184 50
68 184 50
68 184 50
68 184 50
68 184 50
68 184 50
68 184 50
68 184 50
68 184 50
68 184 50
68 184 50
68 184 50
68 184 50
68 184 50
68 184 50
68 184 50
68 184 50
68 184 50
68 184 50
68 184 50
68 184 50
68 184 50
68 184 50
68 184 50
68 184 50
68 184 50
68 184 50
68 184 50
68 184 50
68 184 50
68 184 50
68 184 50
68 184 50
68 184 50
68 184 50
68 184 50
67 184 50
67 184 50
67 184 50
67 184 50
67 184 50
67 184 50
67 184 50
67 184 50
67 184 50
67 184 50
67 184 50
67 184 50
67 184 50
67 184 50
67 184 50
67 184 50
67 184 50
67 184 50
67 184 50
67 184 50
67 184 50
67 184 50
67 184 50
67 184 50
67 184 50
67 184 50
67 184 50
67 184 50
67 184 50
67 184 50
67 184 50
67 184 50
67 184 50
67 184 50
67 184 50
67 184 50
67 184 50
67 184 50
67 184 50
67 184 50
67 184 50
67 184 50
67 184 50
67 184 50
67 184 50
67 184 50
67 184 50
67 184 50
67 184 50
67 184 50
67 184 50
67 184 50
67 184 50
67 184 50
67 184 50
67 184 50
67 184 50
67 184 50
67 184 50
67 184 50
67 184 50
67 184 50
67 184 50
67 184 50
67 184 50
67 184 50
67 184 50
67 184 50
67 184 50
67 184 50
67 184 50
67 184 50
67 184 50
67 184 50
67 184 50
67 184 50
67 184 50
67 184 50
67 184 50
67 184 50
67 184 50
67 184 50
67 184 50
66 184 50
66 184 50
66 184 50
66 184 50
66 184 50
66 184 50
66 184 50
66 184 50
66 184 50
66 184 50
66 184 50
66 184 50
66 184 50
66 184 50
66 184 50
66 184 50
66 184 50
66 184 50
66 184 50
66 184 50
66 184 50
66 184 50
66 184 50
66 184 50
66 184 50
66 184 50
66 184 50
66 184 50
66 184 50
66 184 50
66 184 50
66 184 50
66 184 50
66 184 50
66 184 50
66 184 50
66 184 50
66 184 50
66 184 50
66 184 50
66 184 50
66 184 50
66 184 50
66 184 50
66 184 50
66 184 50
66 184 50
66 184 50
66 184 50
66 184 50
66 184 50
66 184 50
66 184 50
66 184 50
66 184 50
66 184 50
66 184 50
66 184 50
66 184 50
66 184 50
66 184 50
66 184 50
66 184 50
66 184 50
66 184 50
66 184 50
66 184 50
66 184 50
66 184 50
66 184 50
66 184 50
66 184 50
66 184 50
66 184 50
66 184 50
66 184 50
66 184 50
66 184 50
66 184 50
66 184 50
66 184 50
66 184 50
65 184 50
65 184 50
65 184 50
65 184 50
65 184 50
65 184 50
65 184 50
65 184 50
65 184 50
65 184 50
65 184 50
65 184 50
65 184 50
65 184 50
65 184 50
65 184 50
65 184 50
65 184 50
65 184 50
65 184 50
65 184 50
65 184 50
65 184 50
65 184 50
65 184 50
65 184 50
65 184 50
65 184 50
65 184 50
65 184 50
65 184 50
65 184 50
65 184 50
65 184 50
65 184 50
65 184 50
65 184 50
65 184 50
65 184 50
65 184 50
65 184 50
65 184 50
65 184 50
65 184 50
65 184 50
65 184 50
65 184 50
65 184 50
65 184 50
65 184 50
65 184 50
65 184 50
65 184 50
65 184 50
65 184 50
65 184 50
65 184 50
65 184 50
65 184 50
65 184 50
65 184 50
65 184 50
65 184 50
65 184 50
65 184 50
65 184 50
65 184 50
65 184 50
65 184 50
65 184 50
65 184 50
65 184 50
65 184 50
65 184 50
65 184 50
65 184 50
65 184 50
65 184 50
65 184 50
65 184 50
65 184 50
64 184 50
64 184 50
64 184 50
64 184 50
64 184 50
64 184 50
64 184 50
64 184 50
64 184 50
64 184 50
64 184 50
64 184 50
64 184 50
64 184 50
64 184 50
64 184 50
64 184 50
64 184 50
64 184 50
64 184 50
64 184 50
64 184 50
64 184 50
64 184 50
64 184 50
64 184 50
64 184 50
64 184 50
64 184 50
64 184 50
64 184 50
64 184 50
64 184 50
64 184 50
64 184 50
64 184 50
64 184 50
64 184 50
64 184 50
64 184 50
64 184 50
64 184 50
64 184 50
64 184 50
64 184 50
64 184 50
64 184 50
64 184 50
64 184 50
64 184 50
64 184 50
64 184 50
64 184 50
64 184 50
64 184 50
64 184 50
64 184 50
64 184 50
64 184 50
64 184 50
64 184 50
64 184 50
64 184 50
64 184 50
64 184 50
64 184 50
64 184 50
64 184 50
64 184 50
64 184 50
64 184 50
64 184 50
64 184 50
64 184 50
64 184 50
64 184 50
64 184 50
64 184 50
64 184 50
64 184 50
64 184 50
63 184 50
63 184 50
63 184 50
63 184 50
63 184 50
63 184 50
63 184 50
63 184 50
63 184 50
63 184 50
63 184 50
63 184 50
63 184 50
63 184 50
63 184 50
63 184 50
63 184 50
63 184 50
63 184 50
63 184 50
63 184 50
63 184 50
63 184 50
63 184 50
63 184 50
63 184 50
63 184 50
63 184 50
63 184 50
63 184 50
63 184 50
63 184 50
63 184 50
63 184 50
63 184 50
63 184 50
63 184 50
63 184 50
63 184 50
63 184 50
63 184 50
63 184 50
63 184 50
63 184 50
63 184 50
63 184 50
63 184 50
63 184 50
63 184 50
63 184 50
63 184 50
63 184 50
63 184 50
63 184 50
63 184 50
63 184 50
63 184 50
63 184 50
63 184 50
63 184 50
63 184 50
63 184 50
63 184 50
63 184 50
63 184 50
63 184 50
63 184 50
63 184 50
63 184 50
63 184 50
63 184 50
63 184 50
63 184 50
63 184 50
63 184 50
63 184 50
63 184 50
63 184 50
63 184 50
63 184 50
62 184 50
62 184 50
62 184 50
62 184 50
62 184 50
62 184 50
62 184 50
62 184 50
62 184 50
62 184 50
62 184 50
62 184 50
62 184 50
62 184 50
62 184 50
62 184 50
62 184 50
62 184 50
62 184 50
62 184 50
62 184 50
62 184 50
62 184 50
62 184 50
62 184 50
62 184 50
62 184 50
62 184 50
62 184 50
62 184 50
62 184 50
62 184 50
62 184 50
62 184 50
62 184 50
62 184 50
62 184 50
62 184 50
62 184 50
62 184 50
62 184 50
62 184 50
62 184 50
62 184 50
62 184 50
62 184 50
62 184 50
62 184 50
62 184 50
62 184 50
62 184 50
62 184 50
62 184 50
62 184 50
62 184 50
62 184 50
62 184 50
62 184 50
62 184 50
62 184 50
62 184 50
62 184 50
62 184 50
62 184 50
62 184 50
62 184 50
62 184 50
62 184 50
62 184 50
62 184 50
62 184 50
62 184 50
62 184 50
62 184 50
62 184 50
62 184 50
62 184 50
62 184 50
62 184 50
61 184 50
61 184 50
61 184 50
61 184 50
61 184 50
61 184 50
61 184 50
61 184 50
61 184 50
61 184 50
61 184 50
61 184 50
61 184 50
61 184 50
61 184 50
61 184 50
61 184 50
61 184 50
61 184 50
61 184 50
61 184 50
61 184 50
61 184 50
61 184 50
61 184 50
61 184 50
61 184 50
61 184 50
61 184 50
61 184 50
61 184 50
61 184 50
61 184 50
61 184 50
61 184 50
61 184 50
61 184 50
61 184 50
61 184 50
61 184 50
61 184 50
61 184 50
61 184 50
61 184 50
61 184 50
61 184 50
61 184 50
61 184 50
61 184 50
61 184 50
61 184 50
61 184 50
61 184 50
61 184 50
61 184 50
61 184 50
61 184 50
61 184 50
61 184 50
61 184 50
61 184 50
61 184 50
61 184 50
61 184 50
61 184 50
61 184 50
61 184 50
61 184 50
61 184 50
61 184 50
61 184 50
61 184 50
61 184 50
61 184 50
61 184 50
61 184 50
61 184 50
61 184 50
61 184 50
60 184 50
60 184 50
60 184 50
60 184 50
60 184 50
60 184 50
60 184 50
60 184 50
60 184 50
60 184 50
60 184 50
60 184 50
60 184 50
60 184 50
60 184 50
60 184 50
60 184 50
60 184 50
60 184 50
60 184 50
60 184 50
60 184 50
60 184 50
60 184 50
60 184 50
60 184 50
60 184 50
60 184 50
60 184 50
60 184 50
60 184 50
60 184 50
60 184 50
60 184 50
60 184 50
60 184 50
60 184 50
60 184 50
60 184 50
60 184 50
60 184 50
60 184 50
60 184 50
60 184 50
60 184 50
60 184 50
60 184 50
60 184 50
60 184 50
60 184 50
60 184 50
60 184 50
60 184 50
60 184 50
60 184 50
60 184 50
60 184 50
60 184 50
60 184 50
60 184 50
60 184 50
60 184 50
60 184 50
60 184 50
60 184 50
60 184 50
60 184 50
60 184 50
60 184 50
60 184 50
60 184 50
60 184 50
60 184 50
60 184 50
60 184 50
60 184 50
60 184 50
60 184 50
60 184 50
59 184 50
59 184 50
59 184 50
59 184 50
59 184 50
59 184 50
59 184 50
59 184 50
59 184 50
59 184 50
59 184 50
59 184 50
59 184 50
59 184 50
59 184 50
59 184 50
59 184 50
59 184 50
59 184 50
59 184 50
59 184 50
59 184 50
59 184 50
59 184 50
59 184 50
59 184 50
59 184 50
59 184 50
59 184 50
59 184 50
59 184 50
59 184 50
59 184 50
59 184 50
59 184 50
59 184 50
59 184 50
59 184 50
59 184 50
59 184 50
59 184 50
59 184 50
59 184 50
59 184 50
59 184 50
59 184 50
59 184 50
59 184 50
59 184 50
59 184 50
59 184 50
59 184 50
59 184 50
59 184 50
59 184 50
59 184 50
59 184 50
59 184 50
59 184 50
59 184 50
59 184 50
59 184 50
59 184 50
59 184 50
59 184 50
59 184 50
59 184 50
59 184 50
59 184 50
59 184 50
59 184 50
59 184 50
59 184 50
59 184 50
59 184 50
59 184 50
59 184 50
59 184 50
58 184 50
58 184 50
58 184 50
58 184 50
58 184 50
58 184 50
58 184 50
58 184 50
58 184 50
58 184 50
58 184 50
58 184 50
58 184 50
58 184 50
58 184 50
58 184 50
58 184 50
58 184 50
58 184 50
58 184 50
58 184 50
58 184 50
58 184 50
58 184 50
58 184 50
58 184 50
58 184 50
58 184 50
58 184 50
58 184 50
58 184 50
58 184 50
58 184 50
58 184 50
58 184 50
58 184 50
58 184 50
58 184 50
58 184 50
58 184 50
58 184 50
58 184 50
58 184 50
58 184 50
58 184 50
58 184 50
58 184 50
58 184 50
58 184 50
58 184 50
58 184 50
58 184 50
58 184 50
58 184 50
58 184 50
58 184 50
58 184 50
58 184 50
58 184 50
58 184 50
58 184 50
58 184 50
58 184 50
58 184 50
58 184 50
58 184 50
58 184 50
58 184 50
58 184 50
58 184 50
58 184 50
58 184 50
58 184 50
58 184 50
58 184 50
58 184 50
58 184 50
58 184 50
57 184 50
57 184 50
57 184 50
57 184 50
57 184 50
57 184 50
57 184 50
57 184 50
57 184 50
57 184 50
57 184 50
57 184 50
57 184 50
57 184 50
57 184 50
57 184 50
57 184 50
57 184 50
57 184 50
57 184 50
57 184 50
57 184 50
57 184 50
57 184 50
57 184 50
57 184 50
57 184 50
57 184 50
57 184 50
57 184 50
57 184 50
57 184 50
57 184 50
57 184 50
57 184 50
57 184 50
57 184 50
57 184 50
57 184 50
57 184 50
57 184 50
57 184 50
57 184 50
57 184 50
57 184 50
57 184 50
57 184 50
57 184 50
57 184 50
57 184 50
57 184 50
57 184 50
57 184 50
57 184 50
57 184 50
57 184 50
57 184 50
57 184 50
57 184 50
57 184 50
57 184 50
57 184 50
57 184 50
57 184 50
57 184 50
57 184 50
57 184 50
57 184 50
57 184 50
57 184 50
57 184 50
57 184 50
57 184 50
57 184 50
57 184 50
57 184 50
57 184 50
57 184 50
56 184 50
56 184 50
56 184 50
56 184 50
56 184 50
56 184 50
56 184 50
56 184 50
56 184 50
56 184 50
56 184 50
56 184 50
56 184 50
56 184 50
56 184 50
56 184 50
56 184 50
56 184 50
56 184 50
56 184 50
56 184 50
56 184 50
56 184 50
56 184 50
56 184 50
56 184 50
56 184 50
56 184 50
56 184 50
56 184 50
56 184 50
56 184 50
56 184 50
56 184 50
56 184 50
56 184 50
56 184 50
56 184 50
56 184 50
56 184 50
56 184 50
56 184 50
56 184 50
56 184 50
56 184 50
56 184 50
56 184 50
56 184 50
56 184 50
56 184 50
56 184 50
56 184 50
56 184 50
56 184 50
56 184 50
56 184 50
56 184 50
56 184 50
56 184 50
56 184 50
56 184 50
56 184 50
56 184 50
56 184 50
56 184 50
56 184 50
56 184 50
56 184 50
56 184 50
56 184 50
56 184 50
56 184 50
56 184 50
56 184 50
56 184 50
56 184 50
56 184 50
55 184 50
55 184 50
55 184 50
55 184 50
55 184 50
55 184 50
55 184 50
55 184 50
55 184 50
55 184 50
55 184 50
55 184 50
55 184 50
55 184 50
55 184 50
55 184 50
55 184 50
55 184 50
55 184 50
55 184 50
55 184 50
55 184 50
55 184 50
55 184 50
55 184 50
55 184 50
55 184 50
55 184 50
55 184 50
55 184 50
55 184 50
55 184 50
55 184 50
55 184 50
55 184 50
55 184 50
55 184 50
55 184 50
55 184 50
55 184 50
55 184 50
55 184 50
55 184 50
55 184 50
55 184 50
55 184 50
55 184 50
55 184 50
55 184 50
55 184 50
55 184 50
55 184 50
55 184 50
55 184 50
55 184 50
55 184 50
55 184 50
55 184 50
55 184 50
55 184 50
55 184 50
55 184 50
55 184 50
55 184 50
55 184 50
55 184 50
55 184 50
55 184 50
55 184 50
55 184 50
55 184 50
55 184 50
55 184 50
55 184 50
55 184 50
55 184 50
54 184 50
54 184 50
54 184 50
54 184 50
54 184 50
54 184 50
54 184 50
54 184 50
54 184 50
54 184 50
54 184 50
54 184 50
54 184 50
54 184 50
54 184 50
54 184 50
54 184 50
54 184 50
54 184 50
54 184 50
54 184 50
54 184 50
54 184 50
54 184 50
54 184 50
54 184 50
54 184 50
54 184 50
54 184 50
54 184 50
54 184 50
54 184 50
54 184 50
54 184 50
54 184 50
54 184 50
54 184 50
54 184 50
54 184 50
54 184 50
54 184 50
54 184 50
54 184 50
54 184 50
54 184 50
54 184 50
54 184 50
54 184 50
54 184 50
54 184 50
54 184 50
54 184 50
54 184 50
54 184 50
54 184 50
54 184 50
54 184 50
54 184 50
54 184 50
54 184 50
54 184 50
54 184 50
54 184 50
54 184 50
54 184 50
54 184 50
54 184 50
54 184 50
54 184 50
54 184 50
54 184 50
54 184 50
54 184 50
54 184 50
54 184 50
53 184 50
53 184 50
53 184 50
53 184 50
53 184 50
53 184 50
53 184 50
53 184 50
53 184 50
53 184 50
53 184 50
53 184 50
53 184 50
53 184 50
53 184 50
53 184 50
53 184 50
53 184 50
53 184 50
53 184 50
53 184 50
53 184 50
53 184 50
53 184 50
53 184 50
53 184 50
53 184 50
53 184 50
53 184 50
53 184 50
53 184 50
53 184 50
53 184 50
53 184 50
53 184 50
53 184 50
53 184 50
53 184 50
53 184 50
53 184 50
53 184 50
53 184 50
53 184 50
53 184 50
53 184 50
53 184 50
53 184 50
53 184 50
53 184 50
53 184 50
53 184 50
53 184 50
53 184 50
53 184 50
53 184 50
53 184 50
53 184 50
53 184 50
53 184 50
53 184 50
53 184 50
53 184 50
53 184 50
53 184 50
53 184 50
53 184 50
53 184 50
53 184 50
53 184 50
53 184 50
53 184 50
53 184 50
52 184 50
52 184 50
52 184 50
52 184 50
52 184 50
52 184 50
52 184 50
52 184 50
52 184 50
52 184 50
52 184 50
52 184 50
52 184 50
52 184 50
52 184 50
52 184 50
52 184 50
52 184 50
52 184 50
52 184 50
52 184 50
52 184 50
52 184 50
52 184 50
52 184 50
52 184 50
52 184 50
52 184 50
52 184 50
52 184 50
52 184 50
52 184 50
52 184 50
52 184 50
52 184 50
52 184 50
52 184 50
52 184 50
52 184 50
52 184 50
52 184 50
52 184 50
52 184 50
52 184 50
52 184 50
52 184 50
52 184 50
52 184 50
52 184 50
52 184 50
52 184 50
52 184 50
52 184 50
52 184 50
52 184 50
52 184 50
52 184 50
52 184 50
52 184 50
52 184 50
52 184 50
52 184 50
52 184 50
52 184 50
52 184 50
52 184 50
52 184 50
52 184 50
52 184 50
51 184 50
51 184 50
51 184 50
51 184 50
51 184 50
51 184 50
51 184 50
51 184 50
51 184 50
51 184 50
51 184 50
51 184 50
51 184 50
51 184 50
51 184 50
51 184 50
51 184 50
51 184 50
51 184 50
51 184 50
51 184 50
51 184 50
51 184 50
51 184 50
51 184 50
51 184 50
51 184 50
51 184 50
51 184 50
51 184 50
51 184 50
51 184 50
51 184 50
51 184 50
51 184 50
51 184 50
51 184 50
51 184 50
51 184 50
51 184 50
51 184 50
51 184 50
51 184 50
51 184 50
51 184 50
51 184 50
51 184 50
51 184 50
51 184 50
51 184 50
51 184 50
51 184 50
51 184 50
51 184 50
51 184 50
51 184 50
51 184 50
51 184 50
51 184 50
51 184 50
51 184 50
51 184 50
51 184 50
51 184 50
50 184 50
50 184 50
50 184 50
50 184 50
50 184 50
50 184 50
50 184 50
50 184 50
50 184 50
50 184 50
50 184 50
50 184 50
50 184 50
50 184 50
50 184 50
50 184 50
50 184 50
50 184 50
50 184 50
50 184 50
50 184 50
50 184 50
50 184 50
50 184 50
50 184 50
50 184 50
50 184 50
50 184 50
50 184 50
50 184 50
50 184 50
50 184 50
50 184 50
50 184 50
50 184 50
50 184 50
50 184 50
50 184 50
50 184 50
50 184 50
50 184 50
50 184 50
50 184 50
50 184 50
50 184 50
50 184 50
50 184 50
50 184 50
50 184 50
50 184 50
50 184 50
50 184 50
50 184 50
50 184 50
50 184 50
50 184 50
50 184 50
50 184 50
49 184 50
49 184 50
49 184 50
49 184 50
49 184 50
49 184 50
49 184 50
49 184 50
49 184 50
49 184 50
49 184 50
49 184 50
49 184 50
49 184 50
49 184 50
49 184 50
49 184 50
49 184 50
49 184 50
49 184 50
49 184 50
49 184 50
49 184 50
49 184 50
49 184 50
49 184 50
49 184 50
49 184 50
49 184 50
49 184 50
49 184 50
49 184 50
49 184 50
49 184 50
49 184 50
49 184 50
49 184 50
49 184 50
49 184 50
49 184 50
49 184 50
49 184 50
49 184 50
49 184 50
49 184 50
49 184 50
49 184 50
49 184 50
49 184 50
49 184 50
49 184 50
49 184 50
48 184 50
48 184 50
48 184 50
48 184 50
48 184 50
48 184 50
48 184 50
48 184 50
48 184 50
48 184 50
48 184 50
48 184 50
48 184 50
48 184 50
48 184 50
48 184 50
48 184 50
48 184 50
48 184 50
48 184 50
48 184 50
48 184 50
48 184 50
48 184 50
48 184 50
48 184 50
48 184 50
48 184 50
48 184 50
48 184 50
48 184 50
48 184 50
48 184 50
48 184 50
48 184 50
48 184 50
48 184 50
48 184 50
48 184 50
48 184 50
48 184 50
48 184 50
48 184 50
48 184 50
48 184 50
48 184 50
47 184 50
47 184 50
47 184 50
47 184 50
47 184 50
47 184 50
47 184 50
47 184 50
47 184 50
47 184 50
47 184 50
47 184 50
47 184 50
47 184 50
47 184 50
47 184 50
47 184 50
47 184 50
47 184 50
47 184 50
47 184 50
47 184 50
47 184 50
47 184 50
47 184 50
47 184 50
47 184 50
47 184 50
47 184 50
47 184 50
47 184 50
47 184 50
47 184 50
47 184 50
47 184 50
47 184 50
47 184 50
47 184 50
47 184 50
47 184 50
46 184 50
46 184 50
46 184 50
46 184 50
46 184 50
46 184 50
46 184 50
46 184 50
46 184 50
46 184 50
46 184 50
46 184 50
46 184 50
46 184 50
46 184 50
46 184 50
46 184 50
46 184 50
46 184 50
46 184 50
46 184 50
46 184 50
46 184 50
46 184 50
46 184 50
46 184 50
46 184 50
46 184 50
46 184 50
46 184 50
46 184 50
46 184 50
46 184 50
46 184 50
46 184 50
45 184 50
45 184 50
45 184 50
45 184 50
45 184 50
45 184 50
45 184 50
45 184 50
45 184 50
45 184 50
45 184 50
45 184 50
45 184 50
45 184 50
45 184 50
45 184 50
45 184 50
45 184 50
45 184 50
45 184 50
45 184 50
45 184 50
45 184 50
45 184 50
45 184 50
45 184 50
45 184 50
45 184 50
45 184 50
45 184 50
45 184 50
44 184 50
44 184 50
44 184 50
44 184 50
44 184 50
44 184 50
44 184 50
44 184 50
44 184 50
44 184 50
44 184 50
44 184 50
44 184 50
44 184 50
44 184 50
44 184 50
44 184 50
44 184 50
44 184 50
44 184 50
44 184 50
44 184 50
44 184 50
44 184 50
44 184 50
44 184 50
44 184 50
43 184 50
43 184 50
43 184 50
43 184 50
43 184 50
43 184 50
43 184 50
43 184 50
43 184 50
43 184 50
43 184 50
43 184 50
43 184 50
43 184 50
43 184 50
43 184 50
43 184 50
43 184 50
43 184 50
43 184 50
43 184 50
43 184 50
43 184 50
43 184 50
42 184 50
42 184 50
42 184 50
42 184 50
42 184 50
42 184 50
42 184 50
42 184 50
42 184 50
42 184 50
42 184 50
42 184 50
42 184 50
42 184 50
42 184 50
42 184 50
42 184 50
42 184 50
42 184 50
42 184 50
42 184 50
42 184 50
41 184 50
41 184 50
41 184 50
41 184 50
41 184 50
41 184 50
41 184 50
41 184 50
41 184 50
41 184 50
41 184 50
41 184 50
41 184 50
41 184 50
41 184 50
41 184 50
41 184 50
41 184 50
41 184 50
41 184 50
40 184 50
40 184 50
40 184 50
40 184 50
40 184 50
40 184 50
40 184 50
40 184 50
40 184 50
40 184 50
40 184 50
40 184 50
40 184 50
40 184 50
40 184 50
40 184 50
40 184 50
40 184 50
40 184 50
40 184 50
39 184 50
39 184 50
39 184 50
39 184 50
39 184 50
39 184 50
39 184 50
39 184 50
39 184 50
39 184 50
39 184 50
39 184 50
39 184 50
39 184 50
39 184 50
39 184 50
39 184 50
39 184 50
39 184 50
38 184 50
38 184 50
38 184 50
38 184 50
38 184 50
38 184 50
38 184 50
38 184 50
38 184 50
38 184 50
38 184 50
38 184 50
38 184 50
38 184 50
38 184 50
38 184 50
38 184 50
38 184 50
37 184 50
37 184 50
37 184 50
37 184 50
37 184 50
37 184 50
37 184 50
37 184 50
37 184 50
37 184 50
37 184 50
37 184 50
37 184 50
37 184 50
37 184 50
37 184 50
37 184 50
36 184 50
36 184 50
36 184 50
36 184 50
36 184 50
36 184 50
36 184 50
36 184 50
36 184 50
36 184 50
36 184 50
36 184 50
36 184 50
36 184 50
36 184 50
36 184 50
35 184 50
35 184 50
35 184 50
35 184 50
35 184 50
35 184 50
35 184 50
35 184 50
35 184 50
35 184 50
35 184 50
35 184 50
35 184 50
35 184 50
35 184 50
34 184 50
34 184 50
34 184 50
34 184 50
34 184 50
34 184 50
34 184 50
34 184 50
34 184 50
34 184 50
34 184 50
34 184 50
34 184 50
34 184 50
34 183 650
34 183 50
34 183 50
34 183 50
34 182 50
34 182 50
34 182 50
34 182 50
34 182 50
34 182 50
34 182 50
34 182 50
34 182 50
34 182 50
34 182 50
34 182 50
34 182 50
34 182 50
34 182 50
34 182 50
34 182 50
34 182 50
34 181 50
34 181 50
34 181 50
34 181 50
34 181 50
34 181 50
34 181 50
34 181 50
34 181 50
34 181 50
34 181 50
34 181 50
34 181 50
34 181 50
34 181 50
34 181 50
34 181 50
34 181 50
34 181 50
34 180 50
34 180 50
34 180 50
34 180 50
34 180 50
34 180 50
34 180 50
34 180 50
34 180 50
34 180 50
34 180 50
34 180 50
34 180 50
34 180 50
34 180 50
34 180 50
34 180 50
34 180 50
34 180 50
34 180 50
34 179 50
34 179 50
34 179 50
34 179 50
34 179 50
34 179 50
34 179 50
34 179 50
34 179 50
34 179 50
34 179 50
34 179 50
34 179 50
34 179 50
34 179 50
34 179 50
34 179 50
34 179 50
34 179 50
34 179 50
34 178 50
34 178 50
34 178 50
34 178 50
34 178 50
34 178 50
34 178 50
34 178 50
34 178 50
34 178 50
34 178 50
34 178 50
34 178 50
34 178 50
34 178 50
34 178 50
34 178 50
34 178 50
34 178 50
34 178 50
34 178 50
34 177 50
34 177 50
34 177 50
34 177 50
34 177 50
34 177 50
34 177 50
34 177 50
34 177 50
34 177 50
34 177 50
34 177 50
34 177 50
34 177 50
34 177 50
34 177 50
34 177 50
34 177 50
34 177 50
34 177 50
34 177 50
34 177 50
34 176 50
34 176 50
34 176 50
34 176 50
34 176 50
34 176 50
34 176 50
34 176 50
34 176 50
34 176 50
34 176 50
34 176 50
34 176 50
34 176 50
34 176 50
34 176 50
34 176 50
34 176 50
34 176 50
34 176 50
34 176 50
34 176 50
34 176 50
34 175 50
34 175 50
34 175 50
34 175 50
34 175 50
34 175 50
34 175 50
34 175 50
34 175 50
34 175 50
34 175 50
34 175 50
34 175 50
34 175 50
34 175 50
34 175 50
34 175 50
34 175 50
34 175 50
34 175 50
34 175 50
34 175 50
34 175 50
34 175 50
34 175 50
34 174 50
34 174 50
34 174 50
34 174 50
34 174 50
34 174 50
34 174 50
34 174 50
34 174 50
34 174 50
34 174 50
34 174 50
34 174 50
34 174 50
34 174 50
34 174 50
34 174 50
34 174 50
34 174 50
34 174 50
34 174 50
34 174 50
34 174 50
34 174 50
34 174 50
34 174 50
34 174 50
34 174 50
34 173 50
34 173 50
34 173 50
34 173 50
34 173 50
34 173 50
34 173 50
34 173 50
34 173 50
34 173 50
34 173 50
34 173 50
34 173 50
34 173 50
34 173 50
34 173 50
34 173 50
34 173 50
34 173 50
34 173 50
34 173 50
34 173 50
34 173 50
34 173 50
34 173 50
34 173 50
34 173 50
34 173 50
34 173 50
34 173 50
34 173 50
34 173 50
