190 168 120
191 168 120
192 168 120
192 167 120
192 166 120
192 165 120
192 164 120
192 163 120
192 162 120
192 161 120
192 160 120
192 159 120
192 158 120
192 157 120
192 156 120
192 155 120
192 154 120
192 153 120
192 152 120
192 151 120
192 150 120
192 149 120
192 148 120
192 147 120
192 146 120
192 145 120
192 144 120
192 143 120
192 142 120
192 141 120
192 140 120
192 139 120
192 138 120
192 137 120
192 136 120
192 135 120
192 134 120
192 133 120
192 132 120
192 131 120
192 131 120
192 130 120
192 130 120
192 129 120
192 129 120
192 128 120
192 128 120
192 127 120
192 127 120
192 126 120
192 126 120
192 125 120
192 125 120
192 124 120
192 124 120
192 123 120
192 123 120
192 122 120
192 122 120
192 121 120
192 121 120
192 120 120
192 120 120
192 119 120
192 119 120
192 118 120
192 118 120
192 117 120
192 117 120
192 116 120
192 116 120
192 115 120
192 115 120
192 114 120
192 114 120
192 113 120
192 113 120
192 112 120
192 112 120
192 111 120
192 111 120
192 110 120
192 109 120
192 108 120
192 107 120
192 106 120
192 105 120
192 104 120
189 168 120
188 168 120
187 168 120
186 168 120
185 168 120
184 168 120
183 168 120
182 168 120
181 168 120
180 168 120
179 168 120
178 168 120
177 168 120
176 168 120
175 168 120
174 168 120
173 168 120
172 168 120
171 168 120
170 168 120
169 168 120
169 168 120
168 168 120
168 168 120
167 168 120
167 168 120
167 168 120
166 168 240
166 168 120
165 168 240
165 168 120
165 168 120
164 168 360
164 168 120
164 168 120
164 168 120
163 168 600
163 168 120
163 168 120
162 168 720
162 168 120
162 168 120
162 168 120
161 168 960
161 168 120
161 168 120
161 168 120
160 168 1200
160 168 120
160 168 120
160 168 120
159 168 1440
159 168 120
159 168 120
159 168 120
158 168 1680
158 168 120
158 168 120
158 168 120
158 168 120
157 168 2040
157 168 120
157 168 120
157 168 120
156 168 2280
156 168 120
156 168 120
156 168 120
155 168 2520
155 168 120
155 168 120
155 168 120
155 167 2760
155 166 2760
155 165 2760
155 164 120
155 164 120
155 164 120
155 164 120
155 164 120
155 164 120
155 164 120
155 164 120
155 164 120
155 164 120
155 164 120
155 164 120
155 164 120
155 164 120
155 164 120
155 164 120
155 164 120
155 163 1920
155 162 1920
155 161 1920
155 160 120
155 160 120
155 160 120
155 160 120
155 160 120
155 160 120
155 160 120
155 160 120
155 159 840
155 158 840
155 157 840
155 156 120
155 156 120
155 155 120
155 154 120
155 153 120
155 152 120
155 151 120
155 150 120
155 149 120
155 148 120
155 147 120
155 146 120
155 145 120
155 144 120
155 143 120
155 142 120
155 141 120
155 140 120
155 139 120
155 138 120
155 137 120
155 136 120
154 136 120
153 136 120
152 136 120
151 136 120
150 136 120
149 136 120
148 136 120
147 136 120
146 136 120
145 136 120
144 136 120
143 136 120
142 136 120
141 136 120
140 136 120
139 136 120
138 136 120
137 136 120
136 136 120
135 136 120
134 136 120
133 136 120
132 136 120
131 136 120
130 136 120
129 136 120
128 136 120
127 136 120
126 136 120
125 136 120
124 136 120
123 136 120
122 136 120
121 136 120
120 136 120
120 136 120
119 136 120
119 136 120
118 136 120
118 136 120
118 136 120
117 136 240
117 136 120
117 136 120
116 136 360
116 136 120
116 136 120
116 136 120
116 135 600
116 134 600
116 133 600
116 132 120
116 132 120
116 132 120
116 131 240
116 130 240
116 129 240
116 128 120
116 127 120
116 126 120
116 125 120
116 124 120
116 123 120
116 122 120
116 121 120
116 120 120
116 119 120
116 118 120
116 117 120
116 116 120
116 115 120
116 114 120
116 113 120
116 112 120
116 111 120
116 110 120
116 109 120
116 108 120
116 107 120
116 106 120
116 105 120
116 104 120
116 103 120
116 102 120
116 101 120
116 100 120
116 99 120
116 98 120
116 97 120
116 96 120
116 95 120
116 94 120
116 93 120
116 92 120
116 91 120
116 90 120
116 89 120
116 88 120
116 87 120
116 86 120
116 85 120
116 84 120
116 83 120
116 82 120
116 81 120
116 80 120
116 80 120
116 79 120
116 79 120
116 78 120
116 78 120
116 77 120
116 77 120
116 76 120
116 76 120
116 76 120
116 75 240
116 75 120
116 74 240
116 74 120
116 74 120
116 73 360
116 73 120
116 73 120
116 72 480
116 72 120
116 72 120
116 71 600
116 71 120
116 71 120
116 71 120
116 70 840
116 70 120
116 70 120
116 69 960
116 69 120
116 69 120
116 68 1080
116 68 120
116 68 120
116 67 1200
116 67 120
116 67 120
116 66 1320
116 66 120
116 66 120
116 65 1440
116 65 120
116 64 1440
116 64 120
116 63 1440
116 63 120
116 62 1440
116 61 1440
116 60 1440
116 59 120
116 59 120
116 59 120
116 59 120
116 59 120
116 59 120
116 59 120
116 59 120
116 58 840
116 57 840
116 56 840
116 55 120
116 55 120
116 54 120
116 54 120
116 53 120
116 52 120
116 51 120
116 50 120
115 50 120
114 50 120
113 50 120
112 50 120
111 50 120
110 50 120
109 50 120
108 50 120
107 50 120
106 50 120
105 50 120
104 50 120
103 50 120
102 50 120
101 50 120
100 50 120
99 50 120
98 50 120
97 50 120
96 50 120
95 50 120
94 50 120
93 50 120
92 50 120
91 50 120
90 50 120
89 50 120
88 50 120
87 50 120
86 50 120
85 50 120
84 50 120
83 50 120
82 50 120
81 50 120
80 50 120
80 51 120
80 52 120
80 53 120
80 54 120
80 55 120
80 56 120
79 56 120
78 56 120
77 56 120
76 56 120
75 56 120
74 56 120
73 56 120
72 56 120
71 56 120
70 56 120
69 56 120
68 56 120
67 56 120
66 56 120
65 56 120
64 56 120
64 56 120
63 56 120
63 56 120
62 56 120
62 56 120
62 57 120
62 57 120
62 58 120
62 59 120
62 60 120
62 61 120
62 62 120
62 63 120
62 64 120
62 65 120
62 66 120
62 67 120
62 68 120
62 69 120
62 70 120
62 71 120
62 72 120
62 73 120
62 74 120
62 75 120
62 76 120
62 77 120
62 78 120
62 79 120
62 80 120
62 81 120
62 82 120
61 82 120
60 82 120
59 82 120
58 82 120
57 82 120
56 82 120
55 82 120
55 82 120
54 82 120
54 82 120
53 82 120
53 82 120
52 82 120
52 82 120
51 82 120
51 82 120
51 82 120
50 82 240
50 82 120
49 82 240
49 82 120
49 82 120
48 82 360
48 82 120
48 82 120
47 82 480
47 82 120
47 82 120
46 82 600
46 82 120
46 82 120
45 82 720
45 82 120
45 82 120
44 82 840
44 82 120
44 82 120
43 82 960
43 82 120
43 82 120
42 82 1080
42 82 120
42 82 120
41 82 1200
41 82 120
41 82 120
40 82 1320
40 82 120
39 82 1320
38 82 1320
37 82 1320
36 82 120
36 82 120
36 82 120
36 82 120
36 82 120
36 82 120
36 82 120
36 82 120
35 82 840
34 82 840
33 82 840
33 83 120
33 83 120
33 83 120
33 84 240
33 84 120
33 85 240
33 86 240
33 87 240
33 88 120
33 89 120
33 90 120
33 91 120
33 92 120
33 93 120
33 94 120
33 95 120
33 96 120
33 97 120
33 98 120
33 99 120
33 100 120
33 101 120
33 102 120
33 103 120
33 104 120
33 105 120
61 56 120
61 56 120
60 56 120
60 56 120
60 56 120
59 56 240
59 56 120
58 56 240
58 56 120
58 56 120
57 56 360
57 56 120
56 56 360
56 56 120
56 56 120
55 56 480
55 56 120
55 56 120
54 56 600
54 56 120
53 56 600
53 56 120
52 56 600
52 56 120
51 56 600
51 56 120
50 56 600
49 56 600
48 56 600
47 56 120
47 56 120
47 56 120
46 56 240
45 56 240
44 56 240
43 56 120
42 56 120
41 56 120
40 56 120
39 56 120
38 56 120
37 56 120
36 56 120
35 56 120
34 56 120
33 56 120
32 56 120
31 56 120
30 56 120
29 56 120
28 56 120
27 56 120
26 56 120
26 55 120
26 54 120
26 53 120
60 55 120
60 55 120
60 55 120
60 55 120
60 54 360
60 54 120
60 54 120
60 53 480
60 53 120
60 53 120
60 53 120
60 52 720
60 52 120
60 52 120
60 52 120
60 51 960
60 51 120
60 51 120
60 51 120
60 50 1200
60 50 120
60 50 120
60 50 120
60 50 120
60 49 1560
60 49 120
60 49 120
60 49 120
60 49 120
60 49 120
60 48 2040
60 48 120
60 48 120
60 48 120
60 48 120
60 47 2400
60 47 120
60 47 120
60 47 120
60 47 120
60 46 2760
60 46 120
60 46 120
60 46 120
60 46 120
60 45 3120
60 45 120
60 45 120
60 45 120
60 44 3360
60 44 120
60 44 120
60 44 120
60 43 3600
60 43 120
60 43 120
60 42 3720
60 42 120
60 42 120
60 41 3840
60 41 120
60 41 120
60 40 3960
60 40 120
60 39 3960
60 39 120
60 38 3960
60 38 120
60 37 3960
60 36 3960
60 35 3960
60 34 120
60 34 120
60 34 120
60 34 120
60 34 120
60 34 120
60 34 120
60 34 120
60 34 120
60 34 120
60 34 120
60 34 120
60 34 120
60 34 120
60 34 120
60 34 120
60 34 120
60 34 120
60 34 120
60 34 120
60 34 120
60 34 120
60 34 120
60 34 120
60 34 120
60 34 120
60 34 120
60 34 120
60 34 120
60 34 120
60 34 120
60 33 3600
60 32 3600
60 31 3600
60 30 120
60 30 120
60 30 120
60 30 120
60 30 120
60 30 120
60 30 120
60 30 120
60 30 120
60 30 120
60 30 120
60 30 120
60 30 120
60 30 120
60 30 120
60 30 120
60 30 120
60 30 120
60 30 120
60 30 120
60 30 120
60 30 120
60 30 120
60 30 120
60 29 2760
60 28 2760
60 27 2760
60 26 120
60 26 120
60 26 120
60 26 120
60 26 120
60 26 120
60 26 120
60 26 120
60 26 120
60 26 120
60 26 120
60 26 120
60 26 120
60 25 1440
60 24 1440
60 23 1440
60 22 120
60 22 120
60 22 120
60 21 240
183 36 240
184 36 240
185 36 120
186 36 120
187 36 120
188 36 120
189 36 120
190 36 120
190 36 120
191 36 120
191 36 120
192 36 120
192 36 120
192 36 120
192 37 240
192 37 120
192 38 240
192 38 120
192 39 240
192 39 120
192 40 240
192 40 120
192 41 240
192 41 120
192 42 240
192 42 120
192 42 120
192 43 360
192 43 120
192 44 360
192 44 120
192 45 360
192 45 120
192 46 360
192 46 120
192 47 360
192 47 120
192 48 360
192 49 360
192 50 360
192 51 120
192 51 120
192 51 120
192 52 240
192 53 240
192 54 240
192 55 120
192 55 120
192 56 120
192 56 120
192 57 120
192 57 120
192 58 120
192 58 120
192 59 120
192 59 120
192 60 120
192 60 120
192 61 120
192 61 120
192 62 120
192 62 120
192 62 120
192 63 240
192 63 120
192 64 240
192 64 120
192 64 120
192 65 360
192 65 120
192 66 360
192 66 120
192 66 120
192 67 480
192 67 120
192 67 120
192 68 600
192 68 120
192 68 120
192 69 720
192 69 120
192 69 120
192 70 840
192 70 120
192 70 120
192 71 960
192 71 120
192 72 960
192 72 120
192 72 120
192 73 1080
192 73 120
192 73 120
192 74 1200
192 74 120
192 75 1200
192 75 120
192 75 120
192 76 1320
192 76 120
192 77 1320
192 77 120
192 78 1320
192 79 1320
192 80 1320
192 81 120
192 81 120
192 81 120
192 81 120
192 81 120
192 81 120
192 81 120
192 82 720
192 83 720
192 84 720
192 85 120
192 85 120
192 85 120
192 86 240
192 87 240
192 88 240
192 89 120
192 90 120
192 91 120
192 92 120
192 93 120
192 94 120
192 95 120
192 96 120
192 97 120
192 98 120
192 99 120
192 100 120
192 101 120
192 102 120
192 103 120
34 105 120
35 105 120
36 105 120
37 105 120
38 105 120
39 105 120
39 106 120
39 107 120
39 108 120
39 109 120
39 110 120
39 111 120
39 112 120
39 113 120
39 114 120
39 115 120
39 116 120
39 117 120
39 118 120
39 119 120
39 120 120
39 121 120
39 122 120
39 123 120
39 124 120
39 125 120
39 126 120
39 127 120
39 128 120
39 129 120
39 130 120
39 131 120
39 132 120
39 133 120
39 134 120
39 135 120
39 135 120
39 136 120
39 136 120
39 137 120
39 137 120
39 137 120
39 138 240
39 138 120
39 138 120
39 139 360
39 139 120
39 139 120
39 140 480
39 140 120
39 140 120
39 140 120
39 141 720
39 141 120
39 141 120
39 141 120
39 142 960
39 142 120
39 142 120
39 142 120
39 142 120
39 143 1320
39 143 120
39 143 120
39 143 120
39 143 120
39 144 1680
39 144 120
39 144 120
39 144 120
39 144 120
39 145 2040
39 145 120
39 145 120
39 145 120
39 145 120
39 146 2400
39 146 120
39 146 120
39 146 120
39 147 2640
39 147 120
39 147 120
39 147 120
39 147 120
39 148 3000
39 148 120
39 148 120
39 149 3120
39 149 120
39 149 120
39 149 120
39 150 3360
39 150 120
39 150 120
39 151 3480
39 151 120
39 151 120
39 152 3600
39 152 120
39 152 120
39 153 3720
39 153 120
39 154 3720
39 154 120
39 155 3720
39 155 120
39 156 3720
39 157 3720
39 158 3720
39 159 120
39 159 120
39 159 120
39 159 120
39 159 120
39 159 120
39 159 120
39 159 120
39 159 120
39 159 120
39 159 120
39 159 120
39 159 120
39 159 120
39 159 120
39 159 120
39 159 120
39 159 120
39 159 120
39 159 120
39 159 120
39 159 120
39 159 120
39 159 120
39 159 120
39 159 120
39 160 3000
39 161 3000
39 162 3000
39 163 120
39 163 120
39 163 120
39 163 120
39 163 120
39 163 120
39 163 120
39 163 120
39 163 120
39 163 120
39 163 120
39 163 120
39 163 120
39 163 120
39 163 120
39 164 1680
39 165 1680
39 166 1680
39 167 120
39 167 120
39 167 120
39 167 120
39 167 120
39 167 120
39 168 600
39 169 600
39 170 600
39 171 120
39 171 120
39 172 120
39 172 120
39 173 120
39 174 120
39 175 120
39 176 120
39 177 120
39 178 120
39 179 120
39 180 120
39 181 120
39 182 120
39 183 120
39 184 120
39 185 120
39 186 120
39 187 120
39 188 120
39 189 120
39 190 120
39 191 120
39 192 120
39 193 120
39 194 120
39 195 120
39 196 120
39 197 120
39 198 120
