94 144 120
93 144 120
92 144 120
91 144 120
90 144 120
89 144 120
88 144 120
87 144 120
86 144 120
85 144 120
85 144 120
84 144 120
84 144 120
83 144 120
83 144 120
83 144 120
82 144 240
82 144 120
81 144 240
81 144 120
81 144 120
81 144 120
80 144 480
80 144 120
80 144 120
79 144 600
79 144 120
79 144 120
79 144 120
78 144 840
78 144 120
78 144 120
78 144 120
78 144 120
77 144 1200
77 144 120
77 144 120
77 144 120
77 144 120
76 144 1560
76 144 120
76 144 120
76 144 120
75 144 1800
75 144 120
75 144 120
75 144 120
74 144 2040
74 144 120
74 144 120
74 144 120
73 144 2280
73 144 120
73 144 120
72 144 2400
72 144 120
72 144 120
71 144 2520
71 144 120
70 144 2520
69 144 2520
68 144 2520
67 144 120
67 144 120
67 144 120
67 144 120
67 144 120
67 144 120
67 144 120
67 144 120
67 144 120
67 144 120
67 144 120
67 144 120
67 144 120
67 144 120
67 144 120
67 144 120
66 144 1800
65 144 1800
64 144 1800
63 144 120
63 144 120
63 144 120
63 144 120
63 144 120
63 144 120
63 144 120
62 144 720
61 144 720
60 144 720
59 144 120
59 144 120
58 144 120
58 144 120
57 144 120
56 144 120
55 144 120
54 144 120
53 144 120
52 144 120
51 144 120
50 144 120
49 144 120
48 144 120
47 144 120
46 144 120
45 144 120
44 144 120
43 144 120
42 144 120
41 144 120
40 144 120
39 144 120
38 144 120
37 144 120
36 144 120
36 144 120
35 144 120
35 144 120
35 145 120
35 145 120
35 146 120
35 146 120
35 147 120
35 148 120
35 149 120
35 150 120
35 151 120
35 152 120
35 153 120
35 154 120
35 155 120
35 156 120
35 157 120
35 158 120
35 159 120
35 160 120
35 161 120
35 162 120
95 144 120
96 144 120
97 144 120
98 144 120
99 144 120
100 144 120
101 144 120
102 144 120
103 144 120
104 144 120
105 144 120
106 144 120
107 144 120
108 144 120
109 144 120
110 144 120
111 144 120
112 144 120
112 144 120
113 144 120
113 144 120
114 144 120
114 144 120
115 144 120
115 144 120
116 144 120
116 144 120
116 144 120
117 144 240
117 144 120
118 144 240
118 144 120
119 144 240
119 144 120
120 144 240
120 144 120
121 144 240
121 144 120
122 144 240
122 144 120
123 144 240
124 144 240
125 144 240
126 144 120
127 144 120
128 144 120
129 144 120
130 144 120
131 144 120
132 144 120
133 144 120
133 145 120
133 146 120
133 147 120
133 148 120
133 149 120
133 150 120
133 151 120
133 152 120
133 153 120
133 154 120
133 155 120
133 156 120
133 157 120
133 158 120
133 159 120
133 160 120
133 161 120
133 162 120
133 163 120
133 164 120
133 165 120
133 165 120
133 166 120
133 166 120
133 167 120
133 167 120
133 168 120
133 168 120
133 169 120
133 169 120
133 170 120
133 171 120
133 172 120
133 173 120
133 174 120
133 175 120
133 176 120
133 177 120
133 178 120
133 179 120
133 180 120
133 181 120
133 182 120
133 183 120
133 184 120
133 185 120
133 186 120
133 187 120
133 188 120
133 189 120
133 190 120
133 191 120
133 192 120
133 193 120
134 144 120
135 144 120
136 144 120
137 144 120
138 144 120
139 144 120
140 144 120
141 144 120
142 144 120
143 144 120
144 144 120
145 144 120
146 144 120
147 144 120
148 144 120
149 144 120
150 144 120
151 144 120
152 144 120
153 144 120
154 144 120
155 144 120
156 144 120
157 144 120
158 144 120
159 144 120
160 144 120
161 144 120
162 144 120
162 143 120
162 142 120
162 141 120
162 140 120
162 139 120
162 138 120
162 137 120
162 136 120
162 135 120
162 134 120
162 134 120
162 133 120
162 133 120
162 132 120
162 132 120
162 132 120
162 131 240
162 131 120
162 131 120
162 130 360
162 130 120
162 130 120
162 129 480
162 129 120
162 129 120
162 129 120
162 128 720
162 128 120
162 128 120
162 128 120
162 127 960
162 127 120
162 127 120
162 127 120
162 127 120
162 126 1320
162 126 120
162 126 120
162 126 120
162 126 120
162 125 1680
162 125 120
162 125 120
162 125 120
162 125 120
162 124 2040
162 124 120
162 124 120
162 124 120
162 124 120
162 123 2400
162 123 120
162 123 120
162 123 120
162 122 2640
162 122 120
162 122 120
162 121 2760
162 121 120
162 121 120
162 120 2880
162 120 120
162 119 2880
162 119 120
162 118 2880
162 117 2880
162 116 2880
162 115 120
162 115 120
162 115 120
162 115 120
162 115 120
162 115 120
162 115 120
162 115 120
162 115 120
162 115 120
162 115 120
162 115 120
162 115 120
162 115 120
162 115 120
162 115 120
162 115 120
162 115 120
162 115 120
162 114 2160
162 113 2160
162 112 2160
162 111 120
162 111 120
162 111 120
162 111 120
162 111 120
162 111 120
162 111 120
162 111 120
162 111 120
162 111 120
162 111 120
162 110 1200
162 109 1200
162 108 1200
162 107 120
162 107 120
162 107 120
162 107 120
162 107 120
162 106 480
162 105 480
162 104 480
162 103 120
162 103 120
162 102 120
162 102 120
162 101 120
162 100 120
162 99 120
162 98 120
162 97 120
162 96 120
162 95 120
162 94 120
162 93 120
162 92 120
162 91 120
162 90 120
162 89 120
162 88 120
162 87 120
162 86 120
162 85 120
162 84 120
162 83 120
162 82 120
162 81 120
162 80 120
162 79 120
162 78 120
26 69 120
27 69 120
28 69 120
29 69 120
30 69 120
31 69 120
32 69 120
33 69 120
34 69 120
35 69 120
36 69 120
37 69 120
38 69 120
39 69 120
40 69 120
41 69 120
42 69 120
43 69 120
44 69 120
45 69 120
46 69 120
47 69 120
48 69 120
49 69 120
50 69 120
50 69 120
51 69 120
51 69 120
52 69 120
52 69 120
52 69 120
53 69 240
53 69 120
53 69 120
54 69 360
54 69 120
54 69 120
55 69 480
55 69 120
55 69 120
56 69 600
56 69 120
56 69 120
56 69 120
57 69 840
57 69 120
57 69 120
58 69 960
58 69 120
58 69 120
59 69 1080
59 69 120
59 69 120
60 69 1200
60 69 120
60 69 120
61 69 1320
61 69 120
61 69 120
62 69 1440
62 69 120
62 68 1440
62 67 1440
62 66 1440
62 65 120
62 65 120
62 65 120
62 65 120
62 65 120
62 65 120
62 65 120
62 65 120
62 64 840
62 63 840
62 62 840
62 61 120
62 61 120
62 61 120
62 61 120
62 61 120
62 60 480
62 59 480
62 58 480
62 57 120
62 57 120
62 57 120
62 57 120
62 56 360
62 55 360
62 54 360
62 53 120
62 53 120
62 53 120
62 52 240
62 51 240
62 50 240
62 49 120
62 49 120
62 48 120
62 48 120
62 47 120
62 47 120
62 46 120
62 46 120
62 45 120
62 44 120
62 43 120
62 42 120
62 41 120
62 40 120
62 39 120
62 38 120
62 37 120
62 36 120
62 35 120
62 34 120
62 33 120
62 32 120
62 31 120
62 30 120
62 29 120
62 28 120
62 27 120
62 26 120
62 25 120
62 24 120
62 23 120
62 22 120
62 21 120
62 20 120
62 19 120
62 18 120
62 17 120
