152 35 25
153 35 25
154 35 25
155 35 25
156 35 25
157 35 25
158 35 25
159 35 25
160 35 25
161 35 25
162 35 25
162 35 25
163 35 25
163 35 25
164 35 25
164 35 25
165 35 25
165 35 25
166 35 25
166 35 25
167 35 25
167 35 25
168 35 25
169 35 25
170 35 25
171 35 25
172 35 25
173 35 25
174 35 25
175 35 25
175 35 25
176 35 25
176 35 25
177 35 25
177 35 25
178 35 25
178 35 25
178 35 25
179 35 25
179 35 25
179 35 25
180 35 25
180 35 25
180 35 25
180 35 25
180 36 75
180 36 25
180 37 25
180 37 25
180 37 25
180 37 25
180 38 25
180 38 25
180 38 25
180 38 25
180 39 25
180 39 25
180 39 25
180 39 25
180 40 25
180 40 25
180 40 25
180 40 25
180 41 25
180 41 25
180 41 25
180 41 25
180 41 25
180 42 25
180 42 25
180 42 25
180 42 25
180 42 25
180 43 25
180 43 25
180 43 25
180 43 25
180 43 25
180 44 25
180 44 25
180 44 25
180 44 25
180 44 25
180 44 25
180 45 25
180 45 25
180 45 25
180 45 25
180 45 25
180 45 25
180 46 25
180 46 25
180 46 25
180 46 25
180 46 25
180 46 25
180 47 25
180 47 25
180 47 25
180 47 25
180 47 25
180 47 25
180 48 25
180 48 25
180 48 25
180 48 25
180 48 25
180 48 25
180 49 25
180 49 25
180 49 25
180 49 25
180 49 25
180 49 25
180 50 25
180 50 25
180 50 25
180 50 25
180 50 25
180 51 25
180 51 25
180 51 25
180 51 25
180 51 25
180 52 25
180 52 25
180 52 25
180 52 25
180 53 25
180 53 25
180 53 25
180 53 25
180 54 25
180 54 25
180 54 25
180 54 25
180 55 25
180 55 25
180 55 25
180 55 25
180 56 25
180 56 25
180 56 25
180 56 25
180 57 25
180 57 25
180 57 25
180 57 25
180 58 25
180 58 25
180 58 25
180 58 25
180 58 25
180 59 25
180 59 25
180 59 25
180 59 25
180 59 25
180 60 25
180 60 25
180 60 25
180 60 25
180 60 25
180 60 25
180 61 25
180 61 25
180 61 25
180 61 25
180 61 25
180 61 25
180 61 25
180 62 25
180 62 25
180 62 25
180 62 25
180 62 25
180 62 25
180 62 25
180 62 25
180 62 25
180 63 25
180 63 25
180 63 25
180 63 25
180 63 25
180 63 25
180 63 25
180 63 25
180 63 25
180 63 25
180 64 25
180 64 25
180 64 25
180 64 25
180 64 25
180 64 25
180 64 25
180 64 25
180 64 25
180 64 25
180 64 25
180 65 25
180 65 25
180 65 25
180 65 25
180 65 25
180 65 25
180 65 25
180 65 25
180 65 25
180 65 25
180 65 25
180 66 25
180 66 25
180 66 25
180 66 25
180 66 25
180 66 25
180 66 25
180 66 25
180 66 25
180 66 25
180 66 25
180 66 25
180 67 25
180 67 25
180 67 25
180 67 25
180 67 25
180 67 25
180 67 25
180 67 25
180 67 25
180 67 25
180 67 25
180 68 25
180 68 25
180 68 25
180 68 25
180 68 25
180 68 25
180 68 25
180 68 25
180 68 25
180 68 25
180 68 25
180 69 25
180 69 25
180 69 25
180 69 25
180 69 25
180 69 25
180 69 25
180 69 25
180 69 25
180 69 25
180 69 25
180 70 25
180 70 25
180 70 25
180 70 25
180 70 25
180 70 25
180 70 25
180 70 25
180 70 25
180 70 25
180 71 25
180 71 25
180 71 25
180 71 25
180 71 25
180 71 25
180 71 25
180 71 25
180 71 25
180 71 25
180 72 25
180 72 25
180 72 25
180 72 25
180 72 25
180 72 25
180 72 25
180 72 25
180 72 25
180 72 25
180 72 25
180 73 25
180 73 25
180 73 25
180 73 25
180 73 25
180 73 25
180 73 25
180 73 25
180 73 25
180 73 25
180 73 25
180 73 25
180 74 25
180 74 25
180 74 25
180 74 25
180 74 25
180 74 25
180 74 25
180 74 25
180 74 25
180 74 25
180 74 25
180 74 25
180 74 25
180 75 25
180 75 25
180 75 25
180 75 25
180 75 25
180 75 25
180 75 25
180 75 25
180 75 25
180 75 25
180 75 25
180 75 25
180 75 25
180 75 25
180 75 25
180 76 25
180 76 25
180 76 25
180 76 25
180 76 25
180 76 25
180 76 25
180 76 25
180 76 25
180 76 25
180 76 25
180 76 25
180 76 25
180 76 25
180 76 25
180 76 25
180 76 25
180 77 25
180 77 25
180 77 25
180 77 25
180 77 25
180 77 25
180 77 25
180 77 25
180 77 25
180 77 25
180 77 25
180 77 25
180 77 25
180 77 25
180 77 25
180 77 25
180 77 25
180 77 25
180 77 25
180 77 25
180 78 25
180 78 25
180 78 25
180 78 25
180 78 25
180 78 25
180 78 25
180 78 25
180 78 25
180 78 25
180 78 25
180 78 25
180 78 25
180 78 25
180 78 25
180 78 25
180 78 25
180 78 25
180 78 25
180 78 25
180 78 25
180 78 25
180 78 25
180 79 25
180 79 25
180 79 25
180 79 25
180 79 25
180 79 25
180 79 25
180 79 25
180 79 25
180 79 25
180 79 25
180 79 25
180 79 25
180 79 25
180 79 25
180 79 25
180 79 25
180 79 25
180 79 25
180 79 25
180 79 25
180 79 25
180 79 25
180 79 25
180 79 25
180 79 25
180 80 25
180 80 25
180 80 25
180 80 25
180 80 25
180 80 25
180 80 25
180 80 25
180 80 25
180 80 25
180 80 25
180 80 25
180 80 25
180 80 25
180 80 25
180 80 25
180 80 25
180 80 25
180 80 25
180 80 25
180 80 25
180 80 25
180 80 25
180 80 25
180 80 25
180 80 25
180 80 25
180 80 25
180 80 25
180 81 25
180 81 25
180 81 25
180 81 25
180 81 25
180 81 25
180 81 25
180 81 25
180 81 25
180 81 25
180 81 25
180 81 25
180 81 25
180 81 25
180 81 25
180 81 25
180 81 25
180 81 25
180 81 25
180 81 25
180 81 25
180 81 25
180 81 25
180 81 25
180 81 25
180 81 25
180 81 25
180 81 25
180 81 25
180 81 25
180 82 25
180 82 25
180 82 25
180 82 25
180 82 25
180 82 25
180 82 25
180 82 25
180 82 25
180 82 25
180 82 25
180 82 25
180 82 25
180 82 25
180 82 25
180 82 25
180 82 25
180 82 25
180 82 25
180 82 25
180 82 25
180 82 25
180 82 25
180 82 25
180 82 25
180 82 25
180 82 25
180 82 25
180 82 25
180 82 25
180 83 25
180 83 25
180 83 25
180 83 25
180 83 25
180 83 25
180 83 25
180 83 25
180 83 25
180 83 25
180 83 25
180 83 25
180 83 25
180 83 25
180 83 25
180 83 25
180 83 25
180 83 25
180 83 25
180 83 25
180 83 25
180 83 25
180 83 25
180 83 25
180 83 25
180 83 25
180 83 25
180 83 25
180 84 25
180 84 25
180 84 25
180 84 25
180 84 25
180 84 25
180 84 25
180 84 25
180 84 25
180 84 25
180 84 25
180 84 25
180 84 25
180 84 25
180 84 25
180 84 25
180 84 25
180 84 25
180 84 25
180 84 25
180 84 25
180 84 25
180 84 25
180 84 25
180 84 25
180 84 25
180 85 25
180 85 25
180 85 25
180 85 25
180 85 25
180 85 25
180 85 25
180 85 25
180 85 25
180 85 25
180 85 25
180 85 25
180 85 25
180 85 25
180 85 25
180 85 25
180 85 25
180 85 25
180 85 25
180 85 25
180 85 25
180 85 25
180 85 25
180 85 25
180 86 25
180 86 25
180 86 25
180 86 25
180 86 25
180 86 25
180 86 25
180 86 25
180 86 25
180 86 25
180 86 25
180 86 25
180 86 25
180 86 25
180 86 25
180 86 25
180 86 25
180 86 25
180 86 25
180 86 25
180 86 25
180 86 25
180 87 25
180 87 25
180 87 25
180 87 25
180 87 25
180 87 25
180 87 25
180 87 25
180 87 25
180 87 25
180 87 25
180 87 25
180 87 25
180 87 25
180 87 25
180 87 25
180 87 25
180 87 25
180 87 25
180 87 25
180 87 25
180 88 25
180 88 25
180 88 25
180 88 25
180 88 25
180 88 25
180 88 25
180 88 25
180 88 25
180 88 25
180 88 25
180 88 25
180 88 25
180 88 25
180 88 25
180 88 25
180 88 25
180 88 25
180 88 25
180 88 25
180 89 25
180 89 25
180 89 25
180 89 25
180 89 25
180 89 25
180 89 25
180 89 25
180 89 25
180 89 25
180 89 25
180 89 25
180 89 25
180 89 25
180 89 25
180 89 25
180 89 25
180 89 25
180 89 25
180 90 25
180 90 25
180 90 25
180 90 25
180 90 25
180 90 25
180 90 25
180 90 25
180 90 25
180 90 25
180 90 25
180 90 25
180 90 25
180 90 25
180 90 25
180 90 25
180 90 25
180 90 25
180 90 25
180 90 25
180 91 25
180 91 25
180 91 25
180 91 25
180 91 25
180 91 25
180 91 25
180 91 25
180 91 25
180 91 25
180 91 25
180 91 25
180 91 25
180 91 25
180 91 25
180 91 25
180 91 25
180 91 25
180 91 25
180 91 25
180 91 25
180 91 25
180 92 25
180 92 25
180 92 25
180 92 25
180 92 25
180 92 25
180 92 25
180 92 25
180 92 25
180 92 25
180 92 25
180 92 25
180 92 25
180 92 25
180 92 25
180 92 25
180 92 25
180 92 25
180 92 25
180 92 25
180 92 25
180 92 25
180 92 25
180 92 25
180 92 25
180 92 25
180 93 25
180 93 25
180 93 25
180 93 25
180 93 25
180 93 25
180 93 25
180 93 25
180 93 25
180 93 25
180 93 25
180 93 25
180 93 25
180 93 25
180 93 25
180 93 25
180 93 25
180 93 25
180 93 25
180 93 25
180 93 25
180 93 25
180 93 25
180 93 25
180 93 25
180 93 25
180 93 25
180 93 25
180 93 25
180 93 25
180 93 25
180 94 25
180 94 25
180 94 25
180 94 25
180 94 25
180 94 25
180 94 25
180 94 25
180 94 25
180 94 25
180 94 25
180 94 25
180 94 25
180 94 25
180 94 25
180 94 25
180 94 25
180 94 25
180 94 25
180 94 25
180 94 25
180 94 25
180 94 25
180 94 25
180 94 25
180 94 25
180 94 25
180 94 25
180 94 25
180 94 25
180 94 25
180 94 25
180 94 25
180 94 25
180 94 25
180 94 25
180 94 25
151 35 900
150 35 25
149 35 25
148 35 25
147 35 25
146 35 25
145 35 25
145 35 25
144 35 25
144 35 25
143 35 25
143 35 25
142 35 25
142 35 25
142 35 25
141 35 25
141 35 25
141 35 25
141 35 25
140 35 25
140 35 25
140 35 25
140 35 25
140 35 25
139 35 25
139 35 25
139 35 25
139 35 25
139 35 25
139 35 25
139 35 25
138 35 25
138 35 25
138 35 25
138 35 25
138 35 25
138 35 25
138 35 25
138 35 25
137 35 25
137 35 25
137 35 25
137 35 25
137 35 25
137 35 25
137 35 25
137 35 25
137 35 25
136 35 25
136 35 25
136 35 25
136 35 25
136 35 25
136 35 25
136 35 25
136 35 25
136 35 25
135 35 25
135 35 25
135 35 25
135 35 25
135 35 25
135 35 25
135 35 25
135 35 25
135 35 25
134 35 25
134 35 25
134 35 25
134 35 25
134 35 25
134 35 25
134 35 25
134 35 25
134 35 25
133 35 25
133 35 25
133 35 25
133 35 25
133 35 25
133 35 25
133 35 25
133 35 25
133 35 25
132 35 25
132 35 25
132 35 25
132 35 25
132 35 25
132 35 25
132 35 25
132 35 25
132 35 25
131 35 25
131 35 25
131 35 25
131 35 25
131 35 25
131 35 25
131 35 25
131 35 25
131 35 25
130 35 25
130 35 25
130 35 25
130 35 25
130 35 25
130 35 25
130 35 25
130 35 25
130 35 25
129 35 25
129 35 25
129 35 25
129 35 25
129 35 25
129 35 25
129 35 25
129 35 25
128 35 25
128 35 25
128 35 25
128 35 25
128 35 25
128 35 25
128 35 25
128 35 25
127 35 25
127 35 25
127 35 25
127 35 25
127 35 25
127 35 25
127 35 25
127 35 25
126 35 25
126 35 25
126 35 25
126 35 25
126 35 25
126 35 25
126 35 25
126 35 25
125 35 25
125 35 25
125 35 25
125 35 25
125 35 25
125 35 25
125 35 25
125 35 25
124 35 25
124 35 25
124 35 25
124 35 25
124 35 25
124 35 25
124 35 25
124 35 25
124 35 25
123 35 25
123 35 25
123 35 25
123 35 25
123 35 25
123 35 25
123 35 25
123 35 25
123 35 25
123 35 25
123 35 25
122 35 25
122 35 25
122 35 25
122 35 25
122 35 25
122 35 25
122 35 25
122 35 25
122 35 25
122 35 25
122 35 25
122 35 25
122 35 25
122 35 25
121 35 25
121 35 25
121 35 25
121 35 25
121 35 25
121 35 25
121 35 25
121 35 25
121 35 25
121 35 25
121 35 25
121 35 25
121 35 25
121 35 25
121 35 25
121 35 25
121 35 25
120 35 25
120 35 25
120 35 25
120 35 25
120 35 25
120 35 25
120 35 25
120 35 25
120 35 25
120 35 25
120 35 25
120 35 25
120 35 25
120 35 25
120 35 25
120 35 25
120 35 25
120 35 25
120 35 25
120 35 25
120 35 25
120 35 25
119 35 25
119 35 25
119 35 25
119 35 25
119 35 25
119 35 25
119 35 25
119 35 25
119 35 25
119 35 25
119 35 25
119 35 25
119 35 25
119 35 25
119 35 25
119 35 25
119 35 25
119 35 25
119 35 25
119 35 25
119 35 25
119 35 25
119 35 25
119 35 25
119 35 25
119 35 25
118 35 25
118 35 25
118 35 25
118 35 25
118 35 25
118 35 25
118 35 25
118 35 25
118 35 25
118 35 25
118 35 25
118 35 25
118 35 25
118 35 25
118 35 25
118 35 25
118 35 25
118 35 25
118 35 25
118 35 25
118 35 25
118 35 25
118 35 25
118 35 25
118 35 25
118 35 25
118 35 25
118 35 25
118 35 25
118 35 25
118 35 25
117 35 25
117 35 25
117 35 25
117 35 25
117 35 25
117 35 25
117 35 25
117 35 25
117 35 25
117 35 25
117 35 25
117 35 25
117 35 25
117 35 25
117 35 25
117 35 25
117 35 25
117 35 25
117 35 25
117 35 25
117 35 25
117 35 25
117 35 25
117 35 25
117 35 25
117 35 25
117 35 25
117 35 25
117 35 25
117 35 25
117 35 25
117 35 25
117 35 25
117 35 25
117 35 25
117 35 25
117 35 25
117 34 900
117 33 25
117 33 25
117 33 25
117 33 25
117 33 25
117 33 25
117 33 25
117 33 25
117 33 25
117 33 25
117 33 25
117 33 25
117 33 25
117 33 25
117 33 25
117 33 25
117 33 25
117 33 25
117 33 25
117 33 25
117 33 25
117 33 25
117 33 25
117 33 25
117 32 25
117 32 25
117 32 25
117 32 25
117 32 25
117 32 25
117 32 25
117 32 25
117 32 25
117 32 25
117 32 25
117 32 25
117 32 25
117 32 25
117 32 25
117 32 25
117 32 25
117 32 25
117 31 25
117 31 25
117 31 25
117 31 25
117 31 25
117 31 25
117 31 25
117 31 25
117 31 25
117 31 25
117 31 25
117 31 25
117 31 25
117 31 25
117 30 25
117 30 25
117 30 25
117 30 25
117 30 25
117 30 25
117 30 25
117 30 25
117 30 25
117 30 25
117 30 25
117 29 25
117 29 25
117 29 25
117 29 25
117 29 25
117 29 25
117 29 25
117 29 25
117 29 25
117 28 25
117 28 25
117 28 25
117 28 25
117 28 25
117 28 25
117 28 25
117 28 25
117 27 25
117 27 25
117 27 25
117 27 25
117 27 25
117 27 25
117 27 25
117 26 25
117 26 25
117 26 25
117 26 25
117 26 25
117 26 25
117 26 25
117 25 25
117 25 25
117 25 25
117 25 25
117 25 25
117 25 25
117 25 25
117 25 25
117 24 25
117 24 25
117 24 25
117 24 25
117 24 25
117 24 25
117 24 25
117 24 25
117 23 25
117 23 25
117 23 25
117 23 25
117 23 25
117 23 25
117 23 25
117 23 25
117 22 25
117 22 25
117 22 25
117 22 25
117 22 25
117 22 25
117 22 25
117 22 25
117 21 25
117 21 25
117 21 25
117 21 25
117 21 25
117 21 25
117 21 25
117 21 25
117 20 25
117 20 25
117 20 25
117 20 25
117 20 25
117 20 25
117 20 25
117 20 25
117 19 25
117 19 25
117 19 25
117 19 25
117 19 25
117 19 25
117 19 25
117 18 25
117 18 25
117 18 25
117 18 25
117 18 25
117 18 25
117 17 25
117 17 25
117 17 25
117 17 25
117 17 25
117 16 25
117 16 25
117 16 25
117 16 25
117 15 25
117 15 25
117 15 25
117 14 25
117 14 25
117 14 25
117 13 25
117 13 25
117 12 25
117 12 25
117 11 25
117 11 25
117 10 25
117 10 25
117 9 25
117 9 25
117 8 25
117 8 25
117 7 25
117 7 25
117 6 25
117 6 25
117 5 25
117 5 25
117 4 25
117 3 25
