178 11 120
177 11 120
176 11 120
175 11 120
174 11 120
173 11 120
172 11 120
171 11 120
170 11 120
169 11 120
168 11 120
167 11 120
166 11 120
165 11 120
164 11 120
163 11 120
162 11 120
161 11 120
160 11 120
160 11 120
159 11 120
159 11 120
159 11 120
158 11 240
158 11 120
158 11 120
157 11 360
157 11 120
157 11 120
156 11 480
156 11 120
156 11 120
156 11 120
155 11 720
155 11 120
155 11 120
155 11 120
154 11 960
154 11 120
154 11 120
154 11 120
153 11 1200
153 11 120
153 11 120
152 11 1320
152 11 120
152 11 120
152 11 120
151 11 1560
151 11 120
151 11 120
151 11 120
150 11 1800
150 11 120
150 11 120
150 11 120
149 11 2040
149 11 120
149 11 120
149 11 120
149 11 120
148 11 2400
148 11 120
148 11 120
148 11 120
148 11 120
147 11 2760
147 11 120
147 11 120
147 11 120
146 11 3000
146 11 120
146 11 120
146 11 120
146 11 120
145 11 3360
145 11 120
145 11 120
145 11 120
144 11 3600
144 11 120
144 11 120
144 11 120
143 11 3840
143 11 120
143 11 120
142 11 3960
142 11 120
142 11 120
141 11 4080
141 11 120
141 11 120
140 11 4200
140 11 120
140 11 120
139 11 4320
139 11 120
138 11 4320
138 11 120
137 11 4320
137 11 120
136 11 4320
136 11 120
135 11 4320
134 11 4320
133 11 4320
132 11 120
132 11 120
132 11 120
132 11 120
132 11 120
132 11 120
132 11 120
132 11 120
132 11 120
132 11 120
132 11 120
132 11 120
132 11 120
132 11 120
132 11 120
132 11 120
132 11 120
132 11 120
132 11 120
132 11 120
132 11 120
132 11 120
132 11 120
132 11 120
132 11 120
132 11 120
132 11 120
132 11 120
132 11 120
132 11 120
132 11 120
132 11 120
131 11 3720
130 11 3720
129 11 3720
128 11 120
128 11 120
128 11 120
128 11 120
128 11 120
128 11 120
128 11 120
128 11 120
128 11 120
128 11 120
128 11 120
128 11 120
128 11 120
127 11 1440
126 11 1440
125 11 1440
124 11 120
124 11 120
123 11 120
123 12 120
123 12 120
123 13 120
123 13 120
123 14 120
123 14 120
123 15 120
123 15 120
123 15 120
123 16 240
123 16 120
123 17 240
123 17 120
123 17 120
123 17 120
123 18 480
123 18 120
123 18 120
123 19 600
123 19 120
123 19 120
123 19 120
123 20 840
123 20 120
123 20 120
123 20 120
123 20 120
123 21 1200
123 21 120
123 21 120
123 21 120
123 21 120
123 22 1560
123 22 120
123 22 120
123 22 120
123 23 1800
123 23 120
123 23 120
123 23 120
123 23 120
123 24 2160
123 24 120
123 24 120
123 24 120
123 25 2400
123 25 120
123 25 120
123 25 120
123 26 2640
123 26 120
123 26 120
123 26 120
123 27 2880
123 27 120
123 27 120
123 27 120
123 28 3120
123 28 120
123 28 120
123 29 3240
123 29 120
123 29 120
123 30 3360
123 31 3360
123 32 3360
123 33 120
123 33 120
123 33 120
123 33 120
123 33 120
123 33 120
123 33 120
123 33 120
123 33 120
123 33 120
123 33 120
123 33 120
123 33 120
123 33 120
123 33 120
123 33 120
123 33 120
123 33 120
123 33 120
123 34 2160
123 35 2160
123 36 2160
123 37 120
123 37 120
123 37 120
123 37 120
123 37 120
123 37 120
123 37 120
123 37 120
123 38 840
123 39 840
123 40 840
123 41 120
123 41 120
123 41 120
123 41 120
123 42 360
123 43 360
123 44 360
123 45 120
123 46 120
156 85 120
155 85 120
155 85 120
154 85 120
154 85 120
153 85 120
153 85 120
152 85 120
152 85 120
151 85 120
151 85 120
150 85 120
150 85 120
150 85 120
149 85 240
149 85 120
148 85 240
148 85 120
148 85 120
147 85 360
147 85 120
147 85 120
146 85 480
146 85 120
146 85 120
145 85 600
145 85 120
145 85 120
145 85 120
144 85 840
144 85 120
144 85 120
144 85 120
143 85 1080
143 85 120
143 85 120
143 85 120
143 85 120
142 85 1440
142 85 120
142 85 120
142 85 120
142 85 120
141 85 1800
141 85 120
141 85 120
141 85 120
141 85 120
140 85 2160
140 85 120
140 85 120
140 85 120
140 85 120
139 85 2520
139 85 120
139 85 120
139 85 120
138 85 2760
138 85 120
138 85 120
137 85 2880
137 85 120
137 85 120
137 85 120
136 85 3120
136 85 120
136 85 120
135 85 3240
135 85 120
135 85 120
134 85 3360
134 85 120
133 85 3360
133 85 120
133 85 120
132 85 3480
132 85 120
131 85 3480
131 85 120
131 85 120
130 85 3600
130 85 120
129 85 3600
129 85 120
129 85 120
128 85 3720
128 85 120
127 85 3720
127 85 120
126 85 3720
125 85 3720
124 85 3720
123 85 120
123 85 120
123 85 120
123 85 120
123 85 120
123 85 120
123 85 120
123 85 120
123 85 120
123 85 120
123 85 120
123 85 120
123 85 120
123 85 120
123 85 120
123 85 120
123 85 120
123 85 120
123 85 120
123 85 120
123 85 120
123 85 120
123 85 120
123 84 2640
123 84 120
123 83 2640
123 83 120
123 82 2640
123 82 120
123 81 2640
123 81 120
123 81 120
123 80 2760
123 80 120
123 80 120
123 79 2880
123 79 120
123 79 120
123 79 120
123 78 3120
123 78 120
123 78 120
123 78 120
123 77 3360
123 77 120
123 77 120
123 77 120
123 76 3600
123 76 120
123 76 120
123 75 3720
123 75 120
123 74 3720
123 73 3720
123 72 3720
123 71 120
123 71 120
123 71 120
123 71 120
123 71 120
123 71 120
123 71 120
123 71 120
123 71 120
123 71 120
123 71 120
123 71 120
123 71 120
123 71 120
123 71 120
123 71 120
123 71 120
123 71 120
123 71 120
123 71 120
123 71 120
123 71 120
123 71 120
123 71 120
123 71 120
123 71 120
123 70 3000
123 69 3000
123 68 3000
123 67 120
123 67 120
123 67 120
123 67 120
123 67 120
123 67 120
123 67 120
123 67 120
123 67 120
123 67 120
123 67 120
123 67 120
123 67 120
123 67 120
123 67 120
123 67 120
123 67 120
123 66 1920
123 65 1920
123 64 1920
123 63 120
123 63 120
123 63 120
123 63 120
123 63 120
123 63 120
123 63 120
123 63 120
123 63 120
123 63 120
123 62 1080
123 61 1080
123 60 1080
123 59 120
123 59 120
123 59 120
123 59 120
123 59 120
123 59 120
123 58 600
123 57 600
123 56 600
123 55 120
123 55 120
123 55 120
123 55 120
123 54 360
123 53 360
123 52 360
123 51 120
123 50 120
123 49 120
123 48 120
123 47 120
197 189 120
196 189 120
195 189 120
194 189 120
193 189 120
192 189 120
191 189 120
190 189 120
189 189 120
188 189 120
187 189 120
186 189 120
185 189 120
184 189 120
183 189 120
182 189 120
182 189 120
181 189 120
181 189 120
180 189 120
180 189 120
180 189 120
179 189 240
179 189 120
178 189 240
178 189 120
177 189 240
177 189 120
177 189 120
176 189 360
176 189 120
175 189 360
175 189 120
174 189 360
174 189 120
174 189 120
173 189 480
173 189 120
172 189 480
172 189 120
172 189 120
171 189 600
171 189 120
171 189 120
170 189 720
170 189 120
170 189 120
170 189 120
170 189 120
169 189 1080
169 189 120
169 189 120
169 189 120
168 189 1320
168 189 120
168 189 120
168 189 120
168 189 120
167 189 1680
167 189 120
167 189 120
167 189 120
167 189 120
166 189 2040
166 189 120
166 189 120
166 189 120
165 189 2280
165 189 120
165 189 120
165 189 120
164 189 2520
164 189 120
163 189 2520
163 189 120
162 189 2520
161 189 2520
160 189 2520
159 189 120
159 189 120
159 189 120
159 189 120
159 189 120
159 189 120
159 189 120
159 189 120
159 189 120
159 189 120
159 189 120
159 189 120
159 189 120
159 189 120
159 189 120
158 189 1680
157 189 1680
156 189 1680
155 189 120
155 189 120
155 189 120
155 189 120
155 189 120
155 189 120
155 189 120
155 189 120
155 189 120
155 189 120
154 189 1080
153 189 1080
152 189 1080
151 189 120
151 189 120
151 189 120
151 189 120
151 189 120
151 189 120
150 189 600
149 189 600
148 189 600
147 189 120
147 189 120
146 189 120
145 189 120
144 189 120
143 189 120
142 189 120
141 189 120
140 189 120
139 189 120
138 189 120
137 189 120
136 189 120
135 189 120
134 189 120
133 189 120
132 189 120
132 189 120
131 189 120
131 189 120
130 189 120
130 189 120
129 189 120
129 189 120
128 189 120
128 189 120
127 189 120
127 189 120
127 189 120
126 189 240
126 189 120
125 189 240
125 189 120
125 189 120
124 189 360
124 189 120
123 189 360
123 189 120
122 189 360
122 189 120
121 189 360
120 189 360
119 189 360
118 189 120
118 189 120
117 189 120
117 189 120
116 189 120
116 189 120
115 189 120
115 189 120
114 189 120
114 189 120
113 189 120
113 189 120
112 189 120
112 189 120
111 189 120
111 189 120
110 189 120
109 189 120
108 189 120
107 189 120
106 189 120
105 189 120
104 189 120
103 189 120
102 189 120
101 189 120
100 189 120
99 189 120
98 189 120
97 189 120
96 189 120
95 189 120
94 189 120
93 189 120
93 189 120
92 189 120
92 189 120
92 189 120
91 189 240
91 189 120
91 189 120
90 189 360
90 189 120
90 189 120
89 189 480
89 189 120
89 190 480
89 190 120
89 190 120
