85 14 100
84 14 100
83 14 100
82 14 100
81 14 100
80 14 100
79 14 100
78 14 100
78 15 100
78 16 100
78 17 100
78 18 100
78 19 100
78 20 100
78 21 100
78 22 100
78 23 100
78 24 100
78 25 100
78 26 100
78 27 100
78 28 100
78 29 100
78 29 100
78 30 100
78 30 100
78 31 100
78 31 100
78 32 100
78 32 100
78 32 100
78 33 200
78 33 100
78 34 200
78 34 100
78 34 100
78 35 300
78 35 100
78 36 300
78 36 100
78 37 300
78 37 100
78 37 100
78 38 400
78 38 100
78 39 400
78 39 100
78 40 400
78 40 100
78 41 400
78 41 100
78 42 400
78 42 100
78 43 400
78 44 400
78 45 400
78 46 100
78 46 100
78 47 100
78 47 100
78 48 100
78 49 100
78 50 100
78 51 100
78 52 100
78 53 100
78 54 100
78 55 100
78 56 100
78 57 100
78 57 100
78 58 100
78 58 100
78 59 100
78 59 100
78 60 100
78 60 100
78 60 100
78 61 200
78 61 100
78 62 200
78 62 100
78 62 100
78 63 300
78 63 100
78 64 300
78 64 100
78 65 300
78 65 100
78 66 300
78 66 100
78 66 100
78 67 400
78 67 100
78 68 400
78 68 100
78 69 400
78 69 100
78 69 100
78 70 500
78 70 100
78 71 500
78 71 100
78 71 100
78 72 600
78 72 100
78 73 600
78 73 100
78 74 600
78 74 100
78 75 600
78 76 600
78 77 600
78 78 100
78 78 100
78 78 100
78 78 100
78 78 100
78 78 100
78 79 500
78 79 100
78 80 500
78 80 100
78 81 500
78 81 100
78 82 500
78 82 100
78 82 100
78 83 600
78 83 100
78 83 100
78 84 700
78 84 100
78 84 100
78 85 800
78 85 100
78 85 100
78 85 100
78 85 100
78 86 1100
78 86 100
78 86 100
78 86 100
78 86 100
78 87 1400
78 87 100
78 87 100
78 87 100
78 87 100
78 88 1700
78 88 100
78 88 100
78 88 100
78 88 100
78 88 100
78 89 2100
78 89 100
78 89 100
78 89 100
78 89 100
78 89 100
78 90 2500
78 90 100
78 90 100
78 90 100
78 90 100
78 90 100
78 91 2900
78 91 100
78 91 100
78 91 100
78 92 3100
78 92 100
78 92 100
78 92 100
78 92 100
78 93 3400
78 93 100
78 93 100
78 94 3500
78 94 100
78 95 3500
78 96 3500
78 97 3500
78 98 100
78 98 100
78 98 100
78 98 100
78 98 100
78 98 100
78 98 100
78 98 100
78 98 100
78 98 100
78 98 100
78 98 100
78 98 100
78 98 100
78 98 100
78 98 100
78 98 100
78 98 100
78 98 100
78 98 100
78 98 100
78 98 100
78 98 100
78 98 100
78 98 100
78 98 100
78 98 100
78 99 2600
78 100 2600
78 101 2600
78 102 100
78 102 100
78 102 100
78 102 100
78 102 100
78 102 100
78 102 100
78 102 100
78 102 100
78 102 100
78 102 100
78 103 1000
78 104 1000
78 105 1000
78 106 100
78 106 100
78 106 100
78 106 100
78 107 300
78 108 300
78 109 300
78 110 100
78 110 100
78 111 100
78 112 100
78 113 100
78 114 100
78 115 100
78 116 100
78 117 100
167 75 100
168 75 100
169 75 100
170 75 100
171 75 100
172 75 100
173 75 100
173 76 100
173 77 100
173 78 100
173 79 100
173 80 100
173 81 100
173 81 100
173 82 100
173 82 100
173 83 100
173 83 100
173 84 100
173 84 100
173 84 100
173 85 200
173 85 100
173 85 100
173 86 300
173 86 100
173 86 100
173 86 100
173 87 500
173 87 100
173 87 100
173 87 100
173 87 100
173 88 800
173 88 100
173 88 100
173 88 100
173 88 100
173 89 1100
173 89 100
173 89 100
173 89 100
173 89 100
173 89 100
173 89 100
173 90 1600
173 90 100
173 90 100
173 90 100
173 90 100
173 90 100
173 90 100
173 91 2100
173 91 100
173 91 100
173 91 100
173 91 100
173 91 100
173 91 100
173 92 2600
173 92 100
173 92 100
173 92 100
173 92 100
173 92 100
173 93 3000
173 93 100
173 93 100
173 93 100
173 93 100
173 94 3300
173 94 100
173 94 100
173 94 100
173 95 3500
173 95 100
173 95 100
173 96 3600
173 97 3600
173 98 3600
173 99 100
173 99 100
173 99 100
173 99 100
173 99 100
173 99 100
173 99 100
173 99 100
173 99 100
173 99 100
173 99 100
173 99 100
173 99 100
173 99 100
173 99 100
173 99 100
173 99 100
173 99 100
173 99 100
173 99 100
173 99 100
173 99 100
173 99 100
173 99 100
173 99 100
173 99 100
173 99 100
173 99 100
173 99 100
173 99 100
173 100 2900
173 101 2900
173 102 2900
173 103 100
173 103 100
173 103 100
173 103 100
173 103 100
173 103 100
173 103 100
173 103 100
173 103 100
173 103 100
173 103 100
173 103 100
173 103 100
173 103 100
173 103 100
173 103 100
173 103 100
173 103 100
173 104 1700
173 105 1700
173 106 1700
173 107 100
173 107 100
173 107 100
173 107 100
173 107 100
173 107 100
173 107 100
173 107 100
173 107 100
173 107 100
173 108 900
173 109 900
173 110 900
173 111 100
173 111 100
173 111 100
173 111 100
173 111 100
173 112 400
173 113 400
173 114 400
173 115 100
173 116 100
173 117 100
173 118 100
173 119 100
173 120 100
173 121 100
173 122 100
173 123 100
173 124 100
173 125 100
173 126 100
158 156 100
159 156 100
160 156 100
161 156 100
162 156 100
163 156 100
164 156 100
165 156 100
166 156 100
167 156 100
168 156 100
169 156 100
170 156 100
171 156 100
172 156 100
173 156 100
173 155 100
173 154 100
173 153 100
173 152 100
173 151 100
173 150 100
173 150 100
173 149 100
173 149 100
173 148 100
173 148 100
173 147 100
173 147 100
173 146 100
173 146 100
173 146 100
173 145 200
173 145 100
173 144 200
173 144 100
173 144 100
173 143 300
173 143 100
173 142 300
173 142 100
173 142 100
173 141 400
173 141 100
173 140 400
173 140 100
173 140 100
173 139 500
173 139 100
173 139 100
173 138 600
173 138 100
173 137 600
173 137 100
173 136 600
173 136 100
173 135 600
173 134 600
173 133 600
173 132 100
173 132 100
173 132 100
173 131 200
173 130 200
173 129 200
173 128 100
173 127 100
113 133 100
112 133 100
111 133 100
110 133 100
109 133 100
108 133 100
107 133 100
106 133 100
105 133 100
104 133 100
104 133 100
103 133 100
103 133 100
103 133 100
102 133 200
102 133 100
102 133 100
101 133 300
101 133 100
101 133 100
100 133 400
100 133 100
100 133 100
100 133 100
99 133 600
99 133 100
99 133 100
98 133 700
98 133 100
98 133 100
97 133 800
97 133 100
97 133 100
96 133 900
96 133 100
96 133 100
95 133 1000
95 133 100
94 133 1000
94 133 100
93 133 1000
92 133 1000
91 133 1000
90 133 100
90 133 100
90 133 100
90 133 100
90 133 100
90 133 100
89 133 500
88 133 500
87 133 500
86 133 100
86 133 100
85 133 100
85 133 100
84 133 100
84 133 100
83 133 100
82 133 100
81 133 100
80 133 100
80 133 100
79 133 100
79 133 100
78 133 100
78 133 100
78 132 100
78 132 100
78 131 100
78 130 100
78 129 100
78 128 100
78 127 100
78 126 100
78 125 100
78 124 100
78 123 100
78 122 100
78 121 100
78 120 100
78 119 100
78 118 100
100 134 100
100 134 100
100 134 100
100 134 100
100 134 100
100 134 100
100 134 100
100 134 100
100 134 100
100 135 800
100 135 100
100 135 100
100 135 100
100 136 1000
100 136 100
100 136 100
100 136 100
100 137 1200
100 137 100
100 137 100
100 137 100
100 137 100
100 138 1500
100 138 100
100 138 100
100 138 100
100 139 1700
100 139 100
100 139 100
100 139 100
100 140 1900
100 140 100
100 140 100
100 141 2000
100 141 100
100 141 100
100 141 100
100 142 2200
100 142 100
100 142 100
100 143 2300
100 143 100
100 143 100
100 144 2400
100 144 100
100 144 100
100 145 2500
100 145 100
100 145 100
100 146 2600
100 146 100
100 147 2600
100 148 2600
100 149 2600
100 150 100
100 150 100
100 150 100
100 150 100
100 150 100
100 150 100
100 150 100
100 150 100
100 150 100
100 150 100
100 150 100
100 150 100
100 150 100
100 150 100
100 150 100
100 150 100
100 150 100
100 150 100
100 150 100
100 150 100
100 150 100
100 150 100
100 151 2100
100 152 2100
100 153 2100
100 154 100
100 154 100
100 154 100
100 154 100
100 154 100
100 154 100
100 154 100
100 154 100
100 154 100
100 154 100
100 154 100
100 154 100
100 154 100
100 154 100
100 154 100
100 154 100
100 155 1500
100 156 1500
100 157 1500
100 158 100
100 158 100
100 158 100
100 158 100
100 158 100
100 158 100
100 158 100
100 158 100
100 158 100
100 158 100
100 158 100
100 158 100
100 159 1100
100 160 1100
100 161 1100
100 162 100
100 162 100
100 162 100
100 162 100
100 162 100
100 162 100
100 162 100
100 163 600
100 164 600
100 165 600
100 166 100
100 166 100
100 167 100
100 168 100
100 169 100
100 170 100
100 171 100
100 172 100
100 173 100
100 174 100
100 175 100
100 176 100
100 177 100
99 177 100
98 177 100
97 177 100
96 177 100
95 177 100
94 177 100
93 177 100
92 177 100
91 177 100
90 177 100
89 177 100
88 177 100
87 177 100
86 177 100
86 177 100
85 177 100
85 177 100
85 177 100
84 177 200
84 177 100
84 177 100
84 177 100
83 177 400
83 177 100
83 177 100
83 177 100
82 177 600
82 177 100
82 177 100
82 177 100
82 177 100
81 177 900
81 177 100
81 177 100
81 177 100
80 177 1100
80 177 100
80 177 100
80 177 100
80 177 100
79 177 1400
79 177 100
79 177 100
79 177 100
78 177 1600
78 177 100
78 177 100
78 177 100
77 177 1800
77 177 100
76 177 1800
75 177 1800
74 177 1800
73 177 100
73 177 100
73 177 100
73 177 100
73 177 100
73 177 100
73 177 100
73 177 100
73 177 100
73 177 100
73 177 100
72 177 1000
71 177 1000
70 177 1000
69 177 100
69 177 100
69 177 100
69 177 100
69 177 100
69 177 100
68 177 500
67 177 500
67 177 100
66 177 500
66 177 100
66 177 100
65 177 600
65 177 100
65 177 100
64 177 700
64 177 100
64 177 100
64 177 100
63 177 900
63 177 100
63 177 100
63 177 100
62 177 1100
62 177 100
62 177 100
62 177 100
62 177 100
61 177 1400
61 177 100
61 177 100
61 177 100
61 177 100
60 177 1700
60 177 100
60 177 100
60 177 100
60 177 100
59 177 2000
59 177 100
59 177 100
59 177 100
59 177 100
58 177 2300
58 177 100
58 177 100
58 177 100
58 177 100
57 177 2600
57 177 100
57 177 100
57 177 100
56 177 2800
56 177 100
56 177 100
56 177 100
55 177 3000
55 177 100
55 177 100
55 177 100
54 177 3200
54 177 100
54 177 100
53 177 3300
53 177 100
53 177 100
52 177 3400
52 177 100
51 177 3400
51 177 100
50 177 3400
49 177 3400
48 177 3400
47 177 100
47 177 100
47 177 100
47 177 100
47 177 100
47 177 100
47 177 100
47 177 100
47 177 100
47 177 100
47 177 100
47 177 100
47 177 100
47 177 100
47 177 100
47 177 100
47 177 100
47 177 100
47 177 100
47 177 100
47 177 100
47 177 100
47 177 100
47 177 100
47 177 100
47 177 100
47 177 100
47 177 100
47 177 100
47 177 100
47 177 100
47 177 100
46 177 3100
45 177 3100
44 177 3100
43 177 100
43 177 100
43 177 100
43 177 100
43 177 100
43 177 100
43 177 100
43 177 100
43 177 100
43 177 100
43 177 100
43 177 100
43 177 100
43 177 100
43 177 100
43 177 100
43 177 100
43 177 100
43 177 100
43 177 100
43 177 100
43 177 100
42 177 2100
41 177 2100
40 177 2100
40 178 100
40 178 100
40 178 100
40 178 100
40 178 100
40 178 100
40 178 100
40 178 100
40 179 700
40 180 700
40 181 700
40 182 100
40 182 100
40 183 100
40 184 100
40 185 100
40 186 100
40 187 100
40 188 100
40 189 100
40 190 100
40 191 100
40 192 100
40 193 100
40 194 100
40 195 100
26 125 100
27 125 100
28 125 100
29 125 100
30 125 100
30 125 100
31 125 100
31 125 100
32 125 100
32 125 100
32 125 100
32 125 100
33 125 300
33 125 100
33 125 100
33 125 100
34 125 500
34 125 100
34 125 100
34 125 100
34 125 100
34 125 100
35 125 900
35 125 100
35 125 100
35 125 100
35 125 100
35 125 100
35 125 100
36 125 1400
36 125 100
36 125 100
36 125 100
36 125 100
36 125 100
36 125 100
37 125 1900
37 125 100
37 125 100
37 125 100
37 125 100
37 125 100
37 125 100
38 125 2400
38 125 100
38 125 100
38 125 100
38 125 100
38 125 100
39 125 2800
39 125 100
39 125 100
39 125 100
39 125 100
40 125 3100
40 125 100
40 125 100
40 125 100
41 125 3300
41 125 100
41 125 100
42 125 3400
42 125 100
43 125 3400
44 125 3400
45 125 3400
46 125 100
46 125 100
46 125 100
46 125 100
46 125 100
46 125 100
46 125 100
46 125 100
46 125 100
46 125 100
46 125 100
46 125 100
46 125 100
46 125 100
46 125 100
46 125 100
46 125 100
46 125 100
46 125 100
46 125 100
46 125 100
46 125 100
46 125 100
46 125 100
46 125 100
46 125 100
46 125 100
46 125 100
46 125 100
46 125 100
46 125 100
47 125 3000
48 125 3000
49 125 3000
50 125 100
50 125 100
50 125 100
50 125 100
50 125 100
50 125 100
50 125 100
50 125 100
50 125 100
50 125 100
50 125 100
50 125 100
50 125 100
50 125 100
50 125 100
50 125 100
50 125 100
50 125 100
50 125 100
50 125 100
50 125 100
50 125 100
50 125 100
50 125 100
51 125 2300
52 125 2300
53 125 2300
54 125 100
54 125 100
54 125 100
54 125 100
54 125 100
54 125 100
54 125 100
54 125 100
54 125 100
54 125 100
54 125 100
54 125 100
54 125 100
54 125 100
54 125 100
54 125 100
54 125 100
54 125 100
55 125 1700
56 125 1700
57 125 1700
58 125 100
58 125 100
58 125 100
58 125 100
58 125 100
58 125 100
58 125 100
58 125 100
58 125 100
58 125 100
58 125 100
59 125 1000
60 125 1000
61 125 1000
62 125 100
62 125 100
62 125 100
62 125 100
62 125 100
63 125 400
64 125 400
65 125 400
66 125 100
66 125 100
67 125 100
67 125 100
68 125 100
68 125 100
69 125 100
69 125 100
70 125 100
71 125 100
72 125 100
73 125 100
74 125 100
75 125 100
76 125 100
77 125 100
