169 165 120
168 165 120
167 165 120
166 165 120
165 165 120
164 165 120
163 165 120
162 165 120
161 165 120
161 165 120
160 165 120
160 165 120
159 165 120
159 165 120
158 165 120
158 165 120
158 165 120
157 165 240
157 165 120
156 165 240
156 165 120
155 165 240
155 165 120
154 165 240
154 165 120
153 165 240
153 165 120
152 165 240
152 165 120
151 165 240
151 165 120
151 165 120
150 165 360
150 165 120
150 165 120
149 165 480
149 165 120
149 165 120
148 165 600
148 165 120
148 165 120
148 165 120
147 165 840
147 165 120
147 165 120
147 165 120
146 165 1080
146 165 120
146 165 120
145 165 1200
145 165 120
145 165 120
145 165 120
144 165 1440
144 165 120
143 165 1440
143 165 120
142 165 1440
141 165 1440
140 165 1440
139 165 120
139 165 120
139 165 120
139 165 120
139 165 120
139 165 120
139 165 120
139 165 120
139 165 120
139 165 120
139 165 120
138 165 1200
138 165 120
137 165 1200
137 165 120
137 165 120
136 165 1320
136 165 120
136 165 120
135 165 1440
135 165 120
135 165 120
134 165 1560
134 165 120
134 165 120
133 165 1680
133 165 120
133 165 120
132 165 1800
132 165 120
132 165 120
131 165 1920
131 165 120
130 165 1920
130 165 120
129 165 1920
129 165 120
128 165 1920
128 165 120
127 165 1920
126 165 1920
125 165 1920
124 165 120
124 165 120
124 165 120
124 165 120
124 165 120
124 165 120
124 165 120
124 165 120
124 165 120
124 165 120
124 165 120
124 165 120
124 165 120
124 165 120
124 165 120
124 165 120
123 165 1800
123 165 120
123 165 120
122 165 1920
122 165 120
122 165 120
122 165 120
121 165 2160
121 165 120
121 165 120
121 165 120
120 165 2400
120 165 120
120 165 120
120 165 120
120 165 120
119 165 2760
119 165 120
119 165 120
119 165 120
118 165 3000
118 165 120
118 165 120
117 165 3120
117 165 120
117 165 120
117 165 120
116 165 3360
116 165 120
115 165 3360
115 165 120
115 165 120
114 165 3480
114 165 120
113 165 3480
113 165 120
112 165 3480
112 165 120
111 165 3480
111 165 120
110 165 3480
110 165 120
109 165 3480
109 165 120
109 165 120
108 165 3600
108 165 120
108 165 120
107 165 3720
107 165 120
107 165 120
106 165 3840
106 165 120
105 165 3840
105 165 120
105 165 120
104 165 3960
104 165 120
103 165 3960
102 165 3960
101 165 3960
100 165 120
100 165 120
100 165 120
100 165 120
100 165 120
100 165 120
100 165 120
100 165 120
100 165 120
100 165 120
100 165 120
100 165 120
100 165 120
100 165 120
100 165 120
100 165 120
100 165 120
100 165 120
100 165 120
100 165 120
100 165 120
100 165 120
100 165 120
100 165 120
100 165 120
99 165 2880
98 165 2880
97 165 2880
96 165 120
96 165 120
96 165 120
96 165 120
96 165 120
96 165 120
96 165 120
96 165 120
96 165 120
96 165 120
96 165 120
96 165 120
96 165 120
96 165 120
96 165 120
96 165 120
95 165 1800
94 165 1800
93 165 1800
92 165 120
92 165 120
92 165 120
92 165 120
92 165 120
92 165 120
92 165 120
92 165 120
92 165 120
92 165 120
92 165 120
92 165 120
92 165 120
92 165 120
92 165 120
91 165 1680
91 165 120
90 165 1680
89 165 1680
88 165 1680
87 165 120
87 165 120
87 165 120
87 165 120
87 165 120
87 165 120
87 165 120
87 165 120
87 165 120
86 165 960
85 165 960
84 165 960
83 165 120
83 165 120
83 165 120
83 165 120
82 165 360
82 165 120
81 165 360
81 165 120
80 165 360
79 165 360
78 165 360
77 165 120
77 165 120
76 165 120
75 165 120
74 165 120
73 165 120
72 165 120
71 165 120
70 165 120
69 165 120
68 165 120
67 165 120
66 165 120
65 165 120
64 165 120
63 165 120
62 165 120
61 165 120
61 166 120
61 167 120
61 168 120
61 169 120
61 170 120
61 171 120
61 172 120
61 173 120
61 174 120
61 175 120
61 176 120
61 177 120
61 178 120
61 179 120
61 180 120
61 181 120
61 182 120
61 183 120
61 184 120
61 185 120
61 186 120
61 187 120
