180 149 100
179 149 100
178 149 100
177 149 100
176 149 100
175 149 100
174 149 100
173 149 100
172 149 100
171 149 100
170 149 100
169 149 100
168 149 100
167 149 100
166 149 100
165 149 100
164 149 100
163 149 100
163 149 100
162 149 100
162 149 100
161 149 100
161 149 100
160 149 100
160 149 100
160 149 100
159 149 200
159 149 100
159 149 100
158 149 300
158 149 100
157 149 300
157 149 100
157 149 100
156 149 400
156 149 100
155 149 400
155 149 100
154 149 400
154 149 100
153 149 400
153 149 100
152 149 400
152 149 100
151 149 400
151 149 100
150 149 400
149 149 400
148 149 400
147 149 100
147 149 100
146 149 100
146 149 100
145 149 100
144 149 100
143 149 100
142 149 100
141 149 100
140 149 100
139 149 100
138 149 100
137 149 100
136 149 100
135 149 100
134 149 100
133 149 100
132 149 100
131 149 100
130 149 100
129 149 100
128 149 100
127 149 100
126 149 100
125 149 100
124 149 100
123 149 100
122 149 100
122 149 100
121 149 100
121 149 100
120 149 100
120 149 100
120 149 100
120 149 100
119 149 300
119 149 100
119 149 100
118 149 400
118 149 100
118 149 100
118 149 100
118 149 100
117 149 700
117 149 100
117 149 100
117 149 100
117 149 100
116 149 1000
116 149 100
116 149 100
116 149 100
116 149 100
115 149 1300
115 149 100
115 149 100
115 149 100
115 149 100
114 149 1600
114 149 100
114 149 100
114 149 100
114 149 100
113 149 1900
113 149 100
113 149 100
112 149 2000
112 149 100
112 149 100
111 149 2100
111 149 100
110 149 2100
109 149 2100
108 149 2100
107 149 100
107 149 100
107 149 100
107 149 100
107 149 100
107 149 100
107 149 100
107 149 100
107 149 100
107 149 100
107 149 100
107 149 100
107 149 100
106 149 1200
105 149 1200
104 149 1200
103 149 100
103 149 100
103 149 100
103 149 100
102 149 300
101 149 300
100 149 300
99 149 100
99 149 100
98 149 100
97 149 100
96 149 100
95 149 100
94 149 100
93 149 100
93 149 100
92 149 100
92 149 100
91 149 100
91 149 100
91 149 100
90 149 200
90 149 100
89 149 200
89 149 100
89 149 100
89 149 100
88 149 400
88 149 100
88 149 100
87 149 500
87 149 100
87 149 100
87 149 100
86 149 700
86 149 100
86 149 100
86 149 100
86 149 100
85 149 1000
85 149 100
85 149 100
85 149 100
85 149 100
84 149 1300
84 149 100
84 149 100
84 149 100
84 149 100
83 149 1600
83 149 100
83 149 100
83 149 100
83 149 100
82 149 1900
82 149 100
82 149 100
82 149 100
82 149 100
81 149 2200
81 149 100
81 149 100
81 149 100
80 149 2400
80 149 100
80 149 100
80 149 100
80 149 100
79 149 2700
79 149 100
79 149 100
78 149 2800
78 149 100
78 149 100
77 149 2900
77 149 100
77 149 100
76 149 3000
76 149 100
76 149 100
75 149 3100
75 149 100
74 149 3100
74 149 100
74 149 100
73 149 3200
73 149 100
72 149 3200
72 149 100
72 149 100
71 149 3300
70 149 3300
69 149 3300
68 149 100
68 149 100
68 149 100
68 149 100
68 149 100
68 149 100
68 149 100
68 149 100
68 149 100
68 149 100
68 149 100
68 149 100
68 149 100
68 149 100
68 149 100
68 149 100
68 149 100
68 149 100
68 149 100
68 149 100
68 149 100
68 149 100
68 149 100
68 149 100
68 149 100
68 149 100
68 149 100
68 149 100
67 149 2700
66 149 2700
65 149 2700
64 149 100
64 149 100
64 149 100
64 149 100
64 149 100
64 149 100
64 149 100
64 149 100
64 149 100
64 149 100
64 149 100
63 149 1000
62 149 1000
61 149 1000
60 149 100
60 149 100
59 149 100
58 149 100
57 149 100
56 149 100
55 149 100
54 149 100
53 149 100
52 149 100
51 149 100
50 149 100
49 149 100
48 149 100
47 149 100
46 149 100
45 149 100
44 149 100
43 149 100
42 149 100
41 149 100
40 149 100
39 149 100
38 149 100
37 149 100
36 149 100
35 149 100
34 149 100
33 149 100
32 149 100
32 149 100
31 149 100
31 149 100
30 149 100
30 149 100
29 149 100
29 149 100
28 149 100
28 149 100
28 148 100
28 148 100
28 148 100
28 147 200
28 147 100
28 146 200
28 146 100
28 146 100
28 145 300
28 145 100
28 145 100
28 145 100
28 144 500
28 144 100
28 144 100
28 144 100
28 143 700
28 143 100
28 143 100
28 143 100
28 142 900
28 142 100
28 142 100
28 142 100
28 141 1100
28 141 100
28 141 100
28 140 1200
28 140 100
28 140 100
28 140 100
28 139 1400
28 139 100
28 138 1400
28 138 100
28 137 1400
28 137 100
28 136 1400
28 135 1400
28 134 1400
28 133 100
28 133 100
28 133 100
28 133 100
28 133 100
28 133 100
28 133 100
28 133 100
28 133 100
28 132 800
28 131 800
28 130 800
28 129 100
28 129 100
28 129 100
28 129 100
28 128 300
28 127 300
28 126 300
28 125 100
28 124 100
28 123 100
28 122 100
28 121 100
28 120 100
28 119 100
28 118 100
28 117 100
28 116 100
28 115 100
28 114 100
28 113 100
28 112 100
28 111 100
28 110 100
28 109 100
28 108 100
28 107 100
28 106 100
28 106 100
28 105 100
28 105 100
28 105 100
28 104 200
28 104 100
28 104 100
28 103 300
28 103 100
28 103 100
28 103 100
28 103 100
28 102 600
28 102 100
28 102 100
28 102 100
28 102 100
28 101 900
28 101 100
28 101 100
28 101 100
28 101 100
28 101 100
28 100 1300
28 100 100
28 100 100
28 100 100
28 100 100
28 100 100
28 100 100
28 99 1800
28 99 100
28 99 100
28 99 100
28 99 100
28 99 100
28 99 100
28 98 2300
28 98 100
28 98 100
28 98 100
28 98 100
28 98 100
28 97 2700
28 97 100
28 97 100
28 97 100
28 97 100
28 96 3000
28 96 100
28 96 100
28 96 100
28 95 3200
28 95 100
28 95 100
28 95 100
28 94 3400
28 94 100
28 93 3400
28 93 100
28 92 3400
28 92 100
28 91 3400
28 90 3400
28 89 3400
28 88 100
28 88 100
28 88 100
28 88 100
28 88 100
28 88 100
28 88 100
28 88 100
28 88 100
28 88 100
28 88 100
28 88 100
28 88 100
28 88 100
28 88 100
28 88 100
28 88 100
28 88 100
28 88 100
28 88 100
28 88 100
28 88 100
28 88 100
28 88 100
28 88 100
28 88 100
28 88 100
28 88 100
28 87 2700
28 86 2700
28 85 2700
28 84 100
28 84 100
28 84 100
28 84 100
28 84 100
28 84 100
28 84 100
28 84 100
28 84 100
28 84 100
28 84 100
28 84 100
28 84 100
28 84 100
28 84 100
28 84 100
28 84 100
28 84 100
28 84 100
28 84 100
28 83 1900
28 82 1900
28 81 1900
28 80 100
28 80 100
28 80 100
28 80 100
28 80 100
28 80 100
28 80 100
28 80 100
28 80 100
28 80 100
28 80 100
28 80 100
28 80 100
28 80 100
28 79 1300
28 78 1300
28 77 1300
28 76 100
28 76 100
28 76 100
28 76 100
28 76 100
28 76 100
28 76 100
28 76 100
28 75 700
28 74 700
28 73 700
28 72 100
28 72 100
28 72 100
28 72 100
28 72 100
28 71 400
28 71 100
28 70 400
28 70 100
28 69 400
28 69 100
28 68 400
28 67 400
28 66 400
28 65 100
28 65 100
28 65 100
28 64 200
28 64 100
28 63 200
28 63 100
28 62 200
28 62 100
28 61 200
28 60 200
28 59 200
28 58 100
28 58 100
28 57 100
28 57 100
28 56 100
28 56 100
28 55 100
28 54 100
28 53 100
28 52 100
28 51 100
28 50 100
28 49 100
28 48 100
28 47 100
28 46 100
28 45 100
28 45 100
28 44 100
28 44 100
28 43 100
28 43 100
28 42 100
28 42 100
28 41 100
28 41 100
28 40 100
28 40 100
28 39 100
28 39 100
28 38 100
28 38 100
28 38 100
28 37 200
28 37 100
28 36 200
28 36 100
28 35 200
28 35 100
28 34 200
28 34 100
28 33 200
28 32 200
28 31 200
28 30 100
28 30 100
28 29 100
28 28 100
28 27 100
28 26 100
28 25 100
28 24 100
28 23 100
28 22 100
28 21 100
28 20 100
28 19 100
28 18 100
28 17 100
28 16 100
28 15 100
142 150 100
142 151 100
142 152 100
142 153 100
142 154 100
142 155 100
142 156 100
142 157 100
142 158 100
142 158 100
142 159 100
142 159 100
142 160 100
142 160 100
142 161 100
142 161 100
142 161 100
142 162 200
142 162 100
142 162 100
142 163 300
142 163 100
142 163 100
142 164 400
142 164 100
142 164 100
142 164 100
142 165 600
142 165 100
142 165 100
142 166 700
142 166 100
142 166 100
142 166 100
142 166 100
142 167 1000
142 167 100
142 167 100
142 167 100
142 168 1200
142 168 100
142 168 100
142 169 1300
142 169 100
142 169 100
142 170 1400
142 170 100
142 171 1400
142 171 100
142 172 1400
142 173 1400
142 174 1400
142 175 100
142 175 100
142 175 100
142 175 100
142 175 100
142 175 100
142 175 100
142 175 100
142 175 100
142 176 800
142 177 800
142 178 800
142 179 100
142 179 100
142 180 100
142 180 100
142 181 100
142 182 100
142 183 100
142 184 100
142 185 100
142 186 100
142 187 100
142 188 100
142 189 100
142 190 100
142 191 100
142 192 100
142 193 100
142 194 100
142 195 100
142 196 100
141 196 100
140 196 100
139 196 100
138 196 100
137 196 100
136 196 100
135 196 100
134 196 100
133 196 100
133 196 100
132 196 100
132 196 100
132 196 100
131 196 200
131 196 100
131 196 100
131 196 100
130 196 400
130 196 100
130 196 100
130 196 100
129 196 600
129 196 100
129 196 100
129 196 100
129 196 100
128 196 900
128 196 100
128 196 100
128 196 100
128 196 100
127 196 1200
127 196 100
127 196 100
127 196 100
126 196 1400
126 196 100
126 196 100
126 196 100
126 196 100
125 196 1700
125 196 100
125 196 100
125 196 100
125 196 100
125 196 100
124 196 2100
124 196 100
124 196 100
124 196 100
124 196 100
123 196 2400
123 196 100
123 196 100
123 196 100
122 196 2600
122 196 100
122 196 100
122 196 100
122 196 100
121 196 2900
121 196 100
121 196 100
120 196 3000
120 196 100
120 196 100
119 196 3100
119 196 100
118 196 3100
117 196 3100
116 196 3100
115 196 100
115 196 100
115 196 100
115 196 100
115 196 100
115 196 100
115 196 100
115 196 100
115 196 100
115 196 100
115 196 100
115 196 100
115 196 100
115 196 100
115 196 100
115 196 100
115 196 100
115 196 100
115 196 100
115 196 100
115 196 100
115 196 100
115 196 100
114 196 2200
113 196 2200
112 196 2200
111 196 100
111 196 100
111 196 100
111 196 100
111 196 100
111 196 100
111 196 100
110 196 600
109 196 600
108 196 600
107 196 100
106 196 100
105 196 100
104 196 100
103 196 100
102 196 100
101 196 100
100 196 100
99 196 100
98 196 100
97 196 100
96 196 100
95 196 100
94 196 100
93 196 100
92 196 100
91 196 100
91 196 100
90 196 100
90 196 100
90 196 100
89 196 200
89 196 100
89 196 100
89 196 100
88 196 400
88 196 100
88 196 100
88 196 100
88 196 100
87 196 700
87 196 100
87 196 100
87 196 100
87 196 100
87 196 100
87 196 100
86 196 1200
86 196 100
86 196 100
86 196 100
86 196 100
86 196 100
86 196 100
86 196 100
85 196 1800
85 196 100
85 196 100
85 196 100
85 196 100
85 196 100
85 196 100
84 196 2300
84 196 100
84 196 100
84 196 100
84 196 100
84 196 100
83 196 2700
83 196 100
83 196 100
83 196 100
83 196 100
83 196 100
82 196 3100
82 196 100
82 196 100
82 196 100
81 196 3300
81 196 100
81 196 100
80 196 3400
80 196 100
79 196 3400
78 196 3400
77 196 3400
76 196 100
76 196 100
76 196 100
76 196 100
76 196 100
76 196 100
76 196 100
76 196 100
76 196 100
76 196 100
76 196 100
76 196 100
76 196 100
76 196 100
76 196 100
76 196 100
76 196 100
76 196 100
76 196 100
76 196 100
76 196 100
76 196 100
76 196 100
76 196 100
76 196 100
76 196 100
76 196 100
75 196 2600
74 196 2600
73 196 2600
72 196 100
72 196 100
72 196 100
72 196 100
72 196 100
72 196 100
72 196 100
72 196 100
72 196 100
72 196 100
72 196 100
72 196 100
72 196 100
72 196 100
72 196 100
72 196 100
71 196 1500
70 196 1500
69 196 1500
68 196 100
68 196 100
68 196 100
68 196 100
68 196 100
67 196 400
66 196 400
65 196 400
64 196 100
64 196 100
63 196 100
62 196 100
62 195 100
62 194 100
62 193 100
62 192 100
62 191 100
62 190 100
62 189 100
63 189 100
64 189 100
65 189 100
66 189 100
67 189 100
68 189 100
69 189 100
70 189 100
70 189 100
71 189 100
71 189 100
72 189 100
72 189 100
72 189 100
73 189 200
73 189 100
73 189 100
74 189 300
74 189 100
74 189 100
75 189 400
75 189 100
75 189 100
75 189 100
76 189 600
76 189 100
76 189 100
76 189 100
77 189 800
77 189 100
77 189 100
77 189 100
78 189 1000
78 189 100
78 189 100
78 189 100
78 189 100
79 189 1300
79 189 100
79 189 100
79 189 100
80 189 1500
80 189 100
80 189 100
80 189 100
81 189 1700
81 189 100
81 189 100
82 189 1800
82 189 100
82 189 100
83 189 1900
84 189 1900
85 189 1900
86 189 100
86 189 100
86 189 100
86 189 100
86 189 100
86 189 100
86 189 100
86 189 100
86 189 100
86 189 100
86 189 100
87 189 1000
88 189 1000
89 189 1000
89 188 100
89 188 100
89 188 100
89 188 100
89 188 100
89 187 400
89 187 100
89 186 400
89 186 100
89 185 400
89 185 100
89 184 400
89 184 100
89 184 100
89 183 500
89 183 100
89 182 500
89 182 100
89 181 500
89 180 500
89 179 500
89 178 100
89 178 100
89 178 100
89 178 100
89 177 300
89 176 300
89 175 300
89 174 100
89 174 100
89 173 100
89 173 100
89 172 100
89 171 100
89 170 100
89 169 100
89 168 100
89 167 100
89 166 100
89 166 100
89 165 100
89 165 100
89 164 100
89 164 100
89 164 100
89 163 200
89 163 100
89 162 200
89 162 100
89 162 100
89 161 300
89 161 100
89 161 100
89 161 100
89 160 500
89 160 100
89 160 100
89 159 600
89 159 100
89 159 100
89 159 100
89 158 800
89 158 100
89 158 100
89 158 100
89 157 1000
89 157 100
89 157 100
89 156 1100
89 156 100
89 156 100
89 155 1200
89 155 100
89 154 1200
89 154 100
89 153 1200
89 152 1200
89 151 1200
89 150 100
89 150 100
89 150 100
89 150 100
89 150 100
89 150 100
89 148 500
89 147 500
89 146 500
89 145 100
89 144 100
89 143 100
89 142 100
89 141 100
89 140 100
89 139 100
66 46 100
65 46 100
64 46 100
63 46 100
62 46 100
61 46 100
60 46 100
60 46 100
59 46 100
59 46 100
59 46 100
58 46 200
58 46 100
58 46 100
58 46 100
58 46 100
57 46 500
57 46 100
57 46 100
57 46 100
57 46 100
57 46 100
56 46 900
56 46 100
56 46 100
56 46 100
56 46 100
56 46 100
56 46 100
56 46 100
55 46 1500
55 46 100
55 46 100
55 46 100
55 46 100
55 46 100
55 46 100
55 46 100
54 46 2100
54 46 100
54 46 100
54 46 100
54 46 100
54 46 100
54 46 100
54 46 100
53 46 2700
53 46 100
53 46 100
53 46 100
53 46 100
53 46 100
53 46 100
52 46 3200
52 46 100
52 46 100
52 46 100
52 46 100
52 46 100
51 46 3600
51 46 100
51 46 100
51 46 100
51 46 100
50 46 3900
50 46 100
50 46 100
49 46 4000
49 46 100
49 46 100
48 46 4100
48 46 100
48 46 100
47 46 4200
47 46 100
46 46 4200
46 46 100
45 46 4200
44 46 4200
43 46 4200
42 46 100
42 46 100
42 46 100
42 46 100
42 46 100
42 46 100
42 46 100
42 46 100
42 46 100
42 46 100
42 46 100
42 46 100
42 46 100
42 46 100
42 46 100
42 46 100
42 46 100
42 46 100
42 46 100
42 46 100
42 46 100
42 46 100
42 46 100
42 46 100
42 46 100
42 46 100
42 46 100
42 46 100
42 46 100
42 46 100
42 46 100
42 46 100
42 46 100
41 46 3200
40 46 3200
39 46 3200
38 46 100
38 46 100
38 46 100
38 46 100
38 46 100
38 46 100
38 46 100
38 46 100
38 46 100
38 46 100
38 46 100
38 46 100
38 46 100
37 46 1200
36 46 1200
35 46 1200
34 46 100
34 46 100
34 46 100
33 46 200
32 46 200
31 46 200
30 46 100
29 46 100
