21 33 120
21 33 120
22 33 120
22 33 120
23 33 120
23 33 120
24 33 120
24 33 120
24 33 120
25 33 240
25 33 120
26 33 240
26 33 120
27 33 240
27 33 120
28 33 240
28 33 120
29 33 240
29 33 120
30 33 240
30 33 120
31 33 240
31 33 120
32 33 240
32 33 120
33 33 240
33 33 120
34 33 240
34 33 120
34 33 120
35 33 360
35 33 120
36 33 360
36 33 120
37 33 360
37 33 120
38 33 360
38 33 120
38 33 120
39 33 480
39 33 120
40 33 480
40 33 120
41 33 480
41 33 120
41 33 120
42 33 600
42 33 120
42 33 120
43 33 720
43 33 120
43 33 120
44 33 840
44 33 120
44 33 120
44 33 120
45 33 1080
45 33 120
45 33 120
45 33 120
46 33 1320
46 33 120
46 33 120
46 33 120
47 33 1560
47 33 120
47 33 120
47 33 120
48 33 1800
48 33 120
48 33 120
48 33 120
48 33 120
49 33 2160
49 33 120
49 33 120
49 33 120
49 33 120
50 33 2520
50 33 120
50 33 120
50 33 120
51 33 2760
51 33 120
52 33 2760
52 33 120
53 33 2760
53 33 120
53 33 120
54 33 2880
55 33 2880
56 33 2880
57 33 120
57 33 120
57 33 120
57 33 120
57 33 120
57 33 120
57 33 120
57 33 120
57 33 120
57 33 120
57 33 120
57 33 120
57 33 120
57 33 120
57 33 120
57 33 120
57 33 120
57 33 120
57 33 120
58 33 2160
59 33 2160
60 33 2160
61 33 120
61 33 120
61 33 120
61 33 120
61 33 120
61 33 120
61 33 120
61 33 120
61 33 120
61 33 120
62 33 1080
63 33 1080
64 33 1080
65 33 120
65 33 120
65 33 120
65 33 120
65 33 120
65 33 120
65 33 120
66 33 720
66 33 120
67 33 720
67 33 120
68 33 720
68 33 120
69 33 720
69 33 120
70 33 720
71 33 720
72 33 720
73 33 120
73 33 120
73 33 120
73 33 120
74 33 360
75 33 360
76 33 360
77 33 120
77 33 120
78 33 120
78 33 120
79 33 120
79 33 120
80 33 120
81 33 120
82 33 120
83 33 120
84 33 120
85 33 120
86 33 120
87 33 120
88 33 120
89 33 120
90 33 120
91 33 120
91 32 120
91 31 120
91 30 120
91 29 120
91 28 120
91 27 120
41 34 120
41 34 120
41 34 120
41 34 120
41 34 120
41 35 480
41 36 480
41 37 480
41 38 120
41 38 120
41 38 120
41 38 120
41 39 360
41 39 120
41 40 360
41 40 120
41 40 120
41 41 480
41 41 120
41 42 480
41 42 120
41 42 120
41 43 600
41 43 120
41 43 120
41 44 720
41 44 120
41 44 120
41 45 840
41 45 120
41 46 840
41 46 120
41 47 840
41 47 120
41 48 840
41 49 840
41 50 840
41 51 120
41 51 120
41 51 120
41 51 120
41 51 120
41 51 120
41 52 600
41 53 600
41 54 600
41 55 120
41 55 120
41 55 120
41 56 240
41 56 120
41 57 240
41 57 120
41 58 240
41 58 120
41 59 240
41 59 120
41 60 240
41 60 120
41 61 240
41 61 120
41 61 120
41 62 360
41 62 120
41 63 360
41 63 120
41 63 120
41 64 480
41 64 120
41 64 120
41 65 600
41 65 120
41 65 120
41 66 720
41 66 120
41 66 120
41 67 840
41 68 840
41 69 840
41 70 120
41 70 120
41 70 120
41 70 120
41 70 120
41 71 480
41 72 480
41 73 480
41 74 120
41 74 120
41 75 120
41 75 120
41 76 120
41 77 120
41 78 120
41 79 120
41 80 120
41 81 120
41 82 120
41 83 120
41 84 120
41 85 120
41 86 120
41 87 120
41 88 120
41 89 120
41 90 120
41 91 120
41 92 120
41 93 120
41 94 120
41 95 120
41 96 120
41 97 120
41 98 120
41 99 120
41 100 120
41 101 120
42 101 120
43 101 120
44 101 120
45 101 120
46 101 120
47 101 120
48 101 120
49 101 120
50 101 120
51 101 120
52 101 120
52 102 120
52 103 120
52 104 120
52 105 120
52 106 120
52 107 120
52 108 120
52 109 120
52 110 120
52 111 120
52 112 120
52 113 120
52 114 120
52 115 120
52 116 120
52 117 120
52 118 120
52 119 120
52 120 120
52 121 120
52 122 120
52 123 120
52 124 120
52 125 120
52 126 120
52 127 120
52 128 120
52 129 120
52 130 120
52 131 120
52 132 120
52 133 120
52 134 120
52 135 120
52 136 120
52 137 120
52 138 120
136 119 120
137 119 120
138 119 120
139 119 120
140 119 120
141 119 120
142 119 120
143 119 120
144 119 120
145 119 120
146 119 120
146 119 120
147 119 120
147 119 120
148 119 120
148 119 120
149 119 120
149 119 120
150 119 120
150 119 120
151 119 120
151 119 120
152 119 120
152 119 120
153 119 120
153 119 120
154 119 120
154 119 120
155 119 120
155 119 120
156 119 120
156 119 120
157 119 120
157 119 120
158 119 120
158 119 120
158 119 120
159 119 240
159 119 120
160 119 240
160 119 120
161 119 240
161 119 120
162 119 240
162 119 120
163 119 240
163 119 120
164 119 240
164 119 120
164 118 240
164 118 120
164 118 120
164 117 360
164 117 120
164 116 360
164 116 120
164 116 120
164 115 480
164 115 120
164 114 480
164 114 120
164 113 480
164 113 120
164 113 120
164 112 600
164 112 120
164 111 600
164 110 600
164 109 600
164 108 120
164 108 120
164 108 120
164 108 120
164 107 360
164 107 120
164 106 360
164 106 120
164 105 360
164 105 120
164 104 360
164 104 120
164 103 360
164 103 120
164 102 360
164 102 120
164 101 360
164 101 120
164 101 120
164 100 480
164 99 480
164 98 480
164 97 120
164 97 120
164 97 120
164 96 240
164 96 120
161 58 240
162 58 240
163 58 240
164 58 120
164 59 120
164 60 120
164 61 120
164 62 120
164 63 120
164 64 120
164 65 120
164 66 120
164 67 120
164 68 120
164 69 120
164 70 120
164 71 120
164 72 120
164 73 120
164 74 120
164 74 120
164 75 120
164 75 120
164 76 120
164 76 120
164 77 120
164 77 120
164 78 120
164 78 120
164 79 120
164 79 120
164 80 120
164 80 120
164 81 120
164 81 120
164 82 120
164 82 120
164 83 120
164 83 120
164 84 120
164 84 120
164 85 120
164 85 120
164 86 120
164 86 120
164 87 120
164 87 120
164 88 120
164 88 120
164 89 120
164 89 120
164 89 120
164 90 240
164 90 120
164 91 240
164 91 120
164 92 240
164 92 120
164 93 240
164 93 120
164 94 240
164 94 120
164 95 240
165 58 240
166 58 240
167 58 120
168 58 120
169 58 120
170 58 120
171 58 120
171 57 120
171 56 120
171 55 120
171 54 120
171 53 120
171 52 120
171 51 120
171 50 120
171 49 120
171 48 120
171 47 120
171 46 120
171 45 120
171 44 120
171 43 120
171 42 120
171 41 120
171 40 120
171 39 120
171 38 120
171 37 120
171 36 120
171 35 120
171 34 120
171 33 120
171 32 120
171 31 120
171 30 120
171 29 120
171 28 120
171 27 120
171 26 120
171 25 120
171 24 120
171 23 120
171 22 120
171 21 120
171 20 120
171 19 120
171 18 120
171 17 120
171 16 120
171 15 120
171 14 120
171 13 120
171 12 120
171 11 120
171 10 120
171 9 120
171 8 120
171 7 120
171 6 120
171 5 120
171 4 120
171 3 120
171 2 120
171 1 120
