95 95 25
94 95 25
93 95 25
92 95 25
91 95 25
90 95 25
89 95 25
88 95 25
87 95 25
86 95 25
85 95 25
84 95 25
83 95 25
82 95 25
81 95 25
80 95 25
79 95 25
78 95 25
77 95 25
76 95 25
75 95 25
74 95 25
73 95 25
72 95 25
71 95 25
70 95 25
69 95 25
68 95 25
67 95 25
66 95 25
65 95 25
64 95 25
63 95 25
62 95 25
61 95 25
60 95 25
59 95 25
58 95 25
57 95 25
56 95 25
55 95 25
54 95 25
53 95 25
53 94 25
53 93 25
53 92 25
53 91 25
53 90 25
53 89 25
53 88 25
53 88 25
53 87 25
53 87 25
53 86 25
53 86 25
53 85 25
53 85 25
53 84 25
53 84 25
53 84 25
53 83 25
53 83 25
53 83 25
53 82 25
53 82 25
53 82 25
53 81 25
53 81 25
53 81 25
53 81 25
53 80 25
53 80 25
53 80 25
53 80 25
53 79 25
53 79 25
53 79 25
53 79 25
53 79 25
53 78 25
53 78 25
53 78 25
53 78 25
53 78 25
53 78 25
53 77 25
53 77 25
53 77 25
53 77 25
53 77 25
53 77 25
53 77 25
53 77 25
53 76 25
53 76 25
53 76 25
53 76 25
53 76 25
53 76 25
53 76 25
53 76 25
53 76 25
53 76 25
53 76 25
53 75 25
53 75 25
53 75 25
53 75 25
53 75 25
53 75 25
53 75 25
53 75 25
53 75 25
53 75 25
53 75 25
53 75 25
53 75 25
53 75 25
53 74 25
53 74 25
53 74 25
53 74 25
53 74 25
53 74 25
53 74 25
53 74 25
53 74 25
53 74 25
53 74 25
53 74 25
53 74 25
53 74 25
53 74 25
53 74 25
53 74 25
53 74 25
53 73 25
53 73 25
53 73 25
53 73 25
53 73 25
53 73 25
53 73 25
53 73 25
53 73 25
53 73 25
53 73 25
53 73 25
53 73 25
53 73 25
53 73 25
53 73 25
53 73 25
53 73 25
53 73 25
53 73 25
53 73 25
53 73 25
53 72 25
53 72 25
53 72 25
53 72 25
53 72 25
53 72 25
53 72 25
53 72 25
53 72 25
53 72 25
53 72 25
53 72 25
53 72 25
53 72 25
53 72 25
53 72 25
53 72 25
53 72 25
53 72 25
53 72 25
53 72 25
53 72 25
53 72 25
53 72 25
53 72 25
53 72 25
53 71 25
53 71 25
53 71 25
53 71 25
53 71 25
53 71 25
53 71 25
53 71 25
53 71 25
53 71 25
53 71 25
53 71 25
53 71 25
53 71 25
53 71 25
53 71 25
53 71 25
53 71 25
53 71 25
53 71 25
53 71 25
53 71 25
53 71 25
53 71 25
53 71 25
53 71 25
53 71 25
53 71 25
53 70 25
53 70 25
53 70 25
53 70 25
53 70 25
53 70 25
53 70 25
53 70 25
53 70 25
53 70 25
53 70 25
53 70 25
53 70 25
53 70 25
53 70 25
53 70 25
53 70 25
53 70 25
53 70 25
53 70 25
53 70 25
53 70 25
53 70 25
53 70 25
53 70 25
53 70 25
53 70 25
53 70 25
53 69 25
53 69 25
53 69 25
53 69 25
53 69 25
53 69 25
53 69 25
53 69 25
53 69 25
53 69 25
53 69 25
53 69 25
53 69 25
53 69 25
53 69 25
53 69 25
53 69 25
53 69 25
53 69 25
53 69 25
53 69 25
53 69 25
53 69 25
53 69 25
53 69 25
53 69 25
53 69 25
53 69 25
53 69 25
53 68 25
53 68 25
53 68 25
53 68 25
53 68 25
53 68 25
53 68 25
53 68 25
53 68 25
53 68 25
53 68 25
53 68 25
53 68 25
53 68 25
53 68 25
53 68 25
53 68 25
53 68 25
53 68 25
53 68 25
53 68 25
53 68 25
53 68 25
53 68 25
53 68 25
53 68 25
53 68 25
53 68 25
53 68 25
53 68 25
53 67 25
53 67 25
53 67 25
53 67 25
53 67 25
53 67 25
53 67 25
53 67 25
53 67 25
53 67 25
53 67 25
53 67 25
53 67 25
53 67 25
53 67 25
53 67 25
53 67 25
53 67 25
53 67 25
53 67 25
53 67 25
53 67 25
53 67 25
53 67 25
53 67 25
53 67 25
53 67 25
53 67 25
53 67 25
53 67 25
53 67 25
53 67 25
53 67 25
53 66 25
53 66 25
53 66 25
53 66 25
53 66 25
53 66 25
53 66 25
53 66 25
53 66 25
53 66 25
53 66 25
53 66 25
53 66 25
53 66 25
53 66 25
53 66 25
53 66 25
53 66 25
53 66 25
53 66 25
53 66 25
53 66 25
53 66 25
53 66 25
53 66 25
53 66 25
53 66 25
53 66 25
53 66 25
53 66 25
53 66 25
53 66 25
53 66 25
53 66 25
53 66 25
53 66 25
53 65 25
53 65 25
53 65 25
53 65 25
53 65 25
53 65 25
53 65 25
53 65 25
53 65 25
53 65 25
53 65 25
53 65 25
53 65 25
53 65 25
53 65 25
53 65 25
53 65 25
53 65 25
53 65 25
53 65 25
53 65 25
53 65 25
53 65 25
53 65 25
53 65 25
53 65 25
53 65 25
53 65 25
53 65 25
53 65 25
53 65 25
53 65 25
53 65 25
53 65 25
53 65 25
53 65 25
53 65 25
53 65 25
53 65 25
53 65 25
53 64 25
53 64 25
53 64 25
53 64 25
53 64 25
53 64 25
53 64 25
53 64 25
53 64 25
53 64 25
53 64 25
53 64 25
53 64 25
53 64 25
53 64 25
53 64 25
53 64 25
53 64 25
53 64 25
53 64 25
53 64 25
53 64 25
53 64 25
53 64 25
53 64 25
53 64 25
53 64 25
53 64 25
53 64 25
53 64 25
53 64 25
53 64 25
53 64 25
53 64 25
53 64 25
53 64 25
53 64 25
53 64 25
53 64 25
53 64 25
53 64 25
53 64 25
53 64 25
53 63 25
53 63 25
53 63 25
53 63 25
53 63 25
53 63 25
53 63 25
53 63 25
53 63 25
53 63 25
53 63 25
53 63 25
53 63 25
53 63 25
53 63 25
53 63 25
53 63 25
53 63 25
53 63 25
53 63 25
53 63 25
53 63 25
53 63 25
53 63 25
53 63 25
53 63 25
53 63 25
53 63 25
53 63 25
53 63 25
53 63 25
53 63 25
53 63 25
53 63 25
53 63 25
53 63 25
53 63 25
53 63 25
53 63 25
53 63 25
53 63 25
53 63 25
53 63 25
53 62 25
53 62 25
53 62 25
53 62 25
53 62 25
53 62 25
53 62 25
53 62 25
53 62 25
53 62 25
53 62 25
53 62 25
53 62 25
53 62 25
53 62 25
53 62 25
53 62 25
53 62 25
53 62 25
53 62 25
53 62 25
53 62 25
53 62 25
53 62 25
53 62 25
53 62 25
53 62 25
53 62 25
53 62 25
53 62 25
53 62 25
53 62 25
53 62 25
53 62 25
53 62 25
53 62 25
53 62 25
53 62 25
53 62 25
53 62 25
53 61 25
53 61 25
53 61 25
53 61 25
53 61 25
53 61 25
53 61 25
53 61 25
53 61 25
53 61 25
53 61 25
53 61 25
53 61 25
53 61 25
53 61 25
53 61 25
53 61 25
53 61 25
53 61 25
53 61 25
53 61 25
53 61 25
53 61 25
53 61 25
53 61 25
53 61 25
53 61 25
53 61 25
53 61 25
53 61 25
53 61 25
53 61 25
53 61 25
53 61 25
53 60 25
53 60 25
53 60 25
53 60 25
53 60 25
53 60 25
53 60 25
53 60 25
53 60 25
53 60 25
53 60 25
53 60 25
53 60 25
53 60 25
53 60 25
53 60 25
53 60 25
53 60 25
53 60 25
53 60 25
53 60 25
53 60 25
53 60 25
53 60 25
53 60 25
53 59 25
53 59 25
53 59 25
53 59 25
53 59 25
53 59 25
53 59 25
53 59 25
53 59 25
53 59 25
53 59 25
53 59 25
53 59 25
53 59 25
53 59 25
53 59 25
53 59 25
53 58 25
53 58 25
53 58 25
53 58 25
53 58 25
53 58 25
53 58 25
53 58 25
53 58 25
53 58 25
53 57 25
53 57 25
53 57 25
53 57 25
53 57 25
53 57 25
53 56 25
53 56 25
53 56 25
53 55 25
53 55 25
53 54 25
53 53 25
53 52 25
53 51 25
53 50 25
53 49 25
53 48 25
53 47 25
53 46 25
53 45 25
53 44 25
53 43 25
53 42 25
53 41 25
53 40 25
53 39 25
53 38 25
53 37 25
53 36 25
53 35 25
8 163 25
9 163 25
10 163 25
11 163 25
12 163 25
13 163 25
14 163 25
15 163 25
16 163 25
17 163 25
18 163 25
19 163 25
20 163 25
21 163 25
22 163 25
23 163 25
24 163 25
25 163 25
26 163 25
27 163 25
28 163 25
29 163 25
29 163 25
30 163 25
30 163 25
31 163 25
31 163 25
31 163 25
31 163 25
32 163 25
32 163 25
32 163 25
32 163 25
32 163 25
32 163 25
33 163 25
33 163 25
33 163 25
33 163 25
33 163 25
33 163 25
33 163 25
33 163 25
33 163 25
33 163 25
34 163 25
34 163 25
34 163 25
34 163 25
34 163 25
34 163 25
34 163 25
34 163 25
34 163 25
34 163 25
34 163 25
34 163 25
34 163 25
34 163 25
34 163 25
35 163 25
35 163 25
35 163 25
35 163 25
35 163 25
35 163 25
35 163 25
35 163 25
35 163 25
35 163 25
35 163 25
35 163 25
35 163 25
35 163 25
35 163 25
35 163 25
35 163 25
35 163 25
35 163 25
36 163 25
36 163 25
36 163 25
36 163 25
36 163 25
36 163 25
36 163 25
36 163 25
36 163 25
36 163 25
36 163 25
36 163 25
36 163 25
36 163 25
36 163 25
36 163 25
36 163 25
36 163 25
36 163 25
36 163 25
36 163 25
36 163 25
37 163 25
37 163 25
37 163 25
37 163 25
37 163 25
37 163 25
37 163 25
37 163 25
37 163 25
37 163 25
37 163 25
37 163 25
37 163 25
37 163 25
37 163 25
37 163 25
37 163 25
37 163 25
37 163 25
37 163 25
37 163 25
37 163 25
37 163 25
37 163 25
37 163 25
38 163 25
38 163 25
38 163 25
38 163 25
38 163 25
38 163 25
38 163 25
38 163 25
38 163 25
38 163 25
38 163 25
38 163 25
38 163 25
38 163 25
38 163 25
38 163 25
38 163 25
38 163 25
38 163 25
38 163 25
38 163 25
38 163 25
38 163 25
38 163 25
38 163 25
38 163 25
38 163 25
39 163 25
39 163 25
39 163 25
39 163 25
39 163 25
39 163 25
39 163 25
39 163 25
39 163 25
39 163 25
39 163 25
39 163 25
39 163 25
39 163 25
39 163 25
39 163 25
39 163 25
39 163 25
39 163 25
39 163 25
39 163 25
39 163 25
39 163 25
39 163 25
39 163 25
39 163 25
39 163 25
39 163 25
39 163 25
39 163 25
39 163 25
40 163 25
40 163 25
40 163 25
40 163 25
40 163 25
40 163 25
40 163 25
40 163 25
40 163 25
40 163 25
40 163 25
40 163 25
40 163 25
40 163 25
40 163 25
40 163 25
40 163 25
40 163 25
40 163 25
40 163 25
40 163 25
40 163 25
40 163 25
40 163 25
40 163 25
40 163 25
40 163 25
40 163 25
40 163 25
40 163 25
40 163 25
40 163 25
40 163 25
40 163 25
40 163 25
40 163 25
41 163 25
41 163 25
41 163 25
41 163 25
41 163 25
41 163 25
41 163 25
41 163 25
41 163 25
41 163 25
41 163 25
41 163 25
41 163 25
41 163 25
41 163 25
41 163 25
41 163 25
41 163 25
41 163 25
41 163 25
41 163 25
41 163 25
41 163 25
41 163 25
41 163 25
41 163 25
41 163 25
41 163 25
41 163 25
41 163 25
41 163 25
41 163 25
41 163 25
41 163 25
41 163 25
41 163 25
41 163 25
41 163 25
41 163 25
41 163 25
41 163 25
41 163 25
42 163 25
42 163 25
42 163 25
42 163 25
42 163 25
42 163 25
42 163 25
42 163 25
42 163 25
42 163 25
42 163 25
42 163 25
42 163 25
42 163 25
42 163 25
42 163 25
42 163 25
42 163 25
42 163 25
42 163 25
42 163 25
42 163 25
42 163 25
42 163 25
42 163 25
42 163 25
42 163 25
42 163 25
42 163 25
42 163 25
42 163 25
42 163 25
42 163 25
42 163 25
42 163 25
42 163 25
42 163 25
42 163 25
42 163 25
42 163 25
42 163 25
42 163 25
42 163 25
42 163 25
42 163 25
42 163 25
42 163 25
42 163 25
42 163 25
42 163 25
43 163 25
43 163 25
43 163 25
43 163 25
43 163 25
43 163 25
43 163 25
43 163 25
43 163 25
43 163 25
43 163 25
43 163 25
43 163 25
43 163 25
43 163 25
43 163 25
43 163 25
43 163 25
43 163 25
43 163 25
43 163 25
43 163 25
43 163 25
43 163 25
43 163 25
43 163 25
43 163 25
43 163 25
43 163 25
43 163 25
43 163 25
43 163 25
43 163 25
43 163 25
43 163 25
43 163 25
43 163 25
43 163 25
43 163 25
43 163 25
43 163 25
43 163 25
43 163 25
43 163 25
43 163 25
43 163 25
43 163 25
43 163 25
43 163 25
43 163 25
43 163 25
43 163 25
43 163 25
43 163 25
43 163 25
43 163 25
43 163 25
43 163 25
43 163 25
43 163 25
44 163 25
44 163 25
44 163 25
44 163 25
44 163 25
44 163 25
44 163 25
44 163 25
44 163 25
44 163 25
44 163 25
44 163 25
44 163 25
44 163 25
44 163 25
44 163 25
44 163 25
44 163 25
44 163 25
44 163 25
44 163 25
44 163 25
44 163 25
44 163 25
44 163 25
44 163 25
44 163 25
44 163 25
44 163 25
44 163 25
44 163 25
44 163 25
44 163 25
44 163 25
44 163 25
44 163 25
44 163 25
44 163 25
44 163 25
44 163 25
44 163 25
44 163 25
44 163 25
44 163 25
44 163 25
44 163 25
44 163 25
44 163 25
44 163 25
44 163 25
44 163 25
44 163 25
44 163 25
44 163 25
44 163 25
44 163 25
44 163 25
44 163 25
44 163 25
44 163 25
44 163 25
44 163 25
44 163 25
44 163 25
44 163 25
44 163 25
44 163 25
44 163 25
44 163 25
44 163 25
44 163 25
45 163 25
45 163 25
45 163 25
45 163 25
45 163 25
45 163 25
45 163 25
45 163 25
45 163 25
45 163 25
45 163 25
45 163 25
45 163 25
45 163 25
45 163 25
45 163 25
45 163 25
45 163 25
45 163 25
45 163 25
45 163 25
45 163 25
45 163 25
45 163 25
45 163 25
45 163 25
45 163 25
45 163 25
45 163 25
45 163 25
45 163 25
45 163 25
45 163 25
45 163 25
45 163 25
45 163 25
45 163 25
45 163 25
45 163 25
45 163 25
45 163 25
45 163 25
45 163 25
45 163 25
45 163 25
45 163 25
45 163 25
45 163 25
45 163 25
45 163 25
45 163 25
45 163 25
45 163 25
45 163 25
45 163 25
45 163 25
45 163 25
45 163 25
45 163 25
45 163 25
45 163 25
45 163 25
45 163 25
45 163 25
45 163 25
45 163 25
45 163 25
45 163 25
45 163 25
45 163 25
45 163 25
45 163 25
45 163 25
45 163 25
45 163 25
45 163 25
45 163 25
45 163 25
45 163 25
45 163 25
45 163 25
45 163 25
46 163 25
46 163 25
46 163 25
46 163 25
46 163 25
46 163 25
46 163 25
46 163 25
46 163 25
46 163 25
46 163 25
46 163 25
46 163 25
46 163 25
46 163 25
46 163 25
46 163 25
46 163 25
46 163 25
46 163 25
46 163 25
46 163 25
46 163 25
46 163 25
46 163 25
46 163 25
46 163 25
46 163 25
46 163 25
46 163 25
46 163 25
46 163 25
46 163 25
46 163 25
46 163 25
46 163 25
46 163 25
46 163 25
46 163 25
46 163 25
46 163 25
46 163 25
46 163 25
46 163 25
46 163 25
46 163 25
46 163 25
46 163 25
46 163 25
46 163 25
46 163 25
46 163 25
46 163 25
46 163 25
46 163 25
46 163 25
46 163 25
46 163 25
46 163 25
46 163 25
46 163 25
46 163 25
46 163 25
46 163 25
46 163 25
46 163 25
46 163 25
46 163 25
46 163 25
46 163 25
46 163 25
46 163 25
46 163 25
46 163 25
46 163 25
46 163 25
46 163 25
46 163 25
46 163 25
46 163 25
46 163 25
46 163 25
46 163 25
46 163 25
46 163 25
46 163 25
46 163 25
46 163 25
46 163 25
46 163 25
46 163 25
47 163 25
47 163 25
47 163 25
47 163 25
47 163 25
47 163 25
47 163 25
47 163 25
47 163 25
47 163 25
47 163 25
47 163 25
47 163 25
47 163 25
47 163 25
47 163 25
47 163 25
47 163 25
47 163 25
47 163 25
47 163 25
47 163 25
47 163 25
47 163 25
47 163 25
47 163 25
47 163 25
47 163 25
47 163 25
47 163 25
47 163 25
47 163 25
47 163 25
47 163 25
47 163 25
47 163 25
47 163 25
47 163 25
47 163 25
47 163 25
47 163 25
47 163 25
47 163 25
47 163 25
47 163 25
47 163 25
47 163 25
47 163 25
47 163 25
47 163 25
47 163 25
47 163 25
47 163 25
47 163 25
47 163 25
47 163 25
47 163 25
47 163 25
47 163 25
47 163 25
47 163 25
47 163 25
47 163 25
47 163 25
47 163 25
47 163 25
47 163 25
47 163 25
47 163 25
47 163 25
47 163 25
47 163 25
47 163 25
47 163 25
47 163 25
47 163 25
47 163 25
47 163 25
47 163 25
47 163 25
47 163 25
47 163 25
47 163 25
47 163 25
47 163 25
47 163 25
47 163 25
47 163 25
47 163 25
47 163 25
47 163 25
47 163 25
47 163 25
47 163 25
47 163 25
47 163 25
47 163 25
47 163 25
47 163 25
48 163 25
48 163 25
48 163 25
48 163 25
48 163 25
48 163 25
48 163 25
48 163 25
48 163 25
48 163 25
48 163 25
48 163 25
48 163 25
48 163 25
48 163 25
48 163 25
48 163 25
48 163 25
48 163 25
48 163 25
48 163 25
48 163 25
48 163 25
48 163 25
48 163 25
48 163 25
48 163 25
48 163 25
48 163 25
48 163 25
48 163 25
48 163 25
48 163 25
48 163 25
48 163 25
48 163 25
48 163 25
48 163 25
48 163 25
48 163 25
48 163 25
48 163 25
48 163 25
48 163 25
48 163 25
48 163 25
48 163 25
48 163 25
48 163 25
48 163 25
48 163 25
48 163 25
48 163 25
48 163 25
48 163 25
48 163 25
48 163 25
48 163 25
48 163 25
48 163 25
48 163 25
48 163 25
48 163 25
48 163 25
48 163 25
48 163 25
48 163 25
48 163 25
48 163 25
48 163 25
48 163 25
48 163 25
48 163 25
48 163 25
48 163 25
48 163 25
48 163 25
48 163 25
48 163 25
48 163 25
48 163 25
48 163 25
48 163 25
48 163 25
48 163 25
48 163 25
48 163 25
48 163 25
48 163 25
48 163 25
48 163 25
48 163 25
48 163 25
48 163 25
48 163 25
48 163 25
48 163 25
48 163 25
48 163 25
48 163 25
48 163 25
48 163 25
48 163 25
48 163 25
48 163 25
49 163 25
49 163 25
49 163 25
49 163 25
49 163 25
49 163 25
49 163 25
49 163 25
49 163 25
49 163 25
49 163 25
49 163 25
49 163 25
49 163 25
49 163 25
49 163 25
49 163 25
49 163 25
49 163 25
49 163 25
49 163 25
49 163 25
49 163 25
49 163 25
49 163 25
49 163 25
49 163 25
49 163 25
49 163 25
49 163 25
49 163 25
49 163 25
49 163 25
49 163 25
49 163 25
49 163 25
49 163 25
49 163 25
49 163 25
49 163 25
49 163 25
49 163 25
49 163 25
49 163 25
49 163 25
49 163 25
49 163 25
49 163 25
49 163 25
49 163 25
49 163 25
49 163 25
49 163 25
49 163 25
49 163 25
49 163 25
49 163 25
49 163 25
49 163 25
49 163 25
49 163 25
49 163 25
49 163 25
49 163 25
49 163 25
49 163 25
49 163 25
49 163 25
49 163 25
49 163 25
49 163 25
49 163 25
49 163 25
49 163 25
49 163 25
49 163 25
49 163 25
49 163 25
49 163 25
49 163 25
49 163 25
49 163 25
49 163 25
49 163 25
49 163 25
49 163 25
49 163 25
49 163 25
49 163 25
49 163 25
49 163 25
49 163 25
49 163 25
49 163 25
49 163 25
49 163 25
49 163 25
49 163 25
49 163 25
49 163 25
49 163 25
49 163 25
49 163 25
49 163 25
49 163 25
49 163 25
49 163 25
49 163 25
49 163 25
49 163 25
50 163 25
50 163 25
50 163 25
50 163 25
50 163 25
50 163 25
50 163 25
50 163 25
50 163 25
50 163 25
50 163 25
50 163 25
50 163 25
50 163 25
50 163 25
50 163 25
50 163 25
50 163 25
50 163 25
50 163 25
50 163 25
50 163 25
50 163 25
50 163 25
50 163 25
50 163 25
50 163 25
50 163 25
50 163 25
50 163 25
50 163 25
50 163 25
50 163 25
50 163 25
50 163 25
50 163 25
50 163 25
50 163 25
50 163 25
50 163 25
50 163 25
50 163 25
50 163 25
50 163 25
50 163 25
50 163 25
50 163 25
50 163 25
50 163 25
50 163 25
50 163 25
50 163 25
50 163 25
50 163 25
50 163 25
50 163 25
50 163 25
50 163 25
50 163 25
50 163 25
50 163 25
50 163 25
50 163 25
50 163 25
50 163 25
50 163 25
50 163 25
50 163 25
50 163 25
50 163 25
50 163 25
50 163 25
50 163 25
50 163 25
50 163 25
50 163 25
50 163 25
50 163 25
50 163 25
50 163 25
50 163 25
50 163 25
50 163 25
50 163 25
50 163 25
50 163 25
50 163 25
50 163 25
50 163 25
50 163 25
50 163 25
50 163 25
50 163 25
50 163 25
50 163 25
50 163 25
50 163 25
50 163 25
50 163 25
50 163 25
50 163 25
50 163 25
50 163 25
50 163 25
50 163 25
50 163 25
50 163 25
50 163 25
50 163 25
50 163 25
50 163 25
50 163 25
50 163 25
50 163 25
50 163 25
51 163 25
51 163 25
51 163 25
51 163 25
51 163 25
51 163 25
51 163 25
51 163 25
51 163 25
51 163 25
51 163 25
51 163 25
51 163 25
51 163 25
51 163 25
51 163 25
51 163 25
51 163 25
51 163 25
51 163 25
51 163 25
51 163 25
51 163 25
51 163 25
51 163 25
51 163 25
51 163 25
51 163 25
51 163 25
51 163 25
51 163 25
51 163 25
51 163 25
51 163 25
51 163 25
51 163 25
51 163 25
51 163 25
51 163 25
51 163 25
51 163 25
51 163 25
51 163 25
51 163 25
51 163 25
51 163 25
51 163 25
51 163 25
51 163 25
51 163 25
51 163 25
51 163 25
51 163 25
51 163 25
51 163 25
51 163 25
51 163 25
51 163 25
51 163 25
51 163 25
51 163 25
51 163 25
51 163 25
51 163 25
51 163 25
51 163 25
51 163 25
51 163 25
51 163 25
51 163 25
51 163 25
51 163 25
51 163 25
51 163 25
51 163 25
51 163 25
51 163 25
51 163 25
51 163 25
51 163 25
51 163 25
51 163 25
51 163 25
51 163 25
51 163 25
51 163 25
51 163 25
51 163 25
51 163 25
51 163 25
51 163 25
51 163 25
51 163 25
51 163 25
51 163 25
51 163 25
51 163 25
51 163 25
51 163 25
51 163 25
51 163 25
51 163 25
51 163 25
51 163 25
51 163 25
51 163 25
51 163 25
51 163 25
51 163 25
51 163 25
51 163 25
51 163 25
51 163 25
51 163 25
51 163 25
51 163 25
51 163 25
51 163 25
52 163 25
52 163 25
52 163 25
52 163 25
52 163 25
52 163 25
52 163 25
52 163 25
52 163 25
52 163 25
52 163 25
52 163 25
52 163 25
52 163 25
52 163 25
52 163 25
52 163 25
52 163 25
52 163 25
52 163 25
52 163 25
52 163 25
52 163 25
52 163 25
52 163 25
52 163 25
52 163 25
52 163 25
52 163 25
52 163 25
52 163 25
52 163 25
52 163 25
52 163 25
52 163 25
52 163 25
52 163 25
52 163 25
52 163 25
52 163 25
52 163 25
52 163 25
52 163 25
52 163 25
52 163 25
52 163 25
52 163 25
52 163 25
52 163 25
52 163 25
52 163 25
52 163 25
52 163 25
52 163 25
52 163 25
52 163 25
52 163 25
52 163 25
52 163 25
52 163 25
52 163 25
52 163 25
52 163 25
52 163 25
52 163 25
52 163 25
52 163 25
52 163 25
52 163 25
52 163 25
52 163 25
52 163 25
52 163 25
52 163 25
52 163 25
52 163 25
52 163 25
52 163 25
52 163 25
52 163 25
52 163 25
52 163 25
52 163 25
52 163 25
52 163 25
52 163 25
52 163 25
52 163 25
52 163 25
52 163 25
52 163 25
52 163 25
52 163 25
52 163 25
52 163 25
52 163 25
52 163 25
52 163 25
52 163 25
52 163 25
52 163 25
52 163 25
52 163 25
52 163 25
52 163 25
52 163 25
52 163 25
52 163 25
52 163 25
52 163 25
52 163 25
52 163 25
52 163 25
52 163 25
52 163 25
52 163 25
52 163 25
52 163 25
52 163 25
52 163 25
52 163 25
53 163 25
53 163 25
53 163 25
53 163 25
53 163 25
53 163 25
53 163 25
53 163 25
53 163 25
53 163 25
53 163 25
53 163 25
53 163 25
53 163 25
53 163 25
53 163 25
53 163 25
53 163 25
53 163 25
53 163 25
53 163 25
53 163 25
53 163 25
53 163 25
53 163 25
53 163 25
53 163 25
53 163 25
53 163 25
53 163 25
53 163 25
53 163 25
53 163 25
53 163 25
53 163 25
53 163 25
53 163 25
53 163 25
53 163 25
53 163 25
53 163 25
53 163 25
53 163 25
53 163 25
53 163 25
53 163 25
53 163 25
53 163 25
53 163 25
53 163 25
53 163 25
53 163 25
53 163 25
53 163 25
53 163 25
53 163 25
53 163 25
53 163 25
53 163 25
53 163 25
53 163 25
53 163 25
53 163 25
53 163 25
53 163 25
53 163 25
53 163 25
53 163 25
53 163 25
53 163 25
53 163 25
53 163 25
53 163 25
53 163 25
53 163 25
53 163 25
53 163 25
53 163 25
53 163 25
53 163 25
53 163 25
53 163 25
53 163 25
53 163 25
53 163 25
53 163 25
53 163 25
53 163 25
53 163 25
53 163 25
53 163 25
53 163 25
53 163 25
53 163 25
53 163 25
53 163 25
53 163 25
53 163 25
53 163 25
53 163 25
53 163 25
53 163 25
53 163 25
53 163 25
53 163 25
53 163 25
53 163 25
53 163 25
53 163 25
53 163 25
53 163 25
53 163 25
53 163 25
53 163 25
53 163 25
53 163 25
53 163 25
53 163 25
53 163 25
53 163 25
53 163 25
53 163 25
53 163 25
53 163 25
53 163 25
54 163 25
54 163 25
54 163 25
54 163 25
54 163 25
54 163 25
54 163 25
54 163 25
54 163 25
54 163 25
54 163 25
54 163 25
54 163 25
54 163 25
54 163 25
54 163 25
54 163 25
54 163 25
54 163 25
54 163 25
54 163 25
54 163 25
54 163 25
54 163 25
54 163 25
54 163 25
54 163 25
54 163 25
54 163 25
54 163 25
54 163 25
54 163 25
54 163 25
54 163 25
54 163 25
54 163 25
54 163 25
54 163 25
54 163 25
54 163 25
54 163 25
54 163 25
54 163 25
54 163 25
54 163 25
54 163 25
54 163 25
54 163 25
54 163 25
54 163 25
54 163 25
54 163 25
54 163 25
54 163 25
54 163 25
54 163 25
54 163 25
54 163 25
54 163 25
54 163 25
54 163 25
54 163 25
54 163 25
54 163 25
54 163 25
54 163 25
54 163 25
54 163 25
54 163 25
54 163 25
54 163 25
54 163 25
54 163 25
54 163 25
54 163 25
54 163 25
54 163 25
54 163 25
54 163 25
54 163 25
54 163 25
54 163 25
54 163 25
54 163 25
54 163 25
54 163 25
54 163 25
54 163 25
54 163 25
54 163 25
54 163 25
54 163 25
54 163 25
54 163 25
54 163 25
54 163 25
54 163 25
54 163 25
54 163 25
54 163 25
54 163 25
54 163 25
54 163 25
54 163 25
54 163 25
54 163 25
54 163 25
54 163 25
54 163 25
54 163 25
54 163 25
54 163 25
54 163 25
54 163 25
54 163 25
54 163 25
54 163 25
54 163 25
54 163 25
54 163 25
54 163 25
54 163 25
54 163 25
54 163 25
54 163 25
54 163 25
54 163 25
54 163 25
54 163 25
54 163 25
55 163 25
55 163 25
55 163 25
55 163 25
55 163 25
55 163 25
55 163 25
55 163 25
55 163 25
55 163 25
55 163 25
55 163 25
55 163 25
55 163 25
55 163 25
55 163 25
55 163 25
55 163 25
55 163 25
55 163 25
55 163 25
55 163 25
55 163 25
55 163 25
55 163 25
55 163 25
55 163 25
55 163 25
55 163 25
55 163 25
55 163 25
55 163 25
55 163 25
55 163 25
55 163 25
55 163 25
55 163 25
55 163 25
55 163 25
55 163 25
55 163 25
55 163 25
55 163 25
55 163 25
55 163 25
55 163 25
55 163 25
55 163 25
55 163 25
55 163 25
55 163 25
55 163 25
55 163 25
55 163 25
55 163 25
55 163 25
55 163 25
55 163 25
55 163 25
55 163 25
55 163 25
55 163 25
55 163 25
55 163 25
55 163 25
55 163 25
55 163 25
55 163 25
55 163 25
55 163 25
55 163 25
55 163 25
55 163 25
55 163 25
55 163 25
55 163 25
55 163 25
55 163 25
55 163 25
55 163 25
55 163 25
55 163 25
55 163 25
55 163 25
55 163 25
55 163 25
55 163 25
55 163 25
55 163 25
55 163 25
55 163 25
55 163 25
55 163 25
55 163 25
55 163 25
55 163 25
55 163 25
55 163 25
55 163 25
55 163 25
55 163 25
55 163 25
55 163 25
55 163 25
55 163 25
55 163 25
55 163 25
55 163 25
55 163 25
55 163 25
55 163 25
55 163 25
55 163 25
55 163 25
55 163 25
55 163 25
55 163 25
55 163 25
55 163 25
55 163 25
55 163 25
55 163 25
55 163 25
55 163 25
55 163 25
55 163 25
55 163 25
55 163 25
55 163 25
55 163 25
55 163 25
55 163 25
55 163 25
55 163 25
55 163 25
55 163 25
55 163 25
56 163 25
56 163 25
56 163 25
56 163 25
56 163 25
56 163 25
56 163 25
56 163 25
56 163 25
56 163 25
56 163 25
56 163 25
56 163 25
56 163 25
56 163 25
56 163 25
56 163 25
56 163 25
56 163 25
56 163 25
56 163 25
56 163 25
56 163 25
56 163 25
56 163 25
56 163 25
56 163 25
56 163 25
56 163 25
56 163 25
56 163 25
56 163 25
56 163 25
56 163 25
56 163 25
56 163 25
56 163 25
56 163 25
56 163 25
56 163 25
56 163 25
56 163 25
56 163 25
56 163 25
56 163 25
56 163 25
56 163 25
56 163 25
56 163 25
56 163 25
56 163 25
56 163 25
56 163 25
56 163 25
56 163 25
56 163 25
56 163 25
56 163 25
56 163 25
56 163 25
56 163 25
56 163 25
56 163 25
56 163 25
56 163 25
56 163 25
56 163 25
56 163 25
56 163 25
56 163 25
56 163 25
56 163 25
56 163 25
56 163 25
56 163 25
56 163 25
56 163 25
56 163 25
56 163 25
56 163 25
56 163 25
56 163 25
56 163 25
56 163 25
56 163 25
56 163 25
56 163 25
56 163 25
56 163 25
56 163 25
56 163 25
56 163 25
56 163 25
56 163 25
56 163 25
56 163 25
56 163 25
56 163 25
56 163 25
56 163 25
56 163 25
56 163 25
56 163 25
56 163 25
56 163 25
56 163 25
56 163 25
56 163 25
56 163 25
56 163 25
56 163 25
56 163 25
56 163 25
56 163 25
56 163 25
56 163 25
56 163 25
56 163 25
56 163 25
56 163 25
56 163 25
56 163 25
56 163 25
56 163 25
56 163 25
56 163 25
56 163 25
56 163 25
56 163 25
56 163 25
56 163 25
56 163 25
56 163 25
56 163 25
56 163 25
56 163 25
56 163 25
56 163 25
56 163 25
56 163 25
56 163 25
56 163 25
56 163 25
56 163 25
56 163 25
56 163 25
57 163 25
57 163 25
57 163 25
57 163 25
57 163 25
57 163 25
57 163 25
57 163 25
57 163 25
57 163 25
57 163 25
57 163 25
57 163 25
57 163 25
57 163 25
57 163 25
57 163 25
57 163 25
57 163 25
57 163 25
57 163 25
57 163 25
57 163 25
57 163 25
57 163 25
57 163 25
57 163 25
57 163 25
57 163 25
57 163 25
57 163 25
57 163 25
57 163 25
57 163 25
57 163 25
57 163 25
57 163 25
57 163 25
57 163 25
57 163 25
57 163 25
57 163 25
57 163 25
57 163 25
57 163 25
57 163 25
57 163 25
57 163 25
57 163 25
57 163 25
57 163 25
57 163 25
57 163 25
57 163 25
57 163 25
57 163 25
57 163 25
57 163 25
57 163 25
57 163 25
57 163 25
57 163 25
57 163 25
57 163 25
57 163 25
57 163 25
57 163 25
57 163 25
57 163 25
57 163 25
57 163 25
57 163 25
57 163 25
57 163 25
57 163 25
57 163 25
57 163 25
57 163 25
57 163 25
57 163 25
57 163 25
57 163 25
57 163 25
57 163 25
57 163 25
57 163 25
57 163 25
57 163 25
57 163 25
57 163 25
57 163 25
57 163 25
57 163 25
57 163 25
57 163 25
57 163 25
57 163 25
57 163 25
57 163 25
57 163 25
57 163 25
57 163 25
57 163 25
57 163 25
57 163 25
57 163 25
57 163 25
57 163 25
57 163 25
57 163 25
57 163 25
57 163 25
57 163 25
57 163 25
57 163 25
57 163 25
57 163 25
57 163 25
57 163 25
57 163 25
57 163 25
57 163 25
57 163 25
57 163 25
57 163 25
57 163 25
57 163 25
57 163 25
57 163 25
57 163 25
57 163 25
57 163 25
57 163 25
57 163 25
57 163 25
57 163 25
57 163 25
57 163 25
57 163 25
57 163 25
57 163 25
57 163 25
57 163 25
57 163 25
57 163 25
57 163 25
57 163 25
57 163 25
57 163 25
57 163 25
57 163 25
57 163 25
57 163 25
57 163 25
58 163 25
58 163 25
58 163 25
58 163 25
58 163 25
58 163 25
58 163 25
58 163 25
58 163 25
58 163 25
58 163 25
58 163 25
58 163 25
58 163 25
58 163 25
58 163 25
58 163 25
58 163 25
58 163 25
58 163 25
58 163 25
58 163 25
58 163 25
58 163 25
58 163 25
58 163 25
58 163 25
58 163 25
58 163 25
58 163 25
58 163 25
58 163 25
58 163 25
58 163 25
58 163 25
58 163 25
58 163 25
58 163 25
58 163 25
58 163 25
58 163 25
58 163 25
58 163 25
58 163 25
58 163 25
58 163 25
58 163 25
58 163 25
58 163 25
58 163 25
58 163 25
58 163 25
58 163 25
58 163 25
58 163 25
58 163 25
58 163 25
58 163 25
58 163 25
58 163 25
58 163 25
58 163 25
58 163 25
58 163 25
58 163 25
58 163 25
58 163 25
58 163 25
58 163 25
58 163 25
58 163 25
58 163 25
58 163 25
58 163 25
58 163 25
58 163 25
58 163 25
58 163 25
58 163 25
58 163 25
58 163 25
58 163 25
58 163 25
58 163 25
58 163 25
58 163 25
58 163 25
58 163 25
58 163 25
58 163 25
58 163 25
58 163 25
58 163 25
58 163 25
58 163 25
58 163 25
58 163 25
58 163 25
58 163 25
58 163 25
58 163 25
58 163 25
58 163 25
58 163 25
58 163 25
58 163 25
58 163 25
58 163 25
58 163 25
58 163 25
58 163 25
58 163 25
58 163 25
58 163 25
58 163 25
58 163 25
58 163 25
58 163 25
58 163 25
58 163 25
58 163 25
58 163 25
58 163 25
58 163 25
58 163 25
58 163 25
58 163 25
58 163 25
58 163 25
58 163 25
58 163 25
58 163 25
58 163 25
58 163 25
58 163 25
58 163 25
58 163 25
58 163 25
58 163 25
58 163 25
58 163 25
58 163 25
58 163 25
58 163 25
58 163 25
58 163 25
58 163 25
58 163 25
58 163 25
58 163 25
58 163 25
58 163 25
58 163 25
58 163 25
58 163 25
58 163 25
58 163 25
58 163 25
58 163 25
58 163 25
58 163 25
59 163 25
59 163 25
59 163 25
59 163 25
59 163 25
59 163 25
59 163 25
59 163 25
59 163 25
59 163 25
59 163 25
59 163 25
59 163 25
59 163 25
59 163 25
59 163 25
59 163 25
59 163 25
59 163 25
59 163 25
59 163 25
59 163 25
59 163 25
59 163 25
59 163 25
59 163 25
59 163 25
59 163 25
59 163 25
59 163 25
59 163 25
59 163 25
59 163 25
59 163 25
59 163 25
59 163 25
59 163 25
59 163 25
59 163 25
59 163 25
59 163 25
59 163 25
59 163 25
59 163 25
59 163 25
59 163 25
59 163 25
59 163 25
59 163 25
59 163 25
59 163 25
59 163 25
59 163 25
59 163 25
59 163 25
59 163 25
59 163 25
59 163 25
59 163 25
59 163 25
59 163 25
59 163 25
59 163 25
59 163 25
59 163 25
59 163 25
59 163 25
59 163 25
59 163 25
59 163 25
59 163 25
59 163 25
59 163 25
59 163 25
59 163 25
59 163 25
59 163 25
59 163 25
59 163 25
59 163 25
59 163 25
59 163 25
59 163 25
59 163 25
59 163 25
59 163 25
59 163 25
59 163 25
59 163 25
59 163 25
59 163 25
59 163 25
59 163 25
59 163 25
59 163 25
59 163 25
59 163 25
59 163 25
59 163 25
59 163 25
59 163 25
59 163 25
59 163 25
59 163 25
59 163 25
59 163 25
59 163 25
59 163 25
59 163 25
59 163 25
59 163 25
59 163 25
59 163 25
59 163 25
59 163 25
59 163 25
59 163 25
59 163 25
59 163 25
59 163 25
59 163 25
59 163 25
59 163 25
59 163 25
59 163 25
59 163 25
59 163 25
59 163 25
59 163 25
59 163 25
59 163 25
59 163 25
59 163 25
59 163 25
59 163 25
59 163 25
59 163 25
59 163 25
59 163 25
59 163 25
59 163 25
59 163 25
59 163 25
59 163 25
59 163 25
59 163 25
59 163 25
59 163 25
59 163 25
59 163 25
59 163 25
59 163 25
59 163 25
59 163 25
59 163 25
59 163 25
59 163 25
59 163 25
59 163 25
59 163 25
59 163 25
59 163 25
59 163 25
59 163 25
59 163 25
60 163 25
60 163 25
60 163 25
60 163 25
60 163 25
60 163 25
60 163 25
60 163 25
60 163 25
60 163 25
60 163 25
60 163 25
60 163 25
60 163 25
60 163 25
60 163 25
60 163 25
60 163 25
60 163 25
60 163 25
60 163 25
60 163 25
60 163 25
60 163 25
60 163 25
60 163 25
60 163 25
60 163 25
60 163 25
60 163 25
60 163 25
60 163 25
60 163 25
60 163 25
60 163 25
60 163 25
60 163 25
60 163 25
60 163 25
60 163 25
60 163 25
60 163 25
60 163 25
60 163 25
60 163 25
60 163 25
60 163 25
60 163 25
60 163 25
60 163 25
60 163 25
60 163 25
60 163 25
60 163 25
60 163 25
60 163 25
60 163 25
60 163 25
60 163 25
60 163 25
60 163 25
60 163 25
60 163 25
60 163 25
60 163 25
60 163 25
60 163 25
60 163 25
60 163 25
60 163 25
60 163 25
60 163 25
60 163 25
60 163 25
60 163 25
60 163 25
60 163 25
60 163 25
60 163 25
60 163 25
60 163 25
60 163 25
60 163 25
60 163 25
60 163 25
60 163 25
60 163 25
60 163 25
60 163 25
60 163 25
60 163 25
60 163 25
60 163 25
60 163 25
60 163 25
60 163 25
60 163 25
60 163 25
60 163 25
60 163 25
60 163 25
60 163 25
60 163 25
60 163 25
60 163 25
60 163 25
60 163 25
60 163 25
60 163 25
60 163 25
60 163 25
60 163 25
60 163 25
60 163 25
60 163 25
60 163 25
60 163 25
60 163 25
60 163 25
60 163 25
60 163 25
60 163 25
60 163 25
60 163 25
60 163 25
60 163 25
60 163 25
60 163 25
60 163 25
60 163 25
60 163 25
60 163 25
60 163 25
60 163 25
60 163 25
60 163 25
60 163 25
60 163 25
60 163 25
60 163 25
60 163 25
60 163 25
60 163 25
60 163 25
60 163 25
60 163 25
60 163 25
60 163 25
60 163 25
60 163 25
60 163 25
60 163 25
60 163 25
60 163 25
60 163 25
60 163 25
60 163 25
60 163 25
60 163 25
60 163 25
60 163 25
60 163 25
60 163 25
60 163 25
60 163 25
60 163 25
61 163 25
61 163 25
61 163 25
61 163 25
61 163 25
61 163 25
61 163 25
61 163 25
61 163 25
61 163 25
61 163 25
61 163 25
61 163 25
61 163 25
61 163 25
61 163 25
61 163 25
61 163 25
61 163 25
61 163 25
61 163 25
61 163 25
61 163 25
61 163 25
61 163 25
61 163 25
61 163 25
61 163 25
61 163 25
61 163 25
61 163 25
61 163 25
61 163 25
61 163 25
61 163 25
61 163 25
61 163 25
61 163 25
61 163 25
61 163 25
61 163 25
61 163 25
61 163 25
61 163 25
61 163 25
61 163 25
61 163 25
61 163 25
61 163 25
61 163 25
61 163 25
61 163 25
61 163 25
61 163 25
61 163 25
61 163 25
61 163 25
61 163 25
61 163 25
61 163 25
61 163 25
61 163 25
61 163 25
61 163 25
61 163 25
61 163 25
61 163 25
61 163 25
61 163 25
61 163 25
61 163 25
61 163 25
61 163 25
61 163 25
61 163 25
61 163 25
61 163 25
61 163 25
61 163 25
61 163 25
61 163 25
61 163 25
61 163 25
61 163 25
61 163 25
61 163 25
61 163 25
61 163 25
61 163 25
61 163 25
61 163 25
61 163 25
61 163 25
61 163 25
61 163 25
61 163 25
61 163 25
61 163 25
61 163 25
61 163 25
61 163 25
61 163 25
61 163 25
61 163 25
61 163 25
61 163 25
61 163 25
61 163 25
61 163 25
61 163 25
61 163 25
61 163 25
61 163 25
61 163 25
61 163 25
61 163 25
61 163 25
61 163 25
61 163 25
61 163 25
61 163 25
61 163 25
61 163 25
61 163 25
61 163 25
61 163 25
61 163 25
61 163 25
61 163 25
61 163 25
61 163 25
61 163 25
61 163 25
61 163 25
61 163 25
61 163 25
61 163 25
61 163 25
61 163 25
61 163 25
61 163 25
61 163 25
61 163 25
61 163 25
61 163 25
61 163 25
61 163 25
61 163 25
61 163 25
61 163 25
61 163 25
61 163 25
61 163 25
61 163 25
61 163 25
61 163 25
61 163 25
61 163 25
61 163 25
61 163 25
61 163 25
61 163 25
61 163 25
62 163 25
62 163 25
62 163 25
62 163 25
62 163 25
62 163 25
62 163 25
62 163 25
62 163 25
62 163 25
62 163 25
62 163 25
62 163 25
62 163 25
62 163 25
62 163 25
62 163 25
62 163 25
62 163 25
62 163 25
62 163 25
62 163 25
62 163 25
62 163 25
62 163 25
62 163 25
62 163 25
62 163 25
62 163 25
62 163 25
62 163 25
62 163 25
62 163 25
62 163 25
62 163 25
62 163 25
62 163 25
62 163 25
62 163 25
62 163 25
62 163 25
62 163 25
62 163 25
62 163 25
62 163 25
62 163 25
62 163 25
62 163 25
62 163 25
62 163 25
62 163 25
62 163 25
62 163 25
62 163 25
62 163 25
62 163 25
62 163 25
62 163 25
62 163 25
62 163 25
62 163 25
62 163 25
62 163 25
62 163 25
62 163 25
62 163 25
62 163 25
62 163 25
62 163 25
62 163 25
62 163 25
62 163 25
62 163 25
62 163 25
62 163 25
62 163 25
62 163 25
62 163 25
62 163 25
62 163 25
62 163 25
62 163 25
62 163 25
62 163 25
62 163 25
62 163 25
62 163 25
62 163 25
62 163 25
62 163 25
62 163 25
62 163 25
62 163 25
62 163 25
62 163 25
62 163 25
62 163 25
62 163 25
62 163 25
62 163 25
62 163 25
62 163 25
62 163 25
62 163 25
62 163 25
62 163 25
62 163 25
62 163 25
62 163 25
62 163 25
62 163 25
62 163 25
62 163 25
62 163 25
62 163 25
62 163 25
62 163 25
62 163 25
62 163 25
62 163 25
62 163 25
62 163 25
62 163 25
62 163 25
62 163 25
62 163 25
62 163 25
62 163 25
62 163 25
62 163 25
62 163 25
62 163 25
62 163 25
62 163 25
62 163 25
62 163 25
62 163 25
62 163 25
62 163 25
62 163 25
62 163 25
62 163 25
62 163 25
62 163 25
62 163 25
62 163 25
62 163 25
62 163 25
62 163 25
62 163 25
62 163 25
62 163 25
62 163 25
62 163 25
62 163 25
62 163 25
62 163 25
62 163 25
62 163 25
63 163 25
63 163 25
63 163 25
63 163 25
63 163 25
63 163 25
63 163 25
63 163 25
63 163 25
63 163 25
63 163 25
63 163 25
63 163 25
63 163 25
63 163 25
63 163 25
63 163 25
63 163 25
63 163 25
63 163 25
63 163 25
63 163 25
63 163 25
63 163 25
63 163 25
63 163 25
63 163 25
63 163 25
63 163 25
63 163 25
63 163 25
63 163 25
63 163 25
63 163 25
63 163 25
63 163 25
63 163 25
63 163 25
63 163 25
63 163 25
63 163 25
63 163 25
63 163 25
63 163 25
63 163 25
63 163 25
63 163 25
63 163 25
63 163 25
63 163 25
63 163 25
63 163 25
63 163 25
63 163 25
63 163 25
63 163 25
63 163 25
63 163 25
63 163 25
63 163 25
63 163 25
63 163 25
63 163 25
63 163 25
63 163 25
63 163 25
63 163 25
63 163 25
63 163 25
63 163 25
63 163 25
63 163 25
63 163 25
63 163 25
63 163 25
63 163 25
63 163 25
63 163 25
63 163 25
63 163 25
63 163 25
63 163 25
63 163 25
63 163 25
63 163 25
63 163 25
63 163 25
63 163 25
63 163 25
63 163 25
63 163 25
63 163 25
63 163 25
63 163 25
63 163 25
63 163 25
63 163 25
63 163 25
63 163 25
63 163 25
63 163 25
63 163 25
63 163 25
63 163 25
63 163 25
63 163 25
63 163 25
63 163 25
63 163 25
63 163 25
63 163 25
63 163 25
63 163 25
63 163 25
63 163 25
63 163 25
63 163 25
63 163 25
63 163 25
63 163 25
63 163 25
63 163 25
63 163 25
63 163 25
63 163 25
63 163 25
63 163 25
63 163 25
63 163 25
63 163 25
63 163 25
63 163 25
63 163 25
63 163 25
63 163 25
63 163 25
63 163 25
63 163 25
63 163 25
63 163 25
63 163 25
63 163 25
63 163 25
63 163 25
63 163 25
63 163 25
63 163 25
63 163 25
63 163 25
63 163 25
63 163 25
63 163 25
63 163 25
63 163 25
63 163 25
64 163 25
64 163 25
64 163 25
64 163 25
64 163 25
64 163 25
64 163 25
64 163 25
64 163 25
64 163 25
64 163 25
64 163 25
64 163 25
64 163 25
64 163 25
64 163 25
64 163 25
64 163 25
64 163 25
64 163 25
64 163 25
64 163 25
64 163 25
64 163 25
64 163 25
64 163 25
64 163 25
64 163 25
64 163 25
64 163 25
64 163 25
64 163 25
64 163 25
64 163 25
64 163 25
64 163 25
64 163 25
64 163 25
64 163 25
64 163 25
64 163 25
64 163 25
64 163 25
64 163 25
64 163 25
64 163 25
64 163 25
64 163 25
64 163 25
64 163 25
64 163 25
64 163 25
64 163 25
64 163 25
64 163 25
64 163 25
64 163 25
64 163 25
64 163 25
64 163 25
64 163 25
64 163 25
64 163 25
64 163 25
64 163 25
64 163 25
64 163 25
64 163 25
64 163 25
64 163 25
64 163 25
64 163 25
64 163 25
64 163 25
64 163 25
64 163 25
64 163 25
64 163 25
64 163 25
64 163 25
64 163 25
64 163 25
64 163 25
64 163 25
64 163 25
64 163 25
64 163 25
64 163 25
64 163 25
64 163 25
64 163 25
64 163 25
64 163 25
64 163 25
64 163 25
64 163 25
64 163 25
64 163 25
64 163 25
64 163 25
64 163 25
64 163 25
64 163 25
64 163 25
64 163 25
64 163 25
64 163 25
64 163 25
64 163 25
64 163 25
64 163 25
64 163 25
64 163 25
64 163 25
64 163 25
64 163 25
64 163 25
64 163 25
64 163 25
64 163 25
64 163 25
64 163 25
64 163 25
64 163 25
64 163 25
64 163 25
64 163 25
64 163 25
64 163 25
64 163 25
64 163 25
64 163 25
64 163 25
64 163 25
64 163 25
64 163 25
64 163 25
64 163 25
64 163 25
64 163 25
64 163 25
64 163 25
64 163 25
64 163 25
64 163 25
64 163 25
64 163 25
64 163 25
64 163 25
65 163 25
65 163 25
65 163 25
65 163 25
65 163 25
65 163 25
65 163 25
65 163 25
65 163 25
65 163 25
65 163 25
65 163 25
65 163 25
65 163 25
65 163 25
65 163 25
65 163 25
65 163 25
65 163 25
65 163 25
65 163 25
65 163 25
65 163 25
65 163 25
65 163 25
65 163 25
65 163 25
65 163 25
65 163 25
65 163 25
65 163 25
65 163 25
65 163 25
65 163 25
65 163 25
65 163 25
65 163 25
65 163 25
65 163 25
65 163 25
65 163 25
65 163 25
65 163 25
65 163 25
65 163 25
65 163 25
65 163 25
65 163 25
65 163 25
65 163 25
65 163 25
65 163 25
65 163 25
65 163 25
65 163 25
65 163 25
65 163 25
65 163 25
65 163 25
65 163 25
65 163 25
65 163 25
65 163 25
65 163 25
65 163 25
65 163 25
65 163 25
65 163 25
65 163 25
65 163 25
65 163 25
65 163 25
65 163 25
65 163 25
65 163 25
65 163 25
65 163 25
65 163 25
65 163 25
65 163 25
65 163 25
65 163 25
65 163 25
65 163 25
65 163 25
65 163 25
65 163 25
65 163 25
65 163 25
65 163 25
65 163 25
65 163 25
65 163 25
65 163 25
65 163 25
65 163 25
65 163 25
65 163 25
65 163 25
65 163 25
65 163 25
65 163 25
65 163 25
65 163 25
65 163 25
65 163 25
65 163 25
65 163 25
65 163 25
65 163 25
65 163 25
65 163 25
65 163 25
65 163 25
65 163 25
65 163 25
65 163 25
65 163 25
65 163 25
65 163 25
65 163 25
65 163 25
65 163 25
65 163 25
65 163 25
65 163 25
65 163 25
65 163 25
65 163 25
65 163 25
65 163 25
65 163 25
65 163 25
65 163 25
65 163 25
65 163 25
65 163 25
65 163 25
65 163 25
65 163 25
66 163 25
66 163 25
66 163 25
66 163 25
66 163 25
66 163 25
66 163 25
66 163 25
66 163 25
66 163 25
66 163 25
66 163 25
66 163 25
66 163 25
66 163 25
66 163 25
66 163 25
66 163 25
66 163 25
66 163 25
66 163 25
66 163 25
66 163 25
66 163 25
66 163 25
66 163 25
66 163 25
66 163 25
66 163 25
66 163 25
66 163 25
66 163 25
66 163 25
66 163 25
66 163 25
66 163 25
66 163 25
66 163 25
66 163 25
66 163 25
66 163 25
66 163 25
66 163 25
66 163 25
66 163 25
66 163 25
66 163 25
66 163 25
66 163 25
66 163 25
66 163 25
66 163 25
66 163 25
66 163 25
66 163 25
66 163 25
66 163 25
66 163 25
66 163 25
66 163 25
66 163 25
66 163 25
66 163 25
66 163 25
66 163 25
66 163 25
66 163 25
66 163 25
66 163 25
66 163 25
66 163 25
66 163 25
66 163 25
66 163 25
66 163 25
66 163 25
66 163 25
66 163 25
66 163 25
66 163 25
66 163 25
66 163 25
66 163 25
66 163 25
66 163 25
66 163 25
66 163 25
66 163 25
66 163 25
66 163 25
66 163 25
66 163 25
66 163 25
66 163 25
66 163 25
66 163 25
66 163 25
66 163 25
66 163 25
66 163 25
66 163 25
66 163 25
66 163 25
66 163 25
66 163 25
66 163 25
66 163 25
66 163 25
66 163 25
66 163 25
66 163 25
66 163 25
66 163 25
66 163 25
66 163 25
66 163 25
66 163 25
66 163 25
66 163 25
66 163 25
66 163 25
66 163 25
66 163 25
66 163 25
66 163 25
66 163 25
66 163 25
66 163 25
67 163 25
67 163 25
67 163 25
67 163 25
67 163 25
67 163 25
67 163 25
67 163 25
67 163 25
67 163 25
67 163 25
67 163 25
67 163 25
67 163 25
67 163 25
67 163 25
67 163 25
67 163 25
67 163 25
67 163 25
67 163 25
67 163 25
67 163 25
67 163 25
67 163 25
67 163 25
67 163 25
67 163 25
67 163 25
67 163 25
67 163 25
67 163 25
67 163 25
67 163 25
67 163 25
67 163 25
67 163 25
67 163 25
67 163 25
67 163 25
67 163 25
67 163 25
67 163 25
67 163 25
67 163 25
67 163 25
67 163 25
67 163 25
67 163 25
67 163 25
67 163 25
67 163 25
67 163 25
67 163 25
67 163 25
67 163 25
67 163 25
67 163 25
67 163 25
67 163 25
67 163 25
67 163 25
67 163 25
67 163 25
67 163 25
67 163 25
67 163 25
67 163 25
67 163 25
67 163 25
67 163 25
67 163 25
67 163 25
67 163 25
67 163 25
67 163 25
67 163 25
67 163 25
67 163 25
67 163 25
67 163 25
67 163 25
67 163 25
67 163 25
67 163 25
67 163 25
67 163 25
67 163 25
67 163 25
67 163 25
67 163 25
67 163 25
67 163 25
67 163 25
67 163 25
67 163 25
67 163 25
67 163 25
67 163 25
67 163 25
67 163 25
67 163 25
67 163 25
67 163 25
67 163 25
67 163 25
67 163 25
67 163 25
67 163 25
67 163 25
67 163 25
67 163 25
68 163 25
68 163 25
68 163 25
68 163 25
68 163 25
68 163 25
68 163 25
68 163 25
68 163 25
68 163 25
68 163 25
68 163 25
68 163 25
68 163 25
68 163 25
68 163 25
68 163 25
68 163 25
68 163 25
68 163 25
68 163 25
68 163 25
68 163 25
68 163 25
68 163 25
68 163 25
68 163 25
68 163 25
68 163 25
68 163 25
68 163 25
68 163 25
68 163 25
68 163 25
68 163 25
68 163 25
68 163 25
68 163 25
68 163 25
68 163 25
68 163 25
68 163 25
68 163 25
68 163 25
68 163 25
68 163 25
68 163 25
68 163 25
68 163 25
68 163 25
68 163 25
68 163 25
68 163 25
68 163 25
68 163 25
68 163 25
68 163 25
68 163 25
68 163 25
68 163 25
68 163 25
68 163 25
68 163 25
68 163 25
68 163 25
68 163 25
68 163 25
68 163 25
68 163 25
68 163 25
68 163 25
68 163 25
68 163 25
68 163 25
68 163 25
68 163 25
68 163 25
68 163 25
68 163 25
68 163 25
68 163 25
68 163 25
68 163 25
68 163 25
68 163 25
68 163 25
68 163 25
68 163 25
68 163 25
68 163 25
68 163 25
69 163 25
69 163 25
69 163 25
69 163 25
69 163 25
69 163 25
69 163 25
69 163 25
69 163 25
69 163 25
69 163 25
69 163 25
69 163 25
69 163 25
69 163 25
69 163 25
69 163 25
69 163 25
69 163 25
69 163 25
69 163 25
69 163 25
69 163 25
69 163 25
69 163 25
69 163 25
69 163 25
69 163 25
69 163 25
69 163 25
69 163 25
69 163 25
69 163 25
69 163 25
69 163 25
69 163 25
69 163 25
69 163 25
69 163 25
69 163 25
69 163 25
69 163 25
69 163 25
69 163 25
69 163 25
69 163 25
69 163 25
69 163 25
69 163 25
69 163 25
69 163 25
69 163 25
69 163 25
69 163 25
69 163 25
69 163 25
69 163 25
69 163 25
69 163 25
69 163 25
69 163 25
69 163 25
69 163 25
69 163 25
69 163 25
69 163 25
69 163 25
69 163 25
70 163 25
70 163 25
70 163 25
70 163 25
70 163 25
70 163 25
70 163 25
70 163 25
70 163 25
70 163 25
70 163 25
70 163 25
70 163 25
70 163 25
70 163 25
70 163 25
70 163 25
70 163 25
70 163 25
70 163 25
70 163 25
70 163 25
70 163 25
70 163 25
70 163 25
70 163 25
70 163 25
70 163 25
70 163 25
70 163 25
70 163 25
70 163 25
70 163 25
70 163 25
70 163 25
70 163 25
70 163 25
70 163 25
70 163 25
70 163 25
70 163 25
70 163 25
70 163 25
70 163 25
70 163 25
70 163 25
70 163 25
71 163 25
71 163 25
71 163 25
71 163 25
71 163 25
71 163 25
71 163 25
71 163 25
71 163 25
71 163 25
71 163 25
71 163 25
71 163 25
71 163 25
71 163 25
71 163 25
71 163 25
71 163 25
71 163 25
71 163 25
71 163 25
71 163 25
71 163 25
71 163 25
71 163 25
71 163 25
71 163 25
71 163 25
71 163 25
71 163 25
71 163 25
72 163 25
72 163 25
72 163 25
72 163 25
72 163 25
72 163 25
72 163 25
72 163 25
72 163 25
72 163 25
72 163 25
72 163 25
72 163 25
72 163 25
72 163 25
72 163 25
72 163 25
72 163 25
72 163 25
73 163 25
73 163 25
73 163 25
73 163 25
73 163 25
73 163 25
73 163 25
73 163 25
73 163 25
73 163 25
73 163 25
73 163 25
74 163 25
74 163 25
74 163 25
74 163 25
74 163 25
74 163 25
74 163 25
74 163 25
75 163 25
75 163 25
75 163 25
75 163 25
75 163 25
76 163 25
76 163 25
76 163 25
77 163 25
77 163 25
78 163 25
78 163 25
79 163 25
80 163 25
81 163 25
82 163 25
83 163 25
83 163 25
84 163 25
84 163 25
85 163 25
85 163 25
86 163 25
86 163 25
87 163 25
87 163 25
88 163 25
88 163 25
89 163 25
89 163 25
90 163 25
90 163 25
91 163 25
91 163 25
92 163 25
92 163 25
93 163 25
93 163 25
94 163 25
94 163 25
95 163 25
95 163 25
96 163 25
96 163 25
97 163 25
97 163 25
97 163 25
98 163 25
98 163 25
98 163 25
99 163 25
99 163 25
99 163 25
99 163 25
100 163 25
100 163 25
100 163 25
100 163 25
100 163 25
101 163 25
101 163 25
101 163 25
101 163 25
101 163 25
101 163 25
102 163 25
102 163 25
102 163 25
102 163 25
102 163 25
102 163 25
102 163 25
103 163 25
103 163 25
103 163 25
103 163 25
103 163 25
103 163 25
103 163 25
104 163 25
104 163 25
104 163 25
104 163 25
104 163 25
104 163 25
105 163 25
105 163 25
105 163 25
105 163 25
105 163 25
105 163 25
106 163 25
106 163 25
106 163 25
106 163 25
106 163 25
107 163 25
107 163 25
107 163 25
107 163 25
108 163 25
108 163 25
108 163 25
108 163 25
109 163 25
109 163 25
109 163 25
109 163 25
110 163 25
110 163 25
110 163 25
110 163 25
111 163 25
111 163 25
111 163 25
112 163 25
112 163 25
112 163 25
113 163 25
113 163 25
113 163 25
114 163 25
114 163 25
114 163 25
115 163 25
115 163 25
115 163 25
115 163 25
116 163 25
116 163 25
116 163 25
116 163 25
116 163 25
117 163 25
117 163 25
117 163 25
117 163 25
117 163 25
118 163 25
118 163 25
118 163 25
118 163 25
118 163 25
118 163 25
119 163 25
119 163 25
119 163 25
119 163 25
119 163 25
119 163 25
119 163 25
120 163 25
120 163 25
120 163 25
120 163 25
120 163 25
120 163 25
120 163 25
121 163 25
121 163 25
121 163 25
121 163 25
121 163 25
121 163 25
121 163 25
122 163 25
122 163 25
122 163 25
122 163 25
122 163 25
122 163 25
123 163 25
123 163 25
123 163 25
123 163 25
123 163 25
124 163 25
124 163 25
124 163 25
125 163 25
125 163 25
126 163 25
126 163 25
126 164 25
126 165 25
126 166 25
126 167 25
126 168 25
126 169 25
126 170 25
126 171 25
126 172 25
126 173 25
126 174 25
126 175 25
126 176 25
126 177 25
126 178 25
126 179 25
126 180 25
126 181 25
126 182 25
126 183 25
126 184 25
126 185 25
126 186 25
126 187 25
126 188 25
126 189 25
126 190 25
126 191 25
126 192 25
126 193 25
