156 171 120
156 171 120
156 171 120
156 171 120
156 171 120
156 171 120
156 171 120
156 171 120
156 171 120
156 171 120
156 171 120
156 171 120
156 171 120
156 171 120
156 171 120
156 171 120
156 171 120
156 171 120
156 171 120
156 171 120
156 171 120
156 171 120
156 171 120
155 171 2640
154 171 2640
153 171 2640
152 171 120
152 171 120
152 171 120
152 171 120
152 171 120
152 171 120
152 171 120
152 171 120
152 171 120
152 171 120
152 171 120
152 171 120
152 171 120
152 171 120
152 171 120
151 171 1680
150 171 1680
149 171 1680
148 171 120
148 171 120
148 171 120
148 171 120
148 171 120
148 171 120
148 171 120
148 171 120
148 171 120
147 171 960
146 171 960
145 171 960
144 171 120
144 171 120
144 171 120
144 171 120
144 171 120
144 171 120
143 171 600
143 171 120
142 171 600
141 171 600
140 171 600
139 171 120
139 171 120
139 171 120
138 171 240
138 171 120
137 171 240
136 171 240
135 171 240
134 171 120
134 171 120
133 171 120
133 171 120
132 171 120
132 171 120
131 171 120
131 171 120
131 171 120
130 171 240
130 171 120
129 171 240
129 171 120
128 171 240
128 171 120
128 171 120
127 171 360
127 171 120
126 171 360
126 171 120
125 171 360
125 171 120
124 171 360
124 171 120
123 171 360
123 171 120
122 171 360
121 171 360
120 171 360
119 171 120
119 171 120
118 171 120
118 171 120
117 171 120
117 171 120
116 171 120
115 171 120
114 171 120
113 171 120
112 171 120
111 171 120
110 171 120
109 171 120
108 171 120
107 171 120
106 171 120
105 171 120
104 171 120
103 171 120
102 171 120
101 171 120
100 171 120
99 171 120
99 172 120
99 173 120
99 174 120
119 194 120
118 194 120
117 194 120
116 194 120
115 194 120
114 194 120
113 194 120
112 194 120
111 194 120
110 194 120
109 194 120
108 194 120
107 194 120
106 194 120
105 194 120
104 194 120
103 194 120
102 194 120
101 194 120
100 194 120
99 194 120
99 193 120
99 192 120
99 191 120
99 190 120
99 189 120
99 188 120
99 187 120
99 186 120
99 185 120
99 184 120
99 183 120
99 182 120
99 181 120
99 180 120
99 179 120
99 178 120
99 177 120
99 176 120
99 175 120
96 114 120
97 114 120
98 114 120
99 114 120
99 115 120
99 116 120
99 117 120
99 118 120
99 119 120
99 120 120
99 121 120
99 122 120
99 123 120
99 124 120
99 125 120
99 126 120
99 127 120
99 128 120
99 129 120
99 130 120
99 130 120
99 131 120
99 131 120
99 132 120
99 132 120
99 133 120
99 133 120
99 134 120
99 134 120
99 135 120
99 135 120
99 136 120
99 136 120
99 137 120
99 138 120
99 138 120
99 139 120
99 139 120
99 140 120
99 140 120
99 141 120
99 141 120
99 142 120
99 142 120
99 142 120
99 143 240
99 143 120
99 144 240
99 144 120
99 145 240
99 146 240
99 147 240
99 148 120
99 148 120
99 149 120
99 149 120
99 150 120
99 150 120
99 151 120
99 151 120
99 152 120
99 152 120
99 153 120
99 153 120
99 154 120
99 154 120
99 155 120
99 155 120
99 156 120
99 156 120
99 157 120
99 158 120
99 159 120
99 160 120
99 161 120
99 162 120
99 163 120
99 163 120
99 164 120
99 164 120
99 165 120
99 166 120
99 167 120
99 168 120
99 169 120
99 170 120
95 114 120
94 114 120
93 114 120
92 114 120
91 114 120
90 114 120
89 114 120
88 114 120
87 114 120
86 114 120
85 114 120
84 114 120
83 114 120
83 114 120
82 114 120
82 114 120
81 114 120
81 114 120
80 114 120
80 114 120
80 114 120
79 114 240
79 114 120
78 114 240
78 114 120
77 114 240
77 114 120
77 114 120
76 114 360
76 114 120
75 114 360
75 114 120
74 114 360
74 114 120
73 114 360
73 114 120
72 114 360
72 114 120
71 114 360
71 114 120
71 114 120
70 114 480
70 114 120
69 114 480
69 114 120
69 114 120
69 114 120
68 114 720
68 114 120
67 114 720
67 114 120
67 114 120
66 114 840
66 114 120
65 114 840
65 114 120
64 114 840
64 114 120
63 114 840
63 114 120
62 114 840
62 114 120
61 114 840
61 114 120
60 114 840
60 114 120
60 114 120
59 114 960
59 114 120
59 114 120
58 114 1080
58 114 120
58 114 120
57 114 1200
57 114 120
56 114 1200
56 114 120
55 114 1200
55 114 120
54 114 1200
53 114 1200
52 114 1200
51 114 120
51 114 120
51 114 120
51 114 120
51 114 120
51 114 120
51 114 120
50 114 720
50 114 120
49 114 720
48 114 720
47 114 720
46 114 120
46 114 120
46 114 120
46 114 120
46 114 120
46 114 120
46 114 120
45 114 720
45 114 120
45 114 120
44 114 840
44 114 120
44 114 120
43 114 960
43 114 120
43 114 120
42 114 1080
42 114 120
41 114 1080
41 114 120
41 114 120
40 114 1200
39 114 1200
38 114 1200
37 114 120
37 114 120
37 114 120
37 114 120
37 114 120
37 114 120
37 114 120
37 115 720
37 116 720
37 117 720
37 118 120
37 118 120
37 118 120
37 118 120
37 118 120
37 118 120
37 118 120
37 119 720
37 119 120
37 119 120
37 120 840
37 120 120
37 120 120
37 121 960
37 121 120
37 121 120
37 122 1080
37 122 120
37 123 1080
37 124 1080
37 125 1080
37 126 120
37 126 120
37 126 120
37 126 120
37 126 120
37 127 480
37 128 480
37 129 480
37 130 120
37 130 120
37 131 120
37 131 120
37 132 120
37 132 120
36 132 120
36 132 120
35 132 120
34 132 120
33 132 120
32 132 120
31 132 120
30 132 120
29 132 120
28 132 120
27 132 120
26 132 120
25 132 120
24 132 120
23 132 120
22 132 120
21 132 120
20 132 120
19 132 120
18 132 120
17 132 120
16 132 120
15 132 120
14 132 120
13 132 120
12 132 120
11 132 120
10 132 120
9 132 120
8 132 120
8 131 120
8 130 120
8 129 120
8 128 120
8 127 120
8 126 120
8 125 120
8 124 120
8 123 120
9 123 120
10 123 120
11 123 120
12 123 120
12 124 120
12 125 120
12 126 120
12 127 120
12 128 120
12 129 120
12 130 120
12 131 120
12 133 120
12 134 120
12 135 120
12 136 120
12 137 120
12 138 120
12 139 120
12 140 120
12 141 120
12 142 120
12 143 120
12 144 120
12 145 120
12 146 120
12 147 120
12 148 120
12 149 120
12 150 120
12 151 120
12 152 120
12 153 120
12 154 120
12 155 120
12 156 120
12 157 120
12 158 120
12 159 120
12 160 120
12 161 120
12 162 120
12 163 120
7 123 120
6 123 120
5 123 120
4 123 120
4 122 120
4 121 120
4 120 120
4 119 120
4 118 120
4 117 120
4 116 120
4 115 120
4 114 120
4 113 120
4 112 120
4 111 120
4 110 120
4 109 120
4 108 120
4 107 120
4 106 120
4 105 120
4 104 120
4 103 120
4 102 120
4 101 120
4 100 120
4 99 120
4 98 120
4 97 120
4 97 120
4 96 120
4 96 120
4 96 120
4 95 240
4 95 120
4 95 120
4 94 360
4 94 120
4 93 360
4 93 120
4 93 120
4 92 480
4 91 480
4 90 480
4 89 120
4 89 120
4 89 120
4 89 120
4 88 360
4 88 120
4 87 360
4 87 120
4 86 360
4 86 120
4 85 360
4 85 120
4 84 360
4 84 120
4 83 360
4 83 120
4 82 360
4 82 120
4 81 360
4 80 360
4 79 360
4 78 120
4 78 120
4 77 120
4 77 120
4 76 120
4 76 120
4 75 120
4 75 120
4 75 120
4 74 240
4 74 120
4 73 240
4 73 120
4 72 240
4 72 120
4 72 120
4 71 360
4 71 120
4 70 360
4 70 120
4 69 360
4 69 120
4 69 120
4 68 480
4 68 120
4 67 480
4 67 120
4 67 120
4 66 600
4 66 120
4 66 120
4 65 720
4 65 120
4 64 720
4 64 120
4 63 720
4 63 120
4 62 720
4 61 720
4 60 720
4 59 120
4 59 120
4 59 120
4 59 120
4 58 360
4 57 360
4 56 360
4 55 120
4 55 120
4 54 120
4 54 120
4 53 120
4 52 120
4 51 120
4 50 120
4 49 120
4 48 120
4 47 120
4 46 120
4 45 120
4 44 120
4 43 120
4 42 120
4 41 120
4 40 120
4 39 120
4 38 120
4 37 120
4 36 120
4 35 120
4 34 120
4 33 120
4 32 120
4 31 120
4 30 120
4 29 120
4 28 120
4 27 120
4 26 120
4 25 120
4 24 120
4 23 120
4 22 120
4 21 120
4 20 120
4 19 120
4 18 120
4 17 120
4 16 120
4 15 120
4 14 120
4 13 120
4 12 120
4 11 120
4 10 120
4 9 120
4 8 120
4 7 120
4 6 120
4 5 120
4 4 120
4 3 120
4 2 120
4 1 120
140 42 120
141 42 120
142 42 120
143 42 120
144 42 120
144 43 120
144 44 120
144 45 120
144 46 120
144 47 120
144 48 120
144 49 120
144 50 120
144 51 120
144 52 120
144 53 120
144 54 120
144 55 120
144 56 120
144 57 120
144 58 120
144 59 120
144 60 120
144 61 120
144 62 120
144 63 120
144 64 120
144 65 120
144 66 120
144 67 120
144 68 120
144 69 120
144 70 120
144 71 120
144 72 120
144 73 120
144 74 120
144 75 120
144 76 120
144 77 120
144 78 120
144 79 120
144 80 120
144 81 120
144 82 120
144 83 120
144 84 120
144 85 120
144 86 120
144 87 120
144 88 120
144 89 120
144 90 120
144 91 120
144 92 120
144 93 120
144 94 120
