5 191 50
6 191 50
7 191 50
8 191 50
9 191 50
10 191 50
11 191 50
12 191 50
13 191 50
14 191 50
15 191 50
16 191 50
17 191 50
18 191 50
19 191 50
19 191 50
20 191 50
20 191 50
21 191 50
21 191 50
21 191 50
22 191 50
22 191 50
22 191 50
22 191 50
23 191 50
23 191 50
23 191 50
23 191 50
23 191 50
24 191 50
24 191 50
24 191 50
24 191 50
24 191 50
24 191 50
24 191 50
24 191 50
25 191 50
25 191 50
25 191 50
25 191 50
25 191 50
25 191 50
25 191 50
25 191 50
25 191 50
25 191 50
25 191 50
26 191 50
26 191 50
26 191 50
26 191 50
26 191 50
26 191 50
26 191 50
26 191 50
26 191 50
26 191 50
26 191 50
26 191 50
26 191 50
26 191 50
26 191 50
27 191 50
27 191 50
27 191 50
27 191 50
27 191 50
27 191 50
27 191 50
27 191 50
27 191 50
27 191 50
27 191 50
27 191 50
27 191 50
27 191 50
27 191 50
27 191 50
27 191 50
27 191 50
27 191 50
27 191 50
28 191 50
28 191 50
28 191 50
28 191 50
28 191 50
28 191 50
28 191 50
28 191 50
28 191 50
28 191 50
28 191 50
28 191 50
28 191 50
28 191 50
28 191 50
28 191 50
28 191 50
28 191 50
28 191 50
28 191 50
28 191 50
28 191 50
28 191 50
28 191 50
28 191 50
28 191 50
29 191 50
29 191 50
29 191 50
29 191 50
29 191 50
29 191 50
29 191 50
29 191 50
29 191 50
29 191 50
29 191 50
29 191 50
29 191 50
29 191 50
29 191 50
29 191 50
29 191 50
29 191 50
29 191 50
29 191 50
29 191 50
29 191 50
29 191 50
29 191 50
29 191 50
29 191 50
29 191 50
29 191 50
29 191 50
29 191 50
29 191 50
29 191 50
29 191 50
30 191 50
30 191 50
30 191 50
30 191 50
30 191 50
30 191 50
30 191 50
30 191 50
30 191 50
30 191 50
30 191 50
30 191 50
30 191 50
30 191 50
30 191 50
30 191 50
30 191 50
30 191 50
30 191 50
30 191 50
30 191 50
30 191 50
30 191 50
30 191 50
30 191 50
30 191 50
30 191 50
30 191 50
30 191 50
30 191 50
30 191 50
30 191 50
30 191 50
30 191 50
30 191 50
30 191 50
30 191 50
30 191 50
30 191 50
30 191 50
31 191 50
31 191 50
31 191 50
31 191 50
31 191 50
31 191 50
31 191 50
31 191 50
31 191 50
31 191 50
31 191 50
31 191 50
31 191 50
31 191 50
31 191 50
31 191 50
31 191 50
31 191 50
31 191 50
31 191 50
31 191 50
31 191 50
31 191 50
31 191 50
31 191 50
31 191 50
31 191 50
31 191 50
31 191 50
31 191 50
31 191 50
31 191 50
31 191 50
31 191 50
31 191 50
31 191 50
31 191 50
31 191 50
31 191 50
31 191 50
31 191 50
31 191 50
31 191 50
31 191 50
31 191 50
31 191 50
31 191 50
32 191 50
32 191 50
32 191 50
32 191 50
32 191 50
32 191 50
32 191 50
32 191 50
32 191 50
32 191 50
32 191 50
32 191 50
32 191 50
32 191 50
32 191 50
32 191 50
32 191 50
32 191 50
32 191 50
32 191 50
32 191 50
32 191 50
32 191 50
32 191 50
32 191 50
32 191 50
32 191 50
32 191 50
32 191 50
32 191 50
32 191 50
32 191 50
32 191 50
32 191 50
32 191 50
32 191 50
32 191 50
32 191 50
32 191 50
32 191 50
32 191 50
32 191 50
32 191 50
32 191 50
32 191 50
32 191 50
32 191 50
32 191 50
32 191 50
32 191 50
32 191 50
32 191 50
32 191 50
32 191 50
33 191 50
33 191 50
33 191 50
33 191 50
33 191 50
33 191 50
33 191 50
33 191 50
33 191 50
33 191 50
33 191 50
33 191 50
33 191 50
33 191 50
33 191 50
33 191 50
33 191 50
33 191 50
33 191 50
33 191 50
33 191 50
33 191 50
33 191 50
33 191 50
33 191 50
33 191 50
33 191 50
33 191 50
33 191 50
33 191 50
33 191 50
33 191 50
33 191 50
33 191 50
33 191 50
33 191 50
33 191 50
33 191 50
33 191 50
33 191 50
33 191 50
33 191 50
33 191 50
33 191 50
33 191 50
33 191 50
33 191 50
33 191 50
33 191 50
33 191 50
33 191 50
33 191 50
33 191 50
33 191 50
33 191 50
33 191 50
33 191 50
33 191 50
33 191 50
33 191 50
34 191 50
34 191 50
34 191 50
34 191 50
34 191 50
34 191 50
34 191 50
34 191 50
34 191 50
34 191 50
34 191 50
34 191 50
34 191 50
34 191 50
34 191 50
34 191 50
34 191 50
34 191 50
34 191 50
34 191 50
34 191 50
34 191 50
34 191 50
34 191 50
34 191 50
34 191 50
34 191 50
34 191 50
34 191 50
34 191 50
34 191 50
34 191 50
34 191 50
34 191 50
34 191 50
34 191 50
34 191 50
34 191 50
34 191 50
34 191 50
34 191 50
34 191 50
34 191 50
34 191 50
34 191 50
34 191 50
34 191 50
34 191 50
34 191 50
34 191 50
34 191 50
34 191 50
34 191 50
34 191 50
34 191 50
34 191 50
34 191 50
34 191 50
34 191 50
34 191 50
34 191 50
34 191 50
34 191 50
34 191 50
34 191 50
34 191 50
35 191 50
35 191 50
35 191 50
35 191 50
35 191 50
35 191 50
35 191 50
35 191 50
35 191 50
35 191 50
35 191 50
35 191 50
35 191 50
35 191 50
35 191 50
35 191 50
35 191 50
35 191 50
35 191 50
35 191 50
35 191 50
35 191 50
35 191 50
35 191 50
35 191 50
35 191 50
35 191 50
35 191 50
35 191 50
35 191 50
35 191 50
35 191 50
35 191 50
35 191 50
35 191 50
35 191 50
35 191 50
35 191 50
35 191 50
35 191 50
35 191 50
35 191 50
35 191 50
35 191 50
35 191 50
35 191 50
35 191 50
35 191 50
35 191 50
35 191 50
35 191 50
35 191 50
35 191 50
35 191 50
35 191 50
35 191 50
35 191 50
35 191 50
35 191 50
35 191 50
35 191 50
35 191 50
35 191 50
35 191 50
35 191 50
35 191 50
35 191 50
35 191 50
35 191 50
35 191 50
35 191 50
36 191 50
36 191 50
36 191 50
36 191 50
36 191 50
36 191 50
36 191 50
36 191 50
36 191 50
36 191 50
36 191 50
36 191 50
36 191 50
36 191 50
36 191 50
36 191 50
36 191 50
36 191 50
36 191 50
36 191 50
36 191 50
36 191 50
36 191 50
36 191 50
36 191 50
36 191 50
36 191 50
36 191 50
36 191 50
36 191 50
36 191 50
36 191 50
36 191 50
36 191 50
36 191 50
36 191 50
36 191 50
36 191 50
36 191 50
36 191 50
36 191 50
36 191 50
36 191 50
36 191 50
36 191 50
36 191 50
36 191 50
36 191 50
36 191 50
36 191 50
36 191 50
36 191 50
36 191 50
36 191 50
36 191 50
36 191 50
36 191 50
36 191 50
36 191 50
36 191 50
36 191 50
36 191 50
36 191 50
36 191 50
36 191 50
36 191 50
36 191 50
36 191 50
36 191 50
36 191 50
36 191 50
36 191 50
36 191 50
36 191 50
37 191 50
37 191 50
37 191 50
37 191 50
37 191 50
37 191 50
37 191 50
37 191 50
37 191 50
37 191 50
37 191 50
37 191 50
37 191 50
37 191 50
37 191 50
37 191 50
37 191 50
37 191 50
37 191 50
37 191 50
37 191 50
37 191 50
37 191 50
37 191 50
37 191 50
37 191 50
37 191 50
37 191 50
37 191 50
37 191 50
37 191 50
37 191 50
37 191 50
37 191 50
37 191 50
37 191 50
37 191 50
37 191 50
37 191 50
37 191 50
37 191 50
37 191 50
37 191 50
37 191 50
37 191 50
37 191 50
37 191 50
37 191 50
37 191 50
37 191 50
37 191 50
37 191 50
37 191 50
37 191 50
37 191 50
37 191 50
37 191 50
37 191 50
37 191 50
37 191 50
37 191 50
37 191 50
37 191 50
37 191 50
37 191 50
37 191 50
37 191 50
37 191 50
37 191 50
37 191 50
37 191 50
37 191 50
37 191 50
37 191 50
37 191 50
37 191 50
38 191 50
38 191 50
38 191 50
38 191 50
38 191 50
38 191 50
38 191 50
38 191 50
38 191 50
38 191 50
38 191 50
38 191 50
38 191 50
38 191 50
38 191 50
38 191 50
38 191 50
38 191 50
38 191 50
38 191 50
38 191 50
38 191 50
38 191 50
38 191 50
38 191 50
38 191 50
38 191 50
38 191 50
38 191 50
38 191 50
38 191 50
38 191 50
38 191 50
38 191 50
38 191 50
38 191 50
38 191 50
38 191 50
38 191 50
38 191 50
38 191 50
38 191 50
38 191 50
38 191 50
38 191 50
38 191 50
38 191 50
38 191 50
38 191 50
38 191 50
38 191 50
38 191 50
38 191 50
38 191 50
38 191 50
38 191 50
38 191 50
38 191 50
38 191 50
38 191 50
38 191 50
38 191 50
38 191 50
38 191 50
38 191 50
38 191 50
38 191 50
38 191 50
38 191 50
38 191 50
38 191 50
38 191 50
38 191 50
38 191 50
38 191 50
38 191 50
38 191 50
39 191 50
39 191 50
39 191 50
39 191 50
39 191 50
39 191 50
39 191 50
39 191 50
39 191 50
39 191 50
39 191 50
39 191 50
39 191 50
39 191 50
39 191 50
39 191 50
39 191 50
39 191 50
39 191 50
39 191 50
39 191 50
39 191 50
39 191 50
39 191 50
39 191 50
39 191 50
39 191 50
39 191 50
39 191 50
39 191 50
39 191 50
39 191 50
39 191 50
39 191 50
39 191 50
39 191 50
39 191 50
39 191 50
39 191 50
39 191 50
39 191 50
39 191 50
39 191 50
39 191 50
39 191 50
39 191 50
39 191 50
39 191 50
39 191 50
39 191 50
39 191 50
39 191 50
39 191 50
39 191 50
39 191 50
39 191 50
39 191 50
39 191 50
39 191 50
39 191 50
39 191 50
39 191 50
39 191 50
39 191 50
39 191 50
39 191 50
39 191 50
39 191 50
39 191 50
39 191 50
39 191 50
39 191 50
39 191 50
39 191 50
39 191 50
39 191 50
39 191 50
40 191 50
40 191 50
40 191 50
40 191 50
40 191 50
40 191 50
40 191 50
40 191 50
40 191 50
40 191 50
40 191 50
40 191 50
40 191 50
40 191 50
40 191 50
40 191 50
40 191 50
40 191 50
40 191 50
40 191 50
40 191 50
40 191 50
40 191 50
40 191 50
40 191 50
40 191 50
40 191 50
40 191 50
40 191 50
40 191 50
40 191 50
40 191 50
40 191 50
40 191 50
40 191 50
40 191 50
40 191 50
40 191 50
40 191 50
40 191 50
40 191 50
40 191 50
40 191 50
40 191 50
40 191 50
40 191 50
40 191 50
40 191 50
40 191 50
40 191 50
40 191 50
40 191 50
40 191 50
40 191 50
40 191 50
40 191 50
40 191 50
40 191 50
40 191 50
40 191 50
40 191 50
40 191 50
40 191 50
40 191 50
40 191 50
40 191 50
40 191 50
40 191 50
40 191 50
40 191 50
40 191 50
40 191 50
40 191 50
40 191 50
40 191 50
41 191 50
41 191 50
41 191 50
41 191 50
41 191 50
41 191 50
41 191 50
41 191 50
41 191 50
41 191 50
41 191 50
41 191 50
41 191 50
41 191 50
41 191 50
41 191 50
41 191 50
41 191 50
41 191 50
41 191 50
41 191 50
41 191 50
41 191 50
41 191 50
41 191 50
41 191 50
41 191 50
41 191 50
41 191 50
41 191 50
41 191 50
41 191 50
41 191 50
41 191 50
41 191 50
41 191 50
41 191 50
41 191 50
41 191 50
41 191 50
41 191 50
41 191 50
41 191 50
41 191 50
41 191 50
41 191 50
41 191 50
41 191 50
41 191 50
41 191 50
41 191 50
41 191 50
41 191 50
41 191 50
41 191 50
41 191 50
41 191 50
41 191 50
41 191 50
41 191 50
41 191 50
41 191 50
41 191 50
41 191 50
41 191 50
41 191 50
41 191 50
41 191 50
41 191 50
41 191 50
41 191 50
42 191 50
42 191 50
42 191 50
42 191 50
42 191 50
42 191 50
42 191 50
42 191 50
42 191 50
42 191 50
42 191 50
42 191 50
42 191 50
42 191 50
42 191 50
42 191 50
42 191 50
42 191 50
42 191 50
42 191 50
42 191 50
42 191 50
42 191 50
42 191 50
42 191 50
42 191 50
42 191 50
42 191 50
42 191 50
42 191 50
42 191 50
42 191 50
42 191 50
42 191 50
42 191 50
42 191 50
42 191 50
42 191 50
42 191 50
42 191 50
42 191 50
42 191 50
42 191 50
42 191 50
42 191 50
42 191 50
42 191 50
42 191 50
42 191 50
42 191 50
42 191 50
42 191 50
42 191 50
42 191 50
42 191 50
42 191 50
42 191 50
42 191 50
42 191 50
42 191 50
42 191 50
42 191 50
42 191 50
42 191 50
42 191 50
42 191 50
42 191 50
43 191 50
43 191 50
43 191 50
43 191 50
43 191 50
43 191 50
43 191 50
43 191 50
43 191 50
43 191 50
43 191 50
43 191 50
43 191 50
43 191 50
43 191 50
43 191 50
43 191 50
43 191 50
43 191 50
43 191 50
43 191 50
43 191 50
43 191 50
43 191 50
43 191 50
43 191 50
43 191 50
43 191 50
43 191 50
43 191 50
43 191 50
43 191 50
43 191 50
43 191 50
43 191 50
43 191 50
43 191 50
43 191 50
43 191 50
43 191 50
43 191 50
43 191 50
43 191 50
43 191 50
43 191 50
43 191 50
43 191 50
43 191 50
43 191 50
43 191 50
43 191 50
43 191 50
43 191 50
43 191 50
43 191 50
43 191 50
43 191 50
43 191 50
43 191 50
43 191 50
43 191 50
44 191 50
44 191 50
44 191 50
44 191 50
44 191 50
44 191 50
44 191 50
44 191 50
44 191 50
44 191 50
44 191 50
44 191 50
44 191 50
44 191 50
44 191 50
44 191 50
44 191 50
44 191 50
44 191 50
44 191 50
44 191 50
44 191 50
44 191 50
44 191 50
44 191 50
44 191 50
44 191 50
44 191 50
44 191 50
44 191 50
44 191 50
44 191 50
44 191 50
44 191 50
44 191 50
44 191 50
44 191 50
44 191 50
44 191 50
44 191 50
44 191 50
44 191 50
44 191 50
44 191 50
44 191 50
44 191 50
44 191 50
44 191 50
44 191 50
44 191 50
44 191 50
44 191 50
44 191 50
44 191 50
45 191 50
45 191 50
45 191 50
45 191 50
45 191 50
45 191 50
45 191 50
45 191 50
45 191 50
45 191 50
45 191 50
45 191 50
45 191 50
45 191 50
45 191 50
45 191 50
45 191 50
45 191 50
45 191 50
45 191 50
45 191 50
45 191 50
45 191 50
45 191 50
45 191 50
45 191 50
45 191 50
45 191 50
45 191 50
45 191 50
45 191 50
45 191 50
45 191 50
45 191 50
45 191 50
45 191 50
45 191 50
45 191 50
45 191 50
45 191 50
45 191 50
45 191 50
45 191 50
45 191 50
45 191 50
45 191 50
46 191 50
46 191 50
46 191 50
46 191 50
46 191 50
46 191 50
46 191 50
46 191 50
46 191 50
46 191 50
46 191 50
46 191 50
46 191 50
46 191 50
46 191 50
46 191 50
46 191 50
46 191 50
46 191 50
46 191 50
46 191 50
46 191 50
46 191 50
46 191 50
46 191 50
46 191 50
46 191 50
46 191 50
46 191 50
46 191 50
46 191 50
46 191 50
46 191 50
46 191 50
46 191 50
46 191 50
46 191 50
46 191 50
46 191 50
47 191 50
47 191 50
47 191 50
47 191 50
47 191 50
47 191 50
47 191 50
47 191 50
47 191 50
47 191 50
47 191 50
47 191 50
47 191 50
47 191 50
47 191 50
47 191 50
47 191 50
47 191 50
47 191 50
47 191 50
47 191 50
47 191 50
47 191 50
47 191 50
47 191 50
47 191 50
47 191 50
47 191 50
47 191 50
47 191 50
47 191 50
48 191 50
48 191 50
48 191 50
48 191 50
48 191 50
48 191 50
48 191 50
48 191 50
48 191 50
48 191 50
48 191 50
48 191 50
48 191 50
48 191 50
48 191 50
48 191 50
48 191 50
48 191 50
48 191 50
48 191 50
48 191 50
48 191 50
48 191 50
48 191 50
49 191 50
49 191 50
49 191 50
49 191 50
49 191 50
49 191 50
49 191 50
49 191 50
49 191 50
49 191 50
49 191 50
49 191 50
49 191 50
49 191 50
49 191 50
49 191 50
49 191 50
49 191 50
50 191 50
50 191 50
50 191 50
50 191 50
50 191 50
50 191 50
50 191 50
50 191 50
50 191 50
50 191 50
50 191 50
50 191 50
50 191 50
51 191 50
51 191 50
51 191 50
51 191 50
51 191 50
51 191 50
51 191 50
51 191 50
51 191 50
51 191 50
52 191 50
52 191 50
52 191 50
52 191 50
52 191 50
52 191 50
52 191 50
53 191 50
53 191 50
53 191 50
53 191 50
53 191 50
53 191 50
54 191 50
54 191 50
54 191 50
54 191 50
54 191 50
55 191 50
55 191 50
55 191 50
55 191 50
56 191 50
56 191 50
56 191 50
57 191 50
57 191 50
57 191 50
58 191 50
58 191 50
58 191 50
59 191 50
59 191 50
59 191 50
60 191 50
60 191 50
60 191 50
61 191 50
61 191 50
61 191 50
61 191 50
62 191 50
62 191 50
62 191 50
62 191 50
63 191 50
63 191 50
63 191 50
63 191 50
63 191 50
64 191 50
64 191 50
64 191 50
64 191 50
64 191 50
64 191 50
65 191 50
65 191 50
65 191 50
65 191 50
65 191 50
65 191 50
65 191 50
66 191 50
66 191 50
66 191 50
66 191 50
66 191 50
66 191 50
66 191 50
66 191 50
67 191 50
67 191 50
67 191 50
67 191 50
67 191 50
67 191 50
67 191 50
67 191 50
67 191 50
68 191 50
68 191 50
68 191 50
68 191 50
68 191 50
68 191 50
68 191 50
68 191 50
68 191 50
68 191 50
69 191 50
69 191 50
69 191 50
69 191 50
69 191 50
69 191 50
69 191 50
69 191 50
69 191 50
69 191 50
69 191 50
70 191 50
70 191 50
70 191 50
70 191 50
70 191 50
70 191 50
70 191 50
70 191 50
70 191 50
70 191 50
70 191 50
70 191 50
71 191 50
71 191 50
71 191 50
71 191 50
71 191 50
71 191 50
71 191 50
71 191 50
71 191 50
71 191 50
71 191 50
71 191 50
72 191 50
72 191 50
72 191 50
72 191 50
72 191 50
72 191 50
72 191 50
72 191 50
72 191 50
72 191 50
72 191 50
72 191 50
72 191 50
73 191 50
73 191 50
73 191 50
73 191 50
73 191 50
73 191 50
73 191 50
73 191 50
73 191 50
73 191 50
73 191 50
73 191 50
73 191 50
74 191 50
74 191 50
74 191 50
74 191 50
74 191 50
74 191 50
74 191 50
74 191 50
74 191 50
74 191 50
74 191 50
74 191 50
75 191 50
75 191 50
75 191 50
75 191 50
75 191 50
75 191 50
75 191 50
75 191 50
75 191 50
75 191 50
75 191 50
75 191 50
76 191 50
76 191 50
76 191 50
76 191 50
76 191 50
76 191 50
76 191 50
76 191 50
76 191 50
76 191 50
76 191 50
76 191 50
77 191 50
77 191 50
77 191 50
77 191 50
77 191 50
77 191 50
77 191 50
77 191 50
77 191 50
77 191 50
77 191 50
78 191 50
78 191 50
78 191 50
78 191 50
78 191 50
78 191 50
78 191 50
78 191 50
78 191 50
78 191 50
78 191 50
79 191 50
79 191 50
79 191 50
79 191 50
79 191 50
79 191 50
79 191 50
79 191 50
79 191 50
79 191 50
80 191 50
80 191 50
80 191 50
80 191 50
80 191 50
80 191 50
80 191 50
80 191 50
80 191 50
81 191 50
81 191 50
81 191 50
81 191 50
81 191 50
81 191 50
81 191 50
81 191 50
81 191 50
82 191 50
82 191 50
82 191 50
82 191 50
82 191 50
82 191 50
82 191 50
82 191 50
83 191 50
83 191 50
83 191 50
83 191 50
83 191 50
83 191 50
83 191 50
84 191 50
84 191 50
84 191 50
84 191 50
84 191 50
84 191 50
85 191 50
85 191 50
85 191 50
85 191 50
85 191 50
85 191 50
86 191 50
86 191 50
86 191 50
86 191 50
86 191 50
87 191 50
87 191 50
87 191 50
87 191 50
87 191 50
88 191 50
88 191 50
88 191 50
88 191 50
88 191 50
89 191 50
89 191 50
89 191 50
89 191 50
89 191 50
90 191 50
90 191 50
90 191 50
90 191 50
90 191 50
90 191 50
91 191 50
91 191 50
91 191 50
91 191 50
91 191 50
91 191 50
92 191 50
92 191 50
92 191 50
92 191 50
92 191 50
92 191 50
93 191 50
93 191 50
93 191 50
93 191 50
93 191 50
93 191 50
93 191 50
94 191 50
94 191 50
94 191 50
94 191 50
94 191 50
94 191 50
94 191 50
95 191 50
95 191 50
95 191 50
95 191 50
95 191 50
95 191 50
95 191 50
96 191 50
96 191 50
96 191 50
96 191 50
96 191 50
96 191 50
97 191 50
97 191 50
97 191 50
97 191 50
97 191 50
97 191 50
98 191 50
98 191 50
98 191 50
98 191 50
98 191 50
99 191 50
99 191 50
99 191 50
99 191 50
99 191 50
100 191 50
100 191 50
100 191 50
100 191 50
101 191 50
101 191 50
101 191 50
101 191 50
102 191 50
102 191 50
102 191 50
103 191 50
103 191 50
103 191 50
104 191 50
104 191 50
104 191 50
105 191 50
105 191 50
105 191 50
106 191 50
106 191 50
107 191 50
107 191 50
108 191 50
108 191 50
109 191 50
109 191 50
110 191 50
110 191 50
111 191 50
111 191 50
112 191 50
113 191 50
113 191 50
114 191 50
114 191 50
115 191 50
115 191 50
116 191 50
116 191 50
117 191 50
117 191 50
118 191 50
118 191 50
119 191 50
119 191 50
120 191 50
120 191 50
120 191 50
121 191 50
121 191 50
121 191 50
122 191 50
122 191 50
122 191 50
123 191 50
123 191 50
123 191 50
123 191 50
123 190 150
123 190 50
123 189 50
123 189 50
123 189 50
123 189 50
123 188 50
123 188 50
123 188 50
123 188 50
123 188 50
123 187 50
123 187 50
123 187 50
123 187 50
123 187 50
123 186 50
123 186 50
123 186 50
123 186 50
123 186 50
123 186 50
123 185 50
123 185 50
123 185 50
123 185 50
123 185 50
123 185 50
123 185 50
123 184 50
123 184 50
123 184 50
123 184 50
123 184 50
123 184 50
123 184 50
123 183 50
123 183 50
123 183 50
123 183 50
123 183 50
123 183 50
123 183 50
123 182 50
123 182 50
123 182 50
123 182 50
123 182 50
123 182 50
123 182 50
123 181 50
123 181 50
123 181 50
123 181 50
123 181 50
123 181 50
123 180 50
123 180 50
123 180 50
123 180 50
123 180 50
123 180 50
123 179 50
123 179 50
123 179 50
123 179 50
123 179 50
123 178 50
123 178 50
123 178 50
123 178 50
123 177 50
123 177 50
123 177 50
123 176 50
123 176 50
123 175 50
123 175 50
123 174 50
123 173 50
123 172 50
123 171 50
123 170 50
123 169 50
123 168 50
123 167 50
123 166 50
123 165 50
123 164 50
123 163 50
123 162 50
123 161 50
123 160 50
123 159 50
123 158 50
123 157 50
123 156 50
60 101 50
61 101 50
62 101 50
63 101 50
64 101 50
65 101 50
66 101 50
67 101 50
68 101 50
69 101 50
70 101 50
71 101 50
72 101 50
73 101 50
74 101 50
75 101 50
76 101 50
77 101 50
78 101 50
79 101 50
80 101 50
81 101 50
82 101 50
83 101 50
84 101 50
85 101 50
86 101 50
87 101 50
88 101 50
89 101 50
90 101 50
90 101 50
91 101 50
91 101 50
91 101 50
92 101 50
92 101 50
92 101 50
92 101 50
93 101 50
93 101 50
93 101 50
93 101 50
93 101 50
94 101 50
94 101 50
94 101 50
94 101 50
94 101 50
94 101 50
94 101 50
95 101 50
95 101 50
95 101 50
95 101 50
95 101 50
95 101 50
95 101 50
95 101 50
95 101 50
96 101 50
96 101 50
96 101 50
96 101 50
96 101 50
96 101 50
96 101 50
96 101 50
96 101 50
96 101 50
96 101 50
97 101 50
97 101 50
97 101 50
97 101 50
97 101 50
97 101 50
97 101 50
97 101 50
97 101 50
97 101 50
97 101 50
97 101 50
97 101 50
97 101 50
98 101 50
98 101 50
98 101 50
98 101 50
98 101 50
98 101 50
98 101 50
98 101 50
98 101 50
98 101 50
98 101 50
98 101 50
98 101 50
98 101 50
98 101 50
98 101 50
99 101 50
99 101 50
99 101 50
99 101 50
99 101 50
99 101 50
99 101 50
99 101 50
99 101 50
99 101 50
99 101 50
99 101 50
99 101 50
99 101 50
99 101 50
99 101 50
99 101 50
99 101 50
99 101 50
100 101 50
100 101 50
100 101 50
100 101 50
100 101 50
100 101 50
100 101 50
100 101 50
100 101 50
100 101 50
100 101 50
100 101 50
100 101 50
100 101 50
100 101 50
100 101 50
100 101 50
100 101 50
100 101 50
100 101 50
100 101 50
100 101 50
101 101 50
101 101 50
101 101 50
101 101 50
101 101 50
101 101 50
101 101 50
101 101 50
101 101 50
101 101 50
101 101 50
101 101 50
101 101 50
101 101 50
101 101 50
101 101 50
101 101 50
101 101 50
101 101 50
101 101 50
101 101 50
101 101 50
101 101 50
101 101 50
102 101 50
102 101 50
102 101 50
102 101 50
102 101 50
102 101 50
102 101 50
102 101 50
102 101 50
102 101 50
102 101 50
102 101 50
102 101 50
102 101 50
102 101 50
102 101 50
102 101 50
102 101 50
102 101 50
102 101 50
102 101 50
102 101 50
102 101 50
102 101 50
102 101 50
102 101 50
102 101 50
103 101 50
103 101 50
103 101 50
103 101 50
103 101 50
103 101 50
103 101 50
103 101 50
103 101 50
103 101 50
103 101 50
103 101 50
103 101 50
103 101 50
103 101 50
103 101 50
103 101 50
103 101 50
103 101 50
103 101 50
103 101 50
103 101 50
103 101 50
103 101 50
103 101 50
103 101 50
103 101 50
103 101 50
103 101 50
103 101 50
104 101 50
104 101 50
104 101 50
104 101 50
104 101 50
104 101 50
104 101 50
104 101 50
104 101 50
104 101 50
104 101 50
104 101 50
104 101 50
104 101 50
104 101 50
104 101 50
104 101 50
104 101 50
104 101 50
104 101 50
104 101 50
104 101 50
104 101 50
104 101 50
104 101 50
104 101 50
104 101 50
104 101 50
104 101 50
104 101 50
104 101 50
104 101 50
105 101 50
105 101 50
105 101 50
105 101 50
105 101 50
105 101 50
105 101 50
105 101 50
105 101 50
105 101 50
105 101 50
105 101 50
105 101 50
105 101 50
105 101 50
105 101 50
105 101 50
105 101 50
105 101 50
105 101 50
105 101 50
105 101 50
105 101 50
105 101 50
105 101 50
105 101 50
105 101 50
105 101 50
105 101 50
105 101 50
105 101 50
105 101 50
105 101 50
106 101 50
106 101 50
106 101 50
106 101 50
106 101 50
106 101 50
106 101 50
106 101 50
106 101 50
106 101 50
106 101 50
106 101 50
106 101 50
106 101 50
106 101 50
106 101 50
106 101 50
106 101 50
106 101 50
106 101 50
106 101 50
106 101 50
106 101 50
106 101 50
106 101 50
106 101 50
106 101 50
106 101 50
106 101 50
106 101 50
106 101 50
106 101 50
106 101 50
106 101 50
107 101 50
107 101 50
107 101 50
107 101 50
107 101 50
107 101 50
107 101 50
107 101 50
107 101 50
107 101 50
107 101 50
107 101 50
107 101 50
107 101 50
107 101 50
107 101 50
107 101 50
107 101 50
107 101 50
107 101 50
107 101 50
107 101 50
107 101 50
107 101 50
107 101 50
107 101 50
107 101 50
107 101 50
107 101 50
107 101 50
107 101 50
107 101 50
107 101 50
107 101 50
107 101 50
108 101 50
108 101 50
108 101 50
108 101 50
108 101 50
108 101 50
108 101 50
108 101 50
108 101 50
108 101 50
108 101 50
108 101 50
108 101 50
108 101 50
108 101 50
108 101 50
108 101 50
108 101 50
108 101 50
108 101 50
108 101 50
108 101 50
108 101 50
108 101 50
108 101 50
108 101 50
108 101 50
108 101 50
108 101 50
108 101 50
108 101 50
108 101 50
108 101 50
108 101 50
108 101 50
109 101 50
109 101 50
109 101 50
109 101 50
109 101 50
109 101 50
109 101 50
109 101 50
109 101 50
109 101 50
109 101 50
109 101 50
109 101 50
109 101 50
109 101 50
109 101 50
109 101 50
109 101 50
109 101 50
109 101 50
109 101 50
109 101 50
109 101 50
109 101 50
109 101 50
109 101 50
109 101 50
109 101 50
109 101 50
109 101 50
109 101 50
109 101 50
109 101 50
109 101 50
110 101 50
110 101 50
110 101 50
110 101 50
110 101 50
110 101 50
110 101 50
110 101 50
110 101 50
110 101 50
110 101 50
110 101 50
110 101 50
110 101 50
110 101 50
110 101 50
110 101 50
110 101 50
110 101 50
110 101 50
110 101 50
110 101 50
110 101 50
110 101 50
110 101 50
110 101 50
110 101 50
110 101 50
110 101 50
110 101 50
110 101 50
110 101 50
110 101 50
110 101 50
111 101 50
111 101 50
111 101 50
111 101 50
111 101 50
111 101 50
111 101 50
111 101 50
111 101 50
111 101 50
111 101 50
111 101 50
111 101 50
111 101 50
111 101 50
111 101 50
111 101 50
111 101 50
111 101 50
111 101 50
111 101 50
111 101 50
111 101 50
111 101 50
111 101 50
111 101 50
111 101 50
111 101 50
111 101 50
111 101 50
111 101 50
111 101 50
111 101 50
111 101 50
112 101 50
112 101 50
112 101 50
112 101 50
112 101 50
112 101 50
112 101 50
112 101 50
112 101 50
112 101 50
112 101 50
112 101 50
112 101 50
112 101 50
112 101 50
112 101 50
112 101 50
112 101 50
112 101 50
112 101 50
112 101 50
112 101 50
112 101 50
112 101 50
112 101 50
112 101 50
112 101 50
112 101 50
112 101 50
112 101 50
112 101 50
112 101 50
112 101 50
112 101 50
113 101 50
113 101 50
113 101 50
113 101 50
113 101 50
113 101 50
113 101 50
113 101 50
113 101 50
113 101 50
113 101 50
113 101 50
113 101 50
113 101 50
113 101 50
113 101 50
113 101 50
113 101 50
113 101 50
113 101 50
113 101 50
113 101 50
113 101 50
113 101 50
113 101 50
113 101 50
113 101 50
113 101 50
113 101 50
113 101 50
113 101 50
113 101 50
113 101 50
113 101 50
113 101 50
114 101 50
114 101 50
114 101 50
114 101 50
114 101 50
114 101 50
114 101 50
114 101 50
114 101 50
114 101 50
114 101 50
114 101 50
114 101 50
114 101 50
114 101 50
114 101 50
114 101 50
114 101 50
114 101 50
114 101 50
114 101 50
114 101 50
114 101 50
114 101 50
114 101 50
114 101 50
114 101 50
114 101 50
114 101 50
114 101 50
114 101 50
114 101 50
114 101 50
114 101 50
114 101 50
114 101 50
114 101 50
115 101 50
115 101 50
115 101 50
115 101 50
115 101 50
115 101 50
115 101 50
115 101 50
115 101 50
115 101 50
115 101 50
115 101 50
115 101 50
115 101 50
115 101 50
115 101 50
115 101 50
115 101 50
115 101 50
115 101 50
115 101 50
115 101 50
115 101 50
115 101 50
115 101 50
115 101 50
115 101 50
115 101 50
115 101 50
115 101 50
115 101 50
115 101 50
115 101 50
115 101 50
115 101 50
115 101 50
115 101 50
115 101 50
115 101 50
116 101 50
116 101 50
116 101 50
116 101 50
116 101 50
116 101 50
116 101 50
116 101 50
116 101 50
116 101 50
116 101 50
116 101 50
116 101 50
116 101 50
116 101 50
116 101 50
116 101 50
116 101 50
116 101 50
116 101 50
116 101 50
116 101 50
116 101 50
116 101 50
116 101 50
116 101 50
116 101 50
116 101 50
116 101 50
116 101 50
116 101 50
116 101 50
116 101 50
116 101 50
116 101 50
116 101 50
116 101 50
116 101 50
116 101 50
116 101 50
116 101 50
117 101 50
117 101 50
117 101 50
117 101 50
117 101 50
117 101 50
117 101 50
117 101 50
117 101 50
117 101 50
117 101 50
117 101 50
117 101 50
117 101 50
117 101 50
117 101 50
117 101 50
117 101 50
117 101 50
117 101 50
117 101 50
117 101 50
117 101 50
117 101 50
117 101 50
117 101 50
117 101 50
117 101 50
117 101 50
117 101 50
117 101 50
117 101 50
117 101 50
117 101 50
117 101 50
117 101 50
117 101 50
117 101 50
117 101 50
117 101 50
117 101 50
117 101 50
117 101 50
117 101 50
118 101 50
118 101 50
118 101 50
118 101 50
118 101 50
118 101 50
118 101 50
118 101 50
118 101 50
118 101 50
118 101 50
118 101 50
118 101 50
118 101 50
118 101 50
118 101 50
118 101 50
118 101 50
118 101 50
118 101 50
118 101 50
118 101 50
118 101 50
118 101 50
118 101 50
118 101 50
118 101 50
118 101 50
118 101 50
118 101 50
118 101 50
118 101 50
118 101 50
118 101 50
118 101 50
118 101 50
118 101 50
118 101 50
118 101 50
118 101 50
118 101 50
118 101 50
118 101 50
118 101 50
118 101 50
118 101 50
118 101 50
118 101 50
119 101 50
119 101 50
119 101 50
119 101 50
119 101 50
119 101 50
119 101 50
119 101 50
119 101 50
119 101 50
119 101 50
119 101 50
119 101 50
119 101 50
119 101 50
119 101 50
119 101 50
119 101 50
119 101 50
119 101 50
119 101 50
119 101 50
119 101 50
119 101 50
119 101 50
119 101 50
119 101 50
119 101 50
119 101 50
119 101 50
119 101 50
119 101 50
119 101 50
119 101 50
119 101 50
119 101 50
119 101 50
119 101 50
119 101 50
119 101 50
119 101 50
119 101 50
119 101 50
119 101 50
119 101 50
119 101 50
119 101 50
119 101 50
119 101 50
119 101 50
119 101 50
120 101 50
120 101 50
120 101 50
120 101 50
120 101 50
120 101 50
120 101 50
120 101 50
120 101 50
120 101 50
120 101 50
120 101 50
120 101 50
120 101 50
120 101 50
120 101 50
120 101 50
120 101 50
120 101 50
120 101 50
120 101 50
120 101 50
120 101 50
120 101 50
120 101 50
120 101 50
120 101 50
120 101 50
120 101 50
120 101 50
120 101 50
120 101 50
120 101 50
120 101 50
120 101 50
120 101 50
120 101 50
120 101 50
120 101 50
120 101 50
120 101 50
120 101 50
120 101 50
120 101 50
120 101 50
120 101 50
120 101 50
120 101 50
120 101 50
120 101 50
120 101 50
120 101 50
120 101 50
120 101 50
120 101 50
121 101 50
121 101 50
121 101 50
121 101 50
121 101 50
121 101 50
121 101 50
121 101 50
121 101 50
121 101 50
121 101 50
121 101 50
121 101 50
121 101 50
121 101 50
121 101 50
121 101 50
121 101 50
121 101 50
121 101 50
121 101 50
121 101 50
121 101 50
121 101 50
121 101 50
121 101 50
121 101 50
121 101 50
121 101 50
121 101 50
121 101 50
121 101 50
121 101 50
121 101 50
121 101 50
121 101 50
121 101 50
121 101 50
121 101 50
121 101 50
121 101 50
121 101 50
121 101 50
121 101 50
121 101 50
121 101 50
121 101 50
121 101 50
121 101 50
121 101 50
121 101 50
121 101 50
121 101 50
121 101 50
121 101 50
121 101 50
121 101 50
121 101 50
122 101 50
122 101 50
122 101 50
122 101 50
122 101 50
122 101 50
122 101 50
122 101 50
122 101 50
122 101 50
122 101 50
122 101 50
122 101 50
122 101 50
122 101 50
122 101 50
122 101 50
122 101 50
122 101 50
122 101 50
122 101 50
122 101 50
122 101 50
122 101 50
122 101 50
122 101 50
122 101 50
122 101 50
122 101 50
122 101 50
122 101 50
122 101 50
122 101 50
122 101 50
122 101 50
122 101 50
122 101 50
122 101 50
122 101 50
122 101 50
122 101 50
122 101 50
122 101 50
122 101 50
122 101 50
122 101 50
122 101 50
122 101 50
122 101 50
122 101 50
122 101 50
122 101 50
122 101 50
122 101 50
122 101 50
122 101 50
122 101 50
122 101 50
122 101 50
122 101 50
122 101 50
122 101 50
123 101 50
123 101 50
123 101 50
123 101 50
123 101 50
123 101 50
123 101 50
123 101 50
123 101 50
123 101 50
123 101 50
123 101 50
123 101 50
123 101 50
123 101 50
123 101 50
123 101 50
123 101 50
123 101 50
123 101 50
123 101 50
123 101 50
123 101 50
123 101 50
123 101 50
123 101 50
123 101 50
123 101 50
123 101 50
123 101 50
123 101 50
123 101 50
123 101 50
123 101 50
123 101 50
123 101 50
123 101 50
123 101 50
123 101 50
123 101 50
123 101 50
123 101 50
123 101 50
123 101 50
123 101 50
123 101 50
123 101 50
123 101 50
123 101 50
123 101 50
123 101 50
123 101 50
123 101 50
123 101 50
123 101 50
123 101 50
123 101 50
123 101 50
123 101 50
123 101 50
123 101 50
123 101 50
123 101 50
123 101 50
123 101 50
123 102 3200
123 102 50
123 102 50
123 102 50
123 102 50
123 102 50
123 103 50
123 103 50
123 103 50
123 103 50
123 103 50
123 103 50
123 103 50
123 103 50
123 103 50
123 103 50
123 103 50
123 103 50
123 103 50
123 103 50
123 103 50
123 103 50
123 103 50
123 103 50
123 103 50
123 103 50
123 103 50
123 103 50
123 103 50
123 103 50
123 103 50
123 103 50
123 103 50
123 103 50
123 103 50
123 103 50
123 103 50
123 103 50
123 103 50
123 103 50
123 103 50
123 103 50
123 103 50
123 103 50
123 103 50
123 103 50
123 103 50
123 103 50
123 103 50
123 103 50
123 103 50
123 103 50
123 103 50
123 103 50
123 103 50
123 103 50
123 103 50
123 103 50
123 103 50
123 103 50
123 103 50
123 103 50
123 103 50
123 103 50
123 103 50
123 103 50
123 103 50
123 103 50
123 103 50
123 103 50
123 103 50
123 103 50
123 103 50
123 103 50
123 103 50
123 103 50
123 103 50
123 104 50
123 104 50
123 104 50
123 104 50
123 104 50
123 104 50
123 104 50
123 104 50
123 104 50
123 104 50
123 104 50
123 104 50
123 104 50
123 104 50
123 104 50
123 104 50
123 104 50
123 104 50
123 104 50
123 104 50
123 104 50
123 104 50
123 104 50
123 104 50
123 104 50
123 104 50
123 104 50
123 104 50
123 104 50
123 104 50
123 104 50
123 104 50
123 104 50
123 104 50
123 104 50
123 104 50
123 104 50
123 104 50
123 104 50
123 104 50
123 104 50
123 104 50
123 104 50
123 104 50
123 104 50
123 104 50
123 104 50
123 104 50
123 104 50
123 104 50
123 104 50
123 104 50
123 104 50
123 104 50
123 104 50
123 104 50
123 104 50
123 104 50
123 104 50
123 104 50
123 104 50
123 104 50
123 104 50
123 104 50
123 104 50
123 104 50
123 104 50
123 104 50
123 104 50
123 104 50
123 104 50
123 104 50
123 105 50
123 105 50
123 105 50
123 105 50
123 105 50
123 105 50
123 105 50
123 105 50
123 105 50
123 105 50
123 105 50
123 105 50
123 105 50
123 105 50
123 105 50
123 105 50
123 105 50
123 105 50
123 105 50
123 105 50
123 105 50
123 105 50
123 105 50
123 105 50
123 105 50
123 105 50
123 105 50
123 105 50
123 105 50
123 105 50
123 105 50
123 105 50
123 105 50
123 105 50
123 105 50
123 105 50
123 105 50
123 105 50
123 105 50
123 105 50
123 105 50
123 105 50
123 105 50
123 105 50
123 105 50
123 105 50
123 105 50
123 105 50
123 105 50
123 105 50
123 105 50
123 105 50
123 105 50
123 105 50
123 105 50
123 105 50
123 105 50
123 105 50
123 105 50
123 105 50
123 105 50
123 105 50
123 105 50
123 105 50
123 105 50
123 105 50
123 105 50
123 105 50
123 105 50
123 105 50
123 105 50
123 106 50
123 106 50
123 106 50
123 106 50
123 106 50
123 106 50
123 106 50
123 106 50
123 106 50
123 106 50
123 106 50
123 106 50
123 106 50
123 106 50
123 106 50
123 106 50
123 106 50
123 106 50
123 106 50
123 106 50
123 106 50
123 106 50
123 106 50
123 106 50
123 106 50
123 106 50
123 106 50
123 106 50
123 106 50
123 106 50
123 106 50
123 106 50
123 106 50
123 106 50
123 106 50
123 106 50
123 106 50
123 106 50
123 106 50
123 106 50
123 106 50
123 106 50
123 106 50
123 106 50
123 106 50
123 106 50
123 106 50
123 106 50
123 106 50
123 106 50
123 106 50
123 106 50
123 106 50
123 106 50
123 106 50
123 106 50
123 106 50
123 106 50
123 106 50
123 106 50
123 106 50
123 106 50
123 106 50
123 106 50
123 106 50
123 106 50
123 106 50
123 106 50
123 106 50
123 107 50
123 107 50
123 107 50
123 107 50
123 107 50
123 107 50
123 107 50
123 107 50
123 107 50
123 107 50
123 107 50
123 107 50
123 107 50
123 107 50
123 107 50
123 107 50
123 107 50
123 107 50
123 107 50
123 107 50
123 107 50
123 107 50
123 107 50
123 107 50
123 107 50
123 107 50
123 107 50
123 107 50
123 107 50
123 107 50
123 107 50
123 107 50
123 107 50
123 107 50
123 107 50
123 107 50
123 107 50
123 107 50
123 107 50
123 107 50
123 107 50
123 107 50
123 107 50
123 107 50
123 107 50
123 107 50
123 107 50
123 107 50
123 107 50
123 107 50
123 107 50
123 107 50
123 107 50
123 107 50
123 107 50
123 107 50
123 107 50
123 107 50
123 107 50
123 107 50
123 107 50
123 107 50
123 107 50
123 107 50
123 108 50
123 108 50
123 108 50
123 108 50
123 108 50
123 108 50
123 108 50
123 108 50
123 108 50
123 108 50
123 108 50
123 108 50
123 108 50
123 108 50
123 108 50
123 108 50
123 108 50
123 108 50
123 108 50
123 108 50
123 108 50
123 108 50
123 108 50
123 108 50
123 108 50
123 108 50
123 108 50
123 108 50
123 108 50
123 108 50
123 108 50
123 108 50
123 108 50
123 108 50
123 108 50
123 108 50
123 108 50
123 108 50
123 108 50
123 108 50
123 108 50
123 108 50
123 108 50
123 108 50
123 108 50
123 108 50
123 108 50
123 108 50
123 108 50
123 108 50
123 108 50
123 108 50
123 108 50
123 108 50
123 108 50
123 108 50
123 108 50
123 108 50
123 109 50
123 109 50
123 109 50
123 109 50
123 109 50
123 109 50
123 109 50
123 109 50
123 109 50
123 109 50
123 109 50
123 109 50
123 109 50
123 109 50
123 109 50
123 109 50
123 109 50
123 109 50
123 109 50
123 109 50
123 109 50
123 109 50
123 109 50
123 109 50
123 109 50
123 109 50
123 109 50
123 109 50
123 109 50
123 109 50
123 109 50
123 109 50
123 109 50
123 109 50
123 109 50
123 109 50
123 109 50
123 109 50
123 109 50
123 109 50
123 109 50
123 109 50
123 109 50
123 109 50
123 109 50
123 109 50
123 109 50
123 109 50
123 109 50
123 109 50
123 110 50
123 110 50
123 110 50
123 110 50
123 110 50
123 110 50
123 110 50
123 110 50
123 110 50
123 110 50
123 110 50
123 110 50
123 110 50
123 110 50
123 110 50
123 110 50
123 110 50
123 110 50
123 110 50
123 110 50
123 110 50
123 110 50
123 110 50
123 110 50
123 110 50
123 110 50
123 110 50
123 110 50
123 110 50
123 110 50
123 110 50
123 110 50
123 110 50
123 110 50
123 110 50
123 110 50
123 110 50
123 110 50
123 110 50
123 110 50
123 110 50
123 111 50
123 111 50
123 111 50
123 111 50
123 111 50
123 111 50
123 111 50
123 111 50
123 111 50
123 111 50
123 111 50
123 111 50
123 111 50
123 111 50
123 111 50
123 111 50
123 111 50
123 111 50
123 111 50
123 111 50
123 111 50
123 111 50
123 111 50
123 111 50
123 111 50
123 111 50
123 111 50
123 111 50
123 111 50
123 111 50
123 111 50
123 111 50
123 112 50
123 112 50
123 112 50
123 112 50
123 112 50
123 112 50
123 112 50
123 112 50
123 112 50
123 112 50
123 112 50
123 112 50
123 112 50
123 112 50
123 112 50
123 112 50
123 112 50
123 112 50
123 112 50
123 112 50
123 112 50
123 112 50
123 112 50
123 112 50
123 113 50
123 113 50
123 113 50
123 113 50
123 113 50
123 113 50
123 113 50
123 113 50
123 113 50
123 113 50
123 113 50
123 113 50
123 113 50
123 113 50
123 113 50
123 113 50
123 114 50
123 114 50
123 114 50
123 114 50
123 114 50
123 114 50
123 114 50
123 114 50
123 114 50
123 114 50
123 114 50
123 115 50
123 115 50
123 115 50
123 115 50
123 115 50
123 115 50
123 115 50
123 116 50
123 116 50
123 116 50
123 116 50
123 116 50
123 117 50
123 117 50
123 117 50
123 118 50
123 118 50
123 119 50
123 119 50
123 120 50
123 121 50
123 122 50
123 123 50
123 124 50
123 125 50
123 126 50
123 127 50
123 128 50
123 129 50
123 129 50
123 130 50
123 130 50
123 131 50
123 131 50
123 132 50
123 132 50
123 132 50
123 133 50
123 133 50
123 133 50
123 133 50
123 134 50
123 134 50
123 134 50
123 134 50
123 135 50
123 135 50
123 135 50
123 135 50
123 135 50
123 136 50
123 136 50
123 136 50
123 136 50
123 136 50
123 137 50
123 137 50
123 137 50
123 137 50
123 137 50
123 137 50
123 138 50
123 138 50
123 138 50
123 138 50
123 138 50
123 138 50
123 139 50
123 139 50
123 139 50
123 139 50
123 139 50
123 139 50
123 140 50
123 140 50
123 140 50
123 140 50
123 140 50
123 141 50
123 141 50
123 141 50
123 141 50
123 141 50
123 142 50
123 142 50
123 142 50
123 142 50
123 143 50
123 143 50
123 143 50
123 144 50
123 144 50
123 145 50
123 145 50
123 146 50
123 146 50
123 147 50
123 148 50
123 149 50
123 150 50
123 151 50
123 152 50
123 153 50
123 154 50
123 155 50
115 100 50
115 100 50
115 100 50
115 100 50
115 100 50
115 100 50
115 100 50
115 100 50
115 100 50
115 100 50
115 100 50
115 100 50
115 100 50
115 100 50
115 100 50
115 100 50
115 100 50
115 100 50
115 100 50
115 100 50
115 100 50
115 100 50
115 100 50
115 100 50
115 100 50
115 100 50
115 100 50
115 100 50
115 100 50
115 100 50
115 99 50
115 99 50
115 99 50
115 99 50
115 99 50
115 99 50
115 99 50
115 99 50
115 99 50
115 99 50
115 99 50
115 99 50
115 99 50
115 99 50
115 99 50
115 99 50
115 99 50
115 99 50
115 99 50
115 99 50
115 99 50
115 98 50
115 98 50
115 98 50
115 98 50
115 98 50
115 98 50
115 98 50
115 98 50
115 98 50
115 98 50
115 98 50
115 98 50
115 98 50
115 98 50
115 97 50
115 97 50
115 97 50
115 97 50
115 97 50
115 97 50
115 97 50
115 97 50
115 97 50
115 96 50
115 96 50
115 96 50
115 96 50
115 96 50
115 95 50
115 95 50
115 95 50
115 94 50
115 94 50
115 93 50
115 92 50
115 91 50
115 90 50
115 89 50
115 88 50
115 87 50
115 86 50
115 85 50
115 84 50
115 83 50
115 82 50
115 81 50
115 80 50
115 79 50
115 78 50
115 77 50
115 76 50
115 75 50
115 75 50
115 74 50
115 74 50
115 74 50
115 73 50
115 73 50
115 73 50
115 73 50
115 73 50
115 72 50
115 72 50
115 72 50
115 72 50
115 72 50
115 72 50
115 72 50
115 72 50
115 71 50
115 71 50
115 71 50
115 71 50
115 71 50
115 71 50
115 71 50
115 71 50
115 71 50
115 71 50
115 71 50
115 70 50
115 70 50
115 70 50
115 70 50
115 70 50
115 70 50
115 70 50
115 70 50
115 70 50
115 70 50
115 70 50
115 70 50
115 70 50
115 70 50
115 70 50
115 69 50
115 69 50
115 69 50
115 69 50
115 69 50
115 69 50
115 69 50
115 69 50
115 69 50
115 69 50
115 69 50
115 69 50
115 69 50
115 69 50
115 69 50
115 69 50
115 69 50
115 69 50
115 69 50
115 68 50
115 68 50
115 68 50
115 68 50
115 68 50
115 68 50
115 68 50
115 68 50
115 68 50
115 68 50
115 68 50
115 68 50
115 68 50
115 68 50
115 68 50
115 68 50
115 68 50
115 68 50
115 68 50
115 68 50
115 68 50
115 68 50
115 67 50
115 67 50
115 67 50
115 67 50
115 67 50
115 67 50
115 67 50
115 67 50
115 67 50
115 67 50
115 67 50
115 67 50
115 67 50
115 67 50
115 67 50
115 67 50
115 67 50
115 67 50
115 67 50
115 67 50
115 67 50
115 67 50
115 67 50
115 67 50
115 67 50
115 66 50
115 66 50
115 66 50
115 66 50
115 66 50
115 66 50
115 66 50
115 66 50
115 66 50
115 66 50
115 66 50
115 66 50
115 66 50
115 66 50
115 66 50
115 66 50
115 66 50
115 66 50
115 66 50
115 66 50
115 66 50
115 66 50
115 66 50
115 66 50
115 66 50
115 66 50
115 65 50
115 65 50
115 65 50
115 65 50
115 65 50
115 65 50
115 65 50
115 65 50
115 65 50
115 65 50
115 65 50
115 65 50
115 65 50
115 65 50
115 65 50
115 65 50
115 65 50
115 65 50
115 65 50
115 65 50
115 65 50
115 65 50
115 65 50
115 65 50
115 65 50
115 64 50
115 64 50
115 64 50
115 64 50
115 64 50
115 64 50
115 64 50
115 64 50
115 64 50
115 64 50
115 64 50
115 64 50
115 64 50
115 64 50
115 64 50
115 64 50
115 64 50
115 64 50
115 64 50
115 64 50
115 64 50
115 64 50
115 64 50
115 64 50
115 63 50
115 63 50
115 63 50
115 63 50
115 63 50
115 63 50
115 63 50
115 63 50
115 63 50
115 63 50
115 63 50
115 63 50
115 63 50
115 63 50
115 63 50
115 63 50
115 63 50
115 63 50
115 63 50
115 63 50
115 63 50
115 63 50
115 62 50
115 62 50
115 62 50
115 62 50
115 62 50
115 62 50
115 62 50
115 62 50
115 62 50
115 62 50
115 62 50
115 62 50
115 62 50
115 62 50
115 62 50
115 62 50
115 62 50
115 62 50
115 62 50
115 61 50
115 61 50
115 61 50
115 61 50
115 61 50
115 61 50
115 61 50
115 61 50
115 61 50
115 61 50
115 61 50
115 61 50
115 61 50
115 61 50
115 61 50
115 60 50
115 60 50
115 60 50
115 60 50
115 60 50
115 60 50
115 60 50
115 60 50
115 60 50
115 60 50
115 60 50
115 60 50
115 59 50
115 59 50
115 59 50
115 59 50
115 59 50
115 59 50
115 59 50
115 59 50
115 59 50
115 59 50
115 58 50
115 58 50
115 58 50
115 58 50
115 58 50
115 58 50
115 58 50
115 57 50
115 57 50
115 57 50
115 57 50
115 57 50
115 56 50
115 56 50
115 56 50
115 56 50
115 55 50
115 55 50
115 55 50
115 54 50
115 54 50
115 53 50
115 52 50
115 51 50
115 50 50
115 49 50
115 48 50
115 47 50
115 46 50
115 45 50
115 44 50
115 43 50
115 42 50
115 41 50
115 40 50
115 39 50
115 38 50
115 37 50
115 36 50
115 35 50
115 34 50
115 33 50
115 32 50
115 31 50
115 30 50
115 29 50
115 28 50
115 27 50
115 26 50
115 25 50
115 25 50
115 24 50
115 24 50
115 23 50
115 23 50
115 23 50
115 22 50
115 22 50
115 22 50
115 22 50
115 22 50
115 21 50
115 21 50
115 21 50
115 21 50
115 21 50
115 21 50
115 21 50
115 20 50
115 20 50
115 20 50
115 20 50
115 20 50
115 20 50
115 20 50
115 20 50
115 20 50
115 20 50
115 19 50
115 19 50
115 19 50
115 19 50
115 19 50
115 19 50
115 19 50
115 19 50
115 19 50
115 19 50
115 19 50
115 19 50
115 19 50
115 18 50
115 18 50
115 18 50
115 18 50
115 18 50
115 18 50
115 18 50
115 18 50
115 18 50
115 18 50
115 18 50
115 18 50
115 18 50
115 18 50
115 18 50
115 17 50
115 17 50
115 17 50
115 17 50
115 17 50
115 17 50
115 17 50
115 17 50
115 17 50
115 17 50
115 17 50
115 17 50
115 17 50
115 17 50
115 17 50
115 17 50
115 17 50
115 16 50
115 16 50
115 16 50
115 16 50
115 16 50
115 16 50
115 16 50
115 16 50
115 16 50
115 16 50
115 16 50
115 16 50
115 16 50
115 16 50
115 16 50
115 16 50
115 16 50
115 16 50
115 16 50
115 15 50
115 15 50
115 15 50
115 15 50
115 15 50
115 15 50
115 15 50
115 15 50
115 15 50
115 15 50
115 15 50
115 15 50
115 15 50
115 15 50
115 15 50
115 15 50
115 15 50
115 15 50
115 14 50
115 14 50
115 14 50
115 14 50
115 14 50
115 14 50
115 14 50
115 14 50
115 14 50
115 14 50
115 14 50
115 14 50
115 14 50
115 14 50
115 14 50
115 14 50
115 14 50
115 13 50
115 13 50
115 13 50
115 13 50
115 13 50
115 13 50
115 13 50
115 13 50
115 13 50
115 13 50
115 13 50
115 13 50
115 13 50
115 13 50
115 13 50
115 12 50
115 12 50
115 12 50
115 12 50
115 12 50
115 12 50
115 12 50
115 12 50
115 12 50
115 12 50
115 12 50
115 12 50
115 11 50
115 11 50
115 11 50
115 11 50
115 11 50
115 11 50
115 11 50
115 11 50
115 11 50
115 11 50
115 10 50
115 10 50
115 10 50
115 10 50
115 10 50
115 10 50
115 10 50
115 9 50
115 9 50
115 9 50
115 9 50
115 9 50
115 8 50
115 8 50
115 8 50
115 7 50
115 7 50
115 6 50
115 6 50
115 5 50
115 4 50
115 3 50
115 2 50
115 1 50
193 183 50
192 183 50
191 183 50
190 183 50
189 183 50
188 183 50
187 183 50
187 183 50
186 183 50
186 183 50
185 183 50
185 183 50
185 183 50
185 183 50
184 183 50
184 183 50
184 183 50
184 183 50
184 183 50
183 183 50
183 183 50
183 183 50
183 183 50
183 183 50
183 183 50
183 183 50
182 183 50
182 183 50
182 183 50
182 183 50
182 183 50
182 183 50
182 183 50
182 183 50
182 183 50
181 183 50
181 183 50
181 183 50
181 183 50
181 183 50
181 183 50
181 183 50
181 183 50
181 183 50
181 183 50
180 183 50
180 183 50
180 183 50
180 183 50
180 183 50
180 183 50
180 183 50
180 183 50
180 183 50
180 183 50
180 183 50
180 183 50
179 183 50
179 183 50
179 183 50
179 183 50
179 183 50
179 183 50
179 183 50
179 183 50
179 183 50
179 183 50
179 183 50
179 183 50
179 183 50
178 183 50
178 183 50
178 183 50
178 183 50
178 183 50
178 183 50
178 183 50
178 183 50
178 183 50
178 183 50
178 183 50
178 183 50
178 183 50
178 183 50
178 183 50
177 183 50
177 183 50
177 183 50
177 183 50
177 183 50
177 183 50
177 183 50
177 183 50
177 183 50
177 183 50
177 183 50
177 183 50
177 183 50
177 183 50
177 183 50
177 183 50
177 183 50
176 183 50
176 183 50
176 183 50
176 183 50
176 183 50
176 183 50
176 183 50
176 183 50
176 183 50
176 183 50
176 183 50
176 183 50
176 183 50
176 183 50
176 183 50
176 183 50
176 183 50
176 183 50
176 183 50
175 183 50
175 183 50
175 183 50
175 183 50
175 183 50
175 183 50
175 183 50
175 183 50
175 183 50
175 183 50
175 183 50
175 183 50
175 183 50
175 183 50
175 183 50
175 183 50
175 183 50
175 183 50
175 183 50
175 183 50
175 183 50
174 183 50
174 183 50
174 183 50
174 183 50
174 183 50
174 183 50
174 183 50
174 183 50
174 183 50
174 183 50
174 183 50
174 183 50
174 183 50
174 183 50
174 183 50
174 183 50
174 183 50
174 183 50
174 183 50
174 183 50
174 183 50
174 183 50
174 183 50
174 183 50
173 183 50
173 183 50
173 183 50
173 183 50
173 183 50
173 183 50
173 183 50
173 183 50
173 183 50
173 183 50
173 183 50
173 183 50
173 183 50
173 183 50
173 183 50
173 183 50
173 183 50
173 183 50
173 183 50
173 183 50
173 183 50
173 183 50
173 183 50
173 183 50
173 183 50
173 183 50
172 183 50
172 183 50
172 183 50
172 183 50
172 183 50
172 183 50
172 183 50
172 183 50
172 183 50
172 183 50
172 183 50
172 183 50
172 183 50
172 183 50
172 183 50
172 183 50
172 183 50
172 183 50
172 183 50
172 183 50
172 183 50
172 183 50
172 183 50
172 183 50
172 183 50
172 183 50
172 183 50
172 183 50
171 183 50
171 183 50
171 183 50
171 183 50
171 183 50
171 183 50
171 183 50
171 183 50
171 183 50
171 183 50
171 183 50
171 183 50
171 183 50
171 183 50
171 183 50
171 183 50
171 183 50
171 183 50
171 183 50
171 183 50
171 183 50
171 183 50
171 183 50
171 183 50
171 183 50
171 183 50
171 183 50
171 183 50
171 183 50
171 183 50
170 183 50
170 183 50
170 183 50
170 183 50
170 183 50
170 183 50
170 183 50
170 183 50
170 183 50
170 183 50
170 183 50
170 183 50
170 183 50
170 183 50
170 183 50
170 183 50
170 183 50
170 183 50
170 183 50
170 183 50
170 183 50
170 183 50
170 183 50
170 183 50
170 183 50
170 183 50
170 183 50
170 183 50
170 183 50
170 183 50
170 183 50
169 183 50
169 183 50
169 183 50
169 183 50
169 183 50
169 183 50
169 183 50
169 183 50
169 183 50
169 183 50
169 183 50
169 183 50
169 183 50
169 183 50
169 183 50
169 183 50
169 183 50
169 183 50
169 183 50
169 183 50
169 183 50
169 183 50
169 183 50
169 183 50
169 183 50
169 183 50
169 183 50
169 183 50
169 183 50
169 183 50
169 183 50
168 183 50
168 183 50
168 183 50
168 183 50
168 183 50
168 183 50
168 183 50
168 183 50
168 183 50
168 183 50
168 183 50
168 183 50
168 183 50
168 183 50
168 183 50
168 183 50
168 183 50
168 183 50
168 183 50
168 183 50
168 183 50
168 183 50
168 183 50
168 183 50
168 183 50
168 183 50
168 183 50
168 183 50
168 183 50
168 183 50
168 183 50
168 183 50
167 183 50
167 183 50
167 183 50
167 183 50
167 183 50
167 183 50
167 183 50
167 183 50
167 183 50
167 183 50
167 183 50
167 183 50
167 183 50
167 183 50
167 183 50
167 183 50
167 183 50
167 183 50
167 183 50
167 183 50
167 183 50
167 183 50
167 183 50
167 183 50
167 183 50
167 183 50
167 183 50
167 183 50
167 183 50
167 183 50
167 183 50
166 183 50
166 183 50
166 183 50
166 183 50
166 183 50
166 183 50
166 183 50
166 183 50
166 183 50
166 183 50
166 183 50
166 183 50
166 183 50
166 183 50
166 183 50
166 183 50
166 183 50
166 183 50
166 183 50
166 183 50
166 183 50
166 183 50
166 183 50
166 183 50
166 183 50
166 183 50
166 183 50
166 183 50
166 183 50
166 183 50
165 183 50
165 183 50
165 183 50
165 183 50
165 183 50
165 183 50
165 183 50
165 183 50
165 183 50
165 183 50
165 183 50
165 183 50
165 183 50
165 183 50
165 183 50
165 183 50
165 183 50
165 183 50
165 183 50
165 183 50
165 183 50
165 183 50
165 183 50
165 183 50
165 183 50
165 183 50
165 183 50
164 183 50
164 183 50
164 183 50
164 183 50
164 183 50
164 183 50
164 183 50
164 183 50
164 183 50
164 183 50
164 183 50
164 183 50
164 183 50
164 183 50
164 183 50
164 183 50
164 183 50
164 183 50
164 183 50
164 183 50
164 183 50
164 183 50
164 183 50
164 183 50
163 183 50
163 183 50
163 183 50
163 183 50
163 183 50
163 183 50
163 183 50
163 183 50
163 183 50
163 183 50
163 183 50
163 183 50
163 183 50
163 183 50
163 183 50
163 183 50
163 183 50
163 183 50
163 183 50
163 183 50
163 183 50
162 183 50
162 183 50
162 183 50
162 183 50
162 183 50
162 183 50
162 183 50
162 183 50
162 183 50
162 183 50
162 183 50
162 183 50
162 183 50
162 183 50
162 183 50
162 183 50
162 183 50
161 183 50
161 183 50
161 183 50
161 183 50
161 183 50
161 183 50
161 183 50
161 183 50
161 183 50
161 183 50
161 183 50
161 183 50
161 183 50
160 183 50
160 183 50
160 183 50
160 183 50
160 183 50
160 183 50
160 183 50
160 183 50
160 183 50
159 183 50
159 183 50
159 183 50
159 183 50
159 183 50
159 183 50
158 183 50
158 183 50
158 183 50
158 183 50
157 183 50
157 183 50
157 183 50
156 183 50
156 183 50
155 183 50
154 183 50
153 183 50
152 183 50
151 183 50
150 183 50
149 183 50
148 183 50
147 183 50
146 183 50
145 183 50
144 183 50
143 183 50
142 183 50
141 183 50
140 183 50
139 183 50
138 183 50
137 183 50
136 183 50
135 183 50
134 183 50
133 183 50
132 183 50
131 183 50
130 183 50
129 183 50
128 183 50
128 183 50
127 183 50
127 183 50
127 183 50
126 183 50
126 183 50
126 183 50
125 183 50
125 183 50
125 183 50
125 183 50
124 183 50
124 183 50
124 183 50
124 183 50
124 183 50
124 183 50
