60 168 120
59 168 120
58 168 120
57 168 120
56 168 120
55 168 120
54 168 120
53 168 120
52 168 120
51 168 120
50 168 120
49 168 120
48 168 120
48 168 120
48 167 120
48 167 120
48 166 120
48 166 120
48 165 120
48 165 120
48 164 120
48 163 120
48 162 120
48 161 120
48 160 120
48 160 120
48 159 120
48 159 120
48 158 120
48 158 120
48 158 120
48 157 240
48 157 120
48 157 120
48 156 360
48 156 120
48 156 120
48 155 480
48 155 120
48 155 120
48 155 120
48 154 720
48 154 120
48 154 120
48 154 120
48 154 120
48 153 1080
48 153 120
48 153 120
48 153 120
48 152 1320
48 152 120
48 152 120
48 152 120
48 151 1560
48 151 120
48 151 120
48 151 120
48 150 1800
48 150 120
48 150 120
48 150 120
48 149 2040
48 149 120
48 149 120
48 148 2160
48 148 120
48 148 120
48 147 2280
48 147 120
48 147 120
48 146 2400
48 146 120
48 146 120
48 146 120
48 145 2640
48 145 120
48 145 120
48 144 2760
48 144 120
48 144 120
48 144 120
48 143 3000
48 143 120
48 143 120
48 142 3120
48 142 120
48 142 120
48 141 3240
48 141 120
48 141 120
48 140 3360
48 140 120
48 139 3360
48 139 120
48 138 3360
48 137 3360
48 136 3360
48 135 120
48 135 120
48 135 120
48 135 120
48 135 120
48 135 120
48 135 120
48 135 120
48 135 120
48 135 120
48 135 120
48 135 120
48 135 120
48 135 120
48 135 120
48 135 120
48 134 1800
48 133 1800
48 132 1800
48 131 120
48 131 120
48 131 120
48 131 120
48 130 360
48 129 360
48 128 360
48 127 120
48 127 120
48 126 120
48 126 120
48 125 120
48 125 120
48 124 120
48 123 120
48 122 120
48 121 120
48 120 120
48 119 120
48 118 120
48 117 120
48 116 120
48 115 120
48 114 120
48 113 120
48 112 120
48 111 120
48 110 120
48 109 120
48 108 120
48 107 120
48 106 120
48 105 120
48 104 120
48 103 120
61 168 120
62 168 120
63 168 120
64 168 120
65 168 120
66 168 120
67 168 120
68 168 120
69 168 120
70 168 120
71 168 120
72 168 120
73 168 120
74 168 120
75 168 120
76 168 120
77 168 120
78 168 120
79 168 120
80 168 120
81 168 120
82 168 120
83 168 120
84 168 120
85 168 120
86 168 120
87 168 120
88 168 120
89 168 120
90 168 120
91 168 120
92 168 120
93 168 120
94 168 120
95 168 120
96 168 120
97 168 120
98 168 120
99 168 120
99 168 120
100 168 120
100 168 120
101 168 120
102 168 120
103 168 120
104 168 120
105 168 120
106 168 120
107 168 120
108 168 120
108 169 120
108 170 120
108 171 120
108 172 120
108 173 120
108 174 120
108 175 120
108 176 120
108 177 120
108 178 120
108 179 120
108 180 120
108 181 120
108 182 120
108 183 120
108 184 120
108 185 120
108 186 120
108 187 120
108 188 120
108 189 120
108 190 120
108 191 120
108 192 120
170 186 120
169 186 120
168 186 120
167 186 120
166 186 120
165 186 120
165 185 120
165 184 120
165 183 120
165 182 120
165 181 120
165 180 120
165 179 120
165 179 120
165 178 120
165 178 120
165 178 120
165 177 240
165 177 120
165 177 120
165 177 120
165 176 480
165 176 120
165 176 120
165 176 120
165 175 720
165 175 120
165 175 120
165 175 120
165 174 960
165 174 120
165 174 120
165 174 120
165 173 1200
165 173 120
165 173 120
165 172 1320
165 172 120
165 172 120
165 171 1440
165 171 120
165 170 1440
165 170 120
165 169 1440
165 168 1440
165 167 1440
165 166 120
165 166 120
165 166 120
165 166 120
165 166 120
165 166 120
165 166 120
165 166 120
165 166 120
165 166 120
165 166 120
165 166 120
165 165 1320
165 165 120
165 164 1320
165 164 120
165 163 1320
165 162 1320
165 161 1320
165 160 120
165 160 120
165 160 120
165 160 120
165 160 120
165 159 480
165 158 480
165 157 480
165 156 120
165 156 120
165 155 120
165 155 120
165 154 120
165 153 120
165 152 120
165 151 120
165 150 120
165 149 120
165 148 120
165 147 120
165 146 120
165 145 120
165 144 120
165 143 120
165 142 120
165 141 120
165 140 120
185 115 120
184 115 120
183 115 120
182 115 120
181 115 120
180 115 120
179 115 120
178 115 120
177 115 120
176 115 120
175 115 120
174 115 120
174 115 120
173 115 120
173 115 120
172 115 120
172 115 120
171 115 120
171 115 120
170 115 120
170 115 120
170 115 120
169 115 240
169 115 120
168 115 240
168 115 120
168 115 120
167 115 360
167 115 120
167 115 120
166 115 480
166 115 120
165 115 480
165 115 120
165 116 480
165 117 480
165 118 480
165 119 120
165 119 120
165 119 120
165 120 240
165 120 120
165 121 240
165 122 240
165 123 240
165 124 120
165 125 120
165 126 120
165 127 120
165 128 120
165 129 120
165 130 120
165 131 120
165 132 120
165 133 120
165 134 120
165 135 120
165 136 120
165 137 120
165 138 120
165 139 120
186 115 120
187 115 120
188 115 120
189 115 120
190 115 120
191 115 120
191 114 120
191 113 120
191 112 120
191 111 120
191 110 120
191 109 120
191 108 120
191 107 120
191 106 120
191 105 120
191 104 120
191 103 120
191 102 120
191 101 120
191 100 120
191 99 120
191 98 120
191 97 120
191 96 120
191 95 120
191 94 120
191 93 120
191 92 120
191 91 120
191 90 120
191 90 120
191 89 120
191 89 120
191 88 120
191 88 120
191 88 120
191 87 240
191 87 120
191 87 120
191 86 360
191 86 120
191 86 120
191 85 480
191 85 120
191 85 120
191 85 120
191 84 720
191 84 120
191 84 120
191 84 120
191 84 120
191 83 1080
191 83 120
191 83 120
191 83 120
191 83 120
191 83 120
191 82 1560
191 82 120
191 82 120
191 82 120
191 82 120
191 81 1920
191 81 120
191 81 120
191 81 120
191 81 120
191 80 2280
191 80 120
191 80 120
191 79 2400
191 79 120
191 79 120
191 79 120
191 78 2640
191 78 120
191 78 120
191 77 2760
191 77 120
191 77 120
191 76 2880
191 76 120
191 76 120
191 75 3000
191 75 120
191 75 120
191 74 3120
191 74 120
191 73 3120
191 73 120
191 72 3120
191 72 120
191 72 120
191 71 3240
191 71 120
191 71 120
191 70 3360
191 70 120
191 70 120
191 69 3480
191 69 120
191 69 120
191 68 3600
191 68 120
191 68 120
191 67 3720
191 67 120
191 66 3720
191 66 120
191 65 3720
191 65 120
191 64 3720
191 63 3720
191 62 3720
191 61 120
191 61 120
191 61 120
191 61 120
191 61 120
191 61 120
191 61 120
191 61 120
191 61 120
191 61 120
191 61 120
191 61 120
191 61 120
191 61 120
191 61 120
191 61 120
191 61 120
191 61 120
191 61 120
191 61 120
191 61 120
191 61 120
191 61 120
191 61 120
191 60 2760
191 59 2760
191 58 2760
191 57 120
191 57 120
191 57 120
191 57 120
191 57 120
191 57 120
191 57 120
191 57 120
191 57 120
191 57 120
191 57 120
191 56 1200
191 55 1200
191 54 1200
191 53 120
191 53 120
191 53 120
191 53 120
191 53 120
191 53 120
191 53 120
191 52 720
191 52 120
191 51 720
191 50 720
191 49 720
191 48 120
191 48 120
191 48 120
191 48 120
191 47 360
191 46 360
191 45 360
191 44 120
191 43 120
191 42 120
191 41 120
191 40 120
191 39 120
191 38 120
191 37 120
191 36 120
191 36 120
191 35 120
191 35 120
191 35 120
191 34 240
191 34 120
191 33 240
191 33 120
191 33 120
191 33 120
191 32 480
191 32 120
191 32 120
191 31 600
191 31 120
191 31 120
191 30 720
191 30 120
191 30 120
191 30 120
191 29 960
191 29 120
191 29 120
191 28 1080
191 28 120
191 28 120
191 28 120
191 27 1320
191 27 120
191 26 1320
191 25 1320
191 24 1320
191 23 120
191 23 120
191 23 120
191 23 120
191 23 120
191 23 120
191 23 120
191 23 120
191 22 840
191 21 840
191 20 840
191 19 120
191 19 120
191 19 120
191 18 240
191 17 240
191 16 240
191 15 120
191 14 120
191 13 120
191 12 120
191 11 120
191 10 120
191 9 120
191 8 120
191 7 120
191 6 120
191 5 120
191 4 120
191 3 120
191 2 120
191 1 120
191 0 120
190 0 120
189 0 120
188 0 120
187 0 120
187 0 120
186 0 120
186 0 120
185 0 120
185 0 120
184 0 120
184 0 120
183 0 120
183 0 120
182 0 120
181 0 120
180 0 120
179 0 120
178 0 120
177 0 120
176 0 120
175 0 120
175 0 120
174 0 120
174 0 120
173 0 120
173 0 120
173 0 120
172 0 240
172 0 120
172 0 120
171 0 360
171 0 120
171 0 120
171 0 120
170 0 600
170 0 120
170 0 120
169 0 720
169 0 120
169 0 120
169 0 120
169 0 120
168 0 1080
168 0 120
168 0 120
168 0 120
168 0 120
167 0 1440
167 0 120
167 0 120
167 0 120
167 0 120
166 0 1800
166 0 120
166 0 120
166 0 120
165 0 2040
165 0 120
165 0 120
165 0 120
164 0 2280
164 0 120
164 0 120
163 0 2400
163 0 120
163 0 120
162 0 2520
162 0 120
161 0 2520
161 0 120
160 0 2520
160 0 120
160 0 120
159 0 2640
159 0 120
159 0 120
158 0 2760
158 0 120
157 0 2760
157 0 120
156 0 2760
156 0 120
156 0 120
155 0 2880
155 0 120
155 0 120
155 0 120
154 0 3120
154 0 120
154 0 120
154 0 120
153 0 3360
153 0 120
153 0 120
153 0 120
153 0 120
152 0 3720
152 0 120
152 0 120
152 0 120
152 0 120
151 0 4080
151 0 120
151 0 120
150 0 4200
150 0 120
150 0 120
149 0 4320
149 0 120
149 0 120
148 0 4440
148 0 120
148 0 120
147 0 4560
147 0 120
146 0 4560
146 0 120
146 0 120
145 0 4680
145 0 120
145 0 120
144 0 4800
144 0 120
143 0 4800
143 0 120
142 0 4800
141 0 4800
140 0 4800
139 0 120
139 0 120
139 0 120
139 0 120
139 0 120
139 0 120
139 0 120
139 0 120
139 0 120
139 0 120
139 0 120
139 0 120
139 0 120
139 0 120
139 0 120
139 0 120
139 0 120
139 0 120
139 0 120
139 0 120
139 0 120
139 0 120
139 0 120
139 0 120
139 0 120
139 0 120
139 0 120
139 0 120
139 0 120
139 0 120
139 0 120
139 0 120
139 0 120
139 0 120
139 0 120
139 0 120
139 0 120
138 0 4320
137 0 4320
136 0 4320
135 0 120
135 0 120
135 0 120
135 0 120
135 0 120
135 0 120
135 0 120
135 0 120
135 0 120
135 0 120
135 0 120
135 0 120
135 0 120
135 0 120
135 0 120
135 0 120
135 0 120
135 0 120
135 0 120
135 0 120
135 0 120
135 0 120
135 0 120
135 0 120
135 0 120
135 0 120
135 0 120
135 0 120
135 0 120
135 0 120
135 0 120
135 0 120
135 0 120
135 0 120
134 0 3960
134 0 120
134 0 120
133 0 4080
133 0 120
133 0 120
132 0 4200
132 0 120
132 0 120
131 0 4320
131 0 120
131 0 120
130 0 4440
130 0 120
130 0 120
129 0 4560
128 0 4560
127 0 4560
126 0 120
126 0 120
126 0 120
126 0 120
126 0 120
126 0 120
126 0 120
126 0 120
126 0 120
126 0 120
126 0 120
126 0 120
126 0 120
126 0 120
126 0 120
126 0 120
126 0 120
126 0 120
126 0 120
126 0 120
126 0 120
126 0 120
126 0 120
126 0 120
126 0 120
126 0 120
126 0 120
126 0 120
126 0 120
126 0 120
125 0 3480
124 0 3480
123 0 3480
122 0 120
122 0 120
122 0 120
122 0 120
122 0 120
122 0 120
122 0 120
122 0 120
122 0 120
122 0 120
122 0 120
122 0 120
122 0 120
122 0 120
122 0 120
122 0 120
121 0 1800
120 0 1800
119 0 1800
118 0 120
118 0 120
118 0 120
118 0 120
118 0 120
118 0 120
118 0 120
118 0 120
117 0 840
116 0 840
115 0 840
114 0 120
114 0 120
114 0 120
113 0 240
112 0 240
111 0 240
110 0 120
109 0 120
108 0 120
107 0 120
106 0 120
105 0 120
104 0 120
104 1 120
104 2 120
104 3 120
105 3 120
106 3 120
107 3 120
108 3 120
109 3 120
110 3 120
111 3 120
112 3 120
113 3 120
114 3 120
114 3 120
115 3 120
115 3 120
116 3 120
116 3 120
116 3 120
117 3 240
117 3 120
117 4 240
117 4 120
117 5 240
117 6 240
117 7 240
117 8 120
117 8 120
117 9 120
117 9 120
117 10 120
117 11 120
117 12 120
117 13 120
117 14 120
117 15 120
117 16 120
117 17 120
117 18 120
117 19 120
117 20 120
117 21 120
117 22 120
117 23 120
117 24 120
117 25 120
117 26 120
117 27 120
25 67 120
26 67 120
27 67 120
28 67 120
29 67 120
30 67 120
31 67 120
32 67 120
33 67 120
34 67 120
35 67 120
35 67 120
35 67 120
36 67 240
36 67 120
36 67 120
36 67 120
37 67 480
37 67 120
37 67 120
37 67 120
37 67 120
37 67 120
38 67 960
38 67 120
38 67 120
38 67 120
38 67 120
38 67 120
38 67 120
39 67 1560
39 67 120
39 67 120
39 67 120
39 67 120
39 67 120
39 67 120
40 67 2160
40 67 120
40 67 120
40 67 120
40 67 120
40 67 120
40 67 120
41 67 2760
41 67 120
41 67 120
41 67 120
41 67 120
41 67 120
41 67 120
42 67 3360
42 67 120
42 67 120
42 67 120
42 67 120
43 67 3720
43 67 120
43 67 120
43 67 120
44 67 3960
44 67 120
44 67 120
45 67 4080
45 67 120
46 67 4080
47 67 4080
48 67 4080
49 67 120
49 67 120
49 67 120
49 67 120
49 67 120
49 67 120
49 67 120
49 67 120
49 67 120
49 67 120
49 67 120
49 67 120
49 67 120
49 67 120
49 67 120
49 67 120
49 67 120
49 67 120
49 67 120
49 67 120
49 67 120
49 67 120
49 67 120
49 67 120
49 67 120
49 67 120
49 67 120
49 67 120
49 67 120
50 67 3360
51 67 3360
52 67 3360
53 67 120
53 67 120
53 67 120
53 67 120
53 67 120
53 67 120
53 67 120
53 67 120
53 67 120
53 67 120
53 67 120
53 67 120
53 67 120
53 67 120
53 67 120
53 67 120
54 67 1800
55 67 1800
56 67 1800
57 67 120
57 67 120
57 67 120
57 67 120
57 67 120
57 67 120
57 67 120
57 67 120
57 67 120
57 67 120
58 67 1080
59 67 1080
60 67 1080
61 67 120
61 67 120
61 67 120
61 67 120
61 67 120
62 67 480
63 67 480
64 67 480
64 66 120
64 66 120
64 65 120
64 65 120
64 64 120
64 63 120
64 62 120
64 61 120
64 60 120
