75 69 100
76 69 100
77 69 100
78 69 100
79 69 100
80 69 100
81 69 100
82 69 100
83 69 100
84 69 100
85 69 100
86 69 100
87 69 100
88 69 100
89 69 100
90 69 100
91 69 100
92 69 100
93 69 100
94 69 100
95 69 100
96 69 100
97 69 100
98 69 100
99 69 100
100 69 100
101 69 100
102 69 100
103 69 100
104 69 100
105 69 100
106 69 100
107 69 100
108 69 100
109 69 100
110 69 100
111 69 100
112 69 100
113 69 100
114 69 100
115 69 100
116 69 100
117 69 100
118 69 100
119 69 100
120 69 100
121 69 100
122 69 100
123 69 100
123 69 100
124 69 100
124 69 100
125 69 100
125 69 100
125 69 100
126 69 200
126 69 100
127 69 200
127 69 100
127 69 100
128 69 300
128 69 100
128 69 100
129 69 400
129 69 100
129 69 100
130 69 500
130 69 100
130 69 100
131 69 600
131 69 100
131 69 100
132 69 700
132 69 100
132 69 100
133 69 800
133 69 100
134 69 800
134 69 100
135 69 800
135 69 100
136 69 800
136 69 100
137 69 800
137 69 100
138 69 800
138 69 100
139 69 800
139 69 100
139 69 100
140 69 900
140 69 100
140 69 100
141 69 1000
141 69 100
141 69 100
142 69 1100
142 69 100
142 69 100
143 69 1200
143 69 100
143 69 100
144 69 1300
144 69 100
144 69 100
145 69 1400
145 69 100
146 69 1400
146 69 100
147 69 1400
148 69 1400
149 69 1400
150 69 100
150 69 100
150 69 100
150 69 100
150 69 100
150 69 100
150 69 100
150 69 100
150 69 100
151 69 800
152 69 800
153 69 800
154 69 100
154 69 100
154 69 100
154 69 100
155 69 300
156 69 300
157 69 300
158 69 100
158 69 100
159 69 100
159 69 100
160 69 100
160 69 100
161 69 100
161 69 100
162 69 100
162 69 100
163 69 100
163 69 100
164 69 100
164 69 100
165 69 100
165 69 100
166 69 100
167 69 100
168 69 100
169 69 100
170 69 100
171 69 100
172 69 100
173 69 100
174 69 100
175 69 100
175 70 100
175 71 100
175 72 100
175 73 100
175 74 100
175 75 100
175 76 100
175 77 100
175 78 100
175 79 100
175 80 100
175 81 100
175 82 100
175 83 100
175 83 100
175 84 100
175 84 100
175 85 100
175 85 100
175 86 100
175 86 100
175 87 100
175 87 100
175 88 100
175 88 100
175 89 100
175 89 100
175 90 100
175 90 100
175 91 100
175 91 100
175 92 100
175 92 100
175 93 100
175 93 100
175 94 100
175 94 100
175 95 100
175 95 100
175 96 100
175 97 100
175 98 100
175 99 100
175 100 100
175 101 100
175 102 100
175 103 100
175 104 100
175 105 100
175 106 100
175 107 100
175 108 100
175 109 100
175 110 100
175 111 100
114 68 100
114 67 100
114 66 100
114 65 100
114 64 100
114 63 100
114 62 100
114 61 100
114 60 100
114 59 100
114 58 100
114 57 100
114 56 100
114 55 100
114 54 100
114 53 100
114 52 100
114 51 100
114 50 100
114 49 100
114 48 100
114 47 100
114 46 100
114 45 100
114 44 100
114 43 100
114 42 100
114 41 100
114 40 100
114 39 100
114 38 100
114 37 100
114 36 100
114 35 100
114 34 100
114 33 100
114 32 100
74 69 100
73 69 100
72 69 100
71 69 100
70 69 100
69 69 100
68 69 100
67 69 100
66 69 100
65 69 100
64 69 100
63 69 100
62 69 100
61 69 100
60 69 100
59 69 100
58 69 100
57 69 100
57 69 100
56 69 100
56 69 100
55 69 100
55 69 100
55 69 100
54 69 200
54 69 100
53 69 200
53 69 100
52 69 200
52 69 100
51 69 200
51 69 100
50 69 200
50 69 100
50 69 100
49 69 300
49 69 100
48 69 300
48 69 100
47 69 300
47 69 100
47 69 100
46 69 400
46 69 100
45 69 400
45 69 100
44 69 400
44 69 100
44 69 100
43 69 500
43 69 100
43 69 100
42 69 600
42 69 100
42 69 100
41 69 700
41 69 100
41 69 100
41 69 100
41 69 100
40 69 1000
40 69 100
40 69 100
40 69 100
39 69 1200
39 69 100
39 69 100
39 69 100
39 69 100
38 69 1500
38 69 100
38 69 100
38 69 100
38 69 100
38 69 100
37 69 1900
37 69 100
37 69 100
37 69 100
37 69 100
36 69 2200
36 69 100
36 69 100
36 69 100
36 69 100
35 69 2500
35 69 100
35 69 100
35 69 100
34 69 2700
34 69 100
34 69 100
34 69 100
33 69 2900
33 69 100
32 69 2900
32 69 100
31 69 2900
31 69 100
31 68 2900
31 67 2900
31 66 2900
31 65 100
31 65 100
31 65 100
31 65 100
31 65 100
31 65 100
31 65 100
31 65 100
31 65 100
31 65 100
31 65 100
31 65 100
31 65 100
31 65 100
31 65 100
31 65 100
31 65 100
31 65 100
31 65 100
31 65 100
31 65 100
31 64 2000
31 63 2000
31 62 2000
31 61 100
31 61 100
31 61 100
31 61 100
31 61 100
31 61 100
31 61 100
31 61 100
31 61 100
31 61 100
31 61 100
31 61 100
31 60 1100
31 59 1100
31 58 1100
31 57 100
31 57 100
31 57 100
31 57 100
31 57 100
31 57 100
31 57 100
31 57 100
31 57 100
31 57 100
31 57 100
31 56 1000
31 55 1000
31 54 1000
31 53 100
31 53 100
31 53 100
31 53 100
31 53 100
31 53 100
31 53 100
31 53 100
31 53 100
31 52 800
31 51 800
31 50 800
31 49 100
31 49 100
31 49 100
31 49 100
31 49 100
31 48 400
31 48 100
31 47 400
31 47 100
31 46 400
31 45 400
31 44 400
31 43 100
31 43 100
31 43 100
31 43 100
31 42 300
31 42 100
31 41 300
31 40 300
31 39 300
31 38 100
31 38 100
31 37 100
31 37 100
31 36 100
31 36 100
31 35 100
31 34 100
31 33 100
31 32 100
31 31 100
31 30 100
31 29 100
31 28 100
31 27 100
31 26 100
31 25 100
31 24 100
31 23 100
31 22 100
31 21 100
31 20 100
31 19 100
31 18 100
31 17 100
30 69 100
30 69 100
30 69 100
30 69 100
30 69 100
30 69 100
30 69 100
30 69 100
30 69 100
30 69 100
30 69 100
30 69 100
30 69 100
30 69 100
30 69 100
30 69 100
30 69 100
30 69 100
30 69 100
30 69 100
30 69 100
30 69 100
30 69 100
30 69 100
30 69 100
30 69 100
30 69 100
30 69 100
30 69 100
29 69 2800
28 69 2800
27 69 2800
26 69 100
26 69 100
26 69 100
26 69 100
26 69 100
26 69 100
26 69 100
26 69 100
26 69 100
26 69 100
26 69 100
26 69 100
26 69 100
26 69 100
26 69 100
26 69 100
26 69 100
26 69 100
26 69 100
26 69 100
26 69 100
26 69 100
26 69 100
26 69 100
26 69 100
26 69 100
26 69 100
26 69 100
25 69 2700
25 69 100
25 69 100
24 69 2800
24 69 100
24 69 100
23 69 2900
23 69 100
23 69 100
23 69 100
22 69 3100
22 69 100
22 69 100
21 69 3200
21 69 100
21 69 100
20 69 3300
20 69 100
20 70 3300
20 70 100
20 70 100
20 71 3400
20 71 100
20 72 3400
20 72 100
20 72 100
20 73 3500
20 73 100
20 74 3500
20 74 100
20 75 3500
20 75 100
20 76 3500
20 77 3500
20 78 3500
20 79 100
20 79 100
20 79 100
20 79 100
20 79 100
20 79 100
20 79 100
20 79 100
20 79 100
20 79 100
20 79 100
20 79 100
20 79 100
20 79 100
20 79 100
20 79 100
20 79 100
20 79 100
20 79 100
20 79 100
20 79 100
20 79 100
20 79 100
20 79 100
20 79 100
20 79 100
20 79 100
20 79 100
20 80 2700
20 81 2700
20 82 2700
20 83 100
20 83 100
20 83 100
20 83 100
20 83 100
20 83 100
20 83 100
20 83 100
20 83 100
20 83 100
20 83 100
20 83 100
20 83 100
20 83 100
20 83 100
20 83 100
20 83 100
20 84 1600
20 85 1600
20 86 1600
20 87 100
20 87 100
20 87 100
20 87 100
20 87 100
20 87 100
20 87 100
20 87 100
20 87 100
20 87 100
20 87 100
20 88 1000
20 88 100
20 89 1000
20 89 100
20 90 1000
20 90 100
20 91 1000
20 91 100
20 92 1000
20 92 100
20 93 1000
20 94 1000
20 95 1000
20 96 100
20 96 100
20 96 100
20 96 100
20 96 100
20 96 100
20 96 100
20 97 600
20 98 600
21 98 600
22 98 100
22 98 100
22 98 100
22 98 100
22 98 100
23 98 400
23 98 100
24 98 400
24 98 100
25 98 400
25 98 100
26 98 400
26 98 100
27 98 400
27 98 100
28 98 400
28 98 100
28 98 100
29 98 500
29 98 100
30 98 500
30 98 100
30 98 100
31 98 600
31 98 100
31 98 100
32 98 700
32 98 100
32 98 100
33 98 800
33 98 100
33 98 100
34 98 900
34 98 100
35 98 900
35 98 100
36 98 900
37 98 900
38 98 900
39 98 100
39 98 100
39 98 100
39 98 100
39 98 100
39 98 100
40 98 500
40 98 100
41 98 500
41 98 100
41 99 500
41 99 100
41 100 500
41 101 500
41 102 500
41 103 100
41 103 100
41 103 100
41 103 100
41 104 300
41 105 300
41 106 300
41 107 100
41 107 100
41 108 100
41 108 100
41 109 100
41 109 100
41 109 100
41 110 200
41 110 100
41 111 200
41 111 100
41 112 200
41 112 100
41 113 200
41 113 100
41 113 100
41 114 300
41 114 100
41 115 300
41 115 100
41 116 300
41 116 100
41 117 300
41 117 100
41 118 300
41 118 100
41 119 300
41 120 300
41 121 300
41 122 100
41 122 100
41 123 100
41 123 100
41 124 100
41 124 100
41 125 100
41 126 100
41 127 100
41 128 100
41 128 100
41 129 100
41 129 100
41 130 100
41 130 100
41 131 100
41 131 100
41 132 100
41 132 100
41 133 100
41 133 100
41 134 100
41 134 100
41 135 100
41 136 100
41 137 100
41 138 100
41 139 100
41 140 100
41 141 100
41 142 100
41 143 100
41 144 100
41 145 100
41 146 100
41 147 100
41 148 100
41 149 100
41 150 100
41 151 100
41 152 100
41 153 100
41 154 100
41 155 100
41 156 100
41 157 100
41 158 100
41 159 100
41 160 100
41 161 100
41 162 100
41 163 100
41 164 100
41 165 100
41 166 100
41 167 100
41 168 100
41 169 100
41 170 100
41 171 100
41 172 100
41 173 100
41 174 100
41 175 100
41 176 100
41 177 100
41 178 100
41 179 100
41 180 100
41 181 100
41 182 100
41 183 100
41 184 100
41 185 100
