114 6 25
114 6 25
115 6 25
115 6 25
116 6 25
116 6 25
117 6 25
117 6 25
118 6 25
118 6 25
119 6 25
119 6 25
119 6 25
120 6 25
120 6 25
120 6 25
121 6 25
121 6 25
121 6 25
121 6 25
122 6 25
122 6 25
122 6 25
122 6 25
122 6 25
123 6 25
123 6 25
123 6 25
123 6 25
123 6 25
123 6 25
124 6 25
124 6 25
124 6 25
124 6 25
124 6 25
124 6 25
125 6 25
125 6 25
125 6 25
125 6 25
125 6 25
125 6 25
126 6 25
126 6 25
126 6 25
126 6 25
126 6 25
127 6 25
127 6 25
127 6 25
127 6 25
127 6 25
128 6 25
128 6 25
128 6 25
128 6 25
129 6 25
129 6 25
129 6 25
130 6 25
130 6 25
130 6 25
131 6 25
131 6 25
131 6 25
132 6 25
132 6 25
133 6 25
133 6 25
134 6 25
134 6 25
135 6 25
135 6 25
136 6 25
136 6 25
137 6 25
137 6 25
138 6 25
138 6 25
139 6 25
139 6 25
140 6 25
140 6 25
141 6 25
141 6 25
142 6 25
143 6 25
144 6 25
145 6 25
146 6 25
147 6 25
148 6 25
149 6 25
150 6 25
151 6 25
152 6 25
153 6 25
154 6 25
154 7 25
154 8 25
154 9 25
154 10 25
154 11 25
154 12 25
154 13 25
154 14 25
154 15 25
154 16 25
154 17 25
154 18 25
141 38 25
142 38 25
143 38 25
144 38 25
145 38 25
146 38 25
147 38 25
148 38 25
149 38 25
150 38 25
151 38 25
152 38 25
153 38 25
154 38 25
154 37 25
154 36 25
154 35 25
154 34 25
154 33 25
154 32 25
154 31 25
154 30 25
154 29 25
154 28 25
154 27 25
154 26 25
154 25 25
154 24 25
154 23 25
154 22 25
154 21 25
154 20 25
154 19 25
140 38 25
140 38 25
139 38 25
139 38 25
138 38 25
138 38 25
138 38 25
137 38 25
137 38 25
137 38 25
137 38 25
136 38 25
136 38 25
136 38 25
136 38 25
135 38 25
135 38 25
135 38 25
135 38 25
135 38 25
134 38 25
134 38 25
134 38 25
134 38 25
134 38 25
134 38 25
133 38 25
133 38 25
133 38 25
133 38 25
133 38 25
133 38 25
132 38 25
132 38 25
132 38 25
132 38 25
132 38 25
132 38 25
132 38 25
131 38 25
131 38 25
131 38 25
131 38 25
131 38 25
131 38 25
131 38 25
131 38 25
130 38 25
130 38 25
130 38 25
130 38 25
130 38 25
130 38 25
130 38 25
130 38 25
130 38 25
130 38 25
129 38 25
129 38 25
129 38 25
129 38 25
129 38 25
129 38 25
129 38 25
129 38 25
129 38 25
129 38 25
129 38 25
129 38 25
128 38 25
128 38 25
128 38 25
128 38 25
128 38 25
128 38 25
128 38 25
128 38 25
128 38 25
128 38 25
128 38 25
128 38 25
128 38 25
128 38 25
127 38 25
127 38 25
127 38 25
127 38 25
127 38 25
127 38 25
127 38 25
127 38 25
127 38 25
127 38 25
127 38 25
127 38 25
127 38 25
127 38 25
127 38 25
127 38 25
127 38 25
126 38 25
126 38 25
126 38 25
126 38 25
126 38 25
126 38 25
126 38 25
126 38 25
126 38 25
126 38 25
126 38 25
126 38 25
126 38 25
126 38 25
126 38 25
126 38 25
126 38 25
126 38 25
126 38 25
126 38 25
126 38 25
125 38 25
125 38 25
125 38 25
125 38 25
125 38 25
125 38 25
125 38 25
125 38 25
125 38 25
125 38 25
125 38 25
125 38 25
125 38 25
125 38 25
125 38 25
125 38 25
125 38 25
125 38 25
125 38 25
125 38 25
125 38 25
125 38 25
125 38 25
125 38 25
125 38 25
124 38 25
124 38 25
124 38 25
124 38 25
124 38 25
124 38 25
124 38 25
124 38 25
124 38 25
124 38 25
124 38 25
124 38 25
124 38 25
124 38 25
124 38 25
124 38 25
124 38 25
124 38 25
124 38 25
124 38 25
124 38 25
124 38 25
124 38 25
124 38 25
124 38 25
124 38 25
124 38 25
124 38 25
124 38 25
123 38 25
123 38 25
123 38 25
123 38 25
123 38 25
123 38 25
123 38 25
123 38 25
123 38 25
123 38 25
123 38 25
123 38 25
123 38 25
123 38 25
123 38 25
123 38 25
123 38 25
123 38 25
123 38 25
123 38 25
123 38 25
123 38 25
123 38 25
123 38 25
123 38 25
123 38 25
123 38 25
123 38 25
123 38 25
123 38 25
123 38 25
123 38 25
123 38 25
123 38 25
122 38 25
122 38 25
122 38 25
122 38 25
122 38 25
122 38 25
122 38 25
122 38 25
122 38 25
122 38 25
122 38 25
122 38 25
122 38 25
122 38 25
122 38 25
122 38 25
122 38 25
122 38 25
122 38 25
122 38 25
122 38 25
122 38 25
122 38 25
122 38 25
122 38 25
122 38 25
122 38 25
122 38 25
122 38 25
122 38 25
122 38 25
122 38 25
122 38 25
122 38 25
122 38 25
122 38 25
122 38 25
122 38 25
121 38 25
121 38 25
121 38 25
121 38 25
121 38 25
121 38 25
121 38 25
121 38 25
121 38 25
121 38 25
121 38 25
121 38 25
121 38 25
121 38 25
121 38 25
121 38 25
121 38 25
121 38 25
121 38 25
121 38 25
121 38 25
121 38 25
121 38 25
121 38 25
121 38 25
121 38 25
121 38 25
121 38 25
121 38 25
121 38 25
121 38 25
121 38 25
121 38 25
121 38 25
121 38 25
121 38 25
121 38 25
121 38 25
121 38 25
121 38 25
121 38 25
121 38 25
121 38 25
120 38 25
120 38 25
120 38 25
120 38 25
120 38 25
120 38 25
120 38 25
120 38 25
120 38 25
120 38 25
120 38 25
120 38 25
120 38 25
120 38 25
120 38 25
120 38 25
120 38 25
120 38 25
120 38 25
120 38 25
120 38 25
120 38 25
120 38 25
120 38 25
120 38 25
120 38 25
120 38 25
120 38 25
120 38 25
120 38 25
120 38 25
120 38 25
120 38 25
120 38 25
120 38 25
120 38 25
120 38 25
120 38 25
120 38 25
120 38 25
120 38 25
120 38 25
120 38 25
120 38 25
120 38 25
120 38 25
120 38 25
119 38 25
119 38 25
119 38 25
119 38 25
119 38 25
119 38 25
119 38 25
119 38 25
119 38 25
119 38 25
119 38 25
119 38 25
119 38 25
119 38 25
119 38 25
119 38 25
119 38 25
119 38 25
119 38 25
119 38 25
119 38 25
119 38 25
119 38 25
119 38 25
119 38 25
119 38 25
119 38 25
119 38 25
119 38 25
119 38 25
119 38 25
119 38 25
119 38 25
119 38 25
119 38 25
119 38 25
119 38 25
119 38 25
119 38 25
119 38 25
119 38 25
119 38 25
119 38 25
119 38 25
119 38 25
119 38 25
119 38 25
119 38 25
119 38 25
119 38 25
119 38 25
118 38 25
118 38 25
118 38 25
118 38 25
118 38 25
118 38 25
118 38 25
118 38 25
118 38 25
118 38 25
118 38 25
118 38 25
118 38 25
118 38 25
118 38 25
118 38 25
118 38 25
118 38 25
118 38 25
118 38 25
118 38 25
118 38 25
118 38 25
118 38 25
118 38 25
118 38 25
118 38 25
118 38 25
118 38 25
118 38 25
118 38 25
118 38 25
118 38 25
118 38 25
118 38 25
118 38 25
118 38 25
118 38 25
118 38 25
118 38 25
118 38 25
118 38 25
118 38 25
118 38 25
118 38 25
118 38 25
118 38 25
118 38 25
118 38 25
118 38 25
118 38 25
118 38 25
117 38 25
117 38 25
117 38 25
117 38 25
117 38 25
117 38 25
117 38 25
117 38 25
117 38 25
117 38 25
117 38 25
117 38 25
117 38 25
117 38 25
117 38 25
117 38 25
117 38 25
117 38 25
117 38 25
117 38 25
117 38 25
117 38 25
117 38 25
117 38 25
117 38 25
117 38 25
117 38 25
117 38 25
117 38 25
117 38 25
117 38 25
117 38 25
117 38 25
117 38 25
117 38 25
117 38 25
117 38 25
117 38 25
117 38 25
117 38 25
117 38 25
117 38 25
117 38 25
117 38 25
117 38 25
117 38 25
117 38 25
117 38 25
117 38 25
117 38 25
117 38 25
117 38 25
117 38 25
117 38 25
116 38 25
116 38 25
116 38 25
116 38 25
116 38 25
116 38 25
116 38 25
116 38 25
116 38 25
116 38 25
116 38 25
116 38 25
116 38 25
116 38 25
116 38 25
116 38 25
116 38 25
116 38 25
116 38 25
116 38 25
116 38 25
116 38 25
116 38 25
116 38 25
116 38 25
116 38 25
116 38 25
116 38 25
116 38 25
116 38 25
116 38 25
116 38 25
116 38 25
116 38 25
116 38 25
116 38 25
116 38 25
116 38 25
116 38 25
116 38 25
116 38 25
116 38 25
116 38 25
116 38 25
116 38 25
116 38 25
116 38 25
116 38 25
116 38 25
116 38 25
116 38 25
116 38 25
116 38 25
116 38 25
116 38 25
116 38 25
116 39 1375
116 39 25
116 39 25
116 39 25
116 39 25
116 39 25
116 39 25
116 40 25
116 40 25
116 40 25
116 40 25
116 40 25
116 40 25
116 40 25
116 40 25
116 40 25
116 40 25
116 40 25
116 40 25
116 40 25
116 40 25
116 40 25
116 40 25
116 40 25
116 40 25
116 40 25
116 40 25
116 40 25
116 40 25
116 40 25
116 40 25
116 40 25
116 40 25
116 40 25
116 40 25
116 40 25
116 40 25
116 40 25
116 40 25
116 40 25
116 40 25
116 40 25
116 40 25
116 40 25
116 40 25
116 40 25
116 40 25
116 40 25
116 40 25
116 40 25
116 40 25
116 40 25
116 40 25
116 40 25
116 40 25
116 40 25
116 40 25
116 40 25
116 40 25
116 40 25
116 40 25
116 40 25
116 40 25
116 40 25
116 40 25
116 40 25
116 40 25
116 40 25
116 40 25
116 40 25
116 40 25
116 41 25
116 41 25
116 41 25
116 41 25
116 41 25
116 41 25
116 41 25
116 41 25
116 41 25
116 41 25
116 41 25
116 41 25
116 41 25
116 41 25
116 41 25
116 41 25
116 41 25
116 41 25
116 41 25
116 41 25
116 41 25
116 41 25
116 41 25
116 41 25
116 41 25
116 41 25
116 41 25
116 41 25
116 41 25
116 41 25
116 41 25
116 41 25
116 41 25
116 41 25
116 41 25
116 41 25
116 41 25
116 41 25
116 41 25
116 41 25
116 41 25
116 41 25
116 41 25
116 41 25
116 41 25
116 41 25
116 41 25
116 41 25
116 41 25
116 41 25
116 41 25
116 41 25
116 41 25
116 41 25
116 41 25
116 41 25
116 41 25
116 41 25
116 41 25
116 41 25
116 41 25
116 41 25
116 41 25
116 41 25
116 41 25
116 41 25
116 41 25
116 41 25
116 42 25
116 42 25
116 42 25
116 42 25
116 42 25
116 42 25
116 42 25
116 42 25
116 42 25
116 42 25
116 42 25
116 42 25
116 42 25
116 42 25
116 42 25
116 42 25
116 42 25
116 42 25
116 42 25
116 42 25
116 42 25
116 42 25
116 42 25
116 42 25
116 42 25
116 42 25
116 42 25
116 42 25
116 42 25
116 42 25
116 42 25
116 42 25
116 42 25
116 42 25
116 42 25
116 42 25
116 42 25
116 42 25
116 42 25
116 42 25
116 42 25
116 42 25
116 42 25
116 42 25
116 42 25
116 42 25
116 42 25
116 42 25
116 42 25
116 42 25
116 42 25
116 42 25
116 42 25
116 42 25
116 42 25
116 42 25
116 42 25
116 42 25
116 42 25
116 42 25
116 42 25
116 42 25
116 42 25
116 42 25
116 42 25
116 42 25
116 42 25
116 42 25
116 42 25
116 42 25
116 42 25
116 42 25
116 42 25
116 42 25
116 42 25
116 42 25
116 42 25
116 43 25
116 43 25
116 43 25
116 43 25
116 43 25
116 43 25
116 43 25
116 43 25
116 43 25
116 43 25
116 43 25
116 43 25
116 43 25
116 43 25
116 43 25
116 43 25
116 43 25
116 43 25
116 43 25
116 43 25
116 43 25
116 43 25
116 43 25
116 43 25
116 43 25
116 43 25
116 43 25
116 43 25
116 43 25
116 43 25
116 43 25
116 43 25
116 43 25
116 43 25
116 43 25
116 43 25
116 43 25
116 43 25
116 43 25
116 43 25
116 43 25
116 43 25
116 43 25
116 43 25
116 43 25
116 43 25
116 43 25
116 43 25
116 43 25
116 43 25
116 43 25
116 43 25
116 43 25
116 43 25
116 43 25
116 43 25
116 43 25
116 43 25
116 43 25
116 43 25
116 43 25
116 43 25
116 43 25
116 43 25
116 43 25
116 43 25
116 43 25
116 43 25
116 43 25
116 43 25
116 43 25
116 43 25
116 43 25
116 43 25
116 43 25
116 43 25
116 43 25
116 43 25
116 43 25
116 43 25
116 43 25
116 43 25
116 43 25
116 43 25
116 43 25
116 43 25
116 43 25
116 43 25
116 43 25
116 44 25
116 44 25
116 44 25
116 44 25
116 44 25
116 44 25
116 44 25
116 44 25
116 44 25
116 44 25
116 44 25
116 44 25
116 44 25
116 44 25
116 44 25
116 44 25
116 44 25
116 44 25
116 44 25
116 44 25
116 44 25
116 44 25
116 44 25
116 44 25
116 44 25
116 44 25
116 44 25
116 44 25
116 44 25
116 44 25
116 44 25
116 44 25
116 44 25
116 44 25
116 44 25
116 44 25
116 44 25
116 44 25
116 44 25
116 44 25
116 44 25
116 44 25
116 44 25
116 44 25
116 44 25
116 44 25
116 44 25
116 44 25
116 44 25
116 44 25
116 44 25
116 44 25
116 44 25
116 44 25
116 44 25
116 44 25
116 44 25
116 44 25
116 44 25
116 44 25
116 44 25
116 44 25
116 44 25
116 44 25
116 44 25
116 44 25
116 44 25
116 44 25
116 44 25
116 44 25
116 44 25
116 44 25
116 44 25
116 44 25
116 44 25
116 44 25
116 44 25
116 44 25
116 44 25
116 44 25
116 44 25
116 44 25
116 44 25
116 44 25
116 44 25
116 44 25
116 44 25
116 44 25
116 44 25
116 44 25
116 44 25
116 44 25
116 44 25
116 44 25
116 44 25
116 44 25
116 44 25
116 44 25
116 44 25
116 44 25
116 44 25
116 45 25
116 45 25
116 45 25
116 45 25
116 45 25
116 45 25
116 45 25
116 45 25
116 45 25
116 45 25
116 45 25
116 45 25
116 45 25
116 45 25
116 45 25
116 45 25
116 45 25
116 45 25
116 45 25
116 45 25
116 45 25
116 45 25
116 45 25
116 45 25
116 45 25
116 45 25
116 45 25
116 45 25
116 45 25
116 45 25
116 45 25
116 45 25
116 45 25
116 45 25
116 45 25
116 45 25
116 45 25
116 45 25
116 45 25
116 45 25
116 45 25
116 45 25
116 45 25
116 45 25
116 45 25
116 45 25
116 45 25
116 45 25
116 45 25
116 45 25
116 45 25
116 45 25
116 45 25
116 45 25
116 45 25
116 45 25
116 45 25
116 45 25
116 45 25
116 45 25
116 45 25
116 45 25
116 45 25
116 45 25
116 45 25
116 45 25
116 45 25
116 45 25
116 45 25
116 45 25
116 45 25
116 45 25
116 45 25
116 45 25
116 45 25
116 45 25
116 45 25
116 45 25
116 45 25
116 45 25
116 45 25
116 45 25
116 45 25
116 45 25
116 45 25
116 45 25
116 45 25
116 45 25
116 45 25
116 45 25
116 45 25
116 45 25
116 45 25
116 45 25
116 45 25
116 45 25
116 45 25
116 45 25
116 45 25
116 45 25
116 45 25
116 45 25
116 45 25
116 45 25
116 45 25
116 45 25
116 45 25
116 45 25
116 45 25
116 45 25
116 45 25
116 45 25
116 45 25
116 46 25
116 46 25
116 46 25
116 46 25
116 46 25
116 46 25
116 46 25
116 46 25
116 46 25
116 46 25
116 46 25
116 46 25
116 46 25
116 46 25
116 46 25
116 46 25
116 46 25
116 46 25
116 46 25
116 46 25
116 46 25
116 46 25
116 46 25
116 46 25
116 46 25
116 46 25
116 46 25
116 46 25
116 46 25
116 46 25
116 46 25
116 46 25
116 46 25
116 46 25
116 46 25
116 46 25
116 46 25
116 46 25
116 46 25
116 46 25
116 46 25
116 46 25
116 46 25
116 46 25
116 46 25
116 46 25
116 46 25
116 46 25
116 46 25
116 46 25
116 46 25
116 46 25
116 46 25
116 46 25
116 46 25
116 46 25
116 46 25
116 46 25
116 46 25
116 46 25
116 46 25
116 46 25
116 46 25
116 46 25
116 46 25
116 46 25
116 46 25
116 46 25
116 46 25
116 46 25
116 46 25
116 46 25
116 46 25
116 46 25
116 46 25
116 46 25
116 46 25
116 46 25
116 46 25
116 46 25
116 46 25
116 46 25
116 46 25
116 46 25
116 46 25
116 46 25
116 46 25
116 46 25
116 46 25
116 46 25
116 46 25
116 46 25
116 46 25
116 46 25
116 46 25
116 46 25
116 46 25
116 46 25
116 46 25
116 46 25
116 46 25
116 46 25
116 46 25
116 46 25
116 46 25
116 46 25
116 46 25
116 46 25
116 46 25
116 46 25
116 46 25
116 46 25
116 46 25
116 46 25
116 46 25
116 46 25
116 46 25
116 46 25
116 46 25
116 46 25
116 46 25
116 46 25
116 46 25
116 46 25
116 47 25
116 47 25
116 47 25
116 47 25
116 47 25
116 47 25
116 47 25
116 47 25
116 47 25
116 47 25
116 47 25
116 47 25
116 47 25
116 47 25
116 47 25
116 47 25
116 47 25
116 47 25
116 47 25
116 47 25
116 47 25
116 47 25
116 47 25
116 47 25
116 47 25
116 47 25
116 47 25
116 47 25
116 47 25
116 47 25
116 47 25
116 47 25
116 47 25
116 47 25
116 47 25
116 47 25
116 47 25
116 47 25
116 47 25
116 47 25
116 47 25
116 47 25
116 47 25
116 47 25
116 47 25
116 47 25
116 47 25
116 47 25
116 47 25
116 47 25
116 47 25
116 47 25
116 47 25
116 47 25
116 47 25
116 47 25
116 47 25
116 47 25
116 47 25
116 47 25
116 47 25
116 47 25
116 47 25
116 47 25
116 47 25
116 47 25
116 47 25
116 47 25
116 47 25
116 47 25
116 47 25
116 47 25
116 47 25
116 47 25
116 47 25
116 47 25
116 47 25
116 47 25
116 47 25
116 47 25
116 47 25
116 47 25
116 47 25
116 47 25
116 47 25
116 47 25
116 47 25
116 47 25
116 47 25
116 47 25
116 47 25
116 47 25
116 47 25
116 47 25
116 47 25
116 47 25
116 47 25
116 47 25
116 47 25
116 47 25
116 47 25
116 47 25
116 47 25
116 47 25
116 47 25
116 47 25
116 47 25
116 47 25
116 47 25
116 47 25
116 47 25
116 47 25
116 47 25
116 47 25
116 47 25
116 47 25
116 47 25
116 47 25
116 47 25
116 47 25
116 47 25
116 47 25
116 47 25
116 47 25
116 47 25
116 47 25
116 47 25
116 47 25
116 47 25
116 47 25
116 47 25
116 47 25
116 48 25
116 48 25
116 48 25
116 48 25
116 48 25
116 48 25
116 48 25
116 48 25
116 48 25
116 48 25
116 48 25
116 48 25
116 48 25
116 48 25
116 48 25
116 48 25
116 48 25
116 48 25
116 48 25
116 48 25
116 48 25
116 48 25
116 48 25
116 48 25
116 48 25
116 48 25
116 48 25
116 48 25
116 48 25
116 48 25
116 48 25
116 48 25
116 48 25
116 48 25
116 48 25
116 48 25
116 48 25
116 48 25
116 48 25
116 48 25
116 48 25
116 48 25
116 48 25
116 48 25
116 48 25
116 48 25
116 48 25
116 48 25
116 48 25
116 48 25
116 48 25
116 48 25
116 48 25
116 48 25
116 48 25
116 48 25
116 48 25
116 48 25
116 48 25
116 48 25
116 48 25
116 48 25
116 48 25
116 48 25
116 48 25
116 48 25
116 48 25
116 48 25
116 48 25
116 48 25
116 48 25
116 48 25
116 48 25
116 48 25
116 48 25
116 48 25
116 48 25
116 48 25
116 48 25
116 48 25
116 48 25
116 48 25
116 48 25
116 48 25
116 48 25
116 48 25
116 48 25
116 48 25
116 48 25
116 48 25
116 48 25
116 48 25
116 48 25
116 48 25
116 48 25
116 48 25
116 48 25
116 48 25
116 48 25
116 48 25
116 48 25
116 48 25
116 48 25
116 48 25
116 48 25
116 48 25
116 48 25
116 48 25
116 48 25
116 48 25
116 48 25
116 48 25
116 48 25
116 48 25
116 48 25
116 48 25
116 48 25
116 48 25
116 48 25
116 48 25
116 48 25
116 48 25
116 48 25
116 48 25
116 48 25
116 48 25
116 48 25
116 48 25
116 48 25
116 48 25
116 48 25
116 48 25
116 48 25
116 48 25
116 48 25
116 48 25
116 48 25
116 48 25
116 48 25
116 49 25
116 49 25
116 49 25
116 49 25
116 49 25
116 49 25
116 49 25
116 49 25
116 49 25
116 49 25
116 49 25
116 49 25
116 49 25
116 49 25
116 49 25
116 49 25
116 49 25
116 49 25
116 49 25
116 49 25
116 49 25
116 49 25
116 49 25
116 49 25
116 49 25
116 49 25
116 49 25
116 49 25
116 49 25
116 49 25
116 49 25
116 49 25
116 49 25
116 49 25
116 49 25
116 49 25
116 49 25
116 49 25
116 49 25
116 49 25
116 49 25
116 49 25
116 49 25
116 49 25
116 49 25
116 49 25
116 49 25
116 49 25
116 49 25
116 49 25
116 49 25
116 49 25
116 49 25
116 49 25
116 49 25
116 49 25
116 49 25
116 49 25
116 49 25
116 49 25
116 49 25
116 49 25
116 49 25
116 49 25
116 49 25
116 49 25
116 49 25
116 49 25
116 49 25
116 49 25
116 49 25
116 49 25
116 49 25
116 49 25
116 49 25
116 49 25
116 49 25
116 49 25
116 49 25
116 49 25
116 49 25
116 49 25
116 49 25
116 49 25
116 49 25
116 49 25
116 49 25
116 49 25
116 49 25
116 49 25
116 49 25
116 49 25
116 49 25
116 49 25
116 49 25
116 49 25
116 49 25
116 49 25
116 49 25
116 49 25
116 49 25
116 49 25
116 49 25
116 49 25
116 49 25
116 49 25
116 49 25
116 49 25
116 49 25
116 49 25
116 49 25
116 49 25
116 49 25
116 49 25
116 49 25
116 49 25
116 49 25
116 49 25
116 49 25
116 49 25
116 49 25
116 49 25
116 49 25
116 49 25
116 49 25
116 49 25
116 49 25
116 49 25
116 49 25
116 49 25
116 49 25
116 49 25
116 49 25
116 49 25
116 49 25
116 49 25
116 49 25
116 49 25
116 49 25
116 49 25
116 49 25
116 49 25
116 49 25
116 49 25
116 50 25
116 50 25
116 50 25
116 50 25
116 50 25
116 50 25
116 50 25
116 50 25
116 50 25
116 50 25
116 50 25
116 50 25
116 50 25
116 50 25
116 50 25
116 50 25
116 50 25
116 50 25
116 50 25
116 50 25
116 50 25
116 50 25
116 50 25
116 50 25
116 50 25
116 50 25
116 50 25
116 50 25
116 50 25
116 50 25
116 50 25
116 50 25
116 50 25
116 50 25
116 50 25
116 50 25
116 50 25
116 50 25
116 50 25
116 50 25
116 50 25
116 50 25
116 50 25
116 50 25
116 50 25
116 50 25
116 50 25
116 50 25
116 50 25
116 50 25
116 50 25
116 50 25
116 50 25
116 50 25
116 50 25
116 50 25
116 50 25
116 50 25
116 50 25
116 50 25
116 50 25
116 50 25
116 50 25
116 50 25
116 50 25
116 50 25
116 50 25
116 50 25
116 50 25
116 50 25
116 50 25
116 50 25
116 50 25
116 50 25
116 50 25
116 50 25
116 50 25
116 50 25
116 50 25
116 50 25
116 50 25
116 50 25
116 50 25
116 50 25
116 50 25
116 50 25
116 50 25
116 50 25
116 50 25
116 50 25
116 50 25
116 50 25
116 50 25
116 50 25
116 50 25
116 50 25
116 50 25
116 50 25
116 50 25
116 50 25
116 50 25
116 50 25
116 50 25
116 50 25
116 50 25
116 50 25
116 50 25
116 50 25
116 50 25
116 50 25
116 50 25
116 50 25
116 50 25
116 50 25
116 50 25
116 50 25
116 50 25
116 50 25
116 50 25
116 50 25
116 50 25
116 50 25
116 50 25
116 50 25
116 50 25
116 50 25
116 50 25
116 50 25
116 50 25
116 50 25
116 50 25
116 50 25
116 50 25
116 50 25
116 50 25
116 50 25
116 50 25
116 50 25
116 50 25
116 50 25
116 50 25
116 50 25
116 50 25
116 50 25
116 50 25
116 50 25
116 50 25
116 51 25
116 51 25
116 51 25
116 51 25
116 51 25
116 51 25
116 51 25
116 51 25
116 51 25
116 51 25
116 51 25
116 51 25
116 51 25
116 51 25
116 51 25
116 51 25
116 51 25
116 51 25
116 51 25
116 51 25
116 51 25
116 51 25
116 51 25
116 51 25
116 51 25
116 51 25
116 51 25
116 51 25
116 51 25
116 51 25
116 51 25
116 51 25
116 51 25
116 51 25
116 51 25
116 51 25
116 51 25
116 51 25
116 51 25
116 51 25
116 51 25
116 51 25
116 51 25
116 51 25
116 51 25
116 51 25
116 51 25
116 51 25
116 51 25
116 51 25
116 51 25
116 51 25
116 51 25
116 51 25
116 51 25
116 51 25
116 51 25
116 51 25
116 51 25
116 51 25
116 51 25
116 51 25
116 51 25
116 51 25
116 51 25
116 51 25
116 51 25
116 51 25
116 51 25
116 51 25
116 51 25
116 51 25
116 51 25
116 51 25
116 51 25
116 51 25
116 51 25
116 51 25
116 51 25
116 51 25
116 51 25
116 51 25
116 51 25
116 51 25
116 51 25
116 51 25
116 51 25
116 51 25
116 51 25
116 51 25
116 51 25
116 51 25
116 51 25
116 51 25
116 51 25
116 51 25
116 51 25
116 51 25
116 51 25
116 51 25
116 51 25
116 51 25
116 51 25
116 51 25
116 51 25
116 51 25
116 51 25
116 51 25
116 51 25
116 51 25
116 51 25
116 51 25
116 51 25
116 51 25
116 51 25
116 51 25
116 51 25
116 51 25
116 51 25
116 51 25
116 51 25
116 51 25
116 51 25
116 51 25
116 51 25
116 51 25
116 51 25
116 51 25
116 51 25
116 51 25
116 51 25
116 51 25
116 51 25
116 51 25
116 51 25
116 51 25
116 51 25
116 51 25
116 51 25
116 51 25
116 51 25
116 51 25
116 51 25
116 51 25
116 51 25
116 51 25
116 52 25
116 52 25
116 52 25
116 52 25
116 52 25
116 52 25
116 52 25
116 52 25
116 52 25
116 52 25
116 52 25
116 52 25
116 52 25
116 52 25
116 52 25
116 52 25
116 52 25
116 52 25
116 52 25
116 52 25
116 52 25
116 52 25
116 52 25
116 52 25
116 52 25
116 52 25
116 52 25
116 52 25
116 52 25
116 52 25
116 52 25
116 52 25
116 52 25
116 52 25
116 52 25
116 52 25
116 52 25
116 52 25
116 52 25
116 52 25
116 52 25
116 52 25
116 52 25
116 52 25
116 52 25
116 52 25
116 52 25
116 52 25
116 52 25
116 52 25
116 52 25
116 52 25
116 52 25
116 52 25
116 52 25
116 52 25
116 52 25
116 52 25
116 52 25
116 52 25
116 52 25
116 52 25
116 52 25
116 52 25
116 52 25
116 52 25
116 52 25
116 52 25
116 52 25
116 52 25
116 52 25
116 52 25
116 52 25
116 52 25
116 52 25
116 52 25
116 52 25
116 52 25
116 52 25
116 52 25
116 52 25
116 52 25
116 52 25
116 52 25
116 52 25
116 52 25
116 52 25
116 52 25
116 52 25
116 52 25
116 52 25
116 52 25
116 52 25
116 52 25
116 52 25
116 52 25
116 52 25
116 52 25
116 52 25
116 52 25
116 52 25
116 52 25
116 52 25
116 52 25
116 52 25
116 52 25
116 52 25
116 52 25
116 52 25
116 52 25
116 52 25
116 52 25
116 52 25
116 52 25
116 52 25
116 52 25
116 52 25
116 52 25
116 52 25
116 52 25
116 52 25
116 52 25
116 52 25
116 52 25
116 52 25
116 52 25
116 52 25
116 52 25
116 52 25
116 52 25
116 52 25
116 52 25
116 52 25
116 52 25
116 52 25
116 52 25
116 52 25
116 52 25
116 52 25
116 52 25
116 52 25
116 53 25
116 53 25
116 53 25
116 53 25
116 53 25
116 53 25
116 53 25
116 53 25
116 53 25
116 53 25
116 53 25
116 53 25
116 53 25
116 53 25
116 53 25
116 53 25
116 53 25
116 53 25
116 53 25
116 53 25
116 53 25
116 53 25
116 53 25
116 53 25
116 53 25
116 53 25
116 53 25
116 53 25
116 53 25
116 53 25
116 53 25
116 53 25
116 53 25
116 53 25
116 53 25
116 53 25
116 53 25
116 53 25
116 53 25
116 53 25
116 53 25
116 53 25
116 53 25
116 53 25
116 53 25
116 53 25
116 53 25
116 53 25
116 53 25
116 53 25
116 53 25
116 53 25
116 53 25
116 53 25
116 53 25
116 53 25
116 53 25
116 53 25
116 53 25
116 53 25
116 53 25
116 53 25
116 53 25
116 53 25
116 53 25
116 53 25
116 53 25
116 53 25
116 53 25
116 53 25
116 53 25
116 53 25
116 53 25
116 53 25
116 53 25
116 53 25
116 53 25
116 53 25
116 53 25
116 53 25
116 53 25
116 53 25
116 53 25
116 53 25
116 53 25
116 53 25
116 53 25
116 53 25
116 53 25
116 53 25
116 53 25
116 53 25
116 53 25
116 53 25
116 53 25
116 53 25
116 53 25
116 53 25
116 53 25
116 53 25
116 53 25
116 53 25
116 53 25
116 53 25
116 53 25
116 53 25
116 53 25
116 53 25
116 53 25
116 53 25
116 53 25
116 53 25
116 53 25
116 53 25
116 53 25
116 53 25
116 53 25
116 53 25
116 53 25
116 53 25
116 53 25
116 53 25
116 53 25
116 53 25
116 53 25
116 53 25
116 53 25
116 53 25
116 53 25
116 53 25
116 53 25
116 53 25
116 53 25
116 54 25
116 54 25
116 54 25
116 54 25
116 54 25
116 54 25
116 54 25
116 54 25
116 54 25
116 54 25
116 54 25
116 54 25
116 54 25
116 54 25
116 54 25
116 54 25
116 54 25
116 54 25
116 54 25
116 54 25
116 54 25
116 54 25
116 54 25
116 54 25
116 54 25
116 54 25
116 54 25
116 54 25
116 54 25
116 54 25
116 54 25
116 54 25
116 54 25
116 54 25
116 54 25
116 54 25
116 54 25
116 54 25
116 54 25
116 54 25
116 54 25
116 54 25
116 54 25
116 54 25
116 54 25
116 54 25
116 54 25
116 54 25
116 54 25
116 54 25
116 54 25
116 54 25
116 54 25
116 54 25
116 54 25
116 54 25
116 54 25
116 54 25
116 54 25
116 54 25
116 54 25
116 54 25
116 54 25
116 54 25
116 54 25
116 54 25
116 54 25
116 54 25
116 54 25
116 54 25
116 54 25
116 54 25
116 54 25
116 54 25
116 54 25
116 54 25
116 54 25
116 54 25
116 54 25
116 54 25
116 54 25
116 54 25
116 54 25
116 54 25
116 54 25
116 54 25
116 54 25
116 54 25
116 54 25
116 54 25
116 54 25
116 54 25
116 54 25
116 54 25
116 54 25
116 54 25
116 54 25
116 54 25
116 54 25
116 54 25
116 54 25
116 54 25
116 54 25
116 54 25
116 54 25
116 54 25
116 54 25
116 54 25
116 54 25
116 54 25
116 54 25
116 54 25
116 54 25
116 54 25
116 54 25
116 54 25
116 54 25
116 54 25
116 54 25
116 54 25
116 54 25
116 54 25
116 55 25
116 55 25
116 55 25
116 55 25
116 55 25
116 55 25
116 55 25
116 55 25
116 55 25
116 55 25
116 55 25
116 55 25
116 55 25
116 55 25
116 55 25
116 55 25
116 55 25
116 55 25
116 55 25
116 55 25
116 55 25
116 55 25
116 55 25
116 55 25
116 55 25
116 55 25
116 55 25
116 55 25
116 55 25
116 55 25
116 55 25
116 55 25
116 55 25
116 55 25
116 55 25
116 55 25
116 55 25
116 55 25
116 55 25
116 55 25
116 55 25
116 55 25
116 55 25
116 55 25
116 55 25
116 55 25
116 55 25
116 55 25
116 55 25
116 55 25
116 55 25
116 55 25
116 55 25
116 55 25
116 55 25
116 55 25
116 55 25
116 55 25
116 55 25
116 55 25
116 55 25
116 55 25
116 55 25
116 55 25
116 55 25
116 55 25
116 55 25
116 55 25
116 55 25
116 55 25
116 55 25
116 55 25
116 55 25
116 55 25
116 55 25
116 55 25
116 55 25
116 55 25
116 55 25
116 55 25
116 55 25
116 55 25
116 55 25
116 55 25
116 55 25
116 55 25
116 55 25
116 55 25
116 55 25
116 55 25
116 55 25
116 55 25
116 55 25
116 55 25
116 55 25
116 55 25
116 55 25
116 55 25
116 55 25
116 55 25
116 55 25
116 55 25
116 55 25
116 55 25
116 55 25
116 55 25
116 55 25
116 55 25
116 56 25
116 56 25
116 56 25
116 56 25
116 56 25
116 56 25
116 56 25
116 56 25
116 56 25
116 56 25
116 56 25
116 56 25
116 56 25
116 56 25
116 56 25
116 56 25
116 56 25
116 56 25
116 56 25
116 56 25
116 56 25
116 56 25
116 56 25
116 56 25
116 56 25
116 56 25
116 56 25
116 56 25
116 56 25
116 56 25
116 56 25
116 56 25
116 56 25
116 56 25
116 56 25
116 56 25
116 56 25
116 56 25
116 56 25
116 56 25
116 56 25
116 56 25
116 56 25
116 56 25
116 56 25
116 56 25
116 56 25
116 56 25
116 56 25
116 56 25
116 56 25
116 56 25
116 56 25
116 56 25
116 56 25
116 56 25
116 56 25
116 56 25
116 56 25
116 56 25
116 56 25
116 56 25
116 56 25
116 56 25
116 56 25
116 56 25
116 56 25
116 56 25
116 56 25
116 56 25
116 56 25
116 56 25
116 56 25
116 56 25
116 56 25
116 56 25
116 56 25
116 56 25
116 56 25
116 56 25
116 56 25
116 56 25
116 56 25
116 56 25
116 56 25
116 56 25
116 56 25
116 56 25
116 56 25
116 56 25
116 56 25
116 56 25
116 56 25
116 56 25
116 56 25
116 57 25
116 57 25
116 57 25
116 57 25
116 57 25
116 57 25
116 57 25
116 57 25
116 57 25
116 57 25
116 57 25
116 57 25
116 57 25
116 57 25
116 57 25
116 57 25
116 57 25
116 57 25
116 57 25
116 57 25
116 57 25
116 57 25
116 57 25
116 57 25
116 57 25
116 57 25
116 57 25
116 57 25
116 57 25
116 57 25
116 57 25
116 57 25
116 57 25
116 57 25
116 57 25
116 57 25
116 57 25
116 57 25
116 57 25
116 57 25
116 57 25
116 57 25
116 57 25
116 57 25
116 57 25
116 57 25
116 57 25
116 57 25
116 57 25
116 57 25
116 57 25
116 57 25
116 57 25
116 57 25
116 57 25
116 57 25
116 57 25
116 57 25
116 57 25
116 57 25
116 57 25
116 57 25
116 57 25
116 57 25
116 57 25
116 57 25
116 57 25
116 57 25
116 57 25
116 57 25
116 57 25
116 57 25
116 57 25
116 57 25
116 57 25
116 57 25
116 57 25
116 57 25
116 57 25
116 57 25
116 57 25
116 57 25
116 58 25
116 58 25
116 58 25
116 58 25
116 58 25
116 58 25
116 58 25
116 58 25
116 58 25
116 58 25
116 58 25
116 58 25
116 58 25
116 58 25
116 58 25
116 58 25
116 58 25
116 58 25
116 58 25
116 58 25
116 58 25
116 58 25
116 58 25
116 58 25
116 58 25
116 58 25
116 58 25
116 58 25
116 58 25
116 58 25
116 58 25
116 58 25
116 58 25
116 58 25
116 58 25
116 58 25
116 58 25
116 58 25
116 58 25
116 58 25
116 58 25
116 58 25
116 58 25
116 58 25
116 58 25
116 58 25
116 58 25
116 58 25
116 58 25
116 58 25
116 58 25
116 58 25
116 58 25
116 58 25
116 58 25
116 58 25
116 58 25
116 58 25
116 58 25
116 58 25
116 58 25
116 58 25
116 58 25
116 58 25
116 58 25
116 58 25
116 58 25
116 58 25
116 58 25
116 58 25
116 58 25
116 58 25
116 59 25
116 59 25
116 59 25
116 59 25
116 59 25
116 59 25
116 59 25
116 59 25
116 59 25
116 59 25
116 59 25
116 59 25
116 59 25
116 59 25
116 59 25
116 59 25
116 59 25
116 59 25
116 59 25
116 59 25
116 59 25
116 59 25
116 59 25
116 59 25
116 59 25
116 59 25
116 59 25
116 59 25
116 59 25
116 59 25
116 59 25
116 59 25
116 59 25
116 59 25
116 59 25
116 59 25
116 59 25
116 59 25
116 59 25
116 59 25
116 59 25
116 59 25
116 59 25
116 59 25
116 59 25
116 59 25
116 59 25
116 59 25
116 59 25
116 59 25
116 59 25
116 59 25
116 59 25
116 59 25
116 59 25
116 59 25
116 59 25
116 59 25
116 59 25
116 59 25
116 59 25
116 59 25
116 59 25
116 59 25
116 60 25
116 60 25
116 60 25
116 60 25
116 60 25
116 60 25
116 60 25
116 60 25
116 60 25
116 60 25
116 60 25
116 60 25
116 60 25
116 60 25
116 60 25
116 60 25
116 60 25
116 60 25
116 60 25
116 60 25
116 60 25
116 60 25
116 60 25
116 60 25
116 60 25
116 60 25
116 60 25
116 60 25
116 60 25
116 60 25
116 60 25
116 60 25
116 60 25
116 60 25
116 60 25
116 60 25
116 60 25
116 60 25
116 60 25
116 60 25
116 60 25
116 60 25
116 60 25
116 60 25
116 60 25
116 60 25
116 60 25
116 60 25
116 60 25
116 60 25
116 60 25
116 60 25
116 60 25
116 60 25
116 60 25
116 60 25
116 60 25
116 60 25
116 60 25
116 61 25
116 61 25
116 61 25
116 61 25
116 61 25
116 61 25
116 61 25
116 61 25
116 61 25
116 61 25
116 61 25
116 61 25
116 61 25
116 61 25
116 61 25
116 61 25
116 61 25
116 61 25
116 61 25
116 61 25
116 61 25
116 61 25
116 61 25
116 61 25
116 61 25
116 61 25
116 61 25
116 61 25
116 61 25
116 61 25
116 61 25
116 61 25
116 61 25
116 61 25
116 61 25
116 61 25
116 61 25
116 61 25
116 61 25
116 61 25
116 61 25
116 61 25
116 61 25
116 61 25
116 61 25
116 61 25
116 61 25
116 61 25
116 61 25
116 61 25
116 61 25
116 61 25
116 61 25
116 61 25
116 61 25
116 62 25
116 62 25
116 62 25
116 62 25
116 62 25
116 62 25
116 62 25
116 62 25
116 62 25
116 62 25
116 62 25
116 62 25
116 62 25
116 62 25
116 62 25
116 62 25
116 62 25
116 62 25
116 62 25
116 62 25
116 62 25
116 62 25
116 62 25
116 62 25
116 62 25
116 62 25
116 62 25
116 62 25
116 62 25
116 62 25
116 62 25
116 62 25
116 62 25
116 62 25
116 62 25
116 62 25
116 62 25
116 62 25
116 62 25
116 62 25
116 62 25
116 62 25
116 62 25
116 62 25
116 62 25
116 62 25
116 62 25
116 62 25
116 62 25
116 62 25
116 62 25
116 63 25
116 63 25
116 63 25
116 63 25
116 63 25
116 63 25
116 63 25
116 63 25
116 63 25
116 63 25
116 63 25
116 63 25
116 63 25
116 63 25
116 63 25
116 63 25
116 63 25
116 63 25
116 63 25
116 63 25
116 63 25
116 63 25
116 63 25
116 63 25
116 63 25
116 63 25
116 63 25
116 63 25
116 63 25
116 63 25
116 63 25
116 63 25
116 63 25
116 63 25
116 63 25
116 63 25
116 63 25
116 63 25
116 63 25
116 63 25
116 63 25
116 63 25
116 63 25
116 63 25
116 63 25
116 63 25
116 63 25
116 64 25
116 64 25
116 64 25
116 64 25
116 64 25
116 64 25
116 64 25
116 64 25
116 64 25
116 64 25
116 64 25
116 64 25
116 64 25
116 64 25
116 64 25
116 64 25
116 64 25
116 64 25
116 64 25
116 64 25
116 64 25
116 64 25
116 64 25
116 64 25
116 64 25
116 64 25
116 64 25
116 64 25
116 64 25
116 64 25
116 64 25
116 64 25
116 64 25
116 64 25
116 64 25
116 64 25
116 64 25
116 64 25
116 64 25
116 64 25
116 64 25
116 64 25
116 64 25
116 64 25
116 64 25
116 65 25
116 65 25
116 65 25
116 65 25
116 65 25
116 65 25
116 65 25
116 65 25
116 65 25
116 65 25
116 65 25
116 65 25
116 65 25
116 65 25
116 65 25
116 65 25
116 65 25
116 65 25
116 65 25
116 65 25
116 65 25
116 65 25
116 65 25
116 65 25
116 65 25
116 65 25
116 65 25
116 65 25
116 65 25
116 65 25
116 65 25
116 65 25
116 65 25
116 65 25
116 65 25
116 65 25
116 65 25
116 65 25
116 65 25
116 65 25
116 65 25
116 65 25
116 66 25
116 66 25
116 66 25
116 66 25
116 66 25
116 66 25
116 66 25
116 66 25
116 66 25
116 66 25
116 66 25
116 66 25
116 66 25
116 66 25
116 66 25
116 66 25
116 66 25
116 66 25
116 66 25
116 66 25
116 66 25
116 66 25
116 66 25
116 66 25
116 66 25
116 66 25
116 66 25
116 66 25
116 66 25
116 66 25
116 66 25
116 66 25
116 66 25
116 66 25
116 66 25
116 66 25
116 66 25
116 66 25
116 66 25
116 66 25
116 67 25
116 67 25
116 67 25
116 67 25
116 67 25
116 67 25
116 67 25
116 67 25
116 67 25
116 67 25
116 67 25
116 67 25
116 67 25
116 67 25
116 67 25
116 67 25
116 67 25
116 67 25
116 67 25
116 67 25
116 67 25
116 67 25
116 67 25
116 67 25
116 67 25
116 67 25
116 67 25
116 67 25
116 67 25
116 67 25
116 67 25
116 67 25
116 67 25
116 67 25
116 67 25
116 67 25
116 67 25
116 68 25
116 68 25
116 68 25
116 68 25
116 68 25
116 68 25
116 68 25
116 68 25
116 68 25
116 68 25
116 68 25
116 68 25
116 68 25
116 68 25
116 68 25
116 68 25
116 68 25
116 68 25
116 68 25
116 68 25
116 68 25
116 68 25
116 68 25
116 68 25
116 68 25
116 68 25
116 68 25
116 68 25
116 68 25
116 68 25
116 68 25
116 68 25
116 68 25
116 68 25
116 69 25
116 69 25
116 69 25
116 69 25
116 69 25
116 69 25
116 69 25
116 69 25
116 69 25
116 69 25
116 69 25
116 69 25
116 69 25
116 69 25
116 69 25
116 69 25
116 69 25
116 69 25
116 69 25
116 69 25
116 69 25
116 69 25
116 69 25
116 69 25
116 69 25
116 69 25
116 69 25
116 69 25
116 69 25
116 69 25
116 70 25
116 70 25
116 70 25
116 70 25
116 70 25
116 70 25
116 70 25
116 70 25
116 70 25
116 70 25
116 70 25
116 70 25
116 70 25
116 70 25
116 70 25
116 70 25
116 70 25
116 70 25
116 70 25
116 70 25
116 70 25
116 70 25
116 70 25
116 70 25
116 70 25
116 70 25
116 71 25
116 71 25
116 71 25
116 71 25
116 71 25
116 71 25
116 71 25
116 71 25
116 71 25
116 71 25
116 71 25
116 71 25
116 71 25
116 71 25
116 71 25
116 71 25
116 71 25
116 71 25
116 71 25
116 71 25
116 71 25
116 72 25
116 72 25
116 72 25
116 72 25
116 72 25
116 72 25
116 72 25
116 72 25
116 72 25
116 72 25
116 72 25
116 72 25
116 72 25
116 72 25
116 72 25
116 72 25
116 72 25
116 73 25
116 73 25
116 73 25
116 73 25
116 73 25
116 73 25
116 73 25
116 73 25
116 73 25
116 73 25
116 73 25
116 73 25
116 73 25
116 73 25
116 74 25
116 74 25
116 74 25
116 74 25
116 74 25
116 74 25
116 74 25
116 74 25
116 74 25
116 74 25
116 74 25
116 75 25
116 75 25
116 75 25
116 75 25
116 75 25
116 75 25
116 75 25
116 75 25
116 75 25
116 76 25
116 76 25
116 76 25
116 76 25
116 76 25
116 76 25
116 76 25
116 77 25
116 77 25
116 77 25
116 77 25
116 77 25
116 77 25
116 78 25
116 78 25
116 78 25
116 78 25
116 78 25
116 78 25
116 79 25
116 79 25
116 79 25
116 79 25
116 79 25
116 80 25
116 80 25
116 80 25
116 80 25
116 80 25
116 81 25
116 81 25
116 81 25
116 81 25
116 82 25
116 82 25
116 82 25
116 82 25
116 83 25
116 83 25
116 83 25
116 83 25
116 84 25
116 84 25
116 84 25
116 84 25
116 85 25
116 85 25
116 85 25
116 85 25
116 86 25
116 86 25
116 86 25
116 86 25
116 87 25
116 87 25
116 87 25
116 88 25
116 88 25
116 88 25
116 89 25
116 89 25
116 89 25
116 90 25
116 90 25
116 90 25
116 91 25
116 91 25
116 91 25
116 92 25
116 92 25
116 92 25
116 93 25
116 93 25
116 93 25
116 94 25
116 94 25
116 94 25
116 94 25
116 95 25
116 95 25
116 95 25
116 95 25
116 96 25
116 96 25
116 96 25
116 96 25
116 96 25
116 97 25
116 97 25
116 97 25
116 97 25
116 97 25
116 97 25
116 98 25
116 98 25
116 98 25
116 98 25
116 98 25
116 98 25
116 98 25
115 98 150
115 98 25
115 98 25
114 98 25
114 98 25
114 98 25
114 98 25
114 98 25
114 98 25
114 98 25
114 98 25
114 98 25
113 98 25
113 98 25
113 98 25
113 98 25
113 98 25
113 98 25
113 98 25
113 98 25
113 98 25
112 98 25
112 98 25
112 98 25
112 98 25
112 98 25
112 98 25
112 98 25
112 98 25
111 98 25
111 98 25
111 98 25
111 98 25
111 98 25
111 98 25
111 98 25
110 98 25
110 98 25
110 98 25
110 98 25
110 98 25
110 98 25
110 98 25
109 98 25
109 98 25
109 98 25
109 98 25
109 98 25
109 98 25
108 98 25
108 98 25
108 98 25
108 98 25
108 98 25
107 98 25
107 98 25
107 98 25
107 98 25
107 98 25
106 98 25
106 98 25
106 98 25
106 98 25
106 98 25
105 98 25
105 98 25
105 98 25
105 98 25
105 98 25
104 98 25
104 98 25
104 98 25
104 98 25
104 98 25
103 98 25
103 98 25
103 98 25
103 98 25
103 98 25
102 98 25
102 98 25
102 98 25
102 98 25
102 98 25
102 98 25
101 98 25
101 98 25
101 98 25
101 98 25
101 98 25
101 98 25
100 98 25
100 98 25
100 98 25
100 98 25
100 98 25
100 98 25
99 98 25
99 98 25
99 98 25
99 98 25
99 98 25
99 98 25
98 98 25
98 98 25
98 98 25
98 98 25
98 98 25
98 98 25
97 98 25
97 98 25
97 98 25
97 98 25
97 98 25
96 98 25
96 98 25
96 98 25
96 98 25
95 98 25
95 98 25
95 98 25
94 98 25
94 98 25
93 98 25
93 98 25
92 98 25
92 98 25
92 99 25
92 100 25
92 101 25
92 102 25
92 103 25
92 104 25
92 105 25
92 106 25
92 107 25
92 108 25
92 109 25
92 110 25
92 111 25
92 112 25
92 113 25
92 114 25
92 115 25
92 116 25
92 117 25
92 118 25
92 119 25
92 120 25
92 121 25
92 122 25
92 123 25
92 124 25
92 125 25
92 126 25
92 127 25
92 128 25
92 129 25
92 130 25
91 130 25
90 130 25
89 130 25
88 130 25
87 130 25
86 130 25
85 130 25
85 130 25
84 130 25
84 130 25
83 130 25
83 130 25
83 130 25
82 130 25
82 130 25
82 130 25
81 130 25
81 130 25
81 130 25
81 130 25
80 130 25
80 130 25
80 130 25
80 130 25
80 130 25
79 130 25
79 130 25
79 130 25
79 130 25
79 130 25
79 130 25
79 130 25
78 130 25
78 130 25
78 130 25
78 130 25
78 130 25
78 130 25
78 130 25
78 130 25
77 130 25
77 130 25
77 130 25
77 130 25
77 130 25
77 130 25
77 130 25
77 130 25
77 130 25
76 130 25
76 130 25
76 130 25
76 130 25
76 130 25
76 130 25
76 130 25
76 130 25
76 130 25
75 130 25
75 130 25
75 130 25
75 130 25
75 130 25
75 130 25
75 130 25
75 130 25
75 130 25
74 130 25
74 130 25
74 130 25
74 130 25
74 130 25
74 130 25
74 130 25
74 130 25
73 130 25
73 130 25
73 130 25
73 130 25
73 130 25
73 130 25
73 130 25
72 130 25
72 130 25
72 130 25
72 130 25
72 130 25
72 130 25
71 130 25
71 130 25
71 130 25
71 130 25
71 130 25
70 130 25
70 130 25
70 130 25
70 130 25
69 130 25
69 130 25
69 130 25
69 130 25
68 130 25
68 130 25
68 130 25
67 130 25
67 130 25
67 130 25
66 130 25
66 130 25
66 130 25
66 129 50
66 129 25
66 128 25
66 128 25
66 127 25
66 127 25
66 126 25
66 126 25
66 125 25
66 125 25
66 124 25
66 124 25
66 123 25
66 123 25
66 122 25
66 122 25
77 190 25
76 190 25
75 190 25
74 190 25
73 190 25
72 190 25
71 190 25
70 190 25
69 190 25
68 190 25
67 190 25
66 190 25
65 190 25
64 190 25
63 190 25
62 190 25
61 190 25
60 190 25
59 190 25
58 190 25
57 190 25
56 190 25
55 190 25
54 190 25
53 190 25
52 190 25
51 190 25
50 190 25
50 189 25
50 188 25
50 187 25
50 187 25
50 186 25
50 186 25
50 185 25
50 185 25
50 185 25
50 184 25
50 184 25
50 184 25
50 184 25
50 183 25
50 183 25
50 183 25
50 183 25
50 183 25
50 183 25
50 182 25
50 182 25
50 182 25
50 182 25
50 182 25
50 182 25
50 182 25
50 181 25
50 181 25
50 181 25
50 181 25
50 181 25
50 181 25
50 181 25
50 181 25
50 180 25
50 180 25
50 180 25
50 180 25
50 180 25
50 180 25
50 180 25
50 180 25
50 179 25
50 179 25
50 179 25
50 179 25
50 179 25
50 179 25
50 179 25
50 179 25
50 179 25
50 178 25
50 178 25
50 178 25
50 178 25
50 178 25
50 178 25
50 178 25
50 178 25
50 178 25
50 177 25
50 177 25
50 177 25
50 177 25
50 177 25
50 177 25
50 177 25
50 177 25
50 177 25
50 176 25
50 176 25
50 176 25
50 176 25
50 176 25
50 176 25
50 176 25
50 176 25
50 176 25
50 175 25
50 175 25
50 175 25
50 175 25
50 175 25
50 175 25
50 175 25
50 175 25
50 174 25
50 174 25
50 174 25
50 174 25
50 174 25
50 174 25
50 174 25
50 173 25
50 173 25
50 173 25
50 173 25
50 173 25
50 173 25
50 172 25
50 172 25
50 172 25
50 172 25
50 172 25
50 172 25
50 171 25
50 171 25
50 171 25
50 171 25
50 171 25
50 170 25
50 170 25
50 170 25
50 170 25
50 170 25
50 169 25
50 169 25
50 169 25
50 169 25
50 169 25
50 168 25
50 168 25
50 168 25
50 168 25
50 168 25
50 167 25
50 167 25
50 167 25
50 167 25
50 167 25
50 166 25
50 166 25
50 166 25
50 166 25
50 166 25
50 165 25
50 165 25
50 165 25
50 165 25
50 165 25
50 165 25
50 164 25
50 164 25
50 164 25
50 164 25
50 164 25
50 163 25
50 163 25
50 163 25
50 163 25
50 163 25
50 162 25
50 162 25
50 162 25
50 162 25
50 161 25
50 161 25
50 161 25
50 161 25
50 160 25
50 160 25
50 160 25
50 159 25
50 159 25
50 158 25
50 158 25
50 157 25
50 156 25
50 155 25
50 154 25
50 153 25
50 152 25
50 151 25
6 145 25
7 145 25
8 145 25
9 145 25
10 145 25
11 145 25
12 145 25
13 145 25
14 145 25
15 145 25
15 145 25
16 145 25
16 145 25
17 145 25
17 145 25
18 145 25
18 145 25
18 145 25
19 145 25
19 145 25
19 145 25
19 145 25
20 145 25
20 145 25
20 145 25
20 145 25
20 145 25
21 145 25
21 145 25
21 145 25
21 145 25
21 145 25
21 145 25
22 145 25
22 145 25
22 145 25
22 145 25
22 145 25
22 145 25
22 145 25
23 145 25
23 145 25
23 145 25
23 145 25
23 145 25
23 145 25
23 145 25
24 145 25
24 145 25
24 145 25
24 145 25
24 145 25
24 145 25
24 145 25
25 145 25
25 145 25
25 145 25
25 145 25
25 145 25
25 145 25
25 145 25
25 145 25
26 145 25
26 145 25
26 145 25
26 145 25
26 145 25
26 145 25
26 145 25
26 145 25
27 145 25
27 145 25
27 145 25
27 145 25
27 145 25
27 145 25
27 145 25
27 145 25
28 145 25
28 145 25
28 145 25
28 145 25
28 145 25
28 145 25
28 145 25
28 145 25
29 145 25
29 145 25
29 145 25
29 145 25
29 145 25
29 145 25
29 145 25
29 145 25
29 145 25
30 145 25
30 145 25
30 145 25
30 145 25
30 145 25
30 145 25
30 145 25
30 145 25
30 145 25
30 145 25
31 145 25
31 145 25
31 145 25
31 145 25
31 145 25
31 145 25
31 145 25
31 145 25
31 145 25
31 145 25
32 145 25
32 145 25
32 145 25
32 145 25
32 145 25
32 145 25
32 145 25
32 145 25
32 145 25
32 145 25
32 145 25
33 145 25
33 145 25
33 145 25
33 145 25
33 145 25
33 145 25
33 145 25
33 145 25
33 145 25
33 145 25
33 145 25
34 145 25
34 145 25
34 145 25
34 145 25
34 145 25
34 145 25
34 145 25
34 145 25
34 145 25
34 145 25
34 145 25
35 145 25
35 145 25
35 145 25
35 145 25
35 145 25
35 145 25
35 145 25
35 145 25
35 145 25
35 145 25
36 145 25
36 145 25
36 145 25
36 145 25
36 145 25
36 145 25
36 145 25
36 145 25
36 145 25
36 145 25
37 145 25
37 145 25
37 145 25
37 145 25
37 145 25
37 145 25
37 145 25
37 145 25
38 145 25
38 145 25
38 145 25
38 145 25
38 145 25
38 145 25
38 145 25
39 145 25
39 145 25
39 145 25
39 145 25
39 145 25
39 145 25
40 145 25
40 145 25
40 145 25
40 145 25
40 145 25
41 145 25
41 145 25
41 145 25
41 145 25
42 145 25
42 145 25
42 145 25
43 145 25
43 145 25
43 145 25
44 145 25
44 145 25
45 145 25
45 145 25
46 145 25
47 145 25
48 145 25
49 145 25
50 145 25
50 146 25
50 147 25
50 148 25
50 149 25
50 150 25
12 144 25
12 143 25
12 142 25
12 141 25
12 140 25
12 139 25
12 138 25
12 138 25
12 137 25
12 137 25
12 136 25
12 136 25
12 135 25
12 135 25
12 134 25
12 134 25
12 133 25
12 133 25
12 132 25
12 132 25
12 132 25
12 131 25
12 131 25
12 131 25
12 131 25
12 130 25
12 130 25
12 130 25
12 130 25
12 130 25
12 129 25
12 129 25
12 129 25
12 129 25
12 129 25
12 129 25
12 129 25
12 128 25
12 128 25
12 128 25
12 128 25
12 128 25
12 128 25
12 128 25
12 128 25
12 128 25
12 128 25
12 127 25
12 127 25
12 127 25
12 127 25
12 127 25
12 127 25
12 127 25
12 127 25
12 127 25
12 127 25
12 127 25
12 127 25
12 127 25
12 127 25
12 126 25
12 126 25
12 126 25
12 126 25
12 126 25
12 126 25
12 126 25
12 126 25
12 126 25
12 126 25
12 126 25
12 126 25
12 126 25
12 126 25
12 126 25
12 126 25
12 126 25
12 126 25
12 126 25
12 125 25
12 125 25
12 125 25
12 125 25
12 125 25
12 125 25
12 125 25
12 125 25
12 125 25
12 125 25
12 125 25
12 125 25
12 125 25
12 125 25
12 125 25
12 125 25
12 125 25
12 125 25
12 125 25
12 125 25
12 125 25
12 125 25
12 125 25
12 125 25
12 124 25
12 124 25
12 124 25
12 124 25
12 124 25
12 124 25
12 124 25
12 124 25
12 124 25
12 124 25
12 124 25
12 124 25
12 124 25
12 124 25
12 124 25
12 124 25
12 124 25
12 124 25
12 124 25
12 124 25
12 124 25
12 124 25
12 124 25
12 124 25
12 124 25
12 124 25
12 124 25
12 124 25
12 124 25
12 124 25
12 124 25
12 124 25
12 123 25
12 123 25
12 123 25
12 123 25
12 123 25
12 123 25
12 123 25
12 123 25
12 123 25
12 123 25
12 123 25
12 123 25
12 123 25
12 123 25
12 123 25
12 123 25
12 123 25
12 123 25
12 123 25
12 123 25
12 123 25
12 123 25
12 123 25
12 123 25
12 123 25
12 123 25
12 123 25
12 123 25
12 123 25
12 123 25
12 123 25
12 123 25
12 123 25
12 123 25
12 123 25
12 123 25
12 123 25
12 123 25
12 123 25
12 123 25
12 123 25
12 123 25
12 122 25
12 122 25
12 122 25
12 122 25
12 122 25
12 122 25
12 122 25
12 122 25
12 122 25
12 122 25
12 122 25
12 122 25
12 122 25
12 122 25
12 122 25
12 122 25
12 122 25
12 122 25
12 122 25
12 122 25
12 122 25
12 122 25
12 122 25
12 122 25
12 122 25
12 122 25
12 122 25
12 122 25
12 122 25
12 122 25
12 122 25
12 122 25
12 122 25
12 122 25
12 122 25
12 122 25
12 122 25
12 122 25
12 122 25
12 122 25
12 122 25
12 122 25
12 122 25
12 122 25
12 122 25
12 122 25
12 122 25
12 122 25
12 122 25
12 122 25
12 122 25
12 122 25
12 122 25
12 121 25
12 121 25
12 121 25
12 121 25
12 121 25
12 121 25
12 121 25
12 121 25
12 121 25
12 121 25
12 121 25
12 121 25
12 121 25
12 121 25
12 121 25
12 121 25
12 121 25
12 121 25
12 121 25
12 121 25
12 121 25
12 121 25
12 121 25
12 121 25
12 121 25
12 121 25
12 121 25
12 121 25
12 121 25
12 121 25
12 121 25
12 121 25
12 121 25
12 121 25
12 121 25
12 121 25
12 121 25
12 121 25
12 121 25
12 121 25
12 121 25
12 121 25
12 121 25
12 121 25
12 121 25
12 121 25
12 121 25
12 121 25
12 121 25
12 121 25
12 121 25
12 121 25
12 121 25
12 121 25
12 121 25
12 121 25
12 121 25
12 121 25
12 121 25
12 121 25
12 121 25
12 121 25
12 121 25
12 121 25
12 121 25
12 120 25
12 120 25
12 120 25
12 120 25
12 120 25
12 120 25
12 120 25
12 120 25
12 120 25
12 120 25
12 120 25
12 120 25
12 120 25
12 120 25
12 120 25
12 120 25
12 120 25
12 120 25
12 120 25
12 120 25
12 120 25
12 120 25
12 120 25
12 120 25
12 120 25
12 120 25
12 120 25
12 120 25
12 120 25
12 120 25
12 120 25
12 120 25
12 120 25
12 120 25
12 120 25
12 120 25
12 120 25
12 120 25
12 120 25
12 120 25
12 120 25
12 120 25
12 120 25
12 120 25
12 120 25
12 120 25
12 120 25
12 120 25
12 120 25
12 120 25
12 120 25
12 120 25
12 120 25
12 120 25
12 120 25
12 120 25
12 120 25
12 120 25
12 120 25
12 120 25
12 120 25
12 120 25
12 120 25
12 120 25
12 120 25
12 120 25
12 120 25
12 120 25
12 120 25
12 120 25
12 120 25
12 120 25
12 120 25
12 120 25
12 120 25
12 120 25
12 119 25
12 119 25
12 119 25
12 119 25
12 119 25
12 119 25
12 119 25
12 119 25
12 119 25
12 119 25
12 119 25
12 119 25
12 119 25
12 119 25
12 119 25
12 119 25
12 119 25
12 119 25
12 119 25
12 119 25
12 119 25
12 119 25
12 119 25
12 119 25
12 119 25
12 119 25
12 119 25
12 119 25
12 119 25
12 119 25
12 119 25
12 119 25
12 119 25
12 119 25
12 119 25
12 119 25
12 119 25
12 119 25
12 119 25
12 119 25
12 119 25
12 119 25
12 119 25
12 119 25
12 119 25
12 119 25
12 119 25
12 119 25
12 119 25
12 119 25
12 119 25
12 119 25
12 119 25
12 119 25
12 119 25
12 119 25
12 119 25
12 119 25
12 119 25
12 119 25
12 119 25
12 119 25
12 119 25
12 119 25
12 119 25
12 119 25
12 119 25
12 119 25
12 119 25
12 119 25
12 119 25
12 119 25
12 119 25
12 119 25
12 119 25
12 119 25
12 119 25
12 119 25
12 119 25
12 119 25
12 119 25
12 119 25
12 119 25
12 119 25
12 118 25
12 118 25
12 118 25
12 118 25
12 118 25
12 118 25
12 118 25
12 118 25
12 118 25
12 118 25
12 118 25
12 118 25
12 118 25
12 118 25
12 118 25
12 118 25
12 118 25
12 118 25
12 118 25
12 118 25
12 118 25
12 118 25
12 118 25
12 118 25
12 118 25
12 118 25
12 118 25
12 118 25
12 118 25
12 118 25
12 118 25
12 118 25
12 118 25
12 118 25
12 118 25
12 118 25
12 118 25
12 118 25
12 118 25
12 118 25
12 118 25
12 118 25
12 118 25
12 118 25
12 118 25
12 118 25
12 118 25
12 118 25
12 118 25
12 118 25
12 118 25
12 118 25
12 118 25
12 118 25
12 118 25
12 118 25
12 118 25
12 118 25
12 118 25
12 118 25
12 118 25
12 118 25
12 118 25
12 118 25
12 118 25
12 118 25
12 118 25
12 118 25
12 118 25
12 118 25
12 118 25
12 118 25
12 118 25
12 118 25
12 118 25
12 118 25
12 118 25
12 118 25
12 118 25
12 118 25
12 118 25
12 118 25
12 118 25
12 118 25
12 118 25
12 118 25
12 118 25
12 118 25
12 118 25
12 117 25
12 117 25
12 117 25
12 117 25
12 117 25
12 117 25
12 117 25
12 117 25
12 117 25
12 117 25
12 117 25
12 117 25
12 117 25
12 117 25
12 117 25
12 117 25
12 117 25
12 117 25
12 117 25
12 117 25
12 117 25
12 117 25
12 117 25
12 117 25
12 117 25
12 117 25
12 117 25
12 117 25
12 117 25
12 117 25
12 117 25
12 117 25
12 117 25
12 117 25
12 117 25
12 117 25
12 117 25
12 117 25
12 117 25
12 117 25
12 117 25
12 117 25
12 117 25
12 117 25
12 117 25
12 117 25
12 117 25
12 117 25
12 117 25
12 117 25
12 117 25
12 117 25
12 117 25
12 117 25
12 117 25
12 117 25
12 117 25
12 117 25
12 117 25
12 117 25
12 117 25
12 117 25
12 117 25
12 117 25
12 117 25
12 117 25
12 117 25
12 117 25
12 117 25
12 117 25
12 117 25
12 117 25
12 117 25
12 117 25
12 117 25
12 117 25
12 117 25
12 117 25
12 117 25
12 117 25
12 117 25
12 117 25
12 117 25
12 117 25
12 117 25
12 117 25
12 117 25
12 117 25
12 117 25
12 117 25
12 116 25
12 116 25
12 116 25
12 116 25
12 116 25
12 116 25
12 116 25
12 116 25
12 116 25
12 116 25
12 116 25
12 116 25
12 116 25
12 116 25
12 116 25
12 116 25
12 116 25
12 116 25
12 116 25
12 116 25
12 116 25
12 116 25
12 116 25
12 116 25
12 116 25
12 116 25
12 116 25
12 116 25
12 116 25
12 116 25
12 116 25
12 116 25
12 116 25
12 116 25
12 116 25
12 116 25
12 116 25
12 116 25
12 116 25
12 116 25
12 116 25
12 116 25
12 116 25
12 116 25
12 116 25
12 116 25
12 116 25
12 116 25
12 116 25
12 116 25
12 116 25
12 116 25
12 116 25
12 116 25
12 116 25
12 116 25
12 116 25
12 116 25
12 116 25
12 116 25
12 116 25
12 116 25
12 116 25
12 116 25
12 116 25
12 116 25
12 116 25
12 116 25
12 116 25
12 116 25
12 116 25
12 116 25
12 116 25
12 116 25
12 116 25
12 116 25
12 116 25
12 116 25
12 116 25
12 116 25
12 116 25
12 116 25
12 116 25
12 116 25
12 116 25
12 116 25
12 116 25
12 116 25
12 116 25
12 115 25
12 115 25
12 115 25
12 115 25
12 115 25
12 115 25
12 115 25
12 115 25
12 115 25
12 115 25
12 115 25
12 115 25
12 115 25
12 115 25
12 115 25
12 115 25
12 115 25
12 115 25
12 115 25
12 115 25
12 115 25
12 115 25
12 115 25
12 115 25
12 115 25
12 115 25
12 115 25
12 115 25
12 115 25
12 115 25
12 115 25
12 115 25
12 115 25
12 115 25
12 115 25
12 115 25
12 115 25
12 115 25
12 115 25
12 115 25
12 115 25
12 115 25
12 115 25
12 115 25
12 115 25
12 115 25
12 115 25
12 115 25
12 115 25
12 115 25
12 115 25
12 115 25
12 115 25
12 115 25
12 115 25
12 115 25
12 115 25
12 115 25
12 115 25
12 115 25
12 115 25
12 115 25
12 115 25
12 115 25
12 115 25
12 115 25
12 115 25
12 115 25
12 115 25
12 115 25
12 115 25
12 115 25
12 115 25
12 115 25
12 115 25
12 115 25
12 115 25
12 115 25
12 115 25
12 115 25
12 115 25
12 115 25
12 115 25
12 115 25
12 115 25
12 114 25
12 114 25
12 114 25
12 114 25
12 114 25
12 114 25
12 114 25
12 114 25
12 114 25
12 114 25
12 114 25
12 114 25
12 114 25
12 114 25
12 114 25
12 114 25
12 114 25
12 114 25
12 114 25
12 114 25
12 114 25
12 114 25
12 114 25
12 114 25
12 114 25
12 114 25
12 114 25
12 114 25
12 114 25
12 114 25
12 114 25
12 114 25
12 114 25
12 114 25
12 114 25
12 114 25
12 114 25
12 114 25
12 114 25
12 114 25
12 114 25
12 114 25
12 114 25
12 114 25
12 114 25
12 114 25
12 114 25
12 114 25
12 114 25
12 114 25
12 114 25
12 114 25
12 114 25
12 114 25
12 114 25
12 114 25
12 114 25
12 114 25
12 114 25
12 114 25
12 114 25
12 114 25
12 114 25
12 114 25
12 114 25
12 114 25
12 114 25
12 114 25
12 114 25
12 114 25
12 114 25
12 114 25
12 114 25
12 114 25
12 114 25
12 114 25
12 114 25
12 114 25
12 114 25
12 114 25
12 113 25
12 113 25
12 113 25
12 113 25
12 113 25
12 113 25
12 113 25
12 113 25
12 113 25
12 113 25
12 113 25
12 113 25
12 113 25
12 113 25
12 113 25
12 113 25
12 113 25
12 113 25
12 113 25
12 113 25
12 113 25
12 113 25
12 113 25
12 113 25
12 113 25
12 113 25
12 113 25
12 113 25
12 113 25
12 113 25
12 113 25
12 113 25
12 113 25
12 113 25
12 113 25
12 113 25
12 113 25
12 113 25
12 113 25
12 113 25
12 113 25
12 113 25
12 113 25
12 113 25
12 113 25
12 113 25
12 113 25
12 113 25
12 113 25
12 113 25
12 113 25
12 113 25
12 113 25
12 113 25
12 113 25
12 113 25
12 113 25
12 113 25
12 113 25
12 113 25
12 113 25
12 113 25
12 113 25
12 113 25
12 113 25
12 113 25
12 113 25
12 113 25
12 113 25
12 113 25
12 113 25
12 113 25
12 113 25
12 113 25
12 112 25
12 112 25
12 112 25
12 112 25
12 112 25
12 112 25
12 112 25
12 112 25
12 112 25
12 112 25
12 112 25
12 112 25
12 112 25
12 112 25
12 112 25
12 112 25
12 112 25
12 112 25
12 112 25
12 112 25
12 112 25
12 112 25
12 112 25
12 112 25
12 112 25
12 112 25
12 112 25
12 112 25
12 112 25
12 112 25
12 112 25
12 112 25
12 112 25
12 112 25
12 112 25
12 112 25
12 112 25
12 112 25
12 112 25
12 112 25
12 112 25
12 112 25
12 112 25
12 112 25
12 112 25
12 112 25
12 112 25
12 112 25
12 112 25
12 112 25
12 112 25
12 112 25
12 112 25
12 112 25
12 112 25
12 112 25
12 112 25
12 112 25
12 112 25
12 112 25
12 112 25
12 112 25
12 112 25
12 112 25
12 112 25
12 112 25
12 112 25
12 112 25
12 112 25
12 111 25
12 111 25
12 111 25
12 111 25
12 111 25
12 111 25
12 111 25
12 111 25
12 111 25
12 111 25
12 111 25
12 111 25
12 111 25
12 111 25
12 111 25
12 111 25
12 111 25
12 111 25
12 111 25
12 111 25
12 111 25
12 111 25
12 111 25
12 111 25
12 111 25
12 111 25
12 111 25
12 111 25
12 111 25
12 111 25
12 111 25
12 111 25
12 111 25
12 111 25
12 111 25
12 111 25
12 111 25
12 111 25
12 111 25
12 111 25
12 111 25
12 111 25
12 111 25
12 111 25
12 111 25
12 111 25
12 111 25
12 111 25
12 111 25
12 111 25
12 111 25
12 111 25
12 111 25
12 111 25
12 111 25
12 111 25
12 111 25
12 111 25
12 111 25
12 111 25
12 111 25
12 111 25
12 111 25
12 111 25
12 110 25
12 110 25
12 110 25
12 110 25
12 110 25
12 110 25
12 110 25
12 110 25
12 110 25
12 110 25
12 110 25
12 110 25
12 110 25
12 110 25
12 110 25
12 110 25
12 110 25
12 110 25
12 110 25
12 110 25
12 110 25
12 110 25
12 110 25
12 110 25
12 110 25
12 110 25
12 110 25
12 110 25
12 110 25
12 110 25
12 110 25
12 110 25
12 110 25
12 110 25
12 110 25
12 110 25
12 110 25
12 110 25
12 110 25
12 110 25
12 110 25
12 110 25
12 110 25
12 110 25
12 110 25
12 110 25
12 110 25
12 110 25
12 110 25
12 110 25
12 110 25
12 110 25
12 110 25
12 110 25
12 110 25
12 110 25
12 110 25
12 110 25
12 110 25
12 110 25
12 109 25
12 109 25
12 109 25
12 109 25
12 109 25
12 109 25
12 109 25
12 109 25
12 109 25
12 109 25
12 109 25
12 109 25
12 109 25
12 109 25
12 109 25
12 109 25
12 109 25
12 109 25
12 109 25
12 109 25
12 109 25
12 109 25
12 109 25
12 109 25
12 109 25
12 109 25
12 109 25
12 109 25
12 109 25
12 109 25
12 109 25
12 109 25
12 109 25
12 109 25
12 109 25
12 109 25
12 109 25
12 109 25
12 109 25
12 109 25
12 109 25
12 109 25
12 109 25
12 109 25
12 109 25
12 109 25
12 109 25
12 109 25
12 109 25
12 109 25
12 109 25
12 109 25
12 109 25
12 109 25
12 109 25
12 109 25
12 109 25
12 109 25
12 108 25
12 108 25
12 108 25
12 108 25
12 108 25
12 108 25
12 108 25
12 108 25
12 108 25
12 108 25
12 108 25
12 108 25
12 108 25
12 108 25
12 108 25
12 108 25
12 108 25
12 108 25
12 108 25
12 108 25
12 108 25
12 108 25
12 108 25
12 108 25
12 108 25
12 108 25
12 108 25
12 108 25
12 108 25
12 108 25
12 108 25
12 108 25
12 108 25
12 108 25
12 108 25
12 108 25
12 108 25
12 108 25
12 108 25
12 108 25
12 108 25
12 108 25
12 108 25
12 108 25
12 108 25
12 108 25
12 108 25
12 108 25
12 108 25
12 108 25
12 108 25
12 108 25
12 108 25
12 108 25
12 108 25
12 108 25
12 108 25
12 108 25
12 107 25
12 107 25
12 107 25
12 107 25
12 107 25
12 107 25
12 107 25
12 107 25
12 107 25
12 107 25
12 107 25
12 107 25
12 107 25
12 107 25
12 107 25
12 107 25
12 107 25
12 107 25
12 107 25
12 107 25
12 107 25
12 107 25
12 107 25
12 107 25
12 107 25
12 107 25
12 107 25
12 107 25
12 107 25
12 107 25
12 107 25
12 107 25
12 107 25
12 107 25
12 107 25
12 107 25
12 107 25
12 107 25
12 107 25
12 107 25
12 107 25
12 107 25
12 107 25
12 107 25
12 107 25
12 107 25
12 107 25
12 107 25
12 107 25
12 107 25
12 107 25
12 107 25
12 107 25
12 107 25
12 107 25
12 107 25
12 107 25
12 106 25
12 106 25
12 106 25
12 106 25
12 106 25
12 106 25
12 106 25
12 106 25
12 106 25
12 106 25
12 106 25
12 106 25
12 106 25
12 106 25
12 106 25
12 106 25
12 106 25
12 106 25
12 106 25
12 106 25
12 106 25
12 106 25
12 106 25
12 106 25
12 106 25
12 106 25
12 106 25
12 106 25
12 106 25
12 106 25
12 106 25
12 106 25
12 106 25
12 106 25
12 106 25
12 106 25
12 106 25
12 106 25
12 106 25
12 106 25
12 106 25
12 106 25
12 106 25
12 106 25
12 106 25
12 106 25
12 106 25
12 106 25
12 106 25
12 106 25
12 106 25
12 106 25
12 106 25
12 106 25
12 106 25
12 106 25
12 106 25
12 105 25
12 105 25
12 105 25
12 105 25
12 105 25
12 105 25
12 105 25
12 105 25
12 105 25
12 105 25
12 105 25
12 105 25
12 105 25
12 105 25
12 105 25
12 105 25
12 105 25
12 105 25
12 105 25
12 105 25
12 105 25
12 105 25
12 105 25
12 105 25
12 105 25
12 105 25
12 105 25
12 105 25
12 105 25
12 105 25
12 105 25
12 105 25
12 105 25
12 105 25
12 105 25
12 105 25
12 105 25
12 105 25
12 105 25
12 105 25
12 105 25
12 105 25
12 105 25
12 105 25
12 105 25
12 105 25
12 105 25
12 105 25
12 105 25
12 105 25
12 105 25
12 105 25
12 105 25
12 105 25
12 105 25
12 105 25
12 104 25
12 104 25
12 104 25
12 104 25
12 104 25
12 104 25
12 104 25
12 104 25
12 104 25
12 104 25
12 104 25
12 104 25
12 104 25
12 104 25
12 104 25
12 104 25
12 104 25
12 104 25
12 104 25
12 104 25
12 104 25
12 104 25
12 104 25
12 104 25
12 104 25
12 104 25
12 104 25
12 104 25
12 104 25
12 104 25
12 104 25
12 104 25
12 104 25
12 104 25
12 104 25
12 104 25
12 104 25
12 104 25
12 104 25
12 104 25
12 104 25
12 104 25
12 104 25
12 104 25
12 104 25
12 104 25
12 104 25
12 104 25
12 104 25
12 104 25
12 104 25
12 104 25
12 104 25
12 104 25
12 103 25
12 103 25
12 103 25
12 103 25
12 103 25
12 103 25
12 103 25
12 103 25
12 103 25
12 103 25
12 103 25
12 103 25
12 103 25
12 103 25
12 103 25
12 103 25
12 103 25
12 103 25
12 103 25
12 103 25
12 103 25
12 103 25
12 103 25
12 103 25
12 103 25
12 103 25
12 103 25
12 103 25
12 103 25
12 103 25
12 103 25
12 103 25
12 103 25
12 103 25
12 103 25
12 103 25
12 103 25
12 103 25
12 103 25
12 103 25
12 103 25
12 103 25
12 103 25
12 103 25
12 103 25
12 103 25
12 103 25
12 103 25
12 103 25
12 102 25
12 102 25
12 102 25
12 102 25
12 102 25
12 102 25
12 102 25
12 102 25
12 102 25
12 102 25
12 102 25
12 102 25
12 102 25
12 102 25
12 102 25
12 102 25
12 102 25
12 102 25
12 102 25
12 102 25
12 102 25
12 102 25
12 102 25
12 102 25
12 102 25
12 102 25
12 102 25
12 102 25
12 102 25
12 102 25
12 102 25
12 102 25
12 102 25
12 102 25
12 102 25
12 102 25
12 102 25
12 102 25
12 102 25
12 102 25
12 102 25
12 102 25
12 102 25
12 101 25
12 101 25
12 101 25
12 101 25
12 101 25
12 101 25
12 101 25
12 101 25
12 101 25
12 101 25
12 101 25
12 101 25
12 101 25
12 101 25
12 101 25
12 101 25
12 101 25
12 101 25
12 101 25
12 101 25
12 101 25
12 101 25
12 101 25
12 101 25
12 101 25
12 101 25
12 101 25
12 101 25
12 101 25
12 101 25
12 101 25
12 101 25
12 101 25
12 101 25
12 101 25
12 101 25
12 101 25
12 100 25
12 100 25
12 100 25
12 100 25
12 100 25
12 100 25
12 100 25
12 100 25
12 100 25
12 100 25
12 100 25
12 100 25
12 100 25
12 100 25
12 100 25
12 100 25
12 100 25
12 100 25
12 100 25
12 100 25
12 100 25
12 100 25
12 100 25
12 100 25
12 100 25
12 100 25
12 100 25
12 100 25
12 100 25
12 100 25
12 99 25
12 99 25
12 99 25
12 99 25
12 99 25
12 99 25
12 99 25
12 99 25
12 99 25
12 99 25
12 99 25
12 99 25
12 99 25
12 99 25
12 99 25
12 99 25
12 99 25
12 99 25
12 99 25
12 99 25
12 99 25
12 99 25
12 99 25
12 99 25
12 98 25
12 98 25
12 98 25
12 98 25
12 98 25
12 98 25
12 98 25
12 98 25
12 98 25
12 98 25
12 98 25
12 98 25
12 98 25
12 98 25
12 98 25
12 98 25
12 98 25
12 98 25
12 98 25
12 97 25
12 97 25
12 97 25
12 97 25
12 97 25
12 97 25
12 97 25
12 97 25
12 97 25
12 97 25
12 97 25
12 97 25
12 97 25
12 97 25
12 97 25
12 96 25
12 96 25
12 96 25
12 96 25
12 96 25
12 96 25
12 96 25
12 96 25
12 96 25
12 96 25
12 96 25
12 96 25
12 95 25
12 95 25
12 95 25
12 95 25
12 95 25
12 95 25
12 95 25
12 95 25
12 95 25
12 95 25
12 95 25
12 94 25
12 94 25
12 94 25
12 94 25
12 94 25
12 94 25
12 94 25
12 94 25
12 94 25
12 94 25
12 93 25
12 93 25
12 93 25
12 93 25
12 93 25
12 93 25
12 93 25
12 93 25
12 93 25
12 93 25
12 92 25
12 92 25
12 92 25
12 92 25
12 92 25
12 92 25
12 92 25
12 92 25
12 92 25
12 92 25
12 92 25
12 91 25
12 91 25
12 91 25
12 91 25
12 91 25
12 91 25
12 91 25
12 91 25
12 91 25
12 91 25
12 91 25
12 91 25
12 91 25
12 90 25
12 90 25
12 90 25
12 90 25
12 90 25
12 90 25
12 90 25
12 90 25
12 90 25
12 90 25
12 90 25
12 90 25
12 90 25
12 90 25
12 90 25
12 89 25
12 89 25
12 89 25
12 89 25
12 89 25
12 89 25
12 89 25
12 89 25
12 89 25
12 89 25
12 89 25
12 89 25
12 89 25
12 89 25
12 89 25
12 89 25
12 89 25
12 88 25
12 88 25
12 88 25
12 88 25
12 88 25
12 88 25
12 88 25
12 88 25
12 88 25
12 88 25
12 88 25
12 88 25
12 88 25
12 88 25
12 88 25
12 88 25
12 88 25
12 88 25
12 87 25
12 87 25
12 87 25
12 87 25
12 87 25
12 87 25
12 87 25
12 87 25
12 87 25
12 87 25
12 87 25
12 87 25
12 87 25
12 87 25
12 87 25
12 87 25
12 87 25
12 87 25
12 86 25
12 86 25
12 86 25
12 86 25
12 86 25
12 86 25
12 86 25
12 86 25
12 86 25
12 86 25
12 86 25
12 86 25
12 86 25
12 86 25
12 86 25
12 86 25
12 86 25
12 86 25
12 85 25
12 85 25
12 85 25
12 85 25
12 85 25
12 85 25
12 85 25
12 85 25
12 85 25
12 85 25
12 85 25
12 85 25
12 85 25
12 85 25
12 85 25
12 85 25
12 84 25
12 84 25
12 84 25
12 84 25
12 84 25
12 84 25
12 84 25
12 84 25
12 84 25
12 84 25
12 84 25
12 84 25
12 84 25
12 83 25
12 83 25
12 83 25
12 83 25
12 83 25
12 83 25
12 83 25
12 83 25
12 83 25
12 83 25
12 82 25
12 82 25
12 82 25
12 82 25
12 82 25
12 82 25
12 82 25
12 81 25
12 81 25
12 81 25
12 81 25
12 80 25
12 80 25
12 79 25
12 79 25
12 78 25
12 77 25
12 76 25
12 75 25
12 74 25
12 73 25
12 72 25
12 71 25
12 70 25
12 69 25
12 68 25
12 67 25
12 66 25
12 65 25
12 64 25
12 63 25
12 62 25
12 61 25
12 60 25
12 59 25
12 58 25
12 57 25
12 56 25
12 55 25
12 54 25
