31 3 120
32 3 120
32 3 120
33 3 120
33 3 120
34 3 120
34 3 120
35 3 120
35 3 120
36 3 120
36 3 120
37 3 120
37 3 120
38 3 120
38 3 120
39 3 120
39 3 120
40 3 120
40 3 120
41 3 120
41 3 120
41 3 120
42 3 240
42 3 120
43 3 240
43 3 120
43 3 120
44 3 360
44 3 120
45 3 360
45 3 120
45 3 120
46 3 480
46 3 120
47 3 480
47 3 120
48 3 480
48 3 120
49 3 480
49 3 120
50 3 480
51 3 480
52 3 480
53 3 120
53 3 120
53 3 120
53 3 120
54 3 360
54 3 120
55 3 360
55 3 120
56 3 360
56 3 120
57 3 360
57 3 120
58 3 360
58 3 120
59 3 360
60 3 360
61 3 360
62 3 120
62 3 120
63 3 120
63 3 120
64 3 120
65 3 120
66 3 120
67 3 120
68 3 120
69 3 120
70 3 120
71 3 120
72 3 120
73 3 120
74 3 120
75 3 120
76 3 120
77 3 120
78 3 120
79 3 120
79 3 120
80 3 120
80 3 120
81 3 120
81 3 120
82 3 120
82 3 120
83 3 120
83 3 120
84 3 120
84 3 120
85 3 120
85 3 120
86 3 120
86 3 120
87 3 120
87 3 120
87 4 120
87 4 120
87 5 120
87 5 120
87 6 120
87 6 120
87 7 120
87 8 120
87 9 120
87 10 120
87 11 120
87 12 120
87 13 120
87 14 120
87 15 120
87 16 120
87 17 120
87 18 120
87 19 120
87 20 120
87 21 120
87 22 120
87 23 120
87 24 120
87 24 120
87 25 120
87 25 120
87 26 120
87 26 120
87 27 120
87 27 120
87 28 120
87 28 120
87 29 120
87 29 120
87 30 120
87 30 120
87 31 120
87 31 120
87 32 120
87 32 120
87 33 120
87 33 120
87 33 120
87 34 240
87 34 120
87 35 240
87 35 120
87 36 240
87 36 120
87 36 120
87 37 360
87 37 120
87 37 120
87 38 480
87 38 120
87 39 480
87 39 120
87 40 480
87 40 120
87 41 480
87 42 480
87 43 480
87 44 120
87 44 120
87 44 120
87 45 240
87 45 120
87 46 240
87 46 120
87 47 240
87 47 120
87 48 240
87 48 120
87 49 240
87 49 120
87 50 240
87 50 120
87 51 240
87 51 120
87 52 240
87 52 120
87 53 240
87 54 240
87 55 240
87 56 120
87 57 120
87 58 120
87 59 120
87 60 120
87 61 120
87 62 120
87 63 120
87 64 120
87 65 120
87 66 120
87 67 120
87 68 120
87 69 120
87 70 120
87 71 120
87 72 120
30 3 120
29 3 120
28 3 120
27 3 120
26 3 120
25 3 120
24 3 120
23 3 120
22 3 120
21 3 120
20 3 120
19 3 120
18 3 120
17 3 120
16 3 120
15 3 120
14 3 120
13 3 120
12 3 120
11 3 120
10 3 120
9 3 120
9 4 120
9 5 120
9 6 120
9 7 120
9 8 120
9 9 120
9 10 120
9 11 120
9 12 120
9 13 120
9 14 120
9 15 120
9 16 120
9 17 120
9 18 120
9 19 120
9 20 120
9 21 120
9 22 120
9 23 120
9 24 120
9 25 120
9 26 120
9 27 120
9 28 120
9 29 120
9 30 120
9 31 120
37 107 120
38 107 120
39 107 120
40 107 120
41 107 120
42 107 120
43 107 120
44 107 120
45 107 120
46 107 120
47 107 120
48 107 120
49 107 120
50 107 120
51 107 120
52 107 120
53 107 120
54 107 120
55 107 120
56 107 120
57 107 120
58 107 120
59 107 120
60 107 120
61 107 120
62 107 120
63 107 120
64 107 120
65 107 120
66 107 120
67 107 120
68 107 120
69 107 120
69 107 120
70 107 120
70 107 120
71 107 120
71 107 120
72 107 120
72 107 120
73 107 120
73 107 120
74 107 120
75 107 120
76 107 120
77 107 120
78 107 120
79 107 120
80 107 120
81 107 120
82 107 120
83 107 120
84 107 120
84 107 120
85 107 120
85 107 120
86 107 120
86 107 120
87 107 120
87 107 120
87 106 120
87 105 120
87 104 120
87 103 120
87 102 120
87 101 120
87 100 120
87 99 120
87 98 120
87 97 120
87 96 120
87 95 120
87 94 120
87 93 120
87 92 120
87 91 120
87 90 120
87 89 120
87 88 120
87 87 120
87 86 120
87 85 120
87 84 120
87 83 120
87 82 120
87 81 120
87 80 120
87 79 120
87 78 120
87 77 120
87 76 120
87 75 120
87 74 120
87 73 120
136 110 120
135 110 120
134 110 120
133 110 120
132 110 120
131 110 120
130 110 120
129 110 120
128 110 120
127 110 120
126 110 120
125 110 120
124 110 120
123 110 120
122 110 120
121 110 120
120 110 120
119 110 120
118 110 120
117 110 120
116 110 120
115 110 120
114 110 120
113 110 120
112 110 120
111 110 120
110 110 120
110 111 120
110 112 120
110 113 120
110 114 120
110 115 120
110 116 120
110 117 120
110 118 120
110 119 120
110 120 120
110 121 120
110 122 120
110 123 120
110 124 120
110 125 120
110 126 120
110 127 120
110 128 120
110 129 120
110 130 120
110 131 120
110 132 120
110 133 120
110 134 120
110 135 120
110 136 120
110 137 120
110 138 120
110 138 120
110 139 120
110 139 120
110 140 120
110 140 120
110 141 120
110 141 120
110 142 120
110 142 120
110 143 120
110 144 120
110 145 120
110 146 120
110 147 120
110 148 120
110 149 120
110 150 120
110 151 120
110 152 120
110 153 120
137 110 120
138 110 120
139 110 120
140 110 120
141 110 120
142 110 120
143 110 120
144 110 120
145 110 120
145 110 120
146 110 120
146 110 120
147 110 120
147 110 120
147 110 120
148 110 240
148 110 120
148 110 120
149 110 360
149 110 120
149 110 120
150 110 480
150 110 120
150 110 120
151 110 600
151 110 120
151 110 120
151 109 720
151 109 120
151 109 120
151 108 840
151 108 120
151 108 120
151 107 960
151 107 120
151 107 120
151 106 1080
151 105 1080
151 104 1080
151 103 120
151 103 120
151 103 120
151 103 120
151 103 120
151 103 120
151 102 600
151 101 600
151 100 600
151 99 120
151 99 120
151 99 120
151 98 240
151 98 120
151 97 240
151 97 120
151 96 240
151 96 120
151 95 240
151 95 120
151 95 120
151 94 360
151 94 120
151 93 360
151 93 120
151 92 360
151 92 120
151 92 120
151 91 480
151 91 120
151 90 480
151 90 120
151 89 480
151 88 480
151 87 480
151 86 120
151 86 120
151 85 120
151 85 120
151 84 120
151 84 120
151 83 120
151 82 120
151 81 120
151 80 120
151 79 120
151 78 120
151 77 120
151 76 120
151 75 120
151 74 120
151 73 120
151 72 120
151 71 120
151 70 120
151 69 120
151 68 120
151 67 120
151 66 120
151 65 120
183 150 120
183 150 120
183 150 120
182 150 240
182 150 120
182 150 120
181 150 360
181 150 120
180 150 360
180 150 120
179 150 360
179 150 120
179 150 120
178 150 480
178 150 120
177 150 480
177 150 120
176 150 480
176 150 120
175 150 480
175 150 120
174 150 480
174 150 120
173 150 480
172 150 480
171 150 480
170 150 120
170 150 120
170 150 120
170 150 120
169 150 360
169 150 120
168 150 360
168 150 120
167 150 360
167 150 120
166 150 360
166 150 120
165 150 360
165 150 120
164 150 360
164 150 120
164 150 120
163 150 480
163 150 120
162 150 480
162 150 120
161 150 480
161 150 120
160 150 480
160 150 120
159 150 480
159 150 120
158 150 480
157 150 480
156 150 480
156 150 120
155 150 480
155 150 120
154 150 480
154 150 120
153 150 480
153 150 120
153 150 120
152 150 600
152 150 120
152 150 120
151 150 720
151 150 120
151 150 120
150 150 840
150 150 120
149 150 840
149 150 120
148 150 840
148 150 120
147 150 840
146 150 840
145 150 840
144 150 120
144 150 120
144 150 120
144 150 120
144 150 120
143 150 480
142 150 480
141 150 480
140 150 120
140 150 120
140 150 120
139 150 240
139 150 120
138 150 240
138 150 120
137 150 240
137 150 120
136 150 240
136 150 120
136 150 120
135 150 360
135 150 120
134 150 360
134 150 120
133 150 360
133 150 120
132 150 360
132 150 120
131 150 360
131 150 120
130 150 360
130 150 120
129 150 360
129 150 120
128 150 360
127 150 360
126 150 360
125 150 120
125 150 120
124 150 120
124 150 120
123 150 120
123 150 120
122 150 120
121 150 120
120 150 120
119 150 120
118 150 120
117 150 120
116 150 120
115 150 120
114 150 120
113 150 120
112 150 120
111 150 120
