196 23 80
195 23 80
194 23 80
193 23 80
192 23 80
191 23 80
190 23 80
189 23 80
188 23 80
188 23 80
187 23 80
187 23 80
186 23 80
186 23 80
186 23 80
185 23 80
185 23 80
185 23 80
185 23 80
185 23 80
184 23 80
184 23 80
184 23 80
184 23 80
184 23 80
184 23 80
183 23 80
183 23 80
183 23 80
183 23 80
183 23 80
183 23 80
183 23 80
182 23 80
182 23 80
182 23 80
182 23 80
182 23 80
182 23 80
182 23 80
182 23 80
181 23 80
181 23 80
181 23 80
181 23 80
181 23 80
181 23 80
181 23 80
181 23 80
181 23 80
180 23 80
180 23 80
180 23 80
180 23 80
180 23 80
180 23 80
180 23 80
180 23 80
180 23 80
179 23 80
179 23 80
179 23 80
179 23 80
179 23 80
179 23 80
179 23 80
179 23 80
179 23 80
179 23 80
178 23 80
178 23 80
178 23 80
178 23 80
178 23 80
178 23 80
178 23 80
178 23 80
178 23 80
178 23 80
178 23 80
177 23 80
177 23 80
177 23 80
177 23 80
177 23 80
177 23 80
177 23 80
177 23 80
177 23 80
177 23 80
177 23 80
177 23 80
177 23 80
176 23 80
176 23 80
176 23 80
176 23 80
176 23 80
176 23 80
176 23 80
176 23 80
176 23 80
176 23 80
176 23 80
176 23 80
176 23 80
176 23 80
175 23 80
175 23 80
175 23 80
175 23 80
175 23 80
175 23 80
175 23 80
175 23 80
175 23 80
175 23 80
175 23 80
175 23 80
175 23 80
175 23 80
174 23 80
174 23 80
174 23 80
174 23 80
174 23 80
174 23 80
174 23 80
174 23 80
174 23 80
174 23 80
174 23 80
174 23 80
174 23 80
174 23 80
174 23 80
173 23 80
173 23 80
173 23 80
173 23 80
173 23 80
173 23 80
173 23 80
173 23 80
173 23 80
173 23 80
173 23 80
173 23 80
173 23 80
173 23 80
173 23 80
172 23 80
172 23 80
172 23 80
172 23 80
172 23 80
172 23 80
172 23 80
172 23 80
172 23 80
172 23 80
172 23 80
172 23 80
172 23 80
172 23 80
171 23 80
171 23 80
171 23 80
171 23 80
171 23 80
171 23 80
171 23 80
171 23 80
171 23 80
171 23 80
171 23 80
171 23 80
171 23 80
170 23 80
170 23 80
170 23 80
170 23 80
170 23 80
170 23 80
170 23 80
170 23 80
170 23 80
170 23 80
170 23 80
169 23 80
169 23 80
169 23 80
169 23 80
169 23 80
169 23 80
169 23 80
169 23 80
169 23 80
168 23 80
168 23 80
168 23 80
168 23 80
168 23 80
168 23 80
168 23 80
167 23 80
167 23 80
167 23 80
167 23 80
167 23 80
166 23 80
166 23 80
166 23 80
166 23 80
165 23 80
165 23 80
165 23 80
164 23 80
164 23 80
163 23 80
162 23 80
162 24 80
162 25 80
162 26 80
162 27 80
162 28 80
162 29 80
162 30 80
162 31 80
162 31 80
162 32 80
162 32 80
162 33 80
162 33 80
162 34 80
162 34 80
162 35 80
162 35 80
162 35 80
162 36 80
162 36 80
162 36 80
162 37 80
162 37 80
162 37 80
162 37 80
162 38 80
162 38 80
162 38 80
162 38 80
162 39 80
162 39 80
162 39 80
162 39 80
162 39 80
162 40 80
162 40 80
162 40 80
162 40 80
162 40 80
162 41 80
162 41 80
162 41 80
162 41 80
162 41 80
162 41 80
162 42 80
162 42 80
162 42 80
162 42 80
162 42 80
162 42 80
162 43 80
162 43 80
162 43 80
162 43 80
162 43 80
162 43 80
162 44 80
162 44 80
162 44 80
162 44 80
162 44 80
162 44 80
162 45 80
162 45 80
162 45 80
162 45 80
162 45 80
162 46 80
162 46 80
162 46 80
162 46 80
162 47 80
162 47 80
162 47 80
162 47 80
162 48 80
162 48 80
162 48 80
162 49 80
162 49 80
162 49 80
162 50 80
162 50 80
162 51 80
162 51 80
162 52 80
162 52 80
162 53 80
162 53 80
162 54 80
162 54 80
162 55 80
162 55 80
162 56 80
162 56 80
162 57 80
162 57 80
162 58 80
162 58 80
162 59 80
162 59 80
162 60 80
162 60 80
162 61 80
162 61 80
162 61 80
162 62 80
162 62 80
162 62 80
162 63 80
162 63 80
162 63 80
162 64 80
162 64 80
162 64 80
162 64 80
162 65 80
162 65 80
162 65 80
162 65 80
162 66 80
162 66 80
162 66 80
162 66 80
162 66 80
162 67 80
162 67 80
162 67 80
162 67 80
162 67 80
162 67 80
162 68 80
162 68 80
162 68 80
162 68 80
162 68 80
162 68 80
162 68 80
162 68 80
162 69 80
162 69 80
162 69 80
162 69 80
162 69 80
162 69 80
162 69 80
162 69 80
162 69 80
162 70 80
162 70 80
162 70 80
162 70 80
162 70 80
162 70 80
162 70 80
162 70 80
162 70 80
162 70 80
162 70 80
162 71 80
162 71 80
162 71 80
162 71 80
162 71 80
162 71 80
162 71 80
162 71 80
162 71 80
162 71 80
162 71 80
162 71 80
162 72 80
162 72 80
162 72 80
162 72 80
162 72 80
162 72 80
162 72 80
162 72 80
162 72 80
162 72 80
162 72 80
162 72 80
162 72 80
162 72 80
162 73 80
162 73 80
162 73 80
162 73 80
162 73 80
162 73 80
162 73 80
162 73 80
162 73 80
162 73 80
162 73 80
162 73 80
162 73 80
162 73 80
162 73 80
162 74 80
162 74 80
162 74 80
162 74 80
162 74 80
162 74 80
162 74 80
162 74 80
162 74 80
162 74 80
162 74 80
162 74 80
162 74 80
162 74 80
162 74 80
162 74 80
162 75 80
162 75 80
162 75 80
162 75 80
162 75 80
162 75 80
162 75 80
162 75 80
162 75 80
162 75 80
162 75 80
162 75 80
162 75 80
162 75 80
162 75 80
162 75 80
162 76 80
162 76 80
162 76 80
162 76 80
162 76 80
162 76 80
162 76 80
162 76 80
162 76 80
162 76 80
162 76 80
162 76 80
162 76 80
162 76 80
162 76 80
162 76 80
162 77 80
162 77 80
162 77 80
162 77 80
162 77 80
162 77 80
162 77 80
162 77 80
162 77 80
162 77 80
162 77 80
162 77 80
162 77 80
162 77 80
162 77 80
162 77 80
162 78 80
162 78 80
162 78 80
162 78 80
162 78 80
162 78 80
162 78 80
162 78 80
162 78 80
162 78 80
162 78 80
162 78 80
162 78 80
162 78 80
162 78 80
162 78 80
162 79 80
162 79 80
162 79 80
162 79 80
162 79 80
162 79 80
162 79 80
162 79 80
162 79 80
162 79 80
162 79 80
162 79 80
162 79 80
162 79 80
162 79 80
162 80 80
162 80 80
162 80 80
162 80 80
162 80 80
162 80 80
162 80 80
162 80 80
162 80 80
162 80 80
162 80 80
162 80 80
162 80 80
162 80 80
162 81 80
162 81 80
162 81 80
162 81 80
162 81 80
162 81 80
162 81 80
162 81 80
162 81 80
162 81 80
162 81 80
162 81 80
162 81 80
162 82 80
162 82 80
162 82 80
162 82 80
162 82 80
162 82 80
162 82 80
162 82 80
162 82 80
162 82 80
162 82 80
162 83 80
162 83 80
162 83 80
162 83 80
162 83 80
162 83 80
162 83 80
162 83 80
162 83 80
162 83 80
162 84 80
162 84 80
162 84 80
162 84 80
162 84 80
162 84 80
162 84 80
162 84 80
162 84 80
162 85 80
162 85 80
162 85 80
162 85 80
162 85 80
162 85 80
162 85 80
162 85 80
162 86 80
162 86 80
162 86 80
162 86 80
162 86 80
162 86 80
162 86 80
162 86 80
162 87 80
162 87 80
162 87 80
162 87 80
162 87 80
162 87 80
162 87 80
162 87 80
162 88 80
162 88 80
162 88 80
162 88 80
162 88 80
162 88 80
162 88 80
162 89 80
162 89 80
162 89 80
162 89 80
162 89 80
162 89 80
162 89 80
162 90 80
162 90 80
162 90 80
162 90 80
162 90 80
162 90 80
162 91 80
162 91 80
162 91 80
162 91 80
162 91 80
162 92 80
162 92 80
162 92 80
162 92 80
162 93 80
162 93 80
162 93 80
162 94 80
162 94 80
131 67 80
130 67 80
129 67 80
128 67 80
127 67 80
126 67 80
125 67 80
124 67 80
123 67 80
122 67 80
121 67 80
120 67 80
119 67 80
118 67 80
117 67 80
116 67 80
115 67 80
114 67 80
113 67 80
112 67 80
111 67 80
110 67 80
109 67 80
108 67 80
107 67 80
106 67 80
105 67 80
104 67 80
103 67 80
103 68 80
103 69 80
103 70 80
103 71 80
103 72 80
103 73 80
103 74 80
103 75 80
103 76 80
103 77 80
103 78 80
103 79 80
40 66 80
41 66 80
42 66 80
43 66 80
44 66 80
45 66 80
46 66 80
47 66 80
48 66 80
49 66 80
50 66 80
51 66 80
52 66 80
53 66 80
54 66 80
55 66 80
56 66 80
57 66 80
58 66 80
59 66 80
60 66 80
61 66 80
62 66 80
63 66 80
64 66 80
65 66 80
66 66 80
67 66 80
68 66 80
69 66 80
70 66 80
71 66 80
72 66 80
73 66 80
74 66 80
75 66 80
75 66 80
76 66 80
76 66 80
77 66 80
77 66 80
77 66 80
78 66 80
78 66 80
78 66 80
78 66 80
79 66 80
79 66 80
79 66 80
79 66 80
80 66 80
80 66 80
80 66 80
80 66 80
81 66 80
81 66 80
81 66 80
81 66 80
82 66 80
82 66 80
82 66 80
82 66 80
83 66 80
83 66 80
83 66 80
83 66 80
84 66 80
84 66 80
84 66 80
85 66 80
85 66 80
85 66 80
86 66 80
86 66 80
86 66 80
87 66 80
87 66 80
87 66 80
88 66 80
88 66 80
88 66 80
89 66 80
89 66 80
89 66 80
90 66 80
90 66 80
90 66 80
91 66 80
91 66 80
91 66 80
92 66 80
92 66 80
92 66 80
93 66 80
93 66 80
93 66 80
94 66 80
94 66 80
94 66 80
95 66 80
95 66 80
95 66 80
96 66 80
96 66 80
96 66 80
97 66 80
97 66 80
98 66 80
98 66 80
99 66 80
99 66 80
100 66 80
101 66 80
102 66 80
103 66 80
39 66 80
38 66 80
37 66 80
36 66 80
35 66 80
34 66 80
33 66 80
32 66 80
31 66 80
30 66 80
29 66 80
28 66 80
27 66 80
26 66 80
25 66 80
24 66 80
23 66 80
22 66 80
21 66 80
20 66 80
19 66 80
18 66 80
17 66 80
16 66 80
15 66 80
14 66 80
13 66 80
12 66 80
11 66 80
10 66 80
9 66 80
8 66 80
7 66 80
6 66 80
5 66 80
4 66 80
3 66 80
2 66 80
1 66 80
0 66 80
0 67 80
0 68 80
14 191 80
14 191 80
14 191 80
14 191 80
14 191 80
15 191 80
15 191 80
15 191 80
15 191 80
16 191 80
16 191 80
16 191 80
16 191 80
17 191 80
17 191 80
17 191 80
18 191 80
18 191 80
18 191 80
19 191 80
19 191 80
20 191 80
20 191 80
21 191 80
21 191 80
22 191 80
23 191 80
24 191 80
25 191 80
26 191 80
27 191 80
28 191 80
29 191 80
30 191 80
31 191 80
32 191 80
33 191 80
34 191 80
35 191 80
36 191 80
37 191 80
38 191 80
39 191 80
40 191 80
41 191 80
41 191 80
42 191 80
42 191 80
43 191 80
43 191 80
44 191 80
44 191 80
45 191 80
45 191 80
45 191 80
46 191 80
46 191 80
46 191 80
47 191 80
47 191 80
47 191 80
48 191 80
48 191 80
48 191 80
49 191 80
49 191 80
49 191 80
49 191 80
50 191 80
50 191 80
50 191 80
50 191 80
51 191 80
51 191 80
51 191 80
51 191 80
52 191 80
52 191 80
52 191 80
52 191 80
52 191 80
53 191 80
53 191 80
53 191 80
53 191 80
53 191 80
53 191 80
53 191 80
54 191 80
54 191 80
54 191 80
54 191 80
54 191 80
54 191 80
54 191 80
54 191 80
54 191 80
55 191 80
55 191 80
55 191 80
55 191 80
55 191 80
55 191 80
55 191 80
55 191 80
55 191 80
55 191 80
55 191 80
55 191 80
55 191 80
56 191 80
56 191 80
56 191 80
56 191 80
56 191 80
56 191 80
56 191 80
56 191 80
56 191 80
56 191 80
56 191 80
56 191 80
56 191 80
56 191 80
56 191 80
56 191 80
56 191 80
57 191 80
57 191 80
57 191 80
57 191 80
57 191 80
57 191 80
57 191 80
57 191 80
57 191 80
57 191 80
57 191 80
57 191 80
57 191 80
57 191 80
57 191 80
57 191 80
57 191 80
57 191 80
57 191 80
57 191 80
57 191 80
58 191 80
58 191 80
58 191 80
58 191 80
58 191 80
58 191 80
58 191 80
58 191 80
58 191 80
58 191 80
58 191 80
58 191 80
58 191 80
58 191 80
58 191 80
58 191 80
58 191 80
58 191 80
58 191 80
58 191 80
58 191 80
58 191 80
58 191 80
58 191 80
58 191 80
58 191 80
59 191 80
59 191 80
59 191 80
59 191 80
59 191 80
59 191 80
59 191 80
59 191 80
59 191 80
59 191 80
59 191 80
59 191 80
59 191 80
59 191 80
59 191 80
59 191 80
59 191 80
59 191 80
59 191 80
59 191 80
59 191 80
59 191 80
59 191 80
59 191 80
59 191 80
59 191 80
59 191 80
59 191 80
59 191 80
59 191 80
59 191 80
59 191 80
60 191 80
60 191 80
60 191 80
60 191 80
60 191 80
60 191 80
60 191 80
60 191 80
60 191 80
60 191 80
60 191 80
60 191 80
60 191 80
60 191 80
60 191 80
60 191 80
60 191 80
60 191 80
60 191 80
60 191 80
60 191 80
60 191 80
60 191 80
60 191 80
60 191 80
60 191 80
60 191 80
60 191 80
60 191 80
60 191 80
60 191 80
60 191 80
60 191 80
60 191 80
60 191 80
60 191 80
60 191 80
61 191 80
61 191 80
61 191 80
61 191 80
61 191 80
61 191 80
61 191 80
61 191 80
61 191 80
61 191 80
61 191 80
61 191 80
61 191 80
61 191 80
61 191 80
61 191 80
61 191 80
61 191 80
61 191 80
61 191 80
61 191 80
61 191 80
61 191 80
61 191 80
61 191 80
61 191 80
61 191 80
61 191 80
61 191 80
61 191 80
61 191 80
61 191 80
61 191 80
61 191 80
61 191 80
61 191 80
61 191 80
61 191 80
61 191 80
61 191 80
61 191 80
61 191 80
62 191 80
62 191 80
62 191 80
62 191 80
62 191 80
62 191 80
62 191 80
62 191 80
62 191 80
62 191 80
62 191 80
62 191 80
62 191 80
62 191 80
62 191 80
62 191 80
62 191 80
62 191 80
62 191 80
62 191 80
62 191 80
62 191 80
62 191 80
62 191 80
62 191 80
62 191 80
62 191 80
62 191 80
62 191 80
62 191 80
62 191 80
62 191 80
62 191 80
62 191 80
62 191 80
62 191 80
62 191 80
62 191 80
62 191 80
62 191 80
62 191 80
62 191 80
62 191 80
62 191 80
62 191 80
62 191 80
62 191 80
63 191 80
63 191 80
63 191 80
63 191 80
63 191 80
63 191 80
63 191 80
63 191 80
63 191 80
63 191 80
63 191 80
63 191 80
63 191 80
63 191 80
63 191 80
63 191 80
63 191 80
63 191 80
63 191 80
63 191 80
63 191 80
63 191 80
63 191 80
63 191 80
63 191 80
63 191 80
63 191 80
63 191 80
63 191 80
63 191 80
63 191 80
63 191 80
63 191 80
63 191 80
63 191 80
63 191 80
63 191 80
63 191 80
63 191 80
63 191 80
63 191 80
63 191 80
63 191 80
63 191 80
63 191 80
63 191 80
63 191 80
63 191 80
63 191 80
63 191 80
63 191 80
64 191 80
64 191 80
64 191 80
64 191 80
64 191 80
64 191 80
64 191 80
64 191 80
64 191 80
64 191 80
64 191 80
64 191 80
64 191 80
64 191 80
64 191 80
64 191 80
64 191 80
64 191 80
64 191 80
64 191 80
64 191 80
64 191 80
64 191 80
64 191 80
64 191 80
64 191 80
64 191 80
64 191 80
64 191 80
64 191 80
64 191 80
64 191 80
64 191 80
64 191 80
64 191 80
64 191 80
64 191 80
64 191 80
64 191 80
64 191 80
64 191 80
64 191 80
64 191 80
64 191 80
64 191 80
64 191 80
64 191 80
64 191 80
64 191 80
64 191 80
64 191 80
64 191 80
64 191 80
65 191 80
65 191 80
65 191 80
65 191 80
65 191 80
65 191 80
65 191 80
65 191 80
65 191 80
65 191 80
65 191 80
65 191 80
65 191 80
65 191 80
65 191 80
65 191 80
65 191 80
65 191 80
65 191 80
65 191 80
65 191 80
65 191 80
65 191 80
65 191 80
65 191 80
65 191 80
65 191 80
65 191 80
65 191 80
65 191 80
65 191 80
65 191 80
65 191 80
65 191 80
65 191 80
65 191 80
65 191 80
65 191 80
65 191 80
65 191 80
65 191 80
65 191 80
65 191 80
65 191 80
65 191 80
65 191 80
65 191 80
65 191 80
65 191 80
65 191 80
65 191 80
65 191 80
65 191 80
65 191 80
65 191 80
66 191 80
66 191 80
66 191 80
66 191 80
66 191 80
66 191 80
66 191 80
66 191 80
66 191 80
66 191 80
66 191 80
66 191 80
66 191 80
66 191 80
66 191 80
66 191 80
66 191 80
66 191 80
66 191 80
66 191 80
66 191 80
66 191 80
66 191 80
66 191 80
66 191 80
66 191 80
66 191 80
66 191 80
66 191 80
66 191 80
66 191 80
66 191 80
66 191 80
66 191 80
66 191 80
66 191 80
66 191 80
66 191 80
66 191 80
66 191 80
66 191 80
66 191 80
66 191 80
66 191 80
66 191 80
66 191 80
66 191 80
66 191 80
66 191 80
66 191 80
66 191 80
66 191 80
66 191 80
66 191 80
66 191 80
67 191 80
67 191 80
67 191 80
67 191 80
67 191 80
67 191 80
67 191 80
67 191 80
67 191 80
67 191 80
67 191 80
67 191 80
67 191 80
67 191 80
67 191 80
67 191 80
67 191 80
67 191 80
67 191 80
67 191 80
67 191 80
67 191 80
67 191 80
67 191 80
67 191 80
67 191 80
67 191 80
67 191 80
67 191 80
67 191 80
67 191 80
67 191 80
67 191 80
67 191 80
67 191 80
67 191 80
67 191 80
67 191 80
67 191 80
67 191 80
67 191 80
67 191 80
67 191 80
67 191 80
67 191 80
67 191 80
67 191 80
67 191 80
67 191 80
67 191 80
67 191 80
67 191 80
67 191 80
67 191 80
67 191 80
68 191 80
68 191 80
68 191 80
68 191 80
68 191 80
68 191 80
68 191 80
68 191 80
68 191 80
68 191 80
68 191 80
68 191 80
68 191 80
68 191 80
68 191 80
68 191 80
68 191 80
68 191 80
68 191 80
68 191 80
68 191 80
68 191 80
68 191 80
68 191 80
68 191 80
68 191 80
68 191 80
68 191 80
68 191 80
68 191 80
68 191 80
68 191 80
68 191 80
68 191 80
68 191 80
68 191 80
68 191 80
68 191 80
68 191 80
68 191 80
68 191 80
68 191 80
68 191 80
68 191 80
68 191 80
68 191 80
68 191 80
68 191 80
68 191 80
68 191 80
68 191 80
68 191 80
68 191 80
68 191 80
69 191 80
69 191 80
69 191 80
69 191 80
69 191 80
69 191 80
69 191 80
69 191 80
69 191 80
69 191 80
69 191 80
69 191 80
69 191 80
69 191 80
69 191 80
69 191 80
69 191 80
69 191 80
69 191 80
69 191 80
69 191 80
69 191 80
69 191 80
69 191 80
69 191 80
69 191 80
69 191 80
69 191 80
69 191 80
69 191 80
69 191 80
69 191 80
69 191 80
69 191 80
69 191 80
69 191 80
69 191 80
69 191 80
69 191 80
69 191 80
69 191 80
69 191 80
69 191 80
69 191 80
69 191 80
69 191 80
69 191 80
69 191 80
69 191 80
69 191 80
69 191 80
69 191 80
70 191 80
70 191 80
70 191 80
70 191 80
70 191 80
70 191 80
70 191 80
70 191 80
70 191 80
70 191 80
70 191 80
70 191 80
70 191 80
70 191 80
70 191 80
70 191 80
70 191 80
70 191 80
70 191 80
70 191 80
70 191 80
70 191 80
70 191 80
70 191 80
70 191 80
70 191 80
70 191 80
70 191 80
70 191 80
70 191 80
70 191 80
70 191 80
70 191 80
70 191 80
70 191 80
70 191 80
70 191 80
70 191 80
70 191 80
70 191 80
70 191 80
70 191 80
70 191 80
70 191 80
70 191 80
70 191 80
70 191 80
70 191 80
70 191 80
70 191 80
71 191 80
71 191 80
71 191 80
71 191 80
71 191 80
71 191 80
71 191 80
71 191 80
71 191 80
71 191 80
71 191 80
71 191 80
71 191 80
71 191 80
71 191 80
71 191 80
71 191 80
71 191 80
71 191 80
71 191 80
71 191 80
71 191 80
71 191 80
71 191 80
71 191 80
71 191 80
71 191 80
71 191 80
71 191 80
71 191 80
71 191 80
71 191 80
71 191 80
71 191 80
71 191 80
71 191 80
71 191 80
71 191 80
71 191 80
71 191 80
71 191 80
71 191 80
71 191 80
71 191 80
71 191 80
71 191 80
71 191 80
72 191 80
72 191 80
72 191 80
72 191 80
72 191 80
72 191 80
72 191 80
72 191 80
72 191 80
72 191 80
72 191 80
72 191 80
72 191 80
72 191 80
72 191 80
72 191 80
72 191 80
72 191 80
72 191 80
72 191 80
72 191 80
72 191 80
72 191 80
72 191 80
72 191 80
72 191 80
72 191 80
72 191 80
72 191 80
72 191 80
72 191 80
72 191 80
72 191 80
72 191 80
72 191 80
72 191 80
72 191 80
72 191 80
72 191 80
72 191 80
72 191 80
72 191 80
72 191 80
72 191 80
73 191 80
73 191 80
73 191 80
73 191 80
73 191 80
73 191 80
73 191 80
73 191 80
73 191 80
73 191 80
73 191 80
73 191 80
73 191 80
73 191 80
73 191 80
73 191 80
73 191 80
73 191 80
73 191 80
73 191 80
73 191 80
73 191 80
73 191 80
73 191 80
73 191 80
73 191 80
73 191 80
73 191 80
73 191 80
73 191 80
73 191 80
73 191 80
73 191 80
73 191 80
73 191 80
73 191 80
73 191 80
73 191 80
73 191 80
73 191 80
73 191 80
74 191 80
74 191 80
74 191 80
74 191 80
74 191 80
74 191 80
74 191 80
74 191 80
74 191 80
74 191 80
74 191 80
74 191 80
74 191 80
74 191 80
74 191 80
74 191 80
74 191 80
74 191 80
74 191 80
74 191 80
74 191 80
74 191 80
74 191 80
74 191 80
74 191 80
74 191 80
74 191 80
74 191 80
74 191 80
74 191 80
74 191 80
74 191 80
74 191 80
74 191 80
74 191 80
74 191 80
75 191 80
75 191 80
75 191 80
75 191 80
75 191 80
75 191 80
75 191 80
75 191 80
75 191 80
75 191 80
75 191 80
75 191 80
75 191 80
75 191 80
75 191 80
75 191 80
75 191 80
75 191 80
75 191 80
75 191 80
75 191 80
75 191 80
75 191 80
75 191 80
75 191 80
75 191 80
75 191 80
75 191 80
75 191 80
75 191 80
75 191 80
76 191 80
76 191 80
76 191 80
76 191 80
76 191 80
76 191 80
76 191 80
76 191 80
76 191 80
76 191 80
76 191 80
76 191 80
76 191 80
76 191 80
76 191 80
76 191 80
76 191 80
76 191 80
76 191 80
76 191 80
76 191 80
76 191 80
76 191 80
76 191 80
76 191 80
76 191 80
77 191 80
77 191 80
77 191 80
77 191 80
77 191 80
77 191 80
77 191 80
77 191 80
77 191 80
77 191 80
77 191 80
77 191 80
77 191 80
77 191 80
77 191 80
77 191 80
77 191 80
77 191 80
77 191 80
77 191 80
77 191 80
77 191 80
78 191 80
78 191 80
78 191 80
78 191 80
78 191 80
78 191 80
78 191 80
78 191 80
78 191 80
78 191 80
78 191 80
78 191 80
78 191 80
78 191 80
78 191 80
78 191 80
78 191 80
78 191 80
79 191 80
79 191 80
79 191 80
79 191 80
79 191 80
79 191 80
79 191 80
79 191 80
79 191 80
79 191 80
79 191 80
79 191 80
79 191 80
79 191 80
79 191 80
80 191 80
80 191 80
80 191 80
80 191 80
80 191 80
80 191 80
80 191 80
80 191 80
80 191 80
80 191 80
80 191 80
80 191 80
80 191 80
81 191 80
81 191 80
81 191 80
81 191 80
81 191 80
81 191 80
81 191 80
81 191 80
81 191 80
81 191 80
81 191 80
81 191 80
82 191 80
82 191 80
82 191 80
82 191 80
82 191 80
82 191 80
82 191 80
82 191 80
82 191 80
82 191 80
82 191 80
83 191 80
83 191 80
83 191 80
83 191 80
83 191 80
83 191 80
83 191 80
83 191 80
83 191 80
83 191 80
84 191 80
84 191 80
84 191 80
84 191 80
84 191 80
84 191 80
84 191 80
84 191 80
84 191 80
85 191 80
85 191 80
85 191 80
85 191 80
85 191 80
85 191 80
85 191 80
85 191 80
85 191 80
86 191 80
86 191 80
86 191 80
86 191 80
86 191 80
86 191 80
86 191 80
86 191 80
87 191 80
87 191 80
87 191 80
87 191 80
87 191 80
87 191 80
87 191 80
88 191 80
88 191 80
88 191 80
88 191 80
88 191 80
88 191 80
88 191 80
89 191 80
89 191 80
89 191 80
89 191 80
89 191 80
89 191 80
89 191 80
90 191 80
90 191 80
90 191 80
90 191 80
90 191 80
90 191 80
90 191 80
91 191 80
91 191 80
91 191 80
91 191 80
91 191 80
91 191 80
92 191 80
92 191 80
92 191 80
92 191 80
92 191 80
92 191 80
93 191 80
93 191 80
93 191 80
93 191 80
93 191 80
94 191 80
94 191 80
94 191 80
94 191 80
95 191 80
95 191 80
95 191 80
95 191 80
96 191 80
96 191 80
96 191 80
97 191 80
97 191 80
97 191 80
98 191 80
98 191 80
99 191 80
99 191 80
100 191 80
100 191 80
101 191 80
101 191 80
102 191 80
102 191 80
103 191 80
103 191 80
104 191 80
104 191 80
104 191 80
105 191 80
105 191 80
105 191 80
106 191 80
106 191 80
106 191 80
106 191 80
107 191 80
107 191 80
107 191 80
107 191 80
108 191 80
108 191 80
108 191 80
108 191 80
108 191 80
109 191 80
109 191 80
109 191 80
109 191 80
109 191 80
109 191 80
110 191 80
110 191 80
110 191 80
110 191 80
110 191 80
110 191 80
111 191 80
111 191 80
111 191 80
111 191 80
111 191 80
111 191 80
112 191 80
112 191 80
112 191 80
112 191 80
112 191 80
112 191 80
113 191 80
113 191 80
113 191 80
113 191 80
113 191 80
114 191 80
114 191 80
114 191 80
114 191 80
115 191 80
115 191 80
115 191 80
115 191 80
116 191 80
116 191 80
116 191 80
117 191 80
117 191 80
118 191 80
118 191 80
119 191 80
119 191 80
120 191 80
121 191 80
122 191 80
123 191 80
124 191 80
125 191 80
126 191 80
127 191 80
128 191 80
129 191 80
130 191 80
131 191 80
132 191 80
133 191 80
134 191 80
135 191 80
136 191 80
137 191 80
138 191 80
138 190 80
138 189 80
138 188 80
138 187 80
138 186 80
138 185 80
138 184 80
138 183 80
138 182 80
138 181 80
138 180 80
138 179 80
138 178 80
85 141 80
86 141 80
87 141 80
88 141 80
89 141 80
90 141 80
91 141 80
92 141 80
93 141 80
94 141 80
95 141 80
96 141 80
97 141 80
98 141 80
99 141 80
100 141 80
101 141 80
102 141 80
103 141 80
103 140 80
103 139 80
103 138 80
103 137 80
103 136 80
103 135 80
103 134 80
103 133 80
103 132 80
103 131 80
103 130 80
103 129 80
103 128 80
103 127 80
103 126 80
103 125 80
103 124 80
103 123 80
103 122 80
103 121 80
103 120 80
103 119 80
103 118 80
103 117 80
103 116 80
103 115 80
103 114 80
103 113 80
103 112 80
103 111 80
103 110 80
103 109 80
103 108 80
103 107 80
103 106 80
103 105 80
103 104 80
103 103 80
103 102 80
103 101 80
103 100 80
103 99 80
103 98 80
103 97 80
103 96 80
103 95 80
103 94 80
103 93 80
103 92 80
103 91 80
103 90 80
103 89 80
103 88 80
103 87 80
103 86 80
103 85 80
103 84 80
103 83 80
103 82 80
103 81 80
103 80 80
84 8 80
85 8 80
86 8 80
87 8 80
88 8 80
88 8 80
89 8 80
89 8 80
90 8 80
90 8 80
91 8 80
91 8 80
91 8 80
92 8 80
92 8 80
92 8 80
93 8 80
93 8 80
93 8 80
93 8 80
94 8 80
94 8 80
94 8 80
94 8 80
95 8 80
95 8 80
95 8 80
95 8 80
96 8 80
96 8 80
96 8 80
96 8 80
97 8 80
97 8 80
97 8 80
97 8 80
97 8 80
98 8 80
98 8 80
98 8 80
98 8 80
98 8 80
99 8 80
99 8 80
99 8 80
99 8 80
99 8 80
99 8 80
100 8 80
100 8 80
100 8 80
100 8 80
100 8 80
100 8 80
101 8 80
101 8 80
101 8 80
101 8 80
101 8 80
101 8 80
102 8 80
102 8 80
102 8 80
102 8 80
102 8 80
102 8 80
103 8 80
103 8 80
103 8 80
103 8 80
103 8 80
103 8 80
103 9 400
103 9 80
103 10 80
103 10 80
103 10 80
103 10 80
103 10 80
103 10 80
103 11 80
103 11 80
103 11 80
103 11 80
103 11 80
103 12 80
103 12 80
103 12 80
103 12 80
103 12 80
103 13 80
103 13 80
103 13 80
103 13 80
103 13 80
103 14 80
103 14 80
103 14 80
103 14 80
103 15 80
103 15 80
103 15 80
103 15 80
103 16 80
103 16 80
103 16 80
103 16 80
103 17 80
103 17 80
103 17 80
103 17 80
103 18 80
103 18 80
103 18 80
103 18 80
103 19 80
103 19 80
103 19 80
103 19 80
103 20 80
103 20 80
103 20 80
103 20 80
103 20 80
103 21 80
103 21 80
103 21 80
103 21 80
103 21 80
103 21 80
103 21 80
103 22 80
103 22 80
103 22 80
103 22 80
103 22 80
103 22 80
103 22 80
103 22 80
103 22 80
103 22 80
103 23 80
103 23 80
103 23 80
103 23 80
103 23 80
103 23 80
103 23 80
103 23 80
103 23 80
103 23 80
103 23 80
103 23 80
103 23 80
103 24 80
103 24 80
103 24 80
103 24 80
103 24 80
103 24 80
103 24 80
103 24 80
103 24 80
103 24 80
103 24 80
103 24 80
103 24 80
103 24 80
103 24 80
103 24 80
103 24 80
103 24 80
103 25 80
103 25 80
103 25 80
103 25 80
103 25 80
103 25 80
103 25 80
103 25 80
103 25 80
103 25 80
103 25 80
103 25 80
103 25 80
103 25 80
103 25 80
103 25 80
103 25 80
103 25 80
103 25 80
103 25 80
103 25 80
103 25 80
103 25 80
103 25 80
103 26 80
103 26 80
103 26 80
103 26 80
103 26 80
103 26 80
103 26 80
103 26 80
103 26 80
103 26 80
103 26 80
103 26 80
103 26 80
103 26 80
103 26 80
103 26 80
103 26 80
103 26 80
103 26 80
103 26 80
103 26 80
103 26 80
103 26 80
103 26 80
103 26 80
103 26 80
103 26 80
103 26 80
103 26 80
103 27 80
103 27 80
103 27 80
103 27 80
103 27 80
103 27 80
103 27 80
103 27 80
103 27 80
103 27 80
103 27 80
103 27 80
103 27 80
103 27 80
103 27 80
103 27 80
103 27 80
103 27 80
103 27 80
103 27 80
103 27 80
103 27 80
103 27 80
103 27 80
103 27 80
103 27 80
103 27 80
103 27 80
103 27 80
103 27 80
103 27 80
103 27 80
103 27 80
103 27 80
103 27 80
103 28 80
103 28 80
103 28 80
103 28 80
103 28 80
103 28 80
103 28 80
103 28 80
103 28 80
103 28 80
103 28 80
103 28 80
103 28 80
103 28 80
103 28 80
103 28 80
103 28 80
103 28 80
103 28 80
103 28 80
103 28 80
103 28 80
103 28 80
103 28 80
103 28 80
103 28 80
103 28 80
103 28 80
103 28 80
103 28 80
103 28 80
103 28 80
103 28 80
103 28 80
103 28 80
103 28 80
103 28 80
103 28 80
103 28 80
103 28 80
103 28 80
103 29 80
103 29 80
103 29 80
103 29 80
103 29 80
103 29 80
103 29 80
103 29 80
103 29 80
103 29 80
103 29 80
103 29 80
103 29 80
103 29 80
103 29 80
103 29 80
103 29 80
103 29 80
103 29 80
103 29 80
103 29 80
103 29 80
103 29 80
103 29 80
103 29 80
103 29 80
103 29 80
103 29 80
103 29 80
103 29 80
103 29 80
103 29 80
103 29 80
103 29 80
103 29 80
103 29 80
103 29 80
103 29 80
103 29 80
103 29 80
103 29 80
103 29 80
103 29 80
103 29 80
103 29 80
103 29 80
103 29 80
103 30 80
103 30 80
103 30 80
103 30 80
103 30 80
103 30 80
103 30 80
103 30 80
103 30 80
103 30 80
103 30 80
103 30 80
103 30 80
103 30 80
103 30 80
103 30 80
103 30 80
103 30 80
103 30 80
103 30 80
103 30 80
103 30 80
103 30 80
103 30 80
103 30 80
103 30 80
103 30 80
103 30 80
103 30 80
103 30 80
103 30 80
103 30 80
103 30 80
103 30 80
103 30 80
103 30 80
103 30 80
103 30 80
103 30 80
103 30 80
103 30 80
103 30 80
103 30 80
103 30 80
103 30 80
103 30 80
103 30 80
103 30 80
103 30 80
103 30 80
103 30 80
103 30 80
103 31 80
103 31 80
103 31 80
103 31 80
103 31 80
103 31 80
103 31 80
103 31 80
103 31 80
103 31 80
103 31 80
103 31 80
103 31 80
103 31 80
103 31 80
103 31 80
103 31 80
103 31 80
103 31 80
103 31 80
103 31 80
103 31 80
103 31 80
103 31 80
103 31 80
103 31 80
103 31 80
103 31 80
103 31 80
103 31 80
103 31 80
103 31 80
103 31 80
103 31 80
103 31 80
103 31 80
103 31 80
103 31 80
103 31 80
103 31 80
103 31 80
103 31 80
103 31 80
103 31 80
103 31 80
103 31 80
103 31 80
103 31 80
103 31 80
103 31 80
103 31 80
103 31 80
103 31 80
103 31 80
103 31 80
103 32 80
103 32 80
103 32 80
103 32 80
103 32 80
103 32 80
103 32 80
103 32 80
103 32 80
103 32 80
103 32 80
103 32 80
103 32 80
103 32 80
103 32 80
103 32 80
103 32 80
103 32 80
103 32 80
103 32 80
103 32 80
103 32 80
103 32 80
103 32 80
103 32 80
103 32 80
103 32 80
103 32 80
103 32 80
103 32 80
103 32 80
103 32 80
103 32 80
103 32 80
103 32 80
103 32 80
103 32 80
103 32 80
103 32 80
103 32 80
103 32 80
103 32 80
103 32 80
103 32 80
103 32 80
103 32 80
103 32 80
103 32 80
103 32 80
103 32 80
103 32 80
103 32 80
103 32 80
103 32 80
103 32 80
103 32 80
103 32 80
103 32 80
103 33 80
103 33 80
103 33 80
103 33 80
103 33 80
103 33 80
103 33 80
103 33 80
103 33 80
103 33 80
103 33 80
103 33 80
103 33 80
103 33 80
103 33 80
103 33 80
103 33 80
103 33 80
103 33 80
103 33 80
103 33 80
103 33 80
103 33 80
103 33 80
103 33 80
103 33 80
103 33 80
103 33 80
103 33 80
103 33 80
103 33 80
103 33 80
103 33 80
103 33 80
103 33 80
103 33 80
103 33 80
103 33 80
103 33 80
103 33 80
103 33 80
103 33 80
103 33 80
103 33 80
103 33 80
103 33 80
103 33 80
103 33 80
103 33 80
103 33 80
103 33 80
103 33 80
103 33 80
103 33 80
103 33 80
103 33 80
103 33 80
103 33 80
103 33 80
103 33 80
103 34 80
103 34 80
103 34 80
103 34 80
103 34 80
103 34 80
103 34 80
103 34 80
103 34 80
103 34 80
103 34 80
103 34 80
103 34 80
103 34 80
103 34 80
103 34 80
103 34 80
103 34 80
103 34 80
103 34 80
103 34 80
103 34 80
103 34 80
103 34 80
103 34 80
103 34 80
103 34 80
103 34 80
103 34 80
103 34 80
103 34 80
103 34 80
103 34 80
103 34 80
103 34 80
103 34 80
103 34 80
103 34 80
103 34 80
103 34 80
103 34 80
103 34 80
103 34 80
103 34 80
103 34 80
103 34 80
103 34 80
103 34 80
103 34 80
103 34 80
103 34 80
103 34 80
103 34 80
103 34 80
103 34 80
103 34 80
103 34 80
103 34 80
103 34 80
103 34 80
103 34 80
103 35 80
103 35 80
103 35 80
103 35 80
103 35 80
103 35 80
103 35 80
103 35 80
103 35 80
103 35 80
103 35 80
103 35 80
103 35 80
103 35 80
103 35 80
103 35 80
103 35 80
103 35 80
103 35 80
103 35 80
103 35 80
103 35 80
103 35 80
103 35 80
103 35 80
103 35 80
103 35 80
103 35 80
103 35 80
103 35 80
103 35 80
103 35 80
103 35 80
103 35 80
103 35 80
103 35 80
103 35 80
103 35 80
103 35 80
103 35 80
103 35 80
103 35 80
103 35 80
103 35 80
103 35 80
103 35 80
103 35 80
103 35 80
103 35 80
103 35 80
103 35 80
103 35 80
103 35 80
103 35 80
103 35 80
103 35 80
103 35 80
103 35 80
103 35 80
103 35 80
103 35 80
103 35 80
103 36 80
103 36 80
103 36 80
103 36 80
103 36 80
103 36 80
103 36 80
103 36 80
103 36 80
103 36 80
103 36 80
103 36 80
103 36 80
103 36 80
103 36 80
103 36 80
103 36 80
103 36 80
103 36 80
103 36 80
103 36 80
103 36 80
103 36 80
103 36 80
103 36 80
103 36 80
103 36 80
103 36 80
103 36 80
103 36 80
103 36 80
103 36 80
103 36 80
103 36 80
103 36 80
103 36 80
103 36 80
103 36 80
103 36 80
103 36 80
103 36 80
103 36 80
103 36 80
103 36 80
103 36 80
103 36 80
103 36 80
103 36 80
103 36 80
103 36 80
103 36 80
103 36 80
103 36 80
103 36 80
103 36 80
103 36 80
103 36 80
103 36 80
103 36 80
103 36 80
103 36 80
103 36 80
103 36 80
103 37 80
103 37 80
103 37 80
103 37 80
103 37 80
103 37 80
103 37 80
103 37 80
103 37 80
103 37 80
103 37 80
103 37 80
103 37 80
103 37 80
103 37 80
103 37 80
103 37 80
103 37 80
103 37 80
103 37 80
103 37 80
103 37 80
103 37 80
103 37 80
103 37 80
103 37 80
103 37 80
103 37 80
103 37 80
103 37 80
103 37 80
103 37 80
103 37 80
103 37 80
103 37 80
103 37 80
103 37 80
103 37 80
103 37 80
103 37 80
103 37 80
103 37 80
103 37 80
103 37 80
103 37 80
103 37 80
103 37 80
103 37 80
103 37 80
103 37 80
103 37 80
103 37 80
103 37 80
103 37 80
103 37 80
103 37 80
103 37 80
103 37 80
103 37 80
103 37 80
103 37 80
103 37 80
103 37 80
103 38 80
103 38 80
103 38 80
103 38 80
103 38 80
103 38 80
103 38 80
103 38 80
103 38 80
103 38 80
103 38 80
103 38 80
103 38 80
103 38 80
103 38 80
103 38 80
103 38 80
103 38 80
103 38 80
103 38 80
103 38 80
103 38 80
103 38 80
103 38 80
103 38 80
103 38 80
103 38 80
103 38 80
103 38 80
103 38 80
103 38 80
103 38 80
103 38 80
103 38 80
103 38 80
103 38 80
103 38 80
103 38 80
103 38 80
103 38 80
103 38 80
103 38 80
103 38 80
103 38 80
103 38 80
103 38 80
103 38 80
103 38 80
103 38 80
103 38 80
103 38 80
103 38 80
103 38 80
103 38 80
103 38 80
103 38 80
103 38 80
103 38 80
103 38 80
103 38 80
103 38 80
103 38 80
103 39 80
103 39 80
103 39 80
103 39 80
103 39 80
103 39 80
103 39 80
103 39 80
103 39 80
103 39 80
103 39 80
103 39 80
103 39 80
103 39 80
103 39 80
103 39 80
103 39 80
103 39 80
103 39 80
103 39 80
103 39 80
103 39 80
103 39 80
103 39 80
103 39 80
103 39 80
103 39 80
103 39 80
103 39 80
103 39 80
103 39 80
103 39 80
103 39 80
103 39 80
103 39 80
103 39 80
103 39 80
103 39 80
103 39 80
103 39 80
103 39 80
103 39 80
103 39 80
103 39 80
103 39 80
103 39 80
103 39 80
103 39 80
103 39 80
103 39 80
103 39 80
103 39 80
103 39 80
103 39 80
103 39 80
103 39 80
103 39 80
103 39 80
103 39 80
103 39 80
103 39 80
103 40 80
103 40 80
103 40 80
103 40 80
103 40 80
103 40 80
103 40 80
103 40 80
103 40 80
103 40 80
103 40 80
103 40 80
103 40 80
103 40 80
103 40 80
103 40 80
103 40 80
103 40 80
103 40 80
103 40 80
103 40 80
103 40 80
103 40 80
103 40 80
103 40 80
103 40 80
103 40 80
103 40 80
103 40 80
103 40 80
103 40 80
103 40 80
103 40 80
103 40 80
103 40 80
103 40 80
103 40 80
103 40 80
103 40 80
103 40 80
103 40 80
103 40 80
103 40 80
103 40 80
103 40 80
103 40 80
103 40 80
103 40 80
103 40 80
103 40 80
103 40 80
103 40 80
103 40 80
103 40 80
103 40 80
103 40 80
103 40 80
103 40 80
103 40 80
103 40 80
103 41 80
103 41 80
103 41 80
103 41 80
103 41 80
103 41 80
103 41 80
103 41 80
103 41 80
103 41 80
103 41 80
103 41 80
103 41 80
103 41 80
103 41 80
103 41 80
103 41 80
103 41 80
103 41 80
103 41 80
103 41 80
103 41 80
103 41 80
103 41 80
103 41 80
103 41 80
103 41 80
103 41 80
103 41 80
103 41 80
103 41 80
103 41 80
103 41 80
103 41 80
103 41 80
103 41 80
103 41 80
103 41 80
103 41 80
103 41 80
103 41 80
103 41 80
103 41 80
103 41 80
103 41 80
103 41 80
103 41 80
103 41 80
103 41 80
103 41 80
103 41 80
103 41 80
103 41 80
103 41 80
103 41 80
103 41 80
103 41 80
103 41 80
103 41 80
103 42 80
103 42 80
103 42 80
103 42 80
103 42 80
103 42 80
103 42 80
103 42 80
103 42 80
103 42 80
103 42 80
103 42 80
103 42 80
103 42 80
103 42 80
103 42 80
103 42 80
103 42 80
103 42 80
103 42 80
103 42 80
103 42 80
103 42 80
103 42 80
103 42 80
103 42 80
103 42 80
103 42 80
103 42 80
103 42 80
103 42 80
103 42 80
103 42 80
103 42 80
103 42 80
103 42 80
103 42 80
103 42 80
103 42 80
103 42 80
103 42 80
103 42 80
103 42 80
103 42 80
103 42 80
103 42 80
103 42 80
103 42 80
103 42 80
103 42 80
103 42 80
103 42 80
103 42 80
103 42 80
103 42 80
103 42 80
103 42 80
103 43 80
103 43 80
103 43 80
103 43 80
103 43 80
103 43 80
103 43 80
103 43 80
103 43 80
103 43 80
103 43 80
103 43 80
103 43 80
103 43 80
103 43 80
103 43 80
103 43 80
103 43 80
103 43 80
103 43 80
103 43 80
103 43 80
103 43 80
103 43 80
103 43 80
103 43 80
103 43 80
103 43 80
103 43 80
103 43 80
103 43 80
103 43 80
103 43 80
103 43 80
103 43 80
103 43 80
103 43 80
103 43 80
103 43 80
103 43 80
103 43 80
103 43 80
103 43 80
103 43 80
103 43 80
103 43 80
103 43 80
103 43 80
103 43 80
103 43 80
103 43 80
103 43 80
103 43 80
103 43 80
103 43 80
103 44 80
103 44 80
103 44 80
103 44 80
103 44 80
103 44 80
103 44 80
103 44 80
103 44 80
103 44 80
103 44 80
103 44 80
103 44 80
103 44 80
103 44 80
103 44 80
103 44 80
103 44 80
103 44 80
103 44 80
103 44 80
103 44 80
103 44 80
103 44 80
103 44 80
103 44 80
103 44 80
103 44 80
103 44 80
103 44 80
103 44 80
103 44 80
103 44 80
103 44 80
103 44 80
103 44 80
103 44 80
103 44 80
103 44 80
103 44 80
103 44 80
103 44 80
103 44 80
103 44 80
103 44 80
103 44 80
103 44 80
103 44 80
103 44 80
103 44 80
103 44 80
103 44 80
103 44 80
103 45 80
103 45 80
103 45 80
103 45 80
103 45 80
103 45 80
103 45 80
103 45 80
103 45 80
103 45 80
103 45 80
103 45 80
103 45 80
103 45 80
103 45 80
103 45 80
103 45 80
103 45 80
103 45 80
103 45 80
103 45 80
103 45 80
103 45 80
103 45 80
103 45 80
103 45 80
103 45 80
103 45 80
103 45 80
103 45 80
103 45 80
103 45 80
103 45 80
103 45 80
103 45 80
103 45 80
103 45 80
103 45 80
103 45 80
103 45 80
103 45 80
103 45 80
103 45 80
103 45 80
103 45 80
103 45 80
103 45 80
103 45 80
103 45 80
103 45 80
103 46 80
103 46 80
103 46 80
103 46 80
103 46 80
103 46 80
103 46 80
103 46 80
103 46 80
103 46 80
103 46 80
103 46 80
103 46 80
103 46 80
103 46 80
103 46 80
103 46 80
103 46 80
103 46 80
103 46 80
103 46 80
103 46 80
103 46 80
103 46 80
103 46 80
103 46 80
103 46 80
103 46 80
103 46 80
103 46 80
103 46 80
103 46 80
103 46 80
103 46 80
103 46 80
103 46 80
103 46 80
103 46 80
103 46 80
103 46 80
103 46 80
103 46 80
103 46 80
103 46 80
103 46 80
103 46 80
103 46 80
103 47 80
103 47 80
103 47 80
103 47 80
103 47 80
103 47 80
103 47 80
103 47 80
103 47 80
103 47 80
103 47 80
103 47 80
103 47 80
103 47 80
103 47 80
103 47 80
103 47 80
103 47 80
103 47 80
103 47 80
103 47 80
103 47 80
103 47 80
103 47 80
103 47 80
103 47 80
103 47 80
103 47 80
103 47 80
103 47 80
103 47 80
103 47 80
103 47 80
103 47 80
103 47 80
103 47 80
103 47 80
103 47 80
103 47 80
103 47 80
103 47 80
103 47 80
103 47 80
103 47 80
103 48 80
103 48 80
103 48 80
103 48 80
103 48 80
103 48 80
103 48 80
103 48 80
103 48 80
103 48 80
103 48 80
103 48 80
103 48 80
103 48 80
103 48 80
103 48 80
103 48 80
103 48 80
103 48 80
103 48 80
103 48 80
103 48 80
103 48 80
103 48 80
103 48 80
103 48 80
103 48 80
103 48 80
103 48 80
103 48 80
103 48 80
103 48 80
103 48 80
103 48 80
103 48 80
103 48 80
103 48 80
103 48 80
103 48 80
103 48 80
103 48 80
103 49 80
103 49 80
103 49 80
103 49 80
103 49 80
103 49 80
103 49 80
103 49 80
103 49 80
103 49 80
103 49 80
103 49 80
103 49 80
103 49 80
103 49 80
103 49 80
103 49 80
103 49 80
103 49 80
103 49 80
103 49 80
103 49 80
103 49 80
103 49 80
103 49 80
103 49 80
103 49 80
103 49 80
103 49 80
103 49 80
103 49 80
103 49 80
103 49 80
103 49 80
103 49 80
103 49 80
103 49 80
103 49 80
103 50 80
103 50 80
103 50 80
103 50 80
103 50 80
103 50 80
103 50 80
103 50 80
103 50 80
103 50 80
103 50 80
103 50 80
103 50 80
103 50 80
103 50 80
103 50 80
103 50 80
103 50 80
103 50 80
103 50 80
103 50 80
103 50 80
103 50 80
103 50 80
103 50 80
103 50 80
103 50 80
103 50 80
103 50 80
103 50 80
103 50 80
103 50 80
103 50 80
103 50 80
103 51 80
103 51 80
103 51 80
103 51 80
103 51 80
103 51 80
103 51 80
103 51 80
103 51 80
103 51 80
103 51 80
103 51 80
103 51 80
103 51 80
103 51 80
103 51 80
103 51 80
103 51 80
103 51 80
103 51 80
103 51 80
103 51 80
103 51 80
103 51 80
103 51 80
103 51 80
103 51 80
103 51 80
103 51 80
103 51 80
103 51 80
103 52 80
103 52 80
103 52 80
103 52 80
103 52 80
103 52 80
103 52 80
103 52 80
103 52 80
103 52 80
103 52 80
103 52 80
103 52 80
103 52 80
103 52 80
103 52 80
103 52 80
103 52 80
103 52 80
103 52 80
103 52 80
103 52 80
103 52 80
103 52 80
103 52 80
103 52 80
103 52 80
103 53 80
103 53 80
103 53 80
103 53 80
103 53 80
103 53 80
103 53 80
103 53 80
103 53 80
103 53 80
103 53 80
103 53 80
103 53 80
103 53 80
103 53 80
103 53 80
103 53 80
103 53 80
103 53 80
103 53 80
103 53 80
103 53 80
103 53 80
103 54 80
103 54 80
103 54 80
103 54 80
103 54 80
103 54 80
103 54 80
103 54 80
103 54 80
103 54 80
103 54 80
103 54 80
103 54 80
103 54 80
103 54 80
103 54 80
103 54 80
103 54 80
103 54 80
103 55 80
103 55 80
103 55 80
103 55 80
103 55 80
103 55 80
103 55 80
103 55 80
103 55 80
103 55 80
103 55 80
103 55 80
103 55 80
103 55 80
103 55 80
103 56 80
103 56 80
103 56 80
103 56 80
103 56 80
103 56 80
103 56 80
103 56 80
103 56 80
103 56 80
103 56 80
103 57 80
103 57 80
103 57 80
103 57 80
103 57 80
103 57 80
103 57 80
103 57 80
103 58 80
103 58 80
103 58 80
103 58 80
103 58 80
103 58 80
103 59 80
103 59 80
103 59 80
103 59 80
103 60 80
103 60 80
103 60 80
103 61 80
103 61 80
103 62 80
103 62 80
103 63 80
103 64 80
103 65 80
