107 95 120
108 95 120
109 95 120
110 95 120
111 95 120
112 95 120
113 95 120
114 95 120
115 95 120
116 95 120
117 95 120
118 95 120
119 95 120
119 95 120
120 95 120
120 95 120
121 95 120
121 95 120
121 95 120
122 95 240
122 95 120
122 95 120
123 95 360
123 95 120
123 95 120
124 95 480
124 95 120
124 95 120
125 95 600
125 95 120
125 95 120
126 95 720
126 95 120
126 95 120
126 95 120
127 95 960
127 95 120
127 95 120
128 95 1080
128 95 120
128 95 120
129 95 1200
129 95 120
129 95 120
130 95 1320
130 95 120
130 95 120
131 95 1440
131 95 120
131 95 120
132 95 1560
132 95 120
133 95 1560
133 95 120
134 95 1560
135 95 1560
136 95 1560
137 95 120
137 95 120
137 95 120
137 95 120
137 95 120
137 95 120
137 95 120
137 95 120
137 95 120
137 95 120
138 95 1080
139 95 1080
140 95 1080
141 95 120
141 95 120
141 95 120
141 95 120
141 95 120
142 95 480
143 95 480
144 95 480
145 95 120
145 95 120
145 95 120
146 95 240
146 95 120
147 95 240
147 95 120
148 95 240
148 95 120
149 95 240
149 95 120
150 95 240
150 95 120
150 95 120
151 95 360
151 95 120
151 95 120
152 95 480
152 95 120
152 95 120
153 95 600
153 95 120
153 95 120
153 95 120
154 95 840
154 95 120
154 95 120
154 95 120
155 95 1080
155 95 120
155 95 120
155 95 120
155 96 1320
155 96 120
155 96 120
155 97 1440
155 97 120
155 97 120
155 98 1560
155 98 120
155 99 1560
155 99 120
155 100 1560
155 101 1560
155 102 1560
155 103 120
155 103 120
155 103 120
155 103 120
155 103 120
155 103 120
155 103 120
155 103 120
155 103 120
155 103 120
155 104 1080
155 105 1080
155 106 1080
155 107 120
155 107 120
155 107 120
155 107 120
155 107 120
155 108 480
155 109 480
155 110 480
155 111 120
155 111 120
155 112 120
155 112 120
155 113 120
155 113 120
155 114 120
155 114 120
155 115 120
155 115 120
155 116 120
155 116 120
155 117 120
155 117 120
155 118 120
155 118 120
155 119 120
155 119 120
155 120 120
155 120 120
155 121 120
155 121 120
155 122 120
155 122 120
155 123 120
155 123 120
155 124 120
155 124 120
155 125 120
155 125 120
155 126 120
155 127 120
155 128 120
155 129 120
155 130 120
155 131 120
155 132 120
155 133 120
155 134 120
155 135 120
155 136 120
155 136 120
155 137 120
155 137 120
155 138 120
155 138 120
155 139 120
155 139 120
155 140 120
155 140 120
155 140 120
155 141 240
155 141 120
155 142 240
155 142 120
155 143 240
155 143 120
155 143 120
155 144 360
155 144 120
155 145 360
155 145 120
155 146 360
155 146 120
155 147 360
155 147 120
155 148 360
155 149 360
155 150 360
155 151 120
155 151 120
155 151 120
155 152 240
155 153 240
155 154 240
155 155 120
155 155 120
155 156 120
155 156 120
155 157 120
155 157 120
155 158 120
155 158 120
155 159 120
155 159 120
155 160 120
155 160 120
155 161 120
155 161 120
155 162 120
155 162 120
155 162 120
155 163 240
155 163 120
155 164 240
155 164 120
155 165 240
155 165 120
155 166 240
155 166 120
155 166 120
155 167 360
155 167 120
155 168 360
155 168 120
155 169 360
155 169 120
155 170 360
155 170 120
155 171 360
155 172 360
155 173 360
155 174 120
155 174 120
155 175 120
155 175 120
155 176 120
155 176 120
155 177 120
155 178 120
155 179 120
155 180 120
106 95 120
105 95 120
104 95 120
103 95 120
102 95 120
101 95 120
100 95 120
99 95 120
98 95 120
97 95 120
96 95 120
95 95 120
94 95 120
93 95 120
92 95 120
91 95 120
90 95 120
89 95 120
88 95 120
87 95 120
86 95 120
85 95 120
84 95 120
83 95 120
82 95 120
81 95 120
80 95 120
79 95 120
78 95 120
77 95 120
76 95 120
76 94 120
76 93 120
76 92 120
76 91 120
76 90 120
76 89 120
76 88 120
76 87 120
76 86 120
76 86 120
76 85 120
76 85 120
76 84 120
76 84 120
76 83 120
76 83 120
76 83 120
76 82 240
76 82 120
76 81 240
76 81 120
76 81 120
76 80 360
76 80 120
76 79 360
76 79 120
76 78 360
76 78 120
76 77 360
76 76 360
76 75 360
76 74 120
76 74 120
76 73 120
76 73 120
76 72 120
76 72 120
76 71 120
76 71 120
76 70 120
76 70 120
76 69 120
76 69 120
76 68 120
76 68 120
76 67 120
76 67 120
76 66 120
76 66 120
76 65 120
76 64 120
76 63 120
76 62 120
76 61 120
76 60 120
76 59 120
76 58 120
86 96 120
86 97 120
86 98 120
86 99 120
86 100 120
86 101 120
86 102 120
86 103 120
86 104 120
86 105 120
86 106 120
86 107 120
86 108 120
86 109 120
86 110 120
86 111 120
86 112 120
86 113 120
86 114 120
86 115 120
86 116 120
86 117 120
86 118 120
86 119 120
86 120 120
86 121 120
86 122 120
86 123 120
86 124 120
86 125 120
86 126 120
86 127 120
86 128 120
86 129 120
86 130 120
86 131 120
86 132 120
86 133 120
86 134 120
86 135 120
86 136 120
86 137 120
86 138 120
86 139 120
86 140 120
86 141 120
86 142 120
86 143 120
86 144 120
86 145 120
86 146 120
86 147 120
86 148 120
86 149 120
86 150 120
86 151 120
86 152 120
86 153 120
86 154 120
86 155 120
86 156 120
86 157 120
86 158 120
86 159 120
86 160 120
86 161 120
85 161 120
84 161 120
83 161 120
82 161 120
81 161 120
80 161 120
79 161 120
78 161 120
77 161 120
76 161 120
75 161 120
74 161 120
73 161 120
72 161 120
72 162 120
72 163 120
72 164 120
72 165 120
72 166 120
72 167 120
72 168 120
72 169 120
72 170 120
72 171 120
72 172 120
72 173 120
72 174 120
72 175 120
72 176 120
72 177 120
72 178 120
72 179 120
72 180 120
72 181 120
72 182 120
72 183 120
72 184 120
72 185 120
72 186 120
72 187 120
72 188 120
72 189 120
72 190 120
72 191 120
72 192 120
72 193 120
72 194 120
72 195 120
72 196 120
72 197 120
72 198 120
71 198 120
70 198 120
69 198 120
68 198 120
67 198 120
66 198 120
65 198 120
64 198 120
63 198 120
63 198 120
62 198 120
62 198 120
61 198 120
61 198 120
60 198 120
60 198 120
59 198 120
59 198 120
58 198 120
58 198 120
58 198 120
57 198 240
57 198 120
56 198 240
56 198 120
56 198 120
55 198 360
55 198 120
55 198 120
54 198 480
54 198 120
54 198 120
53 198 600
53 198 120
53 198 120
53 198 120
52 198 840
52 198 120
52 198 120
52 198 120
52 198 120
51 198 1200
51 198 120
51 198 120
51 198 120
50 198 1440
50 198 120
50 198 120
50 198 120
49 198 1680
49 198 120
49 198 120
49 198 120
48 198 1920
48 198 120
48 198 120
48 198 120
47 198 2160
47 198 120
47 198 120
47 198 120
46 198 2400
46 198 120
46 198 120
45 198 2520
45 198 120
44 198 2520
44 198 120
44 198 120
43 198 2640
43 198 120
42 198 2640
42 198 120
41 198 2640
41 198 120
40 198 2640
40 198 120
40 198 120
39 198 2760
39 198 120
38 198 2760
38 198 120
37 198 2760
36 198 2760
35 198 2760
34 198 120
34 198 120
34 198 120
34 198 120
34 198 120
34 198 120
34 198 120
34 198 120
34 198 120
34 198 120
34 198 120
34 198 120
34 198 120
34 198 120
34 198 120
34 198 120
34 198 120
34 198 120
34 198 120
34 198 120
34 198 120
34 198 120
33 198 2520
32 198 2520
31 198 2520
30 198 120
30 198 120
30 198 120
30 198 120
30 198 120
30 198 120
30 198 120
30 198 120
30 198 120
30 198 120
30 198 120
30 198 120
30 198 120
30 198 120
30 198 120
30 198 120
29 198 1800
28 198 1800
27 198 1800
26 198 120
26 198 120
26 198 120
26 198 120
26 198 120
26 198 120
26 198 120
26 198 120
25 198 840
24 198 840
23 198 840
22 198 120
22 198 120
22 198 120
21 198 240
21 197 240
21 196 240
21 195 120
21 195 120
21 194 120
21 193 120
21 192 120
21 191 120
22 191 120
23 191 120
23 191 120
24 191 120
24 191 120
25 191 120
25 191 120
25 191 120
26 191 240
26 191 120
27 191 240
27 191 120
27 191 120
28 191 360
28 191 120
28 191 120
28 191 120
29 191 600
29 191 120
29 191 120
30 191 720
30 191 120
30 191 120
30 191 120
30 190 960
30 189 960
30 188 960
30 187 120
30 187 120
30 187 120
30 187 120
30 186 360
30 185 360
30 184 360
30 183 120
30 183 120
30 183 120
30 182 240
30 182 120
30 181 240
30 181 120
30 180 240
30 180 120
30 180 120
30 179 360
30 179 120
30 178 360
30 178 120
30 177 360
30 177 120
30 176 360
30 176 120
30 175 360
30 175 120
30 174 360
30 174 120
30 173 360
30 173 120
30 172 360
30 172 120
30 171 360
30 170 360
30 169 360
30 168 120
30 168 120
30 167 120
30 167 120
30 166 120
30 166 120
30 165 120
30 165 120
30 164 120
30 164 120
30 163 120
30 162 120
30 161 120
30 160 120
30 159 120
30 158 120
30 157 120
30 156 120
30 155 120
30 154 120
30 153 120
30 152 120
30 151 120
30 150 120
30 149 120
30 148 120
30 147 120
30 146 120
30 145 120
30 144 120
30 143 120
30 142 120
30 141 120
30 140 120
30 139 120
30 138 120
30 137 120
30 136 120
30 135 120
30 134 120
30 133 120
30 132 120
30 131 120
30 130 120
192 127 120
191 127 120
190 127 120
189 127 120
188 127 120
187 127 120
186 127 120
185 127 120
184 127 120
183 127 120
182 127 120
181 127 120
180 127 120
179 127 120
178 127 120
177 127 120
176 127 120
175 127 120
174 127 120
174 127 120
173 127 120
173 127 120
172 127 120
172 127 120
171 127 120
171 127 120
171 127 120
170 127 240
170 127 120
169 127 240
169 127 120
168 127 240
168 127 120
167 127 240
167 127 120
167 127 120
166 127 360
166 127 120
165 127 360
165 127 120
164 127 360
164 127 120
163 127 360
162 127 360
161 127 360
160 127 120
160 127 120
159 127 120
159 127 120
158 127 120
158 127 120
157 127 120
157 127 120
156 127 120
183 164 120
182 164 120
181 164 120
180 164 120
179 164 120
178 164 120
177 164 120
176 164 120
175 164 120
174 164 120
174 164 120
173 164 120
173 164 120
172 164 120
172 164 120
171 164 120
171 164 120
170 164 120
170 164 120
169 164 120
169 164 120
168 164 120
168 164 120
167 164 120
167 164 120
167 164 120
166 164 240
166 164 120
165 164 240
165 164 120
164 164 240
164 164 120
164 164 120
163 164 360
163 164 120
162 164 360
162 164 120
161 164 360
161 164 120
160 164 360
160 164 120
160 164 120
159 164 480
159 164 120
158 164 480
157 164 480
156 164 480
