88 88 100
89 88 100
90 88 100
91 88 100
92 88 100
93 88 100
94 88 100
95 88 100
96 88 100
97 88 100
98 88 100
99 88 100
100 88 100
101 88 100
101 88 100
102 88 100
102 88 100
102 88 100
103 88 200
103 88 100
103 88 100
103 88 100
104 88 400
104 88 100
104 88 100
104 88 100
105 88 600
105 88 100
105 88 100
105 88 100
106 88 800
106 88 100
106 88 100
106 88 100
106 88 100
106 88 100
107 88 1200
107 88 100
107 88 100
107 88 100
107 88 100
108 88 1500
108 88 100
108 88 100
108 88 100
108 88 100
109 88 1800
109 88 100
109 88 100
109 88 100
110 88 2000
110 88 100
110 88 100
110 88 100
110 88 100
111 88 2300
111 88 100
111 88 100
112 88 2400
112 88 100
112 88 100
112 88 100
113 88 2600
113 88 100
113 88 100
113 88 100
114 88 2800
114 88 100
114 88 100
115 88 2900
115 88 100
115 88 100
115 88 100
116 88 3100
116 88 100
116 88 100
117 88 3200
117 88 100
117 88 100
117 88 100
118 88 3400
118 88 100
118 88 100
118 88 100
119 88 3600
119 88 100
119 88 100
120 88 3700
120 88 100
120 88 100
121 88 3800
121 88 100
121 88 100
121 88 100
122 88 4000
122 88 100
123 88 4000
123 88 100
123 88 100
124 88 4100
124 88 100
125 88 4100
126 88 4100
127 88 4100
128 88 100
128 88 100
128 88 100
128 88 100
128 88 100
128 88 100
128 88 100
128 88 100
128 88 100
128 88 100
128 88 100
128 88 100
128 88 100
128 88 100
128 88 100
128 88 100
128 88 100
128 88 100
128 88 100
128 88 100
128 88 100
128 88 100
128 88 100
128 88 100
128 88 100
128 88 100
128 88 100
128 88 100
128 88 100
128 88 100
128 88 100
128 88 100
128 88 100
128 88 100
128 88 100
129 88 3400
130 88 3400
131 88 3400
132 88 100
132 88 100
132 88 100
132 88 100
132 88 100
132 88 100
132 88 100
132 88 100
132 88 100
132 88 100
132 88 100
132 88 100
132 88 100
132 88 100
132 88 100
132 88 100
132 88 100
133 88 1600
134 88 1600
135 88 1600
136 88 100
136 88 100
136 88 100
136 88 100
136 88 100
137 88 400
138 88 400
139 88 400
140 88 100
140 88 100
140 88 100
141 88 200
141 88 100
142 88 200
142 88 100
143 88 200
143 88 100
143 88 100
144 88 300
144 88 100
145 88 300
145 88 100
145 88 100
146 88 400
146 88 100
146 88 100
147 88 500
147 88 100
148 88 500
148 88 100
148 88 100
149 88 600
149 88 100
150 88 600
150 88 100
151 88 600
152 88 600
153 88 600
154 88 100
154 88 100
154 88 100
155 88 200
155 88 100
156 88 200
157 88 200
158 88 200
159 88 100
160 88 100
161 88 100
162 88 100
163 88 100
164 88 100
165 88 100
166 88 100
167 88 100
168 88 100
169 88 100
170 88 100
171 88 100
172 88 100
173 88 100
174 88 100
175 88 100
175 88 100
176 88 100
176 88 100
177 88 100
177 88 100
177 88 100
178 88 200
178 88 100
178 88 100
179 88 300
179 88 100
179 88 100
180 88 400
180 88 100
180 88 100
180 88 100
180 89 600
180 89 100
180 89 100
180 90 700
180 90 100
180 90 100
180 91 800
180 91 100
180 91 100
180 92 900
180 92 100
180 92 100
180 92 100
180 93 1100
180 93 100
180 93 100
180 93 100
180 94 1300
180 94 100
180 94 100
180 94 100
180 95 1500
180 95 100
180 95 100
180 96 1600
180 96 100
180 96 100
180 96 100
180 97 1800
180 97 100
180 97 100
180 98 1900
180 98 100
180 98 100
180 99 2000
180 100 2000
180 101 2000
180 102 100
180 102 100
180 102 100
180 102 100
180 102 100
180 102 100
180 102 100
180 102 100
180 102 100
180 102 100
180 102 100
180 102 100
180 102 100
180 102 100
180 102 100
180 102 100
180 103 1500
180 104 1500
180 105 1500
180 106 100
180 106 100
180 106 100
180 106 100
180 106 100
180 106 100
180 106 100
180 107 600
180 108 600
180 109 600
180 110 100
180 110 100
180 110 100
180 110 100
180 111 300
180 112 300
180 113 300
180 114 100
180 115 100
180 116 100
180 117 100
180 118 100
180 119 100
180 120 100
180 121 100
180 122 100
180 123 100
180 124 100
180 125 100
180 126 100
180 127 100
180 128 100
180 129 100
180 130 100
180 131 100
180 132 100
180 133 100
180 134 100
180 135 100
180 136 100
180 137 100
180 137 100
180 138 100
180 138 100
180 139 100
180 139 100
180 139 100
180 140 200
180 140 100
180 140 100
180 141 300
180 141 100
180 141 100
180 141 100
180 142 500
180 142 100
180 142 100
180 142 100
180 143 700
180 143 100
180 143 100
180 143 100
180 144 900
180 144 100
180 144 100
180 144 100
180 145 1100
180 145 100
180 145 100
180 146 1200
180 146 100
180 146 100
180 146 100
180 147 1400
180 147 100
180 147 100
180 148 1500
180 148 100
180 149 1500
180 149 100
180 149 100
180 150 1600
180 150 100
180 151 1600
180 151 100
180 152 1600
180 153 1600
180 154 1600
180 155 100
180 155 100
180 155 100
180 155 100
180 155 100
180 155 100
180 155 100
180 155 100
180 155 100
180 155 100
180 155 100
180 155 100
180 155 100
180 156 1200
180 157 1200
180 158 1200
180 159 100
180 159 100
180 159 100
180 159 100
180 159 100
180 159 100
180 159 100
180 160 600
180 161 600
180 162 600
180 163 100
180 163 100
180 163 100
180 164 200
180 164 100
180 165 200
180 166 200
180 167 200
180 168 100
180 169 100
180 170 100
180 171 100
180 172 100
180 173 100
180 174 100
180 175 100
180 176 100
180 177 100
180 178 100
180 179 100
121 89 100
121 89 100
121 89 100
121 89 100
121 89 100
121 89 100
121 89 100
121 89 100
121 89 100
121 89 100
121 89 100
121 89 100
121 89 100
121 89 100
121 89 100
121 89 100
121 89 100
121 89 100
121 89 100
121 89 100
121 89 100
121 89 100
121 89 100
121 89 100
121 89 100
121 89 100
121 89 100
121 89 100
121 89 100
121 89 100
121 89 100
121 89 100
121 89 100
121 89 100
121 89 100
121 89 100
121 89 100
121 89 100
121 89 100
121 89 100
121 89 100
121 90 4000
121 90 100
121 91 4000
121 92 4000
121 93 4000
121 94 100
121 94 100
121 94 100
121 94 100
121 94 100
121 94 100
121 94 100
121 94 100
121 94 100
121 94 100
121 94 100
121 94 100
121 94 100
121 94 100
121 94 100
121 94 100
121 94 100
121 94 100
121 94 100
121 94 100
121 94 100
121 94 100
121 94 100
121 94 100
121 94 100
121 94 100
121 94 100
121 94 100
121 94 100
121 94 100
121 94 100
121 94 100
121 94 100
121 94 100
121 94 100
121 95 3400
121 96 3400
121 97 3400
121 98 100
121 98 100
121 98 100
121 98 100
121 98 100
121 98 100
121 98 100
121 98 100
121 98 100
121 98 100
121 98 100
121 98 100
121 98 100
121 98 100
121 98 100
121 98 100
121 98 100
121 98 100
121 98 100
121 98 100
121 98 100
121 98 100
121 98 100
121 98 100
121 98 100
121 98 100
121 98 100
121 98 100
121 99 2700
121 100 2700
121 101 2700
121 102 100
121 102 100
121 102 100
121 102 100
121 102 100
121 102 100
121 102 100
121 102 100
121 102 100
121 102 100
121 102 100
121 102 100
121 102 100
121 102 100
121 102 100
121 102 100
121 102 100
121 102 100
121 102 100
121 102 100
121 102 100
121 102 100
121 103 2100
121 104 2100
121 105 2100
121 106 100
121 106 100
121 106 100
121 106 100
121 106 100
121 106 100
121 106 100
121 106 100
121 106 100
121 106 100
121 106 100
121 106 100
121 106 100
121 106 100
121 106 100
121 106 100
121 107 1500
121 108 1500
121 109 1500
121 110 100
121 110 100
121 110 100
121 110 100
121 110 100
121 110 100
121 110 100
121 110 100
121 110 100
121 111 800
121 112 800
121 113 800
121 114 100
121 114 100
121 115 100
121 116 100
121 117 100
121 118 100
121 119 100
121 120 100
121 121 100
121 122 100
121 123 100
121 124 100
121 125 100
121 126 100
121 127 100
121 128 100
121 129 100
121 130 100
121 131 100
121 132 100
122 132 100
123 132 100
124 132 100
125 132 100
126 132 100
127 132 100
128 132 100
129 132 100
130 132 100
131 132 100
131 132 100
132 132 100
132 132 100
133 132 100
133 132 100
133 132 100
134 132 200
134 132 100
134 132 100
135 132 300
135 132 100
135 132 100
136 132 400
136 132 100
137 132 400
137 132 100
137 132 100
138 132 500
138 132 100
139 132 500
139 132 100
140 132 500
141 132 500
142 132 500
143 132 100
143 132 100
143 132 100
144 132 200
145 132 200
146 132 200
147 132 100
148 132 100
149 132 100
150 132 100
151 132 100
152 132 100
153 132 100
154 132 100
155 132 100
156 132 100
157 132 100
158 132 100
159 132 100
159 132 100
160 132 100
160 132 100
161 132 100
161 132 100
162 132 100
162 132 100
162 132 100
163 132 200
163 132 100
164 132 200
164 132 100
165 132 200
165 132 100
166 132 200
166 132 100
167 132 200
167 132 100
168 132 200
169 132 200
170 132 200
170 131 100
170 130 100
170 129 100
170 128 100
170 127 100
170 126 100
170 125 100
170 124 100
170 123 100
170 122 100
170 121 100
170 120 100
170 119 100
170 118 100
170 117 100
170 116 100
170 115 100
170 114 100
170 113 100
170 112 100
170 111 100
170 110 100
170 109 100
170 108 100
170 107 100
169 107 100
168 107 100
167 107 100
166 107 100
165 107 100
164 107 100
163 107 100
162 107 100
161 107 100
160 107 100
159 107 100
158 107 100
157 107 100
156 107 100
155 107 100
154 107 100
153 107 100
152 107 100
151 107 100
150 107 100
150 107 100
150 106 100
150 105 100
150 104 100
150 103 100
150 102 100
150 101 100
150 100 100
150 99 100
150 98 100
150 97 100
150 96 100
150 95 100
150 94 100
150 93 100
150 93 100
150 92 100
150 92 100
150 91 100
150 91 100
150 91 100
150 90 200
150 90 100
150 90 100
150 89 300
150 89 100
150 89 100
150 89 100
150 87 500
150 87 100
150 87 100
150 87 100
150 86 700
150 86 100
150 86 100
150 86 100
150 85 900
150 85 100
150 85 100
150 84 1000
150 84 100
150 84 100
150 83 1100
150 83 100
150 83 100
150 82 1200
150 82 100
150 82 100
150 81 1300
150 81 100
150 81 100
150 80 1400
150 80 100
150 79 1400
150 79 100
150 78 1400
150 78 100
150 77 1400
150 76 1400
150 75 1400
150 74 100
150 74 100
150 74 100
150 74 100
150 74 100
150 74 100
150 74 100
150 74 100
150 74 100
150 73 800
150 72 800
150 71 800
150 70 100
150 70 100
150 70 100
150 70 100
150 69 300
150 69 100
150 68 300
150 67 300
150 66 300
150 65 100
150 65 100
150 64 100
150 64 100
150 63 100
150 63 100
150 62 100
150 62 100
150 61 100
150 61 100
150 60 100
150 60 100
150 59 100
150 59 100
150 58 100
150 58 100
150 57 100
150 57 100
150 56 100
150 56 100
150 55 100
150 55 100
150 54 100
150 54 100
150 53 100
150 53 100
150 53 100
150 52 200
150 52 100
150 51 200
150 50 200
150 49 200
150 48 100
150 48 100
150 47 100
150 47 100
150 46 100
150 45 100
150 44 100
149 44 100
148 44 100
147 44 100
147 44 100
146 44 100
146 44 100
145 44 100
145 44 100
144 44 100
144 44 100
143 44 100
143 44 100
143 44 100
142 44 200
142 44 100
141 44 200
141 44 100
140 44 200
140 44 100
139 44 200
139 44 100
138 44 200
138 44 100
138 44 100
137 44 300
136 44 300
135 44 300
134 44 100
134 44 100
134 44 100
133 44 200
133 44 100
132 44 200
131 44 200
130 44 200
129 44 100
129 44 100
128 44 100
128 44 100
127 44 100
126 44 100
125 44 100
125 43 100
125 42 100
125 41 100
125 40 100
125 39 100
125 38 100
125 37 100
125 36 100
125 35 100
125 34 100
125 33 100
125 32 100
125 32 100
125 31 100
125 31 100
125 30 100
125 30 100
125 29 100
125 29 100
125 28 100
125 28 100
125 28 100
125 27 200
125 27 100
125 27 100
125 26 300
125 26 100
125 26 100
125 25 400
125 25 100
125 25 100
125 24 500
125 24 100
125 24 100
125 24 100
125 23 700
125 23 100
125 23 100
125 23 100
125 22 900
125 22 100
125 22 100
125 22 100
124 22 1100
124 22 100
124 22 100
124 22 100
124 22 100
123 22 1400
123 22 100
123 22 100
123 22 100
122 22 1600
122 22 100
122 22 100
122 22 100
121 22 1800
121 22 100
120 22 1800
120 22 100
119 22 1800
118 22 1800
117 22 1800
116 22 100
116 22 100
116 22 100
116 22 100
116 22 100
116 22 100
116 22 100
116 22 100
116 22 100
116 22 100
116 22 100
116 22 100
115 22 1100
114 22 1100
113 22 1100
112 22 100
112 22 100
112 22 100
112 22 100
112 22 100
111 22 400
111 22 100
110 22 400
109 22 400
108 22 400
107 22 100
107 22 100
107 22 100
107 22 100
107 22 100
106 22 400
106 22 100
106 22 100
105 22 500
105 22 100
105 22 100
104 22 600
104 22 100
104 22 100
103 22 700
103 22 100
103 22 100
103 22 100
102 22 900
102 22 100
102 22 100
101 22 1000
101 22 100
101 22 100
101 22 100
100 22 1200
100 22 100
100 22 100
100 22 100
99 22 1400
99 22 100
99 22 100
99 22 100
98 22 1600
98 22 100
98 22 100
97 22 1700
97 22 100
97 22 100
97 22 100
96 22 1900
96 22 100
96 22 100
96 22 100
95 22 2100
95 22 100
95 22 100
95 22 100
94 22 2300
94 22 100
94 22 100
93 22 2400
93 22 100
93 22 100
93 22 100
92 22 2600
92 22 100
92 22 100
92 22 100
91 22 2800
91 22 100
91 22 100
90 22 2900
90 22 100
89 22 2900
89 22 100
88 22 2900
88 22 100
87 22 2900
86 22 2900
85 22 2900
84 22 100
84 22 100
84 22 100
84 22 100
84 22 100
84 22 100
84 22 100
84 22 100
84 22 100
84 22 100
84 22 100
84 22 100
84 22 100
84 22 100
84 22 100
84 22 100
84 22 100
84 22 100
84 22 100
84 22 100
83 22 1900
82 22 1900
81 22 1900
80 22 100
80 22 100
80 22 100
80 22 100
80 22 100
80 22 100
80 22 100
79 22 600
78 22 600
77 22 600
76 22 100
75 22 100
74 22 100
73 22 100
72 22 100
71 22 100
71 21 100
71 20 100
71 19 100
71 18 100
71 17 100
71 16 100
71 15 100
71 14 100
71 13 100
71 12 100
71 11 100
71 10 100
71 9 100
71 8 100
71 7 100
71 6 100
71 5 100
71 4 100
70 4 100
69 4 100
68 4 100
67 4 100
66 4 100
65 4 100
64 4 100
63 4 100
62 4 100
61 4 100
60 4 100
60 4 100
59 4 100
59 4 100
59 4 100
58 4 200
58 4 100
58 4 100
57 4 300
57 4 100
57 4 100
56 4 400
56 4 100
56 4 100
55 4 500
55 4 100
55 4 100
54 4 600
54 4 100
53 4 600
53 4 100
53 4 100
52 4 700
52 4 100
52 4 100
51 4 800
51 4 100
51 4 100
50 4 900
50 4 100
50 4 100
49 4 1000
49 4 100
49 4 100
48 4 1100
48 4 100
48 4 100
48 4 100
47 4 1300
47 4 100
47 4 100
46 4 1400
46 4 100
46 4 100
46 4 100
45 4 1600
45 4 100
45 4 100
45 4 100
44 4 1800
44 4 100
44 4 100
44 4 100
43 4 2000
43 4 100
43 4 100
43 4 100
42 4 2200
42 4 100
42 4 100
42 4 100
42 5 2400
42 5 100
42 5 100
42 5 100
42 6 2600
42 6 100
42 6 100
42 6 100
42 7 2800
42 7 100
42 7 100
42 8 2900
42 8 100
42 8 100
42 9 3000
42 10 3000
42 11 3000
42 12 100
42 12 100
42 12 100
42 12 100
42 12 100
42 12 100
42 12 100
42 12 100
42 12 100
42 12 100
42 12 100
42 12 100
42 12 100
42 12 100
42 12 100
42 12 100
42 12 100
42 12 100
42 12 100
42 12 100
42 12 100
42 12 100
42 12 100
42 12 100
42 12 100
42 12 100
42 13 2500
42 14 2500
42 15 2500
42 16 100
42 16 100
42 16 100
42 16 100
42 16 100
42 16 100
42 16 100
42 16 100
42 16 100
42 16 100
42 16 100
42 16 100
42 16 100
42 16 100
42 16 100
42 16 100
42 16 100
42 17 1600
42 18 1600
42 19 1600
42 20 100
42 20 100
42 20 100
42 20 100
42 20 100
42 20 100
42 20 100
42 20 100
42 20 100
42 20 100
42 20 100
42 20 100
42 21 1100
42 22 1100
42 23 1100
42 24 100
42 24 100
42 24 100
42 24 100
42 24 100
42 24 100
42 24 100
42 24 100
42 24 100
42 25 800
42 26 800
42 27 800
42 28 100
42 28 100
42 28 100
42 28 100
42 28 100
42 28 100
42 28 100
42 29 600
42 30 600
42 31 600
42 32 100
42 32 100
42 32 100
42 32 100
42 33 300
42 33 100
42 34 300
42 34 100
42 35 300
42 36 300
42 37 300
42 38 100
42 38 100
42 38 100
42 39 200
42 39 100
42 40 200
42 41 200
42 42 200
42 43 100
42 43 100
42 44 100
42 44 100
42 45 100
42 46 100
42 47 100
41 47 100
40 47 100
40 47 100
39 47 100
39 47 100
38 47 100
38 47 100
38 47 100
37 47 200
37 47 100
37 47 100
36 47 300
36 47 100
36 47 100
35 47 400
35 47 100
35 47 100
35 47 100
34 47 600
34 47 100
34 47 100
33 47 700
33 47 100
33 47 100
33 47 100
32 47 900
32 47 100
32 47 100
32 47 100
31 47 1100
31 47 100
31 47 100
31 47 100
30 47 1300
30 47 100
29 47 1300
29 47 100
29 47 100
28 47 1400
27 47 1400
26 47 1400
25 47 100
25 47 100
25 47 100
25 47 100
25 47 100
25 47 100
25 47 100
25 47 100
25 47 100
24 47 800
23 47 800
22 47 800
21 47 100
21 47 100
21 47 100
21 47 100
20 47 300
19 47 300
18 47 300
17 47 100
17 47 100
16 47 100
16 47 100
15 47 100
15 47 100
14 47 100
14 47 100
13 47 100
13 47 100
12 47 100
12 47 100
11 47 100
11 47 100
10 47 100
10 47 100
9 47 100
9 47 100
8 47 100
8 47 100
7 47 100
7 47 100
6 47 100
6 47 100
5 47 100
5 47 100
5 47 100
4 47 200
4 47 100
3 47 200
3 47 100
2 47 200
2 47 100
2 48 200
2 48 100
2 49 200
2 50 200
2 51 200
2 52 100
2 52 100
2 53 100
2 53 100
2 54 100
2 54 100
120 132 100
119 132 100
118 132 100
117 132 100
116 132 100
115 132 100
114 132 100
113 132 100
112 132 100
111 132 100
111 132 100
110 132 100
110 132 100
109 132 100
109 132 100
109 132 100
109 132 100
108 132 300
108 132 100
108 132 100
107 132 400
107 132 100
107 132 100
107 132 100
107 132 100
106 132 700
106 132 100
106 132 100
106 132 100
106 132 100
106 132 100
105 132 1100
105 132 100
105 132 100
105 132 100
105 132 100
105 132 100
104 132 1500
104 132 100
104 132 100
104 132 100
104 132 100
104 132 100
104 132 100
103 132 2000
103 132 100
103 132 100
103 132 100
103 132 100
103 132 100
103 132 100
102 132 2500
102 132 100
102 132 100
102 132 100
102 132 100
101 132 2800
101 132 100
101 132 100
101 132 100
101 132 100
100 132 3100
100 132 100
100 132 100
100 132 100
99 132 3300
99 132 100
99 132 100
98 132 3400
98 132 100
97 132 3400
96 132 3400
95 132 3400
94 132 100
94 132 100
94 132 100
94 132 100
94 132 100
94 132 100
94 132 100
94 132 100
94 132 100
94 132 100
94 132 100
94 132 100
94 132 100
94 132 100
94 132 100
94 132 100
94 132 100
94 132 100
94 132 100
94 132 100
94 132 100
94 132 100
94 132 100
94 132 100
94 132 100
94 132 100
94 132 100
94 132 100
94 132 100
94 132 100
94 132 100
93 132 3000
92 132 3000
91 132 3000
90 132 100
90 132 100
90 132 100
90 132 100
90 132 100
90 132 100
90 132 100
90 132 100
90 132 100
90 132 100
90 132 100
90 132 100
90 132 100
90 132 100
90 132 100
90 132 100
90 132 100
90 132 100
90 132 100
90 132 100
90 132 100
90 132 100
90 132 100
90 132 100
90 132 100
89 132 2400
88 132 2400
87 132 2400
86 132 100
86 132 100
86 132 100
86 132 100
86 132 100
86 132 100
86 132 100
86 132 100
86 132 100
86 132 100
86 132 100
86 132 100
86 132 100
86 132 100
86 132 100
86 132 100
85 132 1500
84 132 1500
83 132 1500
82 132 100
82 132 100
82 132 100
82 132 100
82 132 100
82 132 100
82 132 100
81 132 600
80 132 600
79 132 600
78 132 100
78 132 100
77 132 100
76 132 100
75 132 100
74 132 100
73 132 100
72 132 100
71 132 100
70 132 100
69 132 100
68 132 100
67 132 100
66 132 100
65 132 100
64 132 100
63 132 100
62 132 100
61 132 100
61 132 100
60 132 100
60 132 100
59 132 100
59 132 100
58 132 100
58 132 100
58 132 100
57 132 200
57 132 100
56 132 200
56 132 100
56 132 100
55 132 300
55 132 100
55 132 100
54 132 400
54 132 100
54 132 100
53 132 500
53 132 100
53 132 100
52 132 600
52 132 100
52 132 100
52 132 100
51 132 800
51 132 100
51 132 100
51 132 100
50 132 1000
50 132 100
50 132 100
50 132 100
49 132 1200
49 132 100
49 132 100
49 132 100
48 132 1400
48 132 100
48 132 100
47 132 1500
47 132 100
47 132 100
46 132 1600
45 132 1600
44 132 1600
43 132 100
43 132 100
43 132 100
43 132 100
43 132 100
43 132 100
43 132 100
43 132 100
43 132 100
43 132 100
42 132 900
41 132 900
40 132 900
39 132 100
39 132 100
39 132 100
38 132 200
37 132 200
36 132 200
35 132 100
34 132 100
33 132 100
32 132 100
31 132 100
30 132 100
29 132 100
29 133 100
29 134 100
29 134 100
29 135 100
29 135 100
29 136 100
29 136 100
29 136 100
29 137 200
29 137 100
29 138 200
29 138 100
29 138 100
29 139 300
29 139 100
29 139 100
29 140 400
29 140 100
29 140 100
29 140 100
29 141 600
29 141 100
29 141 100
29 142 700
29 142 100
29 142 100
29 142 100
29 143 900
29 143 100
29 143 100
29 144 1000
29 144 100
29 144 100
29 145 1100
29 145 100
29 145 100
29 146 1200
29 146 100
29 147 1200
29 147 100
29 147 100
29 148 1300
29 148 100
29 149 1300
29 149 100
29 150 1300
29 150 100
29 151 1300
29 151 100
29 152 1300
29 153 1300
29 154 1300
29 155 100
29 155 100
29 155 100
29 155 100
29 155 100
29 155 100
29 155 100
29 155 100
29 155 100
29 155 100
29 156 900
29 157 900
29 158 900
29 159 100
29 159 100
29 159 100
29 159 100
29 159 100
29 159 100
29 160 500
29 161 500
29 162 500
