20 173 120
20 173 120
21 173 120
21 173 120
22 173 120
22 173 120
22 173 120
23 173 240
23 173 120
24 173 240
24 173 120
25 173 240
25 173 120
26 173 240
26 173 120
27 173 240
27 173 120
28 173 240
28 173 120
29 173 240
29 173 120
30 173 240
30 173 120
31 173 240
31 173 120
32 173 240
32 173 120
33 173 240
33 173 120
34 173 240
34 173 120
35 173 240
35 173 120
36 173 240
36 173 120
37 173 240
37 173 120
37 173 120
38 173 360
38 173 120
39 173 360
39 173 120
39 173 120
40 173 480
40 173 120
41 173 480
41 173 120
41 173 120
42 173 600
42 173 120
43 173 600
43 173 120
44 173 600
44 173 120
45 173 600
45 173 120
46 173 600
47 173 600
48 173 600
49 173 120
49 173 120
49 173 120
50 173 240
50 173 120
51 173 240
52 173 240
53 173 240
54 173 120
54 173 120
55 173 120
56 173 120
57 173 120
58 173 120
59 173 120
60 173 120
61 173 120
62 173 120
63 173 120
63 172 120
63 171 120
63 170 120
63 169 120
63 168 120
63 167 120
63 166 120
63 165 120
63 164 120
63 163 120
63 162 120
63 161 120
63 160 120
63 159 120
63 158 120
63 157 120
63 156 120
63 155 120
63 155 120
63 154 120
63 154 120
63 153 120
63 153 120
63 153 120
63 152 240
63 152 120
63 152 120
63 151 360
63 151 120
63 151 120
63 150 480
63 150 120
63 150 120
63 149 600
63 149 120
63 149 120
63 148 720
63 148 120
63 148 120
63 148 120
63 147 960
63 147 120
63 147 120
63 147 120
63 146 1200
63 146 120
63 146 120
63 146 120
63 145 1440
63 145 120
63 145 120
63 145 120
63 144 1680
63 144 120
63 144 120
63 144 120
63 143 1920
63 143 120
63 143 120
63 142 2040
63 142 120
63 142 120
63 141 2160
63 141 120
63 140 2160
63 140 120
63 140 120
63 139 2280
63 139 120
63 138 2280
63 138 120
63 137 2280
63 137 120
63 136 2280
63 135 2280
63 134 2280
63 133 120
63 133 120
63 133 120
63 133 120
63 133 120
63 133 120
63 133 120
63 133 120
63 133 120
63 133 120
63 133 120
63 133 120
63 133 120
63 133 120
63 133 120
63 133 120
63 132 1800
63 131 1800
63 130 1800
63 129 120
63 129 120
63 129 120
63 129 120
63 129 120
63 129 120
63 129 120
63 129 120
63 129 120
63 129 120
63 129 120
63 128 1200
63 127 1200
63 126 1200
63 125 120
63 125 120
63 125 120
63 125 120
63 125 120
63 125 120
63 124 600
63 123 600
63 122 600
63 121 120
63 121 120
63 120 120
63 120 120
63 119 120
63 119 120
63 118 120
63 117 120
63 116 120
63 115 120
63 114 120
63 113 120
63 112 120
63 111 120
63 110 120
63 109 120
63 108 120
63 107 120
63 106 120
63 105 120
63 104 120
63 103 120
63 102 120
63 101 120
63 100 120
63 99 120
57 172 120
57 171 120
58 171 120
59 171 120
60 171 120
61 171 120
62 171 120
64 171 120
65 171 120
66 171 120
67 171 120
68 171 120
69 171 120
70 171 120
71 171 120
72 171 120
73 171 120
74 171 120
75 171 120
76 171 120
77 171 120
78 171 120
79 171 120
80 171 120
81 171 120
82 171 120
83 171 120
84 171 120
85 171 120
86 171 120
87 171 120
87 171 120
88 171 120
88 171 120
89 171 120
89 171 120
90 171 120
90 171 120
91 171 120
91 171 120
91 171 120
92 171 240
92 171 120
93 171 240
93 171 120
94 171 240
94 171 120
94 171 120
95 171 360
95 171 120
96 171 360
96 171 120
97 171 360
97 171 120
98 171 360
98 171 120
99 171 360
100 171 360
101 171 360
102 171 120
102 171 120
102 171 120
103 171 240
103 171 120
104 171 240
104 171 120
104 171 120
105 171 360
105 171 120
106 171 360
106 171 120
107 171 360
107 171 120
108 171 360
108 171 120
109 171 360
109 171 120
110 171 360
110 171 120
111 171 360
111 171 120
111 172 360
111 172 120
112 172 360
113 172 360
114 172 360
115 172 120
115 172 120
116 172 120
116 172 120
117 172 120
117 172 120
118 172 120
118 172 120
119 172 120
120 172 120
121 172 120
121 172 120
122 172 120
122 172 120
123 172 120
123 172 120
124 172 120
124 172 120
125 172 120
125 172 120
125 172 120
126 172 240
126 172 120
127 172 240
127 172 120
128 172 240
128 172 120
129 172 240
129 172 120
129 172 120
130 172 360
130 172 120
131 172 360
131 172 120
132 172 360
132 172 120
132 172 120
133 172 480
133 172 120
134 172 480
134 172 120
134 172 120
135 172 600
135 172 120
135 172 120
136 172 720
136 172 120
136 172 120
136 172 120
137 172 960
137 172 120
137 172 120
138 172 1080
138 172 120
138 172 120
139 172 1200
139 172 120
140 172 1200
140 172 120
141 172 1200
142 172 1200
143 172 1200
144 172 120
144 172 120
144 172 120
144 172 120
144 172 120
144 172 120
145 172 600
146 172 600
147 172 600
148 172 120
148 172 120
148 172 120
148 171 240
148 171 120
148 171 120
148 170 360
148 170 120
148 169 360
148 169 120
148 168 360
148 168 120
148 168 120
148 167 480
148 167 120
148 167 120
148 166 600
148 166 120
148 166 120
148 165 720
148 165 120
148 165 120
148 164 840
148 164 120
148 163 840
148 163 120
148 163 120
148 162 960
148 161 960
148 160 960
148 159 120
148 159 120
148 159 120
148 159 120
148 159 120
148 159 120
148 159 120
148 158 720
148 158 120
148 157 720
119 171 720
119 170 720
119 169 120
119 169 120
119 168 120
119 168 120
119 167 120
119 167 120
119 166 120
119 166 120
119 165 120
119 165 120
119 165 120
119 164 240
119 164 120
119 163 240
119 163 120
119 163 120
119 162 360
119 162 120
119 162 120
119 161 480
119 161 120
119 161 120
119 161 120
119 160 720
119 160 120
119 160 120
119 160 120
119 159 960
119 159 120
119 159 120
119 159 120
119 159 120
119 158 1320
119 158 120
119 158 120
119 158 120
119 158 120
119 158 120
119 157 1800
119 157 120
119 157 120
119 157 120
119 157 120
119 156 2160
119 156 120
119 156 120
119 156 120
119 156 120
119 156 120
119 155 2640
119 155 120
119 155 120
119 155 120
119 155 120
119 154 3000
119 154 120
119 154 120
119 154 120
119 153 3240
119 153 120
119 153 120
119 152 3360
119 152 120
119 152 120
119 151 3480
119 151 120
119 150 3480
119 150 120
119 149 3480
119 148 3480
119 147 3480
119 146 120
119 146 120
119 146 120
119 146 120
119 146 120
119 146 120
119 146 120
119 146 120
119 146 120
119 146 120
119 146 120
119 146 120
119 146 120
119 146 120
119 146 120
119 146 120
119 146 120
119 146 120
119 146 120
119 146 120
119 146 120
119 146 120
119 146 120
119 146 120
119 146 120
119 145 2880
119 144 2880
119 143 2880
119 142 120
119 142 120
119 142 120
119 142 120
119 142 120
119 142 120
119 142 120
119 142 120
119 142 120
119 142 120
119 142 120
119 142 120
119 142 120
119 142 120
119 141 1560
119 140 1560
119 139 1560
119 138 120
119 138 120
119 138 120
119 138 120
119 138 120
119 138 120
119 138 120
119 138 120
119 137 840
119 136 840
119 135 840
119 134 120
119 134 120
119 134 120
119 134 120
119 134 120
119 134 120
119 133 600
119 133 120
119 132 600
119 131 600
119 130 600
119 129 120
119 129 120
119 129 120
119 129 120
119 129 120
119 128 480
119 127 480
119 126 480
119 125 120
119 125 120
119 124 120
119 124 120
119 123 120
119 122 120
119 121 120
119 120 120
119 119 120
119 118 120
120 118 120
120 117 120
120 116 120
120 115 120
120 114 120
120 113 120
120 112 120
120 111 120
120 110 120
120 109 120
120 108 120
120 107 120
120 106 120
120 105 120
120 104 120
120 103 120
120 102 120
120 101 120
120 100 120
120 99 120
120 98 120
120 97 120
120 96 120
120 95 120
120 94 120
120 93 120
120 92 120
120 91 120
120 90 120
120 89 120
120 88 120
120 88 120
120 87 120
120 87 120
120 86 120
120 86 120
120 85 120
120 85 120
120 84 120
120 84 120
120 83 120
120 83 120
120 82 120
120 82 120
120 81 120
120 81 120
120 80 120
120 80 120
120 79 120
120 79 120
120 78 120
120 78 120
120 77 120
120 77 120
120 76 120
120 76 120
120 75 120
120 75 120
120 74 120
120 74 120
120 73 120
120 73 120
120 72 120
120 72 120
120 72 120
120 71 240
120 71 120
120 70 240
120 70 120
120 69 240
120 69 120
120 69 120
120 68 360
120 68 120
120 67 360
120 67 120
120 66 360
120 65 360
120 64 360
120 63 120
120 63 120
120 63 120
120 62 240
120 62 120
120 61 240
120 61 120
120 60 240
120 60 120
120 59 240
120 59 120
120 59 120
120 58 360
120 58 120
120 58 120
120 57 480
120 57 120
120 57 120
120 56 600
120 56 120
120 56 120
120 55 720
120 55 120
120 55 120
120 55 120
120 54 960
120 54 120
120 54 120
120 54 120
120 53 1200
120 53 120
120 53 120
120 53 120
120 52 1440
120 52 120
120 52 120
120 52 120
120 51 1680
120 51 120
120 51 120
120 51 120
120 50 1920
120 50 120
120 50 120
120 50 120
120 49 2160
120 49 120
120 49 120
120 49 120
120 48 2400
120 48 120
120 48 120
120 47 2520
120 47 120
120 47 120
120 46 2640
120 46 120
120 45 2640
120 45 120
120 44 2640
120 44 120
120 43 2640
120 42 2640
120 41 2640
120 40 120
120 40 120
120 40 120
120 40 120
120 40 120
120 40 120
120 40 120
120 40 120
120 40 120
120 40 120
120 40 120
120 40 120
120 40 120
120 40 120
120 40 120
120 40 120
120 40 120
120 40 120
120 40 120
120 40 120
120 40 120
120 39 2400
120 38 2400
120 37 2400
120 36 120
120 36 120
120 36 120
120 36 120
120 36 120
120 36 120
120 36 120
120 36 120
120 36 120
120 36 120
120 36 120
120 36 120
120 36 120
120 36 120
120 35 1560
120 34 1560
120 33 1560
120 32 120
120 32 120
120 32 120
120 32 120
120 31 360
120 30 360
120 29 360
120 28 120
120 27 120
120 26 120
119 26 120
118 26 120
117 26 120
116 26 120
115 26 120
114 26 120
113 26 120
112 26 120
112 26 120
111 26 120
111 26 120
110 26 120
110 26 120
110 26 120
109 26 240
109 26 120
108 26 240
108 26 120
108 26 120
107 26 360
107 26 120
107 26 120
106 26 480
106 26 120
106 26 120
105 26 600
105 26 120
105 26 120
104 26 720
104 26 120
104 26 120
103 26 840
103 26 120
102 26 840
102 26 120
101 26 840
101 26 120
100 26 840
99 26 840
98 26 840
97 26 120
97 26 120
97 26 120
97 26 120
96 26 360
95 26 360
94 26 360
93 26 120
93 26 120
92 26 120
92 26 120
91 26 120
90 26 120
89 26 120
88 26 120
87 26 120
86 26 120
85 26 120
84 26 120
83 26 120
82 26 120
81 26 120
80 26 120
79 26 120
78 26 120
77 26 120
76 26 120
75 26 120
74 26 120
73 26 120
72 26 120
71 26 120
70 26 120
69 26 120
69 25 120
69 24 120
69 23 120
69 22 120
69 21 120
69 20 120
69 19 120
69 18 120
69 17 120
69 16 120
69 15 120
14 66 120
15 66 120
16 66 120
17 66 120
18 66 120
19 66 120
20 66 120
21 66 120
22 66 120
23 66 120
24 66 120
25 66 120
26 66 120
26 66 120
27 66 120
27 66 120
28 66 120
28 66 120
29 66 120
29 66 120
29 66 120
30 66 240
30 66 120
30 66 120
31 66 360
31 66 120
31 66 120
32 66 480
32 66 120
32 66 120
32 66 120
33 66 720
33 66 120
33 66 120
33 66 120
34 66 960
34 66 120
34 66 120
35 66 1080
35 66 120
35 66 120
35 66 120
36 66 1320
36 66 120
36 66 120
37 66 1440
37 66 120
38 66 1440
38 66 120
39 66 1440
39 66 120
39 66 120
40 66 1560
40 66 120
41 66 1560
41 66 120
42 66 1560
42 66 120
43 66 1560
43 66 120
44 66 1560
44 66 120
45 66 1560
45 66 120
46 66 1560
46 66 120
47 66 1560
47 66 120
48 66 1560
48 66 120
49 66 1560
49 66 120
49 66 120
50 66 1680
50 66 120
50 66 120
51 66 1800
51 66 120
51 66 120
51 66 120
52 66 2040
52 66 120
52 66 120
52 66 120
53 66 2280
53 66 120
53 66 120
53 66 120
54 66 2520
54 66 120
54 66 120
54 66 120
55 66 2760
55 66 120
55 66 120
56 66 2880
56 66 120
56 66 120
56 66 120
57 66 3120
57 66 120
57 66 120
58 66 3240
58 66 120
58 66 120
59 66 3360
59 66 120
60 66 3360
60 66 120
60 66 120
61 66 3480
62 66 3480
63 66 3480
63 67 120
63 67 120
63 67 120
63 67 120
63 67 120
63 67 120
63 67 120
63 67 120
63 67 120
63 67 120
63 67 120
63 67 120
63 67 120
63 67 120
63 67 120
63 67 120
63 67 120
63 67 120
63 67 120
63 67 120
63 67 120
63 67 120
63 67 120
63 67 120
63 67 120
63 67 120
63 67 120
63 68 3120
63 68 120
63 69 3120
63 69 120
63 70 3120
63 71 3120
63 72 3120
63 73 120
63 73 120
63 73 120
63 73 120
63 73 120
63 73 120
63 73 120
63 73 120
63 73 120
63 73 120
63 73 120
63 73 120
63 73 120
63 73 120
63 73 120
63 73 120
63 73 120
63 73 120
63 73 120
63 73 120
63 73 120
63 73 120
63 74 2520
63 75 2520
63 76 2520
63 77 120
63 77 120
63 77 120
63 77 120
63 77 120
63 77 120
63 77 120
63 77 120
63 77 120
63 77 120
63 77 120
63 77 120
63 77 120
63 77 120
63 77 120
63 77 120
63 78 1800
63 79 1800
63 80 1800
63 81 120
63 81 120
63 81 120
63 81 120
63 81 120
63 81 120
63 81 120
63 81 120
63 81 120
63 81 120
63 82 1080
63 83 1080
63 84 1080
63 85 120
63 85 120
63 85 120
63 85 120
63 85 120
63 85 120
63 85 120
63 86 720
63 87 720
63 88 720
63 89 120
63 89 120
63 89 120
63 89 120
63 89 120
63 90 480
63 91 480
63 92 480
63 93 120
63 93 120
63 94 120
63 94 120
63 95 120
63 95 120
63 96 120
63 97 120
63 98 120
121 118 120
122 118 120
123 118 120
124 118 120
125 118 120
126 118 120
127 118 120
128 118 120
129 118 120
130 118 120
131 118 120
132 118 120
133 118 120
134 118 120
135 118 120
136 118 120
137 118 120
138 118 120
139 118 120
140 118 120
141 118 120
142 118 120
143 118 120
144 118 120
145 118 120
146 118 120
147 118 120
148 118 120
149 118 120
150 118 120
151 118 120
152 118 120
153 118 120
154 118 120
155 118 120
156 118 120
157 118 120
158 118 120
159 118 120
160 118 120
161 118 120
162 118 120
163 118 120
164 118 120
165 118 120
166 118 120
167 118 120
168 118 120
169 118 120
170 118 120
171 118 120
172 118 120
173 118 120
174 118 120
175 118 120
175 118 120
176 118 120
176 118 120
177 118 120
177 118 120
178 118 120
178 118 120
178 118 120
179 118 240
179 118 120
179 118 120
180 118 360
180 118 120
180 118 120
181 118 480
181 118 120
181 118 120
181 118 120
182 118 720
182 118 120
182 118 120
182 118 120
182 117 960
182 116 960
182 115 960
182 114 120
182 114 120
182 114 120
182 114 120
182 113 360
182 112 360
182 111 360
182 110 120
182 110 120
182 110 120
182 109 240
182 109 120
182 108 240
182 107 240
182 106 240
182 105 120
182 105 120
182 104 120
182 104 120
182 103 120
182 103 120
182 102 120
182 102 120
182 101 120
182 101 120
182 100 120
182 99 120
182 98 120
182 97 120
182 96 120
182 95 120
182 94 120
182 93 120
182 92 120
182 91 120
182 90 120
182 89 120
182 88 120
182 87 120
182 86 120
182 85 120
182 84 120
182 83 120
182 82 120
182 81 120
182 80 120
182 79 120
182 78 120
182 77 120
182 76 120
182 75 120
183 75 120
184 75 120
185 75 120
186 75 120
187 75 120
188 75 120
189 75 120
190 75 120
191 75 120
192 75 120
193 75 120
194 75 120
195 75 120
196 75 120
197 75 120
198 75 120
198 74 120
198 73 120
198 72 120
198 71 120
198 70 120
198 69 120
198 68 120
198 67 120
198 66 120
198 65 120
198 64 120
198 63 120
198 62 120
198 61 120
198 60 120
198 59 120
198 58 120
198 57 120
198 56 120
198 55 120
198 54 120
198 53 120
198 52 120
198 51 120
198 50 120
198 49 120
