122 100 120
121 100 120
120 100 120
119 100 120
118 100 120
117 100 120
116 100 120
115 100 120
114 100 120
113 100 120
112 100 120
111 100 120
110 100 120
109 100 120
108 100 120
107 100 120
106 100 120
105 100 120
104 100 120
104 100 120
103 100 120
103 100 120
103 100 120
102 100 240
102 100 120
102 100 120
102 100 120
102 100 120
101 100 600
101 100 120
101 100 120
101 100 120
101 100 120
100 100 960
100 100 120
100 100 120
100 100 120
100 100 120
99 100 1320
99 100 120
99 100 120
99 100 120
99 100 120
99 100 120
98 100 1800
98 100 120
98 100 120
98 100 120
98 100 120
97 100 2160
97 100 120
97 100 120
97 100 120
97 100 120
96 100 2520
96 100 120
96 100 120
96 100 120
95 100 2760
95 100 120
95 100 120
94 100 2880
94 100 120
94 100 120
93 100 3000
93 100 120
92 100 3000
92 100 120
91 100 3000
91 100 120
91 100 120
90 100 3120
90 100 120
89 100 3120
89 100 120
88 100 3120
88 100 120
88 100 120
87 100 3240
87 100 120
86 100 3240
86 100 120
86 100 120
85 100 3360
85 100 120
84 100 3360
84 100 120
84 100 120
83 100 3480
83 100 120
82 100 3480
82 100 120
82 100 120
81 100 3600
81 100 120
81 100 120
80 100 3720
80 100 120
79 100 3720
79 100 120
79 100 120
78 100 3840
78 100 120
78 100 120
77 100 3960
77 100 120
77 100 120
76 100 4080
76 100 120
76 100 120
75 100 4200
75 100 120
74 100 4200
74 100 120
74 100 120
73 100 4320
73 100 120
72 100 4320
72 100 120
71 100 4320
71 100 120
70 100 4320
69 100 4320
68 100 4320
67 100 120
67 100 120
67 100 120
67 100 120
67 100 120
67 100 120
67 100 120
67 100 120
67 100 120
67 100 120
67 100 120
67 100 120
67 100 120
67 100 120
67 100 120
67 100 120
67 100 120
67 100 120
67 100 120
67 100 120
67 100 120
67 100 120
67 100 120
67 100 120
67 100 120
67 100 120
67 100 120
67 100 120
67 100 120
67 100 120
67 100 120
67 100 120
67 100 120
67 100 120
66 100 3960
65 100 3960
64 100 3960
63 100 120
63 100 120
63 100 120
63 100 120
63 100 120
63 100 120
63 100 120
63 100 120
63 100 120
63 100 120
63 100 120
63 100 120
63 100 120
63 100 120
63 100 120
63 100 120
63 100 120
63 100 120
63 100 120
63 100 120
63 100 120
63 100 120
63 100 120
63 100 120
63 100 120
63 100 120
63 100 120
63 100 120
63 100 120
63 100 120
63 100 120
62 100 3600
61 100 3600
60 100 3600
59 100 120
59 100 120
59 100 120
59 100 120
59 100 120
59 100 120
59 100 120
59 100 120
59 100 120
59 100 120
59 100 120
59 100 120
59 100 120
59 100 120
59 100 120
59 100 120
59 100 120
59 100 120
59 100 120
59 100 120
59 100 120
59 100 120
59 100 120
59 100 120
58 100 2760
57 100 2760
56 100 2760
55 100 120
55 100 120
55 100 120
55 100 120
55 100 120
55 100 120
55 100 120
55 100 120
55 100 120
55 100 120
55 100 120
55 100 120
54 100 1320
53 100 1320
52 100 1320
51 100 120
51 100 120
51 100 120
51 100 120
50 100 360
49 100 360
48 100 360
47 100 120
46 100 120
45 100 120
44 100 120
43 100 120
42 100 120
41 100 120
40 100 120
39 100 120
38 100 120
37 100 120
36 100 120
35 100 120
34 100 120
33 100 120
32 100 120
31 100 120
30 100 120
29 100 120
28 100 120
27 100 120
26 100 120
25 100 120
24 100 120
24 101 120
24 102 120
24 103 120
24 104 120
24 105 120
24 106 120
123 100 120
124 100 120
125 100 120
126 100 120
127 100 120
128 100 120
129 100 120
130 100 120
131 100 120
131 100 120
132 100 120
132 100 120
133 100 120
133 100 120
133 100 120
133 100 120
134 100 360
134 100 120
134 100 120
135 100 480
135 100 120
135 100 120
135 100 120
136 100 720
136 100 120
136 100 120
136 100 120
136 100 120
137 100 1080
137 100 120
137 100 120
137 100 120
138 100 1320
138 100 120
138 100 120
138 100 120
139 100 1560
139 100 120
139 100 120
139 100 120
140 100 1800
140 100 120
140 100 120
140 100 120
141 100 2040
141 100 120
141 100 120
142 100 2160
142 100 120
143 100 2160
143 100 120
143 100 120
144 100 2280
144 100 120
145 100 2280
146 100 2280
147 100 2280
148 100 120
148 100 120
148 100 120
148 100 120
148 100 120
148 100 120
148 100 120
148 100 120
148 100 120
148 100 120
148 100 120
148 100 120
148 100 120
148 100 120
148 100 120
148 100 120
148 100 120
149 100 1920
149 100 120
150 100 1920
150 100 120
151 100 1920
152 100 1920
153 100 1920
154 100 120
154 100 120
154 100 120
154 100 120
154 100 120
154 100 120
154 100 120
154 100 120
154 100 120
154 100 120
154 100 120
154 100 120
154 100 120
154 100 120
154 100 120
155 100 1680
155 100 120
155 101 1680
155 101 120
155 101 120
155 101 120
155 102 1920
155 102 120
155 102 120
155 102 120
155 103 2160
155 103 120
155 103 120
155 104 2280
155 104 120
155 105 2280
155 105 120
155 106 2280
155 107 2280
155 108 2280
155 109 120
155 109 120
155 109 120
155 109 120
155 109 120
155 109 120
155 109 120
155 109 120
155 109 120
155 109 120
155 109 120
155 109 120
155 109 120
155 110 1440
155 111 1440
155 112 1440
155 113 120
155 113 120
155 113 120
155 113 120
155 113 120
155 113 120
155 114 600
155 115 600
155 116 600
155 117 120
155 117 120
155 117 120
155 118 240
155 119 240
155 120 240
155 121 120
155 121 120
155 122 120
155 123 120
155 124 120
155 125 120
155 126 120
155 127 120
155 128 120
155 129 120
155 130 120
155 131 120
155 132 120
155 133 120
155 134 120
155 135 120
155 135 120
155 136 120
155 136 120
155 137 120
155 137 120
155 138 120
155 138 120
155 139 120
155 139 120
155 139 120
155 140 240
155 140 120
155 141 240
155 141 120
155 142 240
155 142 120
155 143 240
155 144 240
155 145 240
155 146 120
155 146 120
155 147 120
155 148 120
155 149 120
155 150 120
155 151 120
155 152 120
156 100 120
156 100 120
156 100 120
156 100 120
156 100 120
156 100 120
156 100 120
156 100 120
156 100 120
156 100 120
156 100 120
156 100 120
156 100 120
156 100 120
156 100 120
156 100 120
157 100 1800
157 100 120
157 100 120
158 100 1920
158 100 120
158 100 120
159 100 2040
159 100 120
159 100 120
160 100 2160
160 100 120
161 100 2160
161 100 120
161 100 120
162 100 2280
162 100 120
162 100 120
163 100 2400
163 100 120
163 100 120
164 100 2520
164 100 120
165 100 2520
165 100 120
165 100 120
166 100 2640
166 100 120
166 100 120
167 100 2760
167 100 120
167 100 120
168 100 2880
168 100 120
168 100 120
169 100 3000
169 100 120
170 100 3000
170 100 120
170 100 120
171 100 3120
171 100 120
171 100 120
172 100 3240
172 100 120
172 100 120
173 100 3360
173 100 120
173 100 120
174 100 3480
174 100 120
174 100 120
175 100 3600
175 100 120
176 100 3600
176 100 120
176 100 120
177 100 3720
177 100 120
178 100 3720
178 100 120
179 100 3720
179 100 120
180 100 3720
180 100 120
180 100 120
181 100 3840
181 100 120
182 100 3840
182 100 120
183 100 3840
183 100 120
184 100 3840
184 100 120
184 100 120
185 100 3960
185 100 120
186 100 3960
186 100 120
186 100 120
186 99 4080
186 99 120
186 98 4080
186 98 120
186 98 120
186 97 4200
186 96 4200
186 95 4200
186 94 120
186 94 120
186 94 120
186 94 120
186 94 120
186 94 120
186 94 120
186 94 120
186 94 120
186 94 120
186 94 120
186 94 120
186 94 120
186 94 120
186 94 120
186 94 120
186 94 120
186 94 120
186 94 120
186 94 120
186 94 120
186 94 120
186 94 120
186 94 120
186 94 120
186 94 120
186 94 120
186 94 120
186 94 120
186 93 3360
186 92 3360
186 91 3360
186 90 120
186 90 120
186 90 120
186 90 120
186 90 120
186 90 120
186 90 120
186 90 120
186 90 120
186 90 120
186 90 120
186 90 120
186 90 120
186 90 120
186 90 120
186 90 120
186 90 120
186 89 1920
186 88 1920
186 87 1920
186 86 120
186 86 120
186 86 120
186 86 120
186 86 120
186 86 120
186 86 120
186 85 720
186 84 720
186 83 720
186 82 120
186 82 120
186 81 120
186 80 120
186 79 120
186 78 120
186 77 120
186 76 120
186 75 120
186 74 120
186 73 120
186 72 120
186 71 120
186 70 120
186 69 120
186 68 120
186 67 120
186 66 120
186 65 120
186 64 120
186 63 120
186 62 120
186 61 120
186 60 120
186 59 120
186 58 120
89 99 120
89 99 120
89 99 120
89 99 120
89 99 120
89 99 120
89 99 120
89 99 120
89 99 120
89 99 120
89 99 120
89 99 120
89 99 120
89 99 120
89 99 120
89 99 120
89 99 120
89 99 120
89 99 120
89 99 120
89 99 120
89 99 120
89 99 120
89 99 120
89 99 120
89 99 120
89 99 120
89 99 120
89 98 3240
89 97 3240
89 96 3240
89 95 120
89 95 120
89 95 120
89 95 120
89 95 120
89 95 120
89 95 120
89 95 120
89 95 120
89 95 120
89 95 120
89 95 120
89 95 120
89 95 120
89 95 120
89 95 120
89 95 120
89 95 120
89 95 120
89 95 120
89 95 120
89 95 120
89 95 120
89 94 2640
89 93 2640
89 92 2640
89 91 120
89 91 120
89 91 120
89 91 120
89 91 120
89 91 120
89 91 120
89 91 120
89 91 120
89 91 120
89 91 120
89 91 120
89 91 120
89 91 120
89 91 120
89 90 1680
89 89 1680
89 88 1680
89 87 120
89 87 120
89 87 120
89 87 120
89 87 120
89 87 120
89 87 120
89 87 120
89 86 840
89 85 840
89 84 840
89 83 120
89 83 120
89 83 120
89 83 120
89 82 360
89 81 360
89 80 360
89 79 120
89 79 120
89 78 120
89 78 120
89 77 120
89 77 120
89 76 120
89 76 120
89 75 120
89 75 120
89 74 120
89 74 120
89 73 120
89 73 120
89 72 120
89 72 120
89 71 120
89 71 120
89 71 120
89 70 240
89 70 120
89 69 240
89 69 120
89 68 240
89 68 120
89 68 120
89 67 360
89 67 120
89 66 360
89 66 120
89 65 360
89 65 120
89 64 360
89 63 360
89 62 360
89 61 120
89 61 120
89 60 120
89 59 120
89 58 120
89 57 120
89 56 120
89 55 120
89 54 120
89 53 120
89 52 120
89 51 120
89 50 120
89 49 120
89 48 120
89 47 120
89 46 120
89 45 120
89 44 120
89 43 120
89 42 120
89 42 120
89 41 120
89 41 120
89 40 120
89 40 120
89 40 120
89 39 240
89 39 120
89 38 240
89 38 120
89 38 120
89 37 360
89 37 120
89 36 360
89 36 120
89 35 360
89 35 120
89 34 360
89 33 360
89 32 360
89 31 120
89 31 120
89 30 120
89 30 120
89 29 120
89 28 120
89 27 120
89 26 120
89 25 120
89 24 120
89 23 120
89 22 120
89 21 120
89 20 120
89 19 120
