87 65 50
86 65 50
85 65 50
84 65 50
83 65 50
83 66 50
83 67 50
83 68 50
83 68 50
83 69 50
83 69 50
83 70 50
83 70 50
83 71 50
83 71 50
83 71 50
83 72 50
83 72 50
83 72 50
83 72 50
83 73 50
83 73 50
83 73 50
83 73 50
83 73 50
83 74 50
83 74 50
83 74 50
83 74 50
83 74 50
83 74 50
83 74 50
83 75 50
83 75 50
83 75 50
83 75 50
83 75 50
83 75 50
83 75 50
83 75 50
83 75 50
83 76 50
83 76 50
83 76 50
83 76 50
83 76 50
83 76 50
83 76 50
83 76 50
83 76 50
83 76 50
83 76 50
83 76 50
83 77 50
83 77 50
83 77 50
83 77 50
83 77 50
83 77 50
83 77 50
83 77 50
83 77 50
83 77 50
83 77 50
83 77 50
83 77 50
83 77 50
83 77 50
83 78 50
83 78 50
83 78 50
83 78 50
83 78 50
83 78 50
83 78 50
83 78 50
83 78 50
83 78 50
83 78 50
83 78 50
83 78 50
83 78 50
83 78 50
83 78 50
83 78 50
83 78 50
83 78 50
83 79 50
83 79 50
83 79 50
83 79 50
83 79 50
83 79 50
83 79 50
83 79 50
83 79 50
83 79 50
83 79 50
83 79 50
83 79 50
83 79 50
83 79 50
83 79 50
83 79 50
83 79 50
83 79 50
83 79 50
83 79 50
83 79 50
83 80 50
83 80 50
83 80 50
83 80 50
83 80 50
83 80 50
83 80 50
83 80 50
83 80 50
83 80 50
83 80 50
83 80 50
83 80 50
83 80 50
83 80 50
83 80 50
83 80 50
83 80 50
83 80 50
83 80 50
83 80 50
83 80 50
83 80 50
83 80 50
83 81 50
83 81 50
83 81 50
83 81 50
83 81 50
83 81 50
83 81 50
83 81 50
83 81 50
83 81 50
83 81 50
83 81 50
83 81 50
83 81 50
83 81 50
83 81 50
83 81 50
83 81 50
83 81 50
83 81 50
83 81 50
83 81 50
83 81 50
83 81 50
83 81 50
83 82 50
83 82 50
83 82 50
83 82 50
83 82 50
83 82 50
83 82 50
83 82 50
83 82 50
83 82 50
83 82 50
83 82 50
83 82 50
83 82 50
83 82 50
83 82 50
83 82 50
83 82 50
83 82 50
83 82 50
83 82 50
83 82 50
83 82 50
83 82 50
83 82 50
83 82 50
83 83 50
83 83 50
83 83 50
83 83 50
83 83 50
83 83 50
83 83 50
83 83 50
83 83 50
83 83 50
83 83 50
83 83 50
83 83 50
83 83 50
83 83 50
83 83 50
83 83 50
83 83 50
83 83 50
83 83 50
83 83 50
83 83 50
83 83 50
83 83 50
83 84 50
83 84 50
83 84 50
83 84 50
83 84 50
83 84 50
83 84 50
83 84 50
83 84 50
83 84 50
83 84 50
83 84 50
83 84 50
83 84 50
83 84 50
83 84 50
83 84 50
83 84 50
83 84 50
83 84 50
83 84 50
83 84 50
83 85 50
83 85 50
83 85 50
83 85 50
83 85 50
83 85 50
83 85 50
83 85 50
83 85 50
83 85 50
83 85 50
83 85 50
83 85 50
83 85 50
83 85 50
83 85 50
83 85 50
83 85 50
83 85 50
83 86 50
83 86 50
83 86 50
83 86 50
83 86 50
83 86 50
83 86 50
83 86 50
83 86 50
83 86 50
83 86 50
83 86 50
83 86 50
83 86 50
83 86 50
83 87 50
83 87 50
83 87 50
83 87 50
83 87 50
83 87 50
83 87 50
83 87 50
83 87 50
83 87 50
83 87 50
83 88 50
83 88 50
83 88 50
83 88 50
83 88 50
83 88 50
83 88 50
83 89 50
83 89 50
83 89 50
83 89 50
83 89 50
83 90 50
83 90 50
83 90 50
83 91 50
83 91 50
83 92 50
83 93 50
83 94 50
83 95 50
83 96 50
88 65 50
89 65 50
90 65 50
91 65 50
92 65 50
93 65 50
94 65 50
95 65 50
96 65 50
97 65 50
98 65 50
99 65 50
100 65 50
101 65 50
102 65 50
103 65 50
104 65 50
105 65 50
106 65 50
107 65 50
108 65 50
109 65 50
110 65 50
111 65 50
112 65 50
112 65 50
113 65 50
113 65 50
114 65 50
114 65 50
115 65 50
115 65 50
116 65 50
116 65 50
117 65 50
117 65 50
118 65 50
118 65 50
119 65 50
119 65 50
120 65 50
120 65 50
121 65 50
121 65 50
122 65 50
123 65 50
124 65 50
125 65 50
126 65 50
127 65 50
128 65 50
129 65 50
130 65 50
131 65 50
132 65 50
133 65 50
134 65 50
135 65 50
136 65 50
137 65 50
138 65 50
139 65 50
140 65 50
141 65 50
142 65 50
143 65 50
144 65 50
145 65 50
146 65 50
147 65 50
148 65 50
149 65 50
150 65 50
151 65 50
152 65 50
153 65 50
154 65 50
155 65 50
156 65 50
157 65 50
158 65 50
159 65 50
160 65 50
161 65 50
162 65 50
163 65 50
164 65 50
164 64 50
164 63 50
164 62 50
164 61 50
164 60 50
164 59 50
163 59 50
162 59 50
161 59 50
160 59 50
159 59 50
159 58 50
159 57 50
159 56 50
159 56 50
159 55 50
159 55 50
159 54 50
159 54 50
159 53 50
159 53 50
159 53 50
159 52 50
159 52 50
159 52 50
159 51 50
159 51 50
159 51 50
159 51 50
159 50 50
159 50 50
159 50 50
159 50 50
159 50 50
159 49 50
159 49 50
159 49 50
159 49 50
159 49 50
159 49 50
159 48 50
159 48 50
159 48 50
159 48 50
159 48 50
159 48 50
159 47 50
159 47 50
159 47 50
159 47 50
159 47 50
159 47 50
159 47 50
159 46 50
159 46 50
159 46 50
159 46 50
159 46 50
159 46 50
159 46 50
159 45 50
159 45 50
159 45 50
159 45 50
159 45 50
159 45 50
159 45 50
159 44 50
159 44 50
159 44 50
159 44 50
159 44 50
159 44 50
159 44 50
159 43 50
159 43 50
159 43 50
159 43 50
159 43 50
159 43 50
159 42 50
159 42 50
159 42 50
159 42 50
159 42 50
159 42 50
159 41 50
159 41 50
159 41 50
159 41 50
159 41 50
159 40 50
159 40 50
159 40 50
159 40 50
159 40 50
159 39 50
159 39 50
159 39 50
159 39 50
159 38 50
159 38 50
159 38 50
159 38 50
159 37 50
159 37 50
159 37 50
159 36 50
159 36 50
159 35 50
159 35 50
159 34 50
159 33 50
159 32 50
159 31 50
159 30 50
159 29 50
159 28 50
159 27 50
159 26 50
159 25 50
159 24 50
159 23 50
143 158 50
142 158 50
141 158 50
140 158 50
139 158 50
138 158 50
137 158 50
136 158 50
135 158 50
134 158 50
133 158 50
132 158 50
131 158 50
130 158 50
129 158 50
128 158 50
127 158 50
126 158 50
125 158 50
124 158 50
123 158 50
122 158 50
121 158 50
120 158 50
119 158 50
118 158 50
117 158 50
116 158 50
115 158 50
114 158 50
113 158 50
112 158 50
111 158 50
110 158 50
109 158 50
108 158 50
107 158 50
107 158 50
106 158 50
106 158 50
105 158 50
105 158 50
105 158 50
104 158 50
104 158 50
104 158 50
104 158 50
103 158 50
103 158 50
103 158 50
103 158 50
103 158 50
102 158 50
102 158 50
102 158 50
102 158 50
102 158 50
102 158 50
102 158 50
101 158 50
101 158 50
101 158 50
101 158 50
101 158 50
101 158 50
101 158 50
101 158 50
100 158 50
100 158 50
100 158 50
100 158 50
100 158 50
100 158 50
100 158 50
100 158 50
99 158 50
99 158 50
99 158 50
99 158 50
99 158 50
99 158 50
99 158 50
99 158 50
99 158 50
98 158 50
98 158 50
98 158 50
98 158 50
98 158 50
98 158 50
98 158 50
98 158 50
98 158 50
97 158 50
97 158 50
97 158 50
97 158 50
97 158 50
97 158 50
97 158 50
97 158 50
96 158 50
96 158 50
96 158 50
96 158 50
96 158 50
96 158 50
96 158 50
95 158 50
95 158 50
95 158 50
95 158 50
95 158 50
95 158 50
95 159 250
95 159 50
95 159 50
95 159 50
95 160 50
95 160 50
95 160 50
95 160 50
95 160 50
95 160 50
95 160 50
95 160 50
95 160 50
95 160 50
95 160 50
95 161 50
95 161 50
95 161 50
95 161 50
95 161 50
95 161 50
95 161 50
95 161 50
95 161 50
95 161 50
95 161 50
95 161 50
95 161 50
95 161 50
95 162 50
95 162 50
95 162 50
95 162 50
95 162 50
95 162 50
95 162 50
95 162 50
95 162 50
95 162 50
95 162 50
95 162 50
95 162 50
95 162 50
95 162 50
95 162 50
95 162 50
95 163 50
95 163 50
95 163 50
95 163 50
95 163 50
95 163 50
95 163 50
95 163 50
95 163 50
95 163 50
95 163 50
95 163 50
95 163 50
95 163 50
95 163 50
95 163 50
95 163 50
95 163 50
95 163 50
95 164 50
95 164 50
95 164 50
95 164 50
95 164 50
95 164 50
95 164 50
95 164 50
95 164 50
95 164 50
95 164 50
95 164 50
95 164 50
95 164 50
95 164 50
95 164 50
95 164 50
95 164 50
95 164 50
95 164 50
95 165 50
95 165 50
95 165 50
95 165 50
95 165 50
95 165 50
95 165 50
95 165 50
95 165 50
95 165 50
95 165 50
95 165 50
95 165 50
95 165 50
95 165 50
95 165 50
95 165 50
95 165 50
95 165 50
95 165 50
95 166 50
95 166 50
95 166 50
95 166 50
95 166 50
95 166 50
95 166 50
95 166 50
95 166 50
95 166 50
95 166 50
95 166 50
95 166 50
95 166 50
95 166 50
95 166 50
95 166 50
95 166 50
95 166 50
95 167 50
95 167 50
95 167 50
95 167 50
95 167 50
95 167 50
95 167 50
95 167 50
95 167 50
95 167 50
95 167 50
95 167 50
95 167 50
95 167 50
95 167 50
95 167 50
95 167 50
95 168 50
95 168 50
95 168 50
95 168 50
95 168 50
95 168 50
95 168 50
95 168 50
95 168 50
95 168 50
95 168 50
95 168 50
95 168 50
95 168 50
95 168 50
95 169 50
95 169 50
95 169 50
95 169 50
95 169 50
95 169 50
95 169 50
95 169 50
95 169 50
95 169 50
95 169 50
95 169 50
95 169 50
95 170 50
95 170 50
95 170 50
95 170 50
95 170 50
95 170 50
95 170 50
95 170 50
95 170 50
95 170 50
95 171 50
95 171 50
95 171 50
95 171 50
95 171 50
95 171 50
95 171 50
95 171 50
95 172 50
95 172 50
95 172 50
95 172 50
95 172 50
95 172 50
95 172 50
95 173 50
95 173 50
95 173 50
95 173 50
95 173 50
95 174 50
95 174 50
95 174 50
95 174 50
95 175 50
95 175 50
95 175 50
95 175 50
95 176 50
95 176 50
95 176 50
95 177 50
95 177 50
95 177 50
95 178 50
95 178 50
95 179 50
95 179 50
95 180 50
95 181 50
95 182 50
95 183 50
95 184 50
114 157 50
114 156 50
114 155 50
114 154 50
114 153 50
114 152 50
114 151 50
114 150 50
114 149 50
114 148 50
114 147 50
114 146 50
114 145 50
114 144 50
114 143 50
114 142 50
114 141 50
114 140 50
114 139 50
114 138 50
114 137 50
113 137 50
112 137 50
111 137 50
110 137 50
109 137 50
108 137 50
107 137 50
106 137 50
105 137 50
104 137 50
103 137 50
102 137 50
101 137 50
100 137 50
99 137 50
98 137 50
97 137 50
96 137 50
95 137 50
95 137 50
94 137 50
94 137 50
93 137 50
93 137 50
93 137 50
92 137 50
92 137 50
92 137 50
92 137 50
91 137 50
91 137 50
91 137 50
91 137 50
91 137 50
90 137 50
90 137 50
90 137 50
90 137 50
90 137 50
90 137 50
89 137 50
89 137 50
89 137 50
89 137 50
89 137 50
89 137 50
89 137 50
89 137 50
88 137 50
88 137 50
88 137 50
88 137 50
88 137 50
88 137 50
88 137 50
88 137 50
88 137 50
87 137 50
87 137 50
87 137 50
87 137 50
87 137 50
87 137 50
87 137 50
87 137 50
87 137 50
87 137 50
86 137 50
86 137 50
86 137 50
86 137 50
86 137 50
86 137 50
86 137 50
86 137 50
86 137 50
86 137 50
86 137 50
85 137 50
85 137 50
85 137 50
85 137 50
85 137 50
85 137 50
85 137 50
85 137 50
85 137 50
85 137 50
85 137 50
85 137 50
84 137 50
84 137 50
84 137 50
84 137 50
84 137 50
84 137 50
84 137 50
84 137 50
84 137 50
84 137 50
84 137 50
84 137 50
83 137 50
83 137 50
83 137 50
83 137 50
83 137 50
83 137 50
83 137 50
83 137 50
83 137 50
83 137 50
83 137 50
82 137 50
82 137 50
82 137 50
82 137 50
82 137 50
82 137 50
82 137 50
82 137 50
82 137 50
82 137 50
82 137 50
81 137 50
81 137 50
81 137 50
81 137 50
81 137 50
81 137 50
81 137 50
81 137 50
81 137 50
81 137 50
80 137 50
80 137 50
80 137 50
80 137 50
80 137 50
80 137 50
80 137 50
80 137 50
80 137 50
79 137 50
79 137 50
79 137 50
79 137 50
79 137 50
79 137 50
79 137 50
78 137 50
78 137 50
78 137 50
78 137 50
78 137 50
78 137 50
77 137 50
77 137 50
77 137 50
77 137 50
77 137 50
76 137 50
76 137 50
76 137 50
76 137 50
76 137 50
75 137 50
75 137 50
75 137 50
75 137 50
74 137 50
74 137 50
74 137 50
73 137 50
73 137 50
73 137 50
72 137 50
72 137 50
71 137 50
71 137 50
70 137 50
70 137 50
69 137 50
69 137 50
68 137 50
68 137 50
67 137 50
67 137 50
67 138 50
67 138 50
66 138 50
66 138 50
65 138 50
65 138 50
64 138 50
64 138 50
63 138 50
63 138 50
62 138 50
62 138 50
61 138 50
61 138 50
61 139 50
61 139 50
61 140 50
61 140 50
61 141 50
61 141 50
61 142 50
61 142 50
61 143 50
61 143 50
61 144 50
61 145 50
61 146 50
61 147 50
61 148 50
61 149 50
61 150 50
61 151 50
61 152 50
61 153 50
61 154 50
61 155 50
61 156 50
61 157 50
61 158 50
61 159 50
61 160 50
61 161 50
61 162 50
61 163 50
61 164 50
61 165 50
61 166 50
61 167 50
61 168 50
61 169 50
61 170 50
61 171 50
61 172 50
61 172 50
16 103 50
17 103 50
18 103 50
19 103 50
20 103 50
21 103 50
22 103 50
23 103 50
24 103 50
25 103 50
26 103 50
27 103 50
27 103 50
28 103 50
28 103 50
29 103 50
29 103 50
29 103 50
30 103 50
30 103 50
30 103 50
31 103 50
31 103 50
31 103 50
31 103 50
32 103 50
32 103 50
32 103 50
32 103 50
32 103 50
33 103 50
33 103 50
33 103 50
33 103 50
33 103 50
33 103 50
34 103 50
34 103 50
34 103 50
34 103 50
34 103 50
34 103 50
34 103 50
34 103 50
35 103 50
35 103 50
35 103 50
35 103 50
35 103 50
35 103 50
35 103 50
35 103 50
35 103 50
36 103 50
36 103 50
36 103 50
36 103 50
36 103 50
36 103 50
36 103 50
36 103 50
36 103 50
36 103 50
36 103 50
36 103 50
37 103 50
37 103 50
37 103 50
37 103 50
37 103 50
37 103 50
37 103 50
37 103 50
37 103 50
37 103 50
37 103 50
37 103 50
37 103 50
37 103 50
38 103 50
38 103 50
38 103 50
38 103 50
38 103 50
38 103 50
38 103 50
38 103 50
38 103 50
38 103 50
38 103 50
38 103 50
38 103 50
38 103 50
38 103 50
38 103 50
38 103 50
38 103 50
39 103 50
39 103 50
39 103 50
39 103 50
39 103 50
39 103 50
39 103 50
39 103 50
39 103 50
39 103 50
39 103 50
39 103 50
39 103 50
39 103 50
39 103 50
39 103 50
39 103 50
39 103 50
39 103 50
39 103 50
39 103 50
39 103 50
40 103 50
40 103 50
40 103 50
40 103 50
40 103 50
40 103 50
40 103 50
40 103 50
40 103 50
40 103 50
40 103 50
40 103 50
40 103 50
40 103 50
40 103 50
40 103 50
40 103 50
40 103 50
40 103 50
40 103 50
40 103 50
40 103 50
40 103 50
40 103 50
40 103 50
40 103 50
40 103 50
40 103 50
41 103 50
41 103 50
41 103 50
41 103 50
41 103 50
41 103 50
41 103 50
41 103 50
41 103 50
41 103 50
41 103 50
41 103 50
41 103 50
41 103 50
41 103 50
41 103 50
41 103 50
41 103 50
41 103 50
41 103 50
41 103 50
41 103 50
41 103 50
41 103 50
41 103 50
41 103 50
41 103 50
41 103 50
41 103 50
41 103 50
41 103 50
41 103 50
41 103 50
42 103 50
42 103 50
42 103 50
42 103 50
42 103 50
42 103 50
42 103 50
42 103 50
42 103 50
42 103 50
42 103 50
42 103 50
42 103 50
42 103 50
42 103 50
42 103 50
42 103 50
42 103 50
42 103 50
42 103 50
42 103 50
42 103 50
42 103 50
42 103 50
42 103 50
42 103 50
42 103 50
42 103 50
42 103 50
42 103 50
42 103 50
42 103 50
42 103 50
42 103 50
42 103 50
42 103 50
42 103 50
42 103 50
42 103 50
43 103 50
43 103 50
43 103 50
43 103 50
43 103 50
43 103 50
43 103 50
43 103 50
43 103 50
43 103 50
43 103 50
43 103 50
43 103 50
43 103 50
43 103 50
43 103 50
43 103 50
43 103 50
43 103 50
43 103 50
43 103 50
43 103 50
43 103 50
43 103 50
43 103 50
43 103 50
43 103 50
43 103 50
43 103 50
43 103 50
43 103 50
43 103 50
43 103 50
43 103 50
43 103 50
43 103 50
43 103 50
43 103 50
43 103 50
43 103 50
43 103 50
43 103 50
43 103 50
43 103 50
44 103 50
44 103 50
44 103 50
44 103 50
44 103 50
44 103 50
44 103 50
44 103 50
44 103 50
44 103 50
44 103 50
44 103 50
44 103 50
44 103 50
44 103 50
44 103 50
44 103 50
44 103 50
44 103 50
44 103 50
44 103 50
44 103 50
44 103 50
44 103 50
44 103 50
44 103 50
44 103 50
44 103 50
44 103 50
44 103 50
44 103 50
44 103 50
44 103 50
44 103 50
44 103 50
44 103 50
44 103 50
44 103 50
44 103 50
44 103 50
44 103 50
44 103 50
44 103 50
44 103 50
44 103 50
44 103 50
44 103 50
44 103 50
45 103 50
45 103 50
45 103 50
45 103 50
45 103 50
45 103 50
45 103 50
45 103 50
45 103 50
45 103 50
45 103 50
45 103 50
45 103 50
45 103 50
45 103 50
45 103 50
45 103 50
45 103 50
45 103 50
45 103 50
45 103 50
45 103 50
45 103 50
45 103 50
45 103 50
45 103 50
45 103 50
45 103 50
45 103 50
45 103 50
45 103 50
45 103 50
45 103 50
45 103 50
45 103 50
45 103 50
45 103 50
45 103 50
45 103 50
45 103 50
45 103 50
45 103 50
45 103 50
45 103 50
45 103 50
45 103 50
45 103 50
45 103 50
45 103 50
45 103 50
45 103 50
45 103 50
46 103 50
46 103 50
46 103 50
46 103 50
46 103 50
46 103 50
46 103 50
46 103 50
46 103 50
46 103 50
46 103 50
46 103 50
46 103 50
46 103 50
46 103 50
46 103 50
46 103 50
46 103 50
46 103 50
46 103 50
46 103 50
46 103 50
46 103 50
46 103 50
46 103 50
46 103 50
46 103 50
46 103 50
46 103 50
46 103 50
46 103 50
46 103 50
46 103 50
46 103 50
46 103 50
46 103 50
46 103 50
46 103 50
46 103 50
46 103 50
46 103 50
46 103 50
46 103 50
46 103 50
46 103 50
46 103 50
46 103 50
46 103 50
46 103 50
46 103 50
46 103 50
46 103 50
46 103 50
46 103 50
46 103 50
47 103 50
47 103 50
47 103 50
47 103 50
47 103 50
47 103 50
47 103 50
47 103 50
47 103 50
47 103 50
47 103 50
47 103 50
47 103 50
47 103 50
47 103 50
47 103 50
47 103 50
47 103 50
47 103 50
47 103 50
47 103 50
47 103 50
47 103 50
47 103 50
47 103 50
47 103 50
47 103 50
47 103 50
47 103 50
47 103 50
47 103 50
47 103 50
47 103 50
47 103 50
47 103 50
47 103 50
47 103 50
47 103 50
47 103 50
47 103 50
47 103 50
47 103 50
47 103 50
47 103 50
47 103 50
47 103 50
47 103 50
47 103 50
47 103 50
47 103 50
47 103 50
47 103 50
47 103 50
47 103 50
47 103 50
47 103 50
47 103 50
48 103 50
48 103 50
48 103 50
48 103 50
48 103 50
48 103 50
48 103 50
48 103 50
48 103 50
48 103 50
48 103 50
48 103 50
48 103 50
48 103 50
48 103 50
48 103 50
48 103 50
48 103 50
48 103 50
48 103 50
48 103 50
48 103 50
48 103 50
48 103 50
48 103 50
48 103 50
48 103 50
48 103 50
48 103 50
48 103 50
48 103 50
48 103 50
48 103 50
48 103 50
48 103 50
48 103 50
48 103 50
48 103 50
48 103 50
48 103 50
48 103 50
48 103 50
48 103 50
48 103 50
48 103 50
48 103 50
48 103 50
48 103 50
48 103 50
48 103 50
48 103 50
48 103 50
48 103 50
48 103 50
48 103 50
48 103 50
48 103 50
49 103 50
49 103 50
49 103 50
49 103 50
49 103 50
49 103 50
49 103 50
49 103 50
49 103 50
49 103 50
49 103 50
49 103 50
49 103 50
49 103 50
49 103 50
49 103 50
49 103 50
49 103 50
49 103 50
49 103 50
49 103 50
49 103 50
49 103 50
49 103 50
49 103 50
49 103 50
49 103 50
49 103 50
49 103 50
49 103 50
49 103 50
49 103 50
49 103 50
49 103 50
49 103 50
49 103 50
49 103 50
49 103 50
49 103 50
49 103 50
49 103 50
49 103 50
49 103 50
49 103 50
49 103 50
49 103 50
49 103 50
49 103 50
49 103 50
49 103 50
49 103 50
49 103 50
49 103 50
49 103 50
49 103 50
49 103 50
49 103 50
50 103 50
50 103 50
50 103 50
50 103 50
50 103 50
50 103 50
50 103 50
50 103 50
50 103 50
50 103 50
50 103 50
50 103 50
50 103 50
50 103 50
50 103 50
50 103 50
50 103 50
50 103 50
50 103 50
50 103 50
50 103 50
50 103 50
50 103 50
50 103 50
50 103 50
50 103 50
50 103 50
50 103 50
50 103 50
50 103 50
50 103 50
50 103 50
50 103 50
50 103 50
50 103 50
50 103 50
50 103 50
50 103 50
50 103 50
50 103 50
50 103 50
50 103 50
50 103 50
50 103 50
50 103 50
50 103 50
50 103 50
50 103 50
50 103 50
50 103 50
50 103 50
50 103 50
50 103 50
50 103 50
50 103 50
50 103 50
51 103 50
51 103 50
51 103 50
51 103 50
51 103 50
51 103 50
51 103 50
51 103 50
51 103 50
51 103 50
51 103 50
51 103 50
51 103 50
51 103 50
51 103 50
51 103 50
51 103 50
51 103 50
51 103 50
51 103 50
51 103 50
51 103 50
51 103 50
51 103 50
51 103 50
51 103 50
51 103 50
51 103 50
51 103 50
51 103 50
51 103 50
51 103 50
51 103 50
51 103 50
51 103 50
51 103 50
51 103 50
51 103 50
51 103 50
51 103 50
51 103 50
51 103 50
51 103 50
51 103 50
51 103 50
51 103 50
51 103 50
51 103 50
51 103 50
51 103 50
51 103 50
51 103 50
51 103 50
52 103 50
52 103 50
52 103 50
52 103 50
52 103 50
52 103 50
52 103 50
52 103 50
52 103 50
52 103 50
52 103 50
52 103 50
52 103 50
52 103 50
52 103 50
52 103 50
52 103 50
52 103 50
52 103 50
52 103 50
52 103 50
52 103 50
52 103 50
52 103 50
52 103 50
52 103 50
52 103 50
52 103 50
52 103 50
52 103 50
52 103 50
52 103 50
52 103 50
52 103 50
52 103 50
52 103 50
52 103 50
52 103 50
52 103 50
52 103 50
52 103 50
52 103 50
52 103 50
52 103 50
52 103 50
52 103 50
52 103 50
52 103 50
52 103 50
52 103 50
53 103 50
53 103 50
53 103 50
53 103 50
53 103 50
53 103 50
53 103 50
53 103 50
53 103 50
53 103 50
53 103 50
53 103 50
53 103 50
53 103 50
53 103 50
53 103 50
53 103 50
53 103 50
53 103 50
53 103 50
53 103 50
53 103 50
53 103 50
53 103 50
53 103 50
53 103 50
53 103 50
53 103 50
53 103 50
53 103 50
53 103 50
53 103 50
53 103 50
53 103 50
53 103 50
53 103 50
53 103 50
53 103 50
53 103 50
53 103 50
53 103 50
53 103 50
53 103 50
53 103 50
53 103 50
53 103 50
54 103 50
54 103 50
54 103 50
54 103 50
54 103 50
54 103 50
54 103 50
54 103 50
54 103 50
54 103 50
54 103 50
54 103 50
54 103 50
54 103 50
54 103 50
54 103 50
54 103 50
54 103 50
54 103 50
54 103 50
54 103 50
54 103 50
54 103 50
54 103 50
54 103 50
54 103 50
54 103 50
54 103 50
54 103 50
54 103 50
54 103 50
54 103 50
54 103 50
54 103 50
54 103 50
54 103 50
54 103 50
54 103 50
54 103 50
54 103 50
54 103 50
55 103 50
55 103 50
55 103 50
55 103 50
55 103 50
55 103 50
55 103 50
55 103 50
55 103 50
55 103 50
55 103 50
55 103 50
55 103 50
55 103 50
55 103 50
55 103 50
55 103 50
55 103 50
55 103 50
55 103 50
55 103 50
55 103 50
55 103 50
55 103 50
55 103 50
55 103 50
55 103 50
55 103 50
55 103 50
55 103 50
55 103 50
55 103 50
55 103 50
55 103 50
55 103 50
55 103 50
56 103 50
56 103 50
56 103 50
56 103 50
56 103 50
56 103 50
56 103 50
56 103 50
56 103 50
56 103 50
56 103 50
56 103 50
56 103 50
56 103 50
56 103 50
56 103 50
56 103 50
56 103 50
56 103 50
56 103 50
56 103 50
56 103 50
56 103 50
56 103 50
56 103 50
56 103 50
56 103 50
56 103 50
56 103 50
56 103 50
56 103 50
57 103 50
57 103 50
57 103 50
57 103 50
57 103 50
57 103 50
57 103 50
57 103 50
57 103 50
57 103 50
57 103 50
57 103 50
57 103 50
57 103 50
57 103 50
57 103 50
57 103 50
57 103 50
57 103 50
57 103 50
57 103 50
57 103 50
57 103 50
57 103 50
57 103 50
57 103 50
58 103 50
58 103 50
58 103 50
58 103 50
58 103 50
58 103 50
58 103 50
58 103 50
58 103 50
58 103 50
58 103 50
58 103 50
58 103 50
58 103 50
58 103 50
58 103 50
58 103 50
58 103 50
58 103 50
58 103 50
58 103 50
58 103 50
59 103 50
59 103 50
59 103 50
59 103 50
59 103 50
59 103 50
59 103 50
59 103 50
59 103 50
59 103 50
59 103 50
59 103 50
59 103 50
59 103 50
59 103 50
59 103 50
59 103 50
59 103 50
59 103 50
60 103 50
60 103 50
60 103 50
60 103 50
60 103 50
60 103 50
60 103 50
60 103 50
60 103 50
60 103 50
60 103 50
60 103 50
60 103 50
60 103 50
60 103 50
60 103 50
61 103 50
61 103 50
61 103 50
61 103 50
61 103 50
61 103 50
61 103 50
61 103 50
61 103 50
61 103 50
61 103 50
61 103 50
61 103 50
62 103 50
62 103 50
62 103 50
62 103 50
62 103 50
62 103 50
62 103 50
62 103 50
62 103 50
62 103 50
63 103 50
63 103 50
63 103 50
63 103 50
63 103 50
63 103 50
63 103 50
64 103 50
64 103 50
64 103 50
64 103 50
64 103 50
65 103 50
65 103 50
65 103 50
66 103 50
66 103 50
67 103 50
68 103 50
69 103 50
70 103 50
71 103 50
72 103 50
73 103 50
74 103 50
75 103 50
76 103 50
77 103 50
78 103 50
79 103 50
80 103 50
81 103 50
82 103 50
83 103 50
83 102 50
83 101 50
83 100 50
83 99 50
83 98 50
83 97 50
144 158 50
145 158 50
146 158 50
147 158 50
148 158 50
149 158 50
150 158 50
151 158 50
152 158 50
153 158 50
154 158 50
155 158 50
156 158 50
157 158 50
157 158 50
158 158 50
158 158 50
158 158 50
159 158 50
159 158 50
159 158 50
159 158 50
160 158 50
160 158 50
160 158 50
160 158 50
160 158 50
160 158 50
161 158 50
161 158 50
161 158 50
161 158 50
161 158 50
161 158 50
161 158 50
161 158 50
162 158 50
162 158 50
162 158 50
162 158 50
162 158 50
162 158 50
162 158 50
162 158 50
162 158 50
162 158 50
162 158 50
163 158 50
163 158 50
163 158 50
163 158 50
163 158 50
163 158 50
163 158 50
163 158 50
163 158 50
163 158 50
163 158 50
163 158 50
163 158 50
163 158 50
163 158 50
164 158 50
164 158 50
164 158 50
164 158 50
164 158 50
164 158 50
164 158 50
164 158 50
164 158 50
164 158 50
164 158 50
164 158 50
164 158 50
164 158 50
164 158 50
164 158 50
164 158 50
164 158 50
165 158 50
165 158 50
165 158 50
165 158 50
165 158 50
165 158 50
165 158 50
165 158 50
165 158 50
165 158 50
165 158 50
165 158 50
165 158 50
165 158 50
165 158 50
165 158 50
165 158 50
165 158 50
165 158 50
165 158 50
165 158 50
166 158 50
166 158 50
166 158 50
166 158 50
166 158 50
166 158 50
166 158 50
166 158 50
166 158 50
166 158 50
166 158 50
166 158 50
166 158 50
166 158 50
166 158 50
166 158 50
166 158 50
166 158 50
166 158 50
166 158 50
166 158 50
166 158 50
166 158 50
166 158 50
167 158 50
167 158 50
167 158 50
167 158 50
167 158 50
167 158 50
167 158 50
167 158 50
167 158 50
167 158 50
167 158 50
167 158 50
167 158 50
167 158 50
167 158 50
167 158 50
167 158 50
167 158 50
167 158 50
167 158 50
167 158 50
167 158 50
167 158 50
167 158 50
167 158 50
167 158 50
168 158 50
168 158 50
168 158 50
168 158 50
168 158 50
168 158 50
168 158 50
168 158 50
168 158 50
168 158 50
168 158 50
168 158 50
168 158 50
168 158 50
168 158 50
168 158 50
168 158 50
168 158 50
168 158 50
168 158 50
168 158 50
168 158 50
168 158 50
168 158 50
168 158 50
168 158 50
168 158 50
169 158 50
169 158 50
169 158 50
169 158 50
169 158 50
169 158 50
169 158 50
169 158 50
169 158 50
169 158 50
169 158 50
169 158 50
169 158 50
169 158 50
169 158 50
169 158 50
169 158 50
169 158 50
169 158 50
169 158 50
169 158 50
169 158 50
169 158 50
169 158 50
169 158 50
169 158 50
169 158 50
170 158 50
170 158 50
170 158 50
170 158 50
170 158 50
170 158 50
170 158 50
170 158 50
170 158 50
170 158 50
170 158 50
170 158 50
170 158 50
170 158 50
170 158 50
170 158 50
170 158 50
170 158 50
170 158 50
170 158 50
170 158 50
170 158 50
170 158 50
170 158 50
170 158 50
170 158 50
170 158 50
171 158 50
171 158 50
171 158 50
171 158 50
171 158 50
171 158 50
171 158 50
171 158 50
171 158 50
171 158 50
171 158 50
171 158 50
171 158 50
171 158 50
171 158 50
171 158 50
171 158 50
171 158 50
171 158 50
171 158 50
171 158 50
171 158 50
171 158 50
171 158 50
171 158 50
171 158 50
171 158 50
172 158 50
172 158 50
172 158 50
172 158 50
172 158 50
172 158 50
172 158 50
172 158 50
172 158 50
172 158 50
172 158 50
172 158 50
172 158 50
172 158 50
172 158 50
172 158 50
172 158 50
172 158 50
172 158 50
172 158 50
172 158 50
172 158 50
172 158 50
172 158 50
172 158 50
172 158 50
173 158 50
173 158 50
173 158 50
173 158 50
173 158 50
173 158 50
173 158 50
173 158 50
173 158 50
173 158 50
173 158 50
173 158 50
173 158 50
173 158 50
173 158 50
173 158 50
173 158 50
173 158 50
173 158 50
173 158 50
173 158 50
173 158 50
173 158 50
173 158 50
173 158 50
174 158 50
174 158 50
174 158 50
174 158 50
174 158 50
174 158 50
174 158 50
174 158 50
174 158 50
174 158 50
174 158 50
174 158 50
174 158 50
174 158 50
174 158 50
174 158 50
174 158 50
174 158 50
174 158 50
174 158 50
174 158 50
174 158 50
174 158 50
175 158 50
175 158 50
175 158 50
175 158 50
175 158 50
175 158 50
175 158 50
175 158 50
175 158 50
175 158 50
175 158 50
175 158 50
175 158 50
175 158 50
175 158 50
175 158 50
175 158 50
175 158 50
175 158 50
175 158 50
175 158 50
176 158 50
176 158 50
176 158 50
176 158 50
176 158 50
176 158 50
176 158 50
176 158 50
176 158 50
176 158 50
176 158 50
176 158 50
176 158 50
176 158 50
176 158 50
176 158 50
176 158 50
176 158 50
177 158 50
177 158 50
177 158 50
177 158 50
177 158 50
177 158 50
177 158 50
177 158 50
177 158 50
177 158 50
177 158 50
177 158 50
177 158 50
177 158 50
177 158 50
178 158 50
178 158 50
178 158 50
178 158 50
178 158 50
178 158 50
178 158 50
178 158 50
178 158 50
178 158 50
178 158 50
178 158 50
179 158 50
179 158 50
179 158 50
179 158 50
179 158 50
179 158 50
179 158 50
179 158 50
179 158 50
179 158 50
180 158 50
180 158 50
180 158 50
180 158 50
180 158 50
180 158 50
180 158 50
180 158 50
181 158 50
181 158 50
181 158 50
181 158 50
181 158 50
181 158 50
181 158 50
182 158 50
182 158 50
182 158 50
182 158 50
182 158 50
182 158 50
183 158 50
183 158 50
183 158 50
183 158 50
183 158 50
184 158 50
184 158 50
184 158 50
184 158 50
184 158 50
185 158 50
185 158 50
185 158 50
185 158 50
185 158 50
186 158 50
186 158 50
186 158 50
186 158 50
187 158 50
187 158 50
187 158 50
187 158 50
187 159 150
187 159 50
187 159 50
187 159 50
187 159 50
187 160 50
187 160 50
187 160 50
187 160 50
187 160 50
187 160 50
187 160 50
187 160 50
187 160 50
187 160 50
187 161 50
187 161 50
187 161 50
187 161 50
187 161 50
187 161 50
187 161 50
187 161 50
187 161 50
187 161 50
187 161 50
187 161 50
187 161 50
187 161 50
187 162 50
187 162 50
187 162 50
187 162 50
187 162 50
187 162 50
187 162 50
187 162 50
187 162 50
187 162 50
187 162 50
187 162 50
187 162 50
187 162 50
187 162 50
187 162 50
187 162 50
187 162 50
187 162 50
187 163 50
187 163 50
187 163 50
187 163 50
187 163 50
187 163 50
187 163 50
187 163 50
187 163 50
187 163 50
187 163 50
187 163 50
187 163 50
187 163 50
187 163 50
187 163 50
187 163 50
187 163 50
187 163 50
187 163 50
187 163 50
187 163 50
187 163 50
187 163 50
187 163 50
187 164 50
187 164 50
187 164 50
187 164 50
187 164 50
187 164 50
187 164 50
187 164 50
187 164 50
187 164 50
187 164 50
187 164 50
187 164 50
187 164 50
187 164 50
187 164 50
187 164 50
187 164 50
187 164 50
187 164 50
187 164 50
187 164 50
187 164 50
187 164 50
187 164 50
187 164 50
187 164 50
187 164 50
187 164 50
187 164 50
187 164 50
187 165 50
187 165 50
187 165 50
187 165 50
187 165 50
187 165 50
187 165 50
187 165 50
187 165 50
187 165 50
187 165 50
187 165 50
187 165 50
187 165 50
187 165 50
187 165 50
187 165 50
187 165 50
187 165 50
187 165 50
187 165 50
187 165 50
187 165 50
187 165 50
187 165 50
187 165 50
187 165 50
187 165 50
187 165 50
187 165 50
187 165 50
187 165 50
187 165 50
187 165 50
187 165 50
187 165 50
187 166 50
187 166 50
187 166 50
187 166 50
187 166 50
187 166 50
187 166 50
187 166 50
187 166 50
187 166 50
187 166 50
187 166 50
187 166 50
187 166 50
187 166 50
187 166 50
187 166 50
187 166 50
187 166 50
187 166 50
187 166 50
187 166 50
187 166 50
187 166 50
187 166 50
187 166 50
187 166 50
187 166 50
187 166 50
187 166 50
187 166 50
187 166 50
187 166 50
187 166 50
187 166 50
187 166 50
187 166 50
187 166 50
187 166 50
187 166 50
187 167 50
187 167 50
187 167 50
187 167 50
187 167 50
187 167 50
187 167 50
187 167 50
187 167 50
187 167 50
187 167 50
187 167 50
187 167 50
187 167 50
187 167 50
187 167 50
187 167 50
187 167 50
187 167 50
187 167 50
187 167 50
187 167 50
187 167 50
187 167 50
187 167 50
187 167 50
187 167 50
187 167 50
187 167 50
187 167 50
187 167 50
187 167 50
187 167 50
187 167 50
187 167 50
187 167 50
187 167 50
187 167 50
187 167 50
187 167 50
187 167 50
187 167 50
187 168 50
187 168 50
187 168 50
187 168 50
187 168 50
187 168 50
187 168 50
187 168 50
187 168 50
187 168 50
187 168 50
187 168 50
187 168 50
187 168 50
187 168 50
187 168 50
187 168 50
187 168 50
187 168 50
187 168 50
187 168 50
187 168 50
187 168 50
187 168 50
187 168 50
187 168 50
187 168 50
187 168 50
187 168 50
187 168 50
187 168 50
187 168 50
187 168 50
187 168 50
187 168 50
187 168 50
187 168 50
187 168 50
187 168 50
187 168 50
187 168 50
187 168 50
187 168 50
187 169 50
187 169 50
187 169 50
187 169 50
187 169 50
187 169 50
187 169 50
187 169 50
187 169 50
187 169 50
187 169 50
187 169 50
187 169 50
187 169 50
187 169 50
187 169 50
187 169 50
187 169 50
187 169 50
187 169 50
187 169 50
187 169 50
187 169 50
187 169 50
187 169 50
187 169 50
187 169 50
187 169 50
187 169 50
187 169 50
187 169 50
187 169 50
187 169 50
187 169 50
187 169 50
187 169 50
187 169 50
187 169 50
187 169 50
187 169 50
187 169 50
187 170 50
187 170 50
187 170 50
187 170 50
187 170 50
187 170 50
187 170 50
187 170 50
187 170 50
187 170 50
187 170 50
187 170 50
187 170 50
187 170 50
187 170 50
187 170 50
187 170 50
187 170 50
187 170 50
187 170 50
187 170 50
187 170 50
187 170 50
187 170 50
187 170 50
187 170 50
187 170 50
187 170 50
187 170 50
187 170 50
187 170 50
187 170 50
187 170 50
187 170 50
187 170 50
187 170 50
187 170 50
187 171 50
187 171 50
187 171 50
187 171 50
187 171 50
187 171 50
187 171 50
187 171 50
187 171 50
187 171 50
187 171 50
187 171 50
187 171 50
187 171 50
187 171 50
187 171 50
187 171 50
187 171 50
187 171 50
187 171 50
187 171 50
187 171 50
187 171 50
187 171 50
187 171 50
187 171 50
187 171 50
187 171 50
187 171 50
187 171 50
187 171 50
187 171 50
187 172 50
187 172 50
187 172 50
187 172 50
187 172 50
187 172 50
187 172 50
187 172 50
187 172 50
187 172 50
187 172 50
187 172 50
187 172 50
187 172 50
187 172 50
187 172 50
187 172 50
187 172 50
187 172 50
187 172 50
187 172 50
187 172 50
187 172 50
187 172 50
187 172 50
187 172 50
187 172 50
187 173 50
187 173 50
187 173 50
187 173 50
187 173 50
187 173 50
187 173 50
187 173 50
187 173 50
187 173 50
187 173 50
187 173 50
187 173 50
187 173 50
187 173 50
187 173 50
187 173 50
187 173 50
187 173 50
187 173 50
187 173 50
187 174 50
187 174 50
187 174 50
187 174 50
187 174 50
187 174 50
187 174 50
187 174 50
187 174 50
187 174 50
187 174 50
187 174 50
187 174 50
187 174 50
187 174 50
187 174 50
187 175 50
187 175 50
187 175 50
187 175 50
187 175 50
187 175 50
187 175 50
187 175 50
187 175 50
187 175 50
187 175 50
187 175 50
187 176 50
187 176 50
187 176 50
187 176 50
187 176 50
187 176 50
187 176 50
187 176 50
187 177 50
187 177 50
187 177 50
187 177 50
187 177 50
187 177 50
187 178 50
187 178 50
187 178 50
187 178 50
187 179 50
187 179 50
187 180 50
187 180 50
187 181 50
187 182 50
187 183 50
187 184 50
187 185 50
187 186 50
187 187 50
187 188 50
187 189 50
187 190 50
187 191 50
187 192 50
187 193 50
187 194 50
187 195 50
187 196 50
187 197 50
