46 40 120
47 40 120
48 40 120
49 40 120
50 40 120
51 40 120
52 40 120
53 40 120
54 40 120
55 40 120
56 40 120
57 40 120
58 40 120
59 40 120
60 40 120
61 40 120
62 40 120
63 40 120
64 40 120
65 40 120
66 40 120
67 40 120
68 40 120
69 40 120
70 40 120
71 40 120
72 40 120
73 40 120
74 40 120
75 40 120
76 40 120
77 40 120
78 40 120
79 40 120
80 40 120
80 40 120
81 40 120
81 40 120
82 40 120
82 40 120
82 40 120
83 40 240
83 40 120
83 40 120
84 40 360
84 40 120
85 40 360
85 40 120
85 40 120
85 41 480
85 41 120
85 41 120
85 41 120
85 42 720
85 42 120
85 42 120
85 42 120
85 43 960
85 43 120
85 43 120
85 43 120
85 43 120
85 44 1320
85 44 120
85 44 120
85 44 120
85 44 120
85 45 1680
85 45 120
85 45 120
85 45 120
85 45 120
85 45 120
85 46 2160
85 46 120
85 46 120
85 46 120
85 46 120
85 47 2520
85 47 120
85 47 120
85 47 120
85 47 120
85 48 2880
85 48 120
85 48 120
85 49 3000
85 49 120
85 49 120
85 49 120
85 50 3240
85 50 120
85 51 3240
85 51 120
85 52 3240
85 52 120
85 53 3240
85 54 3240
85 55 3240
85 56 120
85 56 120
85 56 120
85 56 120
85 56 120
85 56 120
85 56 120
85 56 120
85 56 120
85 56 120
85 56 120
85 56 120
85 56 120
85 56 120
85 56 120
85 56 120
85 56 120
85 56 120
85 56 120
85 56 120
85 56 120
85 56 120
85 56 120
85 56 120
85 57 2760
85 58 2760
85 59 2760
85 60 120
85 60 120
85 60 120
85 60 120
85 60 120
85 60 120
85 60 120
85 60 120
85 60 120
85 60 120
85 60 120
85 60 120
85 60 120
85 60 120
85 60 120
85 60 120
85 60 120
85 60 120
85 60 120
85 60 120
85 60 120
85 61 2400
85 62 2400
85 63 2400
85 64 120
85 64 120
85 64 120
85 64 120
85 64 120
85 64 120
85 64 120
85 64 120
85 64 120
85 64 120
85 64 120
85 64 120
85 64 120
85 64 120
85 65 1560
85 66 1560
85 67 1560
85 68 120
85 68 120
85 68 120
85 69 240
85 70 240
85 71 240
85 72 120
85 73 120
85 74 120
85 75 120
85 76 120
85 77 120
85 78 120
85 79 120
85 80 120
85 81 120
101 31 120
102 31 120
103 31 120
104 31 120
105 31 120
106 31 120
107 31 120
108 31 120
109 31 120
109 31 120
110 31 120
110 31 120
111 31 120
111 31 120
111 31 120
112 31 240
112 31 120
113 31 240
113 31 120
113 31 120
114 31 360
114 31 120
114 31 120
115 31 480
115 31 120
116 31 480
116 31 120
116 31 120
117 31 600
117 31 120
118 31 600
118 31 120
119 31 600
119 31 120
120 31 600
120 31 120
121 31 600
121 31 120
122 31 600
122 31 120
123 31 600
123 31 120
124 31 600
125 31 600
126 31 600
127 31 120
127 31 120
127 31 120
127 31 120
128 31 360
129 31 360
130 31 360
131 31 120
131 31 120
132 31 120
132 31 120
133 31 120
133 31 120
133 32 120
133 32 120
133 33 120
133 34 120
133 35 120
133 36 120
133 37 120
133 38 120
133 39 120
133 40 120
133 41 120
133 42 120
133 43 120
133 44 120
166 5 120
165 5 120
164 5 120
163 5 120
162 5 120
161 5 120
160 5 120
159 5 120
158 5 120
157 5 120
156 5 120
155 5 120
154 5 120
153 5 120
152 5 120
151 5 120
150 5 120
149 5 120
148 5 120
148 5 120
147 5 120
147 5 120
147 5 120
146 5 240
146 5 120
146 5 120
145 5 360
145 5 120
145 5 120
145 5 120
144 5 600
144 5 120
144 5 120
144 5 120
144 5 120
143 5 960
143 5 120
143 5 120
143 5 120
143 5 120
142 5 1320
142 5 120
142 5 120
142 5 120
141 5 1560
141 5 120
141 5 120
140 5 1680
140 5 120
140 5 120
139 5 1800
139 5 120
138 5 1800
137 5 1800
136 5 1800
135 5 120
135 5 120
135 5 120
135 5 120
135 5 120
135 5 120
135 5 120
135 5 120
135 5 120
135 5 120
134 5 1080
133 5 1080
133 6 1080
133 7 120
133 7 120
133 7 120
133 7 120
133 8 360
133 9 360
133 10 360
133 11 120
133 12 120
133 13 120
133 14 120
133 15 120
133 16 120
133 17 120
133 18 120
133 19 120
133 20 120
133 21 120
133 22 120
133 23 120
133 24 120
133 25 120
133 26 120
133 27 120
133 28 120
133 29 120
133 29 120
133 30 120
133 30 120
191 195 120
190 195 120
189 195 120
188 195 120
187 195 120
186 195 120
185 195 120
184 195 120
183 195 120
182 195 120
181 195 120
180 195 120
179 195 120
178 195 120
177 195 120
176 195 120
175 195 120
174 195 120
173 195 120
172 195 120
171 195 120
170 195 120
169 195 120
168 195 120
167 195 120
166 195 120
166 195 120
165 195 120
165 195 120
164 195 120
164 195 120
164 195 120
163 195 240
163 195 120
163 195 120
162 195 360
162 195 120
161 195 360
161 195 120
161 195 120
160 195 480
160 195 120
159 195 480
159 195 120
158 195 480
157 195 480
156 195 480
155 195 120
155 195 120
155 195 120
155 195 120
154 195 360
154 195 120
153 195 360
153 195 120
152 195 360
152 195 120
152 195 120
152 194 480
152 194 120
152 193 480
152 193 120
152 193 120
152 192 600
152 192 120
152 191 600
152 191 120
152 191 120
152 190 720
152 189 720
152 188 720
152 187 120
152 187 120
152 187 120
152 187 120
152 186 360
152 185 360
152 184 360
152 183 120
152 182 120
152 181 120
152 180 120
152 179 120
152 178 120
152 177 120
152 176 120
152 175 120
152 174 120
152 173 120
152 172 120
152 171 120
152 170 120
152 169 120
152 168 120
152 167 120
152 166 120
152 165 120
152 164 120
152 163 120
152 162 120
152 161 120
152 161 120
152 160 120
152 160 120
152 159 120
152 159 120
152 158 120
152 158 120
152 157 120
152 157 120
152 156 120
152 156 120
152 155 120
152 155 120
152 154 120
152 154 120
152 153 120
152 152 120
152 151 120
152 150 120
152 149 120
152 148 120
152 147 120
152 146 120
152 145 120
152 144 120
152 143 120
152 142 120
152 141 120
152 140 120
152 139 120
152 138 120
152 137 120
152 136 120
152 135 120
152 134 120
152 133 120
152 132 120
152 131 120
151 195 120
151 195 120
151 195 120
151 195 120
151 195 120
150 195 480
150 195 120
149 195 480
149 195 120
149 195 120
148 195 600
148 195 120
147 195 600
147 195 120
146 195 600
146 195 120
145 195 600
145 195 120
144 195 600
144 195 120
143 195 600
142 195 600
141 195 600
140 195 120
140 195 120
140 195 120
140 195 120
139 195 360
138 195 360
137 195 360
136 195 120
136 195 120
135 195 120
135 195 120
134 195 120
134 195 120
133 195 120
133 195 120
132 195 120
132 195 120
131 195 120
131 195 120
130 195 120
130 195 120
129 195 120
129 195 120
128 195 120
128 195 120
127 195 120
127 195 120
126 195 120
126 195 120
125 195 120
125 195 120
125 195 120
124 195 240
124 195 120
123 195 240
123 195 120
123 194 240
123 193 240
123 192 240
123 191 120
123 190 120
123 189 120
123 188 120
123 187 120
122 187 120
121 187 120
120 187 120
119 187 120
118 187 120
117 187 120
116 187 120
115 187 120
114 187 120
113 187 120
112 187 120
111 187 120
110 187 120
109 187 120
109 187 120
108 187 120
108 187 120
107 187 120
107 187 120
106 187 120
106 187 120
105 187 120
105 187 120
105 187 120
104 187 240
104 187 120
103 187 240
103 187 120
102 187 240
101 187 240
100 187 240
99 187 120
99 187 120
98 187 120
97 187 120
96 187 120
95 187 120
94 187 120
93 187 120
92 187 120
91 187 120
90 187 120
89 187 120
88 187 120
87 187 120
86 187 120
85 187 120
84 187 120
83 187 120
82 187 120
81 187 120
80 187 120
79 187 120
78 187 120
77 187 120
76 187 120
76 187 120
75 187 120
75 187 120
74 187 120
74 187 120
74 187 120
73 187 240
73 187 120
72 187 240
72 187 120
71 187 240
71 187 120
71 187 120
70 187 360
70 187 120
69 187 360
69 187 120
68 187 360
67 187 360
66 187 360
65 187 120
65 187 120
64 187 120
63 187 120
62 187 120
61 187 120
60 187 120
59 187 120
58 187 120
58 188 120
58 189 120
58 190 120
58 191 120
58 192 120
58 193 120
58 194 120
58 195 120
58 196 120
58 197 120
57 197 120
56 197 120
55 197 120
54 197 120
53 197 120
52 197 120
51 197 120
50 197 120
49 197 120
48 197 120
47 197 120
46 197 120
45 197 120
44 197 120
43 197 120
42 197 120
41 197 120
40 197 120
39 197 120
38 197 120
37 197 120
37 197 120
36 197 120
36 197 120
35 197 120
35 197 120
35 196 120
35 196 120
35 195 120
35 195 120
35 194 120
35 194 120
35 193 120
35 193 120
35 192 120
35 192 120
35 191 120
35 191 120
35 190 120
35 190 120
35 189 120
35 189 120
35 188 120
35 187 120
35 186 120
35 185 120
35 184 120
35 183 120
35 183 120
35 182 120
35 182 120
35 181 120
35 181 120
35 180 120
35 180 120
35 180 120
35 179 240
35 179 120
35 179 120
35 178 360
35 178 120
35 178 120
35 177 480
35 177 120
35 177 120
35 177 120
35 176 720
35 176 120
35 176 120
35 176 120
35 175 960
35 175 120
35 175 120
35 175 120
35 174 1200
35 174 120
35 174 120
35 174 120
35 174 120
35 173 1560
35 173 120
35 173 120
35 173 120
35 172 1800
35 172 120
35 172 120
35 171 1920
35 171 120
35 171 120
35 171 120
35 170 2160
35 170 120
35 170 120
35 169 2280
35 169 120
35 168 2280
35 168 120
35 167 2280
35 166 2280
35 165 2280
35 164 120
35 164 120
35 164 120
35 164 120
35 164 120
35 164 120
35 164 120
35 164 120
35 164 120
35 164 120
35 164 120
35 164 120
35 164 120
35 164 120
35 164 120
35 164 120
35 164 120
35 163 1920
35 163 120
35 162 1920
35 161 1920
35 160 1920
35 159 120
35 159 120
35 159 120
35 159 120
35 159 120
35 159 120
35 159 120
35 159 120
35 159 120
35 159 120
35 159 120
35 159 120
35 159 120
35 158 1440
35 157 1440
35 156 1440
35 155 120
35 155 120
35 155 120
35 155 120
35 155 120
35 155 120
35 155 120
35 155 120
35 154 840
35 153 840
35 152 840
35 151 120
35 151 120
35 151 120
35 151 120
35 150 360
35 149 360
35 148 360
35 147 120
35 147 120
35 146 120
35 145 120
34 145 120
33 145 120
32 145 120
31 145 120
30 145 120
29 145 120
28 145 120
28 145 120
27 145 120
27 145 120
26 145 120
26 145 120
25 145 120
25 145 120
24 145 120
24 145 120
24 145 120
23 145 240
23 145 120
22 145 240
22 145 120
21 145 240
21 145 120
21 145 120
20 145 360
20 145 120
19 145 360
19 145 120
18 145 360
17 145 360
16 145 360
15 145 120
15 145 120
14 145 120
14 145 120
13 145 120
13 145 120
12 145 120
12 145 120
11 145 120
11 145 120
10 145 120
10 145 120
9 145 120
9 145 120
9 145 120
8 145 240
8 145 120
7 145 240
7 145 120
7 145 120
6 145 360
6 145 120
6 145 120
5 145 480
5 145 120
4 145 480
4 145 120
4 145 120
4 146 600
4 146 120
4 147 600
4 147 120
4 148 600
4 148 120
4 149 600
4 149 120
4 150 600
4 151 600
4 152 600
4 153 120
4 153 120
4 153 120
4 154 240
4 155 240
4 156 240
4 157 120
4 158 120
4 159 120
4 160 120
4 161 120
4 162 120
4 163 120
4 164 120
4 165 120
4 166 120
4 167 120
4 168 120
4 169 120
4 170 120
4 171 120
4 172 120
4 173 120
