115 110 50
116 110 50
117 110 50
118 110 50
119 110 50
120 110 50
121 110 50
122 110 50
123 110 50
124 110 50
124 110 50
125 110 50
125 110 50
126 110 50
126 110 50
126 110 50
127 110 50
127 110 50
127 110 50
127 110 50
128 110 50
128 110 50
128 110 50
128 110 50
128 110 50
129 110 50
129 110 50
129 110 50
129 110 50
129 110 50
129 110 50
130 110 50
130 110 50
130 110 50
130 110 50
130 110 50
130 110 50
130 110 50
130 110 50
131 110 50
131 110 50
131 110 50
131 110 50
131 110 50
131 110 50
131 110 50
131 110 50
131 110 50
131 110 50
132 110 50
132 110 50
132 110 50
132 110 50
132 110 50
132 110 50
132 110 50
132 110 50
132 110 50
132 110 50
132 110 50
132 110 50
133 110 50
133 110 50
133 110 50
133 110 50
133 110 50
133 110 50
133 110 50
133 110 50
133 110 50
133 110 50
133 110 50
133 110 50
133 110 50
133 110 50
134 110 50
134 110 50
134 110 50
134 110 50
134 110 50
134 110 50
134 110 50
134 110 50
134 110 50
134 110 50
134 110 50
134 110 50
134 110 50
134 110 50
134 110 50
134 110 50
134 110 50
135 110 50
135 110 50
135 110 50
135 110 50
135 110 50
135 110 50
135 110 50
135 110 50
135 110 50
135 110 50
135 110 50
135 110 50
135 110 50
135 110 50
135 110 50
135 110 50
135 110 50
135 110 50
135 110 50
136 110 50
136 110 50
136 110 50
136 110 50
136 110 50
136 110 50
136 110 50
136 110 50
136 110 50
136 110 50
136 110 50
136 110 50
136 110 50
136 110 50
136 110 50
136 110 50
136 110 50
136 110 50
136 110 50
136 110 50
136 110 50
136 110 50
137 110 50
137 110 50
137 110 50
137 110 50
137 110 50
137 110 50
137 110 50
137 110 50
137 110 50
137 110 50
137 110 50
137 110 50
137 110 50
137 110 50
137 110 50
137 110 50
137 110 50
137 110 50
137 110 50
137 110 50
137 110 50
137 110 50
137 110 50
137 110 50
138 110 50
138 110 50
138 110 50
138 110 50
138 110 50
138 110 50
138 110 50
138 110 50
138 110 50
138 110 50
138 110 50
138 110 50
138 110 50
138 110 50
138 110 50
138 110 50
138 110 50
138 110 50
138 110 50
138 110 50
138 110 50
138 110 50
138 110 50
138 110 50
138 110 50
138 110 50
138 110 50
139 110 50
139 110 50
139 110 50
139 110 50
139 110 50
139 110 50
139 110 50
139 110 50
139 110 50
139 110 50
139 110 50
139 110 50
139 110 50
139 110 50
139 110 50
139 110 50
139 110 50
139 110 50
139 110 50
139 110 50
139 110 50
139 110 50
139 110 50
139 110 50
139 110 50
139 110 50
139 110 50
139 110 50
139 110 50
140 110 50
140 110 50
140 110 50
140 110 50
140 110 50
140 110 50
140 110 50
140 110 50
140 110 50
140 110 50
140 110 50
140 110 50
140 110 50
140 110 50
140 110 50
140 110 50
140 110 50
140 110 50
140 110 50
140 110 50
140 110 50
140 110 50
140 110 50
140 110 50
140 110 50
140 110 50
140 110 50
140 110 50
140 110 50
140 110 50
140 110 50
141 110 50
141 110 50
141 110 50
141 110 50
141 110 50
141 110 50
141 110 50
141 110 50
141 110 50
141 110 50
141 110 50
141 110 50
141 110 50
141 110 50
141 110 50
141 110 50
141 110 50
141 110 50
141 110 50
141 110 50
141 110 50
141 110 50
141 110 50
141 110 50
141 110 50
141 110 50
141 110 50
141 110 50
141 110 50
141 110 50
141 110 50
141 110 50
141 110 50
141 110 50
142 110 50
142 110 50
142 110 50
142 110 50
142 110 50
142 110 50
142 110 50
142 110 50
142 110 50
142 110 50
142 110 50
142 110 50
142 110 50
142 110 50
142 110 50
142 110 50
142 110 50
142 110 50
142 110 50
142 110 50
142 110 50
142 110 50
142 110 50
142 110 50
142 110 50
142 110 50
142 110 50
142 110 50
142 110 50
142 110 50
142 110 50
142 110 50
142 110 50
142 110 50
142 110 50
142 110 50
142 110 50
143 110 50
143 110 50
143 110 50
143 110 50
143 110 50
143 110 50
143 110 50
143 110 50
143 110 50
143 110 50
143 110 50
143 110 50
143 110 50
143 110 50
143 110 50
143 110 50
143 110 50
143 110 50
143 110 50
143 110 50
143 110 50
143 110 50
143 110 50
143 110 50
143 110 50
143 110 50
143 110 50
143 110 50
143 110 50
143 110 50
143 110 50
143 110 50
143 110 50
143 110 50
143 110 50
143 110 50
143 110 50
143 110 50
143 110 50
143 110 50
144 110 50
144 110 50
144 110 50
144 110 50
144 110 50
144 110 50
144 110 50
144 110 50
144 110 50
144 110 50
144 110 50
144 110 50
144 110 50
144 110 50
144 110 50
144 110 50
144 110 50
144 110 50
144 110 50
144 110 50
144 110 50
144 110 50
144 110 50
144 110 50
144 110 50
144 110 50
144 110 50
144 110 50
144 110 50
144 110 50
144 110 50
144 110 50
144 110 50
144 110 50
144 110 50
144 110 50
144 110 50
144 110 50
144 110 50
144 110 50
144 110 50
144 110 50
144 110 50
144 110 50
145 110 50
145 110 50
145 110 50
145 110 50
145 110 50
145 110 50
145 110 50
145 110 50
145 110 50
145 110 50
145 110 50
145 110 50
145 110 50
145 110 50
145 110 50
145 110 50
145 110 50
145 110 50
145 110 50
145 110 50
145 110 50
145 110 50
145 110 50
145 110 50
145 110 50
145 110 50
145 110 50
145 110 50
145 110 50
145 110 50
145 110 50
145 110 50
145 110 50
145 110 50
145 110 50
145 110 50
145 110 50
145 110 50
145 110 50
145 110 50
145 110 50
145 110 50
145 110 50
145 110 50
145 110 50
145 110 50
145 110 50
146 110 50
146 110 50
146 110 50
146 110 50
146 110 50
146 110 50
146 110 50
146 110 50
146 110 50
146 110 50
146 110 50
146 110 50
146 110 50
146 110 50
146 110 50
146 110 50
146 110 50
146 110 50
146 110 50
146 110 50
146 110 50
146 110 50
146 110 50
146 110 50
146 110 50
146 110 50
146 110 50
146 110 50
146 110 50
146 110 50
146 110 50
146 110 50
146 110 50
146 110 50
146 110 50
146 110 50
146 110 50
146 110 50
146 110 50
146 110 50
146 110 50
146 110 50
146 110 50
146 110 50
146 110 50
146 110 50
146 110 50
146 110 50
146 110 50
146 110 50
147 110 50
147 110 50
147 110 50
147 110 50
147 110 50
147 110 50
147 110 50
147 110 50
147 110 50
147 110 50
147 110 50
147 110 50
147 110 50
147 110 50
147 110 50
147 110 50
147 110 50
147 110 50
147 110 50
147 110 50
147 110 50
147 110 50
147 110 50
147 110 50
147 110 50
147 110 50
147 110 50
147 110 50
147 110 50
147 110 50
147 110 50
147 110 50
147 110 50
147 110 50
147 110 50
147 110 50
147 110 50
147 110 50
147 110 50
147 110 50
147 110 50
147 110 50
147 110 50
147 110 50
147 110 50
147 110 50
147 110 50
147 110 50
147 110 50
147 110 50
147 110 50
147 110 50
148 110 50
148 110 50
148 110 50
148 110 50
148 110 50
148 110 50
148 110 50
148 110 50
148 110 50
148 110 50
148 110 50
148 110 50
148 110 50
148 110 50
148 110 50
148 110 50
148 110 50
148 110 50
148 110 50
148 110 50
148 110 50
148 110 50
148 110 50
148 110 50
148 110 50
148 110 50
148 110 50
148 110 50
148 110 50
148 110 50
148 110 50
148 110 50
148 110 50
148 110 50
148 110 50
148 110 50
148 110 50
148 110 50
148 110 50
148 110 50
148 110 50
148 110 50
148 110 50
148 110 50
148 110 50
148 110 50
148 110 50
148 110 50
148 110 50
148 110 50
148 110 50
148 110 50
148 110 50
148 110 50
149 110 50
149 110 50
149 110 50
149 110 50
149 110 50
149 110 50
149 110 50
149 110 50
149 110 50
149 110 50
149 110 50
149 110 50
149 110 50
149 110 50
149 110 50
149 110 50
149 110 50
149 110 50
149 110 50
149 110 50
149 110 50
149 110 50
149 110 50
149 110 50
149 110 50
149 110 50
149 110 50
149 110 50
149 110 50
149 110 50
149 110 50
149 110 50
149 110 50
149 110 50
149 110 50
149 110 50
149 110 50
149 110 50
149 110 50
149 110 50
149 110 50
149 110 50
149 110 50
149 110 50
149 110 50
149 110 50
149 110 50
149 110 50
149 110 50
149 110 50
149 110 50
149 110 50
149 110 50
149 110 50
150 110 50
150 110 50
150 110 50
150 110 50
150 110 50
150 110 50
150 110 50
150 110 50
150 110 50
150 110 50
150 110 50
150 110 50
150 110 50
150 110 50
150 110 50
150 110 50
150 110 50
150 110 50
150 110 50
150 110 50
150 110 50
150 110 50
150 110 50
150 110 50
150 110 50
150 110 50
150 110 50
150 110 50
150 110 50
150 110 50
150 110 50
150 110 50
150 110 50
150 110 50
150 110 50
150 110 50
150 110 50
150 110 50
150 110 50
150 110 50
150 110 50
150 110 50
150 110 50
150 110 50
150 110 50
150 110 50
150 110 50
150 110 50
150 110 50
150 110 50
150 110 50
150 110 50
150 110 50
150 110 50
151 110 50
151 110 50
151 110 50
151 110 50
151 110 50
151 110 50
151 110 50
151 110 50
151 110 50
151 110 50
151 110 50
151 110 50
151 110 50
151 110 50
151 110 50
151 110 50
151 110 50
151 110 50
151 110 50
151 110 50
151 110 50
151 110 50
151 110 50
151 110 50
151 110 50
151 110 50
151 110 50
151 110 50
151 110 50
151 110 50
151 110 50
151 110 50
151 110 50
151 110 50
151 110 50
151 110 50
151 110 50
151 110 50
151 110 50
151 110 50
151 110 50
151 110 50
151 110 50
151 110 50
151 110 50
151 110 50
151 110 50
151 110 50
151 110 50
151 110 50
151 110 50
151 110 50
152 110 50
152 110 50
152 110 50
152 110 50
152 110 50
152 110 50
152 110 50
152 110 50
152 110 50
152 110 50
152 110 50
152 110 50
152 110 50
152 110 50
152 110 50
152 110 50
152 110 50
152 110 50
152 110 50
152 110 50
152 110 50
152 110 50
152 110 50
152 110 50
152 110 50
152 110 50
152 110 50
152 110 50
152 110 50
152 110 50
152 110 50
152 110 50
152 110 50
152 110 50
152 110 50
152 110 50
152 110 50
152 110 50
152 110 50
152 110 50
152 110 50
152 110 50
152 110 50
152 110 50
152 110 50
152 110 50
152 110 50
152 110 50
152 110 50
152 110 50
153 110 50
153 110 50
153 110 50
153 110 50
153 110 50
153 110 50
153 110 50
153 110 50
153 110 50
153 110 50
153 110 50
153 110 50
153 110 50
153 110 50
153 110 50
153 110 50
153 110 50
153 110 50
153 110 50
153 110 50
153 110 50
153 110 50
153 110 50
153 110 50
153 110 50
153 110 50
153 110 50
153 110 50
153 110 50
153 110 50
153 110 50
153 110 50
153 110 50
153 110 50
153 110 50
153 110 50
153 110 50
153 110 50
153 110 50
153 110 50
153 110 50
153 110 50
153 110 50
153 110 50
153 110 50
153 110 50
153 110 50
154 110 50
154 110 50
154 110 50
154 110 50
154 110 50
154 110 50
154 110 50
154 110 50
154 110 50
154 110 50
154 110 50
154 110 50
154 110 50
154 110 50
154 110 50
154 110 50
154 110 50
154 110 50
154 110 50
154 110 50
154 110 50
154 110 50
154 110 50
154 110 50
154 110 50
154 110 50
154 110 50
154 110 50
154 110 50
154 110 50
154 110 50
154 110 50
154 110 50
154 110 50
154 110 50
154 110 50
154 110 50
154 110 50
154 110 50
154 110 50
154 110 50
154 110 50
154 110 50
155 110 50
155 110 50
155 110 50
155 110 50
155 110 50
155 110 50
155 110 50
155 110 50
155 110 50
155 110 50
155 110 50
155 110 50
155 110 50
155 110 50
155 110 50
155 110 50
155 110 50
155 110 50
155 110 50
155 110 50
155 110 50
155 110 50
155 110 50
155 110 50
155 110 50
155 110 50
155 110 50
155 110 50
155 110 50
155 110 50
155 110 50
155 110 50
155 110 50
155 110 50
155 110 50
155 110 50
155 110 50
155 110 50
156 110 50
156 110 50
156 110 50
156 110 50
156 110 50
156 110 50
156 110 50
156 110 50
156 110 50
156 110 50
156 110 50
156 110 50
156 110 50
156 110 50
156 110 50
156 110 50
156 110 50
156 110 50
156 110 50
156 110 50
156 110 50
156 110 50
156 110 50
156 110 50
156 110 50
156 110 50
156 110 50
156 110 50
156 110 50
156 110 50
156 110 50
156 110 50
156 110 50
157 110 50
157 110 50
157 110 50
157 110 50
157 110 50
157 110 50
157 110 50
157 110 50
157 110 50
157 110 50
157 110 50
157 110 50
157 110 50
157 110 50
157 110 50
157 110 50
157 110 50
157 110 50
157 110 50
157 110 50
157 110 50
157 110 50
157 110 50
157 110 50
157 110 50
157 110 50
157 110 50
158 110 50
158 110 50
158 110 50
158 110 50
158 110 50
158 110 50
158 110 50
158 110 50
158 110 50
158 110 50
158 110 50
158 110 50
158 110 50
158 110 50
158 110 50
158 110 50
158 110 50
158 110 50
158 110 50
158 110 50
158 110 50
158 110 50
159 110 50
159 110 50
159 110 50
159 110 50
159 110 50
159 110 50
159 110 50
159 110 50
159 110 50
159 110 50
159 110 50
159 110 50
159 110 50
159 110 50
159 110 50
159 110 50
159 110 50
160 110 50
160 110 50
160 110 50
160 110 50
160 110 50
160 110 50
160 110 50
160 110 50
160 110 50
160 110 50
160 110 50
160 110 50
160 110 50
161 110 50
161 110 50
161 110 50
161 110 50
161 110 50
161 110 50
161 110 50
161 110 50
161 110 50
161 110 50
162 110 50
162 110 50
162 110 50
162 110 50
162 110 50
162 110 50
162 110 50
162 110 50
163 110 50
163 110 50
163 110 50
163 110 50
163 110 50
163 110 50
163 110 50
164 110 50
164 110 50
164 110 50
164 110 50
164 110 50
164 110 50
165 110 50
165 110 50
165 110 50
165 110 50
165 110 50
166 110 50
166 110 50
166 110 50
166 110 50
167 110 50
167 110 50
167 110 50
167 110 50
168 110 50
168 110 50
168 110 50
169 110 50
169 110 50
169 110 50
170 110 50
170 110 50
170 110 50
171 110 50
171 110 50
172 110 50
172 110 50
173 110 50
173 110 50
174 110 50
174 110 50
175 110 50
176 110 50
177 110 50
178 110 50
179 110 50
180 110 50
181 110 50
181 109 50
181 108 50
181 107 50
181 106 50
181 105 50
181 104 50
181 103 50
181 102 50
181 101 50
181 100 50
181 99 50
181 98 50
181 97 50
181 96 50
181 95 50
181 94 50
181 93 50
181 92 50
181 91 50
181 90 50
181 89 50
181 88 50
181 87 50
181 86 50
181 85 50
181 84 50
181 83 50
181 82 50
181 81 50
181 80 50
181 79 50
181 78 50
181 77 50
181 76 50
181 75 50
181 74 50
181 73 50
181 72 50
181 71 50
181 70 50
181 69 50
181 68 50
181 67 50
181 66 50
181 65 50
181 64 50
181 63 50
181 63 50
181 62 50
181 62 50
181 61 50
181 61 50
181 61 50
181 60 50
181 60 50
181 60 50
181 60 50
181 59 50
181 59 50
181 59 50
181 59 50
181 59 50
181 59 50
181 58 50
181 58 50
181 58 50
181 58 50
181 58 50
181 58 50
181 58 50
181 58 50
181 58 50
181 57 50
181 57 50
181 57 50
181 57 50
181 57 50
181 57 50
181 57 50
181 57 50
181 57 50
181 57 50
181 57 50
181 57 50
181 56 50
181 56 50
181 56 50
181 56 50
181 56 50
181 56 50
181 56 50
181 56 50
181 56 50
181 56 50
181 56 50
181 56 50
181 56 50
181 56 50
181 56 50
181 56 50
181 55 50
181 55 50
181 55 50
181 55 50
181 55 50
181 55 50
181 55 50
181 55 50
181 55 50
181 55 50
181 55 50
181 55 50
181 55 50
181 55 50
181 55 50
181 55 50
181 55 50
181 55 50
181 55 50
181 55 50
181 55 50
181 54 50
181 54 50
181 54 50
181 54 50
181 54 50
181 54 50
181 54 50
181 54 50
181 54 50
181 54 50
181 54 50
181 54 50
181 54 50
181 54 50
181 54 50
181 54 50
181 54 50
181 54 50
181 54 50
181 54 50
181 54 50
181 54 50
181 54 50
181 54 50
181 54 50
181 53 50
181 53 50
181 53 50
181 53 50
181 53 50
181 53 50
181 53 50
181 53 50
181 53 50
181 53 50
181 53 50
181 53 50
181 53 50
181 53 50
181 53 50
181 53 50
181 53 50
181 53 50
181 53 50
181 53 50
181 53 50
181 53 50
181 53 50
181 53 50
181 53 50
181 53 50
181 53 50
181 53 50
181 53 50
181 52 50
181 52 50
181 52 50
181 52 50
181 52 50
181 52 50
181 52 50
181 52 50
181 52 50
181 52 50
181 52 50
181 52 50
181 52 50
181 52 50
181 52 50
181 52 50
181 52 50
181 52 50
181 52 50
181 52 50
181 52 50
181 52 50
181 52 50
181 52 50
181 52 50
181 52 50
181 52 50
181 52 50
181 52 50
181 52 50
181 52 50
181 52 50
181 51 50
181 51 50
181 51 50
181 51 50
181 51 50
181 51 50
181 51 50
181 51 50
181 51 50
181 51 50
181 51 50
181 51 50
181 51 50
181 51 50
181 51 50
181 51 50
181 51 50
181 51 50
181 51 50
181 51 50
181 51 50
181 51 50
181 51 50
181 51 50
181 51 50
181 51 50
181 51 50
181 51 50
181 51 50
181 51 50
181 51 50
181 51 50
181 51 50
181 51 50
181 50 50
181 50 50
181 50 50
181 50 50
181 50 50
181 50 50
181 50 50
181 50 50
181 50 50
181 50 50
181 50 50
181 50 50
181 50 50
181 50 50
181 50 50
181 50 50
181 50 50
181 50 50
181 50 50
181 50 50
181 50 50
181 50 50
181 50 50
181 50 50
181 50 50
181 50 50
181 50 50
181 50 50
181 50 50
181 50 50
181 50 50
181 50 50
181 50 50
181 50 50
181 50 50
181 50 50
181 49 50
181 49 50
181 49 50
181 49 50
181 49 50
181 49 50
181 49 50
181 49 50
181 49 50
181 49 50
181 49 50
181 49 50
181 49 50
181 49 50
181 49 50
181 49 50
181 49 50
181 49 50
181 49 50
181 49 50
181 49 50
181 49 50
181 49 50
181 49 50
181 49 50
181 49 50
181 49 50
181 49 50
181 49 50
181 49 50
181 49 50
181 49 50
181 49 50
181 49 50
181 49 50
181 49 50
181 49 50
181 48 50
181 48 50
181 48 50
181 48 50
181 48 50
181 48 50
181 48 50
181 48 50
181 48 50
181 48 50
181 48 50
181 48 50
181 48 50
181 48 50
181 48 50
181 48 50
181 48 50
181 48 50
181 48 50
181 48 50
181 48 50
181 48 50
181 48 50
181 48 50
181 48 50
181 48 50
181 48 50
181 48 50
181 48 50
181 48 50
181 48 50
181 48 50
181 48 50
181 48 50
181 48 50
181 48 50
181 48 50
181 47 50
181 47 50
181 47 50
181 47 50
181 47 50
181 47 50
181 47 50
181 47 50
181 47 50
181 47 50
181 47 50
181 47 50
181 47 50
181 47 50
181 47 50
181 47 50
181 47 50
181 47 50
181 47 50
181 47 50
181 47 50
181 47 50
181 47 50
181 47 50
181 47 50
181 47 50
181 47 50
181 47 50
181 47 50
181 47 50
181 47 50
181 47 50
181 47 50
181 47 50
181 47 50
181 47 50
181 47 50
181 46 50
181 46 50
181 46 50
181 46 50
181 46 50
181 46 50
181 46 50
181 46 50
181 46 50
181 46 50
181 46 50
181 46 50
181 46 50
181 46 50
181 46 50
181 46 50
181 46 50
181 46 50
181 46 50
181 46 50
181 46 50
181 46 50
181 46 50
181 46 50
181 46 50
181 46 50
181 46 50
181 46 50
181 46 50
181 46 50
181 46 50
181 46 50
181 46 50
181 46 50
181 46 50
181 46 50
181 46 50
181 45 50
181 45 50
181 45 50
181 45 50
181 45 50
181 45 50
181 45 50
181 45 50
181 45 50
181 45 50
181 45 50
181 45 50
181 45 50
181 45 50
181 45 50
181 45 50
181 45 50
181 45 50
181 45 50
181 45 50
181 45 50
181 45 50
181 45 50
181 45 50
181 45 50
181 45 50
181 45 50
181 45 50
181 45 50
181 45 50
181 45 50
181 45 50
181 45 50
181 45 50
181 45 50
181 45 50
181 45 50
181 44 50
181 44 50
181 44 50
181 44 50
181 44 50
181 44 50
181 44 50
181 44 50
181 44 50
181 44 50
181 44 50
181 44 50
181 44 50
181 44 50
181 44 50
181 44 50
181 44 50
181 44 50
181 44 50
181 44 50
181 44 50
181 44 50
181 44 50
181 44 50
181 44 50
181 44 50
181 44 50
181 44 50
181 44 50
181 44 50
181 44 50
181 44 50
181 44 50
181 44 50
181 44 50
181 44 50
181 43 50
181 43 50
181 43 50
181 43 50
181 43 50
181 43 50
181 43 50
181 43 50
181 43 50
181 43 50
181 43 50
181 43 50
181 43 50
181 43 50
181 43 50
181 43 50
181 43 50
181 43 50
181 43 50
181 43 50
181 43 50
181 43 50
181 43 50
181 43 50
181 43 50
181 43 50
181 43 50
181 43 50
181 43 50
181 43 50
181 43 50
181 43 50
181 43 50
181 43 50
181 43 50
181 43 50
181 42 50
181 42 50
181 42 50
181 42 50
181 42 50
181 42 50
181 42 50
181 42 50
181 42 50
181 42 50
181 42 50
181 42 50
181 42 50
181 42 50
181 42 50
181 42 50
181 42 50
181 42 50
181 42 50
181 42 50
181 42 50
181 42 50
181 42 50
181 42 50
181 42 50
181 42 50
181 42 50
181 42 50
181 42 50
181 42 50
181 42 50
181 42 50
181 42 50
181 42 50
181 42 50
181 41 50
181 41 50
181 41 50
181 41 50
181 41 50
181 41 50
181 41 50
181 41 50
181 41 50
181 41 50
181 41 50
181 41 50
181 41 50
181 41 50
181 41 50
181 41 50
181 41 50
181 41 50
181 41 50
181 41 50
181 41 50
181 41 50
181 41 50
181 41 50
181 41 50
181 41 50
181 41 50
181 41 50
181 41 50
181 41 50
181 41 50
181 41 50
181 41 50
181 40 50
181 40 50
181 40 50
181 40 50
181 40 50
181 40 50
181 40 50
181 40 50
181 40 50
181 40 50
181 40 50
181 40 50
181 40 50
181 40 50
181 40 50
181 40 50
181 40 50
181 40 50
181 40 50
181 40 50
181 40 50
181 40 50
181 40 50
181 40 50
181 40 50
181 40 50
181 40 50
181 40 50
181 40 50
181 40 50
181 40 50
181 40 50
181 39 50
181 39 50
181 39 50
181 39 50
181 39 50
181 39 50
181 39 50
181 39 50
181 39 50
181 39 50
181 39 50
181 39 50
181 39 50
181 39 50
181 39 50
181 39 50
181 39 50
181 39 50
181 39 50
181 39 50
181 39 50
181 39 50
181 39 50
181 39 50
181 39 50
181 39 50
181 39 50
181 39 50
181 39 50
181 39 50
181 38 50
181 38 50
181 38 50
181 38 50
181 38 50
181 38 50
181 38 50
181 38 50
181 38 50
181 38 50
181 38 50
181 38 50
181 38 50
181 38 50
181 38 50
181 38 50
181 38 50
181 38 50
181 38 50
181 38 50
181 38 50
181 38 50
181 38 50
181 38 50
181 38 50
181 38 50
181 38 50
181 38 50
181 37 50
181 37 50
181 37 50
181 37 50
181 37 50
181 37 50
181 37 50
181 37 50
181 37 50
181 37 50
181 37 50
181 37 50
181 37 50
181 37 50
181 37 50
181 37 50
181 37 50
181 37 50
181 37 50
181 37 50
181 37 50
181 37 50
181 37 50
181 37 50
181 37 50
181 37 50
181 36 50
181 36 50
181 36 50
181 36 50
181 36 50
181 36 50
181 36 50
181 36 50
181 36 50
181 36 50
181 36 50
181 36 50
181 36 50
181 36 50
181 36 50
181 36 50
181 36 50
181 36 50
181 36 50
181 36 50
181 36 50
181 36 50
181 36 50
181 35 50
181 35 50
181 35 50
181 35 50
181 35 50
181 35 50
181 35 50
181 35 50
181 35 50
181 35 50
181 35 50
181 35 50
181 35 50
181 35 50
181 35 50
181 35 50
181 35 50
181 35 50
181 35 50
181 35 50
181 34 50
181 34 50
181 34 50
181 34 50
181 34 50
181 34 50
181 34 50
181 34 50
181 34 50
181 34 50
181 34 50
181 34 50
181 34 50
181 34 50
181 34 50
181 34 50
181 34 50
181 33 50
181 33 50
181 33 50
181 33 50
181 33 50
181 33 50
181 33 50
181 33 50
181 33 50
181 33 50
181 33 50
181 33 50
181 33 50
181 33 50
181 32 50
181 32 50
181 32 50
181 32 50
181 32 50
181 32 50
181 32 50
181 32 50
181 32 50
181 32 50
181 32 50
181 31 50
181 31 50
181 31 50
181 31 50
181 31 50
181 31 50
181 31 50
181 31 50
181 30 50
181 30 50
181 30 50
181 30 50
181 30 50
181 30 50
181 29 50
181 29 50
181 29 50
181 29 50
181 28 50
181 28 50
181 28 50
181 27 50
181 27 50
181 26 50
181 26 50
181 25 50
181 24 50
181 23 50
181 22 50
181 21 50
181 20 50
181 19 50
181 18 50
181 17 50
181 16 50
181 15 50
181 14 50
181 13 50
181 12 50
114 110 50
113 110 50
112 110 50
111 110 50
110 110 50
109 110 50
108 110 50
107 110 50
106 110 50
105 110 50
104 110 50
103 110 50
102 110 50
102 110 50
101 110 50
101 110 50
100 110 50
100 110 50
100 110 50
99 110 50
99 110 50
99 110 50
98 110 50
98 110 50
98 110 50
98 110 50
97 110 50
97 110 50
97 110 50
97 110 50
97 110 50
96 110 50
96 110 50
96 110 50
96 110 50
96 110 50
96 110 50
95 110 50
95 110 50
95 110 50
95 110 50
95 110 50
95 110 50
95 110 50
94 110 50
94 110 50
94 110 50
94 110 50
94 110 50
94 110 50
94 110 50
94 110 50
93 110 50
93 110 50
93 110 50
93 110 50
93 110 50
93 110 50
93 110 50
93 110 50
93 110 50
92 110 50
92 110 50
92 110 50
92 110 50
92 110 50
92 110 50
92 110 50
92 110 50
92 110 50
92 110 50
91 110 50
91 110 50
91 110 50
91 110 50
91 110 50
91 110 50
91 110 50
91 110 50
91 110 50
91 110 50
90 110 50
90 110 50
90 110 50
90 110 50
90 110 50
90 110 50
90 110 50
90 110 50
90 110 50
89 110 50
89 110 50
89 110 50
89 110 50
89 110 50
89 110 50
89 110 50
89 110 50
88 110 50
88 110 50
88 110 50
88 110 50
88 110 50
88 110 50
87 110 50
87 110 50
87 110 50
87 110 50
87 110 50
86 110 50
86 110 50
86 110 50
86 110 50
85 110 50
85 110 50
85 110 50
84 110 50
84 110 50
83 110 50
83 110 50
82 110 50
81 110 50
80 110 50
79 110 50
78 110 50
77 110 50
76 110 50
75 110 50
74 110 50
73 110 50
72 110 50
71 110 50
70 110 50
69 110 50
68 110 50
67 110 50
66 110 50
65 110 50
65 110 50
64 110 50
64 110 50
64 110 50
63 110 50
63 110 50
63 110 50
63 110 50
62 110 50
62 110 50
62 110 50
62 110 50
62 110 50
61 110 50
61 110 50
61 110 50
61 110 50
61 110 50
61 110 50
61 110 50
61 110 50
60 110 50
60 110 50
60 110 50
60 110 50
60 110 50
60 110 50
60 110 50
60 110 50
60 110 50
60 110 50
60 110 50
59 110 50
59 110 50
59 110 50
59 110 50
59 110 50
59 110 50
59 110 50
59 110 50
59 110 50
59 110 50
59 110 50
59 110 50
59 110 50
59 110 50
58 110 50
58 110 50
58 110 50
58 110 50
58 110 50
58 110 50
58 110 50
58 110 50
58 110 50
58 110 50
58 110 50
58 110 50
58 110 50
58 110 50
58 110 50
58 110 50
58 110 50
57 110 50
57 110 50
57 110 50
57 110 50
57 110 50
57 110 50
57 110 50
57 110 50
57 110 50
57 110 50
57 110 50
57 110 50
57 110 50
57 110 50
57 110 50
57 110 50
57 110 50
57 110 50
57 110 50
57 110 50
56 110 50
56 110 50
56 110 50
56 110 50
56 110 50
56 110 50
56 110 50
56 110 50
56 110 50
56 110 50
56 110 50
56 110 50
56 110 50
56 110 50
56 110 50
56 110 50
56 110 50
56 110 50
56 110 50
56 110 50
56 110 50
56 110 50
55 110 50
55 110 50
55 110 50
55 110 50
55 110 50
55 110 50
55 110 50
55 110 50
55 110 50
55 110 50
55 110 50
55 110 50
55 110 50
55 110 50
55 110 50
55 110 50
55 110 50
55 110 50
55 110 50
55 110 50
55 110 50
55 110 50
55 110 50
54 110 50
54 110 50
54 110 50
54 110 50
54 110 50
54 110 50
54 110 50
54 110 50
54 110 50
54 110 50
54 110 50
54 110 50
54 110 50
54 110 50
54 110 50
54 110 50
54 110 50
54 110 50
54 110 50
54 110 50
54 110 50
54 110 50
54 110 50
53 110 50
53 110 50
53 110 50
53 110 50
53 110 50
53 110 50
53 110 50
53 110 50
53 110 50
53 110 50
53 110 50
53 110 50
53 110 50
53 110 50
53 110 50
53 110 50
53 110 50
53 110 50
53 110 50
53 110 50
53 110 50
53 110 50
52 110 50
52 110 50
52 110 50
52 110 50
52 110 50
52 110 50
52 110 50
52 110 50
52 110 50
52 110 50
52 110 50
52 110 50
52 110 50
52 110 50
52 110 50
52 110 50
52 110 50
52 110 50
52 110 50
52 110 50
52 110 50
51 110 50
51 110 50
51 110 50
51 110 50
51 110 50
51 110 50
51 110 50
51 110 50
51 110 50
51 110 50
51 110 50
51 110 50
51 110 50
51 110 50
51 110 50
51 110 50
51 110 50
51 110 50
51 110 50
50 110 50
50 110 50
50 110 50
50 110 50
50 110 50
50 110 50
50 110 50
50 110 50
50 110 50
50 110 50
50 110 50
50 110 50
50 110 50
50 110 50
50 110 50
50 110 50
49 110 50
49 110 50
49 110 50
49 110 50
49 110 50
49 110 50
49 110 50
49 110 50
49 110 50
49 110 50
49 110 50
49 110 50
49 110 50
49 110 50
48 110 50
48 110 50
48 110 50
48 110 50
48 110 50
48 110 50
48 110 50
48 110 50
48 110 50
48 110 50
48 110 50
48 110 50
47 110 50
47 110 50
47 110 50
47 110 50
47 110 50
47 110 50
47 110 50
47 110 50
47 110 50
47 110 50
46 110 50
46 110 50
46 110 50
46 110 50
46 110 50
46 110 50
46 110 50
46 110 50
45 110 50
45 110 50
45 110 50
45 110 50
45 110 50
45 110 50
44 110 50
44 110 50
44 110 50
44 110 50
44 110 50
43 110 50
43 110 50
43 110 50
43 110 50
42 110 50
42 110 50
42 110 50
42 110 50
41 110 50
41 110 50
41 110 50
40 110 50
40 110 50
40 110 50
39 110 50
39 110 50
38 110 50
38 110 50
37 110 50
37 110 50
36 110 50
36 110 50
35 110 50
34 110 50
33 110 50
32 110 50
31 110 50
30 110 50
29 110 50
28 110 50
27 110 50
26 110 50
25 110 50
25 111 50
25 112 50
25 113 50
25 114 50
25 115 50
25 116 50
25 117 50
25 118 50
25 119 50
25 120 50
25 121 50
160 111 50
160 111 50
160 111 50
160 111 50
160 111 50
160 111 50
160 111 50
160 111 50
160 111 50
160 111 50
160 111 50
160 111 50
160 111 50
160 111 50
160 111 50
160 111 50
160 112 50
160 112 50
160 112 50
160 112 50
160 112 50
160 112 50
160 112 50
160 112 50
160 112 50
160 112 50
160 112 50
160 112 50
160 112 50
160 112 50
160 112 50
160 112 50
160 112 50
160 112 50
160 112 50
160 112 50
160 113 50
160 113 50
160 113 50
160 113 50
160 113 50
160 113 50
160 113 50
160 113 50
160 113 50
160 113 50
160 113 50
160 113 50
160 113 50
160 113 50
160 113 50
160 113 50
160 113 50
160 113 50
160 113 50
160 113 50
160 113 50
160 113 50
160 113 50
160 113 50
160 113 50
160 114 50
160 114 50
160 114 50
160 114 50
160 114 50
160 114 50
160 114 50
160 114 50
160 114 50
160 114 50
160 114 50
160 114 50
160 114 50
160 114 50
160 114 50
160 114 50
160 114 50
160 114 50
160 114 50
160 114 50
160 114 50
160 114 50
160 114 50
160 114 50
160 114 50
160 114 50
160 114 50
160 114 50
160 114 50
160 114 50
160 115 50
160 115 50
160 115 50
160 115 50
160 115 50
160 115 50
160 115 50
160 115 50
160 115 50
160 115 50
160 115 50
160 115 50
160 115 50
160 115 50
160 115 50
160 115 50
160 115 50
160 115 50
160 115 50
160 115 50
160 115 50
160 115 50
160 115 50
160 115 50
160 115 50
160 115 50
160 115 50
160 115 50
160 115 50
160 115 50
160 115 50
160 115 50
160 115 50
160 115 50
160 115 50
160 116 50
160 116 50
160 116 50
160 116 50
160 116 50
160 116 50
160 116 50
160 116 50
160 116 50
160 116 50
160 116 50
160 116 50
160 116 50
160 116 50
160 116 50
160 116 50
160 116 50
160 116 50
160 116 50
160 116 50
160 116 50
160 116 50
160 116 50
160 116 50
160 116 50
160 116 50
160 116 50
160 116 50
160 116 50
160 116 50
160 116 50
160 116 50
160 116 50
160 116 50
160 116 50
160 116 50
160 116 50
160 116 50
160 116 50
160 116 50
160 117 50
160 117 50
160 117 50
160 117 50
160 117 50
160 117 50
160 117 50
160 117 50
160 117 50
160 117 50
160 117 50
160 117 50
160 117 50
160 117 50
160 117 50
160 117 50
160 117 50
160 117 50
160 117 50
160 117 50
160 117 50
160 117 50
160 117 50
160 117 50
160 117 50
160 117 50
160 117 50
160 117 50
160 117 50
160 117 50
160 117 50
160 117 50
160 117 50
160 117 50
160 117 50
160 117 50
160 117 50
160 117 50
160 117 50
160 117 50
160 117 50
160 117 50
160 117 50
160 117 50
160 118 50
160 118 50
160 118 50
160 118 50
160 118 50
160 118 50
160 118 50
160 118 50
160 118 50
160 118 50
160 118 50
160 118 50
160 118 50
160 118 50
160 118 50
160 118 50
160 118 50
160 118 50
160 118 50
160 118 50
160 118 50
160 118 50
160 118 50
160 118 50
160 118 50
160 118 50
160 118 50
160 118 50
160 118 50
160 118 50
160 118 50
160 118 50
160 118 50
160 118 50
160 118 50
160 118 50
160 118 50
160 118 50
160 118 50
160 118 50
160 118 50
160 118 50
160 118 50
160 118 50
160 118 50
160 118 50
160 118 50
160 118 50
160 119 50
160 119 50
160 119 50
160 119 50
160 119 50
160 119 50
160 119 50
160 119 50
160 119 50
160 119 50
160 119 50
160 119 50
160 119 50
160 119 50
160 119 50
160 119 50
160 119 50
160 119 50
160 119 50
160 119 50
160 119 50
160 119 50
160 119 50
160 119 50
160 119 50
160 119 50
160 119 50
160 119 50
160 119 50
160 119 50
160 119 50
160 119 50
160 119 50
160 119 50
160 119 50
160 119 50
160 119 50
160 119 50
160 119 50
160 119 50
160 119 50
160 119 50
160 119 50
160 119 50
160 119 50
160 119 50
160 119 50
160 119 50
160 119 50
160 119 50
160 119 50
160 120 50
160 120 50
160 120 50
160 120 50
160 120 50
160 120 50
160 120 50
160 120 50
160 120 50
160 120 50
160 120 50
160 120 50
160 120 50
160 120 50
160 120 50
160 120 50
160 120 50
160 120 50
160 120 50
160 120 50
160 120 50
160 120 50
160 120 50
160 120 50
160 120 50
160 120 50
160 120 50
160 120 50
160 120 50
160 120 50
160 120 50
160 120 50
160 120 50
160 120 50
160 120 50
160 120 50
160 120 50
160 120 50
160 120 50
160 120 50
160 120 50
160 120 50
160 120 50
160 120 50
160 120 50
160 120 50
160 120 50
160 120 50
160 120 50
160 120 50
160 120 50
160 120 50
160 120 50
160 121 50
160 121 50
160 121 50
160 121 50
160 121 50
160 121 50
160 121 50
160 121 50
160 121 50
160 121 50
160 121 50
160 121 50
160 121 50
160 121 50
160 121 50
160 121 50
160 121 50
160 121 50
160 121 50
160 121 50
160 121 50
160 121 50
160 121 50
160 121 50
160 121 50
160 121 50
160 121 50
160 121 50
160 121 50
160 121 50
160 121 50
160 121 50
160 121 50
160 121 50
160 121 50
160 121 50
160 121 50
160 121 50
160 121 50
160 121 50
160 121 50
160 121 50
160 121 50
160 121 50
160 121 50
160 121 50
160 121 50
160 121 50
160 121 50
160 121 50
160 121 50
160 121 50
160 121 50
160 122 50
160 122 50
160 122 50
160 122 50
160 122 50
160 122 50
160 122 50
160 122 50
160 122 50
160 122 50
160 122 50
160 122 50
160 122 50
160 122 50
160 122 50
160 122 50
160 122 50
160 122 50
160 122 50
160 122 50
160 122 50
160 122 50
160 122 50
160 122 50
160 122 50
160 122 50
160 122 50
160 122 50
160 122 50
160 122 50
160 122 50
160 122 50
160 122 50
160 122 50
160 122 50
160 122 50
160 122 50
160 122 50
160 122 50
160 122 50
160 122 50
160 122 50
160 122 50
160 122 50
160 122 50
160 122 50
160 122 50
160 122 50
160 122 50
160 122 50
160 122 50
160 122 50
160 122 50
160 123 50
160 123 50
160 123 50
160 123 50
160 123 50
160 123 50
160 123 50
160 123 50
160 123 50
160 123 50
160 123 50
160 123 50
160 123 50
160 123 50
160 123 50
160 123 50
160 123 50
160 123 50
160 123 50
160 123 50
160 123 50
160 123 50
160 123 50
160 123 50
160 123 50
160 123 50
160 123 50
160 123 50
160 123 50
160 123 50
160 123 50
160 123 50
160 123 50
160 123 50
160 123 50
160 123 50
160 123 50
160 123 50
160 123 50
160 123 50
160 123 50
160 123 50
160 123 50
160 123 50
160 123 50
160 123 50
160 123 50
160 123 50
160 123 50
160 123 50
160 123 50
160 123 50
160 124 50
160 124 50
160 124 50
160 124 50
160 124 50
160 124 50
160 124 50
160 124 50
160 124 50
160 124 50
160 124 50
160 124 50
160 124 50
160 124 50
160 124 50
160 124 50
160 124 50
160 124 50
160 124 50
160 124 50
160 124 50
160 124 50
160 124 50
160 124 50
160 124 50
160 124 50
160 124 50
160 124 50
160 124 50
160 124 50
160 124 50
160 124 50
160 124 50
160 124 50
160 124 50
160 124 50
160 124 50
160 124 50
160 124 50
160 124 50
160 124 50
160 124 50
160 124 50
160 124 50
160 124 50
160 124 50
160 124 50
160 124 50
160 124 50
160 124 50
160 125 50
160 125 50
160 125 50
160 125 50
160 125 50
160 125 50
160 125 50
160 125 50
160 125 50
160 125 50
160 125 50
160 125 50
160 125 50
160 125 50
160 125 50
160 125 50
160 125 50
160 125 50
160 125 50
160 125 50
160 125 50
160 125 50
160 125 50
160 125 50
160 125 50
160 125 50
160 125 50
160 125 50
160 125 50
160 125 50
160 125 50
160 125 50
160 125 50
160 125 50
160 125 50
160 125 50
160 125 50
160 125 50
160 125 50
160 125 50
160 125 50
160 125 50
160 125 50
160 125 50
160 125 50
160 125 50
160 125 50
160 126 50
160 126 50
160 126 50
160 126 50
160 126 50
160 126 50
160 126 50
160 126 50
160 126 50
160 126 50
160 126 50
160 126 50
160 126 50
160 126 50
160 126 50
160 126 50
160 126 50
160 126 50
160 126 50
160 126 50
160 126 50
160 126 50
160 126 50
160 126 50
160 126 50
160 126 50
160 126 50
160 126 50
160 126 50
160 126 50
160 126 50
160 126 50
160 126 50
160 126 50
160 126 50
160 126 50
160 126 50
160 126 50
160 126 50
160 126 50
160 126 50
160 126 50
160 126 50
160 126 50
160 127 50
160 127 50
160 127 50
160 127 50
160 127 50
160 127 50
160 127 50
160 127 50
160 127 50
160 127 50
160 127 50
160 127 50
160 127 50
160 127 50
160 127 50
160 127 50
160 127 50
160 127 50
160 127 50
160 127 50
160 127 50
160 127 50
160 127 50
160 127 50
160 127 50
160 127 50
160 127 50
160 127 50
160 127 50
160 127 50
160 127 50
160 127 50
160 127 50
160 127 50
160 127 50
160 127 50
160 127 50
160 127 50
160 127 50
160 127 50
160 127 50
160 128 50
160 128 50
160 128 50
160 128 50
160 128 50
160 128 50
160 128 50
160 128 50
160 128 50
160 128 50
160 128 50
160 128 50
160 128 50
160 128 50
160 128 50
160 128 50
160 128 50
160 128 50
160 128 50
160 128 50
160 128 50
160 128 50
160 128 50
160 128 50
160 128 50
160 128 50
160 128 50
160 128 50
160 128 50
160 128 50
160 128 50
160 128 50
160 128 50
160 128 50
160 128 50
160 128 50
160 129 50
160 129 50
160 129 50
160 129 50
160 129 50
160 129 50
160 129 50
160 129 50
160 129 50
160 129 50
160 129 50
160 129 50
160 129 50
160 129 50
160 129 50
160 129 50
160 129 50
160 129 50
160 129 50
160 129 50
160 129 50
160 129 50
160 129 50
160 129 50
160 129 50
160 129 50
160 129 50
160 129 50
160 129 50
160 129 50
160 129 50
160 129 50
160 130 50
160 130 50
160 130 50
160 130 50
160 130 50
160 130 50
160 130 50
160 130 50
160 130 50
160 130 50
160 130 50
160 130 50
160 130 50
160 130 50
160 130 50
160 130 50
160 130 50
160 130 50
160 130 50
160 130 50
160 130 50
160 130 50
160 130 50
160 130 50
160 130 50
160 130 50
160 130 50
160 130 50
160 131 50
160 131 50
160 131 50
160 131 50
160 131 50
160 131 50
160 131 50
160 131 50
160 131 50
160 131 50
160 131 50
160 131 50
160 131 50
160 131 50
160 131 50
160 131 50
160 131 50
160 131 50
160 131 50
160 131 50
160 131 50
160 131 50
160 131 50
160 131 50
160 132 50
160 132 50
160 132 50
160 132 50
160 132 50
160 132 50
160 132 50
160 132 50
160 132 50
160 132 50
160 132 50
160 132 50
160 132 50
160 132 50
160 132 50
160 132 50
160 132 50
160 132 50
160 132 50
160 132 50
160 132 50
160 133 50
160 133 50
160 133 50
160 133 50
160 133 50
160 133 50
160 133 50
160 133 50
160 133 50
160 133 50
160 133 50
160 133 50
160 133 50
160 133 50
160 133 50
160 133 50
160 133 50
160 133 50
160 133 50
160 134 50
160 134 50
160 134 50
160 134 50
160 134 50
160 134 50
160 134 50
160 134 50
160 134 50
160 134 50
160 134 50
160 134 50
160 134 50
160 134 50
160 134 50
160 134 50
160 134 50
160 135 50
160 135 50
160 135 50
160 135 50
160 135 50
160 135 50
160 135 50
160 135 50
160 135 50
160 135 50
160 135 50
160 135 50
160 135 50
160 135 50
160 135 50
160 136 50
160 136 50
160 136 50
160 136 50
160 136 50
160 136 50
160 136 50
160 136 50
160 136 50
160 136 50
160 136 50
160 136 50
160 136 50
160 136 50
160 137 50
160 137 50
160 137 50
160 137 50
160 137 50
160 137 50
160 137 50
160 137 50
160 137 50
160 137 50
160 137 50
160 137 50
160 137 50
160 138 50
160 138 50
160 138 50
160 138 50
160 138 50
160 138 50
160 138 50
160 138 50
160 138 50
160 138 50
160 138 50
160 138 50
160 139 50
160 139 50
160 139 50
160 139 50
160 139 50
160 139 50
160 139 50
160 139 50
160 139 50
160 139 50
160 139 50
160 140 50
160 140 50
160 140 50
160 140 50
160 140 50
160 140 50
160 140 50
160 140 50
160 140 50
160 140 50
160 141 50
160 141 50
160 141 50
160 141 50
160 141 50
160 141 50
160 141 50
160 141 50
160 142 50
160 142 50
160 142 50
160 142 50
160 142 50
160 142 50
160 142 50
160 143 50
160 143 50
160 143 50
160 143 50
160 143 50
160 143 50
160 144 50
160 144 50
160 144 50
160 144 50
160 144 50
160 145 50
160 145 50
160 145 50
160 145 50
160 146 50
160 146 50
160 146 50
160 147 50
160 147 50
160 147 50
160 148 50
160 148 50
160 149 50
160 149 50
160 150 50
160 150 50
160 151 50
160 152 50
160 153 50
160 154 50
160 155 50
160 156 50
160 157 50
160 158 50
160 159 50
160 160 50
160 161 50
160 162 50
160 163 50
160 164 50
160 164 50
160 165 50
160 165 50
160 166 50
160 166 50
160 167 50
160 167 50
160 168 50
160 168 50
160 169 50
160 169 50
160 170 50
160 170 50
160 171 50
160 171 50
160 172 50
160 172 50
160 173 50
160 173 50
160 174 50
160 174 50
160 175 50
160 175 50
160 176 50
160 176 50
160 177 50
160 177 50
160 178 50
160 178 50
160 179 50
160 179 50
160 180 50
160 180 50
160 181 50
160 181 50
160 182 50
160 182 50
160 183 50
160 184 50
160 185 50
160 186 50
160 187 50
160 188 50
160 189 50
160 190 50
160 191 50
160 192 50
160 193 50
160 194 50
160 195 50
160 196 50
