182 109 80
182 109 80
182 109 80
182 109 80
182 109 80
182 109 80
181 109 80
181 109 80
181 109 80
181 109 80
181 109 80
181 109 80
181 109 80
180 109 80
180 109 80
180 109 80
180 109 80
180 109 80
180 109 80
180 109 80
180 109 80
179 109 80
179 109 80
179 109 80
179 109 80
179 109 80
179 109 80
179 109 80
179 109 80
179 109 80
179 109 80
178 109 80
178 109 80
178 109 80
178 109 80
178 109 80
178 109 80
178 109 80
178 109 80
178 109 80
178 109 80
178 109 80
177 109 80
177 109 80
177 109 80
177 109 80
177 109 80
177 109 80
177 109 80
177 109 80
177 109 80
177 109 80
177 109 80
176 109 80
176 109 80
176 109 80
176 109 80
176 109 80
176 109 80
176 109 80
176 109 80
176 109 80
176 109 80
175 109 80
175 109 80
175 109 80
175 109 80
175 109 80
175 109 80
175 109 80
175 109 80
175 109 80
174 109 80
174 109 80
174 109 80
174 109 80
174 109 80
174 109 80
174 109 80
174 109 80
173 109 80
173 109 80
173 109 80
173 109 80
173 109 80
173 109 80
173 109 80
172 109 80
172 109 80
172 109 80
172 109 80
172 109 80
172 109 80
171 109 80
171 109 80
171 109 80
171 109 80
171 109 80
170 109 80
170 109 80
170 109 80
170 109 80
169 109 80
169 109 80
169 109 80
168 109 80
168 109 80
168 109 80
167 109 80
167 109 80
167 109 80
166 109 80
166 109 80
166 109 80
165 109 80
165 109 80
165 109 80
164 109 80
164 109 80
164 109 80
163 109 80
163 109 80
163 109 80
162 109 80
162 109 80
162 109 80
162 109 80
161 109 80
161 109 80
161 109 80
161 109 80
160 109 80
160 109 80
160 109 80
160 109 80
159 109 80
159 109 80
159 109 80
159 109 80
158 109 80
158 109 80
158 109 80
158 109 80
157 109 80
157 109 80
157 109 80
157 109 80
156 109 80
156 109 80
156 109 80
155 109 80
155 109 80
155 109 80
154 109 80
154 109 80
153 109 80
153 109 80
152 109 80
152 109 80
151 109 80
151 109 80
150 109 80
149 109 80
148 109 80
147 109 80
146 109 80
145 109 80
144 109 80
143 109 80
142 109 80
141 109 80
140 109 80
139 109 80
138 109 80
137 109 80
136 109 80
135 109 80
134 109 80
133 109 80
132 109 80
131 109 80
130 109 80
129 109 80
128 109 80
127 109 80
126 109 80
125 109 80
124 109 80
123 109 80
122 109 80
121 109 80
120 109 80
120 110 80
120 111 80
120 112 80
120 113 80
120 114 80
120 115 80
120 116 80
120 117 80
120 118 80
120 119 80
120 120 80
120 121 80
120 122 80
120 123 80
120 124 80
120 125 80
120 126 80
120 127 80
120 128 80
120 129 80
120 130 80
120 131 80
120 132 80
120 133 80
120 134 80
120 135 80
120 136 80
120 137 80
120 138 80
120 139 80
120 140 80
120 141 80
120 142 80
