161 94 50
160 94 50
159 94 50
159 94 50
158 94 50
158 94 50
158 94 50
157 94 50
157 94 50
157 94 50
157 94 50
156 94 50
156 94 50
156 94 50
156 94 50
156 94 50
156 94 50
155 94 50
155 94 50
155 94 50
155 94 50
155 94 50
155 94 50
155 94 50
155 94 50
155 94 50
154 94 50
154 94 50
154 94 50
154 94 50
154 94 50
154 94 50
154 94 50
154 94 50
154 94 50
154 94 50
154 94 50
153 94 50
153 94 50
153 94 50
153 94 50
153 94 50
153 94 50
153 94 50
153 94 50
153 94 50
153 94 50
153 94 50
153 94 50
152 94 50
152 94 50
152 94 50
152 94 50
152 94 50
152 94 50
152 94 50
152 94 50
152 94 50
152 94 50
152 94 50
152 94 50
152 94 50
151 94 50
151 94 50
151 94 50
151 94 50
151 94 50
151 94 50
151 94 50
151 94 50
151 94 50
151 94 50
151 94 50
151 94 50
151 94 50
150 94 50
150 94 50
150 94 50
150 94 50
150 94 50
150 94 50
150 94 50
150 94 50
150 94 50
150 94 50
150 94 50
150 94 50
149 94 50
149 94 50
149 94 50
149 94 50
149 94 50
149 94 50
149 94 50
149 94 50
149 94 50
149 94 50
149 94 50
148 94 50
148 94 50
148 94 50
148 94 50
148 94 50
148 94 50
148 94 50
148 94 50
148 94 50
148 94 50
147 94 50
147 94 50
147 94 50
147 94 50
147 94 50
147 94 50
147 94 50
147 94 50
146 94 50
146 94 50
146 94 50
146 94 50
146 94 50
146 94 50
146 94 50
145 94 50
145 94 50
145 94 50
145 94 50
145 94 50
145 94 50
145 94 50
144 94 50
144 94 50
144 94 50
144 94 50
144 94 50
144 94 50
143 94 50
143 94 50
143 94 50
143 94 50
143 94 50
142 94 50
142 94 50
142 94 50
142 94 50
142 93 150
142 93 50
142 92 50
142 92 50
142 92 50
142 92 50
142 91 50
142 91 50
142 91 50
142 91 50
142 91 50
142 90 50
142 90 50
142 90 50
142 90 50
142 90 50
142 89 50
142 89 50
142 89 50
142 89 50
142 89 50
142 89 50
142 88 50
142 88 50
142 88 50
142 88 50
142 88 50
142 88 50
142 88 50
142 87 50
142 87 50
142 87 50
142 87 50
142 87 50
142 87 50
142 87 50
142 87 50
142 86 50
142 86 50
142 86 50
142 86 50
142 86 50
142 86 50
142 86 50
142 86 50
142 86 50
142 85 50
142 85 50
142 85 50
142 85 50
142 85 50
142 85 50
142 85 50
142 85 50
142 85 50
142 85 50
142 85 50
142 84 50
142 84 50
142 84 50
142 84 50
142 84 50
142 84 50
142 84 50
142 84 50
142 84 50
142 84 50
142 84 50
142 84 50
142 84 50
142 84 50
142 83 50
142 83 50
142 83 50
142 83 50
142 83 50
142 83 50
142 83 50
142 83 50
142 83 50
142 83 50
142 83 50
142 83 50
142 83 50
142 83 50
142 83 50
142 83 50
142 83 50
142 82 50
142 82 50
142 82 50
142 82 50
142 82 50
142 82 50
142 82 50
142 82 50
142 82 50
142 82 50
142 82 50
142 82 50
142 82 50
142 82 50
142 82 50
142 82 50
142 82 50
142 82 50
142 82 50
142 82 50
142 81 50
142 81 50
142 81 50
142 81 50
142 81 50
142 81 50
142 81 50
142 81 50
142 81 50
142 81 50
142 81 50
142 81 50
142 81 50
142 81 50
142 81 50
142 81 50
142 81 50
142 81 50
142 81 50
142 81 50
142 81 50
142 81 50
142 81 50
142 81 50
142 81 50
142 80 50
142 80 50
142 80 50
142 80 50
142 80 50
142 80 50
142 80 50
142 80 50
142 80 50
142 80 50
142 80 50
142 80 50
142 80 50
142 80 50
142 80 50
142 80 50
142 80 50
142 80 50
142 80 50
142 80 50
142 80 50
142 80 50
142 80 50
142 80 50
142 80 50
142 80 50
142 80 50
142 80 50
142 80 50
142 79 50
142 79 50
142 79 50
142 79 50
142 79 50
142 79 50
142 79 50
142 79 50
142 79 50
142 79 50
142 79 50
142 79 50
142 79 50
142 79 50
142 79 50
142 79 50
142 79 50
142 79 50
142 79 50
142 79 50
142 79 50
142 79 50
142 79 50
142 79 50
142 79 50
142 79 50
142 79 50
142 79 50
142 79 50
142 79 50
142 79 50
142 79 50
142 79 50
142 79 50
142 78 50
142 78 50
142 78 50
142 78 50
142 78 50
142 78 50
142 78 50
142 78 50
142 78 50
142 78 50
142 78 50
142 78 50
142 78 50
142 78 50
142 78 50
142 78 50
142 78 50
142 78 50
142 78 50
142 78 50
142 78 50
142 78 50
142 78 50
142 78 50
142 78 50
142 78 50
142 78 50
142 78 50
142 78 50
142 78 50
142 78 50
142 78 50
142 78 50
142 78 50
142 78 50
142 78 50
142 78 50
142 78 50
142 78 50
142 77 50
142 77 50
142 77 50
142 77 50
142 77 50
142 77 50
142 77 50
142 77 50
142 77 50
142 77 50
142 77 50
142 77 50
142 77 50
142 77 50
142 77 50
142 77 50
142 77 50
142 77 50
142 77 50
142 77 50
142 77 50
142 77 50
142 77 50
142 77 50
142 77 50
142 77 50
142 77 50
142 77 50
142 77 50
142 77 50
142 77 50
142 77 50
142 77 50
142 77 50
142 77 50
142 77 50
142 77 50
142 77 50
142 77 50
142 77 50
142 77 50
142 77 50
142 76 50
142 76 50
142 76 50
142 76 50
142 76 50
142 76 50
142 76 50
142 76 50
142 76 50
142 76 50
142 76 50
142 76 50
142 76 50
142 76 50
142 76 50
142 76 50
142 76 50
142 76 50
142 76 50
142 76 50
142 76 50
142 76 50
142 76 50
142 76 50
142 76 50
142 76 50
142 76 50
142 76 50
142 76 50
142 76 50
142 76 50
142 76 50
142 76 50
142 76 50
142 76 50
142 76 50
142 76 50
142 76 50
142 76 50
142 76 50
142 76 50
142 76 50
142 76 50
142 76 50
142 76 50
142 75 50
142 75 50
142 75 50
142 75 50
142 75 50
142 75 50
142 75 50
142 75 50
142 75 50
142 75 50
142 75 50
142 75 50
142 75 50
142 75 50
142 75 50
142 75 50
142 75 50
142 75 50
142 75 50
142 75 50
142 75 50
142 75 50
142 75 50
142 75 50
142 75 50
142 75 50
142 75 50
142 75 50
142 75 50
142 75 50
142 75 50
142 75 50
142 75 50
142 75 50
142 75 50
142 75 50
142 75 50
142 75 50
142 75 50
142 75 50
142 75 50
142 75 50
142 75 50
142 75 50
142 75 50
142 75 50
142 74 50
142 74 50
142 74 50
142 74 50
142 74 50
142 74 50
142 74 50
142 74 50
142 74 50
142 74 50
142 74 50
142 74 50
142 74 50
142 74 50
142 74 50
142 74 50
142 74 50
142 74 50
142 74 50
142 74 50
142 74 50
142 74 50
142 74 50
142 74 50
142 74 50
142 74 50
142 74 50
142 74 50
142 74 50
142 74 50
142 74 50
142 74 50
142 74 50
142 74 50
142 74 50
142 74 50
142 74 50
142 74 50
142 74 50
142 74 50
142 74 50
142 74 50
142 74 50
142 74 50
142 74 50
142 74 50
142 73 50
142 73 50
142 73 50
142 73 50
142 73 50
142 73 50
142 73 50
142 73 50
142 73 50
142 73 50
142 73 50
142 73 50
142 73 50
142 73 50
142 73 50
142 73 50
142 73 50
142 73 50
142 73 50
142 73 50
142 73 50
142 73 50
142 73 50
142 73 50
142 73 50
142 73 50
142 73 50
142 73 50
142 73 50
142 73 50
142 73 50
142 73 50
142 73 50
142 73 50
142 73 50
142 73 50
142 73 50
142 73 50
142 73 50
142 73 50
142 73 50
142 73 50
142 73 50
142 73 50
142 72 50
142 72 50
142 72 50
142 72 50
142 72 50
142 72 50
142 72 50
142 72 50
142 72 50
142 72 50
142 72 50
142 72 50
142 72 50
142 72 50
142 72 50
142 72 50
142 72 50
142 72 50
142 72 50
142 72 50
142 72 50
142 72 50
142 72 50
142 72 50
142 72 50
142 72 50
142 72 50
142 72 50
142 72 50
142 72 50
142 72 50
142 72 50
142 72 50
142 72 50
142 72 50
142 72 50
142 72 50
142 72 50
142 72 50
142 72 50
142 72 50
142 72 50
142 71 50
142 71 50
142 71 50
142 71 50
142 71 50
142 71 50
142 71 50
142 71 50
142 71 50
142 71 50
142 71 50
142 71 50
142 71 50
142 71 50
142 71 50
142 71 50
142 71 50
142 71 50
142 71 50
142 71 50
142 71 50
142 71 50
142 71 50
142 71 50
142 71 50
142 71 50
142 71 50
142 71 50
142 71 50
142 71 50
142 71 50
142 71 50
142 71 50
142 71 50
142 71 50
142 71 50
142 71 50
142 71 50
142 70 50
142 70 50
142 70 50
142 70 50
142 70 50
142 70 50
142 70 50
142 70 50
142 70 50
142 70 50
142 70 50
142 70 50
142 70 50
142 70 50
142 70 50
142 70 50
142 70 50
142 70 50
142 70 50
142 70 50
142 70 50
142 70 50
142 70 50
142 70 50
142 70 50
142 70 50
142 70 50
142 70 50
142 70 50
142 70 50
142 70 50
142 70 50
142 70 50
142 70 50
142 69 50
142 69 50
142 69 50
142 69 50
142 69 50
142 69 50
142 69 50
142 69 50
142 69 50
142 69 50
142 69 50
142 69 50
142 69 50
142 69 50
142 69 50
142 69 50
142 69 50
142 69 50
142 69 50
142 69 50
142 69 50
142 69 50
142 69 50
142 69 50
142 69 50
142 69 50
142 69 50
142 69 50
142 69 50
142 68 50
142 68 50
142 68 50
142 68 50
142 68 50
142 68 50
142 68 50
142 68 50
142 68 50
142 68 50
142 68 50
142 68 50
142 68 50
142 68 50
142 68 50
142 68 50
142 68 50
142 68 50
142 68 50
142 68 50
142 68 50
142 68 50
142 68 50
142 68 50
142 67 50
142 67 50
142 67 50
142 67 50
142 67 50
142 67 50
142 67 50
142 67 50
142 67 50
142 67 50
142 67 50
142 67 50
142 67 50
142 67 50
142 67 50
142 67 50
142 67 50
142 67 50
142 67 50
142 67 50
142 66 50
142 66 50
142 66 50
142 66 50
142 66 50
142 66 50
142 66 50
142 66 50
142 66 50
142 66 50
142 66 50
142 66 50
142 66 50
142 66 50
142 66 50
142 66 50
142 65 50
142 65 50
142 65 50
142 65 50
142 65 50
142 65 50
142 65 50
142 65 50
142 65 50
142 65 50
142 65 50
142 65 50
142 64 50
142 64 50
142 64 50
142 64 50
142 64 50
142 64 50
142 64 50
142 64 50
142 64 50
142 63 50
142 63 50
142 63 50
142 63 50
142 63 50
142 63 50
142 63 50
142 62 50
142 62 50
142 62 50
142 62 50
142 62 50
142 61 50
142 61 50
142 61 50
142 61 50
142 60 50
142 60 50
142 60 50
142 59 50
142 59 50
142 58 50
142 58 50
182 53 50
181 53 50
180 53 50
179 53 50
178 53 50
177 53 50
177 53 50
176 53 50
176 53 50
176 53 50
175 53 50
175 53 50
175 53 50
175 53 50
175 53 50
174 53 50
174 53 50
174 53 50
174 53 50
174 53 50
174 53 50
174 53 50
173 53 50
173 53 50
173 53 50
173 53 50
173 53 50
173 53 50
173 53 50
173 53 50
173 53 50
173 53 50
172 53 50
172 53 50
172 53 50
172 53 50
172 53 50
172 53 50
172 53 50
172 53 50
172 53 50
172 53 50
172 53 50
172 53 50
172 53 50
172 53 50
171 53 50
171 53 50
171 53 50
171 53 50
171 53 50
171 53 50
171 53 50
171 53 50
171 53 50
171 53 50
171 53 50
171 53 50
171 53 50
171 53 50
171 53 50
171 53 50
171 53 50
171 53 50
171 53 50
170 53 50
170 53 50
170 53 50
170 53 50
170 53 50
170 53 50
170 53 50
170 53 50
170 53 50
170 53 50
170 53 50
170 53 50
170 53 50
170 53 50
170 53 50
170 53 50
170 53 50
170 53 50
170 53 50
170 53 50
170 53 50
170 53 50
170 53 50
170 53 50
170 53 50
169 53 50
169 53 50
169 53 50
169 53 50
169 53 50
169 53 50
169 53 50
169 53 50
169 53 50
169 53 50
169 53 50
169 53 50
169 53 50
169 53 50
169 53 50
169 53 50
169 53 50
169 53 50
169 53 50
169 53 50
169 53 50
169 53 50
169 53 50
169 53 50
169 53 50
169 53 50
169 53 50
169 53 50
169 53 50
169 53 50
169 53 50
168 53 50
168 53 50
168 53 50
168 53 50
168 53 50
168 53 50
168 53 50
168 53 50
168 53 50
168 53 50
168 53 50
168 53 50
168 53 50
168 53 50
168 53 50
168 53 50
168 53 50
168 53 50
168 53 50
168 53 50
168 53 50
168 53 50
168 53 50
168 53 50
168 53 50
168 53 50
168 53 50
168 53 50
168 53 50
168 53 50
168 53 50
168 53 50
168 53 50
168 53 50
168 53 50
168 53 50
168 53 50
168 53 50
167 53 50
167 53 50
167 53 50
167 53 50
167 53 50
167 53 50
167 53 50
167 53 50
167 53 50
167 53 50
167 53 50
167 53 50
167 53 50
167 53 50
167 53 50
167 53 50
167 53 50
167 53 50
167 53 50
167 53 50
167 53 50
167 53 50
167 53 50
167 53 50
167 53 50
167 53 50
167 53 50
167 53 50
167 53 50
167 53 50
167 53 50
167 53 50
167 53 50
167 53 50
167 53 50
167 53 50
167 53 50
167 53 50
167 53 50
167 53 50
167 53 50
167 53 50
167 53 50
167 53 50
166 53 50
166 53 50
166 53 50
166 53 50
166 53 50
166 53 50
166 53 50
166 53 50
166 53 50
166 53 50
166 53 50
166 53 50
166 53 50
166 53 50
166 53 50
166 53 50
166 53 50
166 53 50
166 53 50
166 53 50
166 53 50
166 53 50
166 53 50
166 53 50
166 53 50
166 53 50
166 53 50
166 53 50
166 53 50
166 53 50
166 53 50
166 53 50
166 53 50
166 53 50
166 53 50
166 53 50
166 53 50
166 53 50
166 53 50
166 53 50
166 53 50
166 53 50
166 53 50
166 53 50
166 53 50
166 53 50
166 53 50
166 53 50
166 53 50
166 53 50
165 53 50
165 53 50
165 53 50
165 53 50
165 53 50
165 53 50
165 53 50
165 53 50
165 53 50
165 53 50
165 53 50
165 53 50
165 53 50
165 53 50
165 53 50
165 53 50
165 53 50
165 53 50
165 53 50
165 53 50
165 53 50
165 53 50
165 53 50
165 53 50
165 53 50
165 53 50
165 53 50
165 53 50
165 53 50
165 53 50
165 53 50
165 53 50
165 53 50
165 53 50
165 53 50
165 53 50
165 53 50
165 53 50
165 53 50
165 53 50
165 53 50
165 53 50
165 53 50
165 53 50
165 53 50
165 53 50
165 53 50
165 53 50
165 53 50
165 53 50
165 53 50
165 53 50
165 53 50
165 53 50
165 53 50
165 53 50
164 53 50
164 53 50
164 53 50
164 53 50
164 53 50
164 53 50
164 53 50
164 53 50
164 53 50
164 53 50
164 53 50
164 53 50
164 53 50
164 53 50
164 53 50
164 53 50
164 53 50
164 53 50
164 53 50
164 53 50
164 53 50
164 53 50
164 53 50
164 53 50
164 53 50
164 53 50
164 53 50
164 53 50
164 53 50
164 53 50
164 53 50
164 53 50
164 53 50
164 53 50
164 53 50
164 53 50
164 53 50
164 53 50
164 53 50
164 53 50
164 53 50
164 53 50
164 53 50
164 53 50
164 53 50
164 53 50
164 53 50
164 53 50
164 53 50
164 53 50
164 53 50
164 53 50
164 53 50
164 53 50
164 53 50
164 53 50
164 53 50
164 53 50
164 53 50
164 53 50
163 53 50
163 53 50
163 53 50
163 53 50
163 53 50
163 53 50
163 53 50
163 53 50
163 53 50
163 53 50
163 53 50
163 53 50
163 53 50
163 53 50
163 53 50
163 53 50
163 53 50
163 53 50
163 53 50
163 53 50
163 53 50
163 53 50
163 53 50
163 53 50
163 53 50
163 53 50
163 53 50
163 53 50
163 53 50
163 53 50
163 53 50
163 53 50
163 53 50
163 53 50
163 53 50
163 53 50
163 53 50
163 53 50
163 53 50
163 53 50
163 53 50
163 53 50
163 53 50
163 53 50
163 53 50
163 53 50
163 53 50
163 53 50
163 53 50
163 53 50
163 53 50
163 53 50
163 53 50
163 53 50
163 53 50
163 53 50
163 53 50
163 53 50
163 53 50
163 53 50
163 53 50
163 53 50
163 53 50
162 53 50
162 53 50
162 53 50
162 53 50
162 53 50
162 53 50
162 53 50
162 53 50
162 53 50
162 53 50
162 53 50
162 53 50
162 53 50
162 53 50
162 53 50
162 53 50
162 53 50
162 53 50
162 53 50
162 53 50
162 53 50
162 53 50
162 53 50
162 53 50
162 53 50
162 53 50
162 53 50
162 53 50
162 53 50
162 53 50
162 53 50
162 53 50
162 53 50
162 53 50
162 53 50
162 53 50
162 53 50
162 53 50
162 53 50
162 53 50
162 53 50
162 53 50
162 53 50
162 53 50
162 53 50
162 53 50
162 53 50
162 53 50
162 53 50
162 53 50
162 53 50
162 53 50
162 53 50
162 53 50
162 53 50
162 53 50
162 53 50
162 53 50
162 53 50
162 53 50
162 53 50
162 53 50
162 53 50
162 53 50
162 53 50
161 53 50
161 53 50
161 53 50
161 53 50
161 53 50
161 53 50
161 53 50
161 53 50
161 53 50
161 53 50
161 53 50
161 53 50
161 53 50
161 53 50
161 53 50
161 53 50
161 53 50
161 53 50
161 53 50
161 53 50
161 53 50
161 53 50
161 53 50
161 53 50
161 53 50
161 53 50
161 53 50
161 53 50
161 53 50
161 53 50
161 53 50
161 53 50
161 53 50
161 53 50
161 53 50
161 53 50
161 53 50
161 53 50
161 53 50
161 53 50
161 53 50
161 53 50
161 53 50
161 53 50
161 53 50
161 53 50
161 53 50
161 53 50
161 53 50
161 53 50
161 53 50
161 53 50
161 53 50
161 53 50
161 53 50
161 53 50
161 53 50
161 53 50
161 53 50
161 53 50
161 53 50
161 53 50
161 53 50
161 53 50
161 53 50
161 53 50
160 53 50
160 53 50
160 53 50
160 53 50
160 53 50
160 53 50
160 53 50
160 53 50
160 53 50
160 53 50
160 53 50
160 53 50
160 53 50
160 53 50
160 53 50
160 53 50
160 53 50
160 53 50
160 53 50
160 53 50
160 53 50
160 53 50
160 53 50
160 53 50
160 53 50
160 53 50
160 53 50
160 53 50
160 53 50
160 53 50
160 53 50
160 53 50
160 53 50
160 53 50
160 53 50
160 53 50
160 53 50
160 53 50
160 53 50
160 53 50
160 53 50
160 53 50
160 53 50
160 53 50
160 53 50
160 53 50
160 53 50
160 53 50
160 53 50
160 53 50
160 53 50
160 53 50
160 53 50
160 53 50
160 53 50
160 53 50
160 53 50
160 53 50
160 53 50
160 53 50
160 53 50
160 53 50
160 53 50
160 53 50
160 53 50
160 53 50
159 53 50
159 53 50
159 53 50
159 53 50
159 53 50
159 53 50
159 53 50
159 53 50
159 53 50
159 53 50
159 53 50
159 53 50
159 53 50
159 53 50
159 53 50
159 53 50
159 53 50
159 53 50
159 53 50
159 53 50
159 53 50
159 53 50
159 53 50
159 53 50
159 53 50
159 53 50
159 53 50
159 53 50
159 53 50
159 53 50
159 53 50
159 53 50
159 53 50
159 53 50
159 53 50
159 53 50
159 53 50
159 53 50
159 53 50
159 53 50
159 53 50
159 53 50
159 53 50
159 53 50
159 53 50
159 53 50
159 53 50
159 53 50
159 53 50
159 53 50
159 53 50
159 53 50
159 53 50
159 53 50
159 53 50
159 53 50
159 53 50
159 53 50
159 53 50
159 53 50
159 53 50
159 53 50
159 53 50
159 53 50
158 53 50
158 53 50
158 53 50
158 53 50
158 53 50
158 53 50
158 53 50
158 53 50
158 53 50
158 53 50
158 53 50
158 53 50
158 53 50
158 53 50
158 53 50
158 53 50
158 53 50
158 53 50
158 53 50
158 53 50
158 53 50
158 53 50
158 53 50
158 53 50
158 53 50
158 53 50
158 53 50
158 53 50
158 53 50
158 53 50
158 53 50
158 53 50
158 53 50
158 53 50
158 53 50
158 53 50
158 53 50
158 53 50
158 53 50
158 53 50
158 53 50
158 53 50
158 53 50
158 53 50
158 53 50
158 53 50
158 53 50
158 53 50
158 53 50
158 53 50
158 53 50
158 53 50
158 53 50
158 53 50
158 53 50
158 53 50
158 53 50
158 53 50
158 53 50
158 53 50
158 53 50
157 53 50
157 53 50
157 53 50
157 53 50
157 53 50
157 53 50
157 53 50
157 53 50
157 53 50
157 53 50
157 53 50
157 53 50
157 53 50
157 53 50
157 53 50
157 53 50
157 53 50
157 53 50
157 53 50
157 53 50
157 53 50
157 53 50
157 53 50
157 53 50
157 53 50
157 53 50
157 53 50
157 53 50
157 53 50
157 53 50
157 53 50
157 53 50
157 53 50
157 53 50
157 53 50
157 53 50
157 53 50
157 53 50
157 53 50
157 53 50
157 53 50
157 53 50
157 53 50
157 53 50
157 53 50
157 53 50
157 53 50
157 53 50
157 53 50
157 53 50
157 53 50
157 53 50
157 53 50
157 53 50
157 53 50
157 53 50
157 53 50
156 53 50
156 53 50
156 53 50
156 53 50
156 53 50
156 53 50
156 53 50
156 53 50
156 53 50
156 53 50
156 53 50
156 53 50
156 53 50
156 53 50
156 53 50
156 53 50
156 53 50
156 53 50
156 53 50
156 53 50
156 53 50
156 53 50
156 53 50
156 53 50
156 53 50
156 53 50
156 53 50
156 53 50
156 53 50
156 53 50
156 53 50
156 53 50
156 53 50
156 53 50
156 53 50
156 53 50
156 53 50
156 53 50
156 53 50
156 53 50
156 53 50
156 53 50
156 53 50
156 53 50
156 53 50
156 53 50
156 53 50
156 53 50
156 53 50
156 53 50
156 53 50
156 53 50
155 53 50
155 53 50
155 53 50
155 53 50
155 53 50
155 53 50
155 53 50
155 53 50
155 53 50
155 53 50
155 53 50
155 53 50
155 53 50
155 53 50
155 53 50
155 53 50
155 53 50
155 53 50
155 53 50
155 53 50
155 53 50
155 53 50
155 53 50
155 53 50
155 53 50
155 53 50
155 53 50
155 53 50
155 53 50
155 53 50
155 53 50
155 53 50
155 53 50
155 53 50
155 53 50
155 53 50
155 53 50
155 53 50
155 53 50
155 53 50
155 53 50
155 53 50
155 53 50
155 53 50
155 53 50
155 53 50
155 53 50
154 53 50
154 53 50
154 53 50
154 53 50
154 53 50
154 53 50
154 53 50
154 53 50
154 53 50
154 53 50
154 53 50
154 53 50
154 53 50
154 53 50
154 53 50
154 53 50
154 53 50
154 53 50
154 53 50
154 53 50
154 53 50
154 53 50
154 53 50
154 53 50
154 53 50
154 53 50
154 53 50
154 53 50
154 53 50
154 53 50
154 53 50
154 53 50
154 53 50
154 53 50
154 53 50
154 53 50
154 53 50
154 53 50
154 53 50
154 53 50
153 53 50
153 53 50
153 53 50
153 53 50
153 53 50
153 53 50
153 53 50
153 53 50
153 53 50
153 53 50
153 53 50
153 53 50
153 53 50
153 53 50
153 53 50
153 53 50
153 53 50
153 53 50
153 53 50
153 53 50
153 53 50
153 53 50
153 53 50
153 53 50
153 53 50
153 53 50
153 53 50
153 53 50
153 53 50
153 53 50
153 53 50
153 53 50
153 53 50
153 53 50
152 53 50
152 53 50
152 53 50
152 53 50
152 53 50
152 53 50
152 53 50
152 53 50
152 53 50
152 53 50
152 53 50
152 53 50
152 53 50
152 53 50
152 53 50
152 53 50
152 53 50
152 53 50
152 53 50
152 53 50
152 53 50
152 53 50
152 53 50
152 53 50
152 53 50
152 53 50
152 53 50
152 53 50
151 53 50
151 53 50
151 53 50
151 53 50
151 53 50
151 53 50
151 53 50
151 53 50
151 53 50
151 53 50
151 53 50
151 53 50
151 53 50
151 53 50
151 53 50
151 53 50
151 53 50
151 53 50
151 53 50
151 53 50
151 53 50
151 53 50
150 53 50
150 53 50
150 53 50
150 53 50
150 53 50
150 53 50
150 53 50
150 53 50
150 53 50
150 53 50
150 53 50
150 53 50
150 53 50
150 53 50
150 53 50
150 53 50
150 53 50
149 53 50
149 53 50
149 53 50
149 53 50
149 53 50
149 53 50
149 53 50
149 53 50
149 53 50
149 53 50
149 53 50
149 53 50
149 53 50
148 53 50
148 53 50
148 53 50
148 53 50
148 53 50
148 53 50
148 53 50
148 53 50
148 53 50
148 53 50
147 53 50
147 53 50
147 53 50
147 53 50
147 53 50
147 53 50
147 53 50
146 53 50
146 53 50
146 53 50
146 53 50
146 53 50
145 53 50
145 53 50
145 53 50
145 53 50
144 53 50
144 53 50
144 53 50
143 53 50
143 53 50
142 53 50
142 53 50
142 54 50
142 54 50
142 55 50
142 55 50
142 56 50
142 56 50
142 57 50
142 57 50
136 28 50
137 28 50
138 28 50
139 28 50
140 28 50
141 28 50
141 28 50
142 28 50
142 28 50
142 28 50
142 29 100
142 29 50
142 29 50
142 30 50
142 30 50
142 30 50
142 30 50
142 30 50
142 30 50
142 31 50
142 31 50
142 31 50
142 31 50
142 31 50
142 31 50
142 31 50
142 32 50
142 32 50
142 32 50
142 32 50
142 32 50
142 32 50
142 32 50
142 32 50
142 32 50
142 33 50
142 33 50
142 33 50
142 33 50
142 33 50
142 33 50
142 33 50
142 33 50
142 33 50
142 33 50
142 33 50
142 33 50
142 34 50
142 34 50
142 34 50
142 34 50
142 34 50
142 34 50
142 34 50
142 34 50
142 34 50
142 34 50
142 34 50
142 34 50
142 34 50
142 34 50
142 34 50
142 35 50
142 35 50
142 35 50
142 35 50
142 35 50
142 35 50
142 35 50
142 35 50
142 35 50
142 35 50
142 35 50
142 35 50
142 35 50
142 35 50
142 35 50
142 35 50
142 35 50
142 35 50
142 36 50
142 36 50
142 36 50
142 36 50
142 36 50
142 36 50
142 36 50
142 36 50
142 36 50
142 36 50
142 36 50
142 36 50
142 36 50
142 36 50
142 36 50
142 36 50
142 36 50
142 36 50
142 36 50
142 36 50
142 36 50
142 37 50
142 37 50
142 37 50
142 37 50
142 37 50
142 37 50
142 37 50
142 37 50
142 37 50
142 37 50
142 37 50
142 37 50
142 37 50
142 37 50
142 37 50
142 37 50
142 37 50
142 37 50
142 37 50
142 37 50
142 37 50
142 37 50
142 37 50
142 37 50
142 38 50
142 38 50
142 38 50
142 38 50
142 38 50
142 38 50
142 38 50
142 38 50
142 38 50
142 38 50
142 38 50
142 38 50
142 38 50
142 38 50
142 38 50
142 38 50
142 38 50
142 38 50
142 38 50
142 38 50
142 38 50
142 38 50
142 38 50
142 38 50
142 38 50
142 38 50
142 38 50
142 39 50
142 39 50
142 39 50
142 39 50
142 39 50
142 39 50
142 39 50
142 39 50
142 39 50
142 39 50
142 39 50
142 39 50
142 39 50
142 39 50
142 39 50
142 39 50
142 39 50
142 39 50
142 39 50
142 39 50
142 39 50
142 39 50
142 39 50
142 39 50
142 39 50
142 39 50
142 39 50
142 39 50
142 39 50
142 40 50
142 40 50
142 40 50
142 40 50
142 40 50
142 40 50
142 40 50
142 40 50
142 40 50
142 40 50
142 40 50
142 40 50
142 40 50
142 40 50
142 40 50
142 40 50
142 40 50
142 40 50
142 40 50
142 40 50
142 40 50
142 40 50
142 40 50
142 40 50
142 40 50
142 40 50
142 40 50
142 40 50
142 40 50
142 40 50
142 40 50
142 41 50
142 41 50
142 41 50
142 41 50
142 41 50
142 41 50
142 41 50
142 41 50
142 41 50
142 41 50
142 41 50
142 41 50
142 41 50
142 41 50
142 41 50
142 41 50
142 41 50
142 41 50
142 41 50
142 41 50
142 41 50
142 41 50
142 41 50
142 41 50
142 41 50
142 41 50
142 41 50
142 41 50
142 41 50
142 41 50
142 41 50
142 42 50
142 42 50
142 42 50
142 42 50
142 42 50
142 42 50
142 42 50
142 42 50
142 42 50
142 42 50
142 42 50
142 42 50
142 42 50
142 42 50
142 42 50
142 42 50
142 42 50
142 42 50
142 42 50
142 42 50
142 42 50
142 42 50
142 42 50
142 42 50
142 42 50
142 42 50
142 42 50
142 42 50
142 42 50
142 42 50
142 42 50
142 43 50
142 43 50
142 43 50
142 43 50
142 43 50
142 43 50
142 43 50
142 43 50
142 43 50
142 43 50
142 43 50
142 43 50
142 43 50
142 43 50
142 43 50
142 43 50
142 43 50
142 43 50
142 43 50
142 43 50
142 43 50
142 43 50
142 43 50
142 43 50
142 43 50
142 43 50
142 43 50
142 43 50
142 43 50
142 44 50
142 44 50
142 44 50
142 44 50
142 44 50
142 44 50
142 44 50
142 44 50
142 44 50
142 44 50
142 44 50
142 44 50
142 44 50
142 44 50
142 44 50
142 44 50
142 44 50
142 44 50
142 44 50
142 44 50
142 44 50
142 44 50
142 44 50
142 44 50
142 44 50
142 44 50
142 45 50
142 45 50
142 45 50
142 45 50
142 45 50
142 45 50
142 45 50
142 45 50
142 45 50
142 45 50
142 45 50
142 45 50
142 45 50
142 45 50
142 45 50
142 45 50
142 45 50
142 45 50
142 45 50
142 45 50
142 45 50
142 45 50
142 46 50
142 46 50
142 46 50
142 46 50
142 46 50
142 46 50
142 46 50
142 46 50
142 46 50
142 46 50
142 46 50
142 46 50
142 46 50
142 46 50
142 46 50
142 46 50
142 46 50
142 46 50
142 47 50
142 47 50
142 47 50
142 47 50
142 47 50
142 47 50
142 47 50
142 47 50
142 47 50
142 47 50
142 47 50
142 47 50
142 47 50
142 47 50
142 48 50
142 48 50
142 48 50
142 48 50
142 48 50
142 48 50
142 48 50
142 48 50
142 48 50
142 48 50
142 49 50
142 49 50
142 49 50
142 49 50
142 49 50
142 49 50
142 49 50
142 50 50
142 50 50
142 50 50
142 50 50
142 50 50
142 51 50
142 51 50
142 51 50
142 51 50
142 52 50
142 52 50
142 52 50
81 63 100
82 63 50
83 63 50
84 63 50
85 63 50
86 63 50
87 63 50
88 63 50
89 63 50
90 63 50
90 63 50
91 63 50
91 63 50
92 63 50
92 63 50
92 63 50
93 63 50
93 63 50
93 63 50
93 63 50
94 63 50
94 63 50
94 63 50
94 63 50
94 63 50
95 63 50
95 63 50
95 63 50
95 63 50
95 63 50
95 63 50
96 63 50
96 63 50
96 63 50
96 63 50
96 63 50
96 63 50
96 63 50
97 63 50
97 63 50
97 63 50
97 63 50
97 63 50
97 63 50
97 63 50
97 63 50
98 63 50
98 63 50
98 63 50
98 63 50
98 63 50
98 63 50
98 63 50
98 63 50
98 63 50
99 63 50
99 63 50
99 63 50
99 63 50
99 63 50
99 63 50
99 63 50
99 63 50
99 63 50
100 63 50
100 63 50
100 63 50
100 63 50
100 63 50
100 63 50
100 63 50
100 63 50
100 63 50
100 63 50
101 63 50
101 63 50
101 63 50
101 63 50
101 63 50
101 63 50
101 63 50
101 63 50
101 63 50
101 63 50
102 63 50
102 63 50
102 63 50
102 63 50
102 63 50
102 63 50
102 63 50
102 63 50
102 63 50
102 63 50
103 63 50
103 63 50
103 63 50
103 63 50
103 63 50
103 63 50
103 63 50
103 63 50
103 63 50
103 63 50
104 63 50
104 63 50
104 63 50
104 63 50
104 63 50
104 63 50
104 63 50
104 63 50
104 63 50
104 63 50
105 63 50
105 63 50
105 63 50
105 63 50
105 63 50
105 63 50
105 63 50
105 63 50
105 63 50
106 63 50
106 63 50
106 63 50
106 63 50
106 63 50
106 63 50
106 63 50
106 63 50
107 63 50
107 63 50
107 63 50
107 63 50
107 63 50
107 63 50
107 63 50
108 63 50
108 63 50
108 63 50
108 63 50
108 63 50
108 63 50
108 63 50
109 63 50
109 63 50
109 63 50
109 63 50
109 63 50
109 63 50
110 63 50
110 63 50
110 63 50
110 63 50
110 63 50
111 63 50
111 63 50
111 63 50
111 63 50
112 63 50
112 63 50
112 63 50
112 63 50
113 63 50
113 63 50
113 63 50
114 63 50
114 63 50
114 63 50
115 63 50
115 63 50
115 63 50
116 63 50
116 63 50
116 63 50
117 63 50
117 63 50
117 63 50
117 63 50
118 63 50
118 63 50
118 63 50
118 63 50
119 63 50
119 63 50
119 63 50
119 63 50
119 63 50
120 63 50
120 63 50
120 63 50
120 63 50
120 63 50
120 63 50
121 63 50
121 63 50
121 63 50
121 63 50
121 63 50
121 63 50
121 63 50
121 63 50
121 63 50
122 63 50
122 63 50
122 63 50
122 63 50
122 63 50
122 63 50
122 63 50
122 63 50
122 63 50
122 63 50
122 63 50
122 63 50
123 63 50
123 63 50
123 63 50
123 63 50
123 63 50
123 63 50
123 63 50
123 63 50
123 63 50
123 63 50
123 63 50
123 63 50
123 63 50
123 63 50
123 63 50
123 63 50
124 63 50
124 63 50
124 63 50
124 63 50
124 63 50
124 63 50
124 63 50
124 63 50
124 63 50
124 63 50
124 63 50
124 63 50
124 63 50
124 63 50
124 63 50
124 63 50
124 63 50
124 63 50
124 63 50
124 63 50
125 63 50
125 63 50
125 63 50
125 63 50
125 63 50
125 63 50
125 63 50
125 63 50
125 63 50
125 63 50
125 63 50
125 63 50
125 63 50
125 63 50
125 63 50
125 63 50
125 63 50
125 63 50
125 63 50
125 63 50
125 63 50
125 63 50
125 63 50
125 63 50
125 63 50
126 63 50
126 63 50
126 63 50
126 63 50
126 63 50
126 63 50
126 63 50
126 63 50
126 63 50
126 63 50
126 63 50
126 63 50
126 63 50
126 63 50
126 63 50
126 63 50
126 63 50
126 63 50
126 63 50
126 63 50
126 63 50
126 63 50
126 63 50
126 63 50
126 63 50
126 63 50
126 63 50
126 63 50
126 63 50
126 63 50
127 63 50
127 63 50
127 63 50
127 63 50
127 63 50
127 63 50
127 63 50
127 63 50
127 63 50
127 63 50
127 63 50
127 63 50
127 63 50
127 63 50
127 63 50
127 63 50
127 63 50
127 63 50
127 63 50
127 63 50
127 63 50
127 63 50
127 63 50
127 63 50
127 63 50
127 63 50
127 63 50
127 63 50
127 63 50
127 63 50
127 63 50
127 63 50
127 63 50
128 63 50
128 63 50
128 63 50
128 63 50
128 63 50
128 63 50
128 63 50
128 63 50
128 63 50
128 63 50
128 63 50
128 63 50
128 63 50
128 63 50
128 63 50
128 63 50
128 63 50
128 63 50
128 63 50
128 63 50
128 63 50
128 63 50
128 63 50
128 63 50
128 63 50
128 63 50
128 63 50
128 63 50
128 63 50
128 63 50
128 63 50
128 63 50
128 63 50
128 63 50
128 63 50
128 63 50
129 63 50
129 63 50
129 63 50
129 63 50
129 63 50
129 63 50
129 63 50
129 63 50
129 63 50
129 63 50
129 63 50
129 63 50
129 63 50
129 63 50
129 63 50
129 63 50
129 63 50
129 63 50
129 63 50
129 63 50
129 63 50
129 63 50
129 63 50
129 63 50
129 63 50
129 63 50
129 63 50
129 63 50
129 63 50
129 63 50
129 63 50
129 63 50
129 63 50
129 63 50
129 63 50
129 63 50
129 63 50
130 63 50
130 63 50
130 63 50
130 63 50
130 63 50
130 63 50
130 63 50
130 63 50
130 63 50
130 63 50
130 63 50
130 63 50
130 63 50
130 63 50
130 63 50
130 63 50
130 63 50
130 63 50
130 63 50
130 63 50
130 63 50
130 63 50
130 63 50
130 63 50
130 63 50
130 63 50
130 63 50
130 63 50
130 63 50
130 63 50
130 63 50
130 63 50
130 63 50
130 63 50
130 63 50
130 63 50
130 63 50
131 63 50
131 63 50
131 63 50
131 63 50
131 63 50
131 63 50
131 63 50
131 63 50
131 63 50
131 63 50
131 63 50
131 63 50
131 63 50
131 63 50
131 63 50
131 63 50
131 63 50
131 63 50
131 63 50
131 63 50
131 63 50
131 63 50
131 63 50
131 63 50
131 63 50
131 63 50
131 63 50
131 63 50
131 63 50
131 63 50
131 63 50
131 63 50
131 63 50
131 63 50
131 63 50
131 63 50
132 63 50
132 63 50
132 63 50
132 63 50
132 63 50
132 63 50
132 63 50
132 63 50
132 63 50
132 63 50
132 63 50
132 63 50
132 63 50
132 63 50
132 63 50
132 63 50
132 63 50
132 63 50
132 63 50
132 63 50
132 63 50
132 63 50
132 63 50
132 63 50
132 63 50
132 63 50
132 63 50
132 63 50
132 63 50
132 63 50
132 63 50
132 63 50
132 63 50
132 63 50
132 63 50
133 63 50
133 63 50
133 63 50
133 63 50
133 63 50
133 63 50
133 63 50
133 63 50
133 63 50
133 63 50
133 63 50
133 63 50
133 63 50
133 63 50
133 63 50
133 63 50
133 63 50
133 63 50
133 63 50
133 63 50
133 63 50
133 63 50
133 63 50
133 63 50
133 63 50
133 63 50
133 63 50
133 63 50
133 63 50
133 63 50
133 63 50
133 63 50
133 63 50
134 63 50
134 63 50
134 63 50
134 63 50
134 63 50
134 63 50
134 63 50
134 63 50
134 63 50
134 63 50
134 63 50
134 63 50
134 63 50
134 63 50
134 63 50
134 63 50
134 63 50
134 63 50
134 63 50
134 63 50
134 63 50
134 63 50
134 63 50
134 63 50
134 63 50
134 63 50
134 63 50
134 63 50
134 63 50
134 63 50
135 63 50
135 63 50
135 63 50
135 63 50
135 63 50
135 63 50
135 63 50
135 63 50
135 63 50
135 63 50
135 63 50
135 63 50
135 63 50
135 63 50
135 63 50
135 63 50
135 63 50
135 63 50
135 63 50
135 63 50
135 63 50
135 63 50
135 63 50
135 63 50
135 63 50
135 63 50
135 63 50
136 63 50
136 63 50
136 63 50
136 63 50
136 63 50
136 63 50
136 63 50
136 63 50
136 63 50
136 63 50
136 63 50
136 63 50
136 63 50
136 63 50
136 63 50
136 63 50
136 63 50
136 63 50
136 63 50
136 63 50
136 63 50
136 63 50
136 63 50
137 63 50
137 63 50
137 63 50
137 63 50
137 63 50
137 63 50
137 63 50
137 63 50
137 63 50
137 63 50
137 63 50
137 63 50
137 63 50
137 63 50
137 63 50
137 63 50
137 63 50
137 63 50
137 63 50
137 63 50
138 63 50
138 63 50
138 63 50
138 63 50
138 63 50
138 63 50
138 63 50
138 63 50
138 63 50
138 63 50
138 63 50
138 63 50
138 63 50
138 63 50
138 63 50
138 63 50
139 63 50
139 63 50
139 63 50
139 63 50
139 63 50
139 63 50
139 63 50
139 63 50
139 63 50
139 63 50
139 63 50
139 63 50
139 63 50
140 63 50
140 63 50
140 63 50
140 63 50
140 63 50
140 63 50
140 63 50
140 63 50
140 63 50
140 63 50
141 63 50
141 63 50
141 63 50
141 63 50
141 63 50
141 63 50
141 63 50
141 63 50
100 64 350
100 64 50
100 64 50
100 64 50
100 64 50
100 64 50
100 65 50
100 65 50
100 65 50
100 65 50
100 65 50
100 65 50
100 65 50
100 65 50
100 65 50
100 65 50
100 65 50
100 65 50
100 65 50
100 65 50
100 66 50
100 66 50
100 66 50
100 66 50
100 66 50
100 66 50
100 66 50
100 66 50
100 66 50
100 66 50
100 66 50
100 66 50
100 66 50
100 66 50
100 66 50
100 66 50
100 66 50
100 67 50
100 67 50
100 67 50
100 67 50
100 67 50
100 67 50
100 67 50
100 67 50
100 67 50
100 67 50
100 67 50
100 67 50
100 67 50
100 67 50
100 67 50
100 67 50
100 67 50
100 67 50
100 67 50
100 67 50
100 67 50
100 68 50
100 68 50
100 68 50
100 68 50
100 68 50
100 68 50
100 68 50
100 68 50
100 68 50
100 68 50
100 68 50
100 68 50
100 68 50
100 68 50
100 68 50
100 68 50
100 68 50
100 68 50
100 68 50
100 68 50
100 68 50
100 68 50
100 68 50
100 68 50
100 68 50
100 69 50
100 69 50
100 69 50
100 69 50
100 69 50
100 69 50
100 69 50
100 69 50
100 69 50
100 69 50
100 69 50
100 69 50
100 69 50
100 69 50
100 69 50
100 69 50
100 69 50
100 69 50
100 69 50
100 69 50
100 69 50
100 69 50
100 69 50
100 69 50
100 69 50
100 69 50
100 69 50
100 69 50
100 69 50
100 70 50
100 70 50
100 70 50
100 70 50
100 70 50
100 70 50
100 70 50
100 70 50
100 70 50
100 70 50
100 70 50
100 70 50
100 70 50
100 70 50
100 70 50
100 70 50
100 70 50
100 70 50
100 70 50
100 70 50
100 70 50
100 70 50
100 70 50
100 70 50
100 70 50
100 70 50
100 70 50
100 70 50
100 70 50
100 70 50
100 70 50
100 71 50
100 71 50
100 71 50
100 71 50
100 71 50
100 71 50
100 71 50
100 71 50
100 71 50
100 71 50
100 71 50
100 71 50
100 71 50
100 71 50
100 71 50
100 71 50
100 71 50
100 71 50
100 71 50
100 71 50
100 71 50
100 71 50
100 71 50
100 71 50
100 71 50
100 71 50
100 71 50
100 71 50
100 71 50
100 71 50
100 71 50
100 71 50
100 72 50
100 72 50
100 72 50
100 72 50
100 72 50
100 72 50
100 72 50
100 72 50
100 72 50
100 72 50
100 72 50
100 72 50
100 72 50
100 72 50
100 72 50
100 72 50
100 72 50
100 72 50
100 72 50
100 72 50
100 72 50
100 72 50
100 72 50
100 72 50
100 72 50
100 72 50
100 72 50
100 72 50
100 72 50
100 72 50
100 72 50
100 72 50
100 73 50
100 73 50
100 73 50
100 73 50
100 73 50
100 73 50
100 73 50
100 73 50
100 73 50
100 73 50
100 73 50
100 73 50
100 73 50
100 73 50
100 73 50
100 73 50
100 73 50
100 73 50
100 73 50
100 73 50
100 73 50
100 73 50
100 73 50
100 73 50
100 73 50
100 73 50
100 73 50
100 73 50
100 73 50
100 73 50
100 73 50
100 74 50
100 74 50
100 74 50
100 74 50
100 74 50
100 74 50
100 74 50
100 74 50
100 74 50
100 74 50
100 74 50
100 74 50
100 74 50
100 74 50
100 74 50
100 74 50
100 74 50
100 74 50
100 74 50
100 74 50
100 74 50
100 74 50
100 74 50
100 74 50
100 74 50
100 74 50
100 74 50
100 74 50
100 75 50
100 75 50
100 75 50
100 75 50
100 75 50
100 75 50
100 75 50
100 75 50
100 75 50
100 75 50
100 75 50
100 75 50
100 75 50
100 75 50
100 75 50
100 75 50
100 75 50
100 75 50
100 75 50
100 75 50
100 75 50
100 75 50
100 75 50
100 75 50
100 75 50
100 76 50
100 76 50
100 76 50
100 76 50
100 76 50
100 76 50
100 76 50
100 76 50
100 76 50
100 76 50
100 76 50
100 76 50
100 76 50
100 76 50
100 76 50
100 76 50
100 76 50
100 76 50
100 76 50
100 76 50
100 76 50
100 77 50
100 77 50
100 77 50
100 77 50
100 77 50
100 77 50
100 77 50
100 77 50
100 77 50
100 77 50
100 77 50
100 77 50
100 77 50
100 77 50
100 77 50
100 77 50
100 77 50
100 77 50
100 78 50
100 78 50
100 78 50
100 78 50
100 78 50
100 78 50
100 78 50
100 78 50
100 78 50
100 78 50
100 78 50
100 78 50
100 78 50
100 78 50
100 79 50
100 79 50
100 79 50
100 79 50
100 79 50
100 79 50
100 79 50
100 79 50
100 79 50
100 79 50
100 79 50
100 79 50
100 80 50
100 80 50
100 80 50
100 80 50
100 80 50
100 80 50
100 80 50
100 80 50
100 80 50
100 80 50
100 81 50
100 81 50
100 81 50
100 81 50
100 81 50
100 81 50
100 81 50
100 81 50
100 82 50
100 82 50
100 82 50
100 82 50
100 82 50
100 82 50
100 82 50
100 83 50
100 83 50
100 83 50
100 83 50
100 83 50
100 84 50
100 84 50
100 84 50
100 84 50
100 85 50
100 85 50
100 85 50
100 86 50
100 86 50
100 87 50
100 87 50
100 88 50
42 90 50
41 90 50
40 90 50
39 90 50
38 90 50
37 90 50
36 90 50
35 90 50
34 90 50
33 90 50
32 90 50
31 90 50
30 90 50
29 90 50
28 90 50
27 90 50
26 90 50
25 90 50
24 90 50
23 90 50
22 90 50
21 90 50
20 90 50
19 90 50
18 90 50
17 90 50
16 90 50
15 90 50
14 90 50
13 90 50
12 90 50
11 90 50
10 90 50
9 90 50
8 90 50
8 91 50
8 92 50
8 93 50
22 43 50
22 43 50
22 43 50
21 43 50
21 43 50
21 43 50
21 43 50
20 43 50
20 43 50
20 43 50
20 43 50
20 43 50
20 43 50
19 43 50
19 43 50
19 43 50
19 43 50
19 43 50
19 43 50
19 43 50
19 43 50
18 43 50
18 43 50
18 43 50
18 43 50
18 43 50
18 43 50
18 43 50
18 43 50
18 43 50
18 43 50
17 43 50
17 43 50
17 43 50
17 43 50
17 43 50
17 43 50
17 43 50
17 43 50
17 43 50
17 43 50
17 43 50
17 43 50
17 43 50
16 43 50
16 43 50
16 43 50
16 43 50
16 43 50
16 43 50
16 43 50
16 43 50
16 43 50
16 43 50
16 43 50
16 43 50
16 43 50
16 43 50
15 43 50
15 43 50
15 43 50
15 43 50
15 43 50
15 43 50
15 43 50
15 43 50
15 43 50
15 43 50
15 43 50
15 43 50
15 43 50
15 43 50
15 43 50
14 43 50
14 43 50
14 43 50
14 43 50
14 43 50
14 43 50
14 43 50
14 43 50
14 43 50
14 43 50
14 43 50
14 43 50
14 43 50
14 43 50
14 43 50
14 43 50
13 43 50
13 43 50
13 43 50
13 43 50
13 43 50
13 43 50
13 43 50
13 43 50
13 43 50
13 43 50
13 43 50
13 43 50
13 43 50
13 43 50
13 43 50
13 43 50
12 43 50
12 43 50
12 43 50
12 43 50
12 43 50
12 43 50
12 43 50
12 43 50
12 43 50
12 43 50
12 43 50
12 43 50
12 43 50
12 43 50
12 43 50
12 43 50
12 43 50
11 43 50
11 43 50
11 43 50
11 43 50
11 43 50
11 43 50
11 43 50
11 43 50
11 43 50
11 43 50
11 43 50
11 43 50
11 43 50
11 43 50
11 43 50
11 43 50
11 43 50
10 43 50
10 43 50
10 43 50
10 43 50
10 43 50
10 43 50
10 43 50
10 43 50
10 43 50
10 43 50
10 43 50
10 43 50
10 43 50
10 43 50
10 43 50
10 43 50
10 43 50
9 43 50
9 43 50
9 43 50
9 43 50
9 43 50
9 43 50
9 43 50
9 43 50
9 43 50
9 43 50
9 43 50
9 43 50
9 43 50
9 43 50
9 43 50
9 43 50
9 43 50
8 43 50
8 43 50
8 43 50
8 43 50
8 43 50
8 43 50
8 43 50
8 43 50
8 43 50
8 43 50
8 43 50
8 43 50
8 43 50
8 43 50
8 43 50
8 43 50
8 43 50
8 44 800
8 44 50
8 44 50
8 44 50
8 44 50
8 45 50
8 45 50
8 45 50
8 45 50
8 45 50
8 45 50
8 45 50
8 45 50
8 45 50
8 45 50
8 45 50
8 45 50
8 45 50
8 45 50
8 45 50
8 45 50
8 45 50
8 45 50
8 45 50
8 45 50
8 45 50
8 45 50
8 46 50
8 46 50
8 46 50
8 46 50
8 46 50
8 46 50
8 46 50
8 46 50
8 46 50
8 46 50
8 46 50
8 46 50
8 46 50
8 46 50
8 46 50
8 46 50
8 46 50
8 46 50
8 46 50
8 46 50
8 46 50
8 46 50
8 46 50
8 46 50
8 47 50
8 47 50
8 47 50
8 47 50
8 47 50
8 47 50
8 47 50
8 47 50
8 47 50
8 47 50
8 47 50
8 47 50
8 47 50
8 47 50
8 47 50
8 47 50
8 47 50
8 47 50
8 47 50
8 47 50
8 47 50
8 47 50
8 47 50
8 47 50
8 47 50
8 48 50
8 48 50
8 48 50
8 48 50
8 48 50
8 48 50
8 48 50
8 48 50
8 48 50
8 48 50
8 48 50
8 48 50
8 48 50
8 48 50
8 48 50
8 48 50
8 48 50
8 48 50
8 48 50
8 48 50
8 48 50
8 48 50
8 48 50
8 48 50
8 48 50
8 48 50
8 49 50
8 49 50
8 49 50
8 49 50
8 49 50
8 49 50
8 49 50
8 49 50
8 49 50
8 49 50
8 49 50
8 49 50
8 49 50
8 49 50
8 49 50
8 49 50
8 49 50
8 49 50
8 49 50
8 49 50
8 49 50
8 49 50
8 49 50
8 49 50
8 49 50
8 50 50
8 50 50
8 50 50
8 50 50
8 50 50
8 50 50
8 50 50
8 50 50
8 50 50
8 50 50
8 50 50
8 50 50
8 50 50
8 50 50
8 50 50
8 50 50
8 50 50
8 50 50
8 50 50
8 50 50
8 50 50
8 50 50
8 50 50
8 50 50
8 51 50
8 51 50
8 51 50
8 51 50
8 51 50
8 51 50
8 51 50
8 51 50
8 51 50
8 51 50
8 51 50
8 51 50
8 51 50
8 51 50
8 51 50
8 51 50
8 51 50
8 51 50
8 51 50
8 51 50
8 51 50
8 51 50
8 52 50
8 52 50
8 52 50
8 52 50
8 52 50
8 52 50
8 52 50
8 52 50
8 52 50
8 52 50
8 52 50
8 52 50
8 52 50
8 52 50
8 52 50
8 52 50
8 52 50
8 52 50
8 52 50
8 52 50
8 53 50
8 53 50
8 53 50
8 53 50
8 53 50
8 53 50
8 53 50
8 53 50
8 53 50
8 53 50
8 53 50
8 53 50
8 53 50
8 53 50
8 53 50
8 53 50
8 53 50
8 53 50
8 54 50
8 54 50
8 54 50
8 54 50
8 54 50
8 54 50
8 54 50
8 54 50
8 54 50
8 54 50
8 54 50
8 54 50
8 54 50
8 54 50
8 54 50
8 54 50
8 54 50
8 55 50
8 55 50
8 55 50
8 55 50
8 55 50
8 55 50
8 55 50
8 55 50
8 55 50
8 55 50
8 55 50
8 55 50
8 55 50
8 55 50
8 55 50
8 55 50
8 56 50
8 56 50
8 56 50
8 56 50
8 56 50
8 56 50
8 56 50
8 56 50
8 56 50
8 56 50
8 56 50
8 56 50
8 56 50
8 56 50
8 56 50
8 56 50
8 57 50
8 57 50
8 57 50
8 57 50
8 57 50
8 57 50
8 57 50
8 57 50
8 57 50
8 57 50
8 57 50
8 57 50
8 57 50
8 57 50
8 57 50
8 57 50
8 57 50
8 58 50
8 58 50
8 58 50
8 58 50
8 58 50
8 58 50
8 58 50
8 58 50
8 58 50
8 58 50
8 58 50
8 58 50
8 58 50
8 58 50
8 58 50
8 58 50
8 58 50
8 59 50
8 59 50
8 59 50
8 59 50
8 59 50
8 59 50
8 59 50
8 59 50
8 59 50
8 59 50
8 59 50
8 59 50
8 59 50
8 59 50
8 59 50
8 59 50
8 59 50
8 59 50
8 59 50
8 60 50
8 60 50
8 60 50
8 60 50
8 60 50
8 60 50
8 60 50
8 60 50
8 60 50
8 60 50
8 60 50
8 60 50
8 60 50
8 60 50
8 60 50
8 60 50
8 60 50
8 60 50
8 60 50
8 60 50
8 61 50
8 61 50
8 61 50
8 61 50
8 61 50
8 61 50
8 61 50
8 61 50
8 61 50
8 61 50
8 61 50
8 61 50
8 61 50
8 61 50
8 61 50
8 61 50
8 61 50
8 61 50
8 61 50
8 61 50
8 61 50
8 61 50
8 61 50
8 62 50
8 62 50
8 62 50
8 62 50
8 62 50
8 62 50
8 62 50
8 62 50
8 62 50
8 62 50
8 62 50
8 62 50
8 62 50
8 62 50
8 62 50
8 62 50
8 62 50
8 62 50
8 62 50
8 62 50
8 62 50
8 62 50
8 62 50
8 62 50
8 62 50
8 63 50
8 63 50
8 63 50
8 63 50
8 63 50
8 63 50
8 63 50
8 63 50
8 63 50
8 63 50
8 63 50
8 63 50
8 63 50
8 63 50
8 63 50
8 63 50
8 63 50
8 63 50
8 63 50
8 63 50
8 63 50
8 63 50
8 63 50
8 63 50
8 63 50
8 63 50
8 63 50
8 63 50
8 64 50
8 64 50
8 64 50
8 64 50
8 64 50
8 64 50
8 64 50
8 64 50
8 64 50
8 64 50
8 64 50
8 64 50
8 64 50
8 64 50
8 64 50
8 64 50
8 64 50
8 64 50
8 64 50
8 64 50
8 64 50
8 64 50
8 64 50
8 64 50
8 64 50
8 64 50
8 64 50
8 64 50
8 64 50
8 64 50
8 64 50
8 65 50
8 65 50
8 65 50
8 65 50
8 65 50
8 65 50
8 65 50
8 65 50
8 65 50
8 65 50
8 65 50
8 65 50
8 65 50
8 65 50
8 65 50
8 65 50
8 65 50
8 65 50
8 65 50
8 65 50
8 65 50
8 65 50
8 65 50
8 65 50
8 65 50
8 65 50
8 65 50
8 65 50
8 65 50
8 65 50
8 65 50
8 65 50
8 65 50
8 65 50
8 66 50
8 66 50
8 66 50
8 66 50
8 66 50
8 66 50
8 66 50
8 66 50
8 66 50
8 66 50
8 66 50
8 66 50
8 66 50
8 66 50
8 66 50
8 66 50
8 66 50
8 66 50
8 66 50
8 66 50
8 66 50
8 66 50
8 66 50
8 66 50
8 66 50
8 66 50
8 66 50
8 66 50
8 66 50
8 66 50
8 66 50
8 66 50
8 66 50
8 66 50
8 66 50
8 66 50
8 66 50
8 67 50
8 67 50
8 67 50
8 67 50
8 67 50
8 67 50
8 67 50
8 67 50
8 67 50
8 67 50
8 67 50
8 67 50
8 67 50
8 67 50
8 67 50
8 67 50
8 67 50
8 67 50
8 67 50
8 67 50
8 67 50
8 67 50
8 67 50
8 67 50
8 67 50
8 67 50
8 67 50
8 67 50
8 67 50
8 67 50
8 67 50
8 67 50
8 67 50
8 67 50
8 67 50
8 67 50
8 67 50
8 67 50
8 67 50
8 67 50
8 67 50
8 68 50
8 68 50
8 68 50
8 68 50
8 68 50
8 68 50
8 68 50
8 68 50
8 68 50
8 68 50
8 68 50
8 68 50
8 68 50
8 68 50
8 68 50
8 68 50
8 68 50
8 68 50
8 68 50
8 68 50
8 68 50
8 68 50
8 68 50
8 68 50
8 68 50
8 68 50
8 68 50
8 68 50
8 68 50
8 68 50
8 68 50
8 68 50
8 68 50
8 68 50
8 68 50
8 68 50
8 68 50
8 68 50
8 68 50
8 68 50
8 68 50
8 68 50
8 68 50
8 69 50
8 69 50
8 69 50
8 69 50
8 69 50
8 69 50
8 69 50
8 69 50
8 69 50
8 69 50
8 69 50
8 69 50
8 69 50
8 69 50
8 69 50
8 69 50
8 69 50
8 69 50
8 69 50
8 69 50
8 69 50
8 69 50
8 69 50
8 69 50
8 69 50
8 69 50
8 69 50
8 69 50
8 69 50
8 69 50
8 69 50
8 69 50
8 69 50
8 69 50
8 69 50
8 69 50
8 69 50
8 69 50
8 69 50
8 69 50
8 69 50
8 69 50
8 69 50
8 69 50
8 69 50
8 69 50
8 70 50
8 70 50
8 70 50
8 70 50
8 70 50
8 70 50
8 70 50
8 70 50
8 70 50
8 70 50
8 70 50
8 70 50
8 70 50
8 70 50
8 70 50
8 70 50
8 70 50
8 70 50
8 70 50
8 70 50
8 70 50
8 70 50
8 70 50
8 70 50
8 70 50
8 70 50
8 70 50
8 70 50
8 70 50
8 70 50
8 70 50
8 70 50
8 70 50
8 70 50
8 70 50
8 70 50
8 70 50
8 70 50
8 70 50
8 70 50
8 70 50
8 70 50
8 70 50
8 70 50
8 70 50
8 70 50
8 70 50
8 70 50
8 71 50
8 71 50
8 71 50
8 71 50
8 71 50
8 71 50
8 71 50
8 71 50
8 71 50
8 71 50
8 71 50
8 71 50
8 71 50
8 71 50
8 71 50
8 71 50
8 71 50
8 71 50
8 71 50
8 71 50
8 71 50
8 71 50
8 71 50
8 71 50
8 71 50
8 71 50
8 71 50
8 71 50
8 71 50
8 71 50
8 71 50
8 71 50
8 71 50
8 71 50
8 71 50
8 71 50
8 71 50
8 71 50
8 71 50
8 71 50
8 71 50
8 71 50
8 71 50
8 71 50
8 71 50
8 71 50
8 71 50
8 71 50
8 71 50
8 71 50
8 72 50
8 72 50
8 72 50
8 72 50
8 72 50
8 72 50
8 72 50
8 72 50
8 72 50
8 72 50
8 72 50
8 72 50
8 72 50
8 72 50
8 72 50
8 72 50
8 72 50
8 72 50
8 72 50
8 72 50
8 72 50
8 72 50
8 72 50
8 72 50
8 72 50
8 72 50
8 72 50
8 72 50
8 72 50
8 72 50
8 72 50
8 72 50
8 72 50
8 72 50
8 72 50
8 72 50
8 72 50
8 72 50
8 72 50
8 72 50
8 72 50
8 72 50
8 72 50
8 72 50
8 72 50
8 72 50
8 72 50
8 72 50
8 72 50
8 72 50
8 73 50
8 73 50
8 73 50
8 73 50
8 73 50
8 73 50
8 73 50
8 73 50
8 73 50
8 73 50
8 73 50
8 73 50
8 73 50
8 73 50
8 73 50
8 73 50
8 73 50
8 73 50
8 73 50
8 73 50
8 73 50
8 73 50
8 73 50
8 73 50
8 73 50
8 73 50
8 73 50
8 73 50
8 73 50
8 73 50
8 73 50
8 73 50
8 73 50
8 73 50
8 73 50
8 73 50
8 73 50
8 73 50
8 73 50
8 73 50
8 73 50
8 73 50
8 73 50
8 73 50
8 73 50
8 73 50
8 73 50
8 73 50
8 73 50
8 73 50
8 74 50
8 74 50
8 74 50
8 74 50
8 74 50
8 74 50
8 74 50
8 74 50
8 74 50
8 74 50
8 74 50
8 74 50
8 74 50
8 74 50
8 74 50
8 74 50
8 74 50
8 74 50
8 74 50
8 74 50
8 74 50
8 74 50
8 74 50
8 74 50
8 74 50
8 74 50
8 74 50
8 74 50
8 74 50
8 74 50
8 74 50
8 74 50
8 74 50
8 74 50
8 74 50
8 74 50
8 74 50
8 74 50
8 74 50
8 74 50
8 74 50
8 74 50
8 74 50
8 74 50
8 74 50
8 74 50
8 74 50
8 74 50
8 75 50
8 75 50
8 75 50
8 75 50
8 75 50
8 75 50
8 75 50
8 75 50
8 75 50
8 75 50
8 75 50
8 75 50
8 75 50
8 75 50
8 75 50
8 75 50
8 75 50
8 75 50
8 75 50
8 75 50
8 75 50
8 75 50
8 75 50
8 75 50
8 75 50
8 75 50
8 75 50
8 75 50
8 75 50
8 75 50
8 75 50
8 75 50
8 75 50
8 75 50
8 75 50
8 75 50
8 75 50
8 75 50
8 75 50
8 75 50
8 75 50
8 75 50
8 75 50
8 75 50
8 75 50
8 75 50
8 76 50
8 76 50
8 76 50
8 76 50
8 76 50
8 76 50
8 76 50
8 76 50
8 76 50
8 76 50
8 76 50
8 76 50
8 76 50
8 76 50
8 76 50
8 76 50
8 76 50
8 76 50
8 76 50
8 76 50
8 76 50
8 76 50
8 76 50
8 76 50
8 76 50
8 76 50
8 76 50
8 76 50
8 76 50
8 76 50
8 76 50
8 76 50
8 76 50
8 76 50
8 76 50
8 76 50
8 76 50
8 76 50
8 76 50
8 76 50
8 76 50
8 76 50
8 77 50
8 77 50
8 77 50
8 77 50
8 77 50
8 77 50
8 77 50
8 77 50
8 77 50
8 77 50
8 77 50
8 77 50
8 77 50
8 77 50
8 77 50
8 77 50
8 77 50
8 77 50
8 77 50
8 77 50
8 77 50
8 77 50
8 77 50
8 77 50
8 77 50
8 77 50
8 77 50
8 77 50
8 77 50
8 77 50
8 77 50
8 77 50
8 77 50
8 77 50
8 77 50
8 77 50
8 77 50
8 78 50
8 78 50
8 78 50
8 78 50
8 78 50
8 78 50
8 78 50
8 78 50
8 78 50
8 78 50
8 78 50
8 78 50
8 78 50
8 78 50
8 78 50
8 78 50
8 78 50
8 78 50
8 78 50
8 78 50
8 78 50
8 78 50
8 78 50
8 78 50
8 78 50
8 78 50
8 78 50
8 78 50
8 78 50
8 78 50
8 78 50
8 79 50
8 79 50
8 79 50
8 79 50
8 79 50
8 79 50
8 79 50
8 79 50
8 79 50
8 79 50
8 79 50
8 79 50
8 79 50
8 79 50
8 79 50
8 79 50
8 79 50
8 79 50
8 79 50
8 79 50
8 79 50
8 79 50
8 79 50
8 79 50
8 79 50
8 79 50
8 80 50
8 80 50
8 80 50
8 80 50
8 80 50
8 80 50
8 80 50
8 80 50
8 80 50
8 80 50
8 80 50
8 80 50
8 80 50
8 80 50
8 80 50
8 80 50
8 80 50
8 80 50
8 80 50
8 80 50
8 81 50
8 81 50
8 81 50
8 81 50
8 81 50
8 81 50
8 81 50
8 81 50
8 81 50
8 81 50
8 81 50
8 81 50
8 81 50
8 81 50
8 81 50
8 82 50
8 82 50
8 82 50
8 82 50
8 82 50
8 82 50
8 82 50
8 82 50
8 82 50
8 82 50
8 82 50
8 83 50
8 83 50
8 83 50
8 83 50
8 83 50
8 83 50
8 83 50
8 84 50
8 84 50
8 84 50
8 84 50
8 84 50
8 85 50
8 85 50
8 85 50
8 86 50
8 86 50
8 87 50
8 88 50
8 89 50
23 43 50
23 43 50
24 43 50
25 43 50
26 43 50
27 43 50
28 43 50
29 43 50
30 43 50
31 43 50
32 43 50
33 43 50
34 43 50
34 42 50
34 41 50
34 40 50
34 39 50
34 38 50
34 37 50
34 37 50
34 36 50
34 36 50
34 35 50
34 35 50
34 35 50
34 34 50
34 34 50
34 34 50
34 34 50
34 33 50
34 33 50
34 33 50
34 33 50
34 32 50
34 32 50
34 32 50
34 32 50
34 32 50
34 31 50
34 31 50
34 31 50
34 31 50
34 31 50
34 30 50
34 30 50
34 30 50
34 30 50
34 30 50
34 29 50
34 29 50
34 29 50
34 29 50
34 28 50
34 28 50
34 28 50
34 28 50
34 27 50
34 27 50
34 27 50
34 26 50
34 26 50
34 25 50
34 25 50
34 24 50
34 24 50
34 23 50
34 22 50
34 21 50
34 20 50
34 19 50
34 18 50
34 17 50
34 16 50
34 15 50
34 14 50
34 13 50
34 12 50
34 11 50
34 10 50
34 9 50
34 8 50
30 196 50
31 196 50
32 196 50
32 196 50
33 196 50
33 196 50
34 196 50
34 196 50
34 196 50
35 196 50
35 196 50
35 196 50
36 196 50
36 196 50
36 196 50
37 196 50
37 196 50
37 196 50
37 196 50
38 196 50
38 196 50
38 196 50
38 196 50
39 196 50
39 196 50
39 196 50
39 196 50
40 196 50
40 196 50
40 196 50
40 196 50
41 196 50
41 196 50
41 196 50
41 196 50
42 196 50
42 196 50
42 196 50
42 196 50
43 196 50
43 196 50
43 196 50
43 196 50
43 196 50
44 196 50
44 196 50
44 196 50
44 196 50
44 196 50
45 196 50
45 196 50
45 196 50
45 196 50
45 196 50
45 196 50
46 196 50
46 196 50
46 196 50
46 196 50
46 196 50
46 196 50
46 196 50
47 196 50
47 196 50
47 196 50
47 196 50
47 196 50
47 196 50
47 196 50
47 196 50
48 196 50
48 196 50
48 196 50
48 196 50
48 196 50
48 196 50
48 196 50
48 196 50
48 196 50
48 196 50
49 196 50
49 196 50
49 196 50
49 196 50
49 196 50
49 196 50
49 196 50
49 196 50
49 196 50
49 196 50
49 196 50
49 196 50
50 196 50
50 196 50
50 196 50
50 196 50
50 196 50
50 196 50
50 196 50
50 196 50
50 196 50
50 196 50
50 196 50
50 196 50
50 196 50
51 196 50
51 196 50
51 196 50
51 196 50
51 196 50
51 196 50
51 196 50
51 196 50
51 196 50
51 196 50
51 196 50
51 196 50
51 196 50
51 196 50
51 196 50
52 196 50
52 196 50
52 196 50
52 196 50
52 196 50
52 196 50
52 196 50
52 196 50
52 196 50
52 196 50
52 196 50
52 196 50
52 196 50
52 196 50
52 196 50
52 196 50
53 196 50
53 196 50
53 196 50
53 196 50
53 196 50
53 196 50
53 196 50
53 196 50
53 196 50
53 196 50
53 196 50
53 196 50
53 196 50
53 196 50
53 196 50
53 196 50
53 196 50
54 196 50
54 196 50
54 196 50
54 196 50
54 196 50
54 196 50
54 196 50
54 196 50
54 196 50
54 196 50
54 196 50
54 196 50
54 196 50
54 196 50
54 196 50
54 196 50
54 196 50
54 196 50
55 196 50
55 196 50
55 196 50
55 196 50
55 196 50
55 196 50
55 196 50
55 196 50
55 196 50
55 196 50
55 196 50
55 196 50
55 196 50
55 196 50
55 196 50
55 196 50
55 196 50
55 196 50
56 196 50
56 196 50
56 196 50
56 196 50
56 196 50
56 196 50
56 196 50
56 196 50
56 196 50
56 196 50
56 196 50
56 196 50
56 196 50
56 196 50
56 196 50
56 196 50
56 196 50
56 196 50
57 196 50
57 196 50
57 196 50
57 196 50
57 196 50
57 196 50
57 196 50
57 196 50
57 196 50
57 196 50
57 196 50
57 196 50
57 196 50
57 196 50
57 196 50
57 196 50
57 196 50
57 196 50
58 196 50
58 196 50
58 196 50
58 196 50
58 196 50
58 196 50
58 196 50
58 196 50
58 196 50
58 196 50
58 196 50
58 196 50
58 196 50
58 196 50
58 196 50
58 196 50
58 196 50
58 196 50
59 196 50
59 196 50
59 196 50
59 196 50
59 196 50
59 196 50
59 196 50
59 196 50
59 196 50
59 196 50
59 196 50
59 196 50
59 196 50
59 196 50
59 196 50
59 196 50
59 196 50
59 196 50
60 196 50
60 196 50
60 196 50
60 196 50
60 196 50
60 196 50
60 196 50
60 196 50
60 196 50
60 196 50
60 196 50
60 196 50
60 196 50
60 196 50
60 196 50
60 196 50
60 196 50
61 196 50
61 196 50
61 196 50
61 196 50
61 196 50
61 196 50
61 196 50
61 196 50
61 196 50
61 196 50
61 196 50
61 196 50
61 196 50
61 196 50
61 196 50
61 196 50
61 196 50
62 196 50
62 196 50
62 196 50
62 196 50
62 196 50
62 196 50
62 196 50
62 196 50
62 196 50
62 196 50
62 196 50
62 196 50
62 196 50
62 196 50
62 196 50
62 196 50
62 196 50
63 196 50
63 196 50
63 196 50
63 196 50
63 196 50
63 196 50
63 196 50
63 196 50
63 196 50
63 196 50
63 196 50
63 196 50
63 196 50
63 196 50
63 196 50
63 196 50
63 196 50
63 196 50
64 196 50
64 196 50
64 196 50
64 196 50
64 196 50
64 196 50
64 196 50
64 196 50
64 196 50
64 196 50
64 196 50
64 196 50
64 196 50
64 196 50
64 196 50
64 196 50
64 196 50
64 196 50
65 196 50
65 196 50
65 196 50
65 196 50
65 196 50
65 196 50
65 196 50
65 196 50
65 196 50
65 196 50
65 196 50
65 196 50
65 196 50
65 196 50
65 196 50
65 196 50
65 196 50
65 196 50
66 196 50
66 196 50
66 196 50
66 196 50
66 196 50
66 196 50
66 196 50
66 196 50
66 196 50
66 196 50
66 196 50
66 196 50
66 196 50
66 196 50
66 196 50
66 196 50
66 196 50
67 196 50
67 196 50
67 196 50
67 196 50
67 196 50
67 196 50
67 196 50
67 196 50
67 196 50
67 196 50
67 196 50
67 196 50
67 196 50
67 196 50
67 196 50
67 196 50
68 196 50
68 196 50
68 196 50
68 196 50
68 196 50
68 196 50
68 196 50
68 196 50
68 196 50
68 196 50
68 196 50
68 196 50
68 196 50
68 196 50
68 196 50
69 196 50
69 196 50
69 196 50
69 196 50
69 196 50
69 196 50
69 196 50
69 196 50
69 196 50
69 196 50
69 196 50
69 196 50
69 196 50
70 196 50
70 196 50
70 196 50
70 196 50
70 196 50
70 196 50
70 196 50
70 196 50
70 196 50
70 196 50
70 196 50
71 196 50
71 196 50
71 196 50
71 196 50
71 196 50
71 196 50
71 196 50
71 196 50
71 196 50
71 196 50
72 196 50
72 196 50
72 196 50
72 196 50
72 196 50
72 196 50
72 196 50
72 196 50
73 196 50
73 196 50
73 196 50
73 196 50
73 196 50
73 196 50
74 196 50
74 196 50
74 196 50
74 196 50
74 196 50
75 196 50
75 196 50
75 196 50
75 196 50
76 196 50
76 196 50
76 196 50
76 196 50
77 196 50
77 196 50
77 196 50
78 196 50
78 196 50
78 196 50
79 196 50
79 196 50
79 196 50
80 196 50
80 196 50
80 196 50
81 196 50
81 196 50
81 196 50
82 196 50
82 196 50
82 196 50
83 196 50
83 196 50
83 196 50
84 196 50
84 196 50
84 196 50
85 196 50
85 196 50
85 196 50
86 196 50
86 196 50
86 196 50
87 196 50
87 196 50
87 196 50
88 196 50
88 196 50
88 196 50
89 196 50
89 196 50
89 196 50
90 196 50
90 196 50
90 196 50
91 196 50
91 196 50
91 196 50
92 196 50
92 196 50
92 196 50
92 196 50
93 196 50
93 196 50
93 196 50
93 196 50
94 196 50
94 196 50
94 196 50
94 196 50
95 196 50
95 196 50
95 196 50
95 196 50
95 196 50
96 196 50
96 196 50
96 196 50
96 196 50
96 196 50
97 196 50
97 196 50
97 196 50
97 196 50
97 196 50
97 196 50
98 196 50
98 196 50
98 196 50
98 196 50
98 196 50
98 196 50
98 196 50
99 196 50
99 196 50
99 196 50
99 196 50
99 196 50
99 196 50
99 196 50
99 196 50
100 196 50
100 196 50
100 196 50
100 196 50
100 196 50
100 196 50
100 196 50
100 196 50
100 196 50
101 196 50
101 196 50
101 196 50
101 196 50
101 196 50
101 196 50
101 196 50
101 196 50
101 196 50
101 196 50
102 196 50
102 196 50
102 196 50
102 196 50
102 196 50
102 196 50
102 196 50
102 196 50
102 196 50
102 196 50
103 196 50
103 196 50
103 196 50
103 196 50
103 196 50
103 196 50
103 196 50
103 196 50
103 196 50
103 196 50
104 196 50
104 196 50
104 196 50
104 196 50
104 196 50
104 196 50
104 196 50
104 196 50
104 196 50
104 196 50
105 196 50
105 196 50
105 196 50
105 196 50
105 196 50
105 196 50
105 196 50
105 196 50
105 196 50
106 196 50
106 196 50
106 196 50
106 196 50
106 196 50
106 196 50
106 196 50
107 196 50
107 196 50
107 196 50
107 196 50
107 196 50
107 196 50
108 196 50
108 196 50
108 196 50
108 196 50
109 196 50
109 196 50
109 196 50
110 196 50
110 196 50
111 196 50
111 196 50
112 196 50
113 196 50
114 196 50
115 196 50
116 196 50
117 196 50
118 196 50
119 196 50
120 196 50
121 196 50
122 196 50
123 196 50
124 196 50
125 196 50
126 196 50
127 196 50
128 196 50
129 196 50
130 196 50
131 196 50
131 195 50
131 194 50
131 193 50
131 192 50
131 191 50
131 190 50
195 159 50
195 159 50
194 159 50
194 159 50
193 159 50
193 159 50
192 159 50
192 159 50
192 159 50
191 159 50
191 159 50
191 159 50
190 159 50
190 159 50
190 159 50
189 159 50
189 159 50
189 159 50
189 159 50
188 159 50
188 159 50
188 159 50
188 159 50
187 159 50
187 159 50
187 159 50
187 159 50
187 159 50
186 159 50
186 159 50
186 159 50
186 159 50
186 159 50
186 159 50
185 159 50
185 159 50
185 159 50
185 159 50
185 159 50
185 159 50
185 159 50
185 159 50
184 159 50
184 159 50
184 159 50
184 159 50
184 159 50
184 159 50
184 159 50
184 159 50
184 159 50
184 159 50
183 159 50
183 159 50
183 159 50
183 159 50
183 159 50
183 159 50
183 159 50
183 159 50
183 159 50
183 159 50
183 159 50
183 159 50
182 159 50
182 159 50
182 159 50
182 159 50
182 159 50
182 159 50
182 159 50
182 159 50
182 159 50
182 159 50
182 159 50
182 159 50
182 159 50
182 159 50
182 159 50
181 159 50
181 159 50
181 159 50
181 159 50
181 159 50
181 159 50
181 159 50
181 159 50
181 159 50
181 159 50
181 159 50
181 159 50
181 159 50
181 159 50
181 159 50
181 159 50
181 159 50
180 159 50
180 159 50
180 159 50
180 159 50
180 159 50
180 159 50
180 159 50
180 159 50
180 159 50
180 159 50
180 159 50
180 159 50
180 159 50
180 159 50
180 159 50
180 159 50
180 159 50
180 159 50
180 159 50
179 159 50
179 159 50
179 159 50
179 159 50
179 159 50
179 159 50
179 159 50
179 159 50
179 159 50
179 159 50
179 159 50
179 159 50
179 159 50
179 159 50
179 159 50
179 159 50
179 159 50
179 159 50
179 159 50
179 159 50
178 159 50
178 159 50
178 159 50
178 159 50
178 159 50
178 159 50
178 159 50
178 159 50
178 159 50
178 159 50
178 159 50
178 159 50
178 159 50
178 159 50
178 159 50
178 159 50
178 159 50
178 159 50
178 159 50
178 159 50
178 159 50
177 159 50
177 159 50
177 159 50
177 159 50
177 159 50
177 159 50
177 159 50
177 159 50
177 159 50
177 159 50
177 159 50
177 159 50
177 159 50
177 159 50
177 159 50
177 159 50
177 159 50
177 159 50
177 159 50
177 159 50
176 159 50
176 159 50
176 159 50
176 159 50
176 159 50
176 159 50
176 159 50
176 159 50
176 159 50
176 159 50
176 159 50
176 159 50
176 159 50
176 159 50
176 159 50
176 159 50
176 159 50
176 159 50
176 159 50
175 159 50
175 159 50
175 159 50
175 159 50
175 159 50
175 159 50
175 159 50
175 159 50
175 159 50
175 159 50
175 159 50
175 159 50
175 159 50
175 159 50
175 159 50
175 159 50
175 159 50
175 159 50
174 159 50
174 159 50
174 159 50
174 159 50
174 159 50
174 159 50
174 159 50
174 159 50
174 159 50
174 159 50
174 159 50
174 159 50
174 159 50
174 159 50
174 159 50
174 159 50
173 159 50
173 159 50
173 159 50
173 159 50
173 159 50
173 159 50
173 159 50
173 159 50
173 159 50
173 159 50
173 159 50
173 159 50
173 159 50
173 159 50
172 159 50
172 159 50
172 159 50
172 159 50
172 159 50
172 159 50
172 159 50
172 159 50
172 159 50
172 159 50
172 159 50
172 159 50
171 159 50
171 159 50
171 159 50
171 159 50
171 159 50
171 159 50
171 159 50
171 159 50
171 159 50
171 159 50
170 159 50
170 159 50
170 159 50
170 159 50
170 159 50
170 159 50
170 159 50
169 159 50
169 159 50
169 159 50
169 159 50
169 159 50
168 159 50
168 159 50
168 159 50
168 159 50
167 159 50
167 159 50
167 159 50
166 159 50
166 159 50
165 159 50
164 159 50
163 159 50
162 159 50
161 159 50
160 159 50
159 159 50
158 159 50
157 159 50
156 159 50
155 159 50
154 159 50
153 159 50
152 159 50
152 159 50
151 159 50
151 159 50
150 159 50
150 159 50
150 159 50
149 159 50
149 159 50
149 159 50
148 159 50
148 159 50
148 159 50
148 159 50
147 159 50
147 159 50
147 159 50
147 159 50
147 159 50
147 159 50
146 159 50
146 159 50
146 159 50
146 159 50
146 159 50
146 159 50
146 159 50
145 159 50
145 159 50
145 159 50
145 159 50
145 159 50
145 159 50
145 159 50
145 159 50
144 159 50
144 159 50
144 159 50
144 159 50
144 159 50
144 159 50
144 159 50
144 159 50
144 159 50
144 159 50
143 159 50
143 159 50
143 159 50
143 159 50
143 159 50
143 159 50
143 159 50
143 159 50
143 159 50
143 159 50
143 159 50
142 159 50
142 159 50
142 159 50
142 159 50
142 159 50
142 159 50
142 159 50
142 159 50
142 159 50
142 159 50
142 159 50
142 159 50
141 159 50
141 159 50
141 159 50
141 159 50
141 159 50
141 159 50
141 159 50
141 159 50
141 159 50
141 159 50
141 159 50
141 159 50
141 159 50
140 159 50
140 159 50
140 159 50
140 159 50
140 159 50
140 159 50
140 159 50
140 159 50
140 159 50
140 159 50
140 159 50
140 159 50
140 159 50
139 159 50
139 159 50
139 159 50
139 159 50
139 159 50
139 159 50
139 159 50
139 159 50
139 159 50
139 159 50
139 159 50
139 159 50
139 159 50
138 159 50
138 159 50
138 159 50
138 159 50
138 159 50
138 159 50
138 159 50
138 159 50
138 159 50
138 159 50
138 159 50
138 159 50
137 159 50
137 159 50
137 159 50
137 159 50
137 159 50
137 159 50
137 159 50
137 159 50
137 159 50
137 159 50
136 159 50
136 159 50
136 159 50
136 159 50
136 159 50
136 159 50
136 159 50
136 159 50
136 159 50
135 159 50
135 159 50
135 159 50
135 159 50
135 159 50
135 159 50
135 159 50
134 159 50
134 159 50
134 159 50
134 159 50
134 159 50
134 159 50
133 159 50
133 159 50
133 159 50
133 159 50
133 159 50
132 159 50
132 159 50
132 159 50
132 159 50
131 159 50
131 159 50
131 159 50
131 160 100
131 160 50
131 160 50
131 161 50
131 161 50
131 161 50
131 161 50
131 161 50
131 162 50
131 162 50
131 162 50
131 162 50
131 162 50
131 162 50
131 163 50
131 163 50
131 163 50
131 163 50
131 163 50
131 163 50
131 163 50
131 164 50
131 164 50
131 164 50
131 164 50
131 164 50
131 164 50
131 164 50
131 164 50
131 165 50
131 165 50
131 165 50
131 165 50
131 165 50
131 165 50
131 165 50
131 165 50
131 166 50
131 166 50
131 166 50
131 166 50
131 166 50
131 166 50
131 166 50
131 166 50
131 166 50
131 167 50
131 167 50
131 167 50
131 167 50
131 167 50
131 167 50
131 167 50
131 167 50
131 167 50
131 168 50
131 168 50
131 168 50
131 168 50
131 168 50
131 168 50
131 168 50
131 168 50
131 168 50
131 169 50
131 169 50
131 169 50
131 169 50
131 169 50
131 169 50
131 169 50
131 169 50
131 170 50
131 170 50
131 170 50
131 170 50
131 170 50
131 170 50
131 170 50
131 171 50
131 171 50
131 171 50
131 171 50
131 171 50
131 172 50
131 172 50
131 172 50
131 172 50
131 173 50
131 173 50
131 173 50
131 174 50
131 174 50
131 175 50
131 175 50
131 176 50
131 177 50
131 178 50
131 179 50
131 180 50
131 181 50
131 182 50
131 183 50
131 184 50
131 185 50
131 186 50
131 187 50
131 188 50
131 189 50
