191 195 120
190 195 120
189 195 120
188 195 120
187 195 120
186 195 120
185 195 120
184 195 120
183 195 120
182 195 120
181 195 120
180 195 120
179 195 120
179 195 120
178 195 120
178 195 120
177 195 120
177 195 120
176 195 120
176 195 120
176 195 120
175 195 240
175 195 120
175 195 120
174 195 360
174 195 120
173 195 360
173 195 120
173 195 120
172 195 480
172 195 120
172 195 120
171 195 600
171 195 120
170 195 600
170 195 120
170 195 120
169 195 720
169 195 120
169 195 120
168 195 840
168 195 120
168 195 120
167 195 960
167 195 120
166 195 960
166 195 120
166 195 120
165 195 1080
165 195 120
164 195 1080
164 195 120
164 195 120
163 195 1200
163 195 120
162 195 1200
161 195 1200
160 195 1200
159 195 120
159 195 120
159 195 120
159 195 120
159 195 120
159 195 120
159 195 120
158 195 720
157 195 720
156 195 720
155 195 120
155 195 120
155 195 120
154 195 240
154 195 120
153 195 240
152 195 240
151 195 240
150 195 120
150 195 120
149 195 120
149 195 120
148 195 120
148 195 120
148 194 120
148 194 120
148 193 120
148 192 120
148 191 120
148 190 120
148 189 120
148 188 120
148 187 120
148 186 120
148 185 120
148 184 120
148 183 120
148 182 120
148 181 120
148 180 120
148 179 120
148 178 120
148 177 120
148 176 120
148 175 120
148 174 120
148 173 120
148 172 120
148 171 120
148 170 120
148 169 120
148 168 120
148 167 120
148 166 120
148 165 120
148 164 120
148 163 120
148 162 120
148 161 120
148 160 120
148 159 120
148 158 120
148 157 120
148 156 120
148 155 120
148 154 120
148 154 120
148 153 120
148 153 120
148 152 120
148 152 120
148 151 120
148 151 120
148 150 120
148 150 120
148 149 120
148 149 120
148 148 120
148 147 120
148 146 120
148 145 120
148 144 120
148 143 120
148 142 120
148 141 120
148 140 120
148 139 120
148 138 120
148 137 120
148 136 120
148 135 120
148 134 120
148 133 120
148 132 120
148 131 120
148 130 120
148 129 120
148 128 120
148 127 120
148 126 120
60 171 120
61 171 120
62 171 120
63 171 120
64 171 120
65 171 120
66 171 120
67 171 120
68 171 120
69 171 120
70 171 120
71 171 120
72 171 120
73 171 120
74 171 120
75 171 120
76 171 120
77 171 120
78 171 120
79 171 120
80 171 120
81 171 120
82 171 120
83 171 120
84 171 120
85 171 120
86 171 120
87 171 120
87 171 120
88 171 120
88 171 120
89 171 120
89 171 120
89 171 120
90 171 240
90 171 120
90 171 120
91 171 360
91 171 120
91 171 120
91 171 120
92 171 600
92 171 120
92 171 120
92 171 120
93 171 840
93 171 120
93 171 120
94 171 960
94 171 120
94 171 120
94 171 120
95 171 1200
95 171 120
95 171 120
95 171 120
96 171 1440
96 171 120
96 171 120
97 171 1560
97 171 120
97 171 120
98 171 1680
98 171 120
99 171 1680
99 171 120
99 171 120
100 171 1800
100 171 120
101 171 1800
101 171 120
101 171 120
102 171 1920
102 171 120
102 171 120
103 171 2040
103 171 120
103 171 120
104 171 2160
104 171 120
104 171 120
105 171 2280
105 171 120
105 171 120
105 171 120
106 171 2520
106 171 120
106 171 120
106 171 120
107 171 2760
107 171 120
107 171 120
107 171 120
108 171 3000
108 171 120
108 171 120
108 171 120
109 171 3240
109 171 120
109 171 120
109 171 120
110 171 3480
110 171 120
110 171 120
111 171 3600
111 171 120
111 171 120
112 171 3720
112 171 120
112 171 120
113 171 3840
113 171 120
114 171 3840
115 171 3840
116 171 3840
117 171 120
117 171 120
117 171 120
117 171 120
117 171 120
117 171 120
117 171 120
117 171 120
117 171 120
117 171 120
117 171 120
117 171 120
117 171 120
117 171 120
117 171 120
117 171 120
117 171 120
117 171 120
117 171 120
117 171 120
117 171 120
117 171 120
117 171 120
117 171 120
117 171 120
117 171 120
118 171 3000
119 171 3000
120 171 3000
121 171 120
121 171 120
121 171 120
121 171 120
121 171 120
121 171 120
121 171 120
121 171 120
121 171 120
121 171 120
121 171 120
121 171 120
121 171 120
121 171 120
121 171 120
122 171 1680
123 171 1680
124 171 1680
125 171 120
125 171 120
125 171 120
125 171 120
125 171 120
126 171 480
127 171 480
128 171 480
129 171 120
129 171 120
130 171 120
131 171 120
132 171 120
133 171 120
134 171 120
135 171 120
136 171 120
137 171 120
138 171 120
139 171 120
140 171 120
141 171 120
142 171 120
143 171 120
144 171 120
145 171 120
146 171 120
147 171 120
59 171 120
58 171 120
57 171 120
56 171 120
55 171 120
54 171 120
53 171 120
52 171 120
51 171 120
50 171 120
49 171 120
48 171 120
47 171 120
46 171 120
45 171 120
44 171 120
43 171 120
42 171 120
41 171 120
40 171 120
39 171 120
38 171 120
37 171 120
36 171 120
35 171 120
35 171 120
34 171 120
34 171 120
33 171 120
33 171 120
33 171 120
32 171 240
32 171 120
32 171 120
31 171 360
31 171 120
31 171 120
30 171 480
30 171 120
29 171 480
29 171 120
29 171 120
28 171 600
28 171 120
28 171 120
27 171 720
27 171 120
26 171 720
26 171 120
25 171 720
25 171 120
24 171 720
24 171 120
23 171 720
23 171 120
22 171 720
22 171 120
21 171 720
21 171 120
20 171 720
20 171 120
19 171 720
19 171 120
18 171 720
18 171 120
18 171 120
17 171 840
17 171 120
17 170 840
17 170 120
17 170 120
17 169 960
17 169 120
17 169 120
17 168 1080
17 168 120
17 167 1080
17 167 120
17 166 1080
17 166 120
17 165 1080
17 165 120
17 164 1080
17 164 120
17 163 1080
17 162 1080
17 161 1080
17 160 120
17 160 120
17 160 120
17 160 120
17 160 120
17 160 120
17 160 120
17 160 120
17 159 840
17 159 120
17 158 840
17 158 120
17 157 840
17 157 120
17 156 840
17 156 120
17 156 120
17 155 960
17 155 120
17 154 960
17 154 120
17 154 120
17 153 1080
17 153 120
17 152 1080
17 152 120
17 151 1080
17 151 120
17 150 1080
17 149 1080
17 148 1080
17 147 120
17 147 120
17 147 120
17 147 120
17 147 120
17 147 120
17 146 600
17 145 600
17 144 600
17 143 120
17 143 120
17 143 120
17 143 120
17 142 360
17 142 120
17 141 360
17 141 120
17 140 360
17 140 120
17 139 360
17 138 360
17 137 360
17 136 120
17 136 120
17 136 120
17 135 240
17 135 120
17 134 240
17 134 120
17 133 240
17 133 120
17 132 240
17 131 240
17 130 240
17 129 120
17 128 120
17 127 120
17 126 120
17 125 120
17 124 120
17 123 120
17 122 120
17 121 120
17 120 120
17 119 120
17 118 120
17 117 120
17 116 120
17 115 120
17 114 120
17 113 120
17 112 120
17 111 120
17 110 120
17 109 120
17 108 120
17 107 120
17 106 120
17 105 120
17 104 120
17 103 120
17 102 120
17 101 120
17 100 120
17 99 120
17 98 120
17 97 120
17 96 120
17 95 120
17 94 120
17 94 120
17 93 120
17 93 120
17 92 120
17 92 120
17 91 120
17 91 120
17 90 120
17 90 120
17 89 120
17 89 120
17 88 120
17 88 120
17 87 120
17 87 120
17 86 120
17 86 120
17 85 120
17 85 120
17 84 120
17 84 120
17 83 120
17 83 120
17 83 120
17 82 240
17 82 120
17 81 240
17 81 120
17 80 240
17 80 120
17 80 120
17 79 360
17 79 120
17 78 360
17 78 120
17 78 120
17 77 480
17 77 120
17 76 480
17 76 120
17 75 480
17 75 120
17 74 480
17 74 120
17 73 480
17 73 120
17 72 480
17 72 120
17 71 480
17 71 120
17 70 480
17 70 120
17 70 120
17 69 600
17 69 120
17 69 120
17 68 720
17 68 120
17 68 120
17 67 840
17 67 120
17 67 120
17 66 960
17 66 120
17 66 120
17 66 120
17 65 1200
17 65 120
17 65 120
17 64 1320
17 64 120
17 64 120
17 64 120
17 63 1560
17 63 120
17 63 120
17 63 120
17 62 1800
17 62 120
17 62 120
17 61 1920
17 61 120
17 61 120
17 60 2040
17 60 120
17 60 120
17 59 2160
17 59 120
17 58 2160
17 58 120
17 57 2160
17 56 2160
17 55 2160
17 54 120
17 54 120
17 54 120
17 54 120
17 54 120
17 54 120
17 54 120
17 54 120
17 54 120
17 54 120
17 54 120
17 54 120
17 54 120
17 53 1440
17 52 1440
17 51 1440
17 50 120
17 50 120
17 50 120
17 50 120
17 50 120
17 50 120
17 50 120
17 49 720
17 48 720
17 47 720
17 46 120
17 46 120
17 46 120
17 45 240
17 45 120
17 44 240
17 43 240
17 42 240
17 41 120
17 41 120
17 40 120
17 40 120
17 39 120
17 39 120
17 38 120
17 38 120
17 37 120
17 37 120
17 36 120
17 36 120
17 35 120
17 35 120
17 34 120
17 34 120
17 33 120
17 33 120
17 32 120
17 32 120
17 31 120
17 30 120
17 29 120
17 28 120
17 27 120
17 26 120
17 25 120
17 24 120
17 23 120
143 39 120
144 39 120
145 39 120
146 39 120
147 39 120
148 39 120
148 40 120
148 40 120
148 41 120
148 41 120
148 42 120
148 42 120
148 43 120
148 43 120
148 43 120
148 44 240
148 44 120
148 45 240
148 45 120
148 45 120
148 46 360
148 46 120
148 46 120
148 46 120
148 47 600
148 47 120
148 47 120
148 48 720
148 48 120
148 48 120
148 49 840
148 49 120
148 49 120
148 50 960
148 50 120
148 50 120
148 51 1080
148 51 120
148 51 120
148 52 1200
148 52 120
148 53 1200
148 53 120
148 54 1200
148 54 120
148 55 1200
148 55 120
148 56 1200
148 56 120
148 56 120
148 57 1320
148 57 120
148 58 1320
148 58 120
148 58 120
148 59 1440
148 59 120
148 60 1440
148 60 120
148 60 120
148 61 1560
148 61 120
148 62 1560
148 62 120
148 63 1560
148 63 120
148 64 1560
148 65 1560
148 66 1560
148 67 120
148 67 120
148 67 120
148 67 120
148 67 120
148 67 120
148 67 120
148 67 120
148 67 120
148 68 960
148 69 960
148 70 960
148 71 120
148 71 120
148 71 120
148 72 240
148 72 120
148 73 240
148 74 240
148 75 240
148 76 120
148 77 120
148 78 120
148 79 120
148 80 120
148 81 120
148 82 120
148 83 120
148 84 120
148 85 120
148 86 120
148 87 120
148 88 120
148 89 120
148 90 120
148 91 120
148 92 120
148 93 120
148 94 120
148 95 120
148 96 120
148 97 120
148 98 120
148 99 120
148 100 120
148 101 120
148 102 120
148 103 120
148 104 120
148 105 120
148 106 120
148 107 120
148 108 120
148 109 120
148 110 120
148 111 120
148 112 120
148 113 120
148 114 120
148 115 120
148 116 120
148 117 120
148 118 120
148 119 120
148 120 120
148 121 120
148 122 120
148 123 120
148 124 120
148 125 120
