37 75 80
38 75 80
39 75 80
40 75 80
41 75 80
42 75 80
43 75 80
44 75 80
45 75 80
46 75 80
47 75 80
48 75 80
49 75 80
50 75 80
51 75 80
52 75 80
53 75 80
54 75 80
55 75 80
56 75 80
57 75 80
58 75 80
59 75 80
59 75 80
60 75 80
60 75 80
61 75 80
61 75 80
61 75 80
62 75 80
62 75 80
62 75 80
62 75 80
63 75 80
63 75 80
63 75 80
63 75 80
63 75 80
63 75 80
64 75 80
64 75 80
64 75 80
64 75 80
64 75 80
64 75 80
64 75 80
64 75 80
65 75 80
65 75 80
65 75 80
65 75 80
65 75 80
65 75 80
65 75 80
65 75 80
65 75 80
65 75 80
65 75 80
66 75 80
66 75 80
66 75 80
66 75 80
66 75 80
66 75 80
66 75 80
66 75 80
66 75 80
66 75 80
66 75 80
66 75 80
66 75 80
66 75 80
67 75 80
67 75 80
67 75 80
67 75 80
67 75 80
67 75 80
67 75 80
67 75 80
67 75 80
67 75 80
67 75 80
67 75 80
67 75 80
67 75 80
67 75 80
67 75 80
67 75 80
67 75 80
68 75 80
68 75 80
68 75 80
68 75 80
68 75 80
68 75 80
68 75 80
68 75 80
68 75 80
68 75 80
68 75 80
68 75 80
68 75 80
68 75 80
68 75 80
68 75 80
68 75 80
68 75 80
68 75 80
68 75 80
68 75 80
68 75 80
69 75 80
69 75 80
69 75 80
69 75 80
69 75 80
69 75 80
69 75 80
69 75 80
69 75 80
69 75 80
69 75 80
69 75 80
69 75 80
69 75 80
69 75 80
69 75 80
69 75 80
69 75 80
69 75 80
69 75 80
69 75 80
69 75 80
69 75 80
69 75 80
69 75 80
69 75 80
69 75 80
69 75 80
70 75 80
70 75 80
70 75 80
70 75 80
70 75 80
70 75 80
70 75 80
70 75 80
70 75 80
70 75 80
70 75 80
70 75 80
70 75 80
70 75 80
70 75 80
70 75 80
70 75 80
70 75 80
70 75 80
70 75 80
70 75 80
70 75 80
70 75 80
70 75 80
70 75 80
70 75 80
70 75 80
70 75 80
70 75 80
70 75 80
70 75 80
70 75 80
70 75 80
71 75 80
71 75 80
71 75 80
71 75 80
71 75 80
71 75 80
71 75 80
71 75 80
71 75 80
71 75 80
71 75 80
71 75 80
71 75 80
71 75 80
71 75 80
71 75 80
71 75 80
71 75 80
71 75 80
71 75 80
71 75 80
71 75 80
71 75 80
71 75 80
71 75 80
71 75 80
71 75 80
71 75 80
71 75 80
71 75 80
71 75 80
71 75 80
71 75 80
71 75 80
71 75 80
71 75 80
71 75 80
72 75 80
72 75 80
72 75 80
72 75 80
72 75 80
72 75 80
72 75 80
72 75 80
72 75 80
72 75 80
72 75 80
72 75 80
72 75 80
72 75 80
72 75 80
72 75 80
72 75 80
72 75 80
72 75 80
72 75 80
72 75 80
72 75 80
72 75 80
72 75 80
72 75 80
72 75 80
72 75 80
72 75 80
72 75 80
72 75 80
72 75 80
72 75 80
72 75 80
72 75 80
72 75 80
72 75 80
72 75 80
72 75 80
72 75 80
72 75 80
72 75 80
73 75 80
73 75 80
73 75 80
73 75 80
73 75 80
73 75 80
73 75 80
73 75 80
73 75 80
73 75 80
73 75 80
73 75 80
73 75 80
73 75 80
73 75 80
73 75 80
73 75 80
73 75 80
73 75 80
73 75 80
73 75 80
73 75 80
73 75 80
73 75 80
73 75 80
73 75 80
73 75 80
73 75 80
73 75 80
73 75 80
73 75 80
73 75 80
73 75 80
73 75 80
73 75 80
73 75 80
73 75 80
73 75 80
73 75 80
73 75 80
73 75 80
73 75 80
73 75 80
73 75 80
74 75 80
74 75 80
74 75 80
74 75 80
74 75 80
74 75 80
74 75 80
74 75 80
74 75 80
74 75 80
74 75 80
74 75 80
74 75 80
74 75 80
74 75 80
74 75 80
74 75 80
74 75 80
74 75 80
74 75 80
74 75 80
74 75 80
74 75 80
74 75 80
74 75 80
74 75 80
74 75 80
74 75 80
74 75 80
74 75 80
74 75 80
74 75 80
74 75 80
74 75 80
74 75 80
74 75 80
74 75 80
74 75 80
74 75 80
74 75 80
74 75 80
74 75 80
74 75 80
74 75 80
74 75 80
75 75 80
75 75 80
75 75 80
75 75 80
75 75 80
75 75 80
75 75 80
75 75 80
75 75 80
75 75 80
75 75 80
75 75 80
75 75 80
75 75 80
75 75 80
75 75 80
75 75 80
75 75 80
75 75 80
75 75 80
75 75 80
75 75 80
75 75 80
75 75 80
75 75 80
75 75 80
75 75 80
75 75 80
75 75 80
75 75 80
75 75 80
75 75 80
75 75 80
75 75 80
75 75 80
75 75 80
75 75 80
75 75 80
75 75 80
75 75 80
75 75 80
75 75 80
75 75 80
75 75 80
75 75 80
75 75 80
76 75 80
76 75 80
76 75 80
76 75 80
76 75 80
76 75 80
76 75 80
76 75 80
76 75 80
76 75 80
76 75 80
76 75 80
76 75 80
76 75 80
76 75 80
76 75 80
76 75 80
76 75 80
76 75 80
76 75 80
76 75 80
76 75 80
76 75 80
76 75 80
76 75 80
76 75 80
76 75 80
76 75 80
76 75 80
76 75 80
76 75 80
76 75 80
76 75 80
76 75 80
76 75 80
76 75 80
76 75 80
76 75 80
76 75 80
76 75 80
76 75 80
76 75 80
76 75 80
76 75 80
76 75 80
76 75 80
77 75 80
77 75 80
77 75 80
77 75 80
77 75 80
77 75 80
77 75 80
77 75 80
77 75 80
77 75 80
77 75 80
77 75 80
77 75 80
77 75 80
77 75 80
77 75 80
77 75 80
77 75 80
77 75 80
77 75 80
77 75 80
77 75 80
77 75 80
77 75 80
77 75 80
77 75 80
77 75 80
77 75 80
77 75 80
77 75 80
77 75 80
77 75 80
77 75 80
77 75 80
77 75 80
77 75 80
77 75 80
77 75 80
77 75 80
77 75 80
77 75 80
77 75 80
77 75 80
77 75 80
77 75 80
78 75 80
78 75 80
78 75 80
78 75 80
78 75 80
78 75 80
78 75 80
78 75 80
78 75 80
78 75 80
78 75 80
78 75 80
78 75 80
78 75 80
78 75 80
78 75 80
78 75 80
78 75 80
78 75 80
78 75 80
78 75 80
78 75 80
78 75 80
78 75 80
78 75 80
78 75 80
78 75 80
78 75 80
78 75 80
78 75 80
78 75 80
78 75 80
78 75 80
78 75 80
78 75 80
78 75 80
78 75 80
78 75 80
78 75 80
78 75 80
78 75 80
78 75 80
78 75 80
79 75 80
79 75 80
79 75 80
79 75 80
79 75 80
79 75 80
79 75 80
79 75 80
79 75 80
79 75 80
79 75 80
79 75 80
79 75 80
79 75 80
79 75 80
79 75 80
79 75 80
79 75 80
79 75 80
79 75 80
79 75 80
79 75 80
79 75 80
79 75 80
79 75 80
79 75 80
79 75 80
79 75 80
79 75 80
79 75 80
79 75 80
79 75 80
79 75 80
79 75 80
79 75 80
79 75 80
79 75 80
79 75 80
79 75 80
79 75 80
79 75 80
80 75 80
80 75 80
80 75 80
80 75 80
80 75 80
80 75 80
80 75 80
80 75 80
80 75 80
80 75 80
80 75 80
80 75 80
80 75 80
80 75 80
80 75 80
80 75 80
80 75 80
80 75 80
80 75 80
80 75 80
80 75 80
80 75 80
80 75 80
80 75 80
80 75 80
80 75 80
80 75 80
80 75 80
80 75 80
80 75 80
80 75 80
80 75 80
80 75 80
80 75 80
80 75 80
80 75 80
80 75 80
81 75 80
81 75 80
81 75 80
81 75 80
81 75 80
81 75 80
81 75 80
81 75 80
81 75 80
81 75 80
81 75 80
81 75 80
81 75 80
81 75 80
81 75 80
81 75 80
81 75 80
81 75 80
81 75 80
81 75 80
81 75 80
81 75 80
81 75 80
81 75 80
81 75 80
81 75 80
81 75 80
81 75 80
81 75 80
81 75 80
81 75 80
81 75 80
81 75 80
81 75 80
82 75 80
82 75 80
82 75 80
82 75 80
82 75 80
82 75 80
82 75 80
82 75 80
82 75 80
82 75 80
82 75 80
82 75 80
82 75 80
82 75 80
82 75 80
82 75 80
82 75 80
82 75 80
82 75 80
82 75 80
82 75 80
82 75 80
82 75 80
82 75 80
82 75 80
82 75 80
82 75 80
82 75 80
82 75 80
83 75 80
83 75 80
83 75 80
83 75 80
83 75 80
83 75 80
83 75 80
83 75 80
83 75 80
83 75 80
83 75 80
83 75 80
83 75 80
83 75 80
83 75 80
83 75 80
83 75 80
83 75 80
83 75 80
83 75 80
83 75 80
83 75 80
83 75 80
83 75 80
84 75 80
84 75 80
84 75 80
84 75 80
84 75 80
84 75 80
84 75 80
84 75 80
84 75 80
84 75 80
84 75 80
84 75 80
84 75 80
84 75 80
84 75 80
84 75 80
84 75 80
84 75 80
84 75 80
84 75 80
85 75 80
85 75 80
85 75 80
85 75 80
85 75 80
85 75 80
85 75 80
85 75 80
85 75 80
85 75 80
85 75 80
85 75 80
85 75 80
85 75 80
85 75 80
86 75 80
86 75 80
86 75 80
86 75 80
86 75 80
86 75 80
86 75 80
86 75 80
86 75 80
86 75 80
86 75 80
87 75 80
87 75 80
87 75 80
87 75 80
87 75 80
87 75 80
87 75 80
88 75 80
88 75 80
88 75 80
88 75 80
88 75 80
89 75 80
89 75 80
89 75 80
90 75 80
90 75 80
91 75 80
91 75 80
92 75 80
93 75 80
94 75 80
95 75 80
96 75 80
97 75 80
97 76 80
97 77 80
97 78 80
97 79 80
97 80 80
97 81 80
97 82 80
97 83 80
97 84 80
97 85 80
97 86 80
97 87 80
97 88 80
97 89 80
97 89 80
97 90 80
97 90 80
97 90 80
97 91 80
97 91 80
97 91 80
97 91 80
97 92 80
97 92 80
97 92 80
97 92 80
97 92 80
97 92 80
97 92 80
97 93 80
97 93 80
97 93 80
97 93 80
97 93 80
97 93 80
97 93 80
97 93 80
97 93 80
97 93 80
97 93 80
97 93 80
97 94 80
97 94 80
97 94 80
97 94 80
97 94 80
97 94 80
97 94 80
97 94 80
97 94 80
97 94 80
97 94 80
97 94 80
97 94 80
97 94 80
97 94 80
97 94 80
97 94 80
97 94 80
97 94 80
97 95 80
97 95 80
97 95 80
97 95 80
97 95 80
97 95 80
97 95 80
97 95 80
97 95 80
97 95 80
97 95 80
97 95 80
97 95 80
97 95 80
97 95 80
97 95 80
97 95 80
97 95 80
97 95 80
97 95 80
97 95 80
97 95 80
97 95 80
97 95 80
97 95 80
97 95 80
97 96 80
97 96 80
97 96 80
97 96 80
97 96 80
97 96 80
97 96 80
97 96 80
97 96 80
97 96 80
97 96 80
97 96 80
97 96 80
97 96 80
97 96 80
97 96 80
97 96 80
97 96 80
97 96 80
97 96 80
97 96 80
97 96 80
97 96 80
97 96 80
97 96 80
97 96 80
97 96 80
97 96 80
97 96 80
97 96 80
97 96 80
97 96 80
97 97 80
97 97 80
97 97 80
97 97 80
97 97 80
97 97 80
97 97 80
97 97 80
97 97 80
97 97 80
97 97 80
97 97 80
97 97 80
97 97 80
97 97 80
97 97 80
97 97 80
97 97 80
97 97 80
97 97 80
97 97 80
97 97 80
97 97 80
97 97 80
97 97 80
97 97 80
97 97 80
97 97 80
97 97 80
97 97 80
97 97 80
97 97 80
97 97 80
97 97 80
97 97 80
97 97 80
97 97 80
97 98 80
97 98 80
97 98 80
97 98 80
97 98 80
97 98 80
97 98 80
97 98 80
97 98 80
97 98 80
97 98 80
97 98 80
97 98 80
97 98 80
97 98 80
97 98 80
97 98 80
97 98 80
97 98 80
97 98 80
97 98 80
97 98 80
97 98 80
97 98 80
97 98 80
97 98 80
97 98 80
97 98 80
97 98 80
97 98 80
97 98 80
97 98 80
97 98 80
97 98 80
97 98 80
97 98 80
97 98 80
97 98 80
97 98 80
97 98 80
97 98 80
97 99 80
97 99 80
97 99 80
97 99 80
97 99 80
97 99 80
97 99 80
97 99 80
97 99 80
97 99 80
97 99 80
97 99 80
97 99 80
97 99 80
97 99 80
97 99 80
97 99 80
97 99 80
97 99 80
97 99 80
97 99 80
97 99 80
97 99 80
97 99 80
97 99 80
97 99 80
97 99 80
97 99 80
97 99 80
97 99 80
97 99 80
97 99 80
97 99 80
97 99 80
97 99 80
97 99 80
97 99 80
97 99 80
97 99 80
97 99 80
97 99 80
97 99 80
97 99 80
97 100 80
97 100 80
97 100 80
97 100 80
97 100 80
97 100 80
97 100 80
97 100 80
97 100 80
97 100 80
97 100 80
97 100 80
97 100 80
97 100 80
97 100 80
97 100 80
97 100 80
97 100 80
97 100 80
97 100 80
97 100 80
97 100 80
97 100 80
97 100 80
97 100 80
97 100 80
97 100 80
97 100 80
97 100 80
97 100 80
97 100 80
97 100 80
97 100 80
97 100 80
97 100 80
97 100 80
97 100 80
97 100 80
97 100 80
97 100 80
97 100 80
97 100 80
97 100 80
97 100 80
97 101 80
97 101 80
97 101 80
97 101 80
97 101 80
97 101 80
97 101 80
97 101 80
97 101 80
97 101 80
97 101 80
97 101 80
97 101 80
97 101 80
97 101 80
97 101 80
97 101 80
97 101 80
97 101 80
97 101 80
97 101 80
97 101 80
97 101 80
97 101 80
97 101 80
97 101 80
97 101 80
97 101 80
97 101 80
97 101 80
97 101 80
97 101 80
97 101 80
97 101 80
97 101 80
97 101 80
97 101 80
97 101 80
97 101 80
97 101 80
97 101 80
97 101 80
97 101 80
97 101 80
97 102 80
97 102 80
97 102 80
97 102 80
97 102 80
97 102 80
97 102 80
97 102 80
97 102 80
97 102 80
97 102 80
97 102 80
97 102 80
97 102 80
97 102 80
97 102 80
97 102 80
97 102 80
97 102 80
97 102 80
97 102 80
97 102 80
97 102 80
97 102 80
97 102 80
97 102 80
97 102 80
97 102 80
97 102 80
97 102 80
97 102 80
97 102 80
97 102 80
97 102 80
97 102 80
97 102 80
97 102 80
97 102 80
97 102 80
97 102 80
97 102 80
97 102 80
97 102 80
97 102 80
97 103 80
97 103 80
97 103 80
97 103 80
97 103 80
97 103 80
97 103 80
97 103 80
97 103 80
97 103 80
97 103 80
97 103 80
97 103 80
97 103 80
97 103 80
97 103 80
97 103 80
97 103 80
97 103 80
97 103 80
97 103 80
97 103 80
97 103 80
97 103 80
97 103 80
97 103 80
97 103 80
97 103 80
97 103 80
97 103 80
97 103 80
97 103 80
97 103 80
97 103 80
97 103 80
97 103 80
97 103 80
97 103 80
97 103 80
97 103 80
97 103 80
97 103 80
97 103 80
97 104 80
97 104 80
97 104 80
97 104 80
97 104 80
97 104 80
97 104 80
97 104 80
97 104 80
97 104 80
97 104 80
97 104 80
97 104 80
97 104 80
97 104 80
97 104 80
97 104 80
97 104 80
97 104 80
97 104 80
97 104 80
97 104 80
97 104 80
97 104 80
97 104 80
97 104 80
97 104 80
97 104 80
97 104 80
97 104 80
97 104 80
97 104 80
97 104 80
97 104 80
97 104 80
97 104 80
97 104 80
97 104 80
97 104 80
97 104 80
97 104 80
97 105 80
97 105 80
97 105 80
97 105 80
97 105 80
97 105 80
97 105 80
97 105 80
97 105 80
97 105 80
97 105 80
97 105 80
97 105 80
97 105 80
97 105 80
97 105 80
97 105 80
97 105 80
97 105 80
97 105 80
97 105 80
97 105 80
97 105 80
97 105 80
97 105 80
97 105 80
97 105 80
97 105 80
97 105 80
97 105 80
97 105 80
97 105 80
97 105 80
97 105 80
97 105 80
97 105 80
97 105 80
97 105 80
97 106 80
97 106 80
97 106 80
97 106 80
97 106 80
97 106 80
97 106 80
97 106 80
97 106 80
97 106 80
97 106 80
97 106 80
97 106 80
97 106 80
97 106 80
97 106 80
97 106 80
97 106 80
97 106 80
97 106 80
97 106 80
97 106 80
97 106 80
97 106 80
97 106 80
97 106 80
97 106 80
97 106 80
97 106 80
97 106 80
97 106 80
97 106 80
97 106 80
97 106 80
97 107 80
97 107 80
97 107 80
97 107 80
97 107 80
97 107 80
97 107 80
97 107 80
97 107 80
97 107 80
97 107 80
97 107 80
97 107 80
97 107 80
97 107 80
97 107 80
97 107 80
97 107 80
97 107 80
97 107 80
97 107 80
97 107 80
97 107 80
97 107 80
97 107 80
97 107 80
97 107 80
97 107 80
97 107 80
97 107 80
97 108 80
97 108 80
97 108 80
97 108 80
97 108 80
97 108 80
97 108 80
97 108 80
97 108 80
97 108 80
97 108 80
97 108 80
97 108 80
97 108 80
97 108 80
97 108 80
97 108 80
97 108 80
97 108 80
97 108 80
97 108 80
97 108 80
97 108 80
97 108 80
97 108 80
97 108 80
97 109 80
97 109 80
97 109 80
97 109 80
97 109 80
97 109 80
97 109 80
97 109 80
97 109 80
97 109 80
97 109 80
97 109 80
97 109 80
97 109 80
97 109 80
97 109 80
97 109 80
97 109 80
97 109 80
97 109 80
97 109 80
97 109 80
97 110 80
97 110 80
97 110 80
97 110 80
97 110 80
97 110 80
97 110 80
97 110 80
97 110 80
97 110 80
97 110 80
97 110 80
97 110 80
97 110 80
97 110 80
97 110 80
97 110 80
97 110 80
97 110 80
97 110 80
97 111 80
97 111 80
97 111 80
97 111 80
97 111 80
97 111 80
97 111 80
97 111 80
97 111 80
97 111 80
97 111 80
97 111 80
97 111 80
97 111 80
97 111 80
97 111 80
97 111 80
97 111 80
97 112 80
97 112 80
97 112 80
97 112 80
97 112 80
97 112 80
97 112 80
97 112 80
97 112 80
97 112 80
97 112 80
97 112 80
97 112 80
97 112 80
97 112 80
97 112 80
97 112 80
97 113 80
97 113 80
97 113 80
97 113 80
97 113 80
97 113 80
97 113 80
97 113 80
97 113 80
97 113 80
97 113 80
97 113 80
97 113 80
97 113 80
97 113 80
97 113 80
97 113 80
97 114 80
97 114 80
97 114 80
97 114 80
97 114 80
97 114 80
97 114 80
97 114 80
97 114 80
97 114 80
97 114 80
97 114 80
97 114 80
97 114 80
97 114 80
97 114 80
97 114 80
97 115 80
97 115 80
97 115 80
97 115 80
97 115 80
97 115 80
97 115 80
97 115 80
97 115 80
97 115 80
97 115 80
97 115 80
97 115 80
97 115 80
97 115 80
97 115 80
97 115 80
97 116 80
97 116 80
97 116 80
97 116 80
97 116 80
97 116 80
97 116 80
97 116 80
97 116 80
97 116 80
97 116 80
97 116 80
97 116 80
97 116 80
97 116 80
97 116 80
97 116 80
97 116 80
97 117 80
97 117 80
97 117 80
97 117 80
97 117 80
97 117 80
97 117 80
97 117 80
97 117 80
97 117 80
97 117 80
97 117 80
97 117 80
97 117 80
97 117 80
97 117 80
97 117 80
97 117 80
97 117 80
97 117 80
97 118 80
97 118 80
97 118 80
97 118 80
97 118 80
97 118 80
97 118 80
97 118 80
97 118 80
97 118 80
97 118 80
97 118 80
97 118 80
97 118 80
97 118 80
97 118 80
97 118 80
97 118 80
97 118 80
97 118 80
97 118 80
97 118 80
97 119 80
97 119 80
97 119 80
97 119 80
97 119 80
97 119 80
97 119 80
97 119 80
97 119 80
97 119 80
97 119 80
97 119 80
97 119 80
97 119 80
97 119 80
97 119 80
97 119 80
97 119 80
97 119 80
97 119 80
97 119 80
97 119 80
97 119 80
97 119 80
97 119 80
97 120 80
97 120 80
97 120 80
97 120 80
97 120 80
97 120 80
97 120 80
97 120 80
97 120 80
97 120 80
97 120 80
97 120 80
97 120 80
97 120 80
97 120 80
97 120 80
97 120 80
97 120 80
97 120 80
97 120 80
97 120 80
97 120 80
97 120 80
97 120 80
97 120 80
97 120 80
97 120 80
97 120 80
97 121 80
97 121 80
97 121 80
97 121 80
97 121 80
97 121 80
97 121 80
97 121 80
97 121 80
97 121 80
97 121 80
97 121 80
97 121 80
97 121 80
97 121 80
97 121 80
97 121 80
97 121 80
97 121 80
97 121 80
97 121 80
97 121 80
97 121 80
97 121 80
97 121 80
97 121 80
97 121 80
97 121 80
97 121 80
97 121 80
97 121 80
97 122 80
97 122 80
97 122 80
97 122 80
97 122 80
97 122 80
97 122 80
97 122 80
97 122 80
97 122 80
97 122 80
97 122 80
97 122 80
97 122 80
97 122 80
97 122 80
97 122 80
97 122 80
97 122 80
97 122 80
97 122 80
97 122 80
97 122 80
97 122 80
97 122 80
97 122 80
97 122 80
97 122 80
97 122 80
97 122 80
97 122 80
97 122 80
97 122 80
97 123 80
97 123 80
97 123 80
97 123 80
97 123 80
97 123 80
97 123 80
97 123 80
97 123 80
97 123 80
97 123 80
97 123 80
97 123 80
97 123 80
97 123 80
97 123 80
97 123 80
97 123 80
97 123 80
97 123 80
97 123 80
97 123 80
97 123 80
97 123 80
97 123 80
97 123 80
97 123 80
97 123 80
97 123 80
97 123 80
97 123 80
97 123 80
97 123 80
97 123 80
97 124 80
97 124 80
97 124 80
97 124 80
97 124 80
97 124 80
97 124 80
97 124 80
97 124 80
97 124 80
97 124 80
97 124 80
97 124 80
97 124 80
97 124 80
97 124 80
97 124 80
97 124 80
97 124 80
97 124 80
97 124 80
97 124 80
97 124 80
97 124 80
97 124 80
97 124 80
97 124 80
97 124 80
97 124 80
97 124 80
97 124 80
97 124 80
97 124 80
97 124 80
97 124 80
97 125 80
97 125 80
97 125 80
97 125 80
97 125 80
97 125 80
97 125 80
97 125 80
97 125 80
97 125 80
97 125 80
97 125 80
97 125 80
97 125 80
97 125 80
97 125 80
97 125 80
97 125 80
97 125 80
97 125 80
97 125 80
97 125 80
97 125 80
97 125 80
97 125 80
97 125 80
97 125 80
97 125 80
97 125 80
97 125 80
97 125 80
97 125 80
97 125 80
97 125 80
97 125 80
97 125 80
97 126 80
97 126 80
97 126 80
97 126 80
97 126 80
97 126 80
97 126 80
97 126 80
97 126 80
97 126 80
97 126 80
97 126 80
97 126 80
97 126 80
97 126 80
97 126 80
97 126 80
97 126 80
97 126 80
97 126 80
97 126 80
97 126 80
97 126 80
97 126 80
97 126 80
97 126 80
97 126 80
97 126 80
97 126 80
97 126 80
97 126 80
97 126 80
97 126 80
97 126 80
97 126 80
97 126 80
97 127 80
97 127 80
97 127 80
97 127 80
97 127 80
97 127 80
97 127 80
97 127 80
97 127 80
97 127 80
97 127 80
97 127 80
97 127 80
97 127 80
97 127 80
97 127 80
97 127 80
97 127 80
97 127 80
97 127 80
97 127 80
97 127 80
97 127 80
97 127 80
97 127 80
97 127 80
97 127 80
97 127 80
97 127 80
97 127 80
97 127 80
97 127 80
97 127 80
97 127 80
97 127 80
97 128 80
97 128 80
97 128 80
97 128 80
97 128 80
97 128 80
97 128 80
97 128 80
97 128 80
97 128 80
97 128 80
97 128 80
97 128 80
97 128 80
97 128 80
97 128 80
97 128 80
97 128 80
97 128 80
97 128 80
97 128 80
97 128 80
97 128 80
97 128 80
97 128 80
97 128 80
97 128 80
97 128 80
97 128 80
97 128 80
97 128 80
97 128 80
97 128 80
97 128 80
97 128 80
97 129 80
97 129 80
97 129 80
97 129 80
97 129 80
97 129 80
97 129 80
97 129 80
97 129 80
97 129 80
97 129 80
97 129 80
97 129 80
97 129 80
97 129 80
97 129 80
97 129 80
97 129 80
97 129 80
97 129 80
97 129 80
97 129 80
97 129 80
97 129 80
97 129 80
97 129 80
97 129 80
97 129 80
97 129 80
97 129 80
97 129 80
97 129 80
97 129 80
97 129 80
97 130 80
97 130 80
97 130 80
97 130 80
97 130 80
97 130 80
97 130 80
97 130 80
97 130 80
97 130 80
97 130 80
97 130 80
97 130 80
97 130 80
97 130 80
97 130 80
97 130 80
97 130 80
97 130 80
97 130 80
97 130 80
97 130 80
97 130 80
97 130 80
97 130 80
97 130 80
97 130 80
97 130 80
97 130 80
97 130 80
97 130 80
97 130 80
97 130 80
97 130 80
97 131 80
97 131 80
97 131 80
97 131 80
97 131 80
97 131 80
97 131 80
97 131 80
97 131 80
97 131 80
97 131 80
97 131 80
97 131 80
97 131 80
97 131 80
97 131 80
97 131 80
97 131 80
97 131 80
97 131 80
97 131 80
97 131 80
97 131 80
97 131 80
97 131 80
97 131 80
97 131 80
97 131 80
97 131 80
97 131 80
97 131 80
97 131 80
97 131 80
97 131 80
97 132 80
97 132 80
97 132 80
97 132 80
97 132 80
97 132 80
97 132 80
97 132 80
97 132 80
97 132 80
97 132 80
97 132 80
97 132 80
97 132 80
97 132 80
97 132 80
97 132 80
97 132 80
97 132 80
97 132 80
97 132 80
97 132 80
97 132 80
97 132 80
97 132 80
97 132 80
97 132 80
97 132 80
97 132 80
97 132 80
97 132 80
97 132 80
97 132 80
97 133 80
97 133 80
97 133 80
97 133 80
97 133 80
97 133 80
97 133 80
97 133 80
97 133 80
97 133 80
97 133 80
97 133 80
97 133 80
97 133 80
97 133 80
97 133 80
97 133 80
97 133 80
97 133 80
97 133 80
97 133 80
97 133 80
97 133 80
97 133 80
97 133 80
97 133 80
97 133 80
97 133 80
97 133 80
97 133 80
97 133 80
97 133 80
97 133 80
97 134 80
97 134 80
97 134 80
97 134 80
97 134 80
97 134 80
97 134 80
97 134 80
97 134 80
97 134 80
97 134 80
97 134 80
97 134 80
97 134 80
97 134 80
97 134 80
97 134 80
97 134 80
97 134 80
97 134 80
97 134 80
97 134 80
97 134 80
97 134 80
97 134 80
97 134 80
97 134 80
97 134 80
97 134 80
97 134 80
97 134 80
97 134 80
97 134 80
97 135 80
97 135 80
97 135 80
97 135 80
97 135 80
97 135 80
97 135 80
97 135 80
97 135 80
97 135 80
97 135 80
97 135 80
97 135 80
97 135 80
97 135 80
97 135 80
97 135 80
97 135 80
97 135 80
97 135 80
97 135 80
97 135 80
97 135 80
97 135 80
97 135 80
97 135 80
97 135 80
97 135 80
97 135 80
97 135 80
97 135 80
97 135 80
97 135 80
97 136 80
97 136 80
97 136 80
97 136 80
97 136 80
97 136 80
97 136 80
97 136 80
97 136 80
97 136 80
97 136 80
97 136 80
97 136 80
97 136 80
97 136 80
97 136 80
97 136 80
97 136 80
97 136 80
97 136 80
97 136 80
97 136 80
97 136 80
97 136 80
97 136 80
97 136 80
97 136 80
97 136 80
97 136 80
97 136 80
97 136 80
97 136 80
97 137 80
97 137 80
97 137 80
97 137 80
97 137 80
97 137 80
97 137 80
97 137 80
97 137 80
97 137 80
97 137 80
97 137 80
97 137 80
97 137 80
97 137 80
97 137 80
97 137 80
97 137 80
97 137 80
97 137 80
97 137 80
97 137 80
97 137 80
97 137 80
97 137 80
97 137 80
97 137 80
97 137 80
97 137 80
97 137 80
97 137 80
97 138 80
97 138 80
97 138 80
97 138 80
97 138 80
97 138 80
97 138 80
97 138 80
97 138 80
97 138 80
97 138 80
97 138 80
97 138 80
97 138 80
97 138 80
97 138 80
97 138 80
97 138 80
97 138 80
97 138 80
97 138 80
97 138 80
97 138 80
97 138 80
97 138 80
97 138 80
97 138 80
97 138 80
97 138 80
97 139 80
97 139 80
97 139 80
97 139 80
97 139 80
97 139 80
97 139 80
97 139 80
97 139 80
97 139 80
97 139 80
97 139 80
97 139 80
97 139 80
97 139 80
97 139 80
97 139 80
97 139 80
97 139 80
97 139 80
97 139 80
97 139 80
97 139 80
97 139 80
97 139 80
97 139 80
97 140 80
97 140 80
97 140 80
97 140 80
97 140 80
97 140 80
97 140 80
97 140 80
97 140 80
97 140 80
97 140 80
97 140 80
97 140 80
97 140 80
97 140 80
97 140 80
97 140 80
97 140 80
97 140 80
97 140 80
97 140 80
97 140 80
97 140 80
97 141 80
97 141 80
97 141 80
97 141 80
97 141 80
97 141 80
97 141 80
97 141 80
97 141 80
97 141 80
97 141 80
97 141 80
97 141 80
97 141 80
97 141 80
97 141 80
97 141 80
97 141 80
97 141 80
97 141 80
97 142 80
97 142 80
97 142 80
97 142 80
97 142 80
97 142 80
97 142 80
97 142 80
97 142 80
97 142 80
97 142 80
97 142 80
97 142 80
97 142 80
97 142 80
97 142 80
97 142 80
97 142 80
97 143 80
97 143 80
97 143 80
97 143 80
97 143 80
97 143 80
97 143 80
97 143 80
97 143 80
97 143 80
97 143 80
97 143 80
97 143 80
97 143 80
97 143 80
97 143 80
97 143 80
97 144 80
97 144 80
97 144 80
97 144 80
97 144 80
97 144 80
97 144 80
97 144 80
97 144 80
97 144 80
97 144 80
97 144 80
97 144 80
97 144 80
97 144 80
97 144 80
97 145 80
97 145 80
97 145 80
97 145 80
97 145 80
97 145 80
97 145 80
97 145 80
97 145 80
97 145 80
97 145 80
97 145 80
97 145 80
97 145 80
97 145 80
97 146 80
97 146 80
97 146 80
97 146 80
97 146 80
97 146 80
97 146 80
97 146 80
97 146 80
97 146 80
97 146 80
97 146 80
97 146 80
97 146 80
97 146 80
97 147 80
97 147 80
97 147 80
97 147 80
97 147 80
97 147 80
97 147 80
97 147 80
97 147 80
97 147 80
97 147 80
97 147 80
97 147 80
97 147 80
97 147 80
97 148 80
97 148 80
97 148 80
97 148 80
97 148 80
97 148 80
97 148 80
97 148 80
97 148 80
97 148 80
97 148 80
97 148 80
97 148 80
97 148 80
97 148 80
97 149 80
97 149 80
97 149 80
97 149 80
97 149 80
97 149 80
97 149 80
97 149 80
97 149 80
97 149 80
97 149 80
97 149 80
97 149 80
97 149 80
97 149 80
97 150 80
97 150 80
97 150 80
97 150 80
97 150 80
97 150 80
97 150 80
97 150 80
97 150 80
97 150 80
97 150 80
97 150 80
97 150 80
97 150 80
97 151 80
97 151 80
97 151 80
97 151 80
97 151 80
97 151 80
97 151 80
97 151 80
97 151 80
97 151 80
97 151 80
97 151 80
97 151 80
97 152 80
97 152 80
97 152 80
97 152 80
97 152 80
97 152 80
97 152 80
97 152 80
97 152 80
97 152 80
97 152 80
97 153 80
97 153 80
97 153 80
97 153 80
97 153 80
97 153 80
97 153 80
97 153 80
97 153 80
97 154 80
97 154 80
97 154 80
97 154 80
97 154 80
97 154 80
97 154 80
97 155 80
97 155 80
97 155 80
97 155 80
97 155 80
97 155 80
97 156 80
97 156 80
97 156 80
97 156 80
97 157 80
97 157 80
97 157 80
97 158 80
97 158 80
97 159 80
97 159 80
97 160 80
97 161 80
97 162 80
97 163 80
97 164 80
97 165 80
97 166 80
97 167 80
97 168 80
97 169 80
97 170 80
97 171 80
97 172 80
97 173 80
97 174 80
97 175 80
97 176 80
97 177 80
97 178 80
97 179 80
97 180 80
36 75 80
35 75 80
34 75 80
33 75 80
32 75 80
31 75 80
31 74 80
31 73 80
31 73 80
31 72 80
31 72 80
31 71 80
31 71 80
31 70 80
31 70 80
31 70 80
31 69 80
31 69 80
31 69 80
31 69 80
31 68 80
31 68 80
31 68 80
31 68 80
31 68 80
31 67 80
31 67 80
31 67 80
31 67 80
31 67 80
31 67 80
31 66 80
31 66 80
31 66 80
31 66 80
31 66 80
31 66 80
31 65 80
31 65 80
31 65 80
31 65 80
31 65 80
31 65 80
31 64 80
31 64 80
31 64 80
31 64 80
31 64 80
31 64 80
31 63 80
31 63 80
31 63 80
31 63 80
31 63 80
31 62 80
31 62 80
31 62 80
31 62 80
31 61 80
31 61 80
31 61 80
31 60 80
31 60 80
31 59 80
31 59 80
31 58 80
31 57 80
31 56 80
31 55 80
31 54 80
31 53 80
31 52 80
31 51 80
31 50 80
31 49 80
31 48 80
31 47 80
31 46 80
31 45 80
31 44 80
32 44 80
33 44 80
34 44 80
35 44 80
36 44 80
37 44 80
37 44 80
38 44 80
38 44 80
39 44 80
39 44 80
39 44 80
40 44 80
40 44 80
40 44 80
40 44 80
40 44 80
41 44 80
41 44 80
41 44 80
41 44 80
41 44 80
41 44 80
42 44 80
42 44 80
42 44 80
42 44 80
42 44 80
42 44 80
42 44 80
42 44 80
43 44 80
43 44 80
43 44 80
43 44 80
43 44 80
43 44 80
43 44 80
43 44 80
43 44 80
43 44 80
44 44 80
44 44 80
44 44 80
44 44 80
44 44 80
44 44 80
44 44 80
44 44 80
44 44 80
44 44 80
44 44 80
45 44 80
45 44 80
45 44 80
45 44 80
45 44 80
45 44 80
45 44 80
45 44 80
45 44 80
45 44 80
45 44 80
46 44 80
46 44 80
46 44 80
46 44 80
46 44 80
46 44 80
46 44 80
46 44 80
46 44 80
46 44 80
46 44 80
47 44 80
47 44 80
47 44 80
47 44 80
47 44 80
47 44 80
47 44 80
47 44 80
47 44 80
47 44 80
48 44 80
48 44 80
48 44 80
48 44 80
48 44 80
48 44 80
48 44 80
48 44 80
48 44 80
49 44 80
49 44 80
49 44 80
49 44 80
49 44 80
49 44 80
49 44 80
49 44 80
50 44 80
50 44 80
50 44 80
50 44 80
50 44 80
50 44 80
51 44 80
51 44 80
51 44 80
51 44 80
51 44 80
52 44 80
52 44 80
52 44 80
52 44 80
53 44 80
53 44 80
53 44 80
53 44 80
54 44 80
54 44 80
54 44 80
55 44 80
55 44 80
55 44 80
56 44 80
56 44 80
57 44 80
57 44 80
58 44 80
59 44 80
60 44 80
61 44 80
62 44 80
63 44 80
63 43 80
63 42 80
63 41 80
63 40 80
63 39 80
63 38 80
63 37 80
63 36 80
63 35 80
63 34 80
63 33 80
63 32 80
63 31 80
63 30 80
63 29 80
63 28 80
63 27 80
63 26 80
63 25 80
63 24 80
63 23 80
63 22 80
63 21 80
63 20 80
63 19 80
87 76 80
87 76 80
87 76 80
87 76 80
87 76 80
87 77 80
87 77 80
87 77 80
87 78 80
87 78 80
87 79 80
87 80 80
87 81 80
87 82 80
87 83 80
87 84 80
87 85 80
87 86 80
87 87 80
87 88 80
87 89 80
87 90 80
87 91 80
87 92 80
87 93 80
87 94 80
87 95 80
87 96 80
88 96 80
89 96 80
90 96 80
91 96 80
92 96 80
92 96 80
93 96 80
93 96 80
93 96 80
93 96 80
93 96 80
94 96 80
94 96 80
94 96 80
94 96 80
94 96 80
94 96 80
94 96 80
94 96 80
94 96 80
94 96 80
95 96 80
95 96 80
95 96 80
95 96 80
95 96 80
95 96 80
95 96 80
95 96 80
95 96 80
95 96 80
95 96 80
95 96 80
95 96 80
95 96 80
95 96 80
95 96 80
95 96 80
96 96 80
96 96 80
96 96 80
96 96 80
96 96 80
96 96 80
96 96 80
96 96 80
96 96 80
96 96 80
96 96 80
96 96 80
96 96 80
96 96 80
96 96 80
96 96 80
96 96 80
96 96 80
96 96 80
96 96 80
96 96 80
96 96 80
96 96 80
96 96 80
96 96 80
98 96 80
98 96 80
98 96 80
98 96 80
98 96 80
98 96 80
98 96 80
98 96 80
98 96 80
98 96 80
98 96 80
98 96 80
98 96 80
98 96 80
98 96 80
98 96 80
98 96 80
98 96 80
98 96 80
98 96 80
98 96 80
98 96 80
98 96 80
98 96 80
98 96 80
98 96 80
98 96 80
98 96 80
98 96 80
98 96 80
98 96 80
98 96 80
98 96 80
98 96 80
98 96 80
98 96 80
98 96 80
99 96 80
99 96 80
99 96 80
99 96 80
99 96 80
99 96 80
99 96 80
99 96 80
99 96 80
99 96 80
99 96 80
99 96 80
99 96 80
99 96 80
99 96 80
99 96 80
99 96 80
99 96 80
99 96 80
99 96 80
99 96 80
99 96 80
99 96 80
99 96 80
99 96 80
99 96 80
99 96 80
99 96 80
99 96 80
99 96 80
99 96 80
99 96 80
99 96 80
99 96 80
99 96 80
99 96 80
99 96 80
99 96 80
99 96 80
99 96 80
100 96 80
100 96 80
100 96 80
100 96 80
100 96 80
100 96 80
100 96 80
100 96 80
100 96 80
100 96 80
100 96 80
100 96 80
100 96 80
100 96 80
100 96 80
100 96 80
100 96 80
100 96 80
100 96 80
100 96 80
100 96 80
100 96 80
100 96 80
100 96 80
100 96 80
100 96 80
100 96 80
100 96 80
100 96 80
100 96 80
100 96 80
100 96 80
100 96 80
100 96 80
100 96 80
100 96 80
100 96 80
100 96 80
100 96 80
100 96 80
100 96 80
100 96 80
101 96 80
101 96 80
101 96 80
101 96 80
101 96 80
101 96 80
101 96 80
101 96 80
101 96 80
101 96 80
101 96 80
101 96 80
101 96 80
101 96 80
101 96 80
101 96 80
101 96 80
101 96 80
101 96 80
101 96 80
101 96 80
101 96 80
101 96 80
101 96 80
101 96 80
101 96 80
101 96 80
101 96 80
101 96 80
101 96 80
101 96 80
101 96 80
101 96 80
101 96 80
101 96 80
101 96 80
101 96 80
101 96 80
101 96 80
101 96 80
101 96 80
101 96 80
101 96 80
102 96 80
102 96 80
102 96 80
102 96 80
102 96 80
102 96 80
102 96 80
102 96 80
102 96 80
102 96 80
102 96 80
102 96 80
102 96 80
102 96 80
102 96 80
102 96 80
102 96 80
102 96 80
102 96 80
102 96 80
102 96 80
102 96 80
102 96 80
102 96 80
102 96 80
102 96 80
102 96 80
102 96 80
102 96 80
102 96 80
102 96 80
102 96 80
102 96 80
102 96 80
102 96 80
102 96 80
102 96 80
102 96 80
102 96 80
102 96 80
102 96 80
102 96 80
103 96 80
103 96 80
103 96 80
103 96 80
103 96 80
103 96 80
103 96 80
103 96 80
103 96 80
103 96 80
103 96 80
103 96 80
103 96 80
103 96 80
103 96 80
103 96 80
103 96 80
103 96 80
103 96 80
103 96 80
103 96 80
103 96 80
103 96 80
103 96 80
103 96 80
103 96 80
103 96 80
103 96 80
103 96 80
103 96 80
103 96 80
103 96 80
103 96 80
103 96 80
103 96 80
103 96 80
103 96 80
103 96 80
103 96 80
103 96 80
103 96 80
104 96 80
104 96 80
104 96 80
104 96 80
104 96 80
104 96 80
104 96 80
104 96 80
104 96 80
104 96 80
104 96 80
104 96 80
104 96 80
104 96 80
104 96 80
104 96 80
104 96 80
104 96 80
104 96 80
104 96 80
104 96 80
104 96 80
104 96 80
104 96 80
104 96 80
104 96 80
104 96 80
104 96 80
104 96 80
104 96 80
104 96 80
104 96 80
104 96 80
104 96 80
104 96 80
104 96 80
104 96 80
104 96 80
104 96 80
105 96 80
105 96 80
105 96 80
105 96 80
105 96 80
105 96 80
105 96 80
105 96 80
105 96 80
105 96 80
105 96 80
105 96 80
105 96 80
105 96 80
105 96 80
105 96 80
105 96 80
105 96 80
105 96 80
105 96 80
105 96 80
105 96 80
105 96 80
105 96 80
105 96 80
105 96 80
105 96 80
105 96 80
105 96 80
105 96 80
105 96 80
105 96 80
105 96 80
105 96 80
105 96 80
105 96 80
105 96 80
105 96 80
106 96 80
106 96 80
106 96 80
106 96 80
106 96 80
106 96 80
106 96 80
106 96 80
106 96 80
106 96 80
106 96 80
106 96 80
106 96 80
106 96 80
106 96 80
106 96 80
106 96 80
106 96 80
106 96 80
106 96 80
106 96 80
106 96 80
106 96 80
106 96 80
106 96 80
106 96 80
106 96 80
106 96 80
106 96 80
106 96 80
106 96 80
106 96 80
106 96 80
106 96 80
106 96 80
106 96 80
106 96 80
107 96 80
107 96 80
107 96 80
107 96 80
107 96 80
107 96 80
107 96 80
107 96 80
107 96 80
107 96 80
107 96 80
107 96 80
107 96 80
107 96 80
107 96 80
107 96 80
107 96 80
107 96 80
107 96 80
107 96 80
107 96 80
107 96 80
107 96 80
107 96 80
107 96 80
107 96 80
107 96 80
107 96 80
107 96 80
107 96 80
107 96 80
107 96 80
107 96 80
107 96 80
107 96 80
107 96 80
107 96 80
108 96 80
108 96 80
108 96 80
108 96 80
108 96 80
108 96 80
108 96 80
108 96 80
108 96 80
108 96 80
108 96 80
108 96 80
108 96 80
108 96 80
108 96 80
108 96 80
108 96 80
108 96 80
108 96 80
108 96 80
108 96 80
108 96 80
108 96 80
108 96 80
108 96 80
108 96 80
108 96 80
108 96 80
108 96 80
108 96 80
108 96 80
108 96 80
108 96 80
108 96 80
108 96 80
108 96 80
108 96 80
108 96 80
108 96 80
109 96 80
109 96 80
109 96 80
109 96 80
109 96 80
109 96 80
109 96 80
109 96 80
109 96 80
109 96 80
109 96 80
109 96 80
109 96 80
109 96 80
109 96 80
109 96 80
109 96 80
109 96 80
109 96 80
109 96 80
109 96 80
109 96 80
109 96 80
109 96 80
109 96 80
109 96 80
109 96 80
109 96 80
109 96 80
109 96 80
109 96 80
109 96 80
109 96 80
109 96 80
109 96 80
109 96 80
109 96 80
109 96 80
109 96 80
109 96 80
109 96 80
110 96 80
110 96 80
110 96 80
110 96 80
110 96 80
110 96 80
110 96 80
110 96 80
110 96 80
110 96 80
110 96 80
110 96 80
110 96 80
110 96 80
110 96 80
110 96 80
110 96 80
110 96 80
110 96 80
110 96 80
110 96 80
110 96 80
110 96 80
110 96 80
110 96 80
110 96 80
110 96 80
110 96 80
110 96 80
110 96 80
110 96 80
110 96 80
110 96 80
110 96 80
110 96 80
110 96 80
110 96 80
110 96 80
110 96 80
110 96 80
110 96 80
110 96 80
110 96 80
111 96 80
111 96 80
111 96 80
111 96 80
111 96 80
111 96 80
111 96 80
111 96 80
111 96 80
111 96 80
111 96 80
111 96 80
111 96 80
111 96 80
111 96 80
111 96 80
111 96 80
111 96 80
111 96 80
111 96 80
111 96 80
111 96 80
111 96 80
111 96 80
111 96 80
111 96 80
111 96 80
111 96 80
111 96 80
111 96 80
111 96 80
111 96 80
111 96 80
111 96 80
111 96 80
111 96 80
111 96 80
111 96 80
111 96 80
111 96 80
111 96 80
111 96 80
111 96 80
111 96 80
111 96 80
112 96 80
112 96 80
112 96 80
112 96 80
112 96 80
112 96 80
112 96 80
112 96 80
112 96 80
112 96 80
112 96 80
112 96 80
112 96 80
112 96 80
112 96 80
112 96 80
112 96 80
112 96 80
112 96 80
112 96 80
112 96 80
112 96 80
112 96 80
112 96 80
112 96 80
112 96 80
112 96 80
112 96 80
112 96 80
112 96 80
112 96 80
112 96 80
112 96 80
112 96 80
112 96 80
112 96 80
112 96 80
112 96 80
112 96 80
112 96 80
112 96 80
112 96 80
112 96 80
112 96 80
112 96 80
112 96 80
112 96 80
113 96 80
113 96 80
113 96 80
113 96 80
113 96 80
113 96 80
113 96 80
113 96 80
113 96 80
113 96 80
113 96 80
113 96 80
113 96 80
113 96 80
113 96 80
113 96 80
113 96 80
113 96 80
113 96 80
113 96 80
113 96 80
113 96 80
113 96 80
113 96 80
113 96 80
113 96 80
113 96 80
113 96 80
113 96 80
113 96 80
113 96 80
113 96 80
113 96 80
113 96 80
113 96 80
113 96 80
113 96 80
113 96 80
113 96 80
113 96 80
113 96 80
113 96 80
113 96 80
113 96 80
113 96 80
113 96 80
113 96 80
113 96 80
113 96 80
114 96 80
114 96 80
114 96 80
114 96 80
114 96 80
114 96 80
114 96 80
114 96 80
114 96 80
114 96 80
114 96 80
114 96 80
114 96 80
114 96 80
114 96 80
114 96 80
114 96 80
114 96 80
114 96 80
114 96 80
114 96 80
114 96 80
114 96 80
114 96 80
114 96 80
114 96 80
114 96 80
114 96 80
114 96 80
114 96 80
114 96 80
114 96 80
114 96 80
114 96 80
114 96 80
114 96 80
114 96 80
114 96 80
114 96 80
114 96 80
114 96 80
114 96 80
114 96 80
114 96 80
114 96 80
114 96 80
114 96 80
114 96 80
114 96 80
114 96 80
115 96 80
115 96 80
115 96 80
115 96 80
115 96 80
115 96 80
115 96 80
115 96 80
115 96 80
115 96 80
115 96 80
115 96 80
115 96 80
115 96 80
115 96 80
115 96 80
115 96 80
115 96 80
115 96 80
115 96 80
115 96 80
115 96 80
115 96 80
115 96 80
115 96 80
115 96 80
115 96 80
115 96 80
115 96 80
115 96 80
115 96 80
115 96 80
115 96 80
115 96 80
115 96 80
115 96 80
115 96 80
115 96 80
115 96 80
115 96 80
115 96 80
115 96 80
115 96 80
115 96 80
115 96 80
115 96 80
115 96 80
115 96 80
115 96 80
115 96 80
115 96 80
116 96 80
116 96 80
116 96 80
116 96 80
116 96 80
116 96 80
116 96 80
116 96 80
116 96 80
116 96 80
116 96 80
116 96 80
116 96 80
116 96 80
116 96 80
116 96 80
116 96 80
116 96 80
116 96 80
116 96 80
116 96 80
116 96 80
116 96 80
116 96 80
116 96 80
116 96 80
116 96 80
116 96 80
116 96 80
116 96 80
116 96 80
116 96 80
116 96 80
116 96 80
116 96 80
116 96 80
116 96 80
116 96 80
116 96 80
116 96 80
116 96 80
116 96 80
116 96 80
116 96 80
116 96 80
116 96 80
116 96 80
116 96 80
116 96 80
116 96 80
116 96 80
117 96 80
117 96 80
117 96 80
117 96 80
117 96 80
117 96 80
117 96 80
117 96 80
117 96 80
117 96 80
117 96 80
117 96 80
117 96 80
117 96 80
117 96 80
117 96 80
117 96 80
117 96 80
117 96 80
117 96 80
117 96 80
117 96 80
117 96 80
117 96 80
117 96 80
117 96 80
117 96 80
117 96 80
117 96 80
117 96 80
117 96 80
117 96 80
117 96 80
117 96 80
117 96 80
117 96 80
117 96 80
117 96 80
117 96 80
117 96 80
117 96 80
117 96 80
117 96 80
117 96 80
117 96 80
117 96 80
117 96 80
117 96 80
117 96 80
117 96 80
118 96 80
118 96 80
118 96 80
118 96 80
118 96 80
118 96 80
118 96 80
118 96 80
118 96 80
118 96 80
118 96 80
118 96 80
118 96 80
118 96 80
118 96 80
118 96 80
118 96 80
118 96 80
118 96 80
118 96 80
118 96 80
118 96 80
118 96 80
118 96 80
118 96 80
118 96 80
118 96 80
118 96 80
118 96 80
118 96 80
118 96 80
118 96 80
118 96 80
118 96 80
118 96 80
118 96 80
118 96 80
118 96 80
118 96 80
118 96 80
118 96 80
118 96 80
118 96 80
118 96 80
118 96 80
118 96 80
118 96 80
119 96 80
119 96 80
119 96 80
119 96 80
119 96 80
119 96 80
119 96 80
119 96 80
119 96 80
119 96 80
119 96 80
119 96 80
119 96 80
119 96 80
119 96 80
119 96 80
119 96 80
119 96 80
119 96 80
119 96 80
119 96 80
119 96 80
119 96 80
119 96 80
119 96 80
119 96 80
119 96 80
119 96 80
119 96 80
119 96 80
119 96 80
119 96 80
119 96 80
119 96 80
119 96 80
119 96 80
119 96 80
119 96 80
119 96 80
119 96 80
119 96 80
119 96 80
119 96 80
120 96 80
120 96 80
120 96 80
120 96 80
120 96 80
120 96 80
120 96 80
120 96 80
120 96 80
120 96 80
120 96 80
120 96 80
120 96 80
120 96 80
120 96 80
120 96 80
120 96 80
120 96 80
120 96 80
120 96 80
120 96 80
120 96 80
120 96 80
120 96 80
120 96 80
120 96 80
120 96 80
120 96 80
120 96 80
120 96 80
120 96 80
120 96 80
120 96 80
120 96 80
120 96 80
120 96 80
120 96 80
121 96 80
121 96 80
121 96 80
121 96 80
121 96 80
121 96 80
121 96 80
121 96 80
121 96 80
121 96 80
121 96 80
121 96 80
121 96 80
121 96 80
121 96 80
121 96 80
121 96 80
121 96 80
121 96 80
121 96 80
121 96 80
121 96 80
121 96 80
121 96 80
121 96 80
121 96 80
121 96 80
121 96 80
121 96 80
121 96 80
122 96 80
122 96 80
122 96 80
122 96 80
122 96 80
122 96 80
122 96 80
122 96 80
122 96 80
122 96 80
122 96 80
122 96 80
122 96 80
122 96 80
122 96 80
122 96 80
122 96 80
122 96 80
122 96 80
122 96 80
122 96 80
122 96 80
122 96 80
123 96 80
123 96 80
123 96 80
123 96 80
123 96 80
123 96 80
123 96 80
123 96 80
123 96 80
123 96 80
123 96 80
123 96 80
123 96 80
123 96 80
123 96 80
123 96 80
123 96 80
124 96 80
124 96 80
124 96 80
124 96 80
124 96 80
124 96 80
124 96 80
124 96 80
124 96 80
124 96 80
124 96 80
124 96 80
125 96 80
125 96 80
125 96 80
125 96 80
125 96 80
125 96 80
125 96 80
125 96 80
126 96 80
126 96 80
126 96 80
126 96 80
126 96 80
126 96 80
127 96 80
127 96 80
127 96 80
127 96 80
128 96 80
128 96 80
128 96 80
129 96 80
129 96 80
130 96 80
130 96 80
131 96 80
131 96 80
132 96 80
132 96 80
133 96 80
134 96 80
135 96 80
136 96 80
137 96 80
138 96 80
139 96 80
140 96 80
141 96 80
142 96 80
143 96 80
144 96 80
145 96 80
145 97 80
145 98 80
145 99 80
145 100 80
145 101 80
145 102 80
144 102 80
143 102 80
142 102 80
141 102 80
140 102 80
139 102 80
139 102 80
138 102 80
138 102 80
137 102 80
137 102 80
137 101 80
137 101 80
137 100 80
137 99 80
137 98 80
137 97 80
137 95 80
137 94 80
137 93 80
137 92 80
137 91 80
137 90 80
137 89 80
137 88 80
137 87 80
137 86 80
137 85 80
137 84 80
137 83 80
137 82 80
137 81 80
137 80 80
137 80 80
137 79 80
137 79 80
137 78 80
137 78 80
137 78 80
137 78 80
137 77 80
137 77 80
137 77 80
137 77 80
137 77 80
137 77 80
137 76 80
137 76 80
137 76 80
137 76 80
137 76 80
137 76 80
137 76 80
137 76 80
137 75 80
137 75 80
137 75 80
137 75 80
137 75 80
137 75 80
137 75 80
137 75 80
137 75 80
137 75 80
137 75 80
137 74 80
137 74 80
137 74 80
137 74 80
137 74 80
137 74 80
137 74 80
137 74 80
137 74 80
137 74 80
137 74 80
137 74 80
137 74 80
137 73 80
137 73 80
137 73 80
137 73 80
137 73 80
137 73 80
137 73 80
137 73 80
137 73 80
137 73 80
137 73 80
137 73 80
137 73 80
137 73 80
137 73 80
137 72 80
137 72 80
137 72 80
137 72 80
137 72 80
137 72 80
137 72 80
137 72 80
137 72 80
137 72 80
137 72 80
137 72 80
137 72 80
137 72 80
137 72 80
137 71 80
137 71 80
137 71 80
137 71 80
137 71 80
137 71 80
137 71 80
137 71 80
137 71 80
137 71 80
137 71 80
137 71 80
137 71 80
137 71 80
137 70 80
137 70 80
137 70 80
137 70 80
137 70 80
137 70 80
137 70 80
137 70 80
137 70 80
137 70 80
137 70 80
137 70 80
137 69 80
137 69 80
137 69 80
137 69 80
137 69 80
137 69 80
137 69 80
137 69 80
137 69 80
137 69 80
137 68 80
137 68 80
137 68 80
137 68 80
137 68 80
137 68 80
137 68 80
137 68 80
137 67 80
137 67 80
137 67 80
137 67 80
137 67 80
137 67 80
137 67 80
137 66 80
137 66 80
137 66 80
137 66 80
137 66 80
137 65 80
137 65 80
137 65 80
137 65 80
137 64 80
137 64 80
137 64 80
137 63 80
137 63 80
137 63 80
137 62 80
137 62 80
137 61 80
137 61 80
137 60 80
137 60 80
137 59 80
137 58 80
137 57 80
137 56 80
137 55 80
137 54 80
137 53 80
137 52 80
138 52 80
139 52 80
140 52 80
141 52 80
142 52 80
143 52 80
144 52 80
145 52 80
146 52 80
147 52 80
148 52 80
148 51 80
148 50 80
148 49 80
148 48 80
148 48 80
148 48 80
148 47 80
148 47 80
148 47 80
148 47 80
148 47 80
148 46 80
148 46 80
148 46 80
148 46 80
148 46 80
148 46 80
148 46 80
148 46 80
148 46 80
148 45 80
148 45 80
148 45 80
148 45 80
148 45 80
148 45 80
148 45 80
148 45 80
148 45 80
148 45 80
148 45 80
148 45 80
148 45 80
148 45 80
148 44 80
148 44 80
148 44 80
148 44 80
148 44 80
148 44 80
148 44 80
148 44 80
148 44 80
148 44 80
148 44 80
148 44 80
148 44 80
148 44 80
148 44 80
148 44 80
148 44 80
148 44 80
148 44 80
148 44 80
148 43 80
148 43 80
148 43 80
148 43 80
148 43 80
148 43 80
148 43 80
148 43 80
148 43 80
148 43 80
148 43 80
148 43 80
148 43 80
148 43 80
148 43 80
148 43 80
148 43 80
148 43 80
148 43 80
148 43 80
148 43 80
148 43 80
148 43 80
148 43 80
148 43 80
148 43 80
148 42 80
148 42 80
148 42 80
148 42 80
148 42 80
148 42 80
148 42 80
148 42 80
148 42 80
148 42 80
148 42 80
148 42 80
148 42 80
148 42 80
148 42 80
148 42 80
148 42 80
148 42 80
148 42 80
148 42 80
148 42 80
148 42 80
148 42 80
148 42 80
148 42 80
148 42 80
148 42 80
148 42 80
148 42 80
148 42 80
148 42 80
148 41 80
148 41 80
148 41 80
148 41 80
148 41 80
148 41 80
148 41 80
148 41 80
148 41 80
148 41 80
148 41 80
148 41 80
148 41 80
148 41 80
148 41 80
148 41 80
148 41 80
148 41 80
148 41 80
148 41 80
148 41 80
148 41 80
148 41 80
148 41 80
148 41 80
148 41 80
148 41 80
148 41 80
148 41 80
148 41 80
148 41 80
148 41 80
148 41 80
148 41 80
148 41 80
148 40 80
148 40 80
148 40 80
148 40 80
148 40 80
148 40 80
148 40 80
148 40 80
148 40 80
148 40 80
148 40 80
148 40 80
148 40 80
148 40 80
148 40 80
148 40 80
148 40 80
148 40 80
148 40 80
148 40 80
148 40 80
148 40 80
148 40 80
148 40 80
148 40 80
148 40 80
148 40 80
148 40 80
148 40 80
148 40 80
148 40 80
148 40 80
148 40 80
148 40 80
148 40 80
148 40 80
148 40 80
148 40 80
148 39 80
148 39 80
148 39 80
148 39 80
148 39 80
148 39 80
148 39 80
148 39 80
148 39 80
148 39 80
148 39 80
148 39 80
148 39 80
148 39 80
148 39 80
148 39 80
148 39 80
148 39 80
148 39 80
148 39 80
148 39 80
148 39 80
148 39 80
148 39 80
148 39 80
148 39 80
148 39 80
148 39 80
148 39 80
148 39 80
148 39 80
148 39 80
148 39 80
148 39 80
148 39 80
148 39 80
148 39 80
148 39 80
148 39 80
148 39 80
148 38 80
148 38 80
148 38 80
148 38 80
148 38 80
148 38 80
148 38 80
148 38 80
148 38 80
148 38 80
148 38 80
148 38 80
148 38 80
148 38 80
148 38 80
148 38 80
148 38 80
148 38 80
148 38 80
148 38 80
148 38 80
148 38 80
148 38 80
148 38 80
148 38 80
148 38 80
148 38 80
148 38 80
148 38 80
148 38 80
148 38 80
148 38 80
148 38 80
148 38 80
148 38 80
148 38 80
148 38 80
148 38 80
148 38 80
148 38 80
148 38 80
148 37 80
148 37 80
148 37 80
148 37 80
148 37 80
148 37 80
148 37 80
148 37 80
148 37 80
148 37 80
148 37 80
148 37 80
148 37 80
148 37 80
148 37 80
148 37 80
148 37 80
148 37 80
148 37 80
148 37 80
148 37 80
148 37 80
148 37 80
148 37 80
148 37 80
148 37 80
148 37 80
148 37 80
148 37 80
148 37 80
148 37 80
148 37 80
148 37 80
148 37 80
148 37 80
148 37 80
148 37 80
148 37 80
148 37 80
148 36 80
148 36 80
148 36 80
148 36 80
148 36 80
148 36 80
148 36 80
148 36 80
148 36 80
148 36 80
148 36 80
148 36 80
148 36 80
148 36 80
148 36 80
148 36 80
148 36 80
148 36 80
148 36 80
148 36 80
148 36 80
148 36 80
148 36 80
148 36 80
148 36 80
148 36 80
148 36 80
148 36 80
148 36 80
148 36 80
148 36 80
148 36 80
148 36 80
148 36 80
148 36 80
148 36 80
148 35 80
148 35 80
148 35 80
148 35 80
148 35 80
148 35 80
148 35 80
148 35 80
148 35 80
148 35 80
148 35 80
148 35 80
148 35 80
148 35 80
148 35 80
148 35 80
148 35 80
148 35 80
148 35 80
148 35 80
148 35 80
148 35 80
148 35 80
148 35 80
148 35 80
148 35 80
148 35 80
148 35 80
148 35 80
148 35 80
148 35 80
148 34 80
148 34 80
148 34 80
148 34 80
148 34 80
148 34 80
148 34 80
148 34 80
148 34 80
148 34 80
148 34 80
148 34 80
148 34 80
148 34 80
148 34 80
148 34 80
148 34 80
148 34 80
148 34 80
148 34 80
148 34 80
148 34 80
148 34 80
148 34 80
148 34 80
148 34 80
148 33 80
148 33 80
148 33 80
148 33 80
148 33 80
148 33 80
148 33 80
148 33 80
148 33 80
148 33 80
148 33 80
148 33 80
148 33 80
148 33 80
148 33 80
148 33 80
148 33 80
148 33 80
148 33 80
148 33 80
148 33 80
148 33 80
148 32 80
148 32 80
148 32 80
148 32 80
148 32 80
148 32 80
148 32 80
148 32 80
148 32 80
148 32 80
148 32 80
148 32 80
148 32 80
148 32 80
148 32 80
148 32 80
148 32 80
148 32 80
148 31 80
148 31 80
148 31 80
148 31 80
148 31 80
148 31 80
148 31 80
148 31 80
148 31 80
148 31 80
148 31 80
148 31 80
148 31 80
148 31 80
148 31 80
148 30 80
148 30 80
148 30 80
148 30 80
148 30 80
148 30 80
148 30 80
148 30 80
148 30 80
148 30 80
148 30 80
148 30 80
148 30 80
148 30 80
148 29 80
148 29 80
148 29 80
148 29 80
148 29 80
148 29 80
148 29 80
148 29 80
148 29 80
148 29 80
148 29 80
148 29 80
148 28 80
148 28 80
148 28 80
148 28 80
148 28 80
148 28 80
148 28 80
148 28 80
148 28 80
148 28 80
148 28 80
148 27 80
148 27 80
148 27 80
148 27 80
148 27 80
148 27 80
148 27 80
148 27 80
148 27 80
148 27 80
148 26 80
148 26 80
148 26 80
148 26 80
148 26 80
148 26 80
148 26 80
148 26 80
148 26 80
148 26 80
148 25 80
148 25 80
148 25 80
148 25 80
148 25 80
148 25 80
148 25 80
148 25 80
148 25 80
148 24 80
148 24 80
148 24 80
148 24 80
148 24 80
148 24 80
148 24 80
148 24 80
148 24 80
148 23 80
148 23 80
148 23 80
148 23 80
148 23 80
148 23 80
148 23 80
148 23 80
148 23 80
148 22 80
148 22 80
148 22 80
148 22 80
148 22 80
148 22 80
148 22 80
148 22 80
148 22 80
148 21 80
148 21 80
148 21 80
148 21 80
148 21 80
148 21 80
148 21 80
148 21 80
148 20 80
148 20 80
148 20 80
148 20 80
148 20 80
148 20 80
148 20 80
148 19 80
148 19 80
148 19 80
148 19 80
148 19 80
148 19 80
148 18 80
148 18 80
148 18 80
148 18 80
148 18 80
148 17 80
148 17 80
148 17 80
148 17 80
148 16 80
148 16 80
148 16 80
148 15 80
148 15 80
148 14 80
148 14 80
148 13 80
148 12 80
148 11 80
148 10 80
148 9 80
148 8 80
148 7 80
148 6 80
148 5 80
148 4 80
148 3 80
148 2 80
148 1 80
149 1 80
150 1 80
151 1 80
152 1 80
153 1 80
154 1 80
155 1 80
156 1 80
157 1 80
158 1 80
159 1 80
160 1 80
160 1 80
161 1 80
161 1 80
162 1 80
162 1 80
162 1 80
163 1 80
163 1 80
163 1 80
163 1 80
164 1 80
164 1 80
164 1 80
164 1 80
164 1 80
164 1 80
165 1 80
165 1 80
165 1 80
165 1 80
165 1 80
165 1 80
165 1 80
165 1 80
165 1 80
166 1 80
166 1 80
166 1 80
166 1 80
166 1 80
166 1 80
166 1 80
166 1 80
166 1 80
166 1 80
166 1 80
167 1 80
167 1 80
167 1 80
167 1 80
167 1 80
167 1 80
167 1 80
167 1 80
167 1 80
167 1 80
167 1 80
167 1 80
167 1 80
167 1 80
168 1 80
168 1 80
168 1 80
168 1 80
168 1 80
168 1 80
168 1 80
168 1 80
168 1 80
168 1 80
168 1 80
168 1 80
168 1 80
168 1 80
168 1 80
168 1 80
169 1 80
169 1 80
169 1 80
169 1 80
169 1 80
169 1 80
169 1 80
169 1 80
169 1 80
169 1 80
169 1 80
169 1 80
169 1 80
169 1 80
169 1 80
169 1 80
170 1 80
170 1 80
170 1 80
170 1 80
170 1 80
170 1 80
170 1 80
170 1 80
170 1 80
170 1 80
170 1 80
170 1 80
170 1 80
170 1 80
170 1 80
171 1 80
171 1 80
171 1 80
171 1 80
171 1 80
171 1 80
171 1 80
171 1 80
171 1 80
171 1 80
171 1 80
171 1 80
171 1 80
172 1 80
172 1 80
172 1 80
172 1 80
172 1 80
172 1 80
172 1 80
172 1 80
172 1 80
172 1 80
172 1 80
173 1 80
173 1 80
173 1 80
173 1 80
173 1 80
173 1 80
173 1 80
173 1 80
174 1 80
174 1 80
174 1 80
174 1 80
174 1 80
174 1 80
175 1 80
175 1 80
175 1 80
175 1 80
176 1 80
176 1 80
176 1 80
177 1 80
177 1 80
178 1 80
179 1 80
180 1 80
181 1 80
182 1 80
183 1 80
184 1 80
185 1 80
186 1 80
187 1 80
188 1 80
189 1 80
190 1 80
191 1 80
192 1 80
192 1 80
192 2 80
192 2 80
192 3 80
192 3 80
192 4 80
192 4 80
192 4 80
192 5 80
192 5 80
192 5 80
192 6 80
192 6 80
192 6 80
192 7 80
192 7 80
192 7 80
192 7 80
192 8 80
192 8 80
192 8 80
192 9 80
192 9 80
192 9 80
192 10 80
192 10 80
192 10 80
192 11 80
192 11 80
192 12 80
192 12 80
192 13 80
192 13 80
192 14 80
192 15 80
192 16 80
192 17 80
192 18 80
192 19 80
192 20 80
192 21 80
192 22 80
192 23 80
192 24 80
192 25 80
192 26 80
192 27 80
192 28 80
192 29 80
192 30 80
192 31 80
67 157 80
68 157 80
69 157 80
70 157 80
71 157 80
72 157 80
73 157 80
73 157 80
74 157 80
74 157 80
75 157 80
75 157 80
75 157 80
76 157 80
76 157 80
76 157 80
76 157 80
77 157 80
77 157 80
77 157 80
77 157 80
77 157 80
78 157 80
78 157 80
78 157 80
78 157 80
78 157 80
78 157 80
79 157 80
79 157 80
79 157 80
79 157 80
79 157 80
79 157 80
79 157 80
80 157 80
80 157 80
80 157 80
80 157 80
80 157 80
80 157 80
80 157 80
80 157 80
80 157 80
81 157 80
81 157 80
81 157 80
81 157 80
81 157 80
81 157 80
81 157 80
81 157 80
81 157 80
81 157 80
82 157 80
82 157 80
82 157 80
82 157 80
82 157 80
82 157 80
82 157 80
82 157 80
82 157 80
82 157 80
82 157 80
82 157 80
82 157 80
83 157 80
83 157 80
83 157 80
83 157 80
83 157 80
83 157 80
83 157 80
83 157 80
83 157 80
83 157 80
83 157 80
83 157 80
83 157 80
83 157 80
83 157 80
84 157 80
84 157 80
84 157 80
84 157 80
84 157 80
84 157 80
84 157 80
84 157 80
84 157 80
84 157 80
84 157 80
84 157 80
84 157 80
84 157 80
84 157 80
84 157 80
84 157 80
85 157 80
85 157 80
85 157 80
85 157 80
85 157 80
85 157 80
85 157 80
85 157 80
85 157 80
85 157 80
85 157 80
85 157 80
85 157 80
85 157 80
85 157 80
85 157 80
85 157 80
85 157 80
85 157 80
86 157 80
86 157 80
86 157 80
86 157 80
86 157 80
86 157 80
86 157 80
86 157 80
86 157 80
86 157 80
86 157 80
86 157 80
86 157 80
86 157 80
86 157 80
86 157 80
86 157 80
86 157 80
86 157 80
87 157 80
87 157 80
87 157 80
87 157 80
87 157 80
87 157 80
87 157 80
87 157 80
87 157 80
87 157 80
87 157 80
87 157 80
87 157 80
87 157 80
87 157 80
87 157 80
87 157 80
87 157 80
87 157 80
88 157 80
88 157 80
88 157 80
88 157 80
88 157 80
88 157 80
88 157 80
88 157 80
88 157 80
88 157 80
88 157 80
88 157 80
88 157 80
88 157 80
88 157 80
88 157 80
88 157 80
88 157 80
89 157 80
89 157 80
89 157 80
89 157 80
89 157 80
89 157 80
89 157 80
89 157 80
89 157 80
89 157 80
89 157 80
89 157 80
89 157 80
89 157 80
89 157 80
89 157 80
90 157 80
90 157 80
90 157 80
90 157 80
90 157 80
90 157 80
90 157 80
90 157 80
90 157 80
90 157 80
90 157 80
90 157 80
90 157 80
90 157 80
91 157 80
91 157 80
91 157 80
91 157 80
91 157 80
91 157 80
91 157 80
91 157 80
91 157 80
91 157 80
91 157 80
92 157 80
92 157 80
92 157 80
92 157 80
92 157 80
92 157 80
92 157 80
92 157 80
93 157 80
93 157 80
93 157 80
93 157 80
93 157 80
93 157 80
94 157 80
94 157 80
94 157 80
94 157 80
94 157 80
95 157 80
95 157 80
95 157 80
95 157 80
96 157 80
96 157 80
96 157 80
