136 169 120
135 169 120
134 169 120
133 169 120
132 169 120
131 169 120
130 169 120
129 169 120
128 169 120
127 169 120
126 169 120
125 169 120
124 169 120
123 169 120
122 169 120
121 169 120
121 169 120
120 169 120
120 169 120
119 169 120
119 169 120
118 169 120
118 169 120
118 169 120
117 169 240
117 169 120
116 169 240
116 169 120
116 169 120
115 169 360
115 169 120
115 169 120
114 169 480
114 169 120
114 169 120
113 169 600
113 169 120
113 169 120
113 169 120
112 169 840
112 169 120
112 169 120
111 169 960
111 169 120
111 169 120
111 169 120
110 169 1200
110 169 120
110 169 120
109 169 1320
109 169 120
109 169 120
108 169 1440
108 169 120
107 169 1440
107 169 120
106 169 1440
106 169 120
105 169 1440
105 169 120
104 169 1440
103 169 1440
102 169 1440
101 169 120
101 169 120
101 169 120
101 169 120
101 169 120
101 169 120
101 169 120
101 169 120
101 169 120
101 169 120
100 169 1080
99 169 1080
98 169 1080
97 169 120
97 169 120
97 169 120
97 169 120
97 169 120
97 169 120
97 169 120
96 169 720
95 169 720
94 169 720
93 169 120
93 169 120
93 169 120
93 169 120
93 169 120
93 169 120
92 169 600
92 169 120
92 169 120
91 169 720
91 169 120
91 169 120
90 169 840
90 169 120
90 169 120
89 169 960
89 169 120
89 169 120
89 169 120
88 169 1200
88 169 120
88 169 120
88 169 120
87 169 1440
87 169 120
87 169 120
87 169 120
86 169 1680
86 169 120
86 169 120
86 169 120
85 169 1920
85 169 120
85 169 120
85 169 120
85 169 120
84 169 2280
84 169 120
84 169 120
84 169 120
84 169 120
83 169 2640
83 169 120
83 169 120
83 169 120
83 169 120
82 169 3000
82 169 120
82 169 120
82 169 120
82 169 120
81 169 3360
81 169 120
81 169 120
81 169 120
81 169 120
80 169 3720
80 169 120
80 169 120
80 169 120
80 169 120
79 169 4080
79 169 120
79 169 120
79 169 120
78 169 4320
78 169 120
78 169 120
77 169 4440
77 169 120
77 169 120
76 169 4560
76 169 120
75 169 4560
75 169 120
74 169 4560
74 169 120
73 169 4560
72 169 4560
71 169 4560
70 169 120
70 169 120
70 169 120
70 169 120
70 169 120
70 169 120
70 169 120
70 169 120
70 169 120
70 169 120
70 169 120
70 169 120
70 169 120
70 169 120
70 169 120
70 169 120
70 169 120
70 169 120
70 169 120
70 169 120
70 169 120
70 169 120
70 169 120
70 169 120
70 169 120
70 169 120
70 169 120
70 169 120
70 169 120
70 169 120
70 169 120
70 169 120
70 169 120
70 169 120
69 169 3960
68 169 3960
67 169 3960
66 169 120
66 169 120
66 169 120
66 169 120
66 169 120
66 169 120
66 169 120
66 169 120
66 169 120
66 169 120
66 169 120
66 169 120
66 169 120
66 169 120
66 169 120
66 169 120
66 169 120
66 169 120
66 169 120
66 169 120
66 169 120
66 169 120
65 169 2520
64 169 2520
63 169 2520
63 170 120
63 170 120
63 170 120
63 170 120
63 170 120
63 170 120
63 170 120
63 170 120
63 170 120
63 170 120
63 170 120
63 170 120
63 171 1320
63 172 1320
63 173 1320
63 174 120
63 174 120
63 174 120
63 174 120
63 174 120
63 175 480
63 176 480
63 177 480
63 178 120
63 178 120
63 178 120
63 179 240
116 168 240
116 168 120
116 168 120
116 167 360
116 166 360
116 165 360
116 164 120
116 164 120
116 163 120
116 162 120
116 161 120
116 160 120
116 159 120
116 158 120
116 157 120
116 156 120
115 156 120
114 156 120
113 156 120
112 156 120
111 156 120
110 156 120
109 156 120
108 156 120
108 156 120
107 156 120
107 156 120
106 156 120
106 156 120
105 156 120
105 156 120
104 156 120
104 156 120
103 156 120
103 156 120
102 156 120
101 156 120
101 155 120
101 154 120
101 153 120
101 152 120
101 151 120
101 150 120
101 149 120
101 148 120
101 147 120
101 146 120
101 145 120
101 144 120
101 143 120
101 142 120
101 141 120
101 140 120
101 139 120
101 138 120
101 137 120
101 136 120
101 135 120
101 134 120
101 133 120
101 132 120
101 131 120
100 131 120
99 131 120
98 131 120
97 131 120
96 131 120
95 131 120
94 131 120
93 131 120
92 131 120
91 131 120
90 131 120
89 131 120
88 131 120
87 131 120
86 131 120
85 131 120
84 131 120
83 131 120
82 131 120
82 131 120
81 131 120
81 131 120
80 131 120
80 131 120
80 131 120
79 131 240
79 131 120
78 131 240
78 131 120
77 131 240
77 131 120
76 131 240
75 131 240
74 131 240
73 131 120
72 131 120
71 131 120
70 131 120
69 131 120
68 131 120
67 131 120
66 131 120
65 131 120
64 131 120
63 131 120
62 131 120
62 130 120
62 129 120
62 128 120
83 130 120
83 129 120
83 128 120
83 127 120
83 126 120
83 125 120
83 124 120
83 123 120
83 122 120
83 121 120
83 120 120
83 119 120
83 118 120
83 117 120
83 116 120
83 115 120
83 114 120
83 113 120
83 113 120
83 112 120
83 112 120
83 111 120
83 111 120
83 111 120
83 110 240
83 110 120
83 110 120
83 109 360
83 109 120
83 109 120
83 108 480
83 108 120
83 108 120
83 107 600
83 107 120
83 107 120
83 106 720
83 106 120
83 105 720
83 105 120
83 104 720
83 104 120
83 103 720
83 102 720
83 101 720
83 100 120
83 100 120
83 100 120
83 99 240
83 98 240
102 131 240
103 131 120
104 131 120
105 131 120
106 131 120
107 131 120
108 131 120
109 131 120
110 131 120
111 131 120
112 131 120
113 131 120
114 131 120
114 131 120
115 131 120
115 131 120
115 131 120
116 131 240
116 131 120
116 131 120
116 131 120
117 131 480
117 131 120
117 131 120
117 131 120
117 131 120
118 131 840
118 131 120
118 131 120
118 131 120
118 131 120
119 131 1200
119 131 120
119 131 120
119 131 120
119 131 120
119 131 120
119 131 120
120 131 1800
120 131 120
120 131 120
120 131 120
120 131 120
120 131 120
120 131 120
121 131 2400
121 131 120
121 131 120
121 131 120
121 131 120
121 131 120
122 131 2880
122 131 120
122 131 120
122 131 120
122 131 120
123 131 3240
123 131 120
123 131 120
123 131 120
123 131 120
124 131 3600
124 131 120
124 131 120
125 131 3720
125 131 120
126 131 3720
126 131 120
127 131 3720
128 131 3720
129 131 3720
130 131 120
130 131 120
130 131 120
130 131 120
130 131 120
130 131 120
130 131 120
130 131 120
130 131 120
130 131 120
130 131 120
130 131 120
130 131 120
130 131 120
130 131 120
130 131 120
130 131 120
130 131 120
130 131 120
130 131 120
130 131 120
130 131 120
130 131 120
130 131 120
131 131 2760
132 131 2760
133 131 2760
134 131 120
134 131 120
134 131 120
134 131 120
134 131 120
134 131 120
134 131 120
134 131 120
134 131 120
134 131 120
134 131 120
134 131 120
134 131 120
135 131 1440
136 131 1440
137 131 1440
138 131 120
138 131 120
138 131 120
138 131 120
138 131 120
138 131 120
138 131 120
139 131 720
140 131 720
141 131 720
142 131 120
142 131 120
143 131 120
143 131 120
144 131 120
145 131 120
146 131 120
147 131 120
148 131 120
149 131 120
150 131 120
151 131 120
151 130 120
151 129 120
151 128 120
151 127 120
151 127 120
151 126 120
151 126 120
151 126 120
151 125 240
151 125 120
151 124 240
151 124 120
151 124 120
151 123 360
151 123 120
151 122 360
151 121 360
151 120 360
151 119 120
151 119 120
151 118 120
151 117 120
151 116 120
151 115 120
151 114 120
151 113 120
151 112 120
151 111 120
151 110 120
151 109 120
152 109 120
153 109 120
154 109 120
155 109 120
155 108 120
155 107 120
155 106 120
155 105 120
155 104 120
155 103 120
155 102 120
155 101 120
155 100 120
155 99 120
155 98 120
155 97 120
155 97 120
155 96 120
155 96 120
155 96 120
155 96 120
155 95 360
155 95 120
155 95 120
155 95 120
155 94 600
155 94 120
155 94 120
155 94 120
155 94 120
155 93 960
155 93 120
155 93 120
155 93 120
155 93 120
155 92 1320
155 92 120
155 92 120
155 92 120
155 92 120
155 91 1680
155 91 120
155 91 120
155 91 120
155 90 1920
155 90 120
155 90 120
155 89 2040
155 89 120
155 89 120
155 88 2160
155 88 120
155 87 2160
155 86 2160
155 85 2160
155 84 120
155 84 120
155 84 120
155 84 120
155 84 120
155 84 120
155 84 120
155 84 120
155 84 120
155 84 120
155 84 120
155 84 120
155 83 1320
155 82 1320
155 81 1320
155 80 120
155 80 120
155 80 120
155 80 120
155 80 120
155 80 120
155 79 600
155 78 600
155 77 600
155 76 120
155 76 120
155 75 120
155 74 120
155 73 120
155 72 120
155 71 120
155 70 120
155 69 120
155 68 120
155 67 120
155 66 120
155 65 120
155 64 120
155 63 120
155 62 120
155 61 120
155 60 120
155 59 120
155 58 120
155 57 120
137 169 120
138 169 120
139 169 120
140 169 120
141 169 120
142 169 120
143 169 120
144 169 120
145 169 120
146 169 120
147 169 120
147 169 120
148 169 120
148 169 120
148 169 120
149 169 240
149 169 120
149 169 120
150 169 360
150 169 120
150 169 120
150 169 120
151 169 600
151 169 120
151 169 120
151 169 120
151 169 120
152 169 960
152 169 120
152 169 120
152 169 120
152 169 120
153 169 1320
153 169 120
153 169 120
153 169 120
153 169 120
154 169 1680
154 169 120
154 169 120
154 169 120
155 169 1920
155 169 120
155 169 120
156 169 2040
156 169 120
156 169 120
157 169 2160
157 169 120
158 169 2160
158 169 120
159 169 2160
160 169 2160
161 169 2160
162 169 120
162 169 120
162 169 120
162 169 120
162 169 120
162 169 120
162 169 120
162 169 120
162 169 120
162 169 120
162 169 120
162 169 120
162 169 120
162 169 120
163 169 1560
164 169 1560
165 169 1560
166 169 120
166 169 120
166 169 120
166 169 120
166 169 120
166 169 120
166 169 120
166 169 120
166 169 120
166 169 120
167 169 1080
167 169 120
167 170 1080
167 170 120
167 170 120
167 171 1200
167 171 120
167 171 120
167 172 1320
167 172 120
167 173 1320
167 173 120
167 174 1320
167 174 120
167 175 1320
167 176 1320
167 177 1320
167 178 120
167 178 120
167 178 120
167 178 120
167 178 120
167 178 120
167 178 120
167 179 720
167 180 720
167 181 720
167 182 120
167 182 120
167 182 120
167 183 240
167 183 120
167 184 240
167 185 240
