185 101 80
184 101 80
183 101 80
182 101 80
181 101 80
180 101 80
179 101 80
178 101 80
177 101 80
176 101 80
175 101 80
174 101 80
173 101 80
172 101 80
171 101 80
170 101 80
169 101 80
168 101 80
167 101 80
166 101 80
165 101 80
164 101 80
163 101 80
162 101 80
161 101 80
160 101 80
159 101 80
158 101 80
157 101 80
156 101 80
155 101 80
154 101 80
153 101 80
152 101 80
151 101 80
150 101 80
149 101 80
148 101 80
147 101 80
146 101 80
145 101 80
144 101 80
143 101 80
142 101 80
141 101 80
140 101 80
139 101 80
139 100 80
139 99 80
139 98 80
139 97 80
139 96 80
139 95 80
139 94 80
139 93 80
139 92 80
139 91 80
139 90 80
139 89 80
139 88 80
166 4 80
165 4 80
164 4 80
163 4 80
162 4 80
161 4 80
160 4 80
159 4 80
158 4 80
157 4 80
156 4 80
155 4 80
154 4 80
153 4 80
152 4 80
151 4 80
150 4 80
149 4 80
149 4 80
148 4 80
148 4 80
148 4 80
147 4 80
147 4 80
147 4 80
146 4 80
146 4 80
146 4 80
146 4 80
146 4 80
145 4 80
145 4 80
145 4 80
145 4 80
145 4 80
145 4 80
145 4 80
144 4 80
144 4 80
144 4 80
144 4 80
144 4 80
144 4 80
144 4 80
144 4 80
144 4 80
143 4 80
143 4 80
143 4 80
143 4 80
143 4 80
143 4 80
143 4 80
143 4 80
143 4 80
143 4 80
143 4 80
142 4 80
142 4 80
142 4 80
142 4 80
142 4 80
142 4 80
142 4 80
142 4 80
142 4 80
142 4 80
142 4 80
142 4 80
142 4 80
142 4 80
141 4 80
141 4 80
141 4 80
141 4 80
141 4 80
141 4 80
141 4 80
141 4 80
141 4 80
141 4 80
141 4 80
141 4 80
141 4 80
141 4 80
141 4 80
141 4 80
141 4 80
140 4 80
140 4 80
140 4 80
140 4 80
140 4 80
140 4 80
140 4 80
140 4 80
140 4 80
140 4 80
140 4 80
140 4 80
140 4 80
140 4 80
140 4 80
140 4 80
140 4 80
140 4 80
139 4 80
139 4 80
139 4 80
139 4 80
139 4 80
139 4 80
139 4 80
139 4 80
139 4 80
139 4 80
139 4 80
139 4 80
139 4 80
139 4 80
139 4 80
139 4 80
139 4 80
139 4 80
139 4 80
139 5 1440
139 5 80
139 6 80
139 6 80
139 6 80
139 6 80
139 6 80
139 6 80
139 6 80
139 6 80
139 6 80
139 6 80
139 6 80
139 6 80
139 6 80
139 6 80
139 6 80
139 6 80
139 6 80
139 6 80
139 7 80
139 7 80
139 7 80
139 7 80
139 7 80
139 7 80
139 7 80
139 7 80
139 7 80
139 7 80
139 7 80
139 7 80
139 7 80
139 7 80
139 7 80
139 7 80
139 7 80
139 8 80
139 8 80
139 8 80
139 8 80
139 8 80
139 8 80
139 8 80
139 8 80
139 8 80
139 8 80
139 8 80
139 8 80
139 8 80
139 8 80
139 8 80
139 8 80
139 9 80
139 9 80
139 9 80
139 9 80
139 9 80
139 9 80
139 9 80
139 9 80
139 9 80
139 9 80
139 9 80
139 9 80
139 9 80
139 9 80
139 10 80
139 10 80
139 10 80
139 10 80
139 10 80
139 10 80
139 10 80
139 10 80
139 10 80
139 10 80
139 10 80
139 10 80
139 11 80
139 11 80
139 11 80
139 11 80
139 11 80
139 11 80
139 11 80
139 11 80
139 11 80
139 11 80
139 12 80
139 12 80
139 12 80
139 12 80
139 12 80
139 12 80
139 12 80
139 12 80
139 13 80
139 13 80
139 13 80
139 13 80
139 13 80
139 13 80
139 14 80
139 14 80
139 14 80
139 14 80
139 15 80
139 15 80
139 15 80
139 16 80
139 16 80
139 17 80
139 17 80
139 18 80
139 19 80
139 20 80
139 21 80
139 22 80
139 23 80
139 24 80
139 25 80
139 26 80
139 27 80
139 28 80
139 29 80
139 30 80
139 31 80
139 32 80
139 33 80
139 34 80
139 35 80
139 36 80
139 37 80
139 38 80
139 39 80
139 40 80
139 41 80
139 42 80
139 43 80
139 44 80
139 45 80
139 46 80
139 47 80
139 48 80
139 49 80
139 50 80
139 51 80
139 52 80
139 53 80
139 54 80
139 55 80
139 56 80
139 56 80
139 57 80
139 57 80
139 57 80
139 58 80
139 58 80
139 58 80
139 59 80
139 59 80
139 59 80
139 59 80
139 60 80
139 60 80
139 60 80
139 60 80
139 60 80
139 61 80
139 61 80
139 61 80
139 61 80
139 61 80
139 62 80
139 62 80
139 62 80
139 62 80
139 62 80
139 62 80
139 63 80
139 63 80
139 63 80
139 63 80
139 63 80
139 63 80
139 63 80
139 64 80
139 64 80
139 64 80
139 64 80
139 64 80
139 64 80
139 64 80
139 65 80
139 65 80
139 65 80
139 65 80
139 65 80
139 65 80
139 65 80
139 66 80
139 66 80
139 66 80
139 66 80
139 66 80
139 66 80
139 66 80
139 67 80
139 67 80
139 67 80
139 67 80
139 67 80
139 67 80
139 67 80
139 68 80
139 68 80
139 68 80
139 68 80
139 68 80
139 68 80
139 68 80
139 69 80
139 69 80
139 69 80
139 69 80
139 69 80
139 69 80
139 69 80
139 70 80
139 70 80
139 70 80
139 70 80
139 70 80
139 70 80
139 70 80
139 71 80
139 71 80
139 71 80
139 71 80
139 71 80
139 71 80
139 72 80
139 72 80
139 72 80
139 72 80
139 72 80
139 73 80
139 73 80
139 73 80
139 73 80
139 73 80
139 74 80
139 74 80
139 74 80
139 74 80
139 75 80
139 75 80
139 75 80
139 76 80
139 76 80
139 77 80
139 77 80
139 78 80
139 78 80
139 79 80
139 80 80
139 81 80
139 82 80
139 83 80
139 84 80
139 85 80
139 86 80
139 87 80
59 6 80
58 6 80
57 6 80
56 6 80
55 6 80
54 6 80
53 6 80
52 6 80
51 6 80
50 6 80
49 6 80
48 6 80
47 6 80
46 6 80
45 6 80
44 6 80
43 6 80
42 6 80
41 6 80
40 6 80
39 6 80
38 6 80
37 6 80
37 6 80
36 6 80
36 6 80
35 6 80
35 6 80
34 6 80
34 6 80
33 6 80
33 6 80
33 6 80
32 6 80
32 6 80
32 6 80
31 6 80
31 6 80
31 6 80
31 6 80
30 6 80
30 6 80
30 6 80
30 6 80
30 6 80
29 6 80
29 6 80
29 6 80
29 6 80
29 6 80
29 6 80
29 6 80
28 6 80
28 6 80
28 6 80
28 6 80
28 6 80
28 6 80
28 6 80
28 6 80
27 6 80
27 6 80
27 6 80
27 6 80
27 6 80
27 6 80
27 6 80
27 6 80
27 6 80
27 6 80
26 6 80
26 6 80
26 6 80
26 6 80
26 6 80
26 6 80
26 6 80
26 6 80
26 6 80
26 6 80
26 6 80
25 6 80
25 6 80
25 6 80
25 6 80
25 6 80
25 6 80
25 6 80
25 6 80
25 6 80
25 6 80
25 6 80
24 6 80
24 6 80
24 6 80
24 6 80
24 6 80
24 6 80
24 6 80
24 6 80
24 6 80
24 6 80
24 6 80
23 6 80
23 6 80
23 6 80
23 6 80
23 6 80
23 6 80
23 6 80
23 6 80
23 6 80
23 6 80
22 6 80
22 6 80
22 6 80
22 6 80
22 6 80
22 6 80
22 6 80
22 6 80
21 6 80
21 6 80
21 6 80
21 6 80
21 6 80
21 6 80
21 6 80
20 6 80
20 6 80
20 6 80
20 6 80
20 6 80
19 6 80
19 6 80
19 6 80
19 6 80
18 6 80
18 6 80
18 6 80
17 6 80
17 6 80
16 6 80
15 6 80
14 6 80
13 6 80
12 6 80
11 6 80
10 6 80
9 6 80
8 6 80
7 6 80
7 7 80
7 8 80
7 9 80
7 10 80
7 11 80
7 12 80
7 13 80
84 76 80
85 76 80
86 76 80
87 76 80
88 76 80
89 76 80
90 76 80
91 76 80
92 76 80
93 76 80
94 76 80
95 76 80
96 76 80
97 76 80
98 76 80
98 77 80
98 78 80
98 79 80
98 80 80
98 81 80
98 82 80
98 83 80
98 84 80
98 85 80
98 86 80
98 87 80
98 88 80
98 89 80
98 90 80
98 91 80
98 92 80
98 93 80
98 94 80
98 95 80
98 96 80
98 97 80
98 98 80
98 99 80
98 100 80
98 101 80
98 102 80
98 103 80
98 104 80
98 105 80
98 106 80
98 107 80
98 108 80
98 109 80
98 110 80
98 111 80
98 112 80
98 113 80
98 114 80
98 115 80
98 116 80
98 117 80
98 118 80
98 119 80
98 120 80
98 121 80
98 122 80
98 123 80
98 124 80
