69 181 120
68 181 120
67 181 120
66 181 120
65 181 120
64 181 120
63 181 120
62 181 120
61 181 120
60 181 120
59 181 120
58 181 120
57 181 120
56 181 120
55 181 120
54 181 120
53 181 120
52 181 120
51 181 120
50 181 120
49 181 120
49 181 120
48 181 120
48 181 120
47 181 120
47 181 120
47 181 120
46 181 240
46 181 120
46 181 120
45 181 360
45 181 120
45 181 120
45 181 120
44 181 600
44 181 120
44 181 120
43 181 720
43 181 120
43 181 120
43 181 120
42 181 960
42 181 120
42 181 120
41 181 1080
41 181 120
41 181 120
40 181 1200
40 181 120
39 181 1200
39 181 120
39 181 120
38 181 1320
38 181 120
37 181 1320
37 181 120
36 181 1320
36 181 120
35 181 1320
35 181 120
34 181 1320
34 181 120
34 181 120
33 181 1440
33 181 120
32 181 1440
32 181 120
32 181 120
31 181 1560
31 181 120
31 181 120
30 181 1680
30 181 120
29 181 1680
29 181 120
29 181 120
28 181 1800
28 181 120
27 181 1800
27 181 120
26 181 1800
25 181 1800
24 181 1800
23 181 120
23 181 120
23 181 120
23 181 120
23 181 120
23 181 120
23 181 120
23 181 120
23 181 120
23 181 120
22 181 1080
21 181 1080
21 180 1080
21 179 120
21 179 120
21 179 120
21 179 120
21 178 360
21 177 360
21 176 360
21 175 120
21 174 120
21 173 120
21 172 120
21 171 120
21 170 120
21 169 120
21 168 120
21 167 120
21 166 120
21 165 120
21 164 120
21 163 120
21 162 120
21 161 120
21 160 120
21 159 120
21 158 120
21 157 120
21 156 120
21 155 120
21 154 120
21 153 120
21 152 120
21 151 120
21 150 120
21 149 120
21 148 120
21 147 120
21 146 120
21 145 120
21 144 120
21 143 120
21 142 120
21 141 120
21 140 120
21 139 120
21 138 120
21 137 120
21 136 120
21 135 120
21 134 120
21 133 120
21 132 120
21 131 120
21 130 120
21 129 120
21 128 120
21 127 120
21 126 120
21 125 120
21 124 120
21 123 120
21 122 120
21 121 120
21 120 120
21 119 120
21 118 120
21 117 120
21 116 120
21 115 120
21 114 120
21 113 120
21 112 120
70 181 120
71 181 120
72 181 120
73 181 120
74 181 120
75 181 120
76 181 120
77 181 120
78 181 120
79 181 120
80 181 120
81 181 120
82 181 120
83 181 120
84 181 120
85 181 120
86 181 120
87 181 120
88 181 120
89 181 120
90 181 120
91 181 120
92 181 120
92 181 120
93 181 120
93 181 120
94 181 120
94 181 120
94 181 120
95 181 240
95 181 120
95 181 120
96 181 360
96 181 120
96 181 120
96 181 120
97 181 600
97 181 120
97 181 120
97 181 120
98 181 840
98 181 120
98 181 120
98 181 120
98 181 120
98 181 120
99 181 1320
99 181 120
99 181 120
99 181 120
99 181 120
99 181 120
100 181 1800
100 181 120
100 181 120
100 181 120
100 181 120
100 181 120
101 181 2280
101 181 120
101 181 120
101 181 120
101 181 120
101 181 120
102 181 2760
102 181 120
102 181 120
102 181 120
102 181 120
102 181 120
103 181 3240
103 181 120
103 181 120
103 181 120
103 181 120
104 181 3600
104 181 120
104 181 120
104 181 120
104 181 120
105 181 3960
105 181 120
105 181 120
105 181 120
105 181 120
106 181 4320
106 181 120
106 181 120
106 181 120
107 181 4560
107 181 120
107 181 120
108 181 4680
108 181 120
109 181 4680
109 181 120
110 181 4680
111 181 4680
112 181 4680
113 181 120
113 181 120
113 181 120
113 181 120
113 181 120
113 181 120
113 181 120
113 181 120
113 181 120
113 181 120
113 181 120
113 181 120
113 181 120
113 181 120
113 181 120
113 181 120
113 181 120
113 181 120
113 181 120
113 181 120
113 181 120
113 181 120
113 181 120
113 181 120
113 181 120
113 181 120
113 181 120
113 181 120
113 181 120
113 181 120
113 181 120
113 181 120
113 181 120
113 181 120
114 181 3960
115 181 3960
116 181 3960
117 181 120
117 181 120
117 181 120
117 181 120
117 181 120
117 181 120
117 181 120
117 181 120
117 181 120
117 181 120
117 181 120
117 181 120
117 181 120
117 181 120
117 181 120
117 181 120
117 181 120
117 181 120
117 181 120
117 181 120
117 181 120
117 181 120
118 181 2520
119 181 2520
120 181 2520
121 181 120
121 181 120
121 181 120
121 181 120
121 181 120
121 181 120
121 181 120
121 181 120
121 181 120
121 181 120
121 181 120
122 181 1200
123 181 1200
124 181 1200
125 181 120
125 181 120
125 181 120
125 181 120
125 181 120
125 181 120
125 181 120
125 180 720
125 180 120
125 179 720
125 178 720
125 177 720
125 176 120
125 176 120
125 176 120
125 176 120
125 176 120
125 175 480
125 174 480
125 173 480
125 172 120
125 172 120
125 171 120
125 170 120
125 169 120
125 168 120
125 167 120
125 166 120
125 165 120
125 164 120
125 163 120
125 162 120
126 162 120
127 162 120
128 162 120
129 162 120
130 162 120
131 162 120
132 162 120
133 162 120
134 162 120
135 162 120
136 162 120
137 162 120
138 162 120
139 162 120
140 162 120
141 162 120
142 162 120
143 162 120
144 162 120
145 162 120
146 162 120
147 162 120
148 162 120
149 162 120
150 162 120
151 162 120
152 162 120
153 162 120
154 162 120
155 162 120
156 162 120
157 162 120
158 162 120
159 162 120
160 162 120
161 162 120
162 162 120
163 162 120
164 162 120
165 162 120
166 162 120
167 162 120
168 162 120
169 162 120
169 161 120
169 160 120
169 159 120
169 158 120
169 157 120
169 156 120
169 155 120
169 154 120
169 153 120
169 152 120
169 151 120
170 151 120
171 151 120
172 151 120
173 151 120
174 151 120
175 151 120
176 151 120
177 151 120
178 151 120
179 151 120
180 151 120
181 151 120
182 151 120
183 151 120
184 151 120
185 151 120
186 151 120
186 151 120
187 151 120
187 151 120
187 151 120
188 151 240
188 151 120
188 151 120
188 151 120
189 151 480
189 151 120
189 151 120
189 151 120
190 151 720
190 151 120
190 151 120
190 151 120
190 151 120
190 151 120
191 151 1200
191 151 120
191 151 120
191 151 120
191 151 120
191 151 120
192 151 1680
192 151 120
192 151 120
192 151 120
192 151 120
192 151 120
193 151 2160
193 151 120
193 151 120
193 151 120
193 151 120
193 151 120
194 151 2640
194 151 120
194 151 120
194 151 120
194 151 120
195 151 3000
195 151 120
195 151 120
195 151 120
196 151 3240
196 151 120
196 151 120
197 151 3360
197 151 120
197 152 3360
197 153 3360
197 154 3360
197 155 120
197 155 120
197 155 120
197 155 120
197 155 120
197 155 120
197 155 120
197 155 120
197 155 120
197 155 120
197 155 120
197 155 120
197 155 120
197 155 120
197 155 120
197 155 120
197 155 120
197 155 120
197 155 120
197 156 2160
197 157 2160
197 158 2160
197 159 120
197 159 120
197 159 120
197 159 120
197 159 120
197 159 120
197 159 120
197 160 720
197 161 720
197 162 720
197 163 120
197 163 120
197 164 120
197 165 120
197 166 120
197 167 120
197 168 120
197 169 120
197 170 120
197 171 120
197 172 120
197 173 120
197 174 120
197 175 120
197 176 120
197 177 120
197 178 120
197 179 120
197 180 120
197 181 120
197 182 120
197 183 120
197 184 120
197 185 120
197 186 120
197 187 120
197 188 120
190 150 120
190 150 120
190 150 120
190 150 120
190 150 120
190 150 120
190 150 120
190 150 120
190 150 120
190 150 120
190 150 120
190 150 120
190 150 120
190 149 1440
190 149 120
190 149 120
190 148 1560
190 148 120
190 148 120
190 147 1680
190 147 120
190 146 1680
190 145 1680
190 144 1680
190 143 120
190 143 120
190 143 120
190 143 120
190 143 120
190 143 120
190 143 120
190 143 120
190 143 120
190 143 120
190 142 1080
190 141 1080
190 140 1080
190 139 120
190 139 120
190 139 120
190 139 120
190 139 120
190 138 480
190 137 480
190 136 480
190 135 120
190 135 120
190 135 120
190 134 240
190 134 120
190 133 240
190 133 120
190 132 240
190 131 240
190 130 240
190 129 120
190 129 120
190 128 120
190 128 120
190 127 120
190 127 120
190 126 120
190 126 120
190 125 120
190 125 120
190 124 120
190 124 120
190 123 120
190 123 120
190 122 120
190 122 120
190 121 120
190 121 120
190 120 120
190 120 120
190 119 120
190 119 120
190 118 120
190 118 120
190 117 120
190 117 120
190 116 120
190 115 120
190 114 120
190 113 120
190 112 120
190 111 120
190 110 120
190 109 120
190 108 120
190 107 120
190 106 120
190 105 120
190 104 120
190 103 120
190 102 120
190 101 120
190 100 120
190 99 120
190 98 120
190 97 120
190 96 120
190 95 120
190 94 120
190 93 120
190 92 120
190 91 120
190 90 120
190 89 120
190 88 120
190 87 120
190 86 120
190 85 120
190 84 120
190 83 120
190 82 120
190 81 120
189 81 120
188 81 120
187 81 120
186 81 120
185 81 120
184 81 120
183 81 120
182 81 120
181 81 120
180 81 120
179 81 120
178 81 120
177 81 120
176 81 120
175 81 120
174 81 120
173 81 120
172 81 120
171 81 120
170 81 120
169 81 120
168 81 120
167 81 120
166 81 120
165 81 120
164 81 120
163 81 120
162 81 120
161 81 120
160 81 120
160 80 120
160 79 120
160 78 120
160 77 120
160 76 120
160 75 120
160 74 120
160 73 120
160 73 120
160 72 120
160 72 120
160 71 120
160 71 120
160 71 120
160 70 240
160 70 120
160 69 240
160 69 120
160 69 120
160 68 360
160 68 120
160 68 120
160 67 480
160 67 120
160 67 120
160 66 600
160 66 120
160 65 600
160 65 120
160 64 600
160 63 600
160 62 600
160 61 120
160 61 120
160 61 120
160 60 240
160 60 120
160 59 240
160 58 240
160 57 240
160 56 120
160 55 120
160 54 120
160 53 120
160 52 120
160 51 120
160 50 120
160 49 120
160 48 120
160 47 120
160 46 120
160 45 120
160 44 120
160 43 120
160 42 120
160 41 120
160 40 120
160 39 120
160 38 120
160 37 120
90 53 120
91 53 120
92 53 120
93 53 120
94 53 120
95 53 120
95 52 120
95 51 120
95 50 120
95 49 120
95 48 120
95 47 120
95 46 120
95 45 120
95 44 120
95 43 120
95 42 120
95 41 120
95 40 120
95 40 120
95 39 120
95 39 120
95 38 120
95 38 120
95 38 120
95 37 240
95 37 120
95 36 240
95 36 120
95 36 120
95 35 360
95 35 120
95 34 360
95 34 120
95 33 360
95 33 120
95 33 120
95 32 480
95 32 120
95 31 480
95 31 120
95 31 120
95 30 600
95 30 120
95 30 120
95 29 720
95 29 120
95 29 120
95 28 840
95 28 120
95 28 120
95 28 120
95 27 1080
95 27 120
95 27 120
95 27 120
95 26 1320
95 26 120
95 26 120
95 26 120
95 25 1560
95 25 120
95 25 120
95 25 120
95 25 120
95 24 1920
95 24 120
95 24 120
95 24 120
95 24 120
95 23 2280
95 23 120
95 23 120
95 23 120
95 22 2520
95 22 120
95 22 120
95 22 120
95 21 2760
95 21 120
95 21 120
95 20 2880
95 19 2880
95 18 2880
95 17 120
95 17 120
95 17 120
95 17 120
95 17 120
95 17 120
95 17 120
95 17 120
95 17 120
95 17 120
95 17 120
95 17 120
95 17 120
95 17 120
95 17 120
95 17 120
95 17 120
95 17 120
95 17 120
95 16 2160
95 15 2160
95 14 2160
95 13 120
95 13 120
95 13 120
95 13 120
95 13 120
95 13 120
95 13 120
95 13 120
95 13 120
95 12 960
95 11 960
95 10 960
95 9 120
95 9 120
95 9 120
95 8 240
95 7 240
95 6 240
95 5 120
95 4 120
95 3 120
95 2 120
95 1 120
13 3 120
14 3 120
15 3 120
16 3 120
17 3 120
18 3 120
19 3 120
20 3 120
21 3 120
22 3 120
23 3 120
24 3 120
25 3 120
26 3 120
27 3 120
28 3 120
29 3 120
30 3 120
31 3 120
32 3 120
33 3 120
34 3 120
35 3 120
36 3 120
37 3 120
38 3 120
38 3 120
39 3 120
39 3 120
40 3 120
40 3 120
40 3 120
41 3 240
41 3 120
41 3 120
42 3 360
42 3 120
42 3 120
43 3 480
43 3 120
43 3 120
43 3 120
43 3 120
44 3 840
44 3 120
44 3 120
44 3 120
45 3 1080
45 3 120
45 3 120
45 3 120
45 3 120
46 3 1440
46 3 120
46 3 120
46 3 120
47 3 1680
47 3 120
47 3 120
47 3 120
47 3 120
48 3 2040
48 3 120
48 3 120
48 3 120
48 3 120
49 3 2400
49 3 120
49 3 120
49 3 120
50 3 2640
50 3 120
50 3 120
51 3 2760
51 3 120
51 3 120
52 3 2880
52 3 120
53 3 2880
54 3 2880
55 3 2880
56 3 120
56 3 120
56 3 120
56 3 120
56 3 120
56 3 120
56 3 120
56 3 120
56 3 120
56 3 120
56 3 120
56 3 120
56 3 120
56 3 120
56 3 120
56 3 120
56 3 120
56 3 120
56 3 120
56 3 120
56 3 120
57 3 2400
58 3 2400
59 3 2400
60 3 120
60 3 120
60 3 120
60 3 120
60 3 120
60 3 120
60 3 120
60 3 120
60 3 120
60 3 120
60 3 120
60 3 120
60 3 120
60 3 120
60 3 120
61 3 1680
62 3 1680
63 3 1680
64 3 120
64 3 120
64 3 120
64 3 120
64 3 120
64 3 120
65 3 600
66 3 600
67 3 600
68 3 120
69 3 120
70 3 120
71 3 120
72 3 120
73 3 120
74 3 120
75 3 120
76 3 120
77 3 120
78 3 120
79 3 120
80 3 120
81 3 120
82 3 120
83 3 120
84 3 120
85 3 120
86 3 120
87 3 120
88 3 120
89 3 120
90 3 120
91 3 120
92 3 120
93 3 120
94 3 120
