181 189 80
180 189 80
179 189 80
178 189 80
177 189 80
176 189 80
175 189 80
174 189 80
173 189 80
172 189 80
171 189 80
170 189 80
169 189 80
168 189 80
167 189 80
166 189 80
165 189 80
164 189 80
163 189 80
162 189 80
161 189 80
160 189 80
159 189 80
158 189 80
157 189 80
156 189 80
155 189 80
154 189 80
153 189 80
152 189 80
151 189 80
151 189 80
150 189 80
150 189 80
149 189 80
149 189 80
148 189 80
148 189 80
147 189 80
147 189 80
147 189 80
146 189 80
146 189 80
146 189 80
145 189 80
145 189 80
145 189 80
145 189 80
144 189 80
144 189 80
144 189 80
144 189 80
144 189 80
143 189 80
143 189 80
143 189 80
143 189 80
143 189 80
143 189 80
142 189 80
142 189 80
142 189 80
142 189 80
142 189 80
142 189 80
142 189 80
141 189 80
141 189 80
141 189 80
141 189 80
141 189 80
141 189 80
141 189 80
141 189 80
141 189 80
140 189 80
140 189 80
140 189 80
140 189 80
140 189 80
140 189 80
140 189 80
140 189 80
140 189 80
140 189 80
139 189 80
139 189 80
139 189 80
139 189 80
139 189 80
139 189 80
139 189 80
139 189 80
139 189 80
139 189 80
139 189 80
139 189 80
138 189 80
138 189 80
138 189 80
138 189 80
138 189 80
138 189 80
138 189 80
138 189 80
138 189 80
138 189 80
138 189 80
138 189 80
138 189 80
137 189 80
137 189 80
137 189 80
137 189 80
137 189 80
137 189 80
137 189 80
137 189 80
137 189 80
137 189 80
137 189 80
137 189 80
137 189 80
137 189 80
137 189 80
136 189 80
136 189 80
136 189 80
136 189 80
136 189 80
136 189 80
136 189 80
136 189 80
136 189 80
136 189 80
136 189 80
136 189 80
136 189 80
136 189 80
136 189 80
136 189 80
135 189 80
135 189 80
135 189 80
135 189 80
135 189 80
135 189 80
135 189 80
135 189 80
135 189 80
135 189 80
135 189 80
135 189 80
135 189 80
135 189 80
135 189 80
135 189 80
135 189 80
135 189 80
134 189 80
134 189 80
134 189 80
134 189 80
134 189 80
134 189 80
134 189 80
134 189 80
134 189 80
134 189 80
134 189 80
134 189 80
134 189 80
134 189 80
134 189 80
134 189 80
134 189 80
134 189 80
134 189 80
134 189 80
133 189 80
133 189 80
133 189 80
133 189 80
133 189 80
133 189 80
133 189 80
133 189 80
133 189 80
133 189 80
133 189 80
133 189 80
133 189 80
133 189 80
133 189 80
133 189 80
133 189 80
133 189 80
133 189 80
133 189 80
133 189 80
132 189 80
132 189 80
132 189 80
132 189 80
132 189 80
132 189 80
132 189 80
132 189 80
132 189 80
132 189 80
132 189 80
132 189 80
132 189 80
132 189 80
132 189 80
132 189 80
132 189 80
132 189 80
132 189 80
132 189 80
132 189 80
132 189 80
131 189 80
131 189 80
131 189 80
131 189 80
131 189 80
131 189 80
131 189 80
131 189 80
131 189 80
131 189 80
131 189 80
131 189 80
131 189 80
131 189 80
131 189 80
131 189 80
131 189 80
131 189 80
131 189 80
131 189 80
131 189 80
131 189 80
131 189 80
131 189 80
130 189 80
130 189 80
130 189 80
130 189 80
130 189 80
130 189 80
130 189 80
130 189 80
130 189 80
130 189 80
130 189 80
130 189 80
130 189 80
130 189 80
130 189 80
130 189 80
130 189 80
130 189 80
130 189 80
130 189 80
130 189 80
130 189 80
130 189 80
130 189 80
130 189 80
129 189 80
129 189 80
129 189 80
129 189 80
129 189 80
129 189 80
129 189 80
129 189 80
129 189 80
129 189 80
129 189 80
129 189 80
129 189 80
129 189 80
129 189 80
129 189 80
129 189 80
129 189 80
129 189 80
129 189 80
129 189 80
129 189 80
129 189 80
129 189 80
129 189 80
129 189 80
128 189 80
128 189 80
128 189 80
128 189 80
128 189 80
128 189 80
128 189 80
128 189 80
128 189 80
128 189 80
128 189 80
128 189 80
128 189 80
128 189 80
128 189 80
128 189 80
128 189 80
128 189 80
128 189 80
128 189 80
128 189 80
128 189 80
128 189 80
128 189 80
128 189 80
128 189 80
128 189 80
127 189 80
127 189 80
127 189 80
127 189 80
127 189 80
127 189 80
127 189 80
127 189 80
127 189 80
127 189 80
127 189 80
127 189 80
127 189 80
127 189 80
127 189 80
127 189 80
127 189 80
127 189 80
127 189 80
127 189 80
127 189 80
127 189 80
127 189 80
127 189 80
127 189 80
127 189 80
127 189 80
126 189 80
126 189 80
126 189 80
126 189 80
126 189 80
126 189 80
126 189 80
126 189 80
126 189 80
126 189 80
126 189 80
126 189 80
126 189 80
126 189 80
126 189 80
126 189 80
126 189 80
126 189 80
126 189 80
126 189 80
126 189 80
126 189 80
126 189 80
126 189 80
126 189 80
126 189 80
126 189 80
126 189 80
125 189 80
125 189 80
125 189 80
125 189 80
125 189 80
125 189 80
125 189 80
125 189 80
125 189 80
125 189 80
125 189 80
125 189 80
125 189 80
125 189 80
125 189 80
125 189 80
125 189 80
125 189 80
125 189 80
125 189 80
125 189 80
125 189 80
125 189 80
125 189 80
125 189 80
125 189 80
125 189 80
125 189 80
124 189 80
124 189 80
124 189 80
124 189 80
124 189 80
124 189 80
124 189 80
124 189 80
124 189 80
124 189 80
124 189 80
124 189 80
124 189 80
124 189 80
124 189 80
124 189 80
124 189 80
124 189 80
124 189 80
124 189 80
124 189 80
124 189 80
124 189 80
124 189 80
124 189 80
124 189 80
124 189 80
124 189 80
123 189 80
123 189 80
123 189 80
123 189 80
123 189 80
123 189 80
123 189 80
123 189 80
123 189 80
123 189 80
123 189 80
123 189 80
123 189 80
123 189 80
123 189 80
123 189 80
123 189 80
123 189 80
123 189 80
123 189 80
123 189 80
123 189 80
123 189 80
123 189 80
123 189 80
123 189 80
123 189 80
123 189 80
122 189 80
122 189 80
122 189 80
122 189 80
122 189 80
122 189 80
122 189 80
122 189 80
122 189 80
122 189 80
122 189 80
122 189 80
122 189 80
122 189 80
122 189 80
122 189 80
122 189 80
122 189 80
122 189 80
122 189 80
122 189 80
122 189 80
122 189 80
122 189 80
122 189 80
122 189 80
122 189 80
122 189 80
121 189 80
121 189 80
121 189 80
121 189 80
121 189 80
121 189 80
121 189 80
121 189 80
121 189 80
121 189 80
121 189 80
121 189 80
121 189 80
121 189 80
121 189 80
121 189 80
121 189 80
121 189 80
121 189 80
121 189 80
121 189 80
121 189 80
121 189 80
121 189 80
121 189 80
121 189 80
121 189 80
120 189 80
120 189 80
120 189 80
120 189 80
120 189 80
120 189 80
120 189 80
120 189 80
120 189 80
120 189 80
120 189 80
120 189 80
120 189 80
120 189 80
120 189 80
120 189 80
120 189 80
120 189 80
120 189 80
120 189 80
120 189 80
120 189 80
120 189 80
120 189 80
120 189 80
120 189 80
120 189 80
119 189 80
119 189 80
119 189 80
119 189 80
119 189 80
119 189 80
119 189 80
119 189 80
119 189 80
119 189 80
119 189 80
119 189 80
119 189 80
119 189 80
119 189 80
119 189 80
119 189 80
119 189 80
119 189 80
119 189 80
119 189 80
119 189 80
119 189 80
119 189 80
119 189 80
119 189 80
118 189 80
118 189 80
118 189 80
118 189 80
118 189 80
118 189 80
118 189 80
118 189 80
118 189 80
118 189 80
118 189 80
118 189 80
118 189 80
118 189 80
118 189 80
118 189 80
118 189 80
118 189 80
118 189 80
118 189 80
118 189 80
118 189 80
118 189 80
118 189 80
117 189 80
117 189 80
117 189 80
117 189 80
117 189 80
117 189 80
117 189 80
117 189 80
117 189 80
117 189 80
117 189 80
117 189 80
117 189 80
117 189 80
117 189 80
117 189 80
117 189 80
117 189 80
117 189 80
117 189 80
117 189 80
117 189 80
116 189 80
116 189 80
116 189 80
116 189 80
116 189 80
116 189 80
116 189 80
116 189 80
116 189 80
116 189 80
116 189 80
116 189 80
116 189 80
116 189 80
116 189 80
116 189 80
116 189 80
116 189 80
116 189 80
115 189 80
115 189 80
115 189 80
115 189 80
115 189 80
115 189 80
115 189 80
115 189 80
115 189 80
115 189 80
115 189 80
115 189 80
115 189 80
115 189 80
115 189 80
115 189 80
114 189 80
114 189 80
114 189 80
114 189 80
114 189 80
114 189 80
114 189 80
114 189 80
114 189 80
114 189 80
114 189 80
114 189 80
114 189 80
113 189 80
113 189 80
113 189 80
113 189 80
113 189 80
113 189 80
113 189 80
113 189 80
113 189 80
113 189 80
112 189 80
112 189 80
112 189 80
112 189 80
112 189 80
112 189 80
112 189 80
111 189 80
111 189 80
111 189 80
111 189 80
111 189 80
111 189 80
110 189 80
110 189 80
110 189 80
110 189 80
109 189 80
109 189 80
109 189 80
108 189 80
108 189 80
108 189 80
107 189 80
107 189 80
106 189 80
106 189 80
105 189 80
105 189 80
104 189 80
104 189 80
103 189 80
103 189 80
102 189 80
101 189 80
100 189 80
99 189 80
98 189 80
97 189 80
96 189 80
95 189 80
94 189 80
93 189 80
92 189 80
91 189 80
90 189 80
89 189 80
88 189 80
87 189 80
86 189 80
85 189 80
84 189 80
83 189 80
82 189 80
81 189 80
80 189 80
79 189 80
78 189 80
77 189 80
76 189 80
75 189 80
74 189 80
73 189 80
72 189 80
71 189 80
70 189 80
69 189 80
68 189 80
67 189 80
66 189 80
65 189 80
64 189 80
63 189 80
62 189 80
61 189 80
60 189 80
59 189 80
58 189 80
57 189 80
56 189 80
55 189 80
54 189 80
53 189 80
52 189 80
51 189 80
50 189 80
49 189 80
48 189 80
47 189 80
46 189 80
45 189 80
45 189 80
44 189 80
44 189 80
43 189 80
43 189 80
42 189 80
42 189 80
41 189 80
41 189 80
40 189 80
40 189 80
39 189 80
39 189 80
38 189 80
38 189 80
37 189 80
37 189 80
36 189 80
35 189 80
34 189 80
33 189 80
33 189 80
32 189 80
32 189 80
31 189 80
31 189 80
30 189 80
30 189 80
29 189 80
29 189 80
28 189 80
28 189 80
27 189 80
27 189 80
27 189 80
26 189 80
26 189 80
26 189 80
25 189 80
25 189 80
25 189 80
24 189 80
24 189 80
24 189 80
24 189 80
23 189 80
23 189 80
23 189 80
23 189 80
22 189 80
22 189 80
22 189 80
22 189 80
21 189 80
21 189 80
21 189 80
21 189 80
21 189 80
20 189 80
20 189 80
20 189 80
20 189 80
20 189 80
19 189 80
19 189 80
19 189 80
19 189 80
19 189 80
19 189 80
18 189 80
18 189 80
18 189 80
18 189 80
18 189 80
18 189 80
18 189 80
17 189 80
17 189 80
17 189 80
17 189 80
17 189 80
17 189 80
17 189 80
17 189 80
16 189 80
16 189 80
16 189 80
16 189 80
16 189 80
16 189 80
16 189 80
16 189 80
16 189 80
15 189 80
15 189 80
15 189 80
15 189 80
15 189 80
15 189 80
15 189 80
15 189 80
15 189 80
15 189 80
15 189 80
14 189 80
14 189 80
14 189 80
14 189 80
14 189 80
14 189 80
14 189 80
14 189 80
14 189 80
14 189 80
14 189 80
14 189 80
13 189 80
13 189 80
13 189 80
13 189 80
13 189 80
13 189 80
13 189 80
13 189 80
13 189 80
13 189 80
13 189 80
13 189 80
13 189 80
13 189 80
12 189 80
12 189 80
12 189 80
12 189 80
12 189 80
12 189 80
12 189 80
12 189 80
12 189 80
12 189 80
12 189 80
12 189 80
12 189 80
12 189 80
12 189 80
12 189 80
11 189 80
11 189 80
11 189 80
11 189 80
11 189 80
11 189 80
11 189 80
11 189 80
11 189 80
11 189 80
11 189 80
11 189 80
11 189 80
11 189 80
11 189 80
11 189 80
11 189 80
11 189 80
10 189 80
10 189 80
10 189 80
10 189 80
10 189 80
10 189 80
10 189 80
10 189 80
10 189 80
10 189 80
10 189 80
10 189 80
10 189 80
10 189 80
10 189 80
10 189 80
10 189 80
10 189 80
10 189 80
10 189 80
9 189 80
9 189 80
9 189 80
9 189 80
9 189 80
9 189 80
9 189 80
9 189 80
9 189 80
9 189 80
9 189 80
9 189 80
9 189 80
9 189 80
9 189 80
9 189 80
9 189 80
9 189 80
9 189 80
9 189 80
9 189 80
9 189 80
9 189 80
8 189 80
8 189 80
8 189 80
8 189 80
8 189 80
8 189 80
8 189 80
8 189 80
8 189 80
8 189 80
8 189 80
8 189 80
8 189 80
8 189 80
8 189 80
8 189 80
8 189 80
8 189 80
8 189 80
8 189 80
8 189 80
8 189 80
8 189 80
8 189 80
8 189 80
7 189 80
7 189 80
7 189 80
7 189 80
7 189 80
7 189 80
7 189 80
7 189 80
7 189 80
7 189 80
7 189 80
7 189 80
7 189 80
7 189 80
7 189 80
7 189 80
7 189 80
7 189 80
7 189 80
7 189 80
7 189 80
7 189 80
7 189 80
7 189 80
7 189 80
7 189 80
7 189 80
7 189 80
6 189 80
6 189 80
6 189 80
6 189 80
6 189 80
6 189 80
6 189 80
6 189 80
6 189 80
6 189 80
6 189 80
6 189 80
6 189 80
6 189 80
6 189 80
6 189 80
6 189 80
6 189 80
6 189 80
6 189 80
6 189 80
6 189 80
6 189 80
6 189 80
6 189 80
6 189 80
6 189 80
6 189 80
6 189 80
6 189 80
5 189 80
5 189 80
5 189 80
5 189 80
5 189 80
5 189 80
5 189 80
5 189 80
5 189 80
5 189 80
5 189 80
5 189 80
5 189 80
5 189 80
5 189 80
5 189 80
5 189 80
5 189 80
5 189 80
5 189 80
5 189 80
5 189 80
5 189 80
5 189 80
5 189 80
5 189 80
5 189 80
5 189 80
5 189 80
5 189 80
5 189 80
5 189 80
4 189 80
4 189 80
4 189 80
4 189 80
4 189 80
4 189 80
4 189 80
4 189 80
4 189 80
4 189 80
4 189 80
4 189 80
4 189 80
4 189 80
4 189 80
4 189 80
4 189 80
4 189 80
4 189 80
4 189 80
4 189 80
4 189 80
4 189 80
4 189 80
4 189 80
4 189 80
4 189 80
4 189 80
4 189 80
4 189 80
4 189 80
4 189 80
4 189 80
4 189 80
3 189 80
3 189 80
3 189 80
3 189 80
3 189 80
3 189 80
3 189 80
3 189 80
3 189 80
3 189 80
3 189 80
3 189 80
3 189 80
3 189 80
3 189 80
3 189 80
3 189 80
3 189 80
3 189 80
3 189 80
3 189 80
3 189 80
3 189 80
3 189 80
3 189 80
3 189 80
3 189 80
3 189 80
3 189 80
3 189 80
3 189 80
3 189 80
3 189 80
3 189 80
3 189 80
2 189 80
2 189 80
2 189 80
2 189 80
2 189 80
2 189 80
2 189 80
2 189 80
2 189 80
2 189 80
2 189 80
2 189 80
2 189 80
2 189 80
2 189 80
2 189 80
2 189 80
2 189 80
2 189 80
2 189 80
2 189 80
2 189 80
2 189 80
2 189 80
2 189 80
2 189 80
2 189 80
2 189 80
2 189 80
2 189 80
2 189 80
2 189 80
2 189 80
2 189 80
2 189 80
2 189 80
1 189 80
1 189 80
1 189 80
1 189 80
1 189 80
1 189 80
1 189 80
1 189 80
1 189 80
1 189 80
1 189 80
1 189 80
1 189 80
1 189 80
1 189 80
1 189 80
1 189 80
1 189 80
1 189 80
1 189 80
1 189 80
1 189 80
1 189 80
1 189 80
1 189 80
1 189 80
1 189 80
1 189 80
1 189 80
1 189 80
1 189 80
1 189 80
1 189 80
1 189 80
1 189 80
1 189 80
0 189 80
0 189 80
0 189 80
0 189 80
0 189 80
0 189 80
0 189 80
0 189 80
0 189 80
0 189 80
0 189 80
0 189 80
0 189 80
0 189 80
0 189 80
0 189 80
0 189 80
0 189 80
0 189 80
0 189 80
0 189 80
0 189 80
0 189 80
0 189 80
0 189 80
0 189 80
0 189 80
0 189 80
0 189 80
0 189 80
0 189 80
0 189 80
0 189 80
0 189 80
0 189 80
0 189 80
0 188 2800
0 188 80
0 188 80
0 188 80
0 187 80
0 187 80
0 187 80
0 187 80
0 187 80
0 187 80
0 187 80
0 187 80
0 187 80
0 187 80
0 187 80
0 187 80
0 187 80
0 187 80
0 187 80
0 187 80
0 187 80
0 187 80
0 187 80
0 187 80
0 187 80
0 187 80
0 187 80
0 187 80
0 187 80
0 187 80
0 187 80
0 187 80
0 187 80
0 187 80
0 187 80
0 187 80
0 187 80
0 187 80
0 187 80
0 187 80
0 187 80
0 187 80
0 186 80
0 186 80
0 186 80
0 186 80
0 186 80
0 186 80
0 186 80
0 186 80
0 186 80
0 186 80
0 186 80
0 186 80
0 186 80
0 186 80
0 186 80
0 186 80
0 186 80
0 186 80
0 186 80
0 186 80
0 186 80
0 186 80
0 186 80
0 186 80
0 186 80
0 186 80
0 186 80
0 186 80
0 186 80
0 186 80
0 186 80
0 186 80
0 186 80
0 186 80
0 186 80
0 186 80
0 186 80
0 186 80
0 186 80
0 185 80
0 185 80
0 185 80
0 185 80
0 185 80
0 185 80
0 185 80
0 185 80
0 185 80
0 185 80
0 185 80
0 185 80
0 185 80
0 185 80
0 185 80
0 185 80
0 185 80
0 185 80
0 185 80
0 185 80
0 185 80
0 185 80
0 185 80
0 185 80
0 185 80
0 185 80
0 185 80
0 185 80
0 185 80
0 185 80
0 185 80
0 185 80
0 185 80
0 185 80
0 185 80
0 185 80
0 185 80
0 185 80
0 185 80
0 184 80
0 184 80
0 184 80
0 184 80
0 184 80
0 184 80
0 184 80
0 184 80
0 184 80
0 184 80
0 184 80
0 184 80
0 184 80
0 184 80
0 184 80
0 184 80
0 184 80
0 184 80
0 184 80
0 184 80
0 184 80
0 184 80
0 184 80
0 184 80
0 184 80
0 184 80
0 184 80
0 184 80
0 184 80
0 184 80
0 184 80
0 184 80
0 184 80
0 184 80
0 184 80
0 184 80
0 184 80
0 184 80
0 183 80
0 183 80
0 183 80
0 183 80
0 183 80
0 183 80
0 183 80
0 183 80
0 183 80
0 183 80
0 183 80
0 183 80
0 183 80
0 183 80
0 183 80
0 183 80
0 183 80
0 183 80
0 183 80
0 183 80
0 183 80
0 183 80
0 183 80
0 183 80
0 183 80
0 183 80
0 183 80
0 183 80
0 183 80
0 183 80
0 183 80
0 183 80
0 183 80
0 183 80
0 183 80
0 183 80
0 183 80
0 183 80
0 182 80
0 182 80
0 182 80
0 182 80
0 182 80
0 182 80
0 182 80
0 182 80
0 182 80
0 182 80
0 182 80
0 182 80
0 182 80
0 182 80
0 182 80
0 182 80
0 182 80
0 182 80
0 182 80
0 182 80
0 182 80
0 182 80
0 182 80
0 182 80
0 182 80
0 182 80
0 182 80
0 182 80
0 182 80
0 182 80
0 182 80
0 182 80
0 182 80
0 182 80
0 182 80
0 182 80
0 182 80
0 182 80
0 181 80
0 181 80
0 181 80
0 181 80
0 181 80
0 181 80
0 181 80
0 181 80
0 181 80
0 181 80
0 181 80
0 181 80
0 181 80
0 181 80
0 181 80
0 181 80
0 181 80
0 181 80
0 181 80
0 181 80
0 181 80
0 181 80
0 181 80
0 181 80
0 181 80
0 181 80
0 181 80
0 181 80
0 181 80
0 181 80
0 181 80
0 181 80
0 181 80
0 181 80
0 181 80
0 181 80
0 181 80
0 181 80
0 180 80
0 180 80
0 180 80
0 180 80
0 180 80
0 180 80
0 180 80
0 180 80
0 180 80
0 180 80
0 180 80
0 180 80
0 180 80
0 180 80
0 180 80
0 180 80
0 180 80
0 180 80
0 180 80
0 180 80
0 180 80
0 180 80
0 180 80
0 180 80
0 180 80
0 180 80
0 180 80
0 180 80
0 180 80
0 180 80
0 180 80
0 180 80
0 180 80
0 180 80
0 180 80
0 180 80
0 180 80
0 180 80
0 179 80
0 179 80
0 179 80
0 179 80
0 179 80
0 179 80
0 179 80
0 179 80
0 179 80
0 179 80
0 179 80
0 179 80
0 179 80
0 179 80
0 179 80
0 179 80
0 179 80
0 179 80
0 179 80
0 179 80
0 179 80
0 179 80
0 179 80
0 179 80
0 179 80
0 179 80
0 179 80
0 179 80
0 179 80
0 179 80
0 179 80
0 179 80
0 179 80
0 179 80
0 179 80
0 179 80
0 179 80
0 179 80
0 178 80
0 178 80
0 178 80
0 178 80
0 178 80
0 178 80
0 178 80
0 178 80
0 178 80
0 178 80
0 178 80
0 178 80
0 178 80
0 178 80
0 178 80
0 178 80
0 178 80
0 178 80
0 178 80
0 178 80
0 178 80
0 178 80
0 178 80
0 178 80
0 178 80
0 178 80
0 178 80
0 178 80
0 178 80
0 178 80
0 178 80
0 178 80
0 178 80
0 178 80
0 178 80
0 178 80
0 178 80
0 178 80
0 177 80
0 177 80
0 177 80
0 177 80
0 177 80
0 177 80
0 177 80
0 177 80
0 177 80
0 177 80
0 177 80
0 177 80
0 177 80
0 177 80
0 177 80
0 177 80
0 177 80
0 177 80
0 177 80
0 177 80
0 177 80
0 177 80
0 177 80
0 177 80
0 177 80
0 177 80
0 177 80
0 177 80
0 177 80
0 177 80
0 177 80
0 177 80
0 177 80
0 177 80
0 177 80
0 177 80
0 177 80
0 177 80
0 177 80
0 176 80
0 176 80
0 176 80
0 176 80
0 176 80
0 176 80
0 176 80
0 176 80
0 176 80
0 176 80
0 176 80
0 176 80
0 176 80
0 176 80
0 176 80
0 176 80
0 176 80
0 176 80
0 176 80
0 176 80
0 176 80
0 176 80
0 176 80
0 176 80
0 176 80
0 176 80
0 176 80
0 176 80
0 176 80
0 176 80
0 176 80
0 176 80
0 176 80
0 176 80
0 176 80
0 176 80
0 176 80
0 176 80
0 176 80
0 175 80
0 175 80
0 175 80
0 175 80
0 175 80
0 175 80
0 175 80
0 175 80
0 175 80
0 175 80
0 175 80
0 175 80
0 175 80
0 175 80
0 175 80
0 175 80
0 175 80
0 175 80
0 175 80
0 175 80
0 175 80
0 175 80
0 175 80
0 175 80
0 175 80
0 175 80
0 175 80
0 175 80
0 175 80
0 175 80
0 175 80
0 175 80
0 175 80
0 175 80
0 175 80
0 175 80
0 175 80
0 175 80
0 175 80
0 175 80
0 174 80
0 174 80
0 174 80
0 174 80
0 174 80
0 174 80
0 174 80
0 174 80
0 174 80
0 174 80
0 174 80
0 174 80
0 174 80
0 174 80
0 174 80
0 174 80
0 174 80
0 174 80
0 174 80
0 174 80
0 174 80
0 174 80
0 174 80
0 174 80
0 174 80
0 174 80
0 174 80
0 174 80
0 174 80
0 174 80
0 174 80
0 174 80
0 174 80
0 174 80
0 174 80
0 174 80
0 174 80
0 174 80
0 174 80
0 174 80
0 173 80
0 173 80
0 173 80
0 173 80
0 173 80
0 173 80
0 173 80
0 173 80
0 173 80
0 173 80
0 173 80
0 173 80
0 173 80
0 173 80
0 173 80
0 173 80
0 173 80
0 173 80
0 173 80
0 173 80
0 173 80
0 173 80
0 173 80
0 173 80
0 173 80
0 173 80
0 173 80
0 173 80
0 173 80
0 173 80
0 173 80
0 173 80
0 173 80
0 173 80
0 173 80
0 173 80
0 173 80
0 173 80
0 173 80
0 173 80
0 172 80
0 172 80
0 172 80
0 172 80
0 172 80
0 172 80
0 172 80
0 172 80
0 172 80
0 172 80
0 172 80
0 172 80
0 172 80
0 172 80
0 172 80
0 172 80
0 172 80
0 172 80
0 172 80
0 172 80
0 172 80
0 172 80
0 172 80
0 172 80
0 172 80
0 172 80
0 172 80
0 172 80
0 172 80
0 172 80
0 172 80
0 172 80
0 172 80
0 172 80
0 172 80
0 172 80
0 172 80
0 172 80
0 172 80
0 172 80
0 172 80
0 171 80
0 171 80
0 171 80
0 171 80
0 171 80
0 171 80
0 171 80
0 171 80
0 171 80
0 171 80
0 171 80
0 171 80
0 171 80
0 171 80
0 171 80
0 171 80
0 171 80
0 171 80
0 171 80
0 171 80
0 171 80
0 171 80
0 171 80
0 171 80
0 171 80
0 171 80
0 171 80
0 171 80
0 171 80
0 171 80
0 171 80
0 171 80
0 171 80
0 171 80
0 171 80
0 171 80
0 171 80
0 171 80
0 171 80
0 171 80
0 171 80
0 170 80
0 170 80
0 170 80
0 170 80
0 170 80
0 170 80
0 170 80
0 170 80
0 170 80
0 170 80
0 170 80
0 170 80
0 170 80
0 170 80
0 170 80
0 170 80
0 170 80
0 170 80
0 170 80
0 170 80
0 170 80
0 170 80
0 170 80
0 170 80
0 170 80
0 170 80
0 170 80
0 170 80
0 170 80
0 170 80
0 170 80
0 170 80
0 170 80
0 170 80
0 170 80
0 170 80
0 170 80
0 170 80
0 170 80
0 170 80
0 169 80
0 169 80
0 169 80
0 169 80
0 169 80
0 169 80
0 169 80
0 169 80
0 169 80
0 169 80
0 169 80
0 169 80
0 169 80
0 169 80
0 169 80
0 169 80
0 169 80
0 169 80
0 169 80
0 169 80
0 169 80
0 169 80
0 169 80
0 169 80
0 169 80
0 169 80
0 169 80
0 169 80
0 169 80
0 169 80
0 169 80
0 169 80
0 169 80
0 169 80
0 169 80
0 169 80
0 169 80
0 169 80
0 169 80
0 169 80
0 168 80
0 168 80
0 168 80
0 168 80
0 168 80
0 168 80
0 168 80
0 168 80
0 168 80
0 168 80
0 168 80
0 168 80
0 168 80
0 168 80
0 168 80
0 168 80
0 168 80
0 168 80
0 168 80
0 168 80
0 168 80
0 168 80
0 168 80
0 168 80
0 168 80
0 168 80
0 168 80
0 168 80
0 168 80
0 168 80
0 168 80
0 168 80
0 168 80
0 168 80
0 168 80
0 168 80
0 168 80
0 168 80
0 168 80
0 167 80
0 167 80
0 167 80
0 167 80
0 167 80
0 167 80
0 167 80
0 167 80
0 167 80
0 167 80
0 167 80
0 167 80
0 167 80
0 167 80
0 167 80
0 167 80
0 167 80
0 167 80
0 167 80
0 167 80
0 167 80
0 167 80
0 167 80
0 167 80
0 167 80
0 167 80
0 167 80
0 167 80
0 167 80
0 167 80
0 167 80
0 167 80
0 167 80
0 167 80
0 167 80
0 167 80
0 167 80
0 166 80
0 166 80
0 166 80
0 166 80
0 166 80
0 166 80
0 166 80
0 166 80
0 166 80
0 166 80
0 166 80
0 166 80
0 166 80
0 166 80
0 166 80
0 166 80
0 166 80
0 166 80
0 166 80
0 166 80
0 166 80
0 166 80
0 166 80
0 166 80
0 166 80
0 166 80
0 166 80
0 166 80
0 166 80
0 166 80
0 166 80
0 166 80
0 166 80
0 166 80
0 166 80
0 166 80
0 165 80
0 165 80
0 165 80
0 165 80
0 165 80
0 165 80
0 165 80
0 165 80
0 165 80
0 165 80
0 165 80
0 165 80
0 165 80
0 165 80
0 165 80
0 165 80
0 165 80
0 165 80
0 165 80
0 165 80
0 165 80
0 165 80
0 165 80
0 165 80
0 165 80
0 165 80
0 165 80
0 165 80
0 165 80
0 165 80
0 165 80
0 165 80
0 165 80
0 165 80
0 164 80
0 164 80
0 164 80
0 164 80
0 164 80
0 164 80
0 164 80
0 164 80
0 164 80
0 164 80
0 164 80
0 164 80
0 164 80
0 164 80
0 164 80
0 164 80
0 164 80
0 164 80
0 164 80
0 164 80
0 164 80
0 164 80
0 164 80
0 164 80
0 164 80
0 164 80
0 164 80
0 164 80
0 164 80
0 164 80
0 164 80
0 164 80
0 163 80
0 163 80
0 163 80
0 163 80
0 163 80
0 163 80
0 163 80
0 163 80
0 163 80
0 163 80
0 163 80
0 163 80
0 163 80
0 163 80
0 163 80
0 163 80
0 163 80
0 163 80
0 163 80
0 163 80
0 163 80
0 163 80
0 163 80
0 163 80
0 163 80
0 163 80
0 163 80
0 163 80
0 163 80
0 163 80
0 162 80
0 162 80
0 162 80
0 162 80
0 162 80
0 162 80
0 162 80
0 162 80
0 162 80
0 162 80
0 162 80
0 162 80
0 162 80
0 162 80
0 162 80
0 162 80
0 162 80
0 162 80
0 162 80
0 162 80
0 162 80
0 162 80
0 162 80
0 162 80
0 162 80
0 162 80
0 162 80
0 161 80
0 161 80
0 161 80
0 161 80
0 161 80
0 161 80
0 161 80
0 161 80
0 161 80
0 161 80
0 161 80
0 161 80
0 161 80
0 161 80
0 161 80
0 161 80
0 161 80
0 161 80
0 161 80
0 161 80
0 161 80
0 161 80
0 161 80
0 161 80
0 161 80
0 160 80
0 160 80
0 160 80
0 160 80
0 160 80
0 160 80
0 160 80
0 160 80
0 160 80
0 160 80
0 160 80
0 160 80
0 160 80
0 160 80
0 160 80
0 160 80
0 160 80
0 160 80
0 160 80
0 160 80
0 160 80
0 160 80
0 160 80
0 159 80
0 159 80
0 159 80
0 159 80
0 159 80
0 159 80
0 159 80
0 159 80
0 159 80
0 159 80
0 159 80
0 159 80
0 159 80
0 159 80
0 159 80
0 159 80
0 159 80
0 159 80
0 159 80
0 159 80
0 159 80
0 158 80
0 158 80
0 158 80
0 158 80
0 158 80
0 158 80
0 158 80
0 158 80
0 158 80
0 158 80
0 158 80
0 158 80
0 158 80
0 158 80
0 158 80
0 158 80
0 158 80
0 158 80
0 157 80
0 157 80
0 157 80
0 157 80
0 157 80
0 157 80
0 157 80
0 157 80
0 157 80
0 157 80
0 157 80
0 157 80
0 157 80
0 157 80
0 157 80
0 157 80
0 156 80
0 156 80
0 156 80
0 156 80
0 156 80
0 156 80
0 156 80
0 156 80
0 156 80
0 156 80
0 156 80
0 156 80
0 156 80
0 156 80
0 156 80
0 155 80
0 155 80
0 155 80
0 155 80
0 155 80
0 155 80
0 155 80
0 155 80
0 155 80
0 155 80
0 155 80
0 155 80
0 155 80
0 154 80
0 154 80
0 154 80
0 154 80
0 154 80
0 154 80
0 154 80
0 154 80
0 154 80
0 154 80
0 154 80
0 154 80
0 153 80
0 153 80
0 153 80
0 153 80
0 153 80
0 153 80
0 153 80
0 153 80
0 153 80
0 153 80
0 152 80
0 152 80
0 152 80
0 152 80
0 152 80
0 152 80
0 152 80
0 152 80
0 152 80
0 151 80
0 151 80
0 151 80
0 151 80
0 151 80
0 151 80
0 151 80
0 151 80
0 151 80
0 150 80
0 150 80
0 150 80
0 150 80
0 150 80
0 150 80
0 150 80
0 150 80
0 149 80
0 149 80
0 149 80
0 149 80
0 149 80
0 149 80
0 149 80
0 148 80
0 148 80
0 148 80
0 148 80
0 148 80
0 148 80
0 147 80
0 147 80
0 147 80
0 147 80
0 147 80
0 146 80
0 146 80
0 146 80
0 146 80
0 146 80
0 145 80
0 145 80
0 145 80
0 145 80
0 144 80
0 144 80
0 144 80
0 143 80
0 143 80
0 143 80
0 142 80
0 142 80
0 141 80
0 141 80
0 140 80
0 139 80
0 138 80
0 137 80
0 136 80
0 135 80
0 134 80
0 133 80
0 132 80
0 131 80
0 130 80
0 129 80
0 128 80
0 127 80
0 126 80
0 125 80
0 124 80
0 123 80
0 122 80
0 121 80
0 120 80
0 119 80
0 118 80
0 117 80
0 116 80
0 115 80
0 114 80
0 113 80
0 112 80
0 111 80
0 110 80
0 109 80
0 108 80
0 107 80
0 106 80
0 105 80
0 104 80
0 103 80
0 102 80
155 188 80
155 187 80
155 186 80
155 185 80
155 184 80
155 183 80
155 182 80
155 181 80
155 180 80
155 179 80
155 178 80
155 177 80
155 177 80
155 176 80
155 176 80
155 175 80
155 175 80
155 174 80
155 174 80
155 173 80
155 173 80
155 173 80
155 172 80
155 172 80
155 172 80
155 171 80
155 171 80
155 171 80
155 171 80
155 170 80
155 170 80
155 170 80
155 170 80
155 170 80
155 169 80
155 169 80
155 169 80
155 169 80
155 169 80
155 169 80
155 168 80
155 168 80
155 168 80
155 168 80
155 168 80
155 168 80
155 168 80
155 167 80
155 167 80
155 167 80
155 167 80
155 167 80
155 167 80
155 167 80
155 167 80
155 166 80
155 166 80
155 166 80
155 166 80
155 166 80
155 166 80
155 166 80
155 166 80
155 166 80
155 165 80
155 165 80
155 165 80
155 165 80
155 165 80
155 165 80
155 165 80
155 165 80
155 165 80
155 164 80
155 164 80
155 164 80
155 164 80
155 164 80
155 164 80
155 164 80
155 164 80
155 164 80
155 164 80
155 163 80
155 163 80
155 163 80
155 163 80
155 163 80
155 163 80
155 163 80
155 163 80
155 163 80
155 163 80
155 162 80
155 162 80
155 162 80
155 162 80
155 162 80
155 162 80
155 162 80
155 162 80
155 162 80
155 162 80
155 161 80
155 161 80
155 161 80
155 161 80
155 161 80
155 161 80
155 161 80
155 161 80
155 161 80
155 161 80
155 160 80
155 160 80
155 160 80
155 160 80
155 160 80
155 160 80
155 160 80
155 160 80
155 160 80
155 160 80
155 160 80
155 159 80
155 159 80
155 159 80
155 159 80
155 159 80
155 159 80
155 159 80
155 159 80
155 159 80
155 159 80
155 159 80
154 159 800
154 159 80
154 159 80
153 159 80
153 159 80
153 159 80
153 159 80
153 159 80
153 159 80
153 159 80
153 159 80
153 159 80
153 159 80
153 159 80
153 159 80
153 159 80
153 159 80
152 159 80
152 159 80
152 159 80
152 159 80
152 159 80
152 159 80
152 159 80
152 159 80
152 159 80
152 159 80
152 159 80
152 159 80
152 159 80
152 159 80
152 159 80
151 159 80
151 159 80
151 159 80
151 159 80
151 159 80
151 159 80
151 159 80
151 159 80
151 159 80
151 159 80
151 159 80
151 159 80
151 159 80
151 159 80
151 159 80
151 159 80
150 159 80
150 159 80
150 159 80
150 159 80
150 159 80
150 159 80
150 159 80
150 159 80
150 159 80
150 159 80
150 159 80
150 159 80
150 159 80
150 159 80
150 159 80
150 159 80
150 159 80
149 159 80
149 159 80
149 159 80
149 159 80
149 159 80
149 159 80
149 159 80
149 159 80
149 159 80
149 159 80
149 159 80
149 159 80
149 159 80
149 159 80
149 159 80
149 159 80
149 159 80
149 159 80
148 159 80
148 159 80
148 159 80
148 159 80
148 159 80
148 159 80
148 159 80
148 159 80
148 159 80
148 159 80
148 159 80
148 159 80
148 159 80
148 159 80
148 159 80
148 159 80
148 159 80
148 159 80
148 159 80
147 159 80
147 159 80
147 159 80
147 159 80
147 159 80
147 159 80
147 159 80
147 159 80
147 159 80
147 159 80
147 159 80
147 159 80
147 159 80
147 159 80
147 159 80
147 159 80
147 159 80
147 159 80
147 159 80
147 159 80
146 159 80
146 159 80
146 159 80
146 159 80
146 159 80
146 159 80
146 159 80
146 159 80
146 159 80
146 159 80
146 159 80
146 159 80
146 159 80
146 159 80
146 159 80
146 159 80
146 159 80
146 159 80
146 159 80
146 159 80
146 159 80
145 159 80
145 159 80
145 159 80
145 159 80
145 159 80
145 159 80
145 159 80
145 159 80
145 159 80
145 159 80
145 159 80
145 159 80
145 159 80
145 159 80
145 159 80
145 159 80
145 159 80
145 159 80
145 159 80
145 159 80
145 159 80
145 159 80
144 159 80
144 159 80
144 159 80
144 159 80
144 159 80
144 159 80
144 159 80
144 159 80
144 159 80
144 159 80
144 159 80
144 159 80
144 159 80
144 159 80
144 159 80
144 159 80
144 159 80
144 159 80
144 159 80
144 159 80
144 159 80
144 159 80
144 159 80
144 159 80
143 159 80
143 159 80
143 159 80
143 159 80
143 159 80
143 159 80
143 159 80
143 159 80
143 159 80
143 159 80
143 159 80
143 159 80
143 159 80
143 159 80
143 159 80
143 159 80
143 159 80
143 159 80
143 159 80
143 159 80
143 159 80
143 159 80
143 159 80
143 159 80
143 159 80
143 159 80
142 159 80
142 159 80
142 159 80
142 159 80
142 159 80
142 159 80
142 159 80
142 159 80
142 159 80
142 159 80
142 159 80
142 159 80
142 159 80
142 159 80
142 159 80
142 159 80
142 159 80
142 159 80
142 159 80
142 159 80
142 159 80
142 159 80
142 159 80
142 159 80
142 159 80
142 159 80
142 159 80
142 159 80
141 159 80
141 159 80
141 159 80
141 159 80
141 159 80
141 159 80
141 159 80
141 159 80
141 159 80
141 159 80
141 159 80
141 159 80
141 159 80
141 159 80
141 159 80
141 159 80
141 159 80
141 159 80
141 159 80
141 159 80
141 159 80
141 159 80
141 159 80
141 159 80
141 159 80
141 159 80
141 159 80
141 159 80
141 159 80
141 159 80
141 159 80
140 159 80
140 159 80
140 159 80
140 159 80
140 159 80
140 159 80
140 159 80
140 159 80
140 159 80
140 159 80
140 159 80
140 159 80
140 159 80
140 159 80
140 159 80
140 159 80
140 159 80
140 159 80
140 159 80
140 159 80
140 159 80
140 159 80
140 159 80
140 159 80
140 159 80
140 159 80
140 159 80
140 159 80
140 159 80
140 159 80
140 159 80
140 159 80
140 159 80
140 159 80
139 159 80
139 159 80
139 159 80
139 159 80
139 159 80
139 159 80
139 159 80
139 159 80
139 159 80
139 159 80
139 159 80
139 159 80
139 159 80
139 159 80
139 159 80
139 159 80
139 159 80
139 159 80
139 159 80
139 159 80
139 159 80
139 159 80
139 159 80
139 159 80
139 159 80
139 159 80
139 159 80
139 159 80
139 159 80
139 159 80
139 159 80
139 159 80
139 159 80
139 159 80
139 159 80
139 159 80
138 159 80
138 159 80
138 159 80
138 159 80
138 159 80
138 159 80
138 159 80
138 159 80
138 159 80
138 159 80
138 159 80
138 159 80
138 159 80
138 159 80
138 159 80
138 159 80
138 159 80
138 159 80
138 159 80
138 159 80
138 159 80
138 159 80
138 159 80
138 159 80
138 159 80
138 159 80
138 159 80
138 159 80
138 159 80
138 159 80
138 159 80
138 159 80
138 159 80
138 159 80
138 159 80
138 159 80
138 159 80
138 159 80
138 159 80
137 159 80
137 159 80
137 159 80
137 159 80
137 159 80
137 159 80
137 159 80
137 159 80
137 159 80
137 159 80
137 159 80
137 159 80
137 159 80
137 159 80
137 159 80
137 159 80
137 159 80
137 159 80
137 159 80
137 159 80
137 159 80
137 159 80
137 159 80
137 159 80
137 159 80
137 159 80
137 159 80
137 159 80
137 159 80
137 159 80
137 159 80
137 159 80
137 159 80
137 159 80
137 159 80
137 159 80
137 159 80
137 159 80
137 159 80
137 159 80
137 159 80
136 159 80
136 159 80
136 159 80
136 159 80
136 159 80
136 159 80
136 159 80
136 159 80
136 159 80
136 159 80
136 159 80
136 159 80
136 159 80
136 159 80
136 159 80
136 159 80
136 159 80
136 159 80
136 159 80
136 159 80
136 159 80
136 159 80
136 159 80
136 159 80
136 159 80
136 159 80
136 159 80
136 159 80
136 159 80
136 159 80
136 159 80
136 159 80
136 159 80
136 159 80
136 159 80
136 159 80
136 159 80
136 159 80
136 159 80
136 159 80
136 159 80
136 159 80
135 159 80
135 159 80
135 159 80
135 159 80
135 159 80
135 159 80
135 159 80
135 159 80
135 159 80
135 159 80
135 159 80
135 159 80
135 159 80
135 159 80
135 159 80
135 159 80
135 159 80
135 159 80
135 159 80
135 159 80
135 159 80
135 159 80
135 159 80
135 159 80
135 159 80
135 159 80
135 159 80
135 159 80
135 159 80
135 159 80
135 159 80
135 159 80
135 159 80
135 159 80
135 159 80
135 159 80
135 159 80
135 159 80
135 159 80
135 159 80
135 159 80
135 159 80
135 159 80
134 159 80
134 159 80
134 159 80
134 159 80
134 159 80
134 159 80
134 159 80
134 159 80
134 159 80
134 159 80
134 159 80
134 159 80
134 159 80
134 159 80
134 159 80
134 159 80
134 159 80
134 159 80
134 159 80
134 159 80
134 159 80
134 159 80
134 159 80
134 159 80
134 159 80
134 159 80
134 159 80
134 159 80
134 159 80
134 159 80
134 159 80
134 159 80
134 159 80
134 159 80
134 159 80
134 159 80
134 159 80
134 159 80
134 159 80
134 159 80
134 159 80
134 159 80
134 159 80
134 159 80
133 159 80
133 159 80
133 159 80
133 159 80
133 159 80
133 159 80
133 159 80
133 159 80
133 159 80
133 159 80
133 159 80
133 159 80
133 159 80
133 159 80
133 159 80
133 159 80
133 159 80
133 159 80
133 159 80
133 159 80
133 159 80
133 159 80
133 159 80
133 159 80
133 159 80
133 159 80
133 159 80
133 159 80
133 159 80
133 159 80
133 159 80
133 159 80
133 159 80
133 159 80
133 159 80
133 159 80
133 159 80
133 159 80
133 159 80
133 159 80
133 159 80
133 159 80
133 159 80
133 159 80
132 159 80
132 159 80
132 159 80
132 159 80
132 159 80
132 159 80
132 159 80
132 159 80
132 159 80
132 159 80
132 159 80
132 159 80
132 159 80
132 159 80
132 159 80
132 159 80
132 159 80
132 159 80
132 159 80
132 159 80
132 159 80
132 159 80
132 159 80
132 159 80
132 159 80
132 159 80
132 159 80
132 159 80
132 159 80
132 159 80
132 159 80
132 159 80
132 159 80
132 159 80
132 159 80
132 159 80
132 159 80
132 159 80
132 159 80
132 159 80
132 159 80
132 159 80
132 159 80
131 159 80
131 159 80
131 159 80
131 159 80
131 159 80
131 159 80
131 159 80
131 159 80
131 159 80
131 159 80
131 159 80
131 159 80
131 159 80
131 159 80
131 159 80
131 159 80
131 159 80
131 159 80
131 159 80
131 159 80
131 159 80
131 159 80
131 159 80
131 159 80
131 159 80
131 159 80
131 159 80
131 159 80
131 159 80
131 159 80
131 159 80
131 159 80
131 159 80
131 159 80
131 159 80
131 159 80
131 159 80
131 159 80
131 159 80
131 159 80
131 159 80
131 159 80
130 159 80
130 159 80
130 159 80
130 159 80
130 159 80
130 159 80
130 159 80
130 159 80
130 159 80
130 159 80
130 159 80
130 159 80
130 159 80
130 159 80
130 159 80
130 159 80
130 159 80
130 159 80
130 159 80
130 159 80
130 159 80
130 159 80
130 159 80
130 159 80
130 159 80
130 159 80
130 159 80
130 159 80
130 159 80
130 159 80
130 159 80
130 159 80
130 159 80
130 159 80
130 159 80
130 159 80
130 159 80
130 159 80
130 159 80
130 159 80
130 159 80
129 159 80
129 159 80
129 159 80
129 159 80
129 159 80
129 159 80
129 159 80
129 159 80
129 159 80
129 159 80
129 159 80
129 159 80
129 159 80
129 159 80
129 159 80
129 159 80
129 159 80
129 159 80
129 159 80
129 159 80
129 159 80
129 159 80
129 159 80
129 159 80
129 159 80
129 159 80
129 159 80
129 159 80
129 159 80
129 159 80
129 159 80
129 159 80
129 159 80
129 159 80
129 159 80
129 159 80
129 159 80
129 159 80
129 159 80
129 159 80
128 159 80
128 159 80
128 159 80
128 159 80
128 159 80
128 159 80
128 159 80
128 159 80
128 159 80
128 159 80
128 159 80
128 159 80
128 159 80
128 159 80
128 159 80
128 159 80
128 159 80
128 159 80
128 159 80
128 159 80
128 159 80
128 159 80
128 159 80
128 159 80
128 159 80
128 159 80
128 159 80
128 159 80
128 159 80
128 159 80
128 159 80
128 159 80
128 159 80
128 159 80
128 159 80
128 159 80
128 159 80
128 159 80
128 159 80
127 159 80
127 159 80
127 159 80
127 159 80
127 159 80
127 159 80
127 159 80
127 159 80
127 159 80
127 159 80
127 159 80
127 159 80
127 159 80
127 159 80
127 159 80
127 159 80
127 159 80
127 159 80
127 159 80
127 159 80
127 159 80
127 159 80
127 159 80
127 159 80
127 159 80
127 159 80
127 159 80
127 159 80
127 159 80
127 159 80
127 159 80
127 159 80
127 159 80
127 159 80
127 159 80
127 159 80
127 159 80
127 159 80
126 159 80
126 159 80
126 159 80
126 159 80
126 159 80
126 159 80
126 159 80
126 159 80
126 159 80
126 159 80
126 159 80
126 159 80
126 159 80
126 159 80
126 159 80
126 159 80
126 159 80
126 159 80
126 159 80
126 159 80
126 159 80
126 159 80
126 159 80
126 159 80
126 159 80
126 159 80
126 159 80
126 159 80
126 159 80
126 159 80
126 159 80
126 159 80
126 159 80
126 159 80
126 159 80
126 159 80
126 159 80
126 159 80
125 159 80
125 159 80
125 159 80
125 159 80
125 159 80
125 159 80
125 159 80
125 159 80
125 159 80
125 159 80
125 159 80
125 159 80
125 159 80
125 159 80
125 159 80
125 159 80
125 159 80
125 159 80
125 159 80
125 159 80
125 159 80
125 159 80
125 159 80
125 159 80
125 159 80
125 159 80
125 159 80
125 159 80
125 159 80
125 159 80
125 159 80
125 159 80
125 159 80
125 159 80
125 159 80
125 159 80
125 159 80
124 159 80
124 159 80
124 159 80
124 159 80
124 159 80
124 159 80
124 159 80
124 159 80
124 159 80
124 159 80
124 159 80
124 159 80
124 159 80
124 159 80
124 159 80
124 159 80
124 159 80
124 159 80
124 159 80
124 159 80
124 159 80
124 159 80
124 159 80
124 159 80
124 159 80
124 159 80
124 159 80
124 159 80
124 159 80
124 159 80
124 159 80
124 159 80
124 159 80
124 159 80
124 159 80
124 159 80
124 159 80
123 159 80
123 159 80
123 159 80
123 159 80
123 159 80
123 159 80
123 159 80
123 159 80
123 159 80
123 159 80
123 159 80
123 159 80
123 159 80
123 159 80
123 159 80
123 159 80
123 159 80
123 159 80
123 159 80
123 159 80
123 159 80
123 159 80
123 159 80
123 159 80
123 159 80
123 159 80
123 159 80
123 159 80
123 159 80
123 159 80
123 159 80
123 159 80
123 159 80
123 159 80
123 159 80
123 159 80
123 159 80
122 159 80
122 159 80
122 159 80
122 159 80
122 159 80
122 159 80
122 159 80
122 159 80
122 159 80
122 159 80
122 159 80
122 159 80
122 159 80
122 159 80
122 159 80
122 159 80
122 159 80
122 159 80
122 159 80
122 159 80
122 159 80
122 159 80
122 159 80
122 159 80
122 159 80
122 159 80
122 159 80
122 159 80
122 159 80
122 159 80
122 159 80
122 159 80
122 159 80
122 159 80
122 159 80
122 159 80
122 159 80
121 159 80
121 159 80
121 159 80
121 159 80
121 159 80
121 159 80
121 159 80
121 159 80
121 159 80
121 159 80
121 159 80
121 159 80
121 159 80
121 159 80
121 159 80
121 159 80
121 159 80
121 159 80
121 159 80
121 159 80
121 159 80
121 159 80
121 159 80
121 159 80
121 159 80
121 159 80
121 159 80
121 159 80
121 159 80
121 159 80
121 159 80
121 159 80
121 159 80
121 159 80
121 159 80
121 159 80
121 159 80
120 159 80
120 159 80
120 159 80
120 159 80
120 159 80
120 159 80
120 159 80
120 159 80
120 159 80
120 159 80
120 159 80
120 159 80
120 159 80
120 159 80
120 159 80
120 159 80
120 159 80
120 159 80
120 159 80
120 159 80
120 159 80
120 159 80
120 159 80
120 159 80
120 159 80
120 159 80
120 159 80
120 159 80
120 159 80
120 159 80
120 159 80
120 159 80
120 159 80
120 159 80
120 159 80
120 159 80
119 159 80
119 159 80
119 159 80
119 159 80
119 159 80
119 159 80
119 159 80
119 159 80
119 159 80
119 159 80
119 159 80
119 159 80
119 159 80
119 159 80
119 159 80
119 159 80
119 159 80
119 159 80
119 159 80
119 159 80
119 159 80
119 159 80
119 159 80
119 159 80
119 159 80
119 159 80
119 159 80
119 159 80
119 159 80
119 159 80
119 159 80
119 159 80
119 159 80
119 159 80
119 159 80
119 159 80
118 159 80
118 159 80
118 159 80
118 159 80
118 159 80
118 159 80
118 159 80
118 159 80
118 159 80
118 159 80
118 159 80
118 159 80
118 159 80
118 159 80
118 159 80
118 159 80
118 159 80
118 159 80
118 159 80
118 159 80
118 159 80
118 159 80
118 159 80
118 159 80
118 159 80
118 159 80
118 159 80
118 159 80
118 159 80
118 159 80
118 159 80
118 159 80
118 159 80
118 159 80
118 159 80
117 159 80
117 159 80
117 159 80
117 159 80
117 159 80
117 159 80
117 159 80
117 159 80
117 159 80
117 159 80
117 159 80
117 159 80
117 159 80
117 159 80
117 159 80
117 159 80
117 159 80
117 159 80
117 159 80
117 159 80
117 159 80
117 159 80
117 159 80
117 159 80
117 159 80
117 159 80
117 159 80
117 159 80
117 159 80
117 159 80
117 159 80
117 159 80
117 159 80
117 159 80
116 159 80
116 159 80
116 159 80
116 159 80
116 159 80
116 159 80
116 159 80
116 159 80
116 159 80
116 159 80
116 159 80
116 159 80
116 159 80
116 159 80
116 159 80
116 159 80
116 159 80
116 159 80
116 159 80
116 159 80
116 159 80
116 159 80
116 159 80
116 159 80
116 159 80
116 159 80
116 159 80
116 159 80
116 159 80
116 159 80
116 159 80
116 159 80
115 159 80
115 159 80
115 159 80
115 159 80
115 159 80
115 159 80
115 159 80
115 159 80
115 159 80
115 159 80
115 159 80
115 159 80
115 159 80
115 159 80
115 159 80
115 159 80
115 159 80
115 159 80
115 159 80
115 159 80
115 159 80
115 159 80
115 159 80
115 159 80
115 159 80
115 159 80
115 159 80
115 159 80
115 159 80
115 159 80
114 159 80
114 159 80
114 159 80
114 159 80
114 159 80
114 159 80
114 159 80
114 159 80
114 159 80
114 159 80
114 159 80
114 159 80
114 159 80
114 159 80
114 159 80
114 159 80
114 159 80
114 159 80
114 159 80
114 159 80
114 159 80
114 159 80
114 159 80
114 159 80
114 159 80
114 159 80
114 159 80
113 159 80
113 159 80
113 159 80
113 159 80
113 159 80
113 159 80
113 159 80
113 159 80
113 159 80
113 159 80
113 159 80
113 159 80
113 159 80
113 159 80
113 159 80
113 159 80
113 159 80
113 159 80
113 159 80
113 159 80
113 159 80
113 159 80
113 159 80
113 159 80
113 159 80
112 159 80
112 159 80
112 159 80
112 159 80
112 159 80
112 159 80
112 159 80
112 159 80
112 159 80
112 159 80
112 159 80
112 159 80
112 159 80
112 159 80
112 159 80
112 159 80
112 159 80
112 159 80
112 159 80
112 159 80
112 159 80
112 159 80
111 159 80
111 159 80
111 159 80
111 159 80
111 159 80
111 159 80
111 159 80
111 159 80
111 159 80
111 159 80
111 159 80
111 159 80
111 159 80
111 159 80
111 159 80
111 159 80
111 159 80
111 159 80
111 159 80
111 159 80
110 159 80
110 159 80
110 159 80
110 159 80
110 159 80
110 159 80
110 159 80
110 159 80
110 159 80
110 159 80
110 159 80
110 159 80
110 159 80
110 159 80
110 159 80
110 159 80
110 159 80
109 159 80
109 159 80
109 159 80
109 159 80
109 159 80
109 159 80
109 159 80
109 159 80
109 159 80
109 159 80
109 159 80
109 159 80
109 159 80
109 159 80
109 159 80
108 159 80
108 159 80
108 159 80
108 159 80
108 159 80
108 159 80
108 159 80
108 159 80
108 159 80
108 159 80
108 159 80
108 159 80
108 159 80
108 159 80
107 159 80
107 159 80
107 159 80
107 159 80
107 159 80
107 159 80
107 159 80
107 159 80
107 159 80
107 159 80
107 159 80
107 159 80
106 159 80
106 159 80
106 159 80
106 159 80
106 159 80
106 159 80
106 159 80
106 159 80
106 159 80
106 159 80
106 159 80
105 159 80
105 159 80
105 159 80
105 159 80
105 159 80
105 159 80
105 159 80
105 159 80
105 159 80
105 159 80
104 159 80
104 159 80
104 159 80
104 159 80
104 159 80
104 159 80
104 159 80
104 159 80
104 159 80
104 159 80
103 159 80
103 159 80
103 159 80
103 159 80
103 159 80
103 159 80
103 159 80
103 159 80
103 159 80
102 159 80
102 159 80
102 159 80
102 159 80
102 159 80
102 159 80
102 159 80
102 159 80
102 159 80
101 159 80
101 159 80
101 159 80
101 159 80
101 159 80
101 159 80
101 159 80
101 159 80
101 159 80
100 159 80
100 159 80
100 159 80
100 159 80
100 159 80
100 159 80
100 159 80
100 159 80
100 159 80
99 159 80
99 159 80
99 159 80
99 159 80
99 159 80
99 159 80
99 159 80
99 159 80
98 159 80
98 159 80
98 159 80
98 159 80
98 159 80
98 159 80
98 159 80
98 159 80
97 159 80
97 159 80
97 159 80
97 159 80
97 159 80
97 159 80
97 159 80
97 159 80
96 159 80
96 159 80
96 159 80
96 159 80
96 159 80
96 159 80
96 159 80
96 159 80
95 159 80
95 159 80
95 159 80
95 159 80
95 159 80
95 159 80
95 159 80
94 159 80
94 159 80
94 159 80
94 159 80
94 159 80
94 159 80
93 159 80
93 159 80
93 159 80
93 159 80
93 159 80
93 159 80
92 159 80
92 159 80
92 159 80
92 159 80
92 159 80
91 159 80
91 159 80
91 159 80
91 159 80
90 159 80
90 159 80
90 159 80
89 159 80
89 159 80
88 159 80
88 159 80
87 159 80
87 159 80
86 159 80
85 159 80
84 159 80
83 159 80
82 159 80
81 159 80
80 159 80
79 159 80
78 159 80
77 159 80
76 159 80
75 159 80
74 159 80
73 159 80
72 159 80
71 159 80
70 159 80
69 159 80
68 159 80
67 159 80
67 160 80
67 161 80
67 162 80
67 163 80
67 164 80
67 165 80
67 166 80
67 167 80
67 168 80
67 169 80
94 95 80
93 95 80
92 95 80
91 95 80
90 95 80
89 95 80
88 95 80
88 95 80
87 95 80
87 95 80
86 95 80
86 95 80
85 95 80
85 95 80
84 95 80
84 95 80
84 95 80
83 95 80
83 95 80
83 95 80
82 95 80
82 95 80
82 95 80
81 95 80
81 95 80
81 95 80
81 95 80
80 95 80
80 95 80
80 95 80
80 95 80
79 95 80
79 95 80
79 95 80
79 95 80
78 95 80
78 95 80
78 95 80
78 95 80
78 95 80
77 95 80
77 95 80
77 95 80
77 95 80
77 95 80
76 95 80
76 95 80
76 95 80
76 95 80
75 95 80
75 95 80
75 95 80
75 95 80
74 95 80
74 95 80
74 95 80
74 95 80
73 95 80
73 95 80
73 95 80
73 95 80
72 95 80
72 95 80
72 95 80
71 95 80
71 95 80
71 95 80
70 95 80
70 95 80
69 95 80
69 95 80
68 95 80
68 95 80
67 95 80
67 95 80
66 95 80
66 95 80
65 95 80
65 95 80
64 95 80
63 95 80
62 95 80
61 95 80
60 95 80
59 95 80
58 95 80
57 95 80
56 95 80
55 95 80
54 95 80
53 95 80
52 95 80
51 95 80
50 95 80
49 95 80
48 95 80
47 95 80
46 95 80
45 95 80
44 95 80
43 95 80
42 95 80
41 95 80
40 95 80
39 95 80
39 95 80
38 95 80
38 95 80
37 95 80
37 95 80
36 95 80
36 95 80
35 95 80
35 95 80
34 95 80
34 95 80
33 95 80
33 95 80
32 95 80
32 95 80
32 95 80
31 95 80
31 95 80
31 95 80
30 95 80
30 95 80
30 95 80
29 95 80
29 95 80
29 95 80
28 95 80
28 95 80
28 95 80
27 95 80
27 95 80
27 95 80
26 95 80
26 95 80
26 95 80
25 95 80
25 95 80
25 95 80
24 95 80
24 95 80
24 95 80
23 95 80
23 95 80
22 95 80
22 95 80
21 95 80
21 95 80
20 95 80
20 95 80
19 95 80
19 95 80
18 95 80
18 95 80
17 95 80
17 95 80
16 95 80
16 95 80
15 95 80
15 95 80
15 95 80
14 95 80
14 95 80
14 95 80
13 95 80
13 95 80
13 95 80
12 95 80
12 95 80
12 95 80
11 95 80
11 95 80
11 95 80
10 95 80
10 95 80
10 95 80
9 95 80
9 95 80
9 95 80
8 95 80
8 95 80
8 95 80
7 95 80
7 95 80
7 95 80
6 95 80
6 95 80
6 95 80
5 95 80
5 95 80
5 95 80
4 95 80
4 95 80
4 95 80
3 95 80
3 95 80
3 95 80
2 95 80
2 95 80
2 95 80
1 95 80
1 95 80
1 95 80
1 95 80
0 95 80
0 95 80
0 95 80
0 95 80
0 96 240
0 97 80
0 97 80
0 97 80
0 98 80
0 98 80
0 99 80
0 99 80
0 100 80
0 100 80
0 101 80
60 55 80
59 55 80
58 55 80
57 55 80
56 55 80
55 55 80
54 55 80
53 55 80
52 55 80
51 55 80
50 55 80
49 55 80
48 55 80
47 55 80
46 55 80
45 55 80
44 55 80
43 55 80
42 55 80
41 55 80
40 55 80
39 55 80
38 55 80
37 55 80
36 55 80
35 55 80
34 55 80
33 55 80
32 55 80
31 55 80
30 55 80
29 55 80
28 55 80
27 55 80
26 55 80
25 55 80
24 55 80
23 55 80
23 55 80
22 55 80
22 55 80
21 55 80
21 55 80
21 55 80
20 55 80
20 55 80
20 55 80
19 55 80
19 55 80
19 55 80
19 55 80
19 54 240
19 54 80
19 53 80
19 53 80
19 53 80
19 52 80
19 52 80
19 52 80
19 51 80
19 51 80
19 51 80
19 50 80
19 50 80
19 49 80
19 49 80
19 48 80
19 48 80
61 55 80
62 55 80
63 55 80
64 55 80
65 55 80
66 55 80
67 55 80
68 55 80
69 55 80
70 55 80
71 55 80
72 55 80
73 55 80
74 55 80
75 55 80
76 55 80
77 55 80
77 54 80
77 53 80
77 52 80
77 51 80
77 50 80
77 49 80
77 48 80
77 47 80
77 46 80
77 45 80
77 44 80
77 43 80
77 42 80
77 41 80
77 40 80
77 39 80
77 38 80
77 37 80
77 36 80
77 35 80
77 34 80
77 34 80
77 33 80
77 33 80
77 32 80
77 32 80
77 31 80
77 31 80
77 31 80
77 30 80
77 30 80
77 30 80
77 30 80
77 29 80
77 29 80
77 29 80
77 29 80
77 28 80
77 28 80
77 28 80
77 28 80
77 28 80
77 27 80
77 27 80
77 27 80
77 27 80
77 27 80
77 27 80
77 26 80
77 26 80
77 26 80
77 26 80
77 26 80
77 26 80
77 26 80
77 25 80
77 25 80
77 25 80
77 25 80
77 25 80
77 25 80
77 25 80
77 25 80
77 24 80
77 24 80
77 24 80
77 24 80
77 24 80
77 24 80
77 24 80
77 24 80
77 24 80
77 23 80
77 23 80
77 23 80
77 23 80
77 23 80
77 23 80
77 23 80
77 23 80
77 23 80
77 23 80
77 22 80
77 22 80
77 22 80
77 22 80
77 22 80
77 22 80
77 22 80
77 22 80
77 22 80
77 22 80
77 22 80
77 21 80
77 21 80
77 21 80
77 21 80
77 21 80
77 21 80
77 21 80
77 21 80
77 21 80
77 21 80
77 21 80
77 20 80
77 20 80
77 20 80
77 20 80
77 20 80
77 20 80
77 20 80
77 20 80
77 20 80
77 20 80
77 20 80
77 19 80
77 19 80
77 19 80
77 19 80
77 19 80
77 19 80
77 19 80
77 19 80
77 19 80
77 19 80
77 19 80
77 19 80
77 18 80
77 18 80
77 18 80
77 18 80
77 18 80
77 18 80
77 18 80
77 18 80
77 18 80
77 18 80
77 18 80
77 18 80
77 17 80
77 17 80
77 17 80
77 17 80
77 17 80
77 17 80
77 17 80
77 17 80
77 17 80
77 17 80
77 17 80
77 17 80
77 16 80
77 16 80
77 16 80
77 16 80
77 16 80
77 16 80
77 16 80
77 16 80
77 16 80
77 16 80
77 16 80
77 16 80
77 15 80
77 15 80
77 15 80
77 15 80
77 15 80
77 15 80
77 15 80
77 15 80
77 15 80
77 15 80
77 15 80
77 15 80
77 14 80
77 14 80
77 14 80
77 14 80
77 14 80
77 14 80
77 14 80
77 14 80
77 14 80
77 14 80
77 14 80
77 14 80
77 14 80
77 13 80
77 13 80
77 13 80
77 13 80
77 13 80
77 13 80
77 13 80
77 13 80
77 13 80
77 13 80
77 13 80
77 13 80
77 13 80
77 12 80
77 12 80
77 12 80
77 12 80
77 12 80
77 12 80
77 12 80
77 12 80
77 12 80
77 12 80
77 12 80
77 12 80
77 12 80
77 12 80
77 11 80
77 11 80
77 11 80
77 11 80
77 11 80
77 11 80
77 11 80
77 11 80
77 11 80
77 11 80
77 11 80
77 11 80
77 11 80
77 11 80
77 10 80
77 10 80
77 10 80
77 10 80
77 10 80
77 10 80
77 10 80
77 10 80
77 10 80
77 10 80
77 10 80
77 10 80
77 10 80
77 10 80
77 9 80
77 9 80
77 9 80
77 9 80
77 9 80
77 9 80
77 9 80
77 9 80
77 9 80
77 9 80
77 9 80
77 9 80
77 9 80
77 9 80
77 9 80
78 9 1120
78 9 80
79 9 80
79 9 80
79 9 80
79 9 80
79 9 80
79 9 80
79 9 80
79 9 80
79 9 80
79 9 80
79 9 80
79 9 80
79 9 80
79 9 80
79 9 80
80 9 80
80 9 80
80 9 80
80 9 80
80 9 80
80 9 80
80 9 80
80 9 80
80 9 80
80 9 80
80 9 80
80 9 80
80 9 80
80 9 80
80 9 80
81 9 80
81 9 80
81 9 80
81 9 80
81 9 80
81 9 80
81 9 80
81 9 80
81 9 80
81 9 80
81 9 80
81 9 80
81 9 80
81 9 80
81 9 80
82 9 80
82 9 80
82 9 80
82 9 80
82 9 80
82 9 80
82 9 80
82 9 80
82 9 80
82 9 80
82 9 80
82 9 80
82 9 80
82 9 80
82 9 80
83 9 80
83 9 80
83 9 80
83 9 80
83 9 80
83 9 80
83 9 80
83 9 80
83 9 80
83 9 80
83 9 80
83 9 80
83 9 80
83 9 80
83 9 80
84 9 80
84 9 80
84 9 80
84 9 80
84 9 80
84 9 80
84 9 80
84 9 80
84 9 80
84 9 80
84 9 80
84 9 80
84 9 80
84 9 80
84 9 80
85 9 80
85 9 80
85 9 80
85 9 80
85 9 80
85 9 80
85 9 80
85 9 80
85 9 80
85 9 80
85 9 80
85 9 80
85 9 80
85 9 80
85 9 80
86 9 80
86 9 80
86 9 80
86 9 80
86 9 80
86 9 80
86 9 80
86 9 80
86 9 80
86 9 80
86 9 80
86 9 80
86 9 80
86 9 80
86 9 80
86 9 80
87 9 80
87 9 80
87 9 80
87 9 80
87 9 80
87 9 80
87 9 80
87 9 80
87 9 80
87 9 80
87 9 80
87 9 80
87 9 80
87 9 80
87 9 80
87 9 80
88 9 80
88 9 80
88 9 80
88 9 80
88 9 80
88 9 80
88 9 80
88 9 80
88 9 80
88 9 80
88 9 80
88 9 80
88 9 80
88 9 80
88 9 80
88 9 80
89 9 80
89 9 80
89 9 80
89 9 80
89 9 80
89 9 80
89 9 80
89 9 80
89 9 80
89 9 80
89 9 80
89 9 80
89 9 80
89 9 80
89 9 80
89 9 80
90 9 80
90 9 80
90 9 80
90 9 80
90 9 80
90 9 80
90 9 80
90 9 80
90 9 80
90 9 80
90 9 80
90 9 80
90 9 80
90 9 80
90 9 80
90 9 80
91 9 80
91 9 80
91 9 80
91 9 80
91 9 80
91 9 80
91 9 80
91 9 80
91 9 80
91 9 80
91 9 80
91 9 80
91 9 80
91 9 80
91 9 80
92 9 80
92 9 80
92 9 80
92 9 80
92 9 80
92 9 80
92 9 80
92 9 80
92 9 80
92 9 80
92 9 80
92 9 80
92 9 80
92 9 80
93 9 80
93 9 80
93 9 80
93 9 80
93 9 80
93 9 80
93 9 80
93 9 80
93 9 80
93 9 80
93 9 80
93 9 80
93 9 80
94 9 80
94 9 80
94 9 80
94 9 80
94 9 80
94 9 80
94 9 80
94 9 80
94 9 80
94 9 80
94 9 80
94 9 80
95 9 80
95 9 80
95 9 80
95 9 80
95 9 80
95 9 80
95 9 80
95 9 80
95 9 80
95 9 80
95 9 80
96 9 80
96 9 80
96 9 80
96 9 80
96 9 80
96 9 80
96 9 80
96 9 80
96 9 80
97 9 80
97 9 80
97 9 80
97 9 80
97 9 80
97 9 80
97 9 80
98 9 80
98 9 80
98 9 80
98 9 80
98 9 80
98 9 80
99 9 80
99 9 80
99 9 80
99 9 80
99 9 80
100 9 80
100 9 80
100 9 80
100 9 80
101 9 80
101 9 80
101 9 80
102 9 80
102 9 80
102 9 80
103 9 80
103 9 80
104 9 80
104 9 80
105 9 80
105 9 80
106 9 80
107 9 80
108 9 80
109 9 80
110 9 80
111 9 80
112 9 80
113 9 80
114 9 80
115 9 80
116 9 80
117 9 80
118 9 80
119 9 80
120 9 80
121 9 80
122 9 80
123 9 80
123 9 80
124 9 80
124 9 80
125 9 80
125 9 80
126 9 80
126 9 80
127 9 80
127 9 80
127 9 80
128 9 80
128 9 80
128 9 80
129 9 80
129 9 80
129 9 80
130 9 80
130 9 80
130 9 80
131 9 80
131 9 80
131 9 80
131 9 80
132 9 80
132 9 80
132 9 80
132 9 80
133 9 80
133 9 80
133 9 80
134 9 80
134 9 80
134 9 80
135 9 80
135 9 80
135 9 80
136 9 80
136 9 80
136 9 80
137 9 80
137 9 80
137 9 80
138 9 80
138 9 80
139 9 80
139 9 80
140 9 80
140 9 80
141 9 80
141 9 80
142 9 80
142 9 80
143 9 80
143 9 80
144 9 80
144 9 80
145 9 80
145 9 80
146 9 80
146 9 80
147 9 80
147 9 80
148 9 80
148 9 80
149 9 80
149 9 80
150 9 80
150 9 80
151 9 80
151 9 80
152 9 80
152 9 80
153 9 80
153 9 80
154 9 80
154 9 80
155 9 80
155 9 80
156 9 80
157 9 80
158 9 80
159 9 80
160 9 80
161 9 80
162 9 80
163 9 80
164 9 80
165 9 80
166 9 80
167 9 80
168 9 80
169 9 80
170 9 80
171 9 80
172 9 80
173 9 80
174 9 80
175 9 80
176 9 80
177 9 80
178 9 80
179 9 80
180 9 80
181 9 80
182 9 80
183 9 80
184 9 80
185 9 80
185 10 80
185 11 80
185 12 80
184 12 80
183 12 80
182 12 80
181 12 80
181 13 80
181 14 80
181 15 80
181 16 80
181 17 80
181 18 80
181 19 80
181 20 80
181 21 80
181 22 80
181 23 80
181 24 80
181 25 80
181 26 80
181 27 80
181 28 80
181 29 80
181 30 80
181 31 80
181 32 80
181 33 80
181 34 80
181 35 80
181 36 80
181 37 80
181 38 80
181 39 80
181 40 80
181 41 80
181 42 80
181 43 80
181 44 80
181 45 80
181 46 80
181 47 80
181 48 80
181 49 80
181 50 80
181 51 80
181 52 80
181 53 80
181 54 80
181 55 80
181 56 80
181 57 80
181 58 80
181 59 80
181 60 80
181 61 80
181 62 80
181 63 80
181 64 80
181 65 80
181 66 80
181 67 80
181 68 80
181 69 80
181 70 80
181 71 80
181 72 80
181 73 80
181 74 80
181 75 80
181 76 80
181 77 80
181 78 80
181 79 80
181 80 80
181 81 80
