95 110 50
96 110 50
97 110 50
98 110 50
99 110 50
100 110 50
101 110 50
102 110 50
103 110 50
104 110 50
105 110 50
106 110 50
107 110 50
108 110 50
109 110 50
110 110 50
111 110 50
112 110 50
113 110 50
114 110 50
115 110 50
116 110 50
117 110 50
118 110 50
119 110 50
120 110 50
121 110 50
122 110 50
123 110 50
124 110 50
125 110 50
125 110 50
126 110 50
126 110 50
127 110 50
127 110 50
128 110 50
128 110 50
129 110 50
130 110 50
131 110 50
132 110 50
133 110 50
134 110 50
135 110 50
136 110 50
137 110 50
138 110 50
138 110 50
139 110 50
139 110 50
139 109 50
139 109 50
139 108 50
139 108 50
139 108 50
139 107 50
139 107 50
139 107 50
139 106 50
139 106 50
139 106 50
139 106 50
139 105 50
139 105 50
139 105 50
139 105 50
139 105 50
139 104 50
139 104 50
139 104 50
139 104 50
139 104 50
139 104 50
139 103 50
139 103 50
139 103 50
139 103 50
139 103 50
139 103 50
139 103 50
139 103 50
139 102 50
139 102 50
139 102 50
139 102 50
139 102 50
139 102 50
139 102 50
139 102 50
139 102 50
139 101 50
139 101 50
139 101 50
139 101 50
139 101 50
139 101 50
139 101 50
139 101 50
139 101 50
139 101 50
139 100 50
139 100 50
139 100 50
139 100 50
139 100 50
139 100 50
139 100 50
139 100 50
139 100 50
139 100 50
139 100 50
139 99 50
139 99 50
139 99 50
139 99 50
139 99 50
139 99 50
139 99 50
139 99 50
139 99 50
139 99 50
139 99 50
139 98 50
139 98 50
139 98 50
139 98 50
139 98 50
139 98 50
139 98 50
139 98 50
139 98 50
139 98 50
139 98 50
139 97 50
139 97 50
139 97 50
139 97 50
139 97 50
139 97 50
139 97 50
139 97 50
139 97 50
139 97 50
139 96 50
139 96 50
139 96 50
139 96 50
139 96 50
139 96 50
139 96 50
139 96 50
139 96 50
139 96 50
139 95 50
139 95 50
139 95 50
139 95 50
139 95 50
139 95 50
139 95 50
139 95 50
139 95 50
139 94 50
139 94 50
139 94 50
139 94 50
139 94 50
139 94 50
139 94 50
139 94 50
139 94 50
139 93 50
139 93 50
139 93 50
139 93 50
139 93 50
139 93 50
139 93 50
139 93 50
139 92 50
139 92 50
139 92 50
139 92 50
139 92 50
139 92 50
139 92 50
139 92 50
139 91 50
139 91 50
139 91 50
139 91 50
139 91 50
139 91 50
139 91 50
139 90 50
139 90 50
139 90 50
139 90 50
139 90 50
139 90 50
139 90 50
139 89 50
139 89 50
139 89 50
139 89 50
139 89 50
139 89 50
139 89 50
139 88 50
139 88 50
139 88 50
139 88 50
139 88 50
139 88 50
139 88 50
139 88 50
139 87 50
139 87 50
139 87 50
139 87 50
139 87 50
139 87 50
139 87 50
139 87 50
139 87 50
139 86 50
139 86 50
139 86 50
139 86 50
139 86 50
139 86 50
139 86 50
139 86 50
139 86 50
139 86 50
139 86 50
139 85 50
139 85 50
139 85 50
139 85 50
139 85 50
139 85 50
139 85 50
139 85 50
139 85 50
139 85 50
139 85 50
139 85 50
139 85 50
139 85 50
94 110 650
93 110 50
93 109 50
93 108 50
93 107 50
93 106 50
93 105 50
93 104 50
93 104 50
93 103 50
93 103 50
93 102 50
93 102 50
93 101 50
93 101 50
93 100 50
93 100 50
93 100 50
93 99 50
93 99 50
93 98 50
93 98 50
93 97 50
93 97 50
93 96 50
93 96 50
93 95 50
93 95 50
93 94 50
93 93 50
93 92 50
93 91 50
93 90 50
93 89 50
93 88 50
93 87 50
93 86 50
93 85 50
93 84 50
93 83 50
93 82 50
93 81 50
93 80 50
93 79 50
93 78 50
93 77 50
93 76 50
93 75 50
93 74 50
93 73 50
93 72 50
93 71 50
93 70 50
93 69 50
93 68 50
96 27 50
97 27 50
98 27 50
99 27 50
100 27 50
101 27 50
102 27 50
103 27 50
104 27 50
105 27 50
106 27 50
107 27 50
108 27 50
109 27 50
110 27 50
111 27 50
112 27 50
113 27 50
113 27 50
114 27 50
114 27 50
115 27 50
115 27 50
116 27 50
116 27 50
116 27 50
117 27 50
117 27 50
117 27 50
118 27 50
118 27 50
118 27 50
118 27 50
119 27 50
119 27 50
119 27 50
119 27 50
120 27 50
120 27 50
120 27 50
120 27 50
121 27 50
121 27 50
121 27 50
122 27 50
122 27 50
122 27 50
122 28 100
122 28 50
122 29 50
122 29 50
122 29 50
122 30 50
122 30 50
122 31 50
122 31 50
122 32 50
122 32 50
122 33 50
122 33 50
122 34 50
122 34 50
122 35 50
122 35 50
122 36 50
122 36 50
122 37 50
122 38 50
122 39 50
122 40 50
122 41 50
122 42 50
122 43 50
122 44 50
95 27 50
94 27 50
93 27 50
92 27 50
91 27 50
90 27 50
89 27 50
88 27 50
87 27 50
86 27 50
85 27 50
84 27 50
83 27 50
82 27 50
81 27 50
80 27 50
79 27 50
78 27 50
77 27 50
76 27 50
75 27 50
74 27 50
73 27 50
72 27 50
71 27 50
70 27 50
69 27 50
68 27 50
67 27 50
66 27 50
65 27 50
64 27 50
64 28 50
64 29 50
64 30 50
64 31 50
64 32 50
64 33 50
64 34 50
64 35 50
64 35 50
64 36 50
64 36 50
64 37 50
64 37 50
64 38 50
64 38 50
92 110 50
91 110 50
90 110 50
89 110 50
89 110 50
88 110 50
88 110 50
87 110 50
87 110 50
86 110 50
86 110 50
85 110 50
85 110 50
84 110 50
84 110 50
83 110 50
83 110 50
82 110 50
82 110 50
81 110 50
81 110 50
80 110 50
80 110 50
79 110 50
79 110 50
78 110 50
78 110 50
77 110 50
77 110 50
77 110 50
76 110 50
76 110 50
76 110 50
75 110 50
75 110 50
75 110 50
74 110 50
74 110 50
74 110 50
73 110 50
73 110 50
73 110 50
72 110 50
72 110 50
72 110 50
71 110 50
71 110 50
71 110 50
70 110 50
70 110 50
70 110 50
69 110 50
69 110 50
69 110 50
69 110 50
68 110 50
68 110 50
68 110 50
68 110 50
67 110 50
67 110 50
67 110 50
67 110 50
66 110 50
66 110 50
66 110 50
66 110 50
65 110 50
65 110 50
65 110 50
65 110 50
64 110 50
64 110 50
64 110 50
64 110 50
64 110 50
63 110 50
63 110 50
63 110 50
63 110 50
63 110 50
62 110 50
62 110 50
62 110 50
62 110 50
62 110 50
61 110 50
61 110 50
61 110 50
61 110 50
61 110 50
60 110 50
60 110 50
60 110 50
60 110 50
60 110 50
59 110 50
59 110 50
59 110 50
59 110 50
58 110 50
58 110 50
58 110 50
58 110 50
57 110 50
57 110 50
57 110 50
56 110 50
56 110 50
56 110 50
55 110 50
55 110 50
54 110 50
54 110 50
53 110 50
53 110 50
52 110 50
52 110 50
51 110 50
50 110 50
49 110 50
48 110 50
47 110 50
46 110 50
45 110 50
44 110 50
43 110 50
42 110 50
42 110 50
41 110 50
41 110 50
40 110 50
40 110 50
39 110 50
39 110 50
38 110 50
38 110 50
38 110 50
37 110 50
37 110 50
37 110 50
36 110 50
36 110 50
36 110 50
35 110 50
35 110 50
35 110 50
34 110 50
34 110 50
34 110 50
33 110 50
33 110 50
33 110 50
32 110 50
32 110 50
31 110 50
31 110 50
30 110 50
30 110 50
29 110 50
29 110 50
28 110 50
28 110 50
27 110 50
27 110 50
26 110 50
26 110 50
25 110 50
25 110 50
24 110 50
24 110 50
23 110 50
23 110 50
22 110 50
22 110 50
21 110 50
21 110 50
21 110 50
20 110 50
20 110 50
20 110 50
19 110 50
19 110 50
19 110 50
19 110 50
18 110 50
18 110 50
18 110 50
18 110 50
17 110 50
17 110 50
17 110 50
17 110 50
17 110 50
16 110 50
16 110 50
16 110 50
16 110 50
16 110 50
15 110 50
15 110 50
15 110 50
15 110 50
15 110 50
15 110 50
14 110 50
14 110 50
14 110 50
14 110 50
14 110 50
14 110 50
13 110 50
13 110 50
13 110 50
13 110 50
13 110 50
12 110 50
12 110 50
12 110 50
12 110 50
12 110 50
11 110 50
11 110 50
11 110 50
11 110 50
11 110 50
10 110 50
10 110 50
10 110 50
10 110 50
9 110 50
9 110 50
9 110 50
9 110 50
8 110 50
8 110 50
8 110 50
8 110 50
7 110 50
7 110 50
7 110 50
7 110 50
6 110 50
6 110 50
6 110 50
6 110 50
6 110 50
5 110 50
5 110 50
5 110 50
5 110 50
5 110 50
4 110 50
4 110 50
4 110 50
4 110 50
4 110 50
4 110 50
3 110 50
3 110 50
3 110 50
3 110 50
3 110 50
3 110 50
3 110 50
2 110 50
2 110 50
2 110 50
2 110 50
2 110 50
2 110 50
2 110 50
1 110 50
1 110 50
1 110 50
1 110 50
1 110 50
1 110 50
1 110 50
1 110 50
1 111 350
1 112 50
1 112 50
1 112 50
1 112 50
1 112 50
1 112 50
1 113 50
1 113 50
1 113 50
1 113 50
1 113 50
1 114 50
1 114 50
1 114 50
1 114 50
1 115 50
1 115 50
1 115 50
1 115 50
1 116 50
1 116 50
1 116 50
1 116 50
1 117 50
1 117 50
1 117 50
1 117 50
1 118 50
1 118 50
1 118 50
1 118 50
2 118 150
2 118 50
3 118 50
3 118 50
3 118 50
4 118 50
4 118 50
4 118 50
4 118 50
4 119 150
4 119 50
4 120 50
4 120 50
4 120 50
4 120 50
4 120 50
4 121 50
4 121 50
4 121 50
4 121 50
4 121 50
4 121 50
4 122 50
4 122 50
4 122 50
4 122 50
4 122 50
4 122 50
4 122 50
4 123 50
4 123 50
4 123 50
4 123 50
4 123 50
4 123 50
4 123 50
4 123 50
4 123 50
4 124 50
4 124 50
4 124 50
4 124 50
4 124 50
4 124 50
4 124 50
4 124 50
4 124 50
4 124 50
4 125 50
4 125 50
4 125 50
4 125 50
4 125 50
4 125 50
4 125 50
4 125 50
4 125 50
4 125 50
4 125 50
4 126 50
4 126 50
4 126 50
4 126 50
4 126 50
4 126 50
4 126 50
4 126 50
4 126 50
4 126 50
4 126 50
4 127 50
4 127 50
4 127 50
4 127 50
4 127 50
4 127 50
4 127 50
4 127 50
4 127 50
4 127 50
4 127 50
4 128 50
4 128 50
4 128 50
4 128 50
4 128 50
4 128 50
4 128 50
4 128 50
4 128 50
4 128 50
4 129 50
4 129 50
4 129 50
4 129 50
4 129 50
4 129 50
4 129 50
4 129 50
4 129 50
4 129 50
4 130 50
4 130 50
4 130 50
4 130 50
4 130 50
4 130 50
4 130 50
4 130 50
4 130 50
4 131 50
4 131 50
4 131 50
4 131 50
4 131 50
4 131 50
4 131 50
4 131 50
4 131 50
4 132 50
4 132 50
4 132 50
4 132 50
4 132 50
4 132 50
4 132 50
4 132 50
4 132 50
4 133 50
4 133 50
4 133 50
4 133 50
4 133 50
4 133 50
4 133 50
4 133 50
4 133 50
4 134 50
4 134 50
4 134 50
4 134 50
4 134 50
4 134 50
4 134 50
4 134 50
4 134 50
4 135 50
4 135 50
4 135 50
4 135 50
4 135 50
4 135 50
4 135 50
4 135 50
4 135 50
4 135 50
4 135 50
4 136 50
4 136 50
4 136 50
4 136 50
4 136 50
4 136 50
4 136 50
4 136 50
4 136 50
4 136 50
4 136 50
4 136 50
4 137 50
4 137 50
4 137 50
4 137 50
4 137 50
4 137 50
4 137 50
4 137 50
4 137 50
4 137 50
4 137 50
4 137 50
4 137 50
4 137 50
4 137 50
4 138 50
4 138 50
4 138 50
4 138 50
4 138 50
4 138 50
4 138 50
4 138 50
4 138 50
4 138 50
4 138 50
4 138 50
4 138 50
4 138 50
4 138 50
4 138 50
4 138 50
4 139 50
4 139 50
4 139 50
4 139 50
4 139 50
4 139 50
4 139 50
4 139 50
4 139 50
4 139 50
4 139 50
4 139 50
4 139 50
4 139 50
4 139 50
4 139 50
4 139 50
4 139 50
4 139 50
4 139 50
4 140 50
4 140 50
4 140 50
4 140 50
4 140 50
4 140 50
4 140 50
4 140 50
4 140 50
4 140 50
4 140 50
4 140 50
4 140 50
4 140 50
4 140 50
4 140 50
4 140 50
4 140 50
4 140 50
4 140 50
4 140 50
4 140 50
4 141 50
4 141 50
4 141 50
4 141 50
4 141 50
4 141 50
4 141 50
4 141 50
4 141 50
4 141 50
4 141 50
4 141 50
4 141 50
4 141 50
4 141 50
4 141 50
4 141 50
4 141 50
4 141 50
4 141 50
4 141 50
4 141 50
4 141 50
4 142 50
4 142 50
4 142 50
4 142 50
4 142 50
4 142 50
4 142 50
4 142 50
4 142 50
4 142 50
4 142 50
4 142 50
4 142 50
4 142 50
4 142 50
4 142 50
4 142 50
4 142 50
4 142 50
4 142 50
4 142 50
4 142 50
4 142 50
4 143 50
4 143 50
4 143 50
4 143 50
4 143 50
4 143 50
4 143 50
4 143 50
4 143 50
4 143 50
4 143 50
4 143 50
4 143 50
4 143 50
4 143 50
4 143 50
4 143 50
4 143 50
4 143 50
4 143 50
4 143 50
4 143 50
4 144 50
4 144 50
4 144 50
4 144 50
4 144 50
4 144 50
4 144 50
4 144 50
4 144 50
4 144 50
4 144 50
4 144 50
4 144 50
4 144 50
4 144 50
4 144 50
4 144 50
4 144 50
4 144 50
4 144 50
4 144 50
4 145 50
4 145 50
4 145 50
4 145 50
4 145 50
4 145 50
4 145 50
4 145 50
4 145 50
4 145 50
4 145 50
4 145 50
4 145 50
4 145 50
4 145 50
4 145 50
4 145 50
4 145 50
4 145 50
4 145 50
4 146 50
4 146 50
4 146 50
4 146 50
4 146 50
4 146 50
4 146 50
4 146 50
4 146 50
4 146 50
4 146 50
4 146 50
4 146 50
4 146 50
4 146 50
4 146 50
4 146 50
4 146 50
4 147 50
4 147 50
4 147 50
4 147 50
4 147 50
4 147 50
4 147 50
4 147 50
4 147 50
4 147 50
4 147 50
4 147 50
4 147 50
4 147 50
4 147 50
4 147 50
4 147 50
4 148 50
4 148 50
4 148 50
4 148 50
4 148 50
4 148 50
4 148 50
4 148 50
4 148 50
4 148 50
4 148 50
4 148 50
4 148 50
4 148 50
4 148 50
4 148 50
4 149 50
4 149 50
4 149 50
4 149 50
4 149 50
4 149 50
4 149 50
4 149 50
4 149 50
4 149 50
4 149 50
4 149 50
4 149 50
4 149 50
4 149 50
4 149 50
4 150 50
4 150 50
4 150 50
4 150 50
4 150 50
4 150 50
4 150 50
4 150 50
4 150 50
4 150 50
4 150 50
4 150 50
4 150 50
4 150 50
4 150 50
4 150 50
4 150 50
4 151 50
4 151 50
4 151 50
4 151 50
4 151 50
4 151 50
4 151 50
4 151 50
4 151 50
4 151 50
4 151 50
4 151 50
4 151 50
4 151 50
4 151 50
4 151 50
4 151 50
4 151 50
4 151 50
4 152 50
4 152 50
4 152 50
4 152 50
4 152 50
4 152 50
4 152 50
4 152 50
4 152 50
4 152 50
4 152 50
4 152 50
4 152 50
4 152 50
4 152 50
4 152 50
4 152 50
4 152 50
4 152 50
4 152 50
4 152 50
4 153 50
4 153 50
4 153 50
4 153 50
4 153 50
4 153 50
4 153 50
4 153 50
4 153 50
4 153 50
4 153 50
4 153 50
4 153 50
4 153 50
4 153 50
4 153 50
4 153 50
4 153 50
4 153 50
4 153 50
4 153 50
4 153 50
4 153 50
4 153 50
4 154 50
4 154 50
4 154 50
4 154 50
4 154 50
4 154 50
4 154 50
4 154 50
4 154 50
4 154 50
4 154 50
4 154 50
4 154 50
4 154 50
4 154 50
4 154 50
4 154 50
4 154 50
4 154 50
4 154 50
4 154 50
4 154 50
4 154 50
4 154 50
4 154 50
4 154 50
4 155 50
4 155 50
4 155 50
4 155 50
4 155 50
4 155 50
4 155 50
4 155 50
4 155 50
4 155 50
4 155 50
4 155 50
4 155 50
4 155 50
4 155 50
4 155 50
4 155 50
4 155 50
4 155 50
4 155 50
4 155 50
4 155 50
4 155 50
4 155 50
4 155 50
4 155 50
4 155 50
4 155 50
5 155 1350
6 155 50
6 155 50
6 155 50
6 155 50
6 155 50
6 155 50
6 155 50
6 155 50
6 155 50
6 155 50
6 155 50
6 155 50
6 155 50
6 155 50
6 155 50
6 155 50
6 155 50
6 155 50
6 155 50
6 155 50
6 155 50
6 155 50
7 155 50
7 155 50
7 155 50
7 155 50
7 155 50
7 155 50
7 155 50
7 155 50
7 155 50
7 155 50
7 155 50
7 155 50
7 155 50
7 155 50
7 155 50
7 155 50
7 155 50
7 155 50
7 155 50
8 155 50
8 155 50
8 155 50
8 155 50
8 155 50
8 155 50
8 155 50
8 155 50
8 155 50
8 155 50
8 155 50
8 155 50
8 155 50
8 155 50
8 155 50
8 155 50
8 155 50
9 155 50
9 155 50
9 155 50
9 155 50
9 155 50
9 155 50
9 155 50
9 155 50
9 155 50
9 155 50
9 155 50
9 155 50
9 155 50
9 155 50
10 155 50
10 155 50
10 155 50
10 155 50
10 155 50
10 155 50
10 155 50
10 155 50
10 155 50
10 155 50
10 155 50
10 155 50
11 155 50
11 155 50
11 155 50
11 155 50
11 155 50
11 155 50
11 155 50
11 155 50
11 155 50
11 155 50
11 155 50
12 155 50
12 155 50
12 155 50
12 155 50
12 155 50
12 155 50
12 155 50
12 155 50
12 155 50
12 155 50
13 155 50
13 155 50
13 155 50
13 155 50
13 155 50
13 155 50
13 155 50
13 155 50
13 155 50
13 155 50
14 155 50
14 155 50
14 155 50
14 155 50
14 155 50
14 155 50
14 155 50
14 155 50
14 155 50
14 155 50
14 155 50
15 155 50
15 155 50
15 155 50
15 155 50
15 155 50
15 155 50
15 155 50
15 155 50
15 155 50
15 155 50
15 155 50
15 155 50
16 155 50
16 155 50
16 155 50
16 155 50
16 155 50
16 155 50
16 155 50
16 155 50
16 155 50
16 155 50
16 155 50
16 155 50
16 155 50
16 156 600
16 157 50
16 157 50
16 157 50
16 157 50
16 157 50
16 157 50
16 157 50
16 157 50
16 157 50
16 158 50
16 158 50
16 158 50
16 158 50
16 158 50
16 158 50
16 158 50
16 159 50
16 159 50
16 159 50
16 159 50
16 159 50
16 160 50
16 160 50
16 160 50
16 160 50
16 161 50
16 161 50
16 161 50
16 161 50
16 162 50
16 162 50
16 162 50
16 163 50
16 163 50
16 163 50
16 164 50
16 164 50
16 164 50
16 165 50
16 165 50
16 165 50
16 166 50
16 166 50
16 166 50
16 167 50
16 167 50
16 167 50
16 168 50
16 168 50
16 168 50
16 169 50
16 169 50
16 170 50
16 170 50
16 171 50
16 171 50
16 172 50
16 172 50
16 173 50
16 173 50
16 174 50
16 174 50
16 175 50
16 175 50
16 176 50
16 176 50
16 177 50
16 178 50
16 179 50
16 180 50
16 181 50
16 182 50
16 183 50
16 184 50
16 185 50
16 186 50
16 187 50
16 188 50
16 189 50
16 190 50
16 191 50
16 192 50
16 193 50
17 193 50
18 193 50
19 193 50
20 193 50
21 193 50
22 193 50
23 193 50
24 193 50
25 193 50
26 193 50
27 193 50
28 193 50
29 193 50
30 193 50
31 193 50
32 193 50
33 193 50
34 193 50
35 193 50
36 193 50
37 193 50
38 193 50
39 193 50
40 193 50
41 193 50
42 193 50
43 193 50
44 193 50
45 193 50
46 193 50
47 193 50
48 193 50
49 193 50
49 193 50
50 193 50
50 193 50
51 193 50
51 193 50
52 193 50
53 193 50
54 193 50
55 193 50
56 193 50
57 193 50
58 193 50
58 193 50
59 193 50
59 193 50
60 193 50
60 193 50
60 194 50
60 194 50
130 119 50
131 119 50
132 119 50
133 119 50
134 119 50
135 119 50
136 119 50
137 119 50
137 119 50
138 119 50
138 119 50
139 119 50
139 119 50
139 119 50
139 118 100
139 117 50
139 117 50
139 116 50
139 116 50
139 115 50
139 115 50
139 114 50
139 113 50
139 112 50
139 111 50
139 111 50
