199 28 120
198 28 120
197 28 120
196 28 120
195 28 120
194 28 120
193 28 120
192 28 120
191 28 120
190 28 120
189 28 120
188 28 120
187 28 120
186 28 120
185 28 120
184 28 120
183 28 120
182 28 120
181 28 120
180 28 120
180 29 120
180 30 120
180 31 120
180 32 120
180 33 120
180 34 120
180 35 120
180 36 120
180 37 120
180 38 120
180 39 120
180 40 120
180 41 120
180 42 120
180 43 120
180 44 120
180 45 120
180 46 120
180 47 120
180 48 120
180 49 120
180 50 120
180 51 120
180 52 120
180 53 120
180 54 120
180 55 120
180 56 120
180 57 120
180 57 120
180 58 120
180 58 120
180 59 120
180 59 120
180 60 120
180 60 120
180 61 120
180 61 120
180 61 120
180 62 240
180 62 120
180 63 240
180 63 120
180 64 240
180 64 120
180 65 240
180 65 120
180 66 240
180 66 120
180 66 120
180 67 360
180 67 120
180 68 360
180 68 120
180 68 120
180 69 480
180 69 120
180 69 120
180 70 600
180 70 120
180 70 120
180 71 720
180 71 120
180 71 120
180 72 840
180 72 120
180 72 120
180 72 120
180 73 1080
180 73 120
180 73 120
180 74 1200
180 74 120
180 75 1200
180 75 120
180 76 1200
180 77 1200
180 78 1200
180 79 120
180 79 120
180 79 120
180 79 120
180 79 120
180 79 120
180 79 120
180 80 720
180 81 720
180 82 720
180 83 120
180 83 120
180 83 120
180 83 120
180 84 360
180 85 360
180 86 360
180 87 120
180 87 120
180 87 120
180 88 240
180 88 120
180 89 240
180 89 120
180 90 240
180 90 120
180 91 240
180 91 120
180 92 240
180 92 120
180 93 240
180 94 240
180 95 240
180 96 120
180 97 120
180 98 120
180 99 120
180 100 120
180 101 120
180 102 120
180 103 120
180 104 120
180 105 120
180 106 120
180 107 120
180 108 120
180 109 120
180 110 120
180 111 120
180 112 120
180 113 120
180 114 120
180 115 120
180 116 120
180 117 120
180 118 120
180 119 120
180 120 120
180 121 120
180 122 120
180 123 120
180 124 120
180 125 120
180 126 120
180 127 120
180 128 120
180 129 120
180 130 120
180 131 120
180 132 120
180 133 120
180 134 120
180 135 120
180 136 120
180 137 120
180 138 120
180 139 120
180 140 120
180 141 120
180 142 120
180 143 120
180 144 120
180 145 120
180 146 120
180 147 120
180 148 120
180 149 120
180 150 120
180 151 120
180 152 120
180 153 120
180 154 120
180 155 120
180 156 120
180 157 120
180 158 120
180 159 120
180 160 120
180 161 120
180 162 120
180 163 120
180 164 120
180 165 120
180 166 120
180 167 120
180 168 120
180 169 120
180 170 120
180 171 120
180 172 120
180 173 120
180 174 120
180 175 120
180 176 120
180 177 120
180 178 120
180 179 120
180 180 120
180 181 120
180 182 120
180 183 120
180 184 120
180 185 120
180 186 120
180 187 120
180 188 120
180 189 120
25 181 120
26 181 120
27 181 120
28 181 120
29 181 120
30 181 120
31 181 120
32 181 120
33 181 120
34 181 120
35 181 120
36 181 120
37 181 120
38 181 120
39 181 120
40 181 120
41 181 120
42 181 120
43 181 120
44 181 120
45 181 120
46 181 120
46 181 120
47 181 120
47 181 120
48 181 120
48 181 120
49 181 120
49 181 120
50 181 120
50 181 120
51 181 120
52 181 120
53 181 120
54 181 120
55 181 120
56 181 120
57 181 120
58 181 120
59 181 120
60 181 120
61 181 120
62 181 120
63 181 120
64 181 120
65 181 120
66 181 120
67 181 120
68 181 120
69 181 120
70 181 120
71 181 120
72 181 120
73 181 120
74 181 120
75 181 120
76 181 120
77 181 120
78 181 120
79 181 120
80 181 120
81 181 120
82 181 120
83 181 120
84 181 120
85 181 120
86 181 120
87 181 120
88 181 120
89 181 120
90 181 120
91 181 120
92 181 120
93 181 120
94 181 120
95 181 120
96 181 120
97 181 120
98 181 120
99 181 120
100 181 120
101 181 120
102 181 120
102 181 120
103 181 120
103 181 120
104 181 120
104 181 120
105 181 120
105 181 120
106 181 120
106 181 120
107 181 120
107 181 120
108 181 120
108 181 120
109 181 120
109 181 120
110 181 120
110 181 120
111 181 120
111 181 120
112 181 120
112 181 120
113 181 120
114 181 120
115 181 120
116 181 120
117 181 120
118 181 120
119 181 120
120 181 120
121 181 120
122 181 120
123 181 120
124 181 120
125 181 120
126 181 120
127 181 120
127 181 120
128 181 120
128 181 120
129 181 120
129 181 120
130 181 120
130 181 120
131 181 120
131 181 120
132 181 120
132 181 120
133 181 120
134 181 120
135 181 120
136 181 120
137 181 120
138 181 120
139 181 120
140 181 120
140 181 120
141 181 120
141 181 120
142 181 120
142 181 120
142 181 120
143 181 240
143 181 120
143 181 120
144 181 360
144 181 120
144 181 120
145 181 480
145 181 120
145 181 120
146 181 600
146 181 120
146 181 120
147 181 720
147 181 120
148 181 720
148 181 120
149 181 720
149 181 120
150 181 720
150 181 120
151 181 720
151 181 120
152 181 720
152 181 120
153 181 720
154 181 720
155 181 720
156 181 120
156 181 120
156 181 120
156 181 120
156 181 120
156 181 120
156 181 120
157 181 720
157 181 120
158 181 720
158 181 120
159 181 720
159 181 120
160 181 720
160 181 120
161 181 720
162 181 720
163 181 720
164 181 120
164 181 120
164 181 120
165 181 240
166 181 240
167 181 240
168 181 120
169 181 120
170 181 120
171 181 120
172 181 120
173 181 120
174 181 120
175 181 120
176 181 120
177 181 120
178 181 120
179 181 120
