166 3 120
165 3 120
164 3 120
163 3 120
162 3 120
161 3 120
160 3 120
159 3 120
158 3 120
157 3 120
156 3 120
155 3 120
154 3 120
153 3 120
152 3 120
151 3 120
150 3 120
149 3 120
148 3 120
147 3 120
146 3 120
145 3 120
144 3 120
143 3 120
142 3 120
141 3 120
140 3 120
139 3 120
138 3 120
138 3 120
137 3 120
137 3 120
136 3 120
136 3 120
135 3 120
135 3 120
134 3 120
134 3 120
133 3 120
133 3 120
132 3 120
132 3 120
131 3 120
131 3 120
130 3 120
130 3 120
129 3 120
128 3 120
127 3 120
126 3 120
125 3 120
124 3 120
123 3 120
122 3 120
121 3 120
120 3 120
119 3 120
118 3 120
117 3 120
116 3 120
115 3 120
114 3 120
113 3 120
112 3 120
111 3 120
110 3 120
109 3 120
108 3 120
107 3 120
106 3 120
105 3 120
104 3 120
103 3 120
102 3 120
101 3 120
100 3 120
99 3 120
98 3 120
97 3 120
96 3 120
95 3 120
94 3 120
94 3 120
93 3 120
93 3 120
92 3 120
92 3 120
92 3 120
91 3 240
91 3 120
91 3 120
90 3 360
90 3 120
90 3 120
89 3 480
89 3 120
89 3 120
89 3 120
88 3 720
88 3 120
88 3 120
87 3 840
87 3 120
87 3 120
86 3 960
86 3 120
86 3 120
85 3 1080
85 3 120
84 3 1080
83 3 1080
82 3 1080
81 3 120
81 3 120
81 3 120
81 3 120
81 3 120
81 3 120
80 3 600
79 3 600
78 3 600
77 3 120
77 3 120
77 3 120
76 3 240
76 3 120
75 3 240
74 3 240
73 3 240
72 3 120
72 3 120
71 3 120
71 3 120
70 3 120
69 3 120
68 3 120
67 3 120
66 3 120
65 3 120
64 3 120
63 3 120
62 3 120
61 3 120
60 3 120
59 3 120
58 3 120
57 3 120
56 3 120
55 3 120
54 3 120
54 4 120
54 5 120
54 6 120
54 7 120
54 8 120
54 9 120
54 10 120
54 11 120
54 12 120
54 13 120
54 14 120
54 15 120
54 16 120
54 17 120
54 18 120
54 19 120
54 20 120
54 21 120
54 22 120
54 23 120
54 24 120
54 25 120
54 26 120
54 27 120
54 28 120
54 29 120
54 30 120
54 31 120
54 32 120
54 33 120
54 34 120
54 35 120
54 36 120
54 37 120
54 38 120
54 39 120
54 40 120
54 41 120
54 42 120
54 43 120
54 44 120
87 24 120
86 24 120
85 24 120
84 24 120
83 24 120
82 24 120
81 24 120
80 24 120
79 24 120
78 24 120
77 24 120
76 24 120
75 24 120
74 24 120
73 24 120
72 24 120
71 24 120
70 24 120
69 24 120
68 24 120
67 24 120
66 24 120
65 24 120
64 24 120
63 24 120
62 24 120
61 24 120
60 24 120
59 24 120
58 24 120
57 24 120
56 24 120
55 24 120
88 24 120
88 25 120
88 26 120
88 27 120
88 28 120
88 29 120
88 30 120
88 31 120
88 32 120
88 33 120
88 34 120
88 35 120
88 36 120
88 37 120
88 38 120
88 39 120
88 40 120
88 41 120
88 42 120
88 43 120
88 44 120
88 45 120
88 46 120
88 47 120
88 48 120
88 49 120
88 50 120
88 51 120
88 52 120
88 53 120
88 54 120
88 55 120
88 56 120
88 57 120
88 58 120
88 59 120
88 59 120
88 60 120
88 60 120
88 61 120
88 62 120
88 63 120
88 64 120
88 65 120
88 66 120
88 67 120
88 68 120
88 69 120
88 70 120
88 71 120
88 72 120
88 73 120
88 74 120
88 75 120
88 76 120
88 77 120
88 78 120
88 79 120
88 80 120
88 81 120
88 82 120
88 83 120
88 84 120
88 85 120
88 86 120
88 87 120
88 88 120
88 89 120
88 90 120
60 116 120
59 116 120
58 116 120
57 116 120
56 116 120
55 116 120
54 116 120
53 116 120
52 116 120
51 116 120
50 116 120
49 116 120
48 116 120
47 116 120
46 116 120
45 116 120
44 116 120
44 116 120
43 116 120
43 116 120
42 116 120
42 116 120
41 116 120
41 116 120
40 116 120
40 116 120
40 116 120
39 116 240
39 116 120
38 116 240
38 116 120
37 116 240
37 116 120
36 116 240
35 116 240
34 116 240
33 116 120
33 116 120
32 116 120
32 116 120
31 116 120
31 116 120
30 116 120
30 116 120
29 116 120
29 116 120
28 116 120
28 116 120
27 116 120
27 116 120
26 116 120
26 116 120
25 116 120
25 116 120
24 116 120
24 116 120
23 116 120
22 116 120
21 116 120
20 116 120
19 116 120
18 116 120
17 116 120
16 116 120
15 116 120
14 116 120
13 116 120
12 116 120
11 116 120
10 116 120
10 115 120
10 114 120
89 90 120
90 90 120
91 90 120
92 90 120
93 90 120
94 90 120
95 90 120
96 90 120
96 90 120
97 90 120
97 90 120
98 90 120
98 90 120
99 90 120
99 90 120
99 91 120
99 91 120
99 92 120
99 92 120
99 93 120
99 93 120
99 93 120
99 94 240
99 94 120
99 95 240
99 95 120
99 95 120
99 96 360
99 96 120
99 96 120
99 97 480
99 97 120
99 97 120
99 98 600
99 98 120
99 98 120
99 99 720
99 99 120
99 99 120
99 100 840
99 100 120
99 101 840
99 101 120
99 102 840
99 102 120
99 103 840
99 104 840
99 105 840
99 106 120
99 106 120
99 106 120
99 106 120
99 106 120
99 107 480
99 108 480
99 109 480
99 110 120
99 110 120
99 110 120
99 111 240
99 112 240
99 113 240
99 114 120
99 114 120
99 115 120
99 116 120
99 117 120
99 118 120
99 119 120
99 120 120
99 121 120
99 122 120
99 123 120
99 124 120
99 125 120
99 126 120
99 127 120
99 128 120
99 129 120
99 130 120
99 131 120
99 132 120
99 133 120
99 134 120
99 135 120
99 136 120
99 137 120
99 138 120
99 139 120
99 140 120
99 141 120
99 142 120
99 143 120
99 143 120
99 144 120
99 144 120
99 145 120
99 145 120
99 145 120
99 146 240
99 146 120
99 146 120
99 147 360
99 147 120
99 147 120
99 147 120
99 148 600
99 148 120
99 148 120
99 148 120
99 149 840
99 149 120
99 149 120
99 150 960
99 150 120
99 150 120
99 150 120
99 151 1200
99 151 120
99 151 120
99 152 1320
99 152 120
99 152 120
99 152 120
99 153 1560
99 153 120
99 153 120
99 154 1680
99 154 120
99 154 120
99 154 120
99 155 1920
99 155 120
99 155 120
99 156 2040
99 156 120
99 156 120
99 156 120
99 157 2280
99 157 120
99 158 2280
99 159 2280
99 160 2280
99 161 120
99 161 120
99 161 120
99 161 120
99 161 120
99 161 120
99 161 120
99 161 120
99 161 120
99 161 120
99 161 120
99 161 120
99 161 120
99 161 120
99 161 120
99 161 120
99 161 120
99 162 1920
99 163 1920
99 164 1920
99 165 120
99 165 120
99 165 120
99 165 120
99 165 120
99 165 120
99 165 120
99 166 720
99 167 720
99 168 720
99 169 120
99 169 120
99 169 120
99 170 240
99 171 240
99 172 240
99 173 120
99 173 120
99 174 120
99 175 120
99 176 120
99 177 120
99 178 120
99 179 120
99 180 120
99 181 120
99 182 120
99 183 120
99 184 120
99 185 120
99 186 120
99 187 120
99 188 120
99 189 120
99 190 120
99 191 120
100 191 120
101 191 120
102 191 120
103 191 120
104 191 120
105 191 120
106 191 120
107 191 120
108 191 120
109 191 120
110 191 120
111 191 120
112 191 120
113 191 120
114 191 120
115 191 120
116 191 120
117 191 120
118 191 120
119 191 120
120 191 120
121 191 120
122 191 120
123 191 120
124 191 120
125 191 120
126 191 120
127 191 120
128 191 120
129 191 120
130 191 120
131 191 120
132 191 120
133 191 120
134 191 120
135 191 120
136 191 120
137 191 120
138 191 120
139 191 120
140 191 120
141 191 120
142 191 120
143 191 120
144 191 120
145 191 120
146 191 120
146 191 120
147 191 120
147 191 120
148 191 120
148 191 120
148 191 120
149 191 240
149 191 120
150 191 240
150 191 120
151 191 240
151 191 120
151 191 120
152 191 360
152 191 120
152 191 120
153 191 480
153 191 120
153 191 120
154 191 600
154 191 120
154 191 120
154 191 120
155 191 840
155 191 120
155 191 120
155 191 120
156 191 1080
156 191 120
156 191 120
156 191 120
157 191 1320
157 191 120
157 191 120
157 191 120
158 191 1560
158 191 120
158 191 120
158 191 120
159 191 1800
159 191 120
159 191 120
159 191 120
160 191 2040
160 191 120
160 191 120
161 191 2160
161 191 120
162 191 2160
162 191 120
163 191 2160
163 191 120
164 191 2160
164 191 120
165 191 2160
166 191 2160
167 191 2160
167 191 120
168 191 2160
168 191 120
169 191 2160
169 191 120
169 191 120
170 191 2280
170 191 120
170 191 120
171 191 2400
171 191 120
172 191 2400
172 191 120
172 191 120
173 191 2520
174 191 2520
175 191 2520
176 191 120
176 191 120
176 191 120
176 191 120
176 191 120
176 191 120
176 191 120
176 191 120
176 191 120
176 191 120
176 191 120
176 191 120
176 191 120
176 191 120
176 191 120
176 191 120
177 191 1800
178 191 1800
179 191 1800
180 191 120
180 191 120
180 191 120
180 191 120
180 191 120
180 191 120
180 191 120
180 191 120
181 191 840
182 191 840
183 191 840
184 191 120
184 191 120
184 191 120
185 191 240
185 191 120
186 191 240
186 191 120
187 191 240
188 191 240
189 191 240
190 191 120
190 191 120
191 191 120
191 191 120
192 191 120
192 190 120
192 189 120
192 188 120
192 187 120
192 186 120
192 185 120
192 184 120
192 183 120
192 182 120
192 181 120
192 180 120
192 179 120
192 178 120
192 177 120
192 176 120
192 175 120
192 174 120
192 173 120
192 172 120
192 171 120
192 170 120
192 169 120
192 168 120
192 167 120
192 166 120
192 165 120
