84 89 120
85 89 120
86 89 120
87 89 120
88 89 120
89 89 120
90 89 120
91 89 120
92 89 120
93 89 120
94 89 120
95 89 120
96 89 120
97 89 120
98 89 120
99 89 120
100 89 120
101 89 120
102 89 120
103 89 120
104 89 120
105 89 120
106 89 120
107 89 120
108 89 120
109 89 120
110 89 120
111 89 120
112 89 120
113 89 120
114 89 120
115 89 120
116 89 120
117 89 120
118 89 120
119 89 120
120 89 120
121 89 120
122 89 120
123 89 120
124 89 120
125 89 120
126 89 120
127 89 120
128 89 120
129 89 120
130 89 120
131 89 120
132 89 120
133 89 120
133 89 120
134 89 120
134 89 120
134 89 120
135 89 240
135 89 120
135 89 120
136 89 360
136 89 120
136 89 120
137 89 480
137 89 120
137 89 120
138 89 600
138 89 120
139 89 600
139 89 120
139 89 120
140 89 720
140 89 120
140 89 120
141 89 840
141 89 120
141 89 120
142 89 960
142 89 120
142 89 120
143 89 1080
143 89 120
144 89 1080
144 89 120
144 89 120
145 89 1200
146 89 1200
147 89 1200
148 89 120
148 89 120
148 89 120
148 89 120
148 89 120
148 89 120
149 89 600
150 89 600
150 90 600
150 91 120
150 91 120
150 91 120
150 91 120
150 91 120
150 92 480
150 92 120
150 92 120
150 93 600
150 93 120
150 93 120
150 94 720
150 94 120
150 94 120
150 95 840
150 95 120
150 95 120
150 96 960
150 96 120
150 96 120
150 96 120
150 97 1200
150 97 120
150 97 120
150 97 120
150 98 1440
150 98 120
150 98 120
150 98 120
150 99 1680
150 99 120
150 99 120
150 100 1800
150 100 120
150 100 120
150 101 1920
150 102 1920
150 103 1920
150 104 120
150 104 120
150 104 120
150 104 120
150 104 120
150 104 120
150 104 120
150 104 120
150 105 840
150 106 840
150 107 840
150 108 120
150 109 120
150 110 120
150 111 120
150 112 120
150 113 120
150 114 120
150 115 120
98 90 120
98 91 120
98 92 120
98 93 120
98 94 120
98 95 120
98 96 120
98 96 120
98 97 120
98 97 120
98 98 120
98 98 120
98 98 120
98 99 240
98 99 120
98 100 240
98 100 120
98 101 240
98 102 240
98 103 240
98 104 120
98 105 120
98 106 120
98 107 120
98 108 120
98 109 120
98 110 120
98 111 120
98 112 120
98 113 120
98 114 120
98 115 120
98 116 120
98 117 120
98 118 120
98 119 120
98 120 120
98 121 120
98 122 120
98 123 120
98 124 120
98 125 120
98 126 120
98 127 120
98 128 120
98 128 120
98 129 120
98 129 120
98 130 120
98 130 120
98 131 120
98 131 120
98 132 120
98 132 120
98 133 120
98 134 120
98 135 120
98 136 120
98 137 120
98 138 120
98 139 120
98 140 120
98 141 120
98 142 120
98 143 120
98 144 120
98 145 120
98 146 120
98 147 120
98 148 120
98 149 120
40 196 120
39 196 120
38 196 120
37 196 120
36 196 120
35 196 120
34 196 120
33 196 120
32 196 120
31 196 120
30 196 120
30 195 120
30 194 120
30 193 120
30 192 120
30 192 120
30 191 120
30 191 120
30 191 120
30 191 120
30 191 120
30 190 480
30 190 120
30 190 120
30 190 120
30 190 120
30 190 120
30 189 960
30 189 120
30 189 120
30 189 120
30 189 120
30 189 120
30 189 120
30 188 1560
30 188 120
30 188 120
30 188 120
30 188 120
30 188 120
30 188 120
30 187 2160
30 187 120
30 187 120
30 187 120
30 187 120
30 186 2520
30 186 120
30 186 120
30 186 120
30 185 2760
30 185 120
30 185 120
30 184 2880
30 183 2880
30 182 2880
30 181 120
30 181 120
30 181 120
30 181 120
30 181 120
30 181 120
30 181 120
30 181 120
30 181 120
30 181 120
30 181 120
30 181 120
30 181 120
30 181 120
30 181 120
30 181 120
30 181 120
30 181 120
30 180 2040
30 179 2040
30 178 2040
30 177 120
30 177 120
30 177 120
30 177 120
30 177 120
30 177 120
30 177 120
30 177 120
30 177 120
30 177 120
30 177 120
30 177 120
30 177 120
30 177 120
30 176 1560
30 176 120
30 175 1560
30 175 120
30 174 1560
30 173 1560
30 172 1560
30 171 120
30 171 120
30 171 120
30 171 120
30 171 120
30 171 120
30 171 120
30 171 120
30 170 840
30 169 840
30 168 840
30 167 120
30 167 120
30 167 120
30 167 120
30 166 360
30 165 360
30 164 360
30 163 120
30 163 120
30 162 120
30 162 120
30 161 120
30 161 120
30 160 120
30 160 120
30 160 120
30 159 240
30 159 120
30 158 240
30 158 120
30 157 240
30 157 120
30 156 240
30 155 240
30 154 240
30 153 120
30 152 120
30 151 120
30 150 120
30 149 120
30 148 120
30 147 120
30 146 120
30 145 120
30 144 120
30 143 120
30 142 120
30 141 120
30 140 120
30 139 120
169 196 120
168 196 120
167 196 120
166 196 120
165 196 120
164 196 120
163 196 120
162 196 120
161 196 120
160 196 120
159 196 120
158 196 120
157 196 120
156 196 120
155 196 120
154 196 120
153 196 120
152 196 120
151 196 120
150 196 120
150 195 120
150 194 120
150 193 120
150 192 120
150 191 120
150 190 120
150 189 120
150 188 120
150 187 120
150 186 120
150 185 120
150 184 120
150 183 120
150 182 120
150 181 120
150 180 120
150 179 120
150 178 120
150 177 120
150 176 120
150 175 120
150 174 120
150 173 120
150 173 120
150 172 120
150 172 120
150 171 120
150 171 120
150 170 120
150 170 120
150 170 120
150 169 240
150 169 120
150 168 240
150 168 120
150 168 120
150 167 360
150 167 120
150 166 360
150 166 120
150 165 360
150 165 120
150 164 360
150 164 120
150 163 360
150 163 120
150 162 360
150 162 120
150 161 360
150 161 120
150 161 120
150 160 480
150 160 120
150 159 480
150 158 480
150 157 480
150 156 120
150 156 120
150 155 120
150 155 120
150 154 120
150 153 120
150 152 120
150 151 120
150 150 120
150 149 120
150 148 120
150 147 120
150 146 120
150 145 120
150 144 120
150 143 120
150 142 120
150 141 120
150 140 120
150 139 120
150 138 120
150 137 120
150 136 120
150 135 120
150 134 120
150 133 120
150 132 120
150 131 120
150 130 120
150 129 120
150 128 120
150 127 120
150 126 120
150 125 120
150 124 120
150 123 120
150 122 120
150 121 120
150 120 120
150 119 120
150 118 120
150 117 120
150 116 120
24 21 120
25 21 120
26 21 120
27 21 120
28 21 120
29 21 120
30 21 120
30 22 120
30 23 120
30 24 120
30 25 120
30 26 120
30 27 120
30 28 120
30 29 120
30 30 120
30 31 120
30 32 120
30 33 120
30 34 120
30 35 120
30 36 120
30 37 120
30 38 120
30 39 120
30 40 120
30 41 120
30 42 120
30 43 120
30 44 120
30 45 120
30 46 120
30 47 120
30 48 120
30 49 120
30 50 120
30 51 120
30 52 120
30 53 120
30 54 120
30 55 120
30 56 120
30 56 120
30 57 120
30 57 120
30 57 120
30 58 240
30 58 120
30 59 240
30 59 120
30 59 120
30 60 360
30 60 120
30 60 120
30 60 120
30 61 600
30 61 120
30 61 120
30 61 120
30 62 840
30 62 120
30 62 120
30 62 120
30 62 120
30 63 1200
30 63 120
30 63 120
30 63 120
30 63 120
30 63 120
30 64 1680
30 64 120
30 64 120
30 64 120
30 64 120
30 64 120
30 65 2160
30 65 120
30 65 120
30 65 120
30 65 120
30 65 120
30 66 2640
30 66 120
30 66 120
30 66 120
30 66 120
30 67 3000
30 67 120
30 67 120
30 67 120
30 67 120
30 68 3360
30 68 120
30 69 3360
30 69 120
30 70 3360
30 71 3360
30 72 3360
30 73 120
30 73 120
30 73 120
30 73 120
30 73 120
30 73 120
30 73 120
30 73 120
30 73 120
30 73 120
30 73 120
30 73 120
30 73 120
30 73 120
30 73 120
30 74 1680
30 75 1680
30 76 1680
30 77 120
30 77 120
30 77 120
30 77 120
30 78 360
30 79 360
30 80 360
30 81 120
30 82 120
30 83 120
30 84 120
30 85 120
30 86 120
30 87 120
30 88 120
30 89 120
30 90 120
30 91 120
30 92 120
30 93 120
30 94 120
30 95 120
30 96 120
30 97 120
30 98 120
30 99 120
30 100 120
30 101 120
30 102 120
30 102 120
30 103 120
30 103 120
30 103 120
30 104 240
30 104 120
30 105 240
30 105 120
30 105 120
30 106 360
30 106 120
30 106 120
30 107 480
30 107 120
30 107 120
30 108 600
30 108 120
30 108 120
30 109 720
30 109 120
30 110 720
30 110 120
30 110 120
30 110 120
30 111 960
30 111 120
30 111 120
30 112 1080
30 112 120
30 112 120
30 113 1200
30 113 120
30 113 120
30 114 1320
30 114 120
30 115 1320
30 116 1320
30 117 1320
30 118 120
30 118 120
30 118 120
30 118 120
30 118 120
30 119 480
30 120 480
30 121 480
30 122 120
30 122 120
30 123 120
30 123 120
30 124 120
30 125 120
30 126 120
30 127 120
30 128 120
30 129 120
30 130 120
30 131 120
30 132 120
30 133 120
30 134 120
30 135 120
30 136 120
30 137 120
30 138 120
