47 20 25
48 20 25
49 20 25
50 20 25
51 20 25
52 20 25
53 20 25
54 20 25
55 20 25
56 20 25
57 20 25
58 20 25
59 20 25
60 20 25
61 20 25
62 20 25
63 20 25
64 20 25
65 20 25
66 20 25
67 20 25
68 20 25
68 20 25
69 20 25
69 20 25
70 20 25
70 20 25
71 20 25
71 20 25
71 20 25
72 20 25
72 20 25
72 20 25
72 20 25
73 20 25
73 20 25
73 20 25
73 20 25
73 20 25
74 20 25
74 20 25
74 20 25
74 20 25
74 20 25
74 20 25
75 20 25
75 20 25
75 20 25
75 20 25
75 20 25
75 20 25
75 20 25
76 20 25
76 20 25
76 20 25
76 20 25
76 20 25
76 20 25
76 20 25
76 20 25
77 20 25
77 20 25
77 20 25
77 20 25
77 20 25
77 20 25
77 20 25
77 20 25
77 20 25
77 20 25
78 20 25
78 20 25
78 20 25
78 20 25
78 20 25
78 20 25
78 20 25
78 20 25
78 20 25
78 20 25
78 20 25
78 20 25
79 20 25
79 20 25
79 20 25
79 20 25
79 20 25
79 20 25
79 20 25
79 20 25
79 20 25
79 20 25
79 20 25
79 20 25
79 20 25
79 20 25
79 20 25
80 20 25
80 20 25
80 20 25
80 20 25
80 20 25
80 20 25
80 20 25
80 20 25
80 20 25
80 20 25
80 20 25
80 20 25
80 20 25
80 20 25
80 20 25
80 20 25
80 20 25
80 20 25
80 20 25
81 20 25
81 20 25
81 20 25
81 20 25
81 20 25
81 20 25
81 20 25
81 20 25
81 20 25
81 20 25
81 20 25
81 20 25
81 20 25
81 20 25
81 20 25
81 20 25
81 20 25
81 20 25
81 20 25
81 20 25
81 20 25
81 20 25
81 20 25
81 20 25
82 20 25
82 20 25
82 20 25
82 20 25
82 20 25
82 20 25
82 20 25
82 20 25
82 20 25
82 20 25
82 20 25
82 20 25
82 20 25
82 20 25
82 20 25
82 20 25
82 20 25
82 20 25
82 20 25
82 20 25
82 20 25
82 20 25
82 20 25
82 20 25
82 20 25
82 20 25
82 20 25
82 20 25
82 20 25
82 20 25
82 20 25
83 20 25
83 20 25
83 20 25
83 20 25
83 20 25
83 20 25
83 20 25
83 20 25
83 20 25
83 20 25
83 20 25
83 20 25
83 20 25
83 20 25
83 20 25
83 20 25
83 20 25
83 20 25
83 20 25
83 20 25
83 20 25
83 20 25
83 20 25
83 20 25
83 20 25
83 20 25
83 20 25
83 20 25
83 20 25
83 20 25
83 20 25
83 20 25
83 20 25
83 20 25
83 20 25
83 20 25
83 20 25
83 20 25
84 20 25
84 20 25
84 20 25
84 20 25
84 20 25
84 20 25
84 20 25
84 20 25
84 20 25
84 20 25
84 20 25
84 20 25
84 20 25
84 20 25
84 20 25
84 20 25
84 20 25
84 20 25
84 20 25
84 20 25
84 20 25
84 20 25
84 20 25
84 20 25
84 20 25
84 20 25
84 20 25
84 20 25
84 20 25
84 20 25
84 20 25
84 20 25
84 20 25
84 20 25
84 20 25
84 20 25
84 20 25
84 20 25
84 20 25
84 20 25
84 20 25
84 20 25
84 20 25
84 20 25
84 20 25
85 20 25
85 20 25
85 20 25
85 20 25
85 20 25
85 20 25
85 20 25
85 20 25
85 20 25
85 20 25
85 20 25
85 20 25
85 20 25
85 20 25
85 20 25
85 20 25
85 20 25
85 20 25
85 20 25
85 20 25
85 20 25
85 20 25
85 20 25
85 20 25
85 20 25
85 20 25
85 20 25
85 20 25
85 20 25
85 20 25
85 20 25
85 20 25
85 20 25
85 20 25
85 20 25
85 20 25
85 20 25
85 20 25
85 20 25
85 20 25
85 20 25
85 20 25
85 20 25
85 20 25
85 20 25
85 20 25
85 20 25
85 20 25
85 20 25
85 20 25
85 20 25
85 20 25
85 20 25
85 20 25
86 20 25
86 20 25
86 20 25
86 20 25
86 20 25
86 20 25
86 20 25
86 20 25
86 20 25
86 20 25
86 20 25
86 20 25
86 20 25
86 20 25
86 20 25
86 20 25
86 20 25
86 20 25
86 20 25
86 20 25
86 20 25
86 20 25
86 20 25
86 20 25
86 20 25
86 20 25
86 20 25
86 20 25
86 20 25
86 20 25
86 20 25
86 20 25
86 20 25
86 20 25
86 20 25
86 20 25
86 20 25
86 20 25
86 20 25
86 20 25
86 20 25
86 20 25
86 20 25
86 20 25
86 20 25
86 20 25
86 20 25
86 20 25
86 20 25
86 20 25
86 20 25
86 20 25
86 20 25
86 20 25
86 20 25
86 20 25
86 20 25
86 20 25
86 20 25
86 20 25
86 20 25
86 20 25
86 20 25
86 20 25
87 20 25
87 20 25
87 20 25
87 20 25
87 20 25
87 20 25
87 20 25
87 20 25
87 20 25
87 20 25
87 20 25
87 20 25
87 20 25
87 20 25
87 20 25
87 20 25
87 20 25
87 20 25
87 20 25
87 20 25
87 20 25
87 20 25
87 20 25
87 20 25
87 20 25
87 20 25
87 20 25
87 20 25
87 20 25
87 20 25
87 20 25
87 20 25
87 20 25
87 20 25
87 20 25
87 20 25
87 20 25
87 20 25
87 20 25
87 20 25
87 20 25
87 20 25
87 20 25
87 20 25
87 20 25
87 20 25
87 20 25
87 20 25
87 20 25
87 20 25
87 20 25
87 20 25
87 20 25
87 20 25
87 20 25
87 20 25
87 20 25
87 20 25
87 20 25
87 20 25
87 20 25
87 20 25
87 20 25
87 20 25
87 20 25
87 20 25
87 20 25
87 20 25
87 20 25
87 20 25
87 20 25
87 20 25
87 20 25
87 20 25
87 20 25
88 20 25
88 20 25
88 20 25
88 20 25
88 20 25
88 20 25
88 20 25
88 20 25
88 20 25
88 20 25
88 20 25
88 20 25
88 20 25
88 20 25
88 20 25
88 20 25
88 20 25
88 20 25
88 20 25
88 20 25
88 20 25
88 20 25
88 20 25
88 20 25
88 20 25
88 20 25
88 20 25
88 20 25
88 20 25
88 20 25
88 20 25
88 20 25
88 20 25
88 20 25
88 20 25
88 20 25
88 20 25
88 20 25
88 20 25
88 20 25
88 20 25
88 20 25
88 20 25
88 20 25
88 20 25
88 20 25
88 20 25
88 20 25
88 20 25
88 20 25
88 20 25
88 20 25
88 20 25
88 20 25
88 20 25
88 20 25
88 20 25
88 20 25
88 20 25
88 20 25
88 20 25
88 20 25
88 20 25
88 20 25
88 20 25
88 20 25
88 20 25
88 20 25
88 20 25
88 20 25
88 20 25
88 20 25
88 20 25
88 20 25
88 20 25
88 20 25
88 20 25
88 20 25
88 20 25
88 20 25
88 20 25
88 20 25
88 20 25
88 20 25
88 20 25
88 20 25
88 20 25
89 20 25
89 20 25
89 20 25
89 20 25
89 20 25
89 20 25
89 20 25
89 20 25
89 20 25
89 20 25
89 20 25
89 20 25
89 20 25
89 20 25
89 20 25
89 20 25
89 20 25
89 20 25
89 20 25
89 20 25
89 20 25
89 20 25
89 20 25
89 20 25
89 20 25
89 20 25
89 20 25
89 20 25
89 20 25
89 20 25
89 20 25
89 20 25
89 20 25
89 20 25
89 20 25
89 20 25
89 20 25
89 20 25
89 20 25
89 20 25
89 20 25
89 20 25
89 20 25
89 20 25
89 20 25
89 20 25
89 20 25
89 20 25
89 20 25
89 20 25
89 20 25
89 20 25
89 20 25
89 20 25
89 20 25
89 20 25
89 20 25
89 20 25
89 20 25
89 20 25
89 20 25
89 20 25
89 20 25
89 20 25
89 20 25
89 20 25
89 20 25
89 20 25
89 20 25
89 20 25
89 20 25
89 20 25
89 20 25
89 20 25
89 20 25
89 20 25
89 20 25
89 20 25
89 20 25
89 20 25
89 20 25
89 20 25
89 20 25
89 20 25
89 20 25
89 20 25
89 20 25
89 20 25
89 20 25
89 20 25
89 20 25
89 20 25
89 20 25
89 20 25
89 20 25
89 20 25
89 20 25
89 20 25
89 20 25
90 20 25
90 20 25
90 20 25
90 20 25
90 20 25
90 20 25
90 20 25
90 20 25
90 20 25
90 20 25
90 20 25
90 20 25
90 20 25
90 20 25
90 20 25
90 20 25
90 20 25
90 20 25
90 20 25
90 20 25
90 20 25
90 20 25
90 20 25
90 20 25
90 20 25
90 20 25
90 20 25
90 20 25
90 20 25
90 20 25
90 20 25
90 20 25
90 20 25
90 20 25
90 20 25
90 20 25
90 20 25
90 20 25
90 20 25
90 20 25
90 20 25
90 20 25
90 20 25
90 20 25
90 20 25
90 20 25
90 20 25
90 20 25
90 20 25
90 20 25
90 20 25
90 20 25
90 20 25
90 20 25
90 20 25
90 20 25
90 20 25
90 20 25
90 20 25
90 20 25
90 20 25
90 20 25
90 20 25
90 20 25
90 20 25
90 20 25
90 20 25
90 20 25
90 20 25
90 20 25
90 20 25
90 20 25
90 20 25
90 20 25
90 20 25
90 20 25
90 20 25
90 20 25
90 20 25
90 20 25
90 20 25
90 20 25
90 20 25
90 20 25
90 20 25
90 20 25
90 20 25
90 20 25
90 20 25
90 20 25
90 20 25
90 20 25
90 20 25
90 20 25
90 20 25
90 20 25
90 20 25
90 20 25
90 20 25
90 20 25
90 20 25
90 20 25
90 20 25
90 20 25
90 20 25
90 20 25
90 20 25
90 20 25
90 20 25
90 20 25
90 20 25
91 20 25
91 20 25
91 20 25
91 20 25
91 20 25
91 20 25
91 20 25
91 20 25
91 20 25
91 20 25
91 20 25
91 20 25
91 20 25
91 20 25
91 20 25
91 20 25
91 20 25
91 20 25
91 20 25
91 20 25
91 20 25
91 20 25
91 20 25
91 20 25
91 20 25
91 20 25
91 20 25
91 20 25
91 20 25
91 20 25
91 20 25
91 20 25
91 20 25
91 20 25
91 20 25
91 20 25
91 20 25
91 20 25
91 20 25
91 20 25
91 20 25
91 20 25
91 20 25
91 20 25
91 20 25
91 20 25
91 20 25
91 20 25
91 20 25
91 20 25
91 20 25
91 20 25
91 20 25
91 20 25
91 20 25
91 20 25
91 20 25
91 20 25
91 20 25
91 20 25
91 20 25
91 20 25
91 20 25
91 20 25
91 20 25
91 20 25
91 20 25
91 20 25
91 20 25
91 20 25
91 20 25
91 20 25
91 20 25
91 20 25
91 20 25
91 20 25
91 20 25
91 20 25
91 20 25
91 20 25
91 20 25
91 20 25
91 20 25
91 20 25
91 20 25
91 20 25
91 20 25
91 20 25
91 20 25
91 20 25
91 20 25
91 20 25
91 20 25
91 20 25
91 20 25
91 20 25
91 20 25
91 20 25
91 20 25
91 20 25
91 20 25
91 20 25
91 20 25
91 20 25
91 20 25
91 20 25
91 20 25
91 20 25
91 20 25
91 20 25
91 20 25
91 20 25
91 20 25
91 20 25
91 20 25
91 20 25
91 20 25
91 20 25
91 20 25
91 20 25
92 20 25
92 20 25
92 20 25
92 20 25
92 20 25
92 20 25
92 20 25
92 20 25
92 20 25
92 20 25
92 20 25
92 20 25
92 20 25
92 20 25
92 20 25
92 20 25
92 20 25
92 20 25
92 20 25
92 20 25
92 20 25
92 20 25
92 20 25
92 20 25
92 20 25
92 20 25
92 20 25
92 20 25
92 20 25
92 20 25
92 20 25
92 20 25
92 20 25
92 20 25
92 20 25
92 20 25
92 20 25
92 20 25
92 20 25
92 20 25
92 20 25
92 20 25
92 20 25
92 20 25
92 20 25
92 20 25
92 20 25
92 20 25
92 20 25
92 20 25
92 20 25
92 20 25
92 20 25
92 20 25
92 20 25
92 20 25
92 20 25
92 20 25
92 20 25
92 20 25
92 20 25
92 20 25
92 20 25
92 20 25
92 20 25
92 20 25
92 20 25
92 20 25
92 20 25
92 20 25
92 20 25
92 20 25
92 20 25
92 20 25
92 20 25
92 20 25
92 20 25
92 20 25
92 20 25
92 20 25
92 20 25
92 20 25
92 20 25
92 20 25
92 20 25
92 20 25
92 20 25
92 20 25
92 20 25
92 20 25
92 20 25
92 20 25
92 20 25
92 20 25
92 20 25
92 20 25
92 20 25
92 20 25
92 20 25
92 20 25
92 20 25
92 20 25
92 20 25
92 20 25
92 20 25
92 20 25
92 20 25
92 20 25
92 20 25
92 20 25
92 20 25
92 20 25
92 20 25
92 20 25
92 20 25
92 20 25
92 20 25
92 20 25
92 20 25
92 20 25
92 20 25
92 20 25
92 20 25
92 20 25
92 20 25
92 20 25
92 20 25
92 20 25
93 20 25
93 20 25
93 20 25
93 20 25
93 20 25
93 20 25
93 20 25
93 20 25
93 20 25
93 20 25
93 20 25
93 20 25
93 20 25
93 20 25
93 20 25
93 20 25
93 20 25
93 20 25
93 20 25
93 20 25
93 20 25
93 20 25
93 20 25
93 20 25
93 20 25
93 20 25
93 20 25
93 20 25
93 20 25
93 20 25
93 20 25
93 20 25
93 20 25
93 20 25
93 20 25
93 20 25
93 20 25
93 20 25
93 20 25
93 20 25
93 20 25
93 20 25
93 20 25
93 20 25
93 20 25
93 20 25
93 20 25
93 20 25
93 20 25
93 20 25
93 20 25
93 20 25
93 20 25
93 20 25
93 20 25
93 20 25
93 20 25
93 20 25
93 20 25
93 20 25
93 20 25
93 20 25
93 20 25
93 20 25
93 20 25
93 20 25
93 20 25
93 20 25
93 20 25
93 20 25
93 20 25
93 20 25
93 20 25
93 20 25
93 20 25
93 20 25
93 20 25
93 20 25
93 20 25
93 20 25
93 20 25
93 20 25
93 20 25
93 20 25
93 20 25
93 20 25
93 20 25
93 20 25
93 20 25
93 20 25
93 20 25
93 20 25
93 20 25
93 20 25
93 20 25
93 20 25
93 20 25
93 20 25
93 20 25
93 20 25
93 20 25
93 20 25
93 20 25
93 20 25
93 20 25
93 20 25
93 20 25
93 20 25
93 20 25
93 20 25
93 20 25
93 20 25
93 20 25
93 20 25
93 20 25
93 20 25
93 20 25
93 20 25
93 20 25
93 20 25
93 20 25
93 20 25
93 20 25
93 20 25
93 20 25
93 20 25
93 20 25
93 20 25
93 20 25
93 20 25
93 20 25
93 20 25
94 20 25
94 20 25
94 20 25
94 20 25
94 20 25
94 20 25
94 20 25
94 20 25
94 20 25
94 20 25
94 20 25
94 20 25
94 20 25
94 20 25
94 20 25
94 20 25
94 20 25
94 20 25
94 20 25
94 20 25
94 20 25
94 20 25
94 20 25
94 20 25
94 20 25
94 20 25
94 20 25
94 20 25
94 20 25
94 20 25
94 20 25
94 20 25
94 20 25
94 20 25
94 20 25
94 20 25
94 20 25
94 20 25
94 20 25
94 20 25
94 20 25
94 20 25
94 20 25
94 20 25
94 20 25
94 20 25
94 20 25
94 20 25
94 20 25
94 20 25
94 20 25
94 20 25
94 20 25
94 20 25
94 20 25
94 20 25
94 20 25
94 20 25
94 20 25
94 20 25
94 20 25
94 20 25
94 20 25
94 20 25
94 20 25
94 20 25
94 20 25
94 20 25
94 20 25
94 20 25
94 20 25
94 20 25
94 20 25
94 20 25
94 20 25
94 20 25
94 20 25
94 20 25
94 20 25
94 20 25
94 20 25
94 20 25
94 20 25
94 20 25
94 20 25
94 20 25
94 20 25
94 20 25
94 20 25
94 20 25
94 20 25
94 20 25
94 20 25
94 20 25
94 20 25
94 20 25
94 20 25
94 20 25
94 20 25
94 20 25
94 20 25
94 20 25
94 20 25
94 20 25
94 20 25
94 20 25
94 20 25
94 20 25
94 20 25
94 20 25
94 20 25
94 20 25
94 20 25
94 20 25
94 20 25
94 20 25
94 20 25
94 20 25
94 20 25
94 20 25
94 20 25
94 20 25
94 20 25
94 20 25
94 20 25
94 20 25
94 20 25
94 20 25
94 20 25
94 20 25
94 20 25
94 20 25
94 20 25
95 20 25
95 20 25
95 20 25
95 20 25
95 20 25
95 20 25
95 20 25
95 20 25
95 20 25
95 20 25
95 20 25
95 20 25
95 20 25
95 20 25
95 20 25
95 20 25
95 20 25
95 20 25
95 20 25
95 20 25
95 20 25
95 20 25
95 20 25
95 20 25
95 20 25
95 20 25
95 20 25
95 20 25
95 20 25
95 20 25
95 20 25
95 20 25
95 20 25
95 20 25
95 20 25
95 20 25
95 20 25
95 20 25
95 20 25
95 20 25
95 20 25
95 20 25
95 20 25
95 20 25
95 20 25
95 20 25
95 20 25
95 20 25
95 20 25
95 20 25
95 20 25
95 20 25
95 20 25
95 20 25
95 20 25
95 20 25
95 20 25
95 20 25
95 20 25
95 20 25
95 20 25
95 20 25
95 20 25
95 20 25
95 20 25
95 20 25
95 20 25
95 20 25
95 20 25
95 20 25
95 20 25
95 20 25
95 20 25
95 20 25
95 20 25
95 20 25
95 20 25
95 20 25
95 20 25
95 20 25
95 20 25
95 20 25
95 20 25
95 20 25
95 20 25
95 20 25
95 20 25
95 20 25
95 20 25
95 20 25
95 20 25
95 20 25
95 20 25
95 20 25
95 20 25
95 20 25
95 20 25
95 20 25
95 20 25
95 20 25
95 20 25
95 20 25
95 20 25
95 20 25
95 20 25
95 20 25
95 20 25
95 20 25
95 20 25
95 20 25
95 20 25
95 20 25
95 20 25
95 20 25
95 20 25
95 20 25
95 20 25
95 20 25
95 20 25
95 20 25
95 20 25
95 20 25
95 20 25
95 20 25
95 20 25
95 20 25
95 20 25
95 20 25
95 20 25
95 20 25
95 20 25
96 20 25
96 20 25
96 20 25
96 20 25
96 20 25
96 20 25
96 20 25
96 20 25
96 20 25
96 20 25
96 20 25
96 20 25
96 20 25
96 20 25
96 20 25
96 20 25
96 20 25
96 20 25
96 20 25
96 20 25
96 20 25
96 20 25
96 20 25
96 20 25
96 20 25
96 20 25
96 20 25
96 20 25
96 20 25
96 20 25
96 20 25
96 20 25
96 20 25
96 20 25
96 20 25
96 20 25
96 20 25
96 20 25
96 20 25
96 20 25
96 20 25
96 20 25
96 20 25
96 20 25
96 20 25
96 20 25
96 20 25
96 20 25
96 20 25
96 20 25
96 20 25
96 20 25
96 20 25
96 20 25
96 20 25
96 20 25
96 20 25
96 20 25
96 20 25
96 20 25
96 20 25
96 20 25
96 20 25
96 20 25
96 20 25
96 20 25
96 20 25
96 20 25
96 20 25
96 20 25
96 20 25
96 20 25
96 20 25
96 20 25
96 20 25
96 20 25
96 20 25
96 20 25
96 20 25
96 20 25
96 20 25
96 20 25
96 20 25
96 20 25
96 20 25
96 20 25
96 20 25
96 20 25
96 20 25
96 20 25
96 20 25
96 20 25
96 20 25
96 20 25
96 20 25
96 20 25
96 20 25
96 20 25
96 20 25
96 20 25
96 20 25
96 20 25
96 20 25
96 20 25
96 20 25
96 20 25
96 20 25
96 20 25
96 20 25
96 20 25
96 20 25
96 20 25
96 20 25
96 20 25
96 20 25
96 20 25
96 20 25
96 20 25
96 20 25
96 20 25
96 20 25
96 20 25
96 20 25
96 20 25
96 20 25
97 20 25
97 20 25
97 20 25
97 20 25
97 20 25
97 20 25
97 20 25
97 20 25
97 20 25
97 20 25
97 20 25
97 20 25
97 20 25
97 20 25
97 20 25
97 20 25
97 20 25
97 20 25
97 20 25
97 20 25
97 20 25
97 20 25
97 20 25
97 20 25
97 20 25
97 20 25
97 20 25
97 20 25
97 20 25
97 20 25
97 20 25
97 20 25
97 20 25
97 20 25
97 20 25
97 20 25
97 20 25
97 20 25
97 20 25
97 20 25
97 20 25
97 20 25
97 20 25
97 20 25
97 20 25
97 20 25
97 20 25
97 20 25
97 20 25
97 20 25
97 20 25
97 20 25
97 20 25
97 20 25
97 20 25
97 20 25
97 20 25
97 20 25
97 20 25
97 20 25
97 20 25
97 20 25
97 20 25
97 20 25
97 20 25
97 20 25
97 20 25
97 20 25
97 20 25
97 20 25
97 20 25
97 20 25
97 20 25
97 20 25
97 20 25
97 20 25
97 20 25
97 20 25
97 20 25
97 20 25
97 20 25
97 20 25
97 20 25
97 20 25
97 20 25
97 20 25
97 20 25
97 20 25
97 20 25
97 20 25
97 20 25
97 20 25
97 20 25
97 20 25
97 20 25
97 20 25
97 20 25
97 20 25
97 20 25
97 20 25
97 20 25
97 20 25
97 20 25
97 20 25
97 20 25
97 20 25
97 20 25
97 20 25
97 20 25
97 20 25
97 20 25
97 20 25
97 20 25
97 20 25
97 20 25
97 20 25
97 20 25
98 20 25
98 20 25
98 20 25
98 20 25
98 20 25
98 20 25
98 20 25
98 20 25
98 20 25
98 20 25
98 20 25
98 20 25
98 20 25
98 20 25
98 20 25
98 20 25
98 20 25
98 20 25
98 20 25
98 20 25
98 20 25
98 20 25
98 20 25
98 20 25
98 20 25
98 20 25
98 20 25
98 20 25
98 20 25
98 20 25
98 20 25
98 20 25
98 20 25
98 20 25
98 20 25
98 20 25
98 20 25
98 20 25
98 20 25
98 20 25
98 20 25
98 20 25
98 20 25
98 20 25
98 20 25
98 20 25
98 20 25
98 20 25
98 20 25
98 20 25
98 20 25
98 20 25
98 20 25
98 20 25
98 20 25
98 20 25
98 20 25
98 20 25
98 20 25
98 20 25
98 20 25
98 20 25
98 20 25
98 20 25
98 20 25
98 20 25
98 20 25
98 20 25
98 20 25
98 20 25
98 20 25
98 20 25
98 20 25
98 20 25
98 20 25
98 20 25
98 20 25
98 20 25
98 20 25
98 20 25
98 20 25
98 20 25
98 20 25
98 20 25
98 20 25
98 20 25
98 20 25
98 20 25
98 20 25
98 20 25
98 20 25
98 20 25
98 20 25
98 20 25
98 20 25
98 20 25
98 20 25
98 20 25
98 20 25
98 20 25
98 20 25
98 20 25
98 20 25
98 20 25
98 20 25
98 20 25
99 20 25
99 20 25
99 20 25
99 20 25
99 20 25
99 20 25
99 20 25
99 20 25
99 20 25
99 20 25
99 20 25
99 20 25
99 20 25
99 20 25
99 20 25
99 20 25
99 20 25
99 20 25
99 20 25
99 20 25
99 20 25
99 20 25
99 20 25
99 20 25
99 20 25
99 20 25
99 20 25
99 20 25
99 20 25
99 20 25
99 20 25
99 20 25
99 20 25
99 20 25
99 20 25
99 20 25
99 20 25
99 20 25
99 20 25
99 20 25
99 20 25
99 20 25
99 20 25
99 20 25
99 20 25
99 20 25
99 20 25
99 20 25
99 20 25
99 20 25
99 20 25
99 20 25
99 20 25
99 20 25
99 20 25
99 20 25
99 20 25
99 20 25
99 20 25
99 20 25
99 20 25
99 20 25
99 20 25
99 20 25
99 20 25
99 20 25
99 20 25
99 20 25
99 20 25
99 20 25
99 20 25
99 20 25
99 20 25
99 20 25
99 20 25
99 20 25
99 20 25
99 20 25
99 20 25
99 20 25
99 20 25
99 20 25
99 20 25
99 20 25
99 20 25
99 20 25
99 20 25
99 20 25
99 20 25
99 20 25
99 20 25
99 20 25
99 20 25
100 20 25
100 20 25
100 20 25
100 20 25
100 20 25
100 20 25
100 20 25
100 20 25
100 20 25
100 20 25
100 20 25
100 20 25
100 20 25
100 20 25
100 20 25
100 20 25
100 20 25
100 20 25
100 20 25
100 20 25
100 20 25
100 20 25
100 20 25
100 20 25
100 20 25
100 20 25
100 20 25
100 20 25
100 20 25
100 20 25
100 20 25
100 20 25
100 20 25
100 20 25
100 20 25
100 20 25
100 20 25
100 20 25
100 20 25
100 20 25
100 20 25
100 20 25
100 20 25
100 20 25
100 20 25
100 20 25
100 20 25
100 20 25
100 20 25
100 20 25
100 20 25
100 20 25
100 20 25
100 20 25
100 20 25
100 20 25
100 20 25
100 20 25
100 20 25
100 20 25
100 20 25
100 20 25
100 20 25
100 20 25
100 20 25
100 20 25
100 20 25
100 20 25
100 20 25
100 20 25
100 20 25
100 20 25
100 20 25
100 20 25
100 20 25
100 20 25
100 20 25
100 20 25
101 20 25
101 20 25
101 20 25
101 20 25
101 20 25
101 20 25
101 20 25
101 20 25
101 20 25
101 20 25
101 20 25
101 20 25
101 20 25
101 20 25
101 20 25
101 20 25
101 20 25
101 20 25
101 20 25
101 20 25
101 20 25
101 20 25
101 20 25
101 20 25
101 20 25
101 20 25
101 20 25
101 20 25
101 20 25
101 20 25
101 20 25
101 20 25
101 20 25
101 20 25
101 20 25
101 20 25
101 20 25
101 20 25
101 20 25
101 20 25
101 20 25
101 20 25
101 20 25
101 20 25
101 20 25
101 20 25
101 20 25
101 20 25
101 20 25
101 20 25
101 20 25
101 20 25
101 20 25
101 20 25
101 20 25
101 20 25
101 20 25
101 20 25
101 20 25
101 20 25
101 20 25
101 20 25
101 20 25
101 20 25
102 20 25
102 20 25
102 20 25
102 20 25
102 20 25
102 20 25
102 20 25
102 20 25
102 20 25
102 20 25
102 20 25
102 20 25
102 20 25
102 20 25
102 20 25
102 20 25
102 20 25
102 20 25
102 20 25
102 20 25
102 20 25
102 20 25
102 20 25
102 20 25
102 20 25
102 20 25
102 20 25
102 20 25
102 20 25
102 20 25
102 20 25
102 20 25
102 20 25
102 20 25
102 20 25
102 20 25
102 20 25
102 20 25
102 20 25
102 20 25
102 20 25
102 20 25
102 20 25
102 20 25
102 20 25
102 20 25
102 20 25
102 20 25
102 20 25
102 20 25
103 20 25
103 20 25
103 20 25
103 20 25
103 20 25
103 20 25
103 20 25
103 20 25
103 20 25
103 20 25
103 20 25
103 20 25
103 20 25
103 20 25
103 20 25
103 20 25
103 20 25
103 20 25
103 20 25
103 20 25
103 20 25
103 20 25
103 20 25
103 20 25
103 20 25
103 20 25
103 20 25
103 20 25
103 20 25
103 20 25
103 20 25
103 20 25
103 20 25
103 20 25
103 20 25
103 20 25
103 20 25
103 20 25
104 20 25
104 20 25
104 20 25
104 20 25
104 20 25
104 20 25
104 20 25
104 20 25
104 20 25
104 20 25
104 20 25
104 20 25
104 20 25
104 20 25
104 20 25
104 20 25
104 20 25
104 20 25
104 20 25
104 20 25
104 20 25
104 20 25
104 20 25
104 20 25
104 20 25
104 20 25
104 20 25
104 20 25
104 20 25
105 20 25
105 20 25
105 20 25
105 20 25
105 20 25
105 20 25
105 20 25
105 20 25
105 20 25
105 20 25
105 20 25
105 20 25
105 20 25
105 20 25
105 20 25
105 20 25
105 20 25
105 20 25
105 20 25
105 20 25
105 20 25
105 20 25
105 20 25
106 20 25
106 20 25
106 20 25
106 20 25
106 20 25
106 20 25
106 20 25
106 20 25
106 20 25
106 20 25
106 20 25
106 20 25
106 20 25
106 20 25
106 20 25
106 20 25
106 20 25
106 20 25
107 20 25
107 20 25
107 20 25
107 20 25
107 20 25
107 20 25
107 20 25
107 20 25
107 20 25
107 20 25
107 20 25
107 20 25
107 20 25
107 20 25
108 20 25
108 20 25
108 20 25
108 20 25
108 20 25
108 20 25
108 20 25
108 20 25
108 20 25
108 20 25
108 20 25
108 20 25
109 20 25
109 20 25
109 20 25
109 20 25
109 20 25
109 20 25
109 20 25
109 20 25
109 20 25
109 20 25
110 20 25
110 20 25
110 20 25
110 20 25
110 20 25
110 20 25
110 20 25
110 20 25
110 20 25
111 20 25
111 20 25
111 20 25
111 20 25
111 20 25
111 20 25
111 20 25
111 20 25
112 20 25
112 20 25
112 20 25
112 20 25
112 20 25
112 20 25
113 20 25
113 20 25
113 20 25
113 20 25
113 20 25
114 20 25
114 20 25
114 20 25
114 20 25
115 20 25
115 20 25
115 20 25
116 20 25
116 20 25
116 20 25
117 20 25
117 20 25
118 20 25
118 20 25
119 20 25
119 20 25
120 20 25
121 20 25
122 20 25
123 20 25
124 20 25
125 20 25
126 20 25
127 20 25
128 20 25
129 20 25
130 20 25
130 20 25
131 20 25
131 20 25
132 20 25
132 20 25
132 20 25
133 20 25
133 20 25
133 20 25
134 20 25
134 20 25
134 20 25
134 20 25
134 20 25
135 20 25
135 20 25
135 20 25
135 20 25
135 20 25
135 20 25
136 20 25
136 20 25
136 20 25
136 20 25
136 20 25
136 20 25
136 20 25
136 20 25
136 20 25
137 20 25
137 20 25
137 20 25
137 20 25
137 20 25
137 20 25
137 20 25
137 20 25
137 20 25
137 20 25
137 20 25
137 20 25
138 20 25
138 20 25
138 20 25
138 20 25
138 20 25
138 20 25
138 20 25
138 20 25
138 20 25
138 20 25
138 20 25
138 20 25
138 20 25
138 20 25
138 20 25
138 20 25
139 20 25
139 20 25
139 20 25
139 20 25
139 20 25
139 20 25
139 20 25
139 20 25
139 20 25
139 20 25
139 20 25
139 20 25
139 20 25
139 20 25
139 20 25
139 20 25
139 20 25
139 20 25
139 20 25
139 20 25
139 20 25
140 20 25
140 20 25
140 20 25
140 20 25
140 20 25
140 20 25
140 20 25
140 20 25
140 20 25
140 20 25
140 20 25
140 20 25
140 20 25
140 20 25
140 20 25
140 20 25
140 20 25
140 20 25
140 20 25
140 20 25
140 20 25
140 20 25
140 20 25
140 20 25
140 20 25
140 20 25
140 20 25
141 20 25
141 20 25
141 20 25
141 20 25
141 20 25
141 20 25
141 20 25
141 20 25
141 20 25
141 20 25
141 20 25
141 20 25
141 20 25
141 20 25
141 20 25
141 20 25
141 20 25
141 20 25
141 20 25
141 20 25
141 20 25
141 20 25
141 20 25
141 20 25
141 20 25
141 20 25
141 20 25
141 20 25
141 20 25
141 20 25
141 20 25
141 20 25
141 20 25
142 20 25
142 20 25
142 20 25
142 20 25
142 20 25
142 20 25
142 20 25
142 20 25
142 20 25
142 20 25
142 20 25
142 20 25
142 20 25
142 20 25
142 20 25
142 20 25
142 20 25
142 20 25
142 20 25
142 20 25
142 20 25
142 20 25
142 20 25
142 20 25
142 20 25
142 20 25
142 20 25
142 20 25
142 20 25
142 20 25
142 20 25
142 20 25
142 20 25
142 20 25
142 20 25
142 20 25
142 20 25
142 20 25
142 20 25
142 20 25
143 20 25
143 20 25
143 20 25
143 20 25
143 20 25
143 20 25
143 20 25
143 20 25
143 20 25
143 20 25
143 20 25
143 20 25
143 20 25
143 20 25
143 20 25
143 20 25
143 20 25
143 20 25
143 20 25
143 20 25
143 20 25
143 20 25
143 20 25
143 20 25
143 20 25
143 20 25
143 20 25
143 20 25
143 20 25
143 20 25
143 20 25
143 20 25
143 20 25
143 20 25
143 20 25
143 20 25
143 20 25
143 20 25
143 20 25
143 20 25
143 20 25
143 20 25
143 20 25
143 20 25
143 20 25
143 20 25
143 20 25
144 20 25
144 20 25
144 20 25
144 20 25
144 20 25
144 20 25
144 20 25
144 20 25
144 20 25
144 20 25
144 20 25
144 20 25
144 20 25
144 20 25
144 20 25
144 20 25
144 20 25
144 20 25
144 20 25
144 20 25
144 20 25
144 20 25
144 20 25
144 20 25
144 20 25
144 20 25
144 20 25
144 20 25
144 20 25
144 20 25
144 20 25
144 20 25
144 20 25
144 20 25
144 20 25
144 20 25
144 20 25
144 20 25
144 20 25
144 20 25
144 20 25
144 20 25
144 20 25
144 20 25
144 20 25
144 20 25
144 20 25
144 20 25
144 20 25
144 20 25
144 20 25
144 20 25
145 20 25
145 20 25
145 20 25
145 20 25
145 20 25
145 20 25
145 20 25
145 20 25
145 20 25
145 20 25
145 20 25
145 20 25
145 20 25
145 20 25
145 20 25
145 20 25
145 20 25
145 20 25
145 20 25
145 20 25
145 20 25
145 20 25
145 20 25
145 20 25
145 20 25
145 20 25
145 20 25
145 20 25
145 20 25
145 20 25
145 20 25
145 20 25
145 20 25
145 20 25
145 20 25
145 20 25
145 20 25
145 20 25
145 20 25
145 20 25
145 20 25
145 20 25
145 20 25
145 20 25
145 20 25
145 20 25
145 20 25
145 20 25
145 20 25
145 20 25
145 20 25
145 20 25
145 20 25
145 20 25
145 20 25
145 20 25
146 20 25
146 20 25
146 20 25
146 20 25
146 20 25
146 20 25
146 20 25
146 20 25
146 20 25
146 20 25
146 20 25
146 20 25
146 20 25
146 20 25
146 20 25
146 20 25
146 20 25
146 20 25
146 20 25
146 20 25
146 20 25
146 20 25
146 20 25
146 20 25
146 20 25
146 20 25
146 20 25
146 20 25
146 20 25
146 20 25
146 20 25
146 20 25
146 20 25
146 20 25
146 20 25
146 20 25
146 20 25
146 20 25
146 20 25
146 20 25
146 20 25
146 20 25
146 20 25
146 20 25
146 20 25
146 20 25
146 20 25
146 20 25
146 20 25
146 20 25
146 20 25
146 20 25
146 20 25
146 20 25
146 20 25
146 20 25
146 20 25
146 20 25
146 20 25
147 20 25
147 20 25
147 20 25
147 20 25
147 20 25
147 20 25
147 20 25
147 20 25
147 20 25
147 20 25
147 20 25
147 20 25
147 20 25
147 20 25
147 20 25
147 20 25
147 20 25
147 20 25
147 20 25
147 20 25
147 20 25
147 20 25
147 20 25
147 20 25
147 20 25
147 20 25
147 20 25
147 20 25
147 20 25
147 20 25
147 20 25
147 20 25
147 20 25
147 20 25
147 20 25
147 20 25
147 20 25
147 20 25
147 20 25
147 20 25
147 20 25
147 20 25
147 20 25
147 20 25
147 20 25
147 20 25
147 20 25
147 20 25
147 20 25
147 20 25
147 20 25
147 20 25
147 20 25
147 20 25
147 20 25
147 20 25
147 20 25
147 20 25
147 20 25
148 20 25
148 20 25
148 20 25
148 20 25
148 20 25
148 20 25
148 20 25
148 20 25
148 20 25
148 20 25
148 20 25
148 20 25
148 20 25
148 20 25
148 20 25
148 20 25
148 20 25
148 20 25
148 20 25
148 20 25
148 20 25
148 20 25
148 20 25
148 20 25
148 20 25
148 20 25
148 20 25
148 20 25
148 20 25
148 20 25
148 20 25
148 20 25
148 20 25
148 20 25
148 20 25
148 20 25
148 20 25
148 20 25
148 20 25
148 20 25
148 20 25
148 20 25
148 20 25
148 20 25
148 20 25
148 20 25
148 20 25
148 20 25
148 20 25
148 20 25
148 20 25
148 20 25
148 20 25
148 20 25
148 20 25
148 20 25
148 20 25
149 20 25
149 20 25
149 20 25
149 20 25
149 20 25
149 20 25
149 20 25
149 20 25
149 20 25
149 20 25
149 20 25
149 20 25
149 20 25
149 20 25
149 20 25
149 20 25
149 20 25
149 20 25
149 20 25
149 20 25
149 20 25
149 20 25
149 20 25
149 20 25
149 20 25
149 20 25
149 20 25
149 20 25
149 20 25
149 20 25
149 20 25
149 20 25
149 20 25
149 20 25
149 20 25
149 20 25
149 20 25
149 20 25
149 20 25
149 20 25
149 20 25
149 20 25
149 20 25
149 20 25
149 20 25
149 20 25
149 20 25
149 20 25
149 20 25
149 20 25
149 20 25
149 20 25
150 20 25
150 20 25
150 20 25
150 20 25
150 20 25
150 20 25
150 20 25
150 20 25
150 20 25
150 20 25
150 20 25
150 20 25
150 20 25
150 20 25
150 20 25
150 20 25
150 20 25
150 20 25
150 20 25
150 20 25
150 20 25
150 20 25
150 20 25
150 20 25
150 20 25
150 20 25
150 20 25
150 20 25
150 20 25
150 20 25
150 20 25
150 20 25
150 20 25
150 20 25
150 20 25
150 20 25
150 20 25
150 20 25
150 20 25
150 20 25
150 20 25
150 20 25
150 20 25
150 20 25
151 20 25
151 20 25
151 20 25
151 20 25
151 20 25
151 20 25
151 20 25
151 20 25
151 20 25
151 20 25
151 20 25
151 20 25
151 20 25
151 20 25
151 20 25
151 20 25
151 20 25
151 20 25
151 20 25
151 20 25
151 20 25
151 20 25
151 20 25
151 20 25
151 20 25
151 20 25
151 20 25
151 20 25
151 20 25
151 20 25
151 20 25
151 20 25
151 20 25
151 20 25
151 20 25
151 20 25
152 20 25
152 20 25
152 20 25
152 20 25
152 20 25
152 20 25
152 20 25
152 20 25
152 20 25
152 20 25
152 20 25
152 20 25
152 20 25
152 20 25
152 20 25
152 20 25
152 20 25
152 20 25
152 20 25
152 20 25
152 20 25
152 20 25
152 20 25
152 20 25
152 20 25
152 20 25
152 20 25
153 20 25
153 20 25
153 20 25
153 20 25
153 20 25
153 20 25
153 20 25
153 20 25
153 20 25
153 20 25
153 20 25
153 20 25
153 20 25
153 20 25
153 20 25
153 20 25
153 20 25
153 20 25
153 20 25
154 20 25
154 20 25
154 20 25
154 20 25
154 20 25
154 20 25
154 20 25
154 20 25
154 20 25
154 20 25
154 20 25
154 20 25
154 20 25
155 20 25
155 20 25
155 20 25
155 20 25
155 20 25
155 20 25
155 20 25
155 20 25
156 20 25
156 20 25
156 20 25
156 20 25
156 20 25
157 20 25
157 20 25
157 20 25
158 20 25
158 20 25
159 20 25
159 20 25
160 20 25
161 20 25
162 20 25
163 20 25
164 20 25
165 20 25
166 20 25
167 20 25
168 20 25
169 20 25
170 20 25
171 20 25
172 20 25
173 20 25
174 20 25
175 20 25
175 21 25
175 22 25
175 23 25
175 24 25
175 25 25
175 26 25
175 27 25
175 28 25
