93 116 100
92 116 100
91 116 100
90 116 100
89 116 100
88 116 100
87 116 100
86 116 100
85 116 100
84 116 100
83 116 100
82 116 100
81 116 100
80 116 100
79 116 100
78 116 100
77 116 100
76 116 100
75 116 100
74 116 100
73 116 100
72 116 100
71 116 100
70 116 100
69 116 100
68 116 100
67 116 100
66 116 100
65 116 100
64 116 100
63 116 100
63 116 100
62 116 100
62 116 100
62 116 100
62 116 100
61 116 300
61 116 100
61 116 100
61 116 100
60 116 500
60 116 100
60 116 100
60 116 100
60 116 100
59 116 800
59 116 100
59 116 100
59 116 100
59 116 100
59 116 100
58 116 1200
58 116 100
58 116 100
58 116 100
58 116 100
58 116 100
57 116 1600
57 116 100
57 116 100
57 116 100
57 116 100
56 116 1900
56 116 100
56 116 100
56 116 100
55 116 2100
55 116 100
55 116 100
54 116 2200
54 116 100
54 116 100
53 116 2300
53 116 100
52 116 2300
52 116 100
51 116 2300
51 116 100
50 116 2300
50 116 100
49 116 2300
49 116 100
48 116 2300
48 116 100
48 116 100
47 116 2400
47 116 100
47 116 100
46 116 2500
46 116 100
46 116 100
45 116 2600
45 116 100
45 116 100
44 116 2700
44 116 100
44 116 100
43 116 2800
43 116 100
42 116 2800
41 116 2800
40 116 2800
39 116 100
39 116 100
39 116 100
39 116 100
39 116 100
39 116 100
39 116 100
39 116 100
39 116 100
39 116 100
39 116 100
39 116 100
39 116 100
39 116 100
39 116 100
39 116 100
39 116 100
39 116 100
39 116 100
39 116 100
39 116 100
39 116 100
39 116 100
39 116 100
38 116 2300
37 116 2300
36 116 2300
35 116 100
35 116 100
35 116 100
35 116 100
35 116 100
35 116 100
35 116 100
35 116 100
35 116 100
35 116 100
35 116 100
35 116 100
35 116 100
34 116 1200
33 116 1200
32 116 1200
31 116 100
31 116 100
31 116 100
31 116 100
31 116 100
31 116 100
30 116 500
29 116 500
28 116 500
27 116 100
27 116 100
27 116 100
27 116 100
26 116 300
26 116 100
25 116 300
25 116 100
24 116 300
24 116 100
23 116 300
23 116 100
22 116 300
22 116 100
21 116 300
21 116 100
20 116 300
19 116 300
18 116 300
17 116 100
17 116 100
16 116 100
16 116 100
16 115 100
16 114 100
16 113 100
16 112 100
16 111 100
16 110 100
16 109 100
16 108 100
16 107 100
16 106 100
16 105 100
16 104 100
16 103 100
16 102 100
16 101 100
16 100 100
16 99 100
16 98 100
16 97 100
16 96 100
16 95 100
16 94 100
16 93 100
16 92 100
16 91 100
16 90 100
16 89 100
16 88 100
49 117 100
49 117 100
49 117 100
49 117 100
49 117 100
49 117 100
49 117 100
49 117 100
49 117 100
49 117 100
49 117 100
49 117 100
49 117 100
49 117 100
49 117 100
49 117 100
49 117 100
49 117 100
49 117 100
49 117 100
49 117 100
49 117 100
49 117 100
49 117 100
49 118 2300
49 118 100
49 119 2300
49 119 100
49 120 2300
49 121 2300
49 122 2300
49 123 100
49 123 100
49 123 100
49 123 100
49 123 100
49 123 100
49 123 100
49 123 100
49 123 100
49 123 100
49 123 100
49 123 100
49 123 100
49 123 100
49 123 100
49 123 100
49 124 1500
49 125 1500
49 126 1500
49 127 100
49 127 100
49 127 100
49 127 100
49 127 100
49 128 400
49 129 400
49 130 400
49 131 100
49 131 100
49 132 100
49 133 100
49 134 100
49 135 100
49 136 100
49 137 100
49 138 100
49 139 100
49 140 100
49 141 100
49 142 100
49 143 100
49 144 100
48 144 100
47 144 100
46 144 100
45 144 100
44 144 100
43 144 100
42 144 100
41 144 100
40 144 100
39 144 100
38 144 100
37 144 100
36 144 100
35 144 100
34 144 100
33 144 100
32 144 100
31 144 100
30 144 100
29 144 100
28 144 100
27 144 100
26 144 100
25 144 100
24 144 100
23 144 100
22 144 100
21 144 100
20 144 100
19 144 100
18 144 100
18 143 100
18 142 100
18 141 100
18 140 100
18 139 100
18 138 100
18 137 100
18 136 100
18 135 100
18 134 100
19 134 100
20 134 100
21 134 100
22 134 100
23 134 100
24 134 100
25 134 100
26 134 100
26 135 100
26 136 100
26 137 100
26 138 100
26 139 100
26 140 100
26 141 100
26 142 100
26 143 100
26 145 100
26 146 100
26 147 100
26 148 100
26 149 100
26 150 100
26 151 100
26 152 100
26 153 100
26 154 100
26 155 100
26 156 100
26 157 100
26 158 100
26 159 100
26 160 100
26 160 100
26 161 100
26 161 100
26 162 100
26 162 100
26 162 100
26 163 200
26 163 100
26 163 100
26 164 300
26 164 100
26 164 100
26 165 400
26 165 100
26 165 100
26 166 500
26 166 100
26 166 100
26 166 100
26 167 700
26 167 100
26 167 100
26 167 100
26 168 900
26 168 100
26 168 100
26 168 100
26 169 1100
26 169 100
26 169 100
26 169 100
26 170 1300
26 170 100
26 170 100
26 171 1400
26 171 100
26 171 100
26 172 1500
26 172 100
26 172 100
26 173 1600
26 173 100
26 174 1600
26 174 100
26 175 1600
26 176 1600
26 177 1600
26 178 100
26 178 100
26 178 100
26 178 100
26 178 100
26 178 100
26 178 100
26 178 100
26 178 100
26 178 100
26 178 100
26 178 100
26 179 1100
26 180 1100
26 181 1100
26 182 100
26 182 100
26 182 100
26 182 100
26 182 100
26 183 400
26 184 400
26 185 400
26 186 100
26 186 100
26 187 100
26 188 100
26 189 100
26 190 100
27 190 100
28 190 100
29 190 100
30 190 100
31 190 100
32 190 100
33 190 100
34 190 100
35 190 100
36 190 100
36 190 100
37 190 100
37 190 100
37 190 100
38 190 200
38 190 100
38 190 100
39 190 300
39 190 100
39 190 100
40 190 400
40 190 100
40 190 100
41 190 500
41 190 100
41 190 100
42 190 600
42 190 100
43 190 600
44 190 600
45 190 600
46 190 100
46 190 100
46 190 100
47 190 200
47 190 100
48 190 200
49 190 200
50 190 200
51 190 100
52 190 100
53 190 100
54 190 100
55 190 100
56 190 100
57 190 100
58 190 100
59 190 100
60 190 100
61 190 100
62 190 100
63 190 100
64 190 100
65 190 100
66 190 100
67 190 100
67 191 100
94 116 100
95 116 100
96 116 100
97 116 100
98 116 100
99 116 100
100 116 100
101 116 100
102 116 100
103 116 100
103 116 100
104 116 100
104 116 100
105 116 100
105 116 100
105 116 100
106 116 200
106 116 100
107 116 200
107 116 100
107 116 100
108 116 300
108 116 100
108 116 100
109 116 400
109 116 100
109 116 100
110 116 500
110 116 100
110 116 100
111 116 600
111 116 100
111 116 100
111 116 100
112 116 800
112 116 100
112 116 100
113 116 900
113 116 100
113 116 100
113 116 100
114 116 1100
114 116 100
114 116 100
114 116 100
115 116 1300
115 116 100
115 116 100
115 116 100
116 116 1500
116 116 100
116 116 100
117 116 1600
117 116 100
117 116 100
117 116 100
118 116 1800
118 116 100
118 116 100
118 116 100
119 116 2000
119 116 100
119 116 100
120 116 2100
120 116 100
120 116 100
121 116 2200
121 116 100
121 116 100
122 116 2300
122 116 100
123 116 2300
124 116 2300
125 116 2300
126 116 100
126 116 100
126 116 100
126 116 100
126 116 100
126 116 100
126 116 100
126 116 100
126 116 100
126 116 100
126 116 100
126 116 100
126 116 100
126 116 100
126 116 100
126 116 100
127 116 1500
128 116 1500
129 116 1500
130 116 100
130 116 100
130 116 100
130 116 100
130 116 100
130 116 100
130 116 100
130 116 100
130 116 100
131 116 800
132 116 800
133 116 800
134 116 100
134 116 100
134 116 100
135 116 200
136 116 200
137 116 200
138 116 100
139 116 100
140 116 100
141 116 100
142 116 100
143 116 100
144 116 100
145 116 100
146 116 100
147 116 100
148 116 100
149 116 100
150 116 100
151 116 100
152 116 100
153 116 100
154 116 100
155 116 100
156 116 100
157 116 100
158 116 100
159 116 100
160 116 100
161 116 100
162 116 100
163 116 100
164 116 100
164 116 100
165 116 100
165 116 100
165 116 100
166 116 200
166 116 100
166 116 100
167 116 300
167 116 100
167 116 100
167 116 100
167 116 100
168 116 600
168 116 100
168 116 100
168 116 100
168 116 100
169 116 900
169 116 100
169 116 100
169 116 100
169 116 100
170 116 1200
170 116 100
170 116 100
170 116 100
170 116 100
171 116 1500
171 116 100
171 116 100
171 116 100
172 116 1700
172 116 100
172 116 100
172 116 100
172 117 1900
172 118 1900
172 119 1900
172 120 100
172 120 100
172 120 100
172 120 100
172 120 100
172 120 100
172 120 100
172 120 100
172 120 100
172 120 100
172 121 900
172 122 900
172 123 900
172 124 100
172 124 100
172 124 100
172 124 100
172 124 100
172 124 100
172 125 500
172 125 100
172 126 500
172 126 100
172 126 100
172 127 600
172 127 100
172 128 600
172 128 100
172 128 100
172 128 100
172 129 800
172 129 100
172 129 100
172 129 100
172 130 1000
172 130 100
172 130 100
172 130 100
172 131 1200
172 131 100
172 131 100
172 131 100
172 131 100
172 131 100
172 132 1600
172 132 100
172 132 100
172 132 100
172 132 100
172 132 100
172 133 2000
172 133 100
172 133 100
172 133 100
172 133 100
172 133 100
172 133 100
172 134 2500
172 134 100
172 134 100
172 134 100
172 134 100
172 135 2800
172 135 100
172 135 100
172 135 100
172 136 3000
172 136 100
172 136 100
172 136 100
172 137 3200
172 137 100
172 138 3200
172 139 3200
172 140 3200
172 141 100
172 141 100
172 141 100
172 141 100
172 141 100
172 141 100
172 141 100
172 141 100
172 141 100
172 141 100
172 141 100
172 141 100
172 141 100
172 141 100
172 141 100
172 141 100
172 141 100
172 141 100
172 141 100
172 141 100
172 141 100
172 141 100
172 142 2100
172 143 2100
172 144 2100
172 145 100
172 145 100
172 145 100
172 146 200
172 147 200
172 148 200
172 149 100
172 150 100
172 151 100
173 151 100
174 151 100
175 151 100
176 151 100
177 151 100
178 151 100
179 151 100
180 151 100
181 151 100
182 151 100
183 151 100
184 151 100
185 151 100
186 151 100
187 151 100
188 151 100
189 151 100
190 151 100
191 151 100
192 151 100
193 151 100
194 151 100
195 151 100
196 151 100
196 151 100
197 151 100
197 151 100
198 151 100
198 151 100
199 151 100
199 151 100
199 151 100
199 150 200
199 150 100
199 149 200
199 149 100
199 148 200
199 147 200
199 146 200
199 145 100
199 145 100
199 144 100
199 143 100
199 142 100
199 141 100
199 140 100
199 139 100
199 138 100
199 137 100
199 136 100
199 135 100
199 134 100
199 133 100
199 132 100
199 131 100
199 130 100
199 129 100
199 128 100
199 127 100
199 126 100
199 125 100
199 124 100
199 123 100
199 122 100
199 121 100
199 120 100
199 119 100
199 118 100
199 117 100
199 116 100
199 115 100
199 114 100
199 113 100
199 112 100
199 111 100
199 110 100
199 109 100
199 108 100
199 107 100
199 106 100
199 105 100
65 41 100
64 41 100
63 41 100
62 41 100
61 41 100
60 41 100
59 41 100
58 41 100
57 41 100
56 41 100
55 41 100
54 41 100
53 41 100
52 41 100
51 41 100
50 41 100
49 41 100
48 41 100
47 41 100
46 41 100
45 41 100
45 41 100
44 41 100
44 41 100
43 41 100
43 41 100
43 41 100
42 41 200
42 41 100
42 41 100
41 41 300
41 41 100
41 41 100
41 41 100
40 41 500
40 41 100
40 41 100
40 41 100
39 41 700
39 41 100
39 41 100
39 41 100
39 41 100
38 41 1000
38 41 100
38 41 100
38 41 100
37 41 1200
37 41 100
37 41 100
37 41 100
37 41 100
36 41 1500
36 41 100
36 41 100
36 41 100
35 41 1700
35 41 100
35 41 100
34 41 1800
34 41 100
33 41 1800
32 41 1800
31 41 1800
30 41 100
30 41 100
30 41 100
30 41 100
30 41 100
30 41 100
30 41 100
30 41 100
30 41 100
29 41 800
28 41 800
27 41 800
26 41 100
26 41 100
25 41 100
24 41 100
23 41 100
22 41 100
21 41 100
20 41 100
19 41 100
18 41 100
17 41 100
16 41 100
16 42 100
16 43 100
16 44 100
16 45 100
16 46 100
16 47 100
16 48 100
16 48 100
16 49 100
16 49 100
16 50 100
16 50 100
16 51 100
16 51 100
16 51 100
16 52 200
16 52 100
16 52 100
16 53 300
16 53 100
16 53 100
16 53 100
16 54 500
16 54 100
16 54 100
16 55 600
16 55 100
16 55 100
16 55 100
16 55 100
16 56 900
16 56 100
16 56 100
16 56 100
16 57 1100
16 57 100
16 57 100
16 57 100
16 57 100
16 58 1400
16 58 100
16 58 100
16 58 100
16 58 100
16 59 1700
16 59 100
16 59 100
16 59 100
16 60 1900
16 60 100
16 60 100
16 61 2000
16 61 100
16 62 2000
16 63 2000
16 64 2000
16 65 100
16 65 100
16 65 100
16 65 100
16 65 100
16 65 100
16 65 100
16 65 100
16 65 100
16 65 100
16 65 100
16 65 100
16 66 1100
16 67 1100
16 68 1100
16 69 100
16 69 100
16 69 100
16 70 200
16 71 200
16 72 200
16 73 100
16 74 100
16 75 100
16 76 100
16 77 100
16 78 100
16 79 100
16 80 100
16 81 100
16 82 100
16 83 100
16 84 100
16 85 100
16 86 100
16 87 100
60 40 100
60 39 100
60 38 100
60 37 100
60 36 100
60 35 100
60 34 100
60 33 100
60 32 100
60 31 100
60 30 100
60 29 100
60 28 100
60 27 100
60 27 100
60 26 100
60 26 100
60 25 100
60 25 100
60 25 100
60 24 200
60 24 100
60 23 200
60 23 100
60 23 100
60 22 300
60 22 100
60 21 300
60 21 100
60 20 300
60 19 300
60 18 300
60 17 100
60 17 100
60 16 100
60 15 100
60 14 100
60 13 100
60 12 100
60 11 100
60 10 100
60 9 100
60 8 100
60 7 100
60 6 100
60 5 100
60 4 100
60 3 100
60 2 100
