88 87 100
89 87 100
90 87 100
91 87 100
92 87 100
93 87 100
94 87 100
95 87 100
95 87 100
96 87 100
96 87 100
97 87 100
97 87 100
98 87 100
98 87 100
99 87 100
99 87 100
100 87 100
100 87 100
101 87 100
101 87 100
102 87 100
102 87 100
103 87 100
103 87 100
104 87 100
104 87 100
105 87 100
105 87 100
106 87 100
106 87 100
107 87 100
107 87 100
108 87 100
108 87 100
109 87 100
109 87 100
110 87 100
111 87 100
112 87 100
113 87 100
114 87 100
115 87 100
116 87 100
117 87 100
118 87 100
119 87 100
119 87 100
120 87 100
120 87 100
121 87 100
121 87 100
121 87 100
122 87 200
122 87 100
122 87 100
123 87 300
123 87 100
123 87 100
123 87 100
124 87 500
124 87 100
124 87 100
124 87 100
125 87 700
125 87 100
125 87 100
125 87 100
125 87 100
126 87 1000
126 87 100
126 87 100
126 87 100
126 87 100
126 87 100
127 87 1400
127 87 100
127 87 100
127 87 100
127 87 100
127 87 100
128 87 1800
128 87 100
128 87 100
128 87 100
128 87 100
128 87 100
129 87 2200
129 87 100
129 87 100
129 87 100
129 87 100
130 87 2500
130 87 100
130 87 100
130 87 100
130 87 100
130 86 2800
130 86 100
130 86 100
130 85 2900
130 84 2900
130 83 2900
130 82 100
130 82 100
130 82 100
130 82 100
130 82 100
130 82 100
130 82 100
130 82 100
130 82 100
130 82 100
130 82 100
130 82 100
130 82 100
130 82 100
130 82 100
130 82 100
130 82 100
130 82 100
130 82 100
130 82 100
130 82 100
130 82 100
130 81 2100
130 80 2100
130 79 2100
130 78 100
130 78 100
130 78 100
130 78 100
130 78 100
130 77 400
130 76 400
130 75 400
130 74 100
87 87 100
86 87 100
85 87 100
84 87 100
83 87 100
82 87 100
81 87 100
80 87 100
79 87 100
78 87 100
77 87 100
76 87 100
75 87 100
74 87 100
73 87 100
72 87 100
71 87 100
70 87 100
69 87 100
68 87 100
67 87 100
66 87 100
65 87 100
64 87 100
63 87 100
62 87 100
61 87 100
60 87 100
59 87 100
58 87 100
57 87 100
57 87 100
56 87 100
56 87 100
56 87 100
55 87 200
55 87 100
55 87 100
54 87 300
54 87 100
54 87 100
53 87 400
53 87 100
53 87 100
53 87 100
52 87 600
52 87 100
52 87 100
52 87 100
52 87 100
51 87 900
51 87 100
51 87 100
51 87 100
51 87 100
50 87 1200
50 87 100
50 87 100
50 87 100
50 87 100
50 86 1500
50 85 1500
50 84 1500
50 83 100
50 83 100
50 83 100
50 83 100
50 82 300
50 81 300
50 80 300
50 79 100
50 78 100
50 77 100
50 76 100
50 75 100
149 26 100
148 26 100
147 26 100
146 26 100
145 26 100
144 26 100
143 26 100
142 26 100
141 26 100
140 26 100
139 26 100
138 26 100
137 26 100
136 26 100
135 26 100
134 26 100
133 26 100
132 26 100
131 26 100
130 26 100
130 27 100
130 28 100
130 29 100
130 30 100
130 31 100
130 32 100
130 33 100
130 34 100
130 35 100
130 36 100
130 37 100
130 38 100
130 39 100
130 40 100
130 41 100
130 42 100
130 43 100
130 44 100
130 45 100
130 46 100
130 47 100
130 48 100
130 49 100
130 50 100
130 51 100
130 52 100
130 53 100
130 54 100
130 55 100
130 56 100
130 57 100
130 58 100
130 59 100
130 60 100
130 61 100
130 62 100
130 63 100
130 64 100
130 65 100
130 66 100
130 67 100
130 68 100
130 69 100
130 70 100
130 71 100
130 72 100
130 73 100
183 120 100
182 120 100
181 120 100
180 120 100
179 120 100
178 120 100
177 120 100
176 120 100
175 120 100
174 120 100
173 120 100
172 120 100
171 120 100
170 120 100
169 120 100
168 120 100
167 120 100
166 120 100
165 120 100
164 120 100
163 120 100
162 120 100
161 120 100
160 120 100
159 120 100
158 120 100
157 120 100
156 120 100
155 120 100
154 120 100
153 120 100
153 120 100
152 120 100
152 120 100
151 120 100
151 120 100
151 120 100
150 120 200
150 120 100
149 120 200
149 120 100
148 120 200
148 120 100
148 120 100
147 120 300
147 120 100
146 120 300
146 120 100
145 120 300
144 120 300
143 120 300
142 120 100
142 120 100
141 120 100
141 120 100
140 120 100
139 120 100
138 120 100
137 120 100
136 120 100
135 120 100
134 120 100
133 120 100
132 120 100
131 120 100
130 120 100
130 119 100
130 118 100
130 117 100
130 116 100
130 115 100
130 114 100
130 113 100
130 112 100
130 111 100
130 110 100
130 109 100
130 108 100
130 107 100
130 106 100
130 105 100
130 104 100
130 103 100
130 102 100
130 101 100
130 100 100
130 100 100
130 99 100
130 99 100
130 98 100
130 98 100
130 98 100
130 97 200
130 97 100
130 97 100
130 96 300
130 96 100
130 96 100
130 96 100
130 95 500
130 95 100
130 95 100
130 95 100
130 94 700
130 94 100
130 94 100
130 94 100
130 94 100
130 93 1000
130 93 100
130 93 100
130 93 100
130 93 100
130 92 1300
130 92 100
130 92 100
130 92 100
130 92 100
130 91 1600
130 91 100
130 91 100
130 91 100
130 91 100
130 91 100
130 90 2000
130 90 100
130 90 100
130 90 100
130 90 100
130 89 2300
130 89 100
130 89 100
130 89 100
130 88 2500
130 88 100
130 88 100
130 88 100
1 195 2700
2 195 2700
3 195 2700
4 195 100
4 195 100
5 195 100
6 195 100
7 195 100
8 195 100
9 195 100
10 195 100
11 195 100
12 195 100
13 195 100
14 195 100
15 195 100
16 195 100
17 195 100
18 195 100
19 195 100
20 195 100
21 195 100
22 195 100
23 195 100
24 195 100
25 195 100
26 195 100
27 195 100
28 195 100
29 195 100
30 195 100
31 195 100
32 195 100
33 195 100
34 195 100
34 194 100
34 193 100
34 192 100
34 191 100
34 190 100
34 189 100
34 188 100
34 187 100
34 186 100
34 185 100
34 184 100
34 183 100
34 182 100
34 181 100
34 181 100
34 180 100
34 180 100
34 179 100
34 179 100
34 179 100
34 178 200
34 178 100
34 178 100
34 178 100
34 177 400
34 177 100
34 177 100
34 177 100
34 176 600
34 176 100
34 176 100
34 176 100
34 176 100
34 176 100
34 175 1000
34 175 100
34 175 100
34 175 100
34 175 100
34 175 100
34 174 1400
34 174 100
34 174 100
34 174 100
34 174 100
34 174 100
34 174 100
34 174 100
34 173 2000
34 173 100
34 173 100
34 173 100
34 173 100
34 173 100
34 173 100
34 172 2500
34 172 100
34 172 100
34 172 100
34 172 100
34 172 100
34 172 100
34 172 100
34 171 3100
34 171 100
34 171 100
34 171 100
34 171 100
34 171 100
34 171 100
34 170 3600
34 170 100
34 170 100
34 170 100
34 170 100
34 170 100
34 169 4000
34 169 100
34 169 100
34 169 100
34 169 100
34 168 4300
34 168 100
34 168 100
34 168 100
34 167 4500
34 167 100
34 166 4500
34 165 4500
34 164 4500
34 163 100
34 163 100
34 163 100
34 163 100
34 163 100
34 163 100
34 163 100
34 163 100
34 163 100
34 163 100
34 163 100
34 163 100
34 163 100
34 163 100
34 163 100
34 163 100
34 163 100
34 163 100
34 163 100
34 163 100
34 163 100
34 163 100
34 163 100
34 163 100
34 163 100
34 163 100
34 163 100
34 163 100
34 163 100
34 163 100
34 163 100
34 163 100
34 163 100
34 163 100
34 163 100
34 163 100
34 163 100
34 162 3600
34 161 3600
34 160 3600
34 159 100
34 159 100
34 159 100
34 159 100
34 159 100
34 159 100
34 159 100
34 159 100
34 159 100
34 159 100
34 159 100
34 159 100
34 159 100
34 159 100
34 159 100
34 159 100
34 159 100
34 158 1600
34 157 1600
34 156 1600
34 155 100
34 155 100
34 155 100
34 155 100
34 155 100
34 154 400
34 153 400
34 152 400
34 151 100
34 151 100
34 150 100
34 150 100
34 149 100
34 148 100
34 147 100
34 146 100
34 145 100
34 144 100
34 143 100
34 142 100
34 141 100
34 140 100
34 139 100
34 138 100
34 137 100
34 136 100
