101 76 50
100 76 50
99 76 50
98 76 50
97 76 50
96 76 50
95 76 50
94 76 50
93 76 50
92 76 50
91 76 50
90 76 50
89 76 50
88 76 50
87 76 50
86 76 50
85 76 50
84 76 50
84 76 50
83 76 50
83 76 50
82 76 50
82 76 50
81 76 50
81 76 50
80 76 50
80 76 50
79 76 50
79 76 50
79 76 50
78 76 50
78 76 50
78 76 50
78 76 50
77 76 50
77 76 50
77 76 50
77 76 50
77 76 50
76 76 50
76 76 50
76 76 50
76 76 50
76 76 50
76 76 50
76 76 50
76 76 50
75 76 50
75 76 50
75 76 50
75 76 50
75 76 50
75 76 50
75 76 50
75 76 50
75 76 50
75 76 50
75 76 50
74 76 50
74 76 50
74 76 50
74 76 50
74 76 50
74 76 50
74 76 50
74 76 50
74 76 50
74 76 50
74 76 50
74 76 50
74 76 50
74 76 50
74 76 50
73 76 50
73 76 50
73 76 50
73 76 50
73 76 50
73 76 50
73 76 50
73 76 50
73 76 50
73 76 50
73 76 50
73 76 50
73 76 50
73 76 50
73 76 50
73 76 50
73 76 50
73 76 50
73 76 50
72 76 50
72 76 50
72 76 50
72 76 50
72 76 50
72 76 50
72 76 50
72 76 50
72 76 50
72 76 50
72 76 50
72 76 50
72 76 50
72 76 50
72 76 50
72 76 50
72 76 50
72 76 50
72 76 50
72 76 50
72 76 50
72 76 50
72 76 50
72 76 50
72 76 50
71 76 50
71 76 50
71 76 50
71 76 50
71 76 50
71 76 50
71 76 50
71 76 50
71 76 50
71 76 50
71 76 50
71 76 50
71 76 50
71 76 50
71 76 50
71 76 50
71 76 50
71 76 50
71 76 50
71 76 50
71 76 50
71 76 50
71 76 50
71 76 50
71 76 50
71 76 50
71 76 50
71 76 50
71 76 50
71 76 50
71 76 50
71 76 50
70 76 50
70 76 50
70 76 50
70 76 50
70 76 50
70 76 50
70 76 50
70 76 50
70 76 50
70 76 50
70 76 50
70 76 50
70 76 50
70 76 50
70 76 50
70 76 50
70 76 50
70 76 50
70 76 50
70 76 50
70 76 50
70 76 50
70 76 50
70 76 50
70 76 50
70 76 50
70 76 50
70 76 50
70 76 50
70 76 50
70 76 50
70 76 50
70 76 50
70 76 50
70 76 50
70 76 50
70 76 50
70 76 50
70 76 50
69 76 50
69 76 50
69 76 50
69 76 50
69 76 50
69 76 50
69 76 50
69 76 50
69 76 50
69 76 50
69 76 50
69 76 50
69 76 50
69 76 50
69 76 50
69 76 50
69 76 50
69 76 50
69 76 50
69 76 50
69 76 50
69 76 50
69 76 50
69 76 50
69 76 50
69 76 50
69 76 50
69 76 50
69 76 50
69 76 50
69 76 50
69 76 50
69 76 50
69 76 50
69 76 50
69 76 50
69 76 50
69 76 50
69 76 50
69 76 50
69 76 50
69 76 50
69 76 50
69 76 50
69 76 50
68 76 50
68 76 50
68 76 50
68 76 50
68 76 50
68 76 50
68 76 50
68 76 50
68 76 50
68 76 50
68 76 50
68 76 50
68 76 50
68 76 50
68 76 50
68 76 50
68 76 50
68 76 50
68 76 50
68 76 50
68 76 50
68 76 50
68 76 50
68 76 50
68 76 50
68 76 50
68 76 50
68 76 50
68 76 50
68 76 50
68 76 50
68 76 50
68 76 50
68 76 50
68 76 50
68 76 50
68 76 50
68 76 50
68 76 50
68 76 50
68 76 50
68 76 50
68 76 50
68 76 50
68 76 50
68 76 50
68 76 50
68 76 50
68 76 50
67 76 50
67 76 50
67 76 50
67 76 50
67 76 50
67 76 50
67 76 50
67 76 50
67 76 50
67 76 50
67 76 50
67 76 50
67 76 50
67 76 50
67 76 50
67 76 50
67 76 50
67 76 50
67 76 50
67 76 50
67 76 50
67 76 50
67 76 50
67 76 50
67 76 50
67 76 50
67 76 50
67 76 50
67 76 50
67 76 50
67 76 50
67 76 50
67 76 50
67 76 50
67 76 50
67 76 50
67 76 50
67 76 50
67 76 50
67 76 50
67 76 50
67 76 50
67 76 50
67 76 50
67 76 50
67 76 50
67 76 50
67 76 50
67 76 50
67 76 50
67 76 50
66 76 50
66 76 50
66 76 50
66 76 50
66 76 50
66 76 50
66 76 50
66 76 50
66 76 50
66 76 50
66 76 50
66 76 50
66 76 50
66 76 50
66 76 50
66 76 50
66 76 50
66 76 50
66 76 50
66 76 50
66 76 50
66 76 50
66 76 50
66 76 50
66 76 50
66 76 50
66 76 50
66 76 50
66 76 50
66 76 50
66 76 50
66 76 50
66 76 50
66 76 50
66 76 50
66 76 50
66 76 50
66 76 50
66 76 50
66 76 50
66 76 50
66 76 50
66 76 50
66 76 50
66 76 50
66 76 50
66 76 50
66 76 50
66 76 50
66 76 50
66 76 50
66 76 50
65 76 50
65 76 50
65 76 50
65 76 50
65 76 50
65 76 50
65 76 50
65 76 50
65 76 50
65 76 50
65 76 50
65 76 50
65 76 50
65 76 50
65 76 50
65 76 50
65 76 50
65 76 50
65 76 50
65 76 50
65 76 50
65 76 50
65 76 50
65 76 50
65 76 50
65 76 50
65 76 50
65 76 50
65 76 50
65 76 50
65 76 50
65 76 50
65 76 50
65 76 50
65 76 50
65 76 50
65 76 50
65 76 50
65 76 50
65 76 50
65 76 50
65 76 50
65 76 50
65 76 50
65 76 50
65 76 50
65 76 50
65 76 50
65 76 50
65 76 50
65 76 50
65 76 50
64 76 50
64 76 50
64 76 50
64 76 50
64 76 50
64 76 50
64 76 50
64 76 50
64 76 50
64 76 50
64 76 50
64 76 50
64 76 50
64 76 50
64 76 50
64 76 50
64 76 50
64 76 50
64 76 50
64 76 50
64 76 50
64 76 50
64 76 50
64 76 50
64 76 50
64 76 50
64 76 50
64 76 50
64 76 50
64 76 50
64 76 50
64 76 50
64 76 50
64 76 50
64 76 50
64 76 50
64 76 50
64 76 50
64 76 50
64 76 50
64 76 50
64 76 50
64 76 50
64 76 50
64 76 50
64 76 50
64 76 50
64 76 50
64 76 50
64 76 50
64 76 50
64 76 50
63 76 50
63 76 50
63 76 50
63 76 50
63 76 50
63 76 50
63 76 50
63 76 50
63 76 50
63 76 50
63 76 50
63 76 50
63 76 50
63 76 50
63 76 50
63 76 50
63 76 50
63 76 50
63 76 50
63 76 50
63 76 50
63 76 50
63 76 50
63 76 50
63 76 50
63 76 50
63 76 50
63 76 50
63 76 50
63 76 50
63 76 50
63 76 50
63 76 50
63 76 50
63 76 50
63 76 50
63 76 50
63 76 50
63 76 50
63 76 50
63 76 50
63 76 50
63 76 50
63 76 50
63 76 50
63 76 50
63 76 50
63 76 50
63 76 50
63 76 50
63 76 50
63 76 50
63 76 50
62 76 50
62 76 50
62 76 50
62 76 50
62 76 50
62 76 50
62 76 50
62 76 50
62 76 50
62 76 50
62 76 50
62 76 50
62 76 50
62 76 50
62 76 50
62 76 50
62 76 50
62 76 50
62 76 50
62 76 50
62 76 50
62 76 50
62 76 50
62 76 50
62 76 50
62 76 50
62 76 50
62 76 50
62 76 50
62 76 50
62 76 50
62 76 50
62 76 50
62 76 50
62 76 50
62 76 50
62 76 50
62 76 50
62 76 50
62 76 50
62 76 50
62 76 50
62 76 50
62 76 50
62 76 50
62 76 50
62 76 50
62 76 50
62 76 50
62 76 50
62 76 50
62 76 50
62 76 50
62 76 50
61 76 50
61 76 50
61 76 50
61 76 50
61 76 50
61 76 50
61 76 50
61 76 50
61 76 50
61 76 50
61 76 50
61 76 50
61 76 50
61 76 50
61 76 50
61 76 50
61 76 50
61 76 50
61 76 50
61 76 50
61 76 50
61 76 50
61 76 50
61 76 50
61 76 50
61 76 50
61 76 50
61 76 50
61 76 50
61 76 50
61 76 50
61 76 50
61 76 50
61 76 50
61 76 50
61 76 50
61 76 50
61 76 50
61 76 50
61 76 50
61 76 50
61 76 50
61 76 50
61 76 50
61 76 50
61 76 50
61 76 50
61 76 50
61 76 50
61 76 50
61 76 50
61 76 50
61 76 50
61 76 50
61 76 50
60 76 50
60 76 50
60 76 50
60 76 50
60 76 50
60 76 50
60 76 50
60 76 50
60 76 50
60 76 50
60 76 50
60 76 50
60 76 50
60 76 50
60 76 50
60 76 50
60 76 50
60 76 50
60 76 50
60 76 50
60 76 50
60 76 50
60 76 50
60 76 50
60 76 50
60 76 50
60 76 50
60 76 50
60 76 50
60 76 50
60 76 50
60 76 50
60 76 50
60 76 50
60 76 50
60 76 50
60 76 50
60 76 50
60 76 50
60 76 50
60 76 50
60 76 50
60 76 50
60 76 50
60 76 50
60 76 50
60 76 50
60 76 50
60 76 50
60 76 50
60 76 50
60 76 50
60 76 50
60 76 50
60 76 50
60 76 50
60 76 50
59 76 50
59 76 50
59 76 50
59 76 50
59 76 50
59 76 50
59 76 50
59 76 50
59 76 50
59 76 50
59 76 50
59 76 50
59 76 50
59 76 50
59 76 50
59 76 50
59 76 50
59 76 50
59 76 50
59 76 50
59 76 50
59 76 50
59 76 50
59 76 50
59 76 50
59 76 50
59 76 50
59 76 50
59 76 50
59 76 50
59 76 50
59 76 50
59 76 50
59 76 50
59 76 50
59 76 50
59 76 50
59 76 50
59 76 50
59 76 50
59 76 50
59 76 50
59 76 50
59 76 50
59 76 50
59 76 50
59 76 50
59 76 50
59 76 50
59 76 50
59 76 50
59 76 50
59 76 50
59 76 50
59 76 50
59 76 50
59 76 50
59 76 50
59 76 50
58 76 50
58 76 50
58 76 50
58 76 50
58 76 50
58 76 50
58 76 50
58 76 50
58 76 50
58 76 50
58 76 50
58 76 50
58 76 50
58 76 50
58 76 50
58 76 50
58 76 50
58 76 50
58 76 50
58 76 50
58 76 50
58 76 50
58 76 50
58 76 50
58 76 50
58 76 50
58 76 50
58 76 50
58 76 50
58 76 50
58 76 50
58 76 50
58 76 50
58 76 50
58 76 50
58 76 50
58 76 50
58 76 50
58 76 50
58 76 50
58 76 50
58 76 50
58 76 50
58 76 50
58 76 50
58 76 50
58 76 50
58 76 50
58 76 50
58 76 50
58 76 50
58 76 50
58 76 50
58 76 50
58 76 50
58 76 50
58 76 50
58 76 50
58 76 50
58 76 50
58 76 50
58 76 50
57 76 50
57 76 50
57 76 50
57 76 50
57 76 50
57 76 50
57 76 50
57 76 50
57 76 50
57 76 50
57 76 50
57 76 50
57 76 50
57 76 50
57 76 50
57 76 50
57 76 50
57 76 50
57 76 50
57 76 50
57 76 50
57 76 50
57 76 50
57 76 50
57 76 50
57 76 50
57 76 50
57 76 50
57 76 50
57 76 50
57 76 50
57 76 50
57 76 50
57 76 50
57 76 50
57 76 50
57 76 50
57 76 50
57 76 50
57 76 50
57 76 50
57 76 50
57 76 50
57 76 50
57 76 50
57 76 50
57 76 50
57 76 50
57 76 50
57 76 50
57 76 50
57 76 50
57 76 50
57 76 50
57 76 50
57 76 50
57 76 50
57 76 50
57 76 50
57 76 50
57 76 50
57 76 50
57 76 50
57 76 50
57 76 50
57 76 50
57 76 50
56 76 50
56 76 50
56 76 50
56 76 50
56 76 50
56 76 50
56 76 50
56 76 50
56 76 50
56 76 50
56 76 50
56 76 50
56 76 50
56 76 50
56 76 50
56 76 50
56 76 50
56 76 50
56 76 50
56 76 50
56 76 50
56 76 50
56 76 50
56 76 50
56 76 50
56 76 50
56 76 50
56 76 50
56 76 50
56 76 50
56 76 50
56 76 50
56 76 50
56 76 50
56 76 50
56 76 50
56 76 50
56 76 50
56 76 50
56 76 50
56 76 50
56 76 50
56 76 50
56 76 50
56 76 50
56 76 50
56 76 50
56 76 50
56 76 50
56 76 50
56 76 50
56 76 50
56 76 50
56 76 50
56 76 50
56 76 50
56 76 50
56 76 50
56 76 50
56 76 50
56 76 50
56 76 50
56 76 50
56 76 50
56 76 50
56 76 50
56 76 50
56 76 50
56 76 50
56 76 50
56 76 50
56 76 50
56 76 50
55 76 50
55 76 50
55 76 50
55 76 50
55 76 50
55 76 50
55 76 50
55 76 50
55 76 50
55 76 50
55 76 50
55 76 50
55 76 50
55 76 50
55 76 50
55 76 50
55 76 50
55 76 50
55 76 50
55 76 50
55 76 50
55 76 50
55 76 50
55 76 50
55 76 50
55 76 50
55 76 50
55 76 50
55 76 50
55 76 50
55 76 50
55 76 50
55 76 50
55 76 50
55 76 50
55 76 50
55 76 50
55 76 50
55 76 50
55 76 50
55 76 50
55 76 50
55 76 50
55 76 50
55 76 50
55 76 50
55 76 50
55 76 50
55 76 50
55 76 50
55 76 50
55 76 50
55 76 50
55 76 50
55 76 50
55 76 50
55 76 50
55 76 50
55 76 50
55 76 50
55 76 50
55 76 50
55 76 50
55 76 50
55 76 50
55 76 50
55 76 50
55 76 50
55 76 50
55 76 50
55 76 50
55 76 50
55 76 50
55 76 50
55 76 50
55 76 50
55 76 50
55 76 50
55 76 50
54 76 50
54 76 50
54 76 50
54 76 50
54 76 50
54 76 50
54 76 50
54 76 50
54 76 50
54 76 50
54 76 50
54 76 50
54 76 50
54 76 50
54 76 50
54 76 50
54 76 50
54 76 50
54 76 50
54 76 50
54 76 50
54 76 50
54 76 50
54 76 50
54 76 50
54 76 50
54 76 50
54 76 50
54 76 50
54 76 50
54 76 50
54 76 50
54 76 50
54 76 50
54 76 50
54 76 50
54 76 50
54 76 50
54 76 50
54 76 50
54 76 50
54 76 50
54 76 50
54 76 50
54 76 50
54 76 50
54 76 50
54 76 50
54 76 50
54 76 50
54 76 50
54 76 50
54 76 50
54 76 50
54 76 50
54 76 50
54 76 50
54 76 50
54 76 50
54 76 50
54 76 50
54 76 50
54 76 50
54 76 50
54 76 50
54 76 50
54 76 50
54 76 50
54 76 50
54 76 50
54 76 50
54 76 50
54 76 50
54 76 50
54 76 50
54 76 50
54 76 50
54 76 50
54 76 50
54 76 50
54 76 50
54 76 50
54 76 50
54 76 50
53 76 50
53 76 50
53 76 50
53 76 50
53 76 50
53 76 50
53 76 50
53 76 50
53 76 50
53 76 50
53 76 50
53 76 50
53 76 50
53 76 50
53 76 50
53 76 50
53 76 50
53 76 50
53 76 50
53 76 50
53 76 50
53 76 50
53 76 50
53 76 50
53 76 50
53 76 50
53 76 50
53 76 50
53 76 50
53 76 50
53 76 50
53 76 50
53 76 50
53 76 50
53 76 50
53 76 50
53 76 50
53 76 50
53 76 50
53 76 50
53 76 50
53 76 50
53 76 50
53 76 50
53 76 50
53 76 50
53 76 50
53 76 50
53 76 50
53 76 50
53 76 50
53 76 50
53 76 50
53 76 50
53 76 50
53 76 50
53 76 50
53 76 50
53 76 50
53 76 50
53 76 50
53 76 50
53 76 50
53 76 50
53 76 50
53 76 50
53 76 50
53 76 50
53 76 50
53 76 50
53 76 50
53 76 50
53 76 50
53 76 50
53 76 50
53 76 50
53 76 50
53 76 50
53 76 50
53 76 50
53 76 50
53 76 50
53 76 50
53 76 50
53 76 50
53 76 50
53 76 50
52 76 50
52 76 50
52 76 50
52 76 50
52 76 50
52 76 50
52 76 50
52 76 50
52 76 50
52 76 50
52 76 50
52 76 50
52 76 50
52 76 50
52 76 50
52 76 50
52 76 50
52 76 50
52 76 50
52 76 50
52 76 50
52 76 50
52 76 50
52 76 50
52 76 50
52 76 50
52 76 50
52 76 50
52 76 50
52 76 50
52 76 50
52 76 50
52 76 50
52 76 50
52 76 50
52 76 50
52 76 50
52 76 50
52 76 50
52 76 50
52 76 50
52 76 50
52 76 50
52 76 50
52 76 50
52 76 50
52 76 50
52 76 50
52 76 50
52 76 50
52 76 50
52 76 50
52 76 50
52 76 50
52 76 50
52 76 50
52 76 50
52 76 50
52 76 50
52 76 50
52 76 50
52 76 50
52 76 50
52 76 50
52 76 50
52 76 50
52 76 50
52 76 50
52 76 50
52 76 50
52 76 50
52 76 50
52 76 50
52 76 50
52 76 50
52 76 50
52 76 50
52 76 50
52 76 50
52 76 50
52 76 50
52 76 50
52 76 50
52 76 50
52 76 50
52 76 50
52 76 50
52 76 50
52 76 50
51 76 50
51 76 50
51 76 50
51 76 50
51 76 50
51 76 50
51 76 50
51 76 50
51 76 50
51 76 50
51 76 50
51 76 50
51 76 50
51 76 50
51 76 50
51 76 50
51 76 50
51 76 50
51 76 50
51 76 50
51 76 50
51 76 50
51 76 50
51 76 50
51 76 50
51 76 50
51 76 50
51 76 50
51 76 50
51 76 50
51 76 50
51 76 50
51 76 50
51 76 50
51 76 50
51 76 50
51 76 50
51 76 50
51 76 50
51 76 50
51 76 50
51 76 50
51 76 50
51 76 50
51 76 50
51 76 50
51 76 50
51 76 50
51 76 50
51 76 50
51 76 50
51 76 50
51 76 50
51 76 50
51 76 50
51 76 50
51 76 50
51 76 50
51 76 50
51 76 50
51 76 50
51 76 50
51 76 50
51 76 50
51 76 50
51 76 50
51 76 50
51 76 50
51 76 50
51 76 50
51 76 50
51 76 50
51 76 50
51 76 50
51 76 50
51 76 50
51 76 50
51 76 50
51 76 50
51 76 50
51 76 50
51 76 50
51 76 50
51 76 50
51 76 50
51 76 50
51 76 50
51 76 50
51 76 50
51 76 50
51 76 50
50 76 50
50 76 50
50 76 50
50 76 50
50 76 50
50 76 50
50 76 50
50 76 50
50 76 50
50 76 50
50 76 50
50 76 50
50 76 50
50 76 50
50 76 50
50 76 50
50 76 50
50 76 50
50 76 50
50 76 50
50 76 50
50 76 50
50 76 50
50 76 50
50 76 50
50 76 50
50 76 50
50 76 50
50 76 50
50 76 50
50 76 50
50 76 50
50 76 50
50 76 50
50 76 50
50 76 50
50 76 50
50 76 50
50 76 50
50 76 50
50 76 50
50 76 50
50 76 50
50 76 50
50 76 50
50 76 50
50 76 50
50 76 50
50 76 50
50 76 50
50 76 50
50 76 50
50 76 50
50 76 50
50 76 50
50 76 50
50 76 50
50 76 50
50 76 50
50 76 50
50 76 50
50 76 50
50 76 50
50 76 50
50 76 50
50 76 50
50 76 50
50 76 50
50 76 50
50 76 50
50 76 50
50 76 50
50 76 50
50 76 50
50 76 50
50 76 50
50 76 50
50 76 50
50 76 50
50 76 50
50 76 50
50 76 50
50 76 50
50 76 50
50 76 50
50 76 50
50 76 50
50 76 50
50 76 50
50 76 50
50 76 50
50 76 50
49 76 50
49 76 50
49 76 50
49 76 50
49 76 50
49 76 50
49 76 50
49 76 50
49 76 50
49 76 50
49 76 50
49 76 50
49 76 50
49 76 50
49 76 50
49 76 50
49 76 50
49 76 50
49 76 50
49 76 50
49 76 50
49 76 50
49 76 50
49 76 50
49 76 50
49 76 50
49 76 50
49 76 50
49 76 50
49 76 50
49 76 50
49 76 50
49 76 50
49 76 50
49 76 50
49 76 50
49 76 50
49 76 50
49 76 50
49 76 50
49 76 50
49 76 50
49 76 50
49 76 50
49 76 50
49 76 50
49 76 50
49 76 50
49 76 50
49 76 50
49 76 50
49 76 50
49 76 50
49 76 50
49 76 50
49 76 50
49 76 50
49 76 50
49 76 50
49 76 50
49 76 50
49 76 50
49 76 50
49 76 50
49 76 50
49 76 50
49 76 50
49 76 50
49 76 50
49 76 50
49 76 50
49 76 50
49 76 50
49 76 50
49 76 50
49 76 50
49 76 50
49 76 50
49 76 50
49 76 50
49 76 50
49 76 50
49 76 50
49 76 50
49 76 50
49 76 50
49 76 50
49 76 50
49 76 50
49 76 50
49 76 50
49 76 50
49 76 50
48 76 50
48 76 50
48 76 50
48 76 50
48 76 50
48 76 50
48 76 50
48 76 50
48 76 50
48 76 50
48 76 50
48 76 50
48 76 50
48 76 50
48 76 50
48 76 50
48 76 50
48 76 50
48 76 50
48 76 50
48 76 50
48 76 50
48 76 50
48 76 50
48 76 50
48 76 50
48 76 50
48 76 50
48 76 50
48 76 50
48 76 50
48 76 50
48 76 50
48 76 50
48 76 50
48 76 50
48 76 50
48 76 50
48 76 50
48 76 50
48 76 50
48 76 50
48 76 50
48 76 50
48 76 50
48 76 50
48 76 50
48 76 50
48 76 50
48 76 50
48 76 50
48 76 50
48 76 50
48 76 50
48 76 50
48 76 50
48 76 50
48 76 50
48 76 50
48 76 50
48 76 50
48 76 50
48 76 50
48 76 50
48 76 50
48 76 50
48 76 50
48 76 50
48 76 50
48 76 50
48 76 50
48 76 50
48 76 50
48 76 50
48 76 50
48 76 50
48 76 50
48 76 50
48 76 50
48 76 50
48 76 50
48 76 50
48 76 50
48 76 50
48 76 50
48 76 50
48 76 50
48 76 50
48 76 50
48 76 50
48 76 50
48 76 50
48 76 50
48 75 4600
48 75 50
48 74 50
48 74 50
48 74 50
48 74 50
48 74 50
48 74 50
48 74 50
48 74 50
48 74 50
48 74 50
48 74 50
48 74 50
48 74 50
48 74 50
48 74 50
48 74 50
48 74 50
48 74 50
48 74 50
48 74 50
48 74 50
48 74 50
48 74 50
48 74 50
48 74 50
48 74 50
48 74 50
48 74 50
48 74 50
48 74 50
48 74 50
48 74 50
48 74 50
48 74 50
48 74 50
48 74 50
48 74 50
48 74 50
48 74 50
48 74 50
48 74 50
48 74 50
48 74 50
48 74 50
48 74 50
48 74 50
48 74 50
48 74 50
48 74 50
48 74 50
48 74 50
48 74 50
48 74 50
48 74 50
48 74 50
48 74 50
48 74 50
48 74 50
48 74 50
48 74 50
48 74 50
48 74 50
48 74 50
48 74 50
48 74 50
48 74 50
48 74 50
48 74 50
48 74 50
48 74 50
48 74 50
48 74 50
48 74 50
48 74 50
48 74 50
48 74 50
48 74 50
48 74 50
48 74 50
48 74 50
48 74 50
48 74 50
48 74 50
48 74 50
48 74 50
48 74 50
48 74 50
48 74 50
48 74 50
48 74 50
48 74 50
48 74 50
48 73 50
48 73 50
48 73 50
48 73 50
48 73 50
48 73 50
48 73 50
48 73 50
48 73 50
48 73 50
48 73 50
48 73 50
48 73 50
48 73 50
48 73 50
48 73 50
48 73 50
48 73 50
48 73 50
48 73 50
48 73 50
48 73 50
48 73 50
48 73 50
48 73 50
48 73 50
48 73 50
48 73 50
48 73 50
48 73 50
48 73 50
48 73 50
48 73 50
48 73 50
48 73 50
48 73 50
48 73 50
48 73 50
48 73 50
48 73 50
48 73 50
48 73 50
48 73 50
48 73 50
48 73 50
48 73 50
48 73 50
48 73 50
48 73 50
48 73 50
48 73 50
48 73 50
48 73 50
48 73 50
48 73 50
48 73 50
48 73 50
48 73 50
48 73 50
48 73 50
48 73 50
48 73 50
48 73 50
48 73 50
48 73 50
48 73 50
48 73 50
48 73 50
48 73 50
48 73 50
48 73 50
48 73 50
48 73 50
48 73 50
48 73 50
48 73 50
48 73 50
48 73 50
48 73 50
48 73 50
48 73 50
48 73 50
48 73 50
48 73 50
48 73 50
48 73 50
48 73 50
48 73 50
48 73 50
48 73 50
48 73 50
48 73 50
48 73 50
48 72 50
48 72 50
48 72 50
48 72 50
48 72 50
48 72 50
48 72 50
48 72 50
48 72 50
48 72 50
48 72 50
48 72 50
48 72 50
48 72 50
48 72 50
48 72 50
48 72 50
48 72 50
48 72 50
48 72 50
48 72 50
48 72 50
48 72 50
48 72 50
48 72 50
48 72 50
48 72 50
48 72 50
48 72 50
48 72 50
48 72 50
48 72 50
48 72 50
48 72 50
48 72 50
48 72 50
48 72 50
48 72 50
48 72 50
48 72 50
48 72 50
48 72 50
48 72 50
48 72 50
48 72 50
48 72 50
48 72 50
48 72 50
48 72 50
48 72 50
48 72 50
48 72 50
48 72 50
48 72 50
48 72 50
48 72 50
48 72 50
48 72 50
48 72 50
48 72 50
48 72 50
48 72 50
48 72 50
48 72 50
48 72 50
48 72 50
48 72 50
48 72 50
48 72 50
48 72 50
48 72 50
48 72 50
48 72 50
48 72 50
48 72 50
48 72 50
48 72 50
48 72 50
48 72 50
48 72 50
48 72 50
48 72 50
48 72 50
48 72 50
48 72 50
48 72 50
48 72 50
48 72 50
48 72 50
48 72 50
48 72 50
48 72 50
48 72 50
48 72 50
48 71 50
48 71 50
48 71 50
48 71 50
48 71 50
48 71 50
48 71 50
48 71 50
48 71 50
48 71 50
48 71 50
48 71 50
48 71 50
48 71 50
48 71 50
48 71 50
48 71 50
48 71 50
48 71 50
48 71 50
48 71 50
48 71 50
48 71 50
48 71 50
48 71 50
48 71 50
48 71 50
48 71 50
48 71 50
48 71 50
48 71 50
48 71 50
48 71 50
48 71 50
48 71 50
48 71 50
48 71 50
48 71 50
48 71 50
48 71 50
48 71 50
48 71 50
48 71 50
48 71 50
48 71 50
48 71 50
48 71 50
48 71 50
48 71 50
48 71 50
48 71 50
48 71 50
48 71 50
48 71 50
48 71 50
48 71 50
48 71 50
48 71 50
48 71 50
48 71 50
48 71 50
48 71 50
48 71 50
48 71 50
48 71 50
48 71 50
48 71 50
48 71 50
48 71 50
48 71 50
48 71 50
48 71 50
48 71 50
48 71 50
48 71 50
48 71 50
48 71 50
48 71 50
48 71 50
48 71 50
48 71 50
48 71 50
48 71 50
48 71 50
48 71 50
48 71 50
48 71 50
48 71 50
48 71 50
48 71 50
48 71 50
48 71 50
48 71 50
48 71 50
48 71 50
48 70 50
48 70 50
48 70 50
48 70 50
48 70 50
48 70 50
48 70 50
48 70 50
48 70 50
48 70 50
48 70 50
48 70 50
48 70 50
48 70 50
48 70 50
48 70 50
48 70 50
48 70 50
48 70 50
48 70 50
48 70 50
48 70 50
48 70 50
48 70 50
48 70 50
48 70 50
48 70 50
48 70 50
48 70 50
48 70 50
48 70 50
48 70 50
48 70 50
48 70 50
48 70 50
48 70 50
48 70 50
48 70 50
48 70 50
48 70 50
48 70 50
48 70 50
48 70 50
48 70 50
48 70 50
48 70 50
48 70 50
48 70 50
48 70 50
48 70 50
48 70 50
48 70 50
48 70 50
48 70 50
48 70 50
48 70 50
48 70 50
48 70 50
48 70 50
48 70 50
48 70 50
48 70 50
48 70 50
48 70 50
48 70 50
48 70 50
48 70 50
48 70 50
48 70 50
48 70 50
48 70 50
48 70 50
48 70 50
48 70 50
48 70 50
48 70 50
48 70 50
48 70 50
48 70 50
48 70 50
48 70 50
48 70 50
48 70 50
48 70 50
48 70 50
48 70 50
48 70 50
48 70 50
48 70 50
48 70 50
48 70 50
48 70 50
48 70 50
48 70 50
48 70 50
48 70 50
48 70 50
48 69 50
48 69 50
48 69 50
48 69 50
48 69 50
48 69 50
48 69 50
48 69 50
48 69 50
48 69 50
48 69 50
48 69 50
48 69 50
48 69 50
48 69 50
48 69 50
48 69 50
48 69 50
48 69 50
48 69 50
48 69 50
48 69 50
48 69 50
48 69 50
48 69 50
48 69 50
48 69 50
48 69 50
48 69 50
48 69 50
48 69 50
48 69 50
48 69 50
48 69 50
48 69 50
48 69 50
48 69 50
48 69 50
48 69 50
48 69 50
48 69 50
48 69 50
48 69 50
48 69 50
48 69 50
48 69 50
48 69 50
48 69 50
48 69 50
48 69 50
48 69 50
48 69 50
48 69 50
48 69 50
48 69 50
48 69 50
48 69 50
48 69 50
48 69 50
48 69 50
48 69 50
48 69 50
48 69 50
48 69 50
48 69 50
48 69 50
48 69 50
48 69 50
48 69 50
48 69 50
48 69 50
48 69 50
48 69 50
48 69 50
48 69 50
48 69 50
48 69 50
48 69 50
48 69 50
48 69 50
48 69 50
48 69 50
48 69 50
48 69 50
48 69 50
48 69 50
48 69 50
48 69 50
48 69 50
48 69 50
48 69 50
48 69 50
48 69 50
48 69 50
48 69 50
48 69 50
48 68 50
48 68 50
48 68 50
48 68 50
48 68 50
48 68 50
48 68 50
48 68 50
48 68 50
48 68 50
48 68 50
48 68 50
48 68 50
48 68 50
48 68 50
48 68 50
48 68 50
48 68 50
48 68 50
48 68 50
48 68 50
48 68 50
48 68 50
48 68 50
48 68 50
48 68 50
48 68 50
48 68 50
48 68 50
48 68 50
48 68 50
48 68 50
48 68 50
48 68 50
48 68 50
48 68 50
48 68 50
48 68 50
48 68 50
48 68 50
48 68 50
48 68 50
48 68 50
48 68 50
48 68 50
48 68 50
48 68 50
48 68 50
48 68 50
48 68 50
48 68 50
48 68 50
48 68 50
48 68 50
48 68 50
48 68 50
48 68 50
48 68 50
48 68 50
48 68 50
48 68 50
48 68 50
48 68 50
48 68 50
48 68 50
48 68 50
48 68 50
48 68 50
48 68 50
48 68 50
48 68 50
48 68 50
48 68 50
48 68 50
48 68 50
48 68 50
48 68 50
48 68 50
48 68 50
48 68 50
48 68 50
48 68 50
48 68 50
48 68 50
48 68 50
48 68 50
48 68 50
48 68 50
48 68 50
48 68 50
48 68 50
48 68 50
48 68 50
48 67 50
48 67 50
48 67 50
48 67 50
48 67 50
48 67 50
48 67 50
48 67 50
48 67 50
48 67 50
48 67 50
48 67 50
48 67 50
48 67 50
48 67 50
48 67 50
48 67 50
48 67 50
48 67 50
48 67 50
48 67 50
48 67 50
48 67 50
48 67 50
48 67 50
48 67 50
48 67 50
48 67 50
48 67 50
48 67 50
48 67 50
48 67 50
48 67 50
48 67 50
48 67 50
48 67 50
48 67 50
48 67 50
48 67 50
48 67 50
48 67 50
48 67 50
48 67 50
48 67 50
48 67 50
48 67 50
48 67 50
48 67 50
48 67 50
48 67 50
48 67 50
48 67 50
48 67 50
48 67 50
48 67 50
48 67 50
48 67 50
48 67 50
48 67 50
48 67 50
48 67 50
48 67 50
48 67 50
48 67 50
48 67 50
48 67 50
48 67 50
48 67 50
48 67 50
48 67 50
48 67 50
48 67 50
48 67 50
48 67 50
48 67 50
48 67 50
48 67 50
48 67 50
48 67 50
48 67 50
48 67 50
48 67 50
48 67 50
48 67 50
48 67 50
48 67 50
48 67 50
48 66 50
48 66 50
48 66 50
48 66 50
48 66 50
48 66 50
48 66 50
48 66 50
48 66 50
48 66 50
48 66 50
48 66 50
48 66 50
48 66 50
48 66 50
48 66 50
48 66 50
48 66 50
48 66 50
48 66 50
48 66 50
48 66 50
48 66 50
48 66 50
48 66 50
48 66 50
48 66 50
48 66 50
48 66 50
48 66 50
48 66 50
48 66 50
48 66 50
48 66 50
48 66 50
48 66 50
48 66 50
48 66 50
48 66 50
48 66 50
48 66 50
48 66 50
48 66 50
48 66 50
48 66 50
48 66 50
48 66 50
48 66 50
48 66 50
48 66 50
48 66 50
48 66 50
48 66 50
48 66 50
48 66 50
48 66 50
48 66 50
48 66 50
48 66 50
48 66 50
48 66 50
48 66 50
48 66 50
48 66 50
48 66 50
48 66 50
48 66 50
48 66 50
48 66 50
48 66 50
48 66 50
48 66 50
48 66 50
48 66 50
48 66 50
48 66 50
48 66 50
48 66 50
48 66 50
48 65 50
48 65 50
48 65 50
48 65 50
48 65 50
48 65 50
48 65 50
48 65 50
48 65 50
48 65 50
48 65 50
48 65 50
48 65 50
48 65 50
48 65 50
48 65 50
48 65 50
48 65 50
48 65 50
48 65 50
48 65 50
48 65 50
48 65 50
48 65 50
48 65 50
48 65 50
48 65 50
48 65 50
48 65 50
48 65 50
48 65 50
48 65 50
48 65 50
48 65 50
48 65 50
48 65 50
48 65 50
48 65 50
48 65 50
48 65 50
48 65 50
48 65 50
48 65 50
48 65 50
48 65 50
48 65 50
48 65 50
48 65 50
48 65 50
48 65 50
48 65 50
48 65 50
48 65 50
48 65 50
48 65 50
48 65 50
48 65 50
48 65 50
48 65 50
48 65 50
48 65 50
48 65 50
48 65 50
48 65 50
48 65 50
48 65 50
48 65 50
48 65 50
48 65 50
48 64 50
48 64 50
48 64 50
48 64 50
48 64 50
48 64 50
48 64 50
48 64 50
48 64 50
48 64 50
48 64 50
48 64 50
48 64 50
48 64 50
48 64 50
48 64 50
48 64 50
48 64 50
48 64 50
48 64 50
48 64 50
48 64 50
48 64 50
48 64 50
48 64 50
48 64 50
48 64 50
48 64 50
48 64 50
48 64 50
48 64 50
48 64 50
48 64 50
48 64 50
48 64 50
48 64 50
48 64 50
48 64 50
48 64 50
48 64 50
48 64 50
48 64 50
48 64 50
48 64 50
48 64 50
48 64 50
48 64 50
48 64 50
48 64 50
48 64 50
48 64 50
48 64 50
48 64 50
48 64 50
48 64 50
48 64 50
48 64 50
48 64 50
48 63 50
48 63 50
48 63 50
48 63 50
48 63 50
48 63 50
48 63 50
48 63 50
48 63 50
48 63 50
48 63 50
48 63 50
48 63 50
48 63 50
48 63 50
48 63 50
48 63 50
48 63 50
48 63 50
48 63 50
48 63 50
48 63 50
48 63 50
48 63 50
48 63 50
48 63 50
48 63 50
48 63 50
48 63 50
48 63 50
48 63 50
48 63 50
48 63 50
48 63 50
48 63 50
48 63 50
48 63 50
48 63 50
48 63 50
48 63 50
48 63 50
48 63 50
48 63 50
48 63 50
48 63 50
48 63 50
48 63 50
48 63 50
48 62 50
48 62 50
48 62 50
48 62 50
48 62 50
48 62 50
48 62 50
48 62 50
48 62 50
48 62 50
48 62 50
48 62 50
48 62 50
48 62 50
48 62 50
48 62 50
48 62 50
48 62 50
48 62 50
48 62 50
48 62 50
48 62 50
48 62 50
48 62 50
48 62 50
48 62 50
48 62 50
48 62 50
48 62 50
48 62 50
48 62 50
48 62 50
48 62 50
48 62 50
48 62 50
48 62 50
48 62 50
48 62 50
48 62 50
48 61 50
48 61 50
48 61 50
48 61 50
48 61 50
48 61 50
48 61 50
48 61 50
48 61 50
48 61 50
48 61 50
48 61 50
48 61 50
48 61 50
48 61 50
48 61 50
48 61 50
48 61 50
48 61 50
48 61 50
48 61 50
48 61 50
48 61 50
48 61 50
48 61 50
48 61 50
48 61 50
48 61 50
48 61 50
48 61 50
48 61 50
48 61 50
48 60 50
48 60 50
48 60 50
48 60 50
48 60 50
48 60 50
48 60 50
48 60 50
48 60 50
48 60 50
48 60 50
48 60 50
48 60 50
48 60 50
48 60 50
48 60 50
48 60 50
48 60 50
48 60 50
48 60 50
48 60 50
48 60 50
48 60 50
48 60 50
48 60 50
48 60 50
48 60 50
48 59 50
48 59 50
48 59 50
48 59 50
48 59 50
48 59 50
48 59 50
48 59 50
48 59 50
48 59 50
48 59 50
48 59 50
48 59 50
48 59 50
48 59 50
48 59 50
48 59 50
48 59 50
48 59 50
48 59 50
48 59 50
48 59 50
48 59 50
48 58 50
48 58 50
48 58 50
48 58 50
48 58 50
48 58 50
48 58 50
48 58 50
48 58 50
48 58 50
48 58 50
48 58 50
48 58 50
48 58 50
48 58 50
48 58 50
48 58 50
48 58 50
48 58 50
48 58 50
48 57 50
48 57 50
48 57 50
48 57 50
48 57 50
48 57 50
48 57 50
48 57 50
48 57 50
48 57 50
48 57 50
48 57 50
48 57 50
48 57 50
48 57 50
48 57 50
48 57 50
48 56 50
48 56 50
48 56 50
48 56 50
48 56 50
48 56 50
48 56 50
48 56 50
48 56 50
48 56 50
48 56 50
48 56 50
48 56 50
48 56 50
48 55 50
48 55 50
48 55 50
48 55 50
48 55 50
48 55 50
48 55 50
48 55 50
48 55 50
48 55 50
48 55 50
48 54 50
48 54 50
48 54 50
48 54 50
48 54 50
48 54 50
48 54 50
48 54 50
48 53 50
48 53 50
48 53 50
48 53 50
48 53 50
48 52 50
48 52 50
48 52 50
48 52 50
48 51 50
48 51 50
48 51 50
48 50 50
48 50 50
48 49 50
76 77 50
76 77 50
76 77 50
76 77 50
76 77 50
76 77 50
76 77 50
76 77 50
76 78 50
76 78 50
76 78 50
76 78 50
76 78 50
76 78 50
76 78 50
76 78 50
76 78 50
76 79 50
76 79 50
76 79 50
76 79 50
76 79 50
76 79 50
76 79 50
76 79 50
76 79 50
76 80 50
76 80 50
76 80 50
76 80 50
76 80 50
76 80 50
76 80 50
76 80 50
76 80 50
76 80 50
76 80 50
76 81 50
76 81 50
76 81 50
76 81 50
76 81 50
76 81 50
76 81 50
76 81 50
76 81 50
76 81 50
76 81 50
76 81 50
76 82 50
76 82 50
76 82 50
76 82 50
76 82 50
76 82 50
76 82 50
76 82 50
76 82 50
76 82 50
76 82 50
76 82 50
76 82 50
76 83 50
76 83 50
76 83 50
76 83 50
76 83 50
76 83 50
76 83 50
76 83 50
76 83 50
76 83 50
76 83 50
76 83 50
76 83 50
76 84 50
76 84 50
76 84 50
76 84 50
76 84 50
76 84 50
76 84 50
76 84 50
76 84 50
76 84 50
76 84 50
76 84 50
76 84 50
76 85 50
76 85 50
76 85 50
76 85 50
76 85 50
76 85 50
76 85 50
76 85 50
76 85 50
76 85 50
76 85 50
76 86 50
76 86 50
76 86 50
76 86 50
76 86 50
76 86 50
76 86 50
76 86 50
76 86 50
76 86 50
76 87 50
76 87 50
76 87 50
76 87 50
76 87 50
76 87 50
76 87 50
76 87 50
76 88 50
76 88 50
76 88 50
76 88 50
76 88 50
76 88 50
76 88 50
76 89 50
76 89 50
76 89 50
76 89 50
76 89 50
76 89 50
76 90 50
76 90 50
76 90 50
76 90 50
76 91 50
76 91 50
76 91 50
76 91 50
76 92 50
76 92 50
76 92 50
76 93 50
76 93 50
76 94 50
76 94 50
76 95 50
76 95 50
76 96 50
76 97 50
76 98 50
76 99 50
76 100 50
76 101 50
76 102 50
76 103 50
76 104 50
76 105 50
76 106 50
75 106 50
74 106 50
73 106 50
72 106 50
71 106 50
70 106 50
69 106 50
68 106 50
67 106 50
66 106 50
65 106 50
64 106 50
64 106 50
63 106 50
63 106 50
62 106 50
62 106 50
62 106 50
61 106 50
61 106 50
61 106 50
61 106 50
60 106 50
60 106 50
60 106 50
60 106 50
60 106 50
60 106 50
60 106 50
59 106 50
59 106 50
59 106 50
59 106 50
59 106 50
59 106 50
59 106 50
59 106 50
59 106 50
59 106 50
59 106 50
59 106 50
58 106 50
58 106 50
58 106 50
58 106 50
58 106 50
58 106 50
58 106 50
58 106 50
58 106 50
58 106 50
58 106 50
58 106 50
58 106 50
58 106 50
58 106 50
58 106 50
58 106 50
58 106 50
57 106 50
57 106 50
57 106 50
57 106 50
57 106 50
57 106 50
57 106 50
57 106 50
57 106 50
57 106 50
57 106 50
57 106 50
57 106 50
57 106 50
57 106 50
57 106 50
57 106 50
57 106 50
57 106 50
57 106 50
57 106 50
57 106 50
57 106 50
57 106 50
57 106 50
57 106 50
56 106 50
56 106 50
56 106 50
56 106 50
56 106 50
56 106 50
56 106 50
56 106 50
56 106 50
56 106 50
56 106 50
56 106 50
56 106 50
56 106 50
56 106 50
56 106 50
56 106 50
56 106 50
56 106 50
56 106 50
56 106 50
56 106 50
56 106 50
56 106 50
56 106 50
56 106 50
56 106 50
56 106 50
56 106 50
56 106 50
56 106 50
56 106 50
56 106 50
56 106 50
55 106 50
55 106 50
55 106 50
55 106 50
55 106 50
55 106 50
55 106 50
55 106 50
55 106 50
55 106 50
55 106 50
55 106 50
55 106 50
55 106 50
55 106 50
55 106 50
55 106 50
55 106 50
55 106 50
55 106 50
55 106 50
55 106 50
55 106 50
55 106 50
55 106 50
55 106 50
55 106 50
55 106 50
55 106 50
55 106 50
55 106 50
55 106 50
55 106 50
55 106 50
55 106 50
55 106 50
55 106 50
55 106 50
55 106 50
55 106 50
54 106 50
54 106 50
54 106 50
54 106 50
54 106 50
54 106 50
54 106 50
54 106 50
54 106 50
54 106 50
54 106 50
54 106 50
54 106 50
54 106 50
54 106 50
54 106 50
54 106 50
54 106 50
54 106 50
54 106 50
54 106 50
54 106 50
54 106 50
54 106 50
54 106 50
54 106 50
54 106 50
54 106 50
54 106 50
54 106 50
54 106 50
54 106 50
54 106 50
54 106 50
54 106 50
54 106 50
54 106 50
54 106 50
54 106 50
54 106 50
54 106 50
54 106 50
54 106 50
54 106 50
54 106 50
54 106 50
53 106 50
53 106 50
53 106 50
53 106 50
53 106 50
53 106 50
53 106 50
53 106 50
53 106 50
53 106 50
53 106 50
53 106 50
53 106 50
53 106 50
53 106 50
53 106 50
53 106 50
53 106 50
53 106 50
53 106 50
53 106 50
53 106 50
53 106 50
53 106 50
53 106 50
53 106 50
53 106 50
53 106 50
53 106 50
53 106 50
53 106 50
53 106 50
53 106 50
53 106 50
53 106 50
53 106 50
53 106 50
53 106 50
53 106 50
53 106 50
53 106 50
53 106 50
53 106 50
53 106 50
53 106 50
53 106 50
53 106 50
53 106 50
53 106 50
53 106 50
53 106 50
52 106 50
52 106 50
52 106 50
52 106 50
52 106 50
52 106 50
52 106 50
52 106 50
52 106 50
52 106 50
52 106 50
52 106 50
52 106 50
52 106 50
52 106 50
52 106 50
52 106 50
52 106 50
52 106 50
52 106 50
52 106 50
52 106 50
52 106 50
52 106 50
52 106 50
52 106 50
52 106 50
52 106 50
52 106 50
52 106 50
52 106 50
52 106 50
52 106 50
52 106 50
52 106 50
52 106 50
52 106 50
52 106 50
52 106 50
52 106 50
52 106 50
52 106 50
52 106 50
52 106 50
52 106 50
52 106 50
52 106 50
52 106 50
52 106 50
52 106 50
52 106 50
52 106 50
52 106 50
52 106 50
52 106 50
51 106 50
51 106 50
51 106 50
51 106 50
51 106 50
51 106 50
51 106 50
51 106 50
51 106 50
51 106 50
51 106 50
51 106 50
51 106 50
51 106 50
51 106 50
51 106 50
51 106 50
51 106 50
51 106 50
51 106 50
51 106 50
51 106 50
51 106 50
51 106 50
51 106 50
51 106 50
51 106 50
51 106 50
51 106 50
51 106 50
51 106 50
51 106 50
51 106 50
51 106 50
51 106 50
51 106 50
51 106 50
51 106 50
51 106 50
51 106 50
51 106 50
51 106 50
51 106 50
51 106 50
51 106 50
51 106 50
51 106 50
51 106 50
51 106 50
51 106 50
51 106 50
51 106 50
51 106 50
51 106 50
51 106 50
51 106 50
51 106 50
51 106 50
50 106 50
50 106 50
50 106 50
50 106 50
50 106 50
50 106 50
50 106 50
50 106 50
50 106 50
50 106 50
50 106 50
50 106 50
50 106 50
50 106 50
50 106 50
50 106 50
50 106 50
50 106 50
50 106 50
50 106 50
50 106 50
50 106 50
50 106 50
50 106 50
50 106 50
50 106 50
50 106 50
50 106 50
50 106 50
50 106 50
50 106 50
50 106 50
50 106 50
50 106 50
50 106 50
50 106 50
50 106 50
50 106 50
50 106 50
50 106 50
50 106 50
50 106 50
50 106 50
50 106 50
50 106 50
50 106 50
50 106 50
50 106 50
50 106 50
50 106 50
50 106 50
50 106 50
50 106 50
50 106 50
50 106 50
50 106 50
50 106 50
50 106 50
50 106 50
50 106 50
49 106 50
49 106 50
49 106 50
49 106 50
49 106 50
49 106 50
49 106 50
49 106 50
49 106 50
49 106 50
49 106 50
49 106 50
49 106 50
49 106 50
49 106 50
49 106 50
49 106 50
49 106 50
49 106 50
49 106 50
49 106 50
49 106 50
49 106 50
49 106 50
49 106 50
49 106 50
49 106 50
49 106 50
49 106 50
49 106 50
49 106 50
49 106 50
49 106 50
49 106 50
49 106 50
49 106 50
49 106 50
49 106 50
49 106 50
49 106 50
49 106 50
49 106 50
49 106 50
49 106 50
49 106 50
49 106 50
49 106 50
49 106 50
49 106 50
49 106 50
49 106 50
49 106 50
49 106 50
49 106 50
49 106 50
49 106 50
49 106 50
49 106 50
49 106 50
49 106 50
49 106 50
48 106 50
48 106 50
48 106 50
48 106 50
48 106 50
48 106 50
48 106 50
48 106 50
48 106 50
48 106 50
48 106 50
48 106 50
48 106 50
48 106 50
48 106 50
48 106 50
48 106 50
48 106 50
48 106 50
48 106 50
48 106 50
48 106 50
48 106 50
48 106 50
48 106 50
48 106 50
48 106 50
48 106 50
48 106 50
48 106 50
48 106 50
48 106 50
48 106 50
48 106 50
48 106 50
48 106 50
48 106 50
48 106 50
48 106 50
48 106 50
48 106 50
48 106 50
48 106 50
48 106 50
48 106 50
48 106 50
48 106 50
48 106 50
48 106 50
48 106 50
48 106 50
48 106 50
48 106 50
48 106 50
48 106 50
48 106 50
48 106 50
48 106 50
48 106 50
48 106 50
48 106 50
48 106 50
47 106 50
47 106 50
47 106 50
47 106 50
47 106 50
47 106 50
47 106 50
47 106 50
47 106 50
47 106 50
47 106 50
47 106 50
47 106 50
47 106 50
47 106 50
47 106 50
47 106 50
47 106 50
47 106 50
47 106 50
47 106 50
47 106 50
47 106 50
47 106 50
47 106 50
47 106 50
47 106 50
47 106 50
47 106 50
47 106 50
47 106 50
47 106 50
47 106 50
47 106 50
47 106 50
47 106 50
47 106 50
47 106 50
47 106 50
47 106 50
47 106 50
47 106 50
47 106 50
47 106 50
47 106 50
47 106 50
47 106 50
47 106 50
47 106 50
47 106 50
47 106 50
47 106 50
47 106 50
47 106 50
47 106 50
47 106 50
47 106 50
47 106 50
47 106 50
47 106 50
47 106 50
47 106 50
46 106 50
46 106 50
46 106 50
46 106 50
46 106 50
46 106 50
46 106 50
46 106 50
46 106 50
46 106 50
46 106 50
46 106 50
46 106 50
46 106 50
46 106 50
46 106 50
46 106 50
46 106 50
46 106 50
46 106 50
46 106 50
46 106 50
46 106 50
46 106 50
46 106 50
46 106 50
46 106 50
46 106 50
46 106 50
46 106 50
46 106 50
46 106 50
46 106 50
46 106 50
46 106 50
46 106 50
46 106 50
46 106 50
46 106 50
46 106 50
46 106 50
46 106 50
46 106 50
46 106 50
46 106 50
46 106 50
46 106 50
46 106 50
46 106 50
46 106 50
46 106 50
46 106 50
46 106 50
46 106 50
46 106 50
46 106 50
46 106 50
46 106 50
46 106 50
46 106 50
46 106 50
46 106 50
45 106 50
45 106 50
45 106 50
45 106 50
45 106 50
45 106 50
45 106 50
45 106 50
45 106 50
45 106 50
45 106 50
45 106 50
45 106 50
45 106 50
45 106 50
45 106 50
45 106 50
45 106 50
45 106 50
45 106 50
45 106 50
45 106 50
45 106 50
45 106 50
45 106 50
45 106 50
45 106 50
45 106 50
45 106 50
45 106 50
45 106 50
45 106 50
45 106 50
45 106 50
45 106 50
45 106 50
45 106 50
45 106 50
45 106 50
45 106 50
45 106 50
45 106 50
45 106 50
45 106 50
45 106 50
45 106 50
45 106 50
45 106 50
45 106 50
45 106 50
45 106 50
45 106 50
45 106 50
45 106 50
45 106 50
45 106 50
45 106 50
45 106 50
45 106 50
45 106 50
45 106 50
45 106 50
45 106 50
44 106 50
44 106 50
44 106 50
44 106 50
44 106 50
44 106 50
44 106 50
44 106 50
44 106 50
44 106 50
44 106 50
44 106 50
44 106 50
44 106 50
44 106 50
44 106 50
44 106 50
44 106 50
44 106 50
44 106 50
44 106 50
44 106 50
44 106 50
44 106 50
44 106 50
44 106 50
44 106 50
44 106 50
44 106 50
44 106 50
44 106 50
44 106 50
44 106 50
44 106 50
44 106 50
44 106 50
44 106 50
44 106 50
44 106 50
44 106 50
44 106 50
44 106 50
44 106 50
44 106 50
44 106 50
44 106 50
44 106 50
44 106 50
44 106 50
44 106 50
44 106 50
44 106 50
44 106 50
44 106 50
44 106 50
44 106 50
44 106 50
44 106 50
44 106 50
44 106 50
44 106 50
44 106 50
43 106 50
43 106 50
43 106 50
43 106 50
43 106 50
43 106 50
43 106 50
43 106 50
43 106 50
43 106 50
43 106 50
43 106 50
43 106 50
43 106 50
43 106 50
43 106 50
43 106 50
43 106 50
43 106 50
43 106 50
43 106 50
43 106 50
43 106 50
43 106 50
43 106 50
43 106 50
43 106 50
43 106 50
43 106 50
43 106 50
43 106 50
43 106 50
43 106 50
43 106 50
43 106 50
43 106 50
43 106 50
43 106 50
43 106 50
43 106 50
43 106 50
43 106 50
43 106 50
43 106 50
43 106 50
43 106 50
43 106 50
43 106 50
43 106 50
43 106 50
43 106 50
43 106 50
43 106 50
43 106 50
43 106 50
43 106 50
43 106 50
43 106 50
43 106 50
43 106 50
43 106 50
42 106 50
42 106 50
42 106 50
42 106 50
42 106 50
42 106 50
42 106 50
42 106 50
42 106 50
42 106 50
42 106 50
42 106 50
42 106 50
42 106 50
42 106 50
42 106 50
42 106 50
42 106 50
42 106 50
42 106 50
42 106 50
42 106 50
42 106 50
42 106 50
42 106 50
42 106 50
42 106 50
42 106 50
42 106 50
42 106 50
42 106 50
42 106 50
42 106 50
42 106 50
42 106 50
42 106 50
42 106 50
42 106 50
42 106 50
42 106 50
42 106 50
42 106 50
42 106 50
42 106 50
42 106 50
42 106 50
42 106 50
42 106 50
42 106 50
42 106 50
42 106 50
42 106 50
42 106 50
42 106 50
42 106 50
42 106 50
42 106 50
42 106 50
42 107 2850
42 108 50
42 108 50
42 108 50
42 108 50
42 108 50
42 108 50
42 108 50
42 108 50
42 108 50
42 108 50
42 108 50
42 108 50
42 108 50
42 108 50
42 108 50
42 108 50
42 108 50
42 108 50
42 108 50
42 108 50
42 108 50
42 108 50
42 108 50
42 108 50
42 108 50
42 108 50
42 108 50
42 108 50
42 108 50
42 108 50
42 108 50
42 108 50
42 108 50
42 108 50
42 108 50
42 108 50
42 108 50
42 108 50
42 108 50
42 108 50
42 108 50
42 108 50
42 108 50
42 108 50
42 108 50
42 108 50
42 108 50
42 108 50
42 108 50
42 108 50
42 108 50
42 108 50
42 108 50
42 108 50
42 109 50
42 109 50
42 109 50
42 109 50
42 109 50
42 109 50
42 109 50
42 109 50
42 109 50
42 109 50
42 109 50
42 109 50
42 109 50
42 109 50
42 109 50
42 109 50
42 109 50
42 109 50
42 109 50
42 109 50
42 109 50
42 109 50
42 109 50
42 109 50
42 109 50
42 109 50
42 109 50
42 109 50
42 109 50
42 109 50
42 109 50
42 109 50
42 109 50
42 109 50
42 109 50
42 109 50
42 109 50
42 109 50
42 109 50
42 109 50
42 109 50
42 109 50
42 109 50
42 109 50
42 109 50
42 109 50
42 109 50
42 109 50
42 109 50
42 110 50
42 110 50
42 110 50
42 110 50
42 110 50
42 110 50
42 110 50
42 110 50
42 110 50
42 110 50
42 110 50
42 110 50
42 110 50
42 110 50
42 110 50
42 110 50
42 110 50
42 110 50
42 110 50
42 110 50
42 110 50
42 110 50
42 110 50
42 110 50
42 110 50
42 110 50
42 110 50
42 110 50
42 110 50
42 110 50
42 110 50
42 110 50
42 110 50
42 110 50
42 110 50
42 110 50
42 110 50
42 110 50
42 110 50
42 110 50
42 110 50
42 110 50
42 111 50
42 111 50
42 111 50
42 111 50
42 111 50
42 111 50
42 111 50
42 111 50
42 111 50
42 111 50
42 111 50
42 111 50
42 111 50
42 111 50
42 111 50
42 111 50
42 111 50
42 111 50
42 111 50
42 111 50
42 111 50
42 111 50
42 111 50
42 111 50
42 111 50
42 111 50
42 111 50
42 111 50
42 111 50
42 111 50
42 111 50
42 111 50
42 111 50
42 111 50
42 111 50
42 112 50
42 112 50
42 112 50
42 112 50
42 112 50
42 112 50
42 112 50
42 112 50
42 112 50
42 112 50
42 112 50
42 112 50
42 112 50
42 112 50
42 112 50
42 112 50
42 112 50
42 112 50
42 112 50
42 112 50
42 112 50
42 112 50
42 112 50
42 112 50
42 112 50
42 112 50
42 112 50
42 112 50
42 113 50
42 113 50
42 113 50
42 113 50
42 113 50
42 113 50
42 113 50
42 113 50
42 113 50
42 113 50
42 113 50
42 113 50
42 113 50
42 113 50
42 113 50
42 113 50
42 113 50
42 113 50
42 113 50
42 113 50
42 113 50
42 113 50
42 114 50
42 114 50
42 114 50
42 114 50
42 114 50
42 114 50
42 114 50
42 114 50
42 114 50
42 114 50
42 114 50
42 114 50
42 114 50
42 114 50
42 114 50
42 114 50
42 114 50
42 114 50
42 115 50
42 115 50
42 115 50
42 115 50
42 115 50
42 115 50
42 115 50
42 115 50
42 115 50
42 115 50
42 115 50
42 115 50
42 115 50
42 115 50
42 116 50
42 116 50
42 116 50
42 116 50
42 116 50
42 116 50
42 116 50
42 116 50
42 116 50
42 116 50
42 116 50
42 117 50
42 117 50
42 117 50
42 117 50
42 117 50
42 117 50
42 117 50
42 117 50
42 117 50
42 118 50
42 118 50
42 118 50
42 118 50
42 118 50
42 118 50
42 119 50
42 119 50
42 119 50
42 119 50
42 119 50
42 120 50
42 120 50
42 120 50
42 121 50
42 121 50
42 122 50
42 123 50
42 124 50
42 125 50
42 126 50
42 127 50
42 128 50
42 129 50
42 130 50
42 131 50
42 132 50
42 133 50
42 134 50
42 135 50
42 136 50
43 136 50
44 136 50
45 136 50
46 136 50
47 136 50
48 136 50
49 136 50
50 136 50
51 136 50
52 136 50
53 136 50
53 137 50
53 138 50
53 139 50
53 140 50
53 141 50
53 142 50
53 143 50
53 144 50
53 144 50
53 145 50
53 145 50
53 145 50
53 146 50
53 146 50
53 146 50
53 146 50
53 147 50
53 147 50
53 147 50
53 147 50
53 147 50
53 147 50
53 147 50
53 148 50
53 148 50
53 148 50
53 148 50
53 148 50
53 148 50
53 148 50
53 148 50
53 148 50
53 148 50
53 148 50
53 149 50
53 149 50
53 149 50
53 149 50
53 149 50
53 149 50
53 149 50
53 149 50
53 149 50
53 149 50
53 149 50
53 149 50
53 149 50
53 149 50
53 149 50
53 149 50
53 150 50
53 150 50
53 150 50
53 150 50
53 150 50
53 150 50
53 150 50
53 150 50
53 150 50
53 150 50
53 150 50
53 150 50
53 150 50
53 150 50
53 150 50
53 150 50
53 150 50
53 150 50
53 150 50
53 150 50
53 151 50
53 151 50
53 151 50
53 151 50
53 151 50
53 151 50
53 151 50
53 151 50
53 151 50
53 151 50
53 151 50
53 151 50
53 151 50
53 151 50
53 151 50
53 151 50
53 151 50
53 151 50
53 151 50
53 151 50
53 151 50
53 151 50
53 151 50
53 152 50
53 152 50
53 152 50
53 152 50
53 152 50
53 152 50
53 152 50
53 152 50
53 152 50
53 152 50
53 152 50
53 152 50
53 152 50
53 152 50
53 152 50
53 152 50
53 152 50
53 152 50
53 152 50
53 152 50
53 152 50
53 152 50
53 152 50
53 152 50
53 152 50
53 153 50
53 153 50
53 153 50
53 153 50
53 153 50
53 153 50
53 153 50
53 153 50
53 153 50
53 153 50
53 153 50
53 153 50
53 153 50
53 153 50
53 153 50
53 153 50
53 153 50
53 153 50
53 153 50
53 153 50
53 153 50
53 153 50
53 153 50
53 153 50
53 153 50
53 153 50
53 154 50
53 154 50
53 154 50
53 154 50
53 154 50
53 154 50
53 154 50
53 154 50
53 154 50
53 154 50
53 154 50
53 154 50
53 154 50
53 154 50
53 154 50
53 154 50
53 154 50
53 154 50
53 154 50
53 154 50
53 154 50
53 154 50
53 154 50
53 154 50
53 154 50
53 154 50
53 155 50
53 155 50
53 155 50
53 155 50
53 155 50
53 155 50
53 155 50
53 155 50
53 155 50
53 155 50
53 155 50
53 155 50
53 155 50
53 155 50
53 155 50
53 155 50
53 155 50
53 155 50
53 155 50
53 155 50
53 155 50
53 155 50
53 155 50
53 155 50
53 155 50
53 156 50
53 156 50
53 156 50
53 156 50
53 156 50
53 156 50
53 156 50
53 156 50
53 156 50
53 156 50
53 156 50
53 156 50
53 156 50
53 156 50
53 156 50
53 156 50
53 156 50
53 156 50
53 156 50
53 156 50
53 156 50
53 156 50
53 156 50
53 156 50
53 157 50
53 157 50
53 157 50
53 157 50
53 157 50
53 157 50
53 157 50
53 157 50
53 157 50
53 157 50
53 157 50
53 157 50
53 157 50
53 157 50
53 157 50
53 157 50
53 157 50
53 157 50
53 157 50
53 157 50
53 157 50
53 157 50
53 157 50
53 158 50
53 158 50
53 158 50
53 158 50
53 158 50
53 158 50
53 158 50
53 158 50
53 158 50
53 158 50
53 158 50
53 158 50
53 158 50
53 158 50
53 158 50
53 158 50
53 158 50
53 158 50
53 158 50
53 158 50
53 158 50
53 158 50
53 159 50
53 159 50
53 159 50
53 159 50
53 159 50
53 159 50
53 159 50
53 159 50
53 159 50
53 159 50
53 159 50
53 159 50
53 159 50
53 159 50
53 159 50
53 159 50
53 159 50
53 159 50
53 159 50
53 159 50
53 160 50
53 160 50
53 160 50
53 160 50
53 160 50
53 160 50
53 160 50
53 160 50
53 160 50
53 160 50
53 160 50
53 160 50
53 160 50
53 160 50
53 160 50
53 160 50
53 160 50
53 160 50
53 160 50
53 161 50
53 161 50
53 161 50
53 161 50
53 161 50
53 161 50
53 161 50
53 161 50
53 161 50
53 161 50
53 161 50
53 161 50
53 161 50
53 161 50
53 161 50
53 161 50
53 161 50
53 162 50
53 162 50
53 162 50
53 162 50
53 162 50
53 162 50
53 162 50
53 162 50
53 162 50
53 162 50
53 162 50
53 162 50
53 162 50
53 162 50
53 162 50
53 162 50
53 163 50
53 163 50
53 163 50
53 163 50
53 163 50
53 163 50
53 163 50
53 163 50
53 163 50
53 163 50
53 163 50
53 163 50
53 163 50
53 163 50
53 164 50
53 164 50
53 164 50
53 164 50
53 164 50
53 164 50
53 164 50
53 164 50
53 164 50
53 164 50
53 164 50
53 164 50
53 165 50
53 165 50
53 165 50
53 165 50
53 165 50
53 165 50
53 165 50
53 165 50
53 165 50
53 166 50
53 166 50
53 166 50
53 166 50
53 166 50
53 166 50
53 166 50
53 167 50
53 167 50
53 167 50
53 167 50
53 167 50
53 168 50
53 168 50
53 168 50
53 169 50
53 169 50
53 170 50
53 171 50
53 172 50
53 173 50
53 174 50
53 175 50
53 176 50
53 177 50
53 178 50
53 179 50
53 180 50
53 181 50
53 182 50
53 183 50
54 183 50
55 183 50
56 183 50
57 183 50
58 183 50
59 183 50
60 183 50
61 183 50
62 183 50
63 183 50
64 183 50
65 183 50
66 183 50
67 183 50
68 183 50
69 183 50
69 183 50
70 183 50
70 183 50
71 183 50
71 183 50
72 183 50
72 183 50
73 183 50
73 183 50
74 183 50
74 183 50
75 183 50
76 183 50
77 183 50
78 183 50
79 183 50
80 183 50
81 183 50
81 183 50
82 183 50
82 183 50
83 183 50
83 183 50
84 183 50
84 183 50
85 183 50
85 183 50
86 183 50
86 183 50
87 183 50
87 183 50
88 183 50
88 183 50
89 183 50
89 183 50
89 183 50
90 183 50
90 183 50
90 183 50
90 183 50
91 183 50
91 183 50
91 183 50
91 183 50
91 183 50
92 183 50
92 183 50
92 183 50
92 183 50
92 183 50
92 183 50
92 183 50
93 183 50
93 183 50
93 183 50
93 183 50
93 183 50
93 183 50
93 183 50
93 183 50
93 183 50
94 183 50
94 183 50
94 183 50
94 183 50
94 183 50
94 183 50
94 183 50
94 183 50
94 183 50
94 183 50
94 183 50
94 183 50
95 183 50
95 183 50
95 183 50
95 183 50
95 183 50
95 183 50
95 183 50
95 183 50
95 183 50
95 183 50
95 183 50
95 183 50
95 183 50
95 183 50
96 183 50
96 183 50
96 183 50
96 183 50
96 183 50
96 183 50
96 183 50
96 183 50
96 183 50
96 183 50
96 183 50
96 183 50
96 183 50
96 183 50
96 183 50
97 183 50
97 183 50
97 183 50
97 183 50
97 183 50
97 183 50
97 183 50
97 183 50
97 183 50
97 183 50
97 183 50
97 183 50
97 183 50
97 183 50
97 183 50
97 183 50
98 183 50
98 183 50
98 183 50
98 183 50
98 183 50
98 183 50
98 183 50
98 183 50
98 183 50
98 183 50
98 183 50
98 183 50
98 183 50
98 183 50
98 183 50
98 183 50
99 183 50
99 183 50
99 183 50
99 183 50
99 183 50
99 183 50
99 183 50
99 183 50
99 183 50
99 183 50
99 183 50
99 183 50
99 183 50
99 183 50
99 183 50
100 183 50
100 183 50
100 183 50
100 183 50
100 183 50
100 183 50
100 183 50
100 183 50
100 183 50
100 183 50
100 183 50
100 183 50
100 183 50
100 183 50
101 183 50
101 183 50
101 183 50
101 183 50
101 183 50
101 183 50
101 183 50
101 183 50
101 183 50
101 183 50
101 183 50
101 183 50
101 183 50
102 183 50
102 183 50
102 183 50
102 183 50
102 183 50
102 183 50
102 183 50
102 183 50
102 183 50
102 183 50
102 183 50
102 183 50
103 183 50
103 183 50
103 183 50
103 183 50
103 183 50
103 183 50
103 183 50
103 183 50
103 183 50
103 183 50
103 183 50
104 183 50
104 183 50
104 183 50
104 183 50
104 183 50
104 183 50
104 183 50
104 183 50
104 183 50
104 183 50
104 183 50
105 183 50
105 183 50
105 183 50
105 183 50
105 183 50
105 183 50
105 183 50
105 183 50
105 183 50
105 183 50
105 183 50
106 183 50
106 183 50
106 183 50
106 183 50
106 183 50
106 183 50
106 183 50
106 183 50
106 183 50
106 183 50
106 183 50
106 183 50
107 183 50
107 183 50
107 183 50
107 183 50
107 183 50
107 183 50
107 183 50
107 183 50
107 183 50
107 183 50
107 183 50
107 183 50
107 183 50
108 183 50
108 183 50
108 183 50
108 183 50
108 183 50
108 183 50
108 183 50
108 183 50
108 183 50
108 183 50
108 183 50
108 183 50
108 183 50
108 183 50
109 183 50
109 183 50
109 183 50
109 183 50
109 183 50
109 183 50
109 183 50
109 183 50
109 183 50
109 183 50
109 183 50
109 183 50
109 183 50
109 183 50
109 183 50
110 183 50
110 183 50
110 183 50
110 183 50
110 183 50
110 183 50
110 183 50
110 183 50
110 183 50
110 183 50
110 183 50
110 183 50
110 183 50
110 183 50
110 183 50
110 183 50
111 183 50
111 183 50
111 183 50
111 183 50
111 183 50
111 183 50
111 183 50
111 183 50
111 183 50
111 183 50
111 183 50
111 183 50
111 183 50
111 183 50
111 183 50
111 183 50
111 183 50
111 184 800
111 184 50
111 184 50
111 184 50
111 185 50
111 185 50
111 185 50
111 185 50
111 185 50
111 185 50
111 185 50
111 185 50
111 185 50
111 185 50
111 185 50
111 185 50
111 185 50
111 185 50
111 185 50
111 185 50
111 185 50
111 185 50
111 185 50
111 186 50
111 186 50
111 186 50
111 186 50
111 186 50
111 186 50
111 186 50
111 186 50
111 186 50
111 186 50
111 186 50
111 186 50
111 186 50
111 186 50
111 186 50
111 186 50
111 186 50
111 186 50
111 186 50
111 187 50
111 187 50
111 187 50
111 187 50
111 187 50
111 187 50
111 187 50
111 187 50
111 187 50
111 187 50
111 187 50
111 187 50
111 187 50
111 187 50
111 187 50
111 187 50
111 187 50
111 188 50
111 188 50
111 188 50
111 188 50
111 188 50
111 188 50
111 188 50
111 188 50
111 188 50
111 188 50
111 188 50
111 188 50
111 188 50
111 188 50
111 188 50
111 189 50
111 189 50
111 189 50
111 189 50
111 189 50
111 189 50
111 189 50
111 189 50
111 189 50
111 189 50
111 189 50
111 190 50
111 190 50
111 190 50
111 190 50
111 190 50
111 190 50
111 190 50
111 190 50
111 191 50
111 191 50
111 191 50
111 191 50
111 191 50
111 191 50
111 192 50
111 192 50
111 192 50
111 192 50
111 193 50
111 193 50
111 193 50
111 194 50
111 194 50
111 195 50
111 195 50
111 196 50
111 196 50
111 197 50
111 198 50
112 198 50
113 198 50
114 198 50
115 198 50
116 198 50
116 198 50
117 198 50
117 198 50
118 198 50
118 198 50
119 198 50
119 198 50
120 198 50
120 198 50
121 198 50
121 198 50
121 198 50
122 198 50
122 198 50
122 198 50
123 198 50
123 198 50
123 198 50
124 198 50
124 198 50
124 198 50
125 198 50
125 198 50
125 198 50
126 198 50
126 198 50
126 198 50
127 198 50
127 198 50
127 198 50
128 198 50
128 198 50
128 198 50
129 198 50
129 198 50
130 198 50
130 198 50
131 198 50
131 198 50
131 197 50
131 197 50
131 197 50
131 196 50
131 196 50
131 196 50
131 196 50
131 195 50
131 195 50
131 195 50
131 195 50
131 195 50
131 194 50
131 194 50
131 194 50
131 194 50
131 194 50
131 194 50
131 193 50
131 193 50
131 193 50
131 193 50
131 193 50
131 193 50
131 193 50
131 192 50
131 192 50
131 192 50
131 192 50
131 192 50
131 192 50
131 192 50
131 192 50
131 191 50
131 191 50
131 191 50
131 191 50
131 191 50
131 191 50
131 191 50
131 191 50
131 191 50
131 191 50
131 190 50
131 190 50
131 190 50
131 190 50
131 190 50
131 190 50
131 190 50
131 190 50
131 190 50
131 190 50
131 190 50
131 190 50
131 189 50
131 189 50
131 189 50
131 189 50
131 189 50
131 189 50
131 189 50
131 189 50
131 189 50
131 189 50
131 189 50
131 189 50
131 189 50
131 189 50
131 188 50
131 188 50
131 188 50
131 188 50
131 188 50
131 188 50
131 188 50
131 188 50
131 188 50
131 188 50
131 188 50
131 188 50
131 188 50
131 188 50
131 188 50
131 188 50
131 188 50
131 187 50
131 187 50
131 187 50
131 187 50
131 187 50
131 187 50
131 187 50
131 187 50
131 187 50
131 187 50
131 187 50
131 187 50
131 187 50
131 187 50
131 187 50
131 187 50
131 187 50
131 187 50
131 187 50
131 187 50
131 187 50
131 186 50
131 186 50
131 186 50
131 186 50
131 186 50
131 186 50
131 186 50
131 186 50
131 186 50
131 186 50
131 186 50
131 186 50
131 186 50
131 186 50
131 186 50
131 186 50
131 186 50
131 186 50
131 186 50
131 186 50
131 186 50
131 186 50
131 186 50
131 186 50
131 185 50
131 185 50
131 185 50
131 185 50
131 185 50
131 185 50
131 185 50
131 185 50
131 185 50
131 185 50
131 185 50
131 185 50
131 185 50
131 185 50
131 185 50
131 185 50
131 185 50
131 185 50
131 185 50
131 185 50
131 185 50
131 185 50
131 185 50
131 185 50
131 185 50
131 185 50
131 184 50
131 184 50
131 184 50
131 184 50
131 184 50
131 184 50
131 184 50
131 184 50
131 184 50
131 184 50
131 184 50
131 184 50
131 184 50
131 184 50
131 184 50
131 184 50
131 184 50
131 184 50
131 184 50
131 184 50
131 184 50
131 184 50
131 184 50
131 184 50
131 184 50
131 184 50
131 184 50
131 183 50
131 183 50
131 183 50
131 183 50
131 183 50
131 183 50
131 183 50
131 183 50
131 183 50
131 183 50
131 183 50
131 183 50
131 183 50
131 183 50
131 183 50
131 183 50
131 183 50
131 183 50
131 183 50
131 183 50
131 183 50
131 183 50
131 183 50
131 183 50
131 183 50
131 182 50
131 182 50
131 182 50
131 182 50
131 182 50
131 182 50
131 182 50
131 182 50
131 182 50
131 182 50
131 182 50
131 182 50
131 182 50
131 182 50
131 182 50
131 182 50
131 182 50
131 182 50
131 182 50
131 182 50
131 182 50
131 182 50
131 181 50
131 181 50
131 181 50
131 181 50
131 181 50
131 181 50
131 181 50
131 181 50
131 181 50
131 181 50
131 181 50
131 181 50
131 181 50
131 181 50
131 181 50
131 181 50
131 181 50
131 180 50
131 180 50
131 180 50
131 180 50
131 180 50
131 180 50
131 180 50
131 180 50
131 180 50
131 180 50
131 180 50
131 180 50
131 179 50
131 179 50
131 179 50
131 179 50
131 179 50
131 179 50
131 179 50
131 179 50
131 178 50
131 178 50
131 178 50
131 178 50
131 178 50
131 177 50
131 177 50
131 177 50
131 176 50
131 176 50
131 175 50
131 174 50
131 173 50
131 172 50
131 171 50
131 170 50
131 169 50
131 168 50
131 167 50
131 166 50
131 165 50
131 164 50
131 163 50
131 162 50
131 161 50
131 160 50
131 159 50
131 158 50
131 157 50
131 156 50
131 156 50
131 155 50
131 155 50
131 154 50
131 154 50
131 153 50
131 153 50
131 153 50
131 152 50
131 152 50
131 152 50
131 152 50
131 151 50
131 151 50
131 151 50
131 151 50
131 151 50
131 150 50
131 150 50
131 150 50
131 150 50
131 150 50
131 150 50
131 150 50
131 149 50
131 149 50
131 149 50
131 149 50
131 149 50
131 149 50
131 149 50
131 149 50
131 149 50
131 149 50
102 76 450
103 76 50
104 76 50
105 76 50
106 76 50
107 76 50
108 76 50
109 76 50
110 76 50
111 76 50
112 76 50
113 76 50
114 76 50
115 76 50
116 76 50
117 76 50
117 76 50
118 76 50
118 76 50
118 76 50
119 76 50
119 76 50
119 76 50
119 76 50
120 76 50
120 76 50
120 76 50
120 76 50
120 76 50
120 76 50
121 76 50
121 76 50
121 76 50
121 76 50
121 76 50
121 76 50
121 76 50
121 76 50
122 76 50
122 76 50
122 76 50
122 76 50
122 76 50
122 76 50
122 76 50
122 76 50
122 76 50
122 76 50
122 76 50
122 76 50
123 76 50
123 76 50
123 76 50
123 76 50
123 76 50
123 76 50
123 76 50
123 76 50
123 76 50
123 76 50
123 76 50
123 76 50
123 76 50
123 76 50
123 76 50
123 76 50
124 76 50
124 76 50
124 76 50
124 76 50
124 76 50
124 76 50
124 76 50
124 76 50
124 76 50
124 76 50
124 76 50
124 76 50
124 76 50
124 76 50
124 76 50
124 76 50
124 76 50
124 76 50
124 76 50
124 76 50
124 76 50
124 76 50
125 76 50
125 76 50
125 76 50
125 76 50
125 76 50
125 76 50
125 76 50
125 76 50
125 76 50
125 76 50
125 76 50
125 76 50
125 76 50
125 76 50
125 76 50
125 76 50
125 76 50
125 76 50
125 76 50
125 76 50
125 76 50
125 76 50
125 76 50
125 76 50
125 76 50
125 76 50
125 76 50
126 76 50
126 76 50
126 76 50
126 76 50
126 76 50
126 76 50
126 76 50
126 76 50
126 76 50
126 76 50
126 76 50
126 76 50
126 76 50
126 76 50
126 76 50
126 76 50
126 76 50
126 76 50
126 76 50
126 76 50
126 76 50
126 76 50
126 76 50
126 76 50
126 76 50
126 76 50
126 76 50
126 76 50
126 76 50
126 76 50
126 76 50
127 76 50
127 76 50
127 76 50
127 76 50
127 76 50
127 76 50
127 76 50
127 76 50
127 76 50
127 76 50
127 76 50
127 76 50
127 76 50
127 76 50
127 76 50
127 76 50
127 76 50
127 76 50
127 76 50
127 76 50
127 76 50
127 76 50
127 76 50
127 76 50
127 76 50
127 76 50
127 76 50
127 76 50
127 76 50
127 76 50
127 76 50
127 76 50
128 76 50
128 76 50
128 76 50
128 76 50
128 76 50
128 76 50
128 76 50
128 76 50
128 76 50
128 76 50
128 76 50
128 76 50
128 76 50
128 76 50
128 76 50
128 76 50
128 76 50
128 76 50
128 76 50
128 76 50
128 76 50
128 76 50
128 76 50
128 76 50
128 76 50
128 76 50
128 76 50
128 76 50
128 76 50
128 76 50
128 76 50
129 76 50
129 76 50
129 76 50
129 76 50
129 76 50
129 76 50
129 76 50
129 76 50
129 76 50
129 76 50
129 76 50
129 76 50
129 76 50
129 76 50
129 76 50
129 76 50
129 76 50
129 76 50
129 76 50
129 76 50
129 76 50
129 76 50
129 76 50
129 76 50
129 76 50
129 76 50
129 76 50
129 76 50
130 76 50
130 76 50
130 76 50
130 76 50
130 76 50
130 76 50
130 76 50
130 76 50
130 76 50
130 76 50
130 76 50
130 76 50
130 76 50
130 76 50
130 76 50
130 76 50
130 76 50
130 76 50
130 76 50
130 76 50
130 76 50
130 76 50
130 76 50
130 76 50
131 76 50
131 76 50
131 76 50
131 76 50
131 76 50
131 76 50
131 76 50
131 76 50
131 76 50
131 76 50
131 76 50
131 76 50
131 76 50
131 76 50
131 76 50
131 76 50
131 76 50
131 76 50
131 76 50
132 76 50
132 76 50
132 76 50
132 76 50
132 76 50
132 76 50
132 76 50
132 76 50
132 76 50
132 76 50
132 76 50
132 76 50
132 76 50
132 76 50
132 76 50
133 76 50
133 76 50
133 76 50
133 76 50
133 76 50
133 76 50
133 76 50
133 76 50
133 76 50
133 76 50
133 76 50
134 76 50
134 76 50
134 76 50
134 76 50
134 76 50
134 76 50
134 76 50
134 76 50
135 76 50
135 76 50
135 76 50
135 76 50
135 76 50
135 76 50
136 76 50
136 76 50
136 76 50
136 76 50
137 76 50
137 76 50
137 76 50
138 76 50
138 76 50
138 76 50
139 76 50
139 76 50
140 76 50
140 76 50
141 76 50
141 76 50
142 76 50
143 76 50
144 76 50
145 76 50
146 76 50
147 76 50
148 76 50
149 76 50
150 76 50
151 76 50
151 75 50
151 74 50
151 73 50
151 72 50
151 71 50
151 70 50
151 69 50
151 68 50
151 67 50
151 66 50
41 136 50
41 136 50
40 136 50
40 136 50
39 136 50
39 136 50
39 136 50
38 136 50
38 136 50
38 136 50
38 136 50
38 136 50
37 136 50
37 136 50
37 136 50
37 136 50
37 136 50
37 136 50
36 136 50
36 136 50
36 136 50
36 136 50
36 136 50
36 136 50
36 136 50
36 136 50
35 136 50
35 136 50
35 136 50
35 136 50
35 136 50
35 136 50
35 136 50
35 136 50
35 136 50
34 136 50
34 136 50
34 136 50
34 136 50
34 136 50
34 136 50
34 136 50
34 136 50
34 136 50
34 136 50
33 136 50
33 136 50
33 136 50
33 136 50
33 136 50
33 136 50
33 136 50
33 136 50
33 136 50
33 136 50
32 136 50
32 136 50
32 136 50
32 136 50
32 136 50
32 136 50
32 136 50
32 136 50
32 136 50
32 136 50
32 136 50
31 136 50
31 136 50
31 136 50
31 136 50
31 136 50
31 136 50
31 136 50
31 136 50
31 136 50
31 136 50
31 136 50
30 136 50
30 136 50
30 136 50
30 136 50
30 136 50
30 136 50
30 136 50
30 136 50
30 136 50
30 136 50
30 136 50
29 136 50
29 136 50
29 136 50
29 136 50
29 136 50
29 136 50
29 136 50
29 136 50
29 136 50
29 136 50
29 136 50
28 136 50
28 136 50
28 136 50
28 136 50
28 136 50
28 136 50
28 136 50
28 136 50
28 136 50
28 136 50
28 136 50
27 136 50
27 136 50
27 136 50
27 136 50
27 136 50
27 136 50
27 136 50
27 136 50
27 136 50
27 136 50
27 136 50
26 136 50
26 136 50
26 136 50
26 136 50
26 136 50
26 136 50
26 136 50
26 136 50
26 136 50
26 136 50
26 136 50
25 136 50
25 136 50
25 136 50
25 136 50
25 136 50
25 136 50
25 136 50
25 136 50
25 136 50
25 136 50
24 136 50
24 136 50
24 136 50
24 136 50
24 136 50
24 136 50
24 136 50
24 136 50
24 136 50
23 136 50
23 136 50
23 136 50
23 136 50
23 136 50
23 136 50
23 136 50
23 136 50
22 136 50
22 136 50
22 136 50
22 136 50
22 136 50
22 136 50
21 136 50
21 136 50
21 136 50
21 136 50
21 136 50
20 136 50
20 136 50
20 136 50
20 136 50
19 136 50
19 136 50
19 136 50
18 136 50
18 136 50
17 136 50
17 136 50
16 136 50
16 136 50
15 136 50
15 136 50
14 136 50
14 136 50
13 136 50
13 136 50
12 136 50
12 136 50
11 136 50
11 136 50
11 136 50
10 136 50
10 136 50
10 136 50
10 136 50
9 136 50
9 136 50
9 136 50
9 136 50
9 136 50
9 136 50
8 136 50
8 136 50
8 136 50
8 136 50
8 136 50
8 136 50
8 136 50
8 136 50
7 136 50
7 136 50
7 136 50
7 136 50
7 136 50
7 136 50
7 136 50
7 136 50
7 136 50
7 136 50
7 136 50
6 136 50
6 136 50
6 136 50
6 136 50
6 136 50
6 136 50
6 136 50
6 136 50
6 136 50
6 136 50
6 136 50
6 136 50
6 136 50
5 136 50
5 136 50
5 136 50
5 136 50
5 136 50
5 136 50
5 136 50
5 136 50
5 136 50
5 136 50
5 136 50
5 136 50
5 136 50
5 136 50
5 136 50
5 136 50
5 135 750
5 134 50
5 134 50
5 134 50
5 134 50
5 134 50
5 134 50
5 134 50
5 134 50
5 134 50
5 134 50
5 134 50
5 134 50
5 134 50
5 134 50
5 134 50
5 133 50
5 133 50
5 133 50
5 133 50
5 133 50
5 133 50
5 133 50
5 133 50
5 133 50
5 133 50
5 133 50
5 133 50
5 133 50
5 133 50
5 132 50
5 132 50
5 132 50
5 132 50
5 132 50
5 132 50
5 132 50
5 132 50
5 132 50
5 132 50
5 132 50
5 132 50
5 132 50
5 132 50
5 131 50
5 131 50
5 131 50
5 131 50
5 131 50
5 131 50
5 131 50
5 131 50
5 131 50
5 131 50
5 131 50
5 131 50
5 131 50
5 131 50
5 130 50
5 130 50
5 130 50
5 130 50
5 130 50
5 130 50
5 130 50
5 130 50
5 130 50
5 130 50
5 130 50
5 130 50
5 130 50
5 130 50
5 129 50
5 129 50
5 129 50
5 129 50
5 129 50
5 129 50
5 129 50
5 129 50
5 129 50
5 129 50
5 129 50
5 129 50
5 129 50
5 129 50
5 128 50
5 128 50
5 128 50
5 128 50
5 128 50
5 128 50
5 128 50
5 128 50
5 128 50
5 128 50
5 128 50
5 128 50
5 128 50
5 128 50
5 127 50
5 127 50
5 127 50
5 127 50
5 127 50
5 127 50
5 127 50
5 127 50
5 127 50
5 127 50
5 127 50
5 127 50
5 127 50
5 127 50
5 127 50
5 126 50
5 126 50
5 126 50
5 126 50
5 126 50
5 126 50
5 126 50
5 126 50
5 126 50
5 126 50
5 126 50
5 126 50
5 126 50
5 126 50
5 126 50
5 126 50
5 125 50
5 125 50
5 125 50
5 125 50
5 125 50
5 125 50
5 125 50
5 125 50
5 125 50
5 125 50
5 125 50
5 125 50
5 125 50
5 125 50
5 125 50
5 125 50
5 125 50
5 125 50
5 125 50
5 124 50
5 124 50
5 124 50
5 124 50
5 124 50
5 124 50
5 124 50
5 124 50
5 124 50
5 124 50
5 124 50
5 124 50
5 124 50
5 124 50
5 124 50
5 124 50
5 124 50
5 124 50
5 124 50
5 124 50
5 124 50
5 124 50
5 124 50
5 123 50
5 123 50
5 123 50
5 123 50
5 123 50
5 123 50
5 123 50
5 123 50
5 123 50
5 123 50
5 123 50
5 123 50
5 123 50
5 123 50
5 123 50
5 123 50
5 123 50
5 123 50
5 123 50
5 123 50
5 123 50
5 123 50
5 123 50
5 123 50
5 123 50
5 123 50
5 123 50
5 123 50
5 122 50
5 122 50
5 122 50
5 122 50
5 122 50
5 122 50
5 122 50
5 122 50
5 122 50
5 122 50
5 122 50
5 122 50
5 122 50
5 122 50
5 122 50
5 122 50
5 122 50
5 122 50
5 122 50
5 122 50
5 122 50
5 122 50
5 122 50
5 122 50
5 122 50
5 122 50
5 122 50
5 122 50
5 122 50
5 122 50
5 122 50
5 122 50
5 122 50
5 121 50
5 121 50
5 121 50
5 121 50
5 121 50
5 121 50
5 121 50
5 121 50
5 121 50
5 121 50
5 121 50
5 121 50
5 121 50
5 121 50
5 121 50
5 121 50
5 121 50
5 121 50
5 121 50
5 121 50
5 121 50
5 121 50
5 121 50
5 121 50
5 121 50
5 121 50
5 121 50
5 121 50
5 121 50
5 121 50
5 121 50
5 121 50
5 121 50
5 121 50
5 121 50
5 121 50
5 121 50
5 121 50
5 121 50
5 120 50
5 120 50
5 120 50
5 120 50
5 120 50
5 120 50
5 120 50
5 120 50
5 120 50
5 120 50
5 120 50
5 120 50
5 120 50
5 120 50
5 120 50
5 120 50
5 120 50
5 120 50
5 120 50
5 120 50
5 120 50
5 120 50
5 120 50
5 120 50
5 120 50
5 120 50
5 120 50
5 120 50
5 120 50
5 120 50
5 120 50
5 120 50
5 120 50
5 120 50
5 120 50
5 120 50
5 120 50
5 120 50
5 120 50
5 120 50
5 120 50
5 120 50
5 120 50
5 120 50
5 120 50
5 119 50
5 119 50
5 119 50
5 119 50
5 119 50
5 119 50
5 119 50
5 119 50
5 119 50
5 119 50
5 119 50
5 119 50
5 119 50
5 119 50
5 119 50
5 119 50
5 119 50
5 119 50
5 119 50
5 119 50
5 119 50
5 119 50
5 119 50
5 119 50
5 119 50
5 119 50
5 119 50
5 119 50
5 119 50
5 119 50
5 119 50
5 119 50
5 119 50
5 119 50
5 119 50
5 119 50
5 119 50
5 119 50
5 119 50
5 119 50
5 119 50
5 119 50
5 119 50
5 119 50
5 119 50
5 119 50
5 119 50
5 119 50
5 119 50
5 118 50
5 118 50
5 118 50
5 118 50
5 118 50
5 118 50
5 118 50
5 118 50
5 118 50
5 118 50
5 118 50
5 118 50
5 118 50
5 118 50
5 118 50
5 118 50
5 118 50
5 118 50
5 118 50
5 118 50
5 118 50
5 118 50
5 118 50
5 118 50
5 118 50
5 118 50
5 118 50
5 118 50
5 118 50
5 118 50
5 118 50
5 118 50
5 118 50
5 118 50
5 118 50
5 118 50
5 118 50
5 118 50
5 118 50
5 118 50
5 118 50
5 118 50
5 118 50
5 118 50
5 118 50
5 118 50
5 118 50
5 118 50
5 118 50
5 118 50
5 118 50
5 117 50
5 117 50
5 117 50
5 117 50
5 117 50
5 117 50
5 117 50
5 117 50
5 117 50
5 117 50
5 117 50
5 117 50
5 117 50
5 117 50
5 117 50
5 117 50
5 117 50
5 117 50
5 117 50
5 117 50
5 117 50
5 117 50
5 117 50
5 117 50
5 117 50
5 117 50
5 117 50
5 117 50
5 117 50
5 117 50
5 117 50
5 117 50
5 117 50
5 117 50
5 117 50
5 117 50
5 117 50
5 117 50
5 117 50
5 117 50
5 117 50
5 117 50
5 117 50
5 117 50
5 117 50
5 117 50
5 117 50
5 117 50
5 117 50
5 117 50
5 117 50
5 116 50
5 116 50
5 116 50
5 116 50
5 116 50
5 116 50
5 116 50
5 116 50
5 116 50
5 116 50
5 116 50
5 116 50
5 116 50
5 116 50
5 116 50
5 116 50
5 116 50
5 116 50
5 116 50
5 116 50
5 116 50
5 116 50
5 116 50
5 116 50
5 116 50
5 116 50
5 116 50
5 116 50
5 116 50
5 116 50
5 116 50
5 116 50
5 116 50
5 116 50
5 116 50
5 116 50
5 116 50
5 116 50
5 116 50
5 116 50
5 116 50
5 116 50
5 116 50
5 116 50
5 116 50
5 116 50
5 116 50
5 116 50
5 115 50
5 115 50
5 115 50
5 115 50
5 115 50
5 115 50
5 115 50
5 115 50
5 115 50
5 115 50
5 115 50
5 115 50
5 115 50
5 115 50
5 115 50
5 115 50
5 115 50
5 115 50
5 115 50
5 115 50
5 115 50
5 115 50
5 115 50
5 115 50
5 115 50
5 115 50
5 115 50
5 115 50
5 115 50
5 115 50
5 115 50
5 115 50
5 115 50
5 115 50
5 115 50
5 115 50
5 115 50
5 115 50
5 115 50
5 115 50
5 115 50
5 115 50
5 115 50
5 114 50
5 114 50
5 114 50
5 114 50
5 114 50
5 114 50
5 114 50
5 114 50
5 114 50
5 114 50
5 114 50
5 114 50
5 114 50
5 114 50
5 114 50
5 114 50
5 114 50
5 114 50
5 114 50
5 114 50
5 114 50
5 114 50
5 114 50
5 114 50
5 114 50
5 114 50
5 114 50
5 114 50
5 114 50
5 114 50
5 114 50
5 114 50
5 114 50
5 114 50
5 114 50
5 114 50
5 113 50
5 113 50
5 113 50
5 113 50
5 113 50
5 113 50
5 113 50
5 113 50
5 113 50
5 113 50
5 113 50
5 113 50
5 113 50
5 113 50
5 113 50
5 113 50
5 113 50
5 113 50
5 113 50
5 113 50
5 113 50
5 113 50
5 113 50
5 113 50
5 113 50
5 113 50
5 113 50
5 113 50
5 112 50
5 112 50
5 112 50
5 112 50
5 112 50
5 112 50
5 112 50
5 112 50
5 112 50
5 112 50
5 112 50
5 112 50
5 112 50
5 112 50
5 112 50
5 112 50
5 112 50
5 112 50
5 112 50
5 112 50
5 112 50
5 112 50
5 111 50
5 111 50
5 111 50
5 111 50
5 111 50
5 111 50
5 111 50
5 111 50
5 111 50
5 111 50
5 111 50
5 111 50
5 111 50
5 111 50
5 111 50
5 111 50
5 110 50
5 110 50
5 110 50
5 110 50
5 110 50
5 110 50
5 110 50
5 110 50
5 110 50
5 110 50
5 110 50
5 110 50
5 109 50
5 109 50
5 109 50
5 109 50
5 109 50
5 109 50
5 109 50
5 109 50
5 109 50
5 108 50
5 108 50
5 108 50
5 108 50
5 108 50
5 108 50
5 107 50
5 107 50
5 107 50
5 107 50
5 107 50
5 106 50
5 106 50
5 106 50
5 106 50
5 105 50
5 105 50
5 105 50
5 104 50
5 104 50
5 103 50
5 103 50
5 102 50
5 101 50
5 100 50
5 99 50
5 98 50
5 97 50
5 96 50
5 95 50
5 94 50
5 93 50
