80 118 80
79 118 80
78 118 80
77 118 80
76 118 80
75 118 80
74 118 80
73 118 80
72 118 80
71 118 80
70 118 80
69 118 80
68 118 80
67 118 80
66 118 80
65 118 80
64 118 80
63 118 80
62 118 80
61 118 80
60 118 80
59 118 80
58 118 80
57 118 80
56 118 80
55 118 80
54 118 80
54 118 80
53 118 80
53 118 80
52 118 80
52 118 80
51 118 80
51 118 80
50 118 80
50 118 80
49 118 80
49 118 80
49 118 80
48 118 80
48 118 80
48 118 80
47 118 80
47 118 80
47 118 80
47 118 80
46 118 80
46 118 80
46 118 80
46 118 80
46 118 80
45 118 80
45 118 80
45 118 80
45 118 80
45 118 80
45 118 80
44 118 80
44 118 80
44 118 80
44 118 80
44 118 80
44 118 80
44 118 80
44 118 80
43 118 80
43 118 80
43 118 80
43 118 80
43 118 80
43 118 80
43 118 80
43 118 80
43 118 80
42 118 80
42 118 80
42 118 80
42 118 80
42 118 80
42 118 80
42 118 80
42 118 80
42 118 80
42 118 80
41 118 80
41 118 80
41 118 80
41 118 80
41 118 80
41 118 80
41 118 80
41 118 80
41 118 80
41 118 80
41 118 80
40 118 80
40 118 80
40 118 80
40 118 80
40 118 80
40 118 80
40 118 80
40 118 80
40 118 80
40 118 80
40 118 80
39 118 80
39 118 80
39 118 80
39 118 80
39 118 80
39 118 80
39 118 80
39 118 80
39 118 80
39 118 80
39 118 80
38 118 80
38 118 80
38 118 80
38 118 80
38 118 80
38 118 80
38 118 80
38 118 80
38 118 80
38 118 80
37 118 80
37 118 80
37 118 80
37 118 80
37 118 80
37 118 80
37 118 80
37 118 80
37 118 80
36 118 80
36 118 80
36 118 80
36 118 80
36 118 80
36 118 80
36 118 80
36 118 80
35 118 80
35 118 80
35 118 80
35 118 80
35 118 80
35 118 80
35 118 80
34 118 80
34 118 80
34 118 80
34 118 80
34 118 80
34 118 80
33 118 80
33 118 80
33 118 80
33 118 80
33 118 80
32 118 80
32 118 80
32 118 80
32 118 80
31 118 80
31 118 80
31 118 80
30 118 80
30 118 80
30 118 80
29 118 80
29 118 80
29 118 80
28 118 80
28 118 80
28 118 80
27 118 80
27 118 80
27 118 80
26 118 80
26 118 80
26 118 80
26 118 80
25 118 80
25 118 80
25 118 80
25 118 80
24 118 80
24 118 80
24 118 80
24 118 80
24 118 80
23 118 80
23 118 80
23 118 80
23 118 80
23 118 80
23 118 80
23 118 80
22 118 80
22 118 80
22 118 80
22 118 80
22 118 80
22 118 80
22 118 80
22 118 80
22 118 80
21 118 80
21 118 80
21 118 80
21 118 80
21 118 80
21 118 80
21 118 80
21 118 80
21 118 80
21 118 80
21 118 80
21 118 80
20 118 80
20 118 80
20 118 80
20 118 80
20 118 80
20 118 80
20 118 80
20 118 80
20 118 80
20 118 80
20 118 80
20 118 80
20 118 80
20 118 80
20 118 80
19 118 80
19 118 80
19 118 80
19 118 80
19 118 80
19 118 80
19 118 80
19 118 80
19 118 80
19 118 80
19 118 80
19 118 80
19 118 80
19 118 80
19 118 80
19 118 80
19 118 80
19 118 80
19 117 1360
19 116 80
19 116 80
19 116 80
19 116 80
19 116 80
19 116 80
19 116 80
19 116 80
19 116 80
19 116 80
19 116 80
19 116 80
19 116 80
19 115 80
19 115 80
19 115 80
19 115 80
19 115 80
19 115 80
19 115 80
19 115 80
19 115 80
19 115 80
19 114 80
19 114 80
19 114 80
19 114 80
19 114 80
19 114 80
19 114 80
19 114 80
19 113 80
19 113 80
19 113 80
19 113 80
19 113 80
19 113 80
19 112 80
19 112 80
19 112 80
19 112 80
19 112 80
19 111 80
19 111 80
19 111 80
19 111 80
19 110 80
19 110 80
19 110 80
81 118 160
82 118 80
83 118 80
84 118 80
85 118 80
86 118 80
87 118 80
88 118 80
89 118 80
90 118 80
90 119 80
90 120 80
90 121 80
90 122 80
90 123 80
90 124 80
90 125 80
90 126 80
90 127 80
90 128 80
90 129 80
90 130 80
90 131 80
90 132 80
90 133 80
90 134 80
90 135 80
90 136 80
90 137 80
90 138 80
90 139 80
90 140 80
90 141 80
90 142 80
90 143 80
90 144 80
90 145 80
90 146 80
90 146 80
90 147 80
90 147 80
90 147 80
90 148 80
90 148 80
90 148 80
90 148 80
90 148 80
90 148 80
90 149 80
90 149 80
90 149 80
90 149 80
90 149 80
90 149 80
90 149 80
90 149 80
90 149 80
90 150 80
90 150 80
90 150 80
90 150 80
90 150 80
90 150 80
90 150 80
90 150 80
90 150 80
90 150 80
90 150 80
90 150 80
90 150 80
90 150 80
90 151 80
90 151 80
90 151 80
90 151 80
90 151 80
90 151 80
90 151 80
90 151 80
90 151 80
90 151 80
90 151 80
90 151 80
90 151 80
90 151 80
90 151 80
90 151 80
90 151 80
90 151 80
90 151 80
90 151 80
90 152 80
90 152 80
90 152 80
90 152 80
90 152 80
90 152 80
90 152 80
90 152 80
90 152 80
90 152 80
90 152 80
90 152 80
90 152 80
90 152 80
90 152 80
90 152 80
90 152 80
90 152 80
90 152 80
90 152 80
90 152 80
90 152 80
90 152 80
90 152 80
90 152 80
90 152 80
90 153 80
90 153 80
90 153 80
90 153 80
90 153 80
90 153 80
90 153 80
90 153 80
90 153 80
90 153 80
90 153 80
90 153 80
90 153 80
90 153 80
90 153 80
90 153 80
90 153 80
90 153 80
90 153 80
90 153 80
90 153 80
90 153 80
90 153 80
90 153 80
90 153 80
90 153 80
90 153 80
90 153 80
90 153 80
90 153 80
90 153 80
90 153 80
90 154 80
90 154 80
90 154 80
90 154 80
90 154 80
90 154 80
90 154 80
90 154 80
90 154 80
90 154 80
90 154 80
90 154 80
90 154 80
90 154 80
90 154 80
90 154 80
90 154 80
90 154 80
90 154 80
90 154 80
90 154 80
90 154 80
90 154 80
90 154 80
90 154 80
90 154 80
90 154 80
90 154 80
90 154 80
90 154 80
90 154 80
90 154 80
90 154 80
90 154 80
90 154 80
90 154 80
90 154 80
90 155 80
90 155 80
90 155 80
90 155 80
90 155 80
90 155 80
90 155 80
90 155 80
90 155 80
90 155 80
90 155 80
90 155 80
90 155 80
90 155 80
90 155 80
90 155 80
90 155 80
90 155 80
90 155 80
90 155 80
90 155 80
90 155 80
90 155 80
90 155 80
90 155 80
90 155 80
90 155 80
90 155 80
90 155 80
90 155 80
90 155 80
90 155 80
90 155 80
90 155 80
90 155 80
90 155 80
90 155 80
90 155 80
90 155 80
90 155 80
90 155 80
90 155 80
90 156 80
90 156 80
90 156 80
90 156 80
90 156 80
90 156 80
90 156 80
90 156 80
90 156 80
90 156 80
90 156 80
90 156 80
90 156 80
90 156 80
90 156 80
90 156 80
90 156 80
90 156 80
90 156 80
90 156 80
90 156 80
90 156 80
90 156 80
90 156 80
90 156 80
90 156 80
90 156 80
90 156 80
90 156 80
90 156 80
90 156 80
90 156 80
90 156 80
90 156 80
90 156 80
90 156 80
90 156 80
90 156 80
90 156 80
90 156 80
90 156 80
90 156 80
90 156 80
90 156 80
90 156 80
90 156 80
90 156 80
90 157 80
90 157 80
90 157 80
90 157 80
90 157 80
90 157 80
90 157 80
90 157 80
90 157 80
90 157 80
90 157 80
90 157 80
90 157 80
90 157 80
90 157 80
90 157 80
90 157 80
90 157 80
90 157 80
90 157 80
90 157 80
90 157 80
90 157 80
90 157 80
90 157 80
90 157 80
90 157 80
90 157 80
90 157 80
90 157 80
90 157 80
90 157 80
90 157 80
90 157 80
90 157 80
90 157 80
90 157 80
90 157 80
90 157 80
90 157 80
90 157 80
90 157 80
90 157 80
90 157 80
90 157 80
90 157 80
90 157 80
90 157 80
90 157 80
90 157 80
90 158 80
90 158 80
90 158 80
90 158 80
90 158 80
90 158 80
90 158 80
90 158 80
90 158 80
90 158 80
90 158 80
90 158 80
90 158 80
90 158 80
90 158 80
90 158 80
90 158 80
90 158 80
90 158 80
90 158 80
90 158 80
90 158 80
90 158 80
90 158 80
90 158 80
90 158 80
90 158 80
90 158 80
90 158 80
90 158 80
90 158 80
90 158 80
90 158 80
90 158 80
90 158 80
90 158 80
90 158 80
90 158 80
90 158 80
90 158 80
90 158 80
90 158 80
90 158 80
90 158 80
90 158 80
90 158 80
90 158 80
90 158 80
90 158 80
90 158 80
90 158 80
90 158 80
90 158 80
90 159 80
90 159 80
90 159 80
90 159 80
90 159 80
90 159 80
90 159 80
90 159 80
90 159 80
90 159 80
90 159 80
90 159 80
90 159 80
90 159 80
90 159 80
90 159 80
90 159 80
90 159 80
90 159 80
90 159 80
90 159 80
90 159 80
90 159 80
90 159 80
90 159 80
90 159 80
90 159 80
90 159 80
90 159 80
90 159 80
90 159 80
90 159 80
90 159 80
90 159 80
90 159 80
90 159 80
90 159 80
90 159 80
90 159 80
90 159 80
90 159 80
90 159 80
90 159 80
90 159 80
90 159 80
90 159 80
90 159 80
90 159 80
90 159 80
90 159 80
90 159 80
90 159 80
90 159 80
90 159 80
90 159 80
90 160 80
90 160 80
90 160 80
90 160 80
90 160 80
90 160 80
90 160 80
90 160 80
90 160 80
90 160 80
90 160 80
90 160 80
90 160 80
90 160 80
90 160 80
90 160 80
90 160 80
90 160 80
90 160 80
90 160 80
90 160 80
90 160 80
90 160 80
90 160 80
90 160 80
90 160 80
90 160 80
90 160 80
90 160 80
90 160 80
90 160 80
90 160 80
90 160 80
90 160 80
90 160 80
90 160 80
90 160 80
90 160 80
90 160 80
90 160 80
90 160 80
90 160 80
90 160 80
90 160 80
90 160 80
90 160 80
90 160 80
90 160 80
90 160 80
90 160 80
90 160 80
90 160 80
90 160 80
90 160 80
90 160 80
90 160 80
90 161 80
90 161 80
90 161 80
90 161 80
90 161 80
90 161 80
90 161 80
90 161 80
90 161 80
90 161 80
90 161 80
90 161 80
90 161 80
90 161 80
90 161 80
90 161 80
90 161 80
90 161 80
90 161 80
90 161 80
90 161 80
90 161 80
90 161 80
90 161 80
90 161 80
90 161 80
90 161 80
90 161 80
90 161 80
90 161 80
90 161 80
90 161 80
90 161 80
90 161 80
90 161 80
90 161 80
90 161 80
90 161 80
90 161 80
90 161 80
90 161 80
90 161 80
90 161 80
90 161 80
90 161 80
90 161 80
90 161 80
90 161 80
90 161 80
90 161 80
90 161 80
90 161 80
90 161 80
90 161 80
90 161 80
90 162 80
90 162 80
90 162 80
90 162 80
90 162 80
90 162 80
90 162 80
90 162 80
90 162 80
90 162 80
90 162 80
90 162 80
90 162 80
90 162 80
90 162 80
90 162 80
90 162 80
90 162 80
90 162 80
90 162 80
90 162 80
90 162 80
90 162 80
90 162 80
90 162 80
90 162 80
90 162 80
90 162 80
90 162 80
90 162 80
90 162 80
90 162 80
90 162 80
90 162 80
90 162 80
90 162 80
90 162 80
90 162 80
90 162 80
90 162 80
90 162 80
90 162 80
90 162 80
90 162 80
90 162 80
90 162 80
90 162 80
90 162 80
90 162 80
90 162 80
90 162 80
90 162 80
90 162 80
90 162 80
90 163 80
90 163 80
90 163 80
90 163 80
90 163 80
90 163 80
90 163 80
90 163 80
90 163 80
90 163 80
90 163 80
90 163 80
90 163 80
90 163 80
90 163 80
90 163 80
90 163 80
90 163 80
90 163 80
90 163 80
90 163 80
90 163 80
90 163 80
90 163 80
90 163 80
90 163 80
90 163 80
90 163 80
90 163 80
90 163 80
90 163 80
90 163 80
90 163 80
90 163 80
90 163 80
90 163 80
90 163 80
90 163 80
90 163 80
90 163 80
90 163 80
90 163 80
90 163 80
90 163 80
90 163 80
90 163 80
90 163 80
90 163 80
90 163 80
90 163 80
90 163 80
90 164 80
90 164 80
90 164 80
90 164 80
90 164 80
90 164 80
90 164 80
90 164 80
90 164 80
90 164 80
90 164 80
90 164 80
90 164 80
90 164 80
90 164 80
90 164 80
90 164 80
90 164 80
90 164 80
90 164 80
90 164 80
90 164 80
90 164 80
90 164 80
90 164 80
90 164 80
90 164 80
90 164 80
90 164 80
90 164 80
90 164 80
90 164 80
90 164 80
90 164 80
90 164 80
90 164 80
90 164 80
90 164 80
90 164 80
90 164 80
90 164 80
90 164 80
90 164 80
90 164 80
90 164 80
90 164 80
90 165 80
90 165 80
90 165 80
90 165 80
90 165 80
90 165 80
90 165 80
90 165 80
90 165 80
90 165 80
90 165 80
90 165 80
90 165 80
90 165 80
90 165 80
90 165 80
90 165 80
90 165 80
90 165 80
90 165 80
90 165 80
90 165 80
90 165 80
90 165 80
90 165 80
90 165 80
90 165 80
90 165 80
90 165 80
90 165 80
90 165 80
90 165 80
90 165 80
90 165 80
90 165 80
90 165 80
90 165 80
90 165 80
90 165 80
90 165 80
90 165 80
90 166 80
90 166 80
90 166 80
90 166 80
90 166 80
90 166 80
90 166 80
90 166 80
90 166 80
90 166 80
90 166 80
90 166 80
90 166 80
90 166 80
90 166 80
90 166 80
90 166 80
90 166 80
90 166 80
90 166 80
90 166 80
90 166 80
90 166 80
90 166 80
90 166 80
90 166 80
90 166 80
90 166 80
90 166 80
90 166 80
90 166 80
90 166 80
90 166 80
90 167 80
90 167 80
90 167 80
90 167 80
90 167 80
90 167 80
90 167 80
90 167 80
90 167 80
90 167 80
90 167 80
90 167 80
90 167 80
90 167 80
90 167 80
90 167 80
90 167 80
90 167 80
90 167 80
90 167 80
90 167 80
90 167 80
90 167 80
90 167 80
90 167 80
90 168 80
90 168 80
90 168 80
90 168 80
90 168 80
90 168 80
90 168 80
90 168 80
90 168 80
90 168 80
90 168 80
90 168 80
90 168 80
90 168 80
90 168 80
90 168 80
90 168 80
90 168 80
90 169 80
90 169 80
90 169 80
90 169 80
90 169 80
90 169 80
90 169 80
90 169 80
90 169 80
90 169 80
90 169 80
90 170 80
90 170 80
90 170 80
90 170 80
90 170 80
90 170 80
90 170 80
90 171 80
90 171 80
90 171 80
90 171 80
90 172 80
90 172 80
90 173 80
90 173 80
90 174 80
90 175 80
90 176 80
90 177 80
90 178 80
90 179 80
90 180 80
90 181 80
90 182 80
91 182 80
92 182 80
93 182 80
94 182 80
95 182 80
95 182 80
96 182 80
96 182 80
97 182 80
97 182 80
97 182 80
98 182 80
98 182 80
98 182 80
98 182 80
99 182 80
99 182 80
99 182 80
99 182 80
100 182 80
100 182 80
100 182 80
100 182 80
100 182 80
100 182 80
101 182 80
101 182 80
101 182 80
101 182 80
101 182 80
101 182 80
101 182 80
102 182 80
102 182 80
102 182 80
102 182 80
102 182 80
102 182 80
102 182 80
102 182 80
103 182 80
103 182 80
103 182 80
103 182 80
103 182 80
103 182 80
103 182 80
103 182 80
103 182 80
103 182 80
104 182 80
104 182 80
104 182 80
104 182 80
104 182 80
104 182 80
104 182 80
104 182 80
104 182 80
104 182 80
104 182 80
104 182 80
104 182 80
105 182 80
105 182 80
105 182 80
105 182 80
105 182 80
105 182 80
105 182 80
105 182 80
105 182 80
105 182 80
105 182 80
105 182 80
105 182 80
105 182 80
105 182 80
105 182 80
105 182 80
106 182 80
106 182 80
106 182 80
106 182 80
106 182 80
106 182 80
106 182 80
106 182 80
106 182 80
106 182 80
106 182 80
106 182 80
106 182 80
106 182 80
106 182 80
106 182 80
106 182 80
106 182 80
106 182 80
106 182 80
106 182 80
107 182 80
107 182 80
107 182 80
107 182 80
107 182 80
107 182 80
107 182 80
107 182 80
107 182 80
107 182 80
107 182 80
107 182 80
107 182 80
107 182 80
107 182 80
107 182 80
107 182 80
107 182 80
107 182 80
107 182 80
107 182 80
107 182 80
107 182 80
107 182 80
107 182 80
108 182 80
108 182 80
108 182 80
108 182 80
108 182 80
108 182 80
108 182 80
108 182 80
108 182 80
108 182 80
108 182 80
108 182 80
108 182 80
108 182 80
108 182 80
108 182 80
108 182 80
108 182 80
108 182 80
108 182 80
108 182 80
108 182 80
108 182 80
108 182 80
108 182 80
108 182 80
108 182 80
108 182 80
108 182 80
108 182 80
109 182 80
109 182 80
109 182 80
109 182 80
109 182 80
109 182 80
109 182 80
109 182 80
109 182 80
109 182 80
109 182 80
109 182 80
109 182 80
109 182 80
109 182 80
109 182 80
109 182 80
109 182 80
109 182 80
109 182 80
109 182 80
109 182 80
109 182 80
109 182 80
109 182 80
109 182 80
109 182 80
109 182 80
109 182 80
109 182 80
109 182 80
109 182 80
109 182 80
109 182 80
110 182 80
110 182 80
110 182 80
110 182 80
110 182 80
110 182 80
110 182 80
110 182 80
110 182 80
110 182 80
110 182 80
110 182 80
110 182 80
110 182 80
110 182 80
110 182 80
110 182 80
110 182 80
110 182 80
110 182 80
110 182 80
110 182 80
110 182 80
110 182 80
110 182 80
110 182 80
110 182 80
110 182 80
110 182 80
110 182 80
110 182 80
110 182 80
110 182 80
110 182 80
110 182 80
110 182 80
110 182 80
110 182 80
111 182 80
111 182 80
111 182 80
111 182 80
111 182 80
111 182 80
111 182 80
111 182 80
111 182 80
111 182 80
111 182 80
111 182 80
111 182 80
111 182 80
111 182 80
111 182 80
111 182 80
111 182 80
111 182 80
111 182 80
111 182 80
111 182 80
111 182 80
111 182 80
111 182 80
111 182 80
111 182 80
111 182 80
111 182 80
111 182 80
111 182 80
111 182 80
111 182 80
111 182 80
111 182 80
111 182 80
111 182 80
111 182 80
111 182 80
111 182 80
111 182 80
112 182 80
112 182 80
112 182 80
112 182 80
112 182 80
112 182 80
112 182 80
112 182 80
112 182 80
112 182 80
112 182 80
112 182 80
112 182 80
112 182 80
112 182 80
112 182 80
112 182 80
112 182 80
112 182 80
112 182 80
112 182 80
112 182 80
112 182 80
112 182 80
112 182 80
112 182 80
112 182 80
112 182 80
112 182 80
112 182 80
112 182 80
112 182 80
112 182 80
112 182 80
112 182 80
112 182 80
112 182 80
112 182 80
112 182 80
112 182 80
112 182 80
112 182 80
112 182 80
113 182 80
113 182 80
113 182 80
113 182 80
113 182 80
113 182 80
113 182 80
113 182 80
113 182 80
113 182 80
113 182 80
113 182 80
113 182 80
113 182 80
113 182 80
113 182 80
113 182 80
113 182 80
113 182 80
113 182 80
113 182 80
113 182 80
113 182 80
113 182 80
113 182 80
113 182 80
113 182 80
113 182 80
113 182 80
113 182 80
113 182 80
113 182 80
113 182 80
113 182 80
113 182 80
113 182 80
113 182 80
113 182 80
113 182 80
113 182 80
113 182 80
113 182 80
113 182 80
113 182 80
114 182 80
114 182 80
114 182 80
114 182 80
114 182 80
114 182 80
114 182 80
114 182 80
114 182 80
114 182 80
114 182 80
114 182 80
114 182 80
114 182 80
114 182 80
114 182 80
114 182 80
114 182 80
114 182 80
114 182 80
114 182 80
114 182 80
114 182 80
114 182 80
114 182 80
114 182 80
114 182 80
114 182 80
114 182 80
114 182 80
114 182 80
114 182 80
114 182 80
114 182 80
114 182 80
114 182 80
114 182 80
114 182 80
114 182 80
114 182 80
114 182 80
114 182 80
114 182 80
114 182 80
115 182 80
115 182 80
115 182 80
115 182 80
115 182 80
115 182 80
115 182 80
115 182 80
115 182 80
115 182 80
115 182 80
115 182 80
115 182 80
115 182 80
115 182 80
115 182 80
115 182 80
115 182 80
115 182 80
115 182 80
115 182 80
115 182 80
115 182 80
115 182 80
115 182 80
115 182 80
115 182 80
115 182 80
115 182 80
115 182 80
115 182 80
115 182 80
115 182 80
115 182 80
115 182 80
115 182 80
115 182 80
115 182 80
115 182 80
115 182 80
115 182 80
115 182 80
115 182 80
115 182 80
116 182 80
116 182 80
116 182 80
116 182 80
116 182 80
116 182 80
116 182 80
116 182 80
116 182 80
116 182 80
116 182 80
116 182 80
116 182 80
116 182 80
116 182 80
116 182 80
116 182 80
116 182 80
116 182 80
116 182 80
116 182 80
116 182 80
116 182 80
116 182 80
116 182 80
116 182 80
116 182 80
116 182 80
116 182 80
116 182 80
116 182 80
116 182 80
116 182 80
116 182 80
116 182 80
116 182 80
116 182 80
116 182 80
116 182 80
116 182 80
116 182 80
116 182 80
117 182 80
117 182 80
117 182 80
117 182 80
117 182 80
117 182 80
117 182 80
117 182 80
117 182 80
117 182 80
117 182 80
117 182 80
117 182 80
117 182 80
117 182 80
117 182 80
117 182 80
117 182 80
117 182 80
117 182 80
117 182 80
117 182 80
117 182 80
117 182 80
117 182 80
117 182 80
117 182 80
117 182 80
117 182 80
117 182 80
117 182 80
117 182 80
117 182 80
117 182 80
117 182 80
117 182 80
117 182 80
117 182 80
117 182 80
117 182 80
118 182 80
118 182 80
118 182 80
118 182 80
118 182 80
118 182 80
118 182 80
118 182 80
118 182 80
118 182 80
118 182 80
118 182 80
118 182 80
118 182 80
118 182 80
118 182 80
118 182 80
118 182 80
118 182 80
118 182 80
118 182 80
118 182 80
118 182 80
118 182 80
118 182 80
118 182 80
118 182 80
118 182 80
118 182 80
118 182 80
118 182 80
118 182 80
118 182 80
118 182 80
118 182 80
118 182 80
118 182 80
119 182 80
119 182 80
119 182 80
119 182 80
119 182 80
119 182 80
119 182 80
119 182 80
119 182 80
119 182 80
119 182 80
119 182 80
119 182 80
119 182 80
119 182 80
119 182 80
119 182 80
119 182 80
119 182 80
119 182 80
119 182 80
119 182 80
119 182 80
119 182 80
119 182 80
119 182 80
119 182 80
119 182 80
119 182 80
119 182 80
119 182 80
119 182 80
119 182 80
119 182 80
120 182 80
120 182 80
120 182 80
120 182 80
120 182 80
120 182 80
120 182 80
120 182 80
120 182 80
120 182 80
120 182 80
120 182 80
120 182 80
120 182 80
120 182 80
120 182 80
120 182 80
120 182 80
120 182 80
120 182 80
120 182 80
120 182 80
120 182 80
120 182 80
120 182 80
120 182 80
120 182 80
120 182 80
120 182 80
120 182 80
121 182 80
121 182 80
121 182 80
121 182 80
121 182 80
121 182 80
121 182 80
121 182 80
121 182 80
121 182 80
121 182 80
121 182 80
121 182 80
121 182 80
121 182 80
121 182 80
121 182 80
121 182 80
121 182 80
121 182 80
121 182 80
121 182 80
121 182 80
121 182 80
121 182 80
121 182 80
121 182 80
122 182 80
122 182 80
122 182 80
122 182 80
122 182 80
122 182 80
122 182 80
122 182 80
122 182 80
122 182 80
122 182 80
122 182 80
122 182 80
122 182 80
122 182 80
122 182 80
122 182 80
122 182 80
122 182 80
122 182 80
122 182 80
122 182 80
122 182 80
123 182 80
123 182 80
123 182 80
123 182 80
123 182 80
123 182 80
123 182 80
123 182 80
123 182 80
123 182 80
123 182 80
123 182 80
123 182 80
123 182 80
123 182 80
123 182 80
123 182 80
123 182 80
123 182 80
123 182 80
124 182 80
124 182 80
124 182 80
124 182 80
124 182 80
124 182 80
124 182 80
124 182 80
124 182 80
124 182 80
124 182 80
124 182 80
124 182 80
124 182 80
124 182 80
124 182 80
124 182 80
125 182 80
125 182 80
125 182 80
125 182 80
125 182 80
125 182 80
125 182 80
125 182 80
125 182 80
125 182 80
125 182 80
125 182 80
125 182 80
125 182 80
125 182 80
126 182 80
126 182 80
126 182 80
126 182 80
126 182 80
126 182 80
126 182 80
126 182 80
126 182 80
126 182 80
126 182 80
126 182 80
126 182 80
127 182 80
127 182 80
127 182 80
127 182 80
127 182 80
127 182 80
127 182 80
127 182 80
127 182 80
127 182 80
127 182 80
128 182 80
128 182 80
128 182 80
128 182 80
128 182 80
128 182 80
128 182 80
128 182 80
128 182 80
128 182 80
129 182 80
129 182 80
129 182 80
129 182 80
129 182 80
129 182 80
129 182 80
129 182 80
130 182 80
130 182 80
130 182 80
130 182 80
130 182 80
130 182 80
130 182 80
131 182 80
131 182 80
131 182 80
131 182 80
131 182 80
131 182 80
132 182 80
132 182 80
132 182 80
132 182 80
133 182 80
133 182 80
133 182 80
134 182 80
134 182 80
135 182 80
135 182 80
136 182 80
137 182 80
138 182 80
139 182 80
140 182 80
141 182 80
142 182 80
143 182 80
144 182 80
145 182 80
146 182 80
147 182 80
148 182 80
149 182 80
149 182 80
150 182 80
150 182 80
150 181 80
150 181 80
150 181 80
150 180 80
150 180 80
150 180 80
150 180 80
150 179 80
150 179 80
150 179 80
150 179 80
150 179 80
150 178 80
150 178 80
150 178 80
150 178 80
150 178 80
150 178 80
150 177 80
150 177 80
150 177 80
150 177 80
150 177 80
150 177 80
150 177 80
150 177 80
150 176 80
150 176 80
150 176 80
150 176 80
150 176 80
150 176 80
150 176 80
150 176 80
150 176 80
150 176 80
150 176 80
150 175 80
150 175 80
150 175 80
150 175 80
150 175 80
150 175 80
150 175 80
150 175 80
150 175 80
150 175 80
150 175 80
150 175 80
150 175 80
150 175 80
150 174 80
150 174 80
150 174 80
150 174 80
150 174 80
150 174 80
150 174 80
150 174 80
150 174 80
150 174 80
150 174 80
150 174 80
150 174 80
150 174 80
150 174 80
150 174 80
150 173 80
150 173 80
150 173 80
150 173 80
150 173 80
150 173 80
150 173 80
150 173 80
150 173 80
150 173 80
150 173 80
150 173 80
150 173 80
150 173 80
150 173 80
150 173 80
150 173 80
150 173 80
150 173 80
150 172 80
150 172 80
150 172 80
150 172 80
150 172 80
150 172 80
150 172 80
150 172 80
150 172 80
150 172 80
150 172 80
150 172 80
150 172 80
150 172 80
150 172 80
150 172 80
150 172 80
150 172 80
150 172 80
150 172 80
150 172 80
150 172 80
150 171 80
150 171 80
150 171 80
150 171 80
150 171 80
150 171 80
150 171 80
150 171 80
150 171 80
150 171 80
150 171 80
150 171 80
150 171 80
150 171 80
150 171 80
150 171 80
150 171 80
150 171 80
150 171 80
150 171 80
150 171 80
150 171 80
150 171 80
150 171 80
150 170 80
150 170 80
150 170 80
150 170 80
150 170 80
150 170 80
150 170 80
150 170 80
150 170 80
150 170 80
150 170 80
150 170 80
150 170 80
150 170 80
150 170 80
150 170 80
150 170 80
150 170 80
150 170 80
150 170 80
150 170 80
150 170 80
150 170 80
150 170 80
150 170 80
150 170 80
150 169 80
150 169 80
150 169 80
150 169 80
150 169 80
150 169 80
150 169 80
150 169 80
150 169 80
150 169 80
150 169 80
150 169 80
150 169 80
150 169 80
150 169 80
150 169 80
150 169 80
150 169 80
150 169 80
150 169 80
150 169 80
150 169 80
150 169 80
150 169 80
150 169 80
150 169 80
150 169 80
150 168 80
150 168 80
150 168 80
150 168 80
150 168 80
150 168 80
150 168 80
150 168 80
150 168 80
150 168 80
150 168 80
150 168 80
150 168 80
150 168 80
150 168 80
150 168 80
150 168 80
150 168 80
150 168 80
150 168 80
150 168 80
150 168 80
150 168 80
150 168 80
150 168 80
150 168 80
150 168 80
150 167 80
150 167 80
150 167 80
150 167 80
150 167 80
150 167 80
150 167 80
150 167 80
150 167 80
150 167 80
150 167 80
150 167 80
150 167 80
150 167 80
150 167 80
150 167 80
150 167 80
150 167 80
150 167 80
150 167 80
150 167 80
150 167 80
150 167 80
150 167 80
150 167 80
150 167 80
150 167 80
150 166 80
150 166 80
150 166 80
150 166 80
150 166 80
150 166 80
150 166 80
150 166 80
150 166 80
150 166 80
150 166 80
150 166 80
150 166 80
150 166 80
150 166 80
150 166 80
150 166 80
150 166 80
150 166 80
150 166 80
150 166 80
150 166 80
150 166 80
150 166 80
150 166 80
150 166 80
150 165 80
150 165 80
150 165 80
150 165 80
150 165 80
150 165 80
150 165 80
150 165 80
150 165 80
150 165 80
150 165 80
150 165 80
150 165 80
150 165 80
150 165 80
150 165 80
150 165 80
150 165 80
150 165 80
150 165 80
150 165 80
150 165 80
150 165 80
150 165 80
150 164 80
150 164 80
150 164 80
150 164 80
150 164 80
150 164 80
150 164 80
150 164 80
150 164 80
150 164 80
150 164 80
150 164 80
150 164 80
150 164 80
150 164 80
150 164 80
150 164 80
150 164 80
150 164 80
150 164 80
150 164 80
150 164 80
150 163 80
150 163 80
150 163 80
150 163 80
150 163 80
150 163 80
150 163 80
150 163 80
150 163 80
150 163 80
150 163 80
150 163 80
150 163 80
150 163 80
150 163 80
150 163 80
150 163 80
150 163 80
150 163 80
150 162 80
150 162 80
150 162 80
150 162 80
150 162 80
150 162 80
150 162 80
150 162 80
150 162 80
150 162 80
150 162 80
150 162 80
150 162 80
150 162 80
150 162 80
150 162 80
150 161 80
150 161 80
150 161 80
150 161 80
150 161 80
150 161 80
150 161 80
150 161 80
150 161 80
150 161 80
150 161 80
150 161 80
150 161 80
150 160 80
150 160 80
150 160 80
150 160 80
150 160 80
150 160 80
150 160 80
150 160 80
150 160 80
150 160 80
150 159 80
150 159 80
150 159 80
150 159 80
150 159 80
150 159 80
150 159 80
150 159 80
150 158 80
150 158 80
150 158 80
150 158 80
150 158 80
150 158 80
150 157 80
150 157 80
150 157 80
150 157 80
150 156 80
150 156 80
150 156 80
150 155 80
150 155 80
150 154 80
150 154 80
151 154 80
151 154 80
152 154 80
152 154 80
152 154 80
153 154 80
153 154 80
153 154 80
154 154 80
154 154 80
154 154 80
154 154 80
155 154 80
155 154 80
155 154 80
155 154 80
155 154 80
156 154 80
156 154 80
156 154 80
156 154 80
156 154 80
156 154 80
156 154 80
157 154 80
157 154 80
157 154 80
157 154 80
157 154 80
157 154 80
157 154 80
157 154 80
157 154 80
158 154 80
158 154 80
158 154 80
158 154 80
158 154 80
158 154 80
158 154 80
158 154 80
158 154 80
158 154 80
159 154 80
159 154 80
159 154 80
159 154 80
159 154 80
159 154 80
159 154 80
159 154 80
159 154 80
159 154 80
159 154 80
159 154 80
160 154 80
160 154 80
160 154 80
160 154 80
160 154 80
160 154 80
160 154 80
160 154 80
160 154 80
160 154 80
160 154 80
160 154 80
161 154 80
161 154 80
161 154 80
161 154 80
161 154 80
161 154 80
161 154 80
161 154 80
161 154 80
161 154 80
161 154 80
161 154 80
161 154 80
162 154 80
162 154 80
162 154 80
162 154 80
162 154 80
162 154 80
162 154 80
162 154 80
162 154 80
162 154 80
162 154 80
162 154 80
163 154 80
163 154 80
163 154 80
163 154 80
163 154 80
163 154 80
163 154 80
163 154 80
163 154 80
163 154 80
163 154 80
164 154 80
164 154 80
164 154 80
164 154 80
164 154 80
164 154 80
164 154 80
164 154 80
164 154 80
164 154 80
165 154 80
165 154 80
165 154 80
165 154 80
165 154 80
165 154 80
165 154 80
165 154 80
166 154 80
166 154 80
166 154 80
166 154 80
166 154 80
166 154 80
166 154 80
167 154 80
167 154 80
167 154 80
167 154 80
167 154 80
167 154 80
168 154 80
168 154 80
168 154 80
168 154 80
169 154 80
169 154 80
169 154 80
169 154 80
170 154 80
170 154 80
170 154 80
171 154 80
171 154 80
171 154 80
172 154 80
172 154 80
172 154 80
173 154 80
173 154 80
173 154 80
174 154 80
174 154 80
174 154 80
175 154 80
175 154 80
175 154 80
176 154 80
176 154 80
176 154 80
176 154 80
177 154 80
177 154 80
177 154 80
177 154 80
177 154 80
178 154 80
178 154 80
178 154 80
178 154 80
178 154 80
178 154 80
178 155 400
178 156 80
178 156 80
178 156 80
178 156 80
178 157 80
178 157 80
178 157 80
178 158 80
178 158 80
178 159 80
178 159 80
178 160 80
178 160 80
178 161 80
178 161 80
178 162 80
178 162 80
178 163 80
178 163 80
178 164 80
178 164 80
178 165 80
178 165 80
178 166 80
178 166 80
178 167 80
178 167 80
178 167 80
178 168 80
178 168 80
178 168 80
178 169 80
178 169 80
178 169 80
178 169 80
178 170 80
178 170 80
178 170 80
178 170 80
178 170 80
178 171 80
178 171 80
178 171 80
178 171 80
178 171 80
178 171 80
178 171 80
178 172 80
178 172 80
178 172 80
178 172 80
178 172 80
178 172 80
178 172 80
178 172 80
178 173 80
178 173 80
178 173 80
178 173 80
178 173 80
178 173 80
178 173 80
178 173 80
178 173 80
178 174 80
178 174 80
178 174 80
178 174 80
178 174 80
178 174 80
178 174 80
178 174 80
178 174 80
178 174 80
178 175 80
178 175 80
178 175 80
178 175 80
178 175 80
178 175 80
178 175 80
178 175 80
178 175 80
178 175 80
178 175 80
178 176 80
178 176 80
178 176 80
178 176 80
178 176 80
178 176 80
178 176 80
178 176 80
178 176 80
178 176 80
178 176 80
178 177 80
178 177 80
178 177 80
178 177 80
178 177 80
178 177 80
178 177 80
178 177 80
178 177 80
178 177 80
178 177 80
136 66 800
137 66 80
138 66 80
139 66 80
140 66 80
141 66 80
142 66 80
143 66 80
144 66 80
145 66 80
146 66 80
147 66 80
148 66 80
148 66 80
149 66 80
149 66 80
150 66 80
150 66 80
150 66 80
151 66 80
151 66 80
151 66 80
151 66 80
151 66 80
152 66 80
152 66 80
152 66 80
152 66 80
152 66 80
152 66 80
152 66 80
153 66 80
153 66 80
153 66 80
153 66 80
153 66 80
153 66 80
153 66 80
153 66 80
153 66 80
153 66 80
154 66 80
154 66 80
154 66 80
154 66 80
154 66 80
154 66 80
154 66 80
154 66 80
154 66 80
154 66 80
154 66 80
154 66 80
154 66 80
155 66 80
155 66 80
155 66 80
155 66 80
155 66 80
155 66 80
155 66 80
155 66 80
155 66 80
155 66 80
155 66 80
155 66 80
155 66 80
155 66 80
155 66 80
155 66 80
156 66 80
156 66 80
156 66 80
156 66 80
156 66 80
156 66 80
156 66 80
156 66 80
156 66 80
156 66 80
156 66 80
156 66 80
156 66 80
156 66 80
156 66 80
156 66 80
156 66 80
156 66 80
156 66 80
156 66 80
157 66 80
157 66 80
157 66 80
157 66 80
157 66 80
157 66 80
157 66 80
157 66 80
157 66 80
157 66 80
157 66 80
157 66 80
157 66 80
157 66 80
157 66 80
157 66 80
157 66 80
157 66 80
157 66 80
157 66 80
157 66 80
157 66 80
157 66 80
157 66 80
158 66 80
158 66 80
158 66 80
158 66 80
158 66 80
158 66 80
158 66 80
158 66 80
158 66 80
158 66 80
158 66 80
158 66 80
158 66 80
158 66 80
158 66 80
158 66 80
158 66 80
158 66 80
158 66 80
158 66 80
158 66 80
158 66 80
158 66 80
158 66 80
158 66 80
158 66 80
158 66 80
159 66 80
159 66 80
159 66 80
159 66 80
159 66 80
159 66 80
159 66 80
159 66 80
159 66 80
159 66 80
159 66 80
159 66 80
159 66 80
159 66 80
159 66 80
159 66 80
159 66 80
159 66 80
159 66 80
159 66 80
159 66 80
159 66 80
159 66 80
159 66 80
159 66 80
159 66 80
159 66 80
159 66 80
159 66 80
160 66 80
160 66 80
160 66 80
160 66 80
160 66 80
160 66 80
160 66 80
160 66 80
160 66 80
160 66 80
160 66 80
160 66 80
160 66 80
160 66 80
160 66 80
160 66 80
160 66 80
160 66 80
160 66 80
160 66 80
160 66 80
160 66 80
160 66 80
160 66 80
160 66 80
160 66 80
160 66 80
160 66 80
160 66 80
160 66 80
161 66 80
161 66 80
161 66 80
161 66 80
161 66 80
161 66 80
161 66 80
161 66 80
161 66 80
161 66 80
161 66 80
161 66 80
161 66 80
161 66 80
161 66 80
161 66 80
161 66 80
161 66 80
161 66 80
161 66 80
161 66 80
161 66 80
161 66 80
161 66 80
161 66 80
161 66 80
161 66 80
161 66 80
161 66 80
161 66 80
162 66 80
162 66 80
162 66 80
162 66 80
162 66 80
162 66 80
162 66 80
162 66 80
162 66 80
162 66 80
162 66 80
162 66 80
162 66 80
162 66 80
162 66 80
162 66 80
162 66 80
162 66 80
162 66 80
162 66 80
162 66 80
162 66 80
162 66 80
162 66 80
162 66 80
162 66 80
162 66 80
162 66 80
162 66 80
163 66 80
163 66 80
163 66 80
163 66 80
163 66 80
163 66 80
163 66 80
163 66 80
163 66 80
163 66 80
163 66 80
163 66 80
163 66 80
163 66 80
163 66 80
163 66 80
163 66 80
163 66 80
163 66 80
163 66 80
163 66 80
163 66 80
163 66 80
163 66 80
163 66 80
163 66 80
163 66 80
164 66 80
164 66 80
164 66 80
164 66 80
164 66 80
164 66 80
164 66 80
164 66 80
164 66 80
164 66 80
164 66 80
164 66 80
164 66 80
164 66 80
164 66 80
164 66 80
164 66 80
164 66 80
164 66 80
164 66 80
164 66 80
164 66 80
164 66 80
164 66 80
164 66 80
165 66 80
165 66 80
165 66 80
165 66 80
165 66 80
165 66 80
165 66 80
165 66 80
165 66 80
165 66 80
165 66 80
165 66 80
165 66 80
165 66 80
165 66 80
165 66 80
165 66 80
165 66 80
165 66 80
165 66 80
165 66 80
166 66 80
166 66 80
166 66 80
166 66 80
166 66 80
166 66 80
166 66 80
166 66 80
166 66 80
166 66 80
166 66 80
166 66 80
166 66 80
166 66 80
166 66 80
166 66 80
166 66 80
167 66 80
167 66 80
167 66 80
167 66 80
167 66 80
167 66 80
167 66 80
167 66 80
167 66 80
167 66 80
167 66 80
167 66 80
167 66 80
168 66 80
168 66 80
168 66 80
168 66 80
168 66 80
168 66 80
168 66 80
168 66 80
168 66 80
169 66 80
169 66 80
169 66 80
169 66 80
169 66 80
169 66 80
170 66 80
170 66 80
170 66 80
170 66 80
171 66 80
171 66 80
171 66 80
172 66 80
172 66 80
173 66 80
174 66 80
175 66 80
176 66 80
177 66 80
178 66 80
179 66 80
180 66 80
181 66 80
182 66 80
183 66 80
184 66 80
185 66 80
186 66 80
187 66 80
188 66 80
189 66 80
190 66 80
191 66 80
192 66 80
193 66 80
194 66 80
195 66 80
195 67 80
195 68 80
195 69 80
195 70 80
195 71 80
195 72 80
195 73 80
195 74 80
195 75 80
195 76 80
195 77 80
195 78 80
43 42 80
42 42 80
41 42 80
40 42 80
39 42 80
38 42 80
37 42 80
36 42 80
35 42 80
34 42 80
33 42 80
32 42 80
31 42 80
30 42 80
29 42 80
28 42 80
27 42 80
27 42 80
26 42 80
26 42 80
25 42 80
25 42 80
25 42 80
24 42 80
24 42 80
24 42 80
24 42 80
23 42 80
23 42 80
23 42 80
23 42 80
23 42 80
22 42 80
22 42 80
22 42 80
22 42 80
22 42 80
22 42 80
22 42 80
21 42 80
21 42 80
21 42 80
21 42 80
21 42 80
21 42 80
21 42 80
21 42 80
21 42 80
20 42 80
20 42 80
20 42 80
20 42 80
20 42 80
20 42 80
20 42 80
20 42 80
20 42 80
20 42 80
20 42 80
19 42 80
19 42 80
19 42 80
19 42 80
19 42 80
19 42 80
19 42 80
19 42 80
19 42 80
19 42 80
19 42 80
19 42 80
19 42 80
19 42 80
18 42 80
18 42 80
18 42 80
18 42 80
18 42 80
18 42 80
18 42 80
18 42 80
18 42 80
18 42 80
18 42 80
18 42 80
18 42 80
18 42 80
18 42 80
18 42 80
18 42 80
17 42 80
17 42 80
17 42 80
17 42 80
17 42 80
17 42 80
17 42 80
17 42 80
17 42 80
17 42 80
17 42 80
17 42 80
17 42 80
17 42 80
17 42 80
17 42 80
17 42 80
17 42 80
17 42 80
17 42 80
16 42 80
16 42 80
16 42 80
16 42 80
16 42 80
16 42 80
16 42 80
16 42 80
16 42 80
16 42 80
16 42 80
16 42 80
16 42 80
16 42 80
16 42 80
16 42 80
16 42 80
16 42 80
16 42 80
16 42 80
16 42 80
16 42 80
15 42 80
15 42 80
15 42 80
15 42 80
15 42 80
15 42 80
15 42 80
15 42 80
15 42 80
15 42 80
15 42 80
15 42 80
15 42 80
15 42 80
15 42 80
15 42 80
15 42 80
15 42 80
15 42 80
15 42 80
15 42 80
15 42 80
15 42 80
14 42 80
14 42 80
14 42 80
14 42 80
14 42 80
14 42 80
14 42 80
14 42 80
14 42 80
14 42 80
14 42 80
14 42 80
14 42 80
14 42 80
14 42 80
14 42 80
14 42 80
14 42 80
14 42 80
14 42 80
14 42 80
14 42 80
14 42 80
13 42 80
13 42 80
13 42 80
13 42 80
13 42 80
13 42 80
13 42 80
13 42 80
13 42 80
13 42 80
13 42 80
13 42 80
13 42 80
13 42 80
13 42 80
13 42 80
13 42 80
13 42 80
13 42 80
13 42 80
13 42 80
13 42 80
12 42 80
12 42 80
12 42 80
12 42 80
12 42 80
12 42 80
12 42 80
12 42 80
12 42 80
12 42 80
12 42 80
12 42 80
12 42 80
12 42 80
12 42 80
12 42 80
12 42 80
12 42 80
12 42 80
12 42 80
11 42 80
11 42 80
11 42 80
11 42 80
11 42 80
11 42 80
11 42 80
11 42 80
11 42 80
11 42 80
11 42 80
11 42 80
11 42 80
11 42 80
11 42 80
11 42 80
11 42 80
11 42 80
10 42 80
10 42 80
10 42 80
10 42 80
10 42 80
10 42 80
10 42 80
10 42 80
10 42 80
10 42 80
10 42 80
10 42 80
10 42 80
10 42 80
10 42 80
9 42 80
9 42 80
9 42 80
9 42 80
9 42 80
9 42 80
9 42 80
9 42 80
9 42 80
9 42 80
9 42 80
9 42 80
9 42 80
8 42 80
8 42 80
8 42 80
8 42 80
8 42 80
8 42 80
8 42 80
8 42 80
8 42 80
8 42 80
7 42 80
7 42 80
7 42 80
7 42 80
7 42 80
7 42 80
7 42 80
6 42 80
6 42 80
6 42 80
6 42 80
6 42 80
5 42 80
5 42 80
5 42 80
5 42 80
4 42 80
4 42 80
4 42 80
3 42 80
3 42 80
2 42 80
2 42 80
1 42 80
1 42 80
0 42 80
0 42 80
0 41 80
0 41 80
0 40 80
0 40 80
0 39 80
0 39 80
0 39 80
0 38 80
0 38 80
0 38 80
0 38 80
0 37 80
0 37 80
0 37 80
0 37 80
0 37 80
0 36 80
0 36 80
0 36 80
0 36 80
0 36 80
0 36 80
0 35 80
0 35 80
0 35 80
0 35 80
0 35 80
0 35 80
0 35 80
0 35 80
0 34 80
0 34 80
0 34 80
0 34 80
0 34 80
0 34 80
0 34 80
0 34 80
0 34 80
0 34 80
0 34 80
0 33 80
0 33 80
0 33 80
0 33 80
0 33 80
0 33 80
0 33 80
0 33 80
0 33 80
0 33 80
0 33 80
0 33 80
0 33 80
0 33 80
0 32 80
0 32 80
0 32 80
0 32 80
0 32 80
0 32 80
0 32 80
0 32 80
0 32 80
0 32 80
0 32 80
0 32 80
0 32 80
0 32 80
0 32 80
0 32 80
0 32 80
0 31 80
0 31 80
0 31 80
0 31 80
0 31 80
0 31 80
0 31 80
0 31 80
0 31 80
0 31 80
0 31 80
0 31 80
0 31 80
0 31 80
0 31 80
0 31 80
0 31 80
0 31 80
0 31 80
0 31 80
0 30 80
0 30 80
0 30 80
0 30 80
0 30 80
0 30 80
0 30 80
0 30 80
0 30 80
0 30 80
0 30 80
0 30 80
0 30 80
0 30 80
0 30 80
0 30 80
0 30 80
0 30 80
0 30 80
0 30 80
0 30 80
0 30 80
0 30 80
0 29 80
0 29 80
0 29 80
0 29 80
0 29 80
0 29 80
0 29 80
0 29 80
0 29 80
0 29 80
0 29 80
0 29 80
0 29 80
0 29 80
0 29 80
0 29 80
0 29 80
0 29 80
0 29 80
0 29 80
0 29 80
0 29 80
0 29 80
0 29 80
0 29 80
0 28 80
0 28 80
0 28 80
0 28 80
0 28 80
0 28 80
0 28 80
0 28 80
0 28 80
0 28 80
0 28 80
0 28 80
0 28 80
0 28 80
0 28 80
0 28 80
0 28 80
0 28 80
0 28 80
0 28 80
0 28 80
0 28 80
0 28 80
0 28 80
0 28 80
0 28 80
0 27 80
0 27 80
0 27 80
0 27 80
0 27 80
0 27 80
0 27 80
0 27 80
0 27 80
0 27 80
0 27 80
0 27 80
0 27 80
0 27 80
0 27 80
0 27 80
0 27 80
0 27 80
0 27 80
0 27 80
0 27 80
0 27 80
0 27 80
0 27 80
0 27 80
0 27 80
0 27 80
0 26 80
0 26 80
0 26 80
0 26 80
0 26 80
0 26 80
0 26 80
0 26 80
0 26 80
0 26 80
0 26 80
0 26 80
0 26 80
0 26 80
0 26 80
0 26 80
0 26 80
0 26 80
0 26 80
0 26 80
0 26 80
0 26 80
0 26 80
0 26 80
0 26 80
0 26 80
0 26 80
0 25 80
0 25 80
0 25 80
0 25 80
0 25 80
0 25 80
0 25 80
0 25 80
0 25 80
0 25 80
0 25 80
0 25 80
0 25 80
0 25 80
0 25 80
0 25 80
0 25 80
0 25 80
0 25 80
0 25 80
0 25 80
0 25 80
0 25 80
0 25 80
0 25 80
0 25 80
0 24 80
0 24 80
0 24 80
0 24 80
0 24 80
0 24 80
0 24 80
0 24 80
0 24 80
0 24 80
0 24 80
0 24 80
0 24 80
0 24 80
0 24 80
0 24 80
0 24 80
0 24 80
0 24 80
0 24 80
0 24 80
0 24 80
0 24 80
0 24 80
0 23 80
0 23 80
0 23 80
0 23 80
0 23 80
0 23 80
0 23 80
0 23 80
0 23 80
0 23 80
0 23 80
0 23 80
0 23 80
0 23 80
0 23 80
0 23 80
0 23 80
0 23 80
0 23 80
0 23 80
0 23 80
0 23 80
0 22 80
0 22 80
0 22 80
0 22 80
0 22 80
0 22 80
0 22 80
0 22 80
0 22 80
0 22 80
0 22 80
0 22 80
0 22 80
0 22 80
0 22 80
0 22 80
0 22 80
0 22 80
0 22 80
0 22 80
0 21 80
0 21 80
0 21 80
0 21 80
0 21 80
0 21 80
0 21 80
0 21 80
0 21 80
0 21 80
0 21 80
0 21 80
0 21 80
0 21 80
0 21 80
0 21 80
0 21 80
0 21 80
0 20 80
0 20 80
0 20 80
0 20 80
0 20 80
0 20 80
0 20 80
0 20 80
0 20 80
0 20 80
0 20 80
0 20 80
0 20 80
0 20 80
0 20 80
0 20 80
0 19 80
0 19 80
0 19 80
0 19 80
0 19 80
0 19 80
0 19 80
0 19 80
0 19 80
0 19 80
0 19 80
0 19 80
0 19 80
0 18 80
0 18 80
0 18 80
0 18 80
0 18 80
0 18 80
0 18 80
0 18 80
0 18 80
0 18 80
0 18 80
0 17 80
0 17 80
0 17 80
0 17 80
0 17 80
0 17 80
0 17 80
0 17 80
0 17 80
0 16 80
0 16 80
0 16 80
0 16 80
0 16 80
0 16 80
0 16 80
0 15 80
0 15 80
0 15 80
0 15 80
0 15 80
0 15 80
0 14 80
0 14 80
0 14 80
0 14 80
0 14 80
0 13 80
0 13 80
0 13 80
0 13 80
0 12 80
0 12 80
0 12 80
0 11 80
0 11 80
0 11 80
0 10 80
0 10 80
0 10 80
0 9 80
0 9 80
