17 36 120
18 36 120
19 36 120
20 36 120
21 36 120
22 36 120
23 36 120
24 36 120
25 36 120
26 36 120
27 36 120
28 36 120
29 36 120
29 37 120
29 38 120
29 38 120
29 39 120
29 39 120
29 40 120
29 40 120
29 41 120
29 41 120
29 41 120
29 42 240
29 42 120
29 43 240
29 43 120
29 44 240
29 44 120
29 44 120
29 45 360
29 45 120
29 45 120
29 46 480
29 46 120
29 47 480
29 47 120
29 47 120
29 48 600
29 48 120
29 49 600
29 49 120
29 49 120
29 50 720
29 50 120
29 51 720
29 51 120
29 51 120
29 52 840
29 52 120
29 53 840
29 53 120
29 53 120
29 54 960
29 54 120
29 55 960
29 55 120
29 55 120
29 56 1080
29 56 120
29 56 120
29 57 1200
29 57 120
29 57 120
29 57 120
29 58 1440
29 58 120
29 58 120
29 59 1560
29 59 120
29 59 120
29 59 120
29 60 1800
29 60 120
29 60 120
29 60 120
29 61 2040
29 61 120
29 61 120
29 61 120
29 62 2280
29 62 120
29 62 120
29 63 2400
29 63 120
29 63 120
29 63 120
29 64 2640
29 64 120
29 64 120
29 65 2760
29 65 120
29 66 2760
29 66 120
29 67 2760
29 67 120
29 68 2760
29 69 2760
29 70 2760
29 71 120
29 71 120
29 71 120
29 71 120
29 71 120
29 71 120
29 71 120
29 71 120
29 71 120
29 71 120
29 71 120
29 71 120
29 71 120
29 71 120
29 71 120
29 71 120
29 71 120
29 71 120
29 71 120
29 71 120
29 71 120
29 72 2400
29 73 2400
29 74 2400
29 75 120
29 75 120
29 75 120
29 75 120
29 75 120
29 75 120
29 75 120
29 75 120
29 75 120
29 75 120
29 75 120
29 75 120
29 75 120
29 75 120
29 75 120
29 75 120
29 75 120
29 75 120
29 75 120
29 76 2160
29 76 120
29 77 2160
29 77 120
29 78 2160
29 78 120
29 78 120
29 79 2280
29 79 120
29 79 120
29 80 2400
29 80 120
29 80 120
29 81 2520
29 81 120
29 81 120
29 82 2640
29 82 120
29 82 120
29 83 2760
29 83 120
29 84 2760
29 84 120
29 84 120
29 85 2880
29 86 2880
29 87 2880
29 88 120
29 88 120
29 88 120
29 88 120
29 88 120
29 88 120
29 88 120
29 88 120
29 88 120
29 88 120
29 88 120
29 88 120
29 88 120
29 88 120
29 88 120
29 88 120
29 88 120
29 88 120
29 88 120
29 88 120
29 88 120
29 89 2400
29 90 2400
29 91 2400
29 92 120
29 92 120
29 92 120
29 92 120
29 92 120
29 92 120
29 92 120
29 92 120
29 92 120
29 92 120
29 92 120
29 92 120
29 92 120
29 92 120
29 93 1560
29 94 1560
29 95 1560
29 96 120
29 96 120
29 96 120
29 96 120
29 96 120
29 96 120
29 96 120
29 96 120
29 96 120
29 96 120
29 97 1080
29 98 1080
29 99 1080
29 100 120
29 100 120
29 100 120
29 100 120
29 100 120
29 100 120
29 100 120
29 100 120
29 100 120
29 101 960
29 101 120
29 102 960
29 102 120
29 103 960
29 103 120
29 104 960
29 104 120
29 105 960
29 105 120
29 106 960
29 107 960
29 108 960
29 109 120
29 109 120
29 109 120
29 109 120
29 109 120
29 109 120
29 109 120
29 110 720
29 111 720
29 112 720
29 113 120
29 113 120
29 113 120
29 113 120
29 114 360
29 115 360
29 116 360
29 117 120
29 117 120
29 118 120
29 118 120
29 119 120
29 120 120
29 121 120
29 122 120
29 123 120
29 124 120
29 124 120
29 125 120
29 125 120
29 126 120
29 126 120
29 127 120
29 127 120
29 128 120
29 128 120
29 129 120
29 129 120
29 130 120
29 130 120
29 131 120
29 132 120
29 133 120
29 134 120
29 135 120
29 136 120
29 137 120
29 138 120
29 139 120
29 140 120
29 141 120
29 142 120
29 143 120
29 144 120
29 145 120
29 146 120
29 147 120
29 148 120
29 149 120
29 150 120
29 151 120
29 152 120
29 153 120
29 154 120
29 155 120
29 156 120
29 157 120
29 158 120
29 159 120
29 160 120
29 161 120
29 162 120
29 163 120
29 164 120
29 165 120
29 166 120
29 167 120
29 168 120
29 168 120
29 169 120
29 169 120
29 170 120
29 170 120
29 171 120
29 171 120
29 172 120
29 172 120
29 173 120
29 173 120
29 174 120
29 174 120
29 175 120
29 175 120
29 176 120
29 176 120
29 177 120
29 177 120
192 103 120
191 103 120
190 103 120
189 103 120
188 103 120
187 103 120
186 103 120
185 103 120
184 103 120
183 103 120
182 103 120
181 103 120
180 103 120
179 103 120
178 103 120
177 103 120
176 103 120
175 103 120
174 103 120
173 103 120
172 103 120
171 103 120
170 103 120
170 103 120
169 103 120
169 103 120
168 103 120
168 103 120
167 103 120
167 103 120
166 103 120
166 103 120
165 103 120
165 103 120
164 103 120
164 103 120
163 103 120
162 103 120
161 103 120
160 103 120
159 103 120
158 103 120
157 103 120
156 103 120
155 103 120
155 103 120
154 103 120
154 103 120
153 103 120
153 103 120
152 103 120
152 103 120
151 103 120
151 103 120
150 103 120
150 103 120
149 103 120
148 103 120
147 103 120
146 103 120
145 103 120
144 103 120
143 103 120
142 103 120
141 103 120
141 103 120
140 103 120
140 103 120
139 103 120
139 103 120
138 103 120
138 103 120
137 103 120
137 103 120
136 103 120
136 103 120
136 103 120
135 103 240
135 103 120
134 103 240
134 103 120
133 103 240
133 103 120
132 103 240
131 103 240
130 103 240
129 103 120
129 103 120
128 103 120
128 103 120
127 103 120
126 103 120
125 103 120
124 103 120
123 103 120
122 103 120
121 103 120
121 103 120
120 103 120
120 103 120
119 103 120
119 103 120
118 103 120
118 103 120
117 103 120
117 103 120
117 103 120
116 103 240
116 103 120
115 103 240
115 103 120
114 103 240
114 103 120
113 103 240
113 103 120
112 103 240
112 103 120
111 103 240
111 103 120
110 103 240
110 103 120
109 103 240
109 103 120
108 103 240
108 103 120
108 103 120
107 103 360
107 103 120
106 103 360
106 103 120
106 103 120
105 103 480
105 103 120
105 103 120
104 103 600
104 103 120
104 103 120
103 103 720
103 103 120
103 103 120
102 103 840
102 103 120
102 103 120
101 103 960
101 103 120
101 103 120
100 103 1080
100 103 120
99 103 1080
99 103 120
98 103 1080
98 103 120
97 103 1080
97 103 120
96 103 1080
96 103 120
95 103 1080
95 103 120
94 103 1080
94 103 120
93 103 1080
93 103 120
92 103 1080
92 103 120
91 103 1080
91 103 120
91 103 120
90 103 1200
90 103 120
90 103 120
89 103 1320
89 103 120
89 103 120
88 103 1440
88 103 120
88 103 120
88 103 120
87 103 1680
87 103 120
87 103 120
87 103 120
86 103 1920
86 103 120
86 103 120
86 103 120
86 103 120
85 103 2280
85 103 120
85 103 120
85 103 120
84 103 2520
84 103 120
84 103 120
84 103 120
83 103 2760
83 103 120
83 103 120
83 103 120
82 103 3000
82 103 120
82 103 120
82 103 120
81 103 3240
81 103 120
81 103 120
81 103 120
81 103 120
80 103 3600
80 103 120
80 103 120
80 103 120
79 103 3840
79 103 120
79 103 120
79 103 120
78 103 4080
78 103 120
78 103 120
77 103 4200
77 103 120
77 103 120
77 103 120
76 103 4440
76 103 120
76 103 120
75 103 4560
75 103 120
75 103 120
74 103 4680
74 103 120
73 103 4680
73 103 120
72 103 4680
71 103 4680
70 103 4680
69 103 120
69 103 120
69 103 120
69 103 120
69 103 120
69 103 120
69 103 120
69 103 120
69 103 120
69 103 120
69 103 120
69 103 120
69 103 120
69 103 120
69 103 120
69 103 120
69 103 120
69 103 120
69 103 120
69 103 120
69 103 120
69 103 120
69 103 120
69 103 120
69 103 120
69 103 120
69 103 120
69 103 120
69 103 120
69 103 120
69 103 120
69 103 120
69 103 120
69 103 120
69 103 120
69 103 120
69 103 120
68 103 4320
68 103 120
67 103 4320
66 103 4320
65 103 4320
64 103 120
64 103 120
64 103 120
64 103 120
64 103 120
64 103 120
64 103 120
64 103 120
64 103 120
64 103 120
64 103 120
64 103 120
64 103 120
64 103 120
64 103 120
64 103 120
64 103 120
64 103 120
64 103 120
64 103 120
64 103 120
64 103 120
64 103 120
64 103 120
64 103 120
64 103 120
64 103 120
64 103 120
64 103 120
64 103 120
64 103 120
64 103 120
63 103 3720
62 103 3720
61 103 3720
60 103 120
60 103 120
60 103 120
60 103 120
60 103 120
60 103 120
60 103 120
60 103 120
60 103 120
60 103 120
60 103 120
60 103 120
60 103 120
60 103 120
60 103 120
60 103 120
60 103 120
60 103 120
60 103 120
60 103 120
60 103 120
60 103 120
60 103 120
60 103 120
60 103 120
60 103 120
60 103 120
60 103 120
60 103 120
60 103 120
59 103 3480
59 103 120
58 103 3480
58 103 120
58 103 120
57 103 3600
57 103 120
57 103 120
56 103 3720
56 103 120
55 103 3720
55 103 120
55 103 120
54 103 3840
54 103 120
53 103 3840
53 103 120
52 103 3840
52 103 120
51 103 3840
51 103 120
50 103 3840
49 103 3840
48 103 3840
47 103 120
47 103 120
47 103 120
47 103 120
47 103 120
47 103 120
47 103 120
47 103 120
47 103 120
47 103 120
47 103 120
47 103 120
47 103 120
47 103 120
47 103 120
47 103 120
47 103 120
47 103 120
47 103 120
47 103 120
47 103 120
47 103 120
47 103 120
47 103 120
47 103 120
47 103 120
47 103 120
47 103 120
46 103 3240
45 103 3240
44 103 3240
43 103 120
43 103 120
43 103 120
43 103 120
43 103 120
43 103 120
43 103 120
43 103 120
43 103 120
43 103 120
43 103 120
43 103 120
43 103 120
43 103 120
43 103 120
43 103 120
43 103 120
43 103 120
43 103 120
43 103 120
43 103 120
43 103 120
42 103 2520
41 103 2520
40 103 2520
39 103 120
39 103 120
39 103 120
39 103 120
39 103 120
39 103 120
39 103 120
39 103 120
39 103 120
39 103 120
39 103 120
39 103 120
39 103 120
39 103 120
39 103 120
39 103 120
39 103 120
39 103 120
39 103 120
39 103 120
38 103 2280
38 103 120
37 103 2280
36 103 2280
35 103 2280
34 103 120
34 103 120
34 103 120
34 103 120
34 103 120
34 103 120
34 103 120
34 103 120
34 103 120
34 103 120
34 103 120
34 103 120
34 103 120
34 103 120
34 103 120
34 103 120
33 103 1800
32 103 1800
31 103 1800
30 103 120
30 103 120
30 103 120
30 103 120
30 103 120
30 103 120
30 103 120
30 103 120
30 103 120
30 103 120
