131 179 100
130 179 100
129 179 100
128 179 100
127 179 100
126 179 100
125 179 100
124 179 100
123 179 100
123 179 100
122 179 100
122 179 100
121 179 100
121 179 100
120 179 100
120 179 100
119 179 100
119 179 100
118 179 100
118 179 100
117 179 100
117 179 100
116 179 100
116 179 100
115 179 100
114 179 100
113 179 100
112 179 100
111 179 100
110 179 100
109 179 100
108 179 100
108 179 100
107 179 100
107 179 100
106 179 100
106 179 100
105 179 100
105 179 100
104 179 100
103 179 100
102 179 100
101 179 100
100 179 100
99 179 100
98 179 100
97 179 100
96 179 100
95 179 100
94 179 100
93 179 100
92 179 100
91 179 100
90 179 100
89 179 100
88 179 100
87 179 100
87 179 100
86 179 100
86 179 100
85 179 100
85 179 100
84 179 100
84 179 100
83 179 100
83 179 100
82 179 100
82 179 100
81 179 100
81 179 100
80 179 100
80 179 100
79 179 100
79 179 100
78 179 100
78 179 100
77 179 100
77 179 100
76 179 100
76 179 100
75 179 100
74 179 100
73 179 100
72 179 100
71 179 100
70 179 100
69 179 100
68 179 100
67 179 100
66 179 100
65 179 100
64 179 100
63 179 100
62 179 100
61 179 100
60 179 100
59 179 100
58 179 100
57 179 100
57 178 100
57 177 100
57 176 100
57 175 100
57 174 100
57 173 100
57 172 100
57 171 100
57 170 100
57 169 100
57 168 100
57 167 100
57 166 100
57 165 100
57 164 100
57 163 100
57 162 100
57 161 100
57 160 100
57 159 100
57 158 100
57 157 100
57 156 100
57 156 100
57 155 100
57 155 100
57 154 100
57 154 100
57 153 100
57 152 100
57 151 100
57 150 100
57 149 100
57 148 100
57 147 100
57 146 100
57 145 100
57 144 100
57 143 100
57 142 100
57 141 100
57 140 100
57 139 100
57 138 100
57 137 100
57 136 100
57 135 100
57 134 100
57 133 100
57 132 100
57 131 100
57 130 100
57 129 100
57 128 100
57 127 100
57 126 100
57 125 100
57 124 100
57 123 100
57 122 100
57 121 100
57 120 100
57 119 100
57 118 100
57 117 100
57 116 100
57 115 100
57 114 100
57 113 100
57 112 100
57 111 100
57 110 100
57 109 100
57 108 100
57 107 100
57 106 100
57 105 100
57 104 100
57 103 100
57 102 100
57 101 100
57 100 100
57 99 100
57 98 100
57 97 100
57 96 100
57 95 100
57 94 100
57 93 100
57 92 100
57 91 100
57 90 100
57 89 100
57 88 100
57 87 100
57 86 100
57 85 100
57 84 100
57 83 100
57 82 100
57 81 100
57 80 100
57 79 100
57 78 100
57 77 100
57 76 100
57 76 100
57 75 100
57 75 100
57 74 100
57 74 100
57 74 100
57 73 200
57 73 100
57 72 200
57 72 100
57 72 100
57 71 300
57 71 100
57 70 300
57 69 300
57 68 300
57 67 100
57 67 100
57 66 100
57 65 100
57 64 100
57 63 100
57 62 100
57 61 100
57 60 100
57 59 100
57 58 100
57 57 100
57 56 100
57 55 100
132 179 100
133 179 100
134 179 100
135 179 100
136 179 100
137 179 100
138 179 100
139 179 100
140 179 100
141 179 100
142 179 100
143 179 100
144 179 100
145 179 100
146 179 100
147 179 100
148 179 100
149 179 100
150 179 100
151 179 100
152 179 100
153 179 100
154 179 100
154 180 100
154 181 100
154 182 100
154 183 100
154 184 100
154 185 100
154 186 100
154 187 100
154 188 100
154 189 100
154 190 100
154 191 100
154 192 100
154 193 100
154 194 100
154 195 100
154 196 100
154 197 100
154 198 100
154 199 100
155 199 100
156 199 100
157 199 100
158 199 100
159 199 100
160 199 100
161 199 100
162 199 100
163 199 100
164 199 100
165 199 100
166 199 100
167 199 100
168 199 100
169 199 100
170 199 100
171 199 100
171 199 100
172 199 100
172 199 100
173 199 100
173 199 100
173 199 100
174 199 200
174 199 100
174 199 100
175 199 300
175 199 100
175 199 100
176 199 400
176 199 100
176 199 100
177 199 500
177 199 100
178 199 500
178 199 100
178 199 100
179 199 600
180 199 600
181 199 600
182 199 100
182 199 100
182 199 100
183 199 200
183 199 100
184 199 200
185 199 200
186 199 200
187 199 100
188 199 100
189 199 100
190 199 100
191 199 100
192 199 100
193 199 100
194 199 100
195 199 100
196 199 100
197 199 100
197 198 100
197 197 100
197 197 100
197 196 100
197 196 100
197 196 100
197 195 200
197 195 100
197 195 100
197 194 300
197 194 100
197 194 100
197 193 400
197 193 100
197 193 100
197 193 100
197 193 100
197 192 700
197 192 100
197 192 100
197 192 100
197 192 100
197 191 1000
197 191 100
197 191 100
197 191 100
197 191 100
197 191 100
197 191 100
197 190 1500
197 190 100
197 190 100
197 190 100
197 190 100
197 190 100
197 190 100
197 189 2000
197 189 100
197 189 100
197 189 100
197 189 100
197 189 100
197 188 2400
197 188 100
197 188 100
197 188 100
197 188 100
197 188 100
197 187 2800
197 187 100
197 187 100
197 187 100
197 186 3000
197 186 100
197 186 100
197 186 100
197 185 3200
197 185 100
197 184 3200
197 184 100
197 183 3200
197 182 3200
197 181 3200
197 180 100
197 180 100
197 180 100
197 180 100
197 180 100
197 180 100
197 180 100
197 180 100
197 180 100
197 180 100
197 180 100
197 180 100
197 180 100
197 180 100
197 180 100
197 180 100
197 180 100
197 180 100
197 180 100
197 180 100
197 179 1900
197 178 1900
197 177 1900
197 176 100
197 176 100
197 176 100
197 176 100
197 176 100
197 176 100
197 175 500
197 174 500
197 173 500
197 172 100
197 172 100
197 172 100
197 171 200
197 171 100
197 170 200
197 169 200
197 168 200
197 167 100
197 166 100
197 165 100
197 164 100
197 163 100
197 162 100
197 161 100
197 160 100
197 159 100
197 158 100
197 157 100
197 156 100
197 155 100
197 154 100
196 154 100
195 154 100
194 154 100
193 154 100
192 154 100
191 154 100
190 154 100
189 154 100
188 154 100
187 154 100
186 154 100
186 154 100
185 154 100
185 154 100
185 154 100
185 154 100
185 154 100
184 154 400
184 154 100
184 154 100
184 154 100
184 154 100
184 154 100
183 154 800
183 154 100
183 154 100
183 154 100
183 154 100
183 154 100
183 154 100
183 154 100
182 154 1400
182 154 100
182 154 100
182 154 100
182 154 100
182 154 100
182 154 100
182 154 100
182 154 100
181 154 2100
181 154 100
181 154 100
181 154 100
181 154 100
181 154 100
181 154 100
181 154 100
181 154 100
180 154 2800
180 154 100
180 154 100
180 154 100
180 154 100
180 154 100
180 154 100
180 154 100
179 154 3400
179 154 100
179 154 100
179 154 100
179 154 100
179 154 100
178 154 3800
178 154 100
178 154 100
178 154 100
178 154 100
177 154 4100
177 154 100
177 154 100
177 154 100
176 154 4300
176 154 100
175 154 4300
174 154 4300
174 153 4300
174 152 100
174 152 100
174 152 100
174 152 100
174 152 100
174 152 100
174 152 100
174 152 100
174 152 100
174 152 100
174 152 100
174 152 100
174 152 100
174 152 100
174 152 100
174 152 100
174 152 100
174 152 100
174 152 100
174 152 100
174 152 100
174 152 100
174 152 100
174 152 100
174 152 100
174 152 100
174 152 100
174 152 100
174 152 100
174 152 100
174 152 100
174 152 100
174 152 100
174 152 100
174 152 100
174 152 100
174 152 100
174 152 100
174 152 100
174 152 100
174 151 3900
174 150 3900
174 149 3900
174 148 100
174 148 100
174 148 100
174 148 100
174 148 100
174 148 100
174 148 100
174 148 100
174 148 100
174 148 100
174 148 100
174 148 100
174 148 100
174 148 100
174 148 100
174 148 100
174 148 100
174 148 100
174 148 100
174 148 100
174 148 100
174 148 100
174 148 100
174 148 100
174 148 100
174 148 100
174 148 100
174 147 2600
174 146 2600
174 145 2600
174 144 100
174 144 100
174 144 100
174 144 100
174 144 100
174 144 100
174 144 100
174 144 100
174 144 100
174 144 100
174 144 100
174 144 100
174 144 100
174 144 100
174 144 100
174 144 100
174 144 100
174 144 100
174 144 100
174 143 1800
174 142 1800
174 141 1800
174 140 100
174 140 100
174 140 100
174 140 100
174 140 100
174 140 100
174 140 100
174 140 100
174 140 100
174 140 100
174 140 100
174 140 100
174 140 100
174 140 100
174 140 100
174 140 100
174 139 1500
174 138 1500
174 137 1500
174 136 100
174 136 100
174 136 100
174 136 100
174 136 100
174 136 100
174 136 100
174 136 100
174 136 100
174 135 800
174 134 800
174 133 800
174 132 100
174 132 100
174 132 100
174 131 200
174 131 100
174 130 200
174 129 200
174 128 200
174 128 100
174 127 200
174 127 100
174 126 200
174 126 100
174 125 200
174 125 100
174 125 100
174 124 300
174 124 100
174 123 300
174 123 100
174 123 100
174 122 400
174 122 100
174 121 400
174 120 400
174 119 400
174 118 100
174 118 100
174 117 100
174 117 100
174 116 100
174 115 100
174 114 100
174 113 100
174 112 100
174 111 100
174 110 100
173 110 100
172 110 100
171 110 100
170 110 100
169 110 100
168 110 100
167 110 100
167 110 100
166 110 100
166 110 100
166 110 100
165 110 200
165 110 100
165 110 100
165 110 100
164 110 400
164 110 100
164 110 100
163 110 500
163 110 100
163 110 100
163 110 100
163 110 100
162 110 800
162 110 100
162 110 100
161 110 900
161 110 100
161 110 100
161 110 100
160 110 1100
160 110 100
159 110 1100
159 110 100
158 110 1100
157 110 1100
156 110 1100
155 110 100
155 110 100
155 110 100
155 110 100
155 110 100
155 110 100
155 110 100
154 110 600
153 110 600
152 110 600
151 110 100
151 110 100
151 110 100
150 110 200
150 110 100
149 110 200
148 110 200
147 110 200
147 109 100
147 109 100
147 108 100
147 107 100
147 106 100
147 105 100
147 104 100
147 103 100
147 102 100
147 101 100
147 100 100
147 99 100
147 98 100
147 97 100
147 96 100
147 95 100
147 94 100
147 93 100
147 92 100
175 110 100
176 110 100
177 110 100
178 110 100
179 110 100
180 110 100
181 110 100
182 110 100
182 110 100
183 110 100
183 110 100
184 110 100
184 110 100
185 110 100
185 110 100
186 110 100
186 110 100
187 110 100
187 110 100
187 110 100
188 110 200
188 110 100
189 110 200
189 110 100
190 110 200
190 110 100
190 110 100
191 110 300
191 110 100
191 110 100
192 110 400
192 110 100
193 110 400
193 110 100
194 110 400
194 110 100
195 110 400
195 110 100
196 110 400
196 109 400
196 109 100
196 108 400
196 108 100
196 108 100
196 108 100
196 107 600
196 107 100
196 107 100
196 106 700
196 106 100
196 106 100
196 106 100
196 105 900
196 105 100
196 105 100
196 105 100
196 104 1100
196 104 100
196 104 100
196 104 100
196 103 1300
196 103 100
196 103 100
196 103 100
196 102 1500
196 102 100
196 102 100
196 102 100
196 102 100
196 101 1800
196 101 100
196 101 100
196 101 100
196 101 100
196 101 100
196 100 2200
196 100 100
196 100 100
196 100 100
196 100 100
196 100 100
196 99 2600
196 99 100
196 99 100
196 99 100
196 99 100
196 99 100
196 98 3000
196 98 100
196 98 100
196 98 100
196 98 100
196 97 3300
196 97 100
196 97 100
196 97 100
196 97 100
196 96 3600
196 96 100
196 96 100
196 95 3700
196 95 100
196 95 100
196 94 3800
196 94 100
196 93 3800
196 92 3800
196 91 3800
196 90 100
196 90 100
196 90 100
196 90 100
196 90 100
196 90 100
196 90 100
196 90 100
196 90 100
196 90 100
196 90 100
196 90 100
196 90 100
196 90 100
196 90 100
196 90 100
196 90 100
196 90 100
196 90 100
196 90 100
196 90 100
196 90 100
196 90 100
196 90 100
196 90 100
196 90 100
196 90 100
196 90 100
196 90 100
196 89 2800
196 88 2800
196 87 2800
196 86 100
196 86 100
196 86 100
196 86 100
196 86 100
196 86 100
196 86 100
196 86 100
196 86 100
196 86 100
196 86 100
196 86 100
196 86 100
196 85 1200
196 84 1200
196 83 1200
196 82 100
196 82 100
196 82 100
196 82 100
196 82 100
196 82 100
196 81 500
196 80 500
196 79 500
196 78 100
196 78 100
196 78 100
196 77 200
196 76 200
196 75 200
196 74 100
196 73 100
196 72 100
196 71 100
196 70 100
196 69 100
196 68 100
196 67 100
196 66 100
196 65 100
108 31 100
108 31 100
107 31 100
107 31 100
106 31 100
106 31 100
106 31 100
105 31 200
105 31 100
105 31 100
104 31 300
104 31 100
104 31 100
103 31 400
103 31 100
103 31 100
103 31 100
102 31 600
102 31 100
102 31 100
101 31 700
101 31 100
101 31 100
100 31 800
100 31 100
100 31 100
99 31 900
99 31 100
98 31 900
98 31 100
97 31 900
96 31 900
95 31 900
94 31 100
94 31 100
94 31 100
94 31 100
94 31 100
93 31 400
92 31 400
91 31 400
90 31 100
90 31 100
90 31 100
89 31 200
89 31 100
88 31 200
88 31 100
87 31 200
87 31 100
86 31 200
86 31 100
85 31 200
85 31 100
84 31 200
84 31 100
83 31 200
83 31 100
82 31 200
82 31 100
81 31 200
81 31 100
80 31 200
80 31 100
79 31 200
79 31 100
79 31 100
78 31 300
78 31 100
77 31 300
77 31 100
77 31 100
76 31 400
76 31 100
76 31 100
75 31 500
75 31 100
75 31 100
74 31 600
74 31 100
74 31 100
73 31 700
73 31 100
73 31 100
72 31 800
72 31 100
72 31 100
71 31 900
71 31 100
70 31 900
69 31 900
68 31 900
67 31 100
67 31 100
67 31 100
67 31 100
67 31 100
67 31 100
66 31 500
66 31 100
65 31 500
64 31 500
63 31 500
62 31 100
62 31 100
62 31 100
62 31 100
61 31 300
60 31 300
59 31 300
58 31 100
58 31 100
58 31 100
57 31 200
57 31 100
57 32 200
57 33 200
57 34 200
57 35 100
57 36 100
57 37 100
57 38 100
57 39 100
57 40 100
57 41 100
57 42 100
57 43 100
57 44 100
57 45 100
57 46 100
57 47 100
57 48 100
57 49 100
57 50 100
57 51 100
57 52 100
57 53 100
57 54 100
19 187 100
19 187 100
18 187 100
18 187 100
17 187 100
17 187 100
17 187 100
16 187 200
16 187 100
15 187 200
15 187 100
14 187 200
14 187 100
13 187 200
13 187 100
12 187 200
12 187 100
11 187 200
10 187 200
9 187 200
9 186 100
9 186 100
9 185 100
9 185 100
9 185 100
9 184 200
9 184 100
9 183 200
9 183 100
9 183 100
9 183 100
9 182 400
9 182 100
9 182 100
9 182 100
9 181 600
9 181 100
9 181 100
9 181 100
9 180 800
9 180 100
9 180 100
9 180 100
9 180 100
9 179 1100
9 179 100
9 179 100
9 179 100
9 179 100
9 178 1400
9 178 100
9 178 100
9 178 100
9 178 100
9 178 100
9 177 1800
9 177 100
9 177 100
9 177 100
9 176 2000
9 176 100
9 176 100
9 175 2100
9 175 100
9 174 2100
9 173 2100
9 172 2100
9 171 100
9 171 100
9 171 100
9 171 100
9 171 100
9 171 100
9 171 100
9 171 100
9 171 100
9 171 100
9 171 100
9 171 100
9 171 100
9 171 100
9 170 1300
9 169 1300
9 168 1300
9 167 100
9 167 100
9 167 100
9 167 100
9 167 100
9 167 100
9 167 100
9 167 100
9 167 100
9 167 100
9 166 900
9 166 100
9 165 900
9 164 900
9 163 900
9 162 100
9 162 100
9 162 100
9 162 100
9 162 100
9 162 100
9 162 100
9 161 600
9 161 100
9 160 600
9 159 600
9 158 600
9 157 100
9 157 100
9 157 100
9 157 100
9 157 100
9 157 100
9 156 500
9 156 100
9 155 500
9 155 100
9 155 100
9 154 600
9 154 100
9 154 100
9 153 700
9 153 100
9 153 100
9 153 100
9 152 900
9 152 100
9 152 100
9 152 100
9 152 100
9 151 1200
9 151 100
9 151 100
9 151 100
9 150 1400
9 150 100
9 150 100
9 150 100
9 150 100
9 149 1700
9 149 100
9 149 100
9 149 100
9 148 1900
9 148 100
9 148 100
9 147 2000
9 147 100
9 146 2000
9 145 2000
9 144 2000
9 143 100
9 143 100
9 143 100
9 143 100
9 143 100
9 143 100
9 143 100
9 143 100
9 143 100
9 143 100
9 143 100
9 143 100
9 143 100
9 143 100
9 142 1300
9 141 1300
9 140 1300
9 139 100
9 139 100
9 139 100
9 139 100
9 139 100
9 139 100
9 139 100
9 139 100
9 138 700
9 138 100
9 137 700
9 136 700
9 135 700
9 134 100
9 134 100
9 134 100
9 134 100
9 134 100
9 133 400
9 132 400
9 131 400
9 130 100
9 129 100
9 128 100
9 127 100
9 126 100
9 125 100
9 124 100
9 123 100
9 122 100
9 121 100
9 120 100
9 119 100
9 118 100
9 117 100
9 116 100
9 115 100
9 114 100
9 113 100
9 112 100
9 111 100
9 110 100
9 109 100
9 108 100
9 107 100
9 106 100
9 105 100
9 104 100
9 103 100
9 103 100
9 102 100
9 102 100
9 101 100
9 101 100
9 100 100
9 99 100
9 98 100
9 97 100
9 96 100
9 95 100
9 94 100
9 93 100
9 92 100
9 91 100
9 90 100
9 89 100
9 88 100
9 87 100
9 86 100
9 85 100
