195 177 120
194 177 120
193 177 120
192 177 120
191 177 120
190 177 120
189 177 120
188 177 120
187 177 120
186 177 120
185 177 120
184 177 120
183 177 120
182 177 120
181 177 120
180 177 120
179 177 120
178 177 120
177 177 120
176 177 120
175 177 120
174 177 120
173 177 120
172 177 120
171 177 120
170 177 120
169 177 120
168 177 120
167 177 120
166 177 120
165 177 120
164 177 120
163 177 120
162 177 120
161 177 120
161 177 120
160 177 120
160 177 120
159 177 120
159 177 120
159 177 120
159 176 240
159 176 120
159 175 240
159 175 120
159 174 240
159 174 120
159 173 240
159 172 240
159 171 240
159 170 120
159 169 120
159 168 120
159 167 120
159 166 120
159 165 120
159 164 120
159 163 120
159 162 120
159 161 120
159 160 120
159 159 120
159 158 120
159 157 120
159 156 120
159 155 120
159 154 120
159 153 120
159 152 120
159 151 120
159 150 120
159 149 120
159 148 120
159 147 120
159 146 120
159 146 120
159 145 120
159 145 120
159 144 120
159 144 120
159 144 120
159 143 240
159 143 120
159 143 120
159 142 360
159 142 120
159 141 360
159 141 120
159 141 120
159 140 480
159 140 120
159 139 480
159 139 120
159 138 480
159 137 480
159 136 480
159 135 120
159 135 120
159 134 120
159 134 120
159 133 120
159 133 120
159 132 120
159 131 120
159 130 120
159 129 120
159 128 120
159 127 120
159 126 120
159 125 120
159 124 120
159 123 120
159 122 120
159 121 120
159 120 120
159 119 120
159 118 120
159 117 120
159 116 120
159 115 120
159 114 120
159 113 120
159 112 120
159 111 120
159 111 120
159 110 120
159 110 120
159 109 120
159 109 120
159 109 120
159 108 240
159 108 120
159 107 240
159 107 120
159 107 120
159 106 360
159 106 120
159 105 360
159 105 120
159 105 120
159 104 480
159 104 120
159 104 120
159 103 600
159 103 120
159 102 600
159 102 120
159 102 120
159 101 720
159 101 120
159 101 120
159 100 840
159 100 120
159 100 120
159 100 120
159 99 1080
159 99 120
159 99 120
159 98 1200
159 98 120
159 98 120
159 98 120
159 97 1440
159 97 120
159 97 120
159 97 120
159 97 120
159 96 1800
159 96 120
159 96 120
159 96 120
159 95 2040
159 95 120
159 95 120
159 95 120
159 94 2280
159 94 120
159 94 120
159 93 2400
159 93 120
159 93 120
159 92 2520
159 92 120
159 92 120
159 91 2640
159 90 2640
159 89 2640
159 88 120
159 88 120
159 88 120
159 88 120
159 88 120
159 88 120
159 88 120
159 88 120
159 88 120
159 88 120
159 88 120
159 88 120
159 88 120
159 88 120
159 88 120
159 88 120
159 88 120
159 88 120
159 87 2040
159 86 2040
159 85 2040
159 84 120
159 84 120
159 84 120
159 84 120
159 84 120
159 84 120
159 84 120
159 83 720
159 82 720
159 81 720
159 80 120
159 80 120
159 80 120
159 79 240
159 79 120
159 78 240
159 77 240
159 76 240
159 75 120
159 75 120
159 74 120
159 74 120
159 73 120
159 72 120
159 71 120
159 70 120
159 69 120
159 68 120
159 67 120
150 145 120
149 145 120
148 145 120
147 145 120
146 145 120
145 145 120
144 145 120
143 145 120
142 145 120
141 145 120
140 145 120
139 145 120
138 145 120
137 145 120
136 145 120
135 145 120
134 145 120
133 145 120
132 145 120
131 145 120
130 145 120
129 145 120
128 145 120
127 145 120
126 145 120
125 145 120
124 145 120
123 145 120
123 145 120
122 145 120
122 145 120
121 145 120
121 145 120
120 145 120
120 145 120
119 145 120
119 145 120
118 145 120
118 145 120
117 145 120
117 145 120
116 145 120
116 145 120
115 145 120
114 145 120
114 144 120
114 143 120
114 142 120
114 141 120
114 140 120
114 139 120
114 138 120
114 137 120
114 136 120
114 135 120
114 134 120
114 133 120
114 132 120
114 131 120
114 130 120
114 129 120
114 128 120
114 127 120
114 126 120
114 125 120
114 124 120
114 123 120
114 122 120
114 121 120
114 120 120
114 119 120
114 118 120
114 117 120
114 116 120
114 115 120
114 114 120
114 113 120
114 112 120
114 111 120
114 110 120
114 109 120
114 108 120
114 107 120
97 169 120
97 169 120
96 169 120
96 169 120
95 169 120
94 169 120
93 169 120
92 169 120
91 169 120
90 169 120
89 169 120
88 169 120
87 169 120
86 169 120
85 169 120
84 169 120
83 169 120
82 169 120
81 169 120
80 169 120
79 169 120
78 169 120
77 169 120
76 169 120
75 169 120
74 169 120
73 169 120
72 169 120
71 169 120
70 169 120
69 169 120
68 169 120
68 169 120
67 169 120
67 169 120
66 169 120
66 169 120
66 169 120
65 169 240
65 169 120
64 169 240
64 169 120
64 169 120
63 169 360
63 169 120
62 169 360
62 169 120
61 169 360
60 169 360
59 169 360
58 169 120
58 169 120
57 169 120
57 169 120
56 169 120
56 169 120
55 169 120
54 169 120
53 169 120
52 169 120
51 169 120
50 169 120
49 169 120
48 169 120
47 169 120
46 169 120
45 169 120
44 169 120
43 169 120
42 169 120
41 169 120
40 169 120
39 169 120
38 169 120
37 169 120
37 170 120
37 171 120
37 172 120
