83 13 80
84 13 80
85 13 80
86 13 80
87 13 80
88 13 80
89 13 80
90 13 80
91 13 80
92 13 80
93 13 80
94 13 80
95 13 80
96 13 80
97 13 80
98 13 80
99 13 80
100 13 80
101 13 80
102 13 80
103 13 80
104 13 80
105 13 80
105 13 80
106 13 80
106 13 80
107 13 80
107 13 80
107 13 80
108 13 80
108 13 80
108 13 80
108 13 80
109 13 80
109 13 80
109 13 80
109 13 80
109 13 80
109 13 80
110 13 80
110 13 80
110 13 80
110 13 80
110 13 80
110 13 80
110 13 80
110 13 80
110 13 80
111 13 80
111 13 80
111 13 80
111 13 80
111 13 80
111 13 80
111 13 80
111 13 80
111 13 80
111 13 80
111 13 80
111 13 80
111 13 80
112 13 80
112 13 80
112 13 80
112 13 80
112 13 80
112 13 80
112 13 80
112 13 80
112 13 80
112 13 80
112 13 80
112 13 80
112 13 80
112 13 80
112 13 80
112 13 80
112 13 80
113 13 80
113 13 80
113 13 80
113 13 80
113 13 80
113 13 80
113 13 80
113 13 80
113 13 80
113 13 80
113 13 80
113 13 80
113 13 80
113 13 80
113 13 80
113 13 80
113 13 80
113 13 80
113 13 80
113 13 80
113 13 80
114 13 80
114 13 80
114 13 80
114 13 80
114 13 80
114 13 80
114 13 80
114 13 80
114 13 80
114 13 80
114 13 80
114 13 80
114 13 80
114 13 80
114 13 80
114 13 80
114 13 80
114 13 80
114 13 80
114 13 80
114 13 80
114 13 80
114 13 80
114 13 80
115 13 80
115 13 80
115 13 80
115 13 80
115 13 80
115 13 80
115 13 80
115 13 80
115 13 80
115 13 80
115 13 80
115 13 80
115 13 80
115 13 80
115 13 80
115 13 80
115 13 80
115 13 80
115 13 80
115 13 80
115 13 80
115 13 80
115 13 80
115 13 80
115 13 80
115 13 80
115 13 80
115 13 80
116 13 80
116 13 80
116 13 80
116 13 80
116 13 80
116 13 80
116 13 80
116 13 80
116 13 80
116 13 80
116 13 80
116 13 80
116 13 80
116 13 80
116 13 80
116 13 80
116 13 80
116 13 80
116 13 80
116 13 80
116 13 80
116 13 80
116 13 80
116 13 80
116 13 80
116 13 80
116 13 80
116 13 80
116 13 80
116 13 80
116 13 80
117 13 80
117 13 80
117 13 80
117 13 80
117 13 80
117 13 80
117 13 80
117 13 80
117 13 80
117 13 80
117 13 80
117 13 80
117 13 80
117 13 80
117 13 80
117 13 80
117 13 80
117 13 80
117 13 80
117 13 80
117 13 80
117 13 80
117 13 80
117 13 80
117 13 80
117 13 80
117 13 80
117 13 80
117 13 80
117 13 80
117 13 80
117 13 80
117 13 80
118 13 80
118 13 80
118 13 80
118 13 80
118 13 80
118 13 80
118 13 80
118 13 80
118 13 80
118 13 80
118 13 80
118 13 80
118 13 80
118 13 80
118 13 80
118 13 80
118 13 80
118 13 80
118 13 80
118 13 80
118 13 80
118 13 80
118 13 80
118 13 80
118 13 80
118 13 80
118 13 80
118 13 80
118 13 80
118 13 80
118 13 80
118 13 80
118 13 80
118 13 80
119 13 80
119 13 80
119 13 80
119 13 80
119 13 80
119 13 80
119 13 80
119 13 80
119 13 80
119 13 80
119 13 80
119 13 80
119 13 80
119 13 80
119 13 80
119 13 80
119 13 80
119 13 80
119 13 80
119 13 80
119 13 80
119 13 80
119 13 80
119 13 80
119 13 80
119 13 80
119 13 80
119 13 80
119 13 80
119 13 80
119 13 80
119 13 80
119 13 80
119 13 80
120 13 80
120 13 80
120 13 80
120 13 80
120 13 80
120 13 80
120 13 80
120 13 80
120 13 80
120 13 80
120 13 80
120 13 80
120 13 80
120 13 80
120 13 80
120 13 80
120 13 80
120 13 80
120 13 80
120 13 80
120 13 80
120 13 80
120 13 80
120 13 80
120 13 80
120 13 80
120 13 80
120 13 80
120 13 80
120 13 80
120 13 80
120 13 80
120 13 80
120 13 80
121 13 80
121 13 80
121 13 80
121 13 80
121 13 80
121 13 80
121 13 80
121 13 80
121 13 80
121 13 80
121 13 80
121 13 80
121 13 80
121 13 80
121 13 80
121 13 80
121 13 80
121 13 80
121 13 80
121 13 80
121 13 80
121 13 80
121 13 80
121 13 80
121 13 80
121 13 80
121 13 80
121 13 80
121 13 80
121 13 80
121 13 80
121 13 80
121 13 80
122 13 80
122 13 80
122 13 80
122 13 80
122 13 80
122 13 80
122 13 80
122 13 80
122 13 80
122 13 80
122 13 80
122 13 80
122 13 80
122 13 80
122 13 80
122 13 80
122 13 80
122 13 80
122 13 80
122 13 80
122 13 80
122 13 80
122 13 80
122 13 80
122 13 80
122 13 80
122 13 80
122 13 80
122 13 80
122 13 80
122 13 80
123 13 80
123 13 80
123 13 80
123 13 80
123 13 80
123 13 80
123 13 80
123 13 80
123 13 80
123 13 80
123 13 80
123 13 80
123 13 80
123 13 80
123 13 80
123 13 80
123 13 80
123 13 80
123 13 80
123 13 80
123 13 80
123 13 80
123 13 80
123 13 80
123 13 80
123 13 80
123 13 80
123 13 80
123 13 80
123 13 80
124 13 80
124 13 80
124 13 80
124 13 80
124 13 80
124 13 80
124 13 80
124 13 80
124 13 80
124 13 80
124 13 80
124 13 80
124 13 80
124 13 80
124 13 80
124 13 80
124 13 80
124 13 80
124 13 80
124 13 80
124 13 80
124 13 80
124 13 80
124 13 80
124 13 80
124 13 80
124 13 80
124 13 80
125 13 80
125 13 80
125 13 80
125 13 80
125 13 80
125 13 80
125 13 80
125 13 80
125 13 80
125 13 80
125 13 80
125 13 80
125 13 80
125 13 80
125 13 80
125 13 80
125 13 80
125 13 80
125 13 80
125 13 80
125 13 80
125 13 80
125 13 80
125 13 80
125 13 80
125 13 80
126 13 80
126 13 80
126 13 80
126 13 80
126 13 80
126 13 80
126 13 80
126 13 80
126 13 80
126 13 80
126 13 80
126 13 80
126 13 80
126 13 80
126 13 80
126 13 80
126 13 80
126 13 80
126 13 80
126 13 80
126 13 80
126 13 80
126 13 80
126 13 80
127 13 80
127 13 80
127 13 80
127 13 80
127 13 80
127 13 80
127 13 80
127 13 80
127 13 80
127 13 80
127 13 80
127 13 80
127 13 80
127 13 80
127 13 80
127 13 80
127 13 80
127 13 80
127 13 80
127 13 80
127 13 80
127 13 80
127 13 80
128 13 80
128 13 80
128 13 80
128 13 80
128 13 80
128 13 80
128 13 80
128 13 80
128 13 80
128 13 80
128 13 80
128 13 80
128 13 80
128 13 80
128 13 80
128 13 80
128 13 80
128 13 80
128 13 80
128 13 80
128 13 80
128 13 80
129 13 80
129 13 80
129 13 80
129 13 80
129 13 80
129 13 80
129 13 80
129 13 80
129 13 80
129 13 80
129 13 80
129 13 80
129 13 80
129 13 80
129 13 80
129 13 80
129 13 80
129 13 80
129 13 80
129 13 80
129 13 80
130 13 80
130 13 80
130 13 80
130 13 80
130 13 80
130 13 80
130 13 80
130 13 80
130 13 80
130 13 80
130 13 80
130 13 80
130 13 80
130 13 80
130 13 80
130 13 80
130 13 80
130 13 80
130 13 80
130 13 80
131 13 80
131 13 80
131 13 80
131 13 80
131 13 80
131 13 80
131 13 80
131 13 80
131 13 80
131 13 80
131 13 80
131 13 80
131 13 80
131 13 80
131 13 80
131 13 80
131 13 80
131 13 80
131 13 80
132 13 80
132 13 80
132 13 80
132 13 80
132 13 80
132 13 80
132 13 80
132 13 80
132 13 80
132 13 80
132 13 80
132 13 80
132 13 80
132 13 80
132 13 80
132 13 80
132 13 80
132 13 80
133 13 80
133 13 80
133 13 80
133 13 80
133 13 80
133 13 80
133 13 80
133 13 80
133 13 80
133 13 80
133 13 80
133 13 80
133 13 80
133 13 80
133 13 80
133 13 80
133 13 80
134 13 80
134 13 80
134 13 80
134 13 80
134 13 80
134 13 80
134 13 80
134 13 80
134 13 80
134 13 80
134 13 80
134 13 80
134 13 80
134 13 80
134 13 80
134 13 80
134 13 80
135 13 80
135 13 80
135 13 80
135 13 80
135 13 80
135 13 80
135 13 80
135 13 80
135 13 80
135 13 80
135 13 80
135 13 80
135 13 80
135 13 80
135 13 80
135 13 80
136 13 80
136 13 80
136 13 80
136 13 80
136 13 80
136 13 80
136 13 80
136 13 80
136 13 80
136 13 80
136 13 80
136 13 80
136 13 80
136 13 80
137 13 80
137 13 80
137 13 80
137 13 80
137 13 80
137 13 80
137 13 80
137 13 80
137 13 80
137 13 80
137 13 80
137 13 80
138 13 80
138 13 80
138 13 80
138 13 80
138 13 80
138 13 80
138 13 80
138 13 80
138 13 80
138 13 80
139 13 80
139 13 80
139 13 80
139 13 80
139 13 80
139 13 80
139 13 80
139 13 80
140 13 80
140 13 80
140 13 80
140 13 80
140 13 80
140 13 80
141 13 80
141 13 80
141 13 80
141 13 80
141 13 80
142 13 80
142 13 80
142 13 80
143 13 80
143 13 80
143 13 80
144 13 80
144 13 80
145 13 80
145 13 80
146 13 80
147 13 80
148 13 80
149 13 80
149 14 80
149 15 80
149 16 80
149 17 80
149 18 80
149 19 80
149 20 80
149 21 80
149 22 80
149 23 80
149 24 80
149 25 80
149 26 80
149 27 80
149 28 80
149 29 80
149 30 80
149 31 80
149 32 80
149 33 80
149 34 80
149 35 80
149 36 80
149 37 80
149 38 80
149 39 80
149 40 80
149 41 80
149 42 80
149 43 80
149 44 80
149 45 80
149 46 80
149 47 80
149 48 80
149 49 80
149 50 80
149 51 80
149 52 80
149 53 80
97 175 80
98 175 80
99 175 80
100 175 80
101 175 80
102 175 80
103 175 80
104 175 80
105 175 80
105 175 80
106 175 80
106 175 80
107 175 80
107 175 80
108 175 80
108 175 80
109 175 80
109 175 80
110 175 80
110 175 80
111 175 80
111 175 80
112 175 80
112 175 80
113 175 80
113 175 80
114 175 80
114 175 80
115 175 80
115 175 80
116 175 80
116 175 80
117 175 80
117 175 80
118 175 80
118 175 80
119 175 80
119 175 80
120 175 80
121 175 80
122 175 80
123 175 80
124 175 80
125 175 80
125 175 80
126 175 80
126 175 80
127 175 80
127 175 80
128 175 80
128 175 80
129 175 80
129 175 80
130 175 80
130 175 80
131 175 80
131 175 80
132 175 80
132 175 80
133 175 80
133 175 80
134 175 80
134 175 80
135 175 80
135 175 80
136 175 80
137 175 80
138 175 80
139 175 80
140 175 80
141 175 80
142 175 80
143 175 80
143 175 80
144 175 80
144 175 80
145 175 80
145 175 80
146 175 80
146 175 80
146 175 80
147 175 80
147 175 80
147 175 80
147 175 80
148 175 80
148 175 80
148 175 80
148 175 80
148 175 80
149 175 80
149 175 80
149 175 80
149 175 80
149 175 80
149 175 80
149 174 400
149 174 80
149 174 80
149 173 80
149 173 80
149 173 80
149 173 80
149 173 80
149 173 80
149 173 80
149 173 80
149 172 80
149 172 80
149 172 80
149 172 80
149 172 80
149 172 80
149 172 80
149 172 80
149 172 80
149 171 80
149 171 80
149 171 80
149 171 80
149 171 80
149 171 80
149 171 80
149 171 80
149 171 80
149 171 80
149 170 80
149 170 80
149 170 80
149 170 80
149 170 80
149 170 80
149 170 80
149 170 80
149 170 80
149 170 80
149 170 80
149 169 80
149 169 80
149 169 80
149 169 80
149 169 80
149 169 80
149 169 80
149 169 80
149 169 80
149 169 80
149 169 80
149 168 80
149 168 80
149 168 80
149 168 80
149 168 80
149 168 80
149 168 80
149 168 80
149 168 80
149 168 80
149 168 80
149 168 80
149 167 80
149 167 80
149 167 80
149 167 80
149 167 80
149 167 80
149 167 80
149 167 80
149 167 80
149 167 80
149 167 80
149 167 80
149 166 80
149 166 80
149 166 80
149 166 80
149 166 80
149 166 80
149 166 80
149 166 80
149 166 80
149 166 80
149 166 80
149 166 80
149 165 80
149 165 80
149 165 80
149 165 80
149 165 80
149 165 80
149 165 80
149 165 80
149 165 80
149 165 80
149 165 80
149 164 80
149 164 80
149 164 80
149 164 80
149 164 80
149 164 80
149 164 80
149 164 80
149 164 80
149 164 80
149 163 80
149 163 80
149 163 80
149 163 80
149 163 80
149 163 80
149 163 80
149 163 80
149 162 80
149 162 80
149 162 80
149 162 80
149 162 80
149 162 80
149 161 80
149 161 80
149 161 80
149 161 80
149 161 80
149 160 80
149 160 80
149 160 80
149 160 80
149 159 80
149 159 80
149 159 80
149 158 80
149 158 80
149 157 80
149 157 80
149 156 80
149 156 80
149 155 80
149 154 80
149 153 80
149 152 80
149 151 80
149 150 80
149 149 80
149 148 80
149 147 80
149 146 80
149 145 80
149 144 80
149 143 80
149 142 80
149 141 80
149 140 80
149 139 80
149 138 80
149 137 80
149 137 80
149 136 80
149 136 80
149 135 80
149 135 80
149 134 80
149 134 80
149 134 80
149 133 80
149 133 80
149 133 80
149 133 80
149 132 80
149 132 80
149 132 80
149 132 80
149 132 80
149 131 80
149 131 80
149 131 80
149 131 80
149 131 80
149 131 80
149 131 80
149 130 80
149 130 80
149 130 80
149 130 80
149 130 80
149 130 80
149 130 80
149 130 80
149 130 80
149 130 80
149 129 80
149 129 80
149 129 80
149 129 80
149 129 80
149 129 80
149 129 80
149 129 80
149 129 80
149 129 80
149 129 80
149 129 80
149 129 80
149 128 80
149 128 80
149 128 80
149 128 80
149 128 80
149 128 80
149 128 80
149 128 80
149 128 80
149 128 80
149 128 80
149 128 80
149 128 80
149 128 80
149 128 80
149 128 80
149 127 80
149 127 80
149 127 80
149 127 80
149 127 80
149 127 80
149 127 80
149 127 80
149 127 80
149 127 80
149 127 80
149 127 80
149 127 80
149 127 80
149 127 80
149 127 80
149 127 80
149 127 80
149 127 80
149 127 80
149 126 80
149 126 80
149 126 80
149 126 80
149 126 80
149 126 80
149 126 80
149 126 80
149 126 80
149 126 80
149 126 80
149 126 80
149 126 80
149 126 80
149 126 80
149 126 80
149 126 80
149 126 80
149 126 80
149 126 80
149 126 80
149 126 80
149 126 80
149 125 80
149 125 80
149 125 80
149 125 80
149 125 80
149 125 80
149 125 80
149 125 80
149 125 80
149 125 80
149 125 80
149 125 80
149 125 80
149 125 80
149 125 80
149 125 80
149 125 80
149 125 80
149 125 80
149 125 80
149 125 80
149 125 80
149 125 80
149 125 80
149 125 80
149 125 80
149 125 80
149 124 80
149 124 80
149 124 80
149 124 80
149 124 80
149 124 80
149 124 80
149 124 80
149 124 80
149 124 80
149 124 80
149 124 80
149 124 80
149 124 80
149 124 80
149 124 80
149 124 80
149 124 80
149 124 80
149 124 80
149 124 80
149 124 80
149 124 80
149 124 80
149 124 80
149 124 80
149 124 80
149 124 80
149 124 80
149 123 80
149 123 80
149 123 80
149 123 80
149 123 80
149 123 80
149 123 80
149 123 80
149 123 80
149 123 80
149 123 80
149 123 80
149 123 80
149 123 80
149 123 80
149 123 80
149 123 80
149 123 80
149 123 80
149 123 80
149 123 80
149 123 80
149 123 80
149 123 80
149 123 80
149 123 80
149 123 80
149 123 80
149 123 80
149 123 80
149 123 80
149 122 80
149 122 80
149 122 80
149 122 80
149 122 80
149 122 80
149 122 80
149 122 80
149 122 80
149 122 80
149 122 80
149 122 80
149 122 80
149 122 80
149 122 80
149 122 80
149 122 80
149 122 80
149 122 80
149 122 80
149 122 80
149 122 80
149 122 80
149 122 80
149 122 80
149 122 80
149 122 80
149 122 80
149 122 80
149 122 80
149 122 80
149 122 80
149 122 80
149 121 80
149 121 80
149 121 80
149 121 80
149 121 80
149 121 80
149 121 80
149 121 80
149 121 80
149 121 80
149 121 80
149 121 80
149 121 80
149 121 80
149 121 80
149 121 80
149 121 80
149 121 80
149 121 80
149 121 80
149 121 80
149 121 80
149 121 80
149 121 80
149 121 80
149 121 80
149 121 80
149 121 80
149 121 80
149 121 80
149 121 80
149 121 80
149 121 80
149 121 80
149 120 80
149 120 80
149 120 80
149 120 80
149 120 80
149 120 80
149 120 80
149 120 80
149 120 80
149 120 80
149 120 80
149 120 80
149 120 80
149 120 80
149 120 80
149 120 80
149 120 80
149 120 80
149 120 80
149 120 80
149 120 80
149 120 80
149 120 80
149 120 80
149 120 80
149 120 80
149 120 80
149 120 80
149 120 80
149 120 80
149 120 80
149 120 80
149 120 80
149 120 80
149 119 80
149 119 80
149 119 80
149 119 80
149 119 80
149 119 80
149 119 80
149 119 80
149 119 80
149 119 80
149 119 80
149 119 80
149 119 80
149 119 80
149 119 80
149 119 80
149 119 80
149 119 80
149 119 80
149 119 80
149 119 80
149 119 80
149 119 80
149 119 80
149 119 80
149 119 80
149 119 80
149 119 80
149 119 80
149 119 80
149 119 80
149 119 80
149 119 80
149 119 80
149 118 80
149 118 80
149 118 80
149 118 80
149 118 80
149 118 80
149 118 80
149 118 80
149 118 80
149 118 80
149 118 80
149 118 80
149 118 80
149 118 80
149 118 80
149 118 80
149 118 80
149 118 80
149 118 80
149 118 80
149 118 80
149 118 80
149 118 80
149 118 80
149 118 80
149 118 80
149 118 80
149 118 80
149 118 80
149 118 80
149 118 80
149 118 80
149 118 80
149 117 80
149 117 80
149 117 80
149 117 80
149 117 80
149 117 80
149 117 80
149 117 80
149 117 80
149 117 80
149 117 80
149 117 80
149 117 80
149 117 80
149 117 80
149 117 80
149 117 80
149 117 80
149 117 80
149 117 80
149 117 80
149 117 80
149 117 80
149 117 80
149 117 80
149 117 80
149 117 80
149 117 80
149 117 80
149 117 80
149 117 80
149 117 80
149 116 80
149 116 80
149 116 80
149 116 80
149 116 80
149 116 80
149 116 80
149 116 80
149 116 80
149 116 80
149 116 80
149 116 80
149 116 80
149 116 80
149 116 80
149 116 80
149 116 80
149 116 80
149 116 80
149 116 80
149 116 80
149 116 80
149 116 80
149 116 80
149 116 80
149 116 80
149 116 80
149 116 80
149 116 80
149 116 80
149 116 80
149 115 80
149 115 80
149 115 80
149 115 80
149 115 80
149 115 80
149 115 80
149 115 80
149 115 80
149 115 80
149 115 80
149 115 80
149 115 80
149 115 80
149 115 80
149 115 80
149 115 80
149 115 80
149 115 80
149 115 80
149 115 80
149 115 80
149 115 80
149 115 80
149 115 80
149 115 80
149 115 80
149 115 80
149 115 80
149 115 80
149 114 80
149 114 80
149 114 80
149 114 80
149 114 80
149 114 80
149 114 80
149 114 80
149 114 80
149 114 80
149 114 80
149 114 80
149 114 80
149 114 80
149 114 80
149 114 80
149 114 80
149 114 80
149 114 80
149 114 80
149 114 80
149 114 80
149 114 80
149 114 80
149 114 80
149 114 80
149 114 80
149 114 80
149 114 80
149 113 80
149 113 80
149 113 80
149 113 80
149 113 80
149 113 80
149 113 80
149 113 80
149 113 80
149 113 80
149 113 80
149 113 80
149 113 80
149 113 80
149 113 80
149 113 80
149 113 80
149 113 80
149 113 80
149 113 80
149 113 80
149 113 80
149 113 80
149 113 80
149 113 80
149 113 80
149 113 80
149 113 80
149 113 80
149 112 80
149 112 80
149 112 80
149 112 80
149 112 80
149 112 80
149 112 80
149 112 80
149 112 80
149 112 80
149 112 80
149 112 80
149 112 80
149 112 80
149 112 80
149 112 80
149 112 80
149 112 80
149 112 80
149 112 80
149 112 80
149 112 80
149 112 80
149 112 80
149 112 80
149 112 80
149 112 80
149 112 80
149 111 80
149 111 80
149 111 80
149 111 80
149 111 80
149 111 80
149 111 80
149 111 80
149 111 80
149 111 80
149 111 80
149 111 80
149 111 80
149 111 80
149 111 80
149 111 80
149 111 80
149 111 80
149 111 80
149 111 80
149 111 80
149 111 80
149 111 80
149 111 80
149 111 80
149 111 80
149 111 80
149 111 80
149 110 80
149 110 80
149 110 80
149 110 80
149 110 80
149 110 80
149 110 80
149 110 80
149 110 80
149 110 80
149 110 80
149 110 80
149 110 80
149 110 80
149 110 80
149 110 80
149 110 80
149 110 80
149 110 80
149 110 80
149 110 80
149 110 80
149 110 80
149 110 80
149 110 80
149 110 80
149 110 80
149 110 80
149 109 80
149 109 80
149 109 80
149 109 80
149 109 80
149 109 80
149 109 80
149 109 80
149 109 80
149 109 80
149 109 80
149 109 80
149 109 80
149 109 80
149 109 80
149 109 80
149 109 80
149 109 80
149 109 80
149 109 80
149 109 80
149 109 80
149 109 80
149 109 80
149 109 80
149 109 80
149 109 80
149 109 80
149 109 80
149 108 80
149 108 80
149 108 80
149 108 80
149 108 80
149 108 80
149 108 80
149 108 80
149 108 80
149 108 80
149 108 80
149 108 80
149 108 80
149 108 80
149 108 80
149 108 80
149 108 80
149 108 80
149 108 80
149 108 80
149 108 80
149 108 80
149 108 80
149 108 80
149 108 80
149 108 80
149 108 80
149 108 80
149 108 80
149 107 80
149 107 80
149 107 80
149 107 80
149 107 80
149 107 80
149 107 80
149 107 80
149 107 80
149 107 80
149 107 80
149 107 80
149 107 80
149 107 80
149 107 80
149 107 80
149 107 80
149 107 80
149 107 80
149 107 80
149 107 80
149 107 80
149 107 80
149 107 80
149 107 80
149 107 80
149 107 80
149 107 80
149 106 80
149 106 80
149 106 80
149 106 80
149 106 80
149 106 80
149 106 80
149 106 80
149 106 80
149 106 80
149 106 80
149 106 80
149 106 80
149 106 80
149 106 80
149 106 80
149 106 80
149 106 80
149 106 80
149 106 80
149 106 80
149 106 80
149 106 80
149 106 80
149 106 80
149 106 80
149 106 80
149 106 80
149 105 80
149 105 80
149 105 80
149 105 80
149 105 80
149 105 80
149 105 80
149 105 80
149 105 80
149 105 80
149 105 80
149 105 80
149 105 80
149 105 80
149 105 80
149 105 80
149 105 80
149 105 80
149 105 80
149 105 80
149 105 80
149 105 80
149 105 80
149 105 80
149 105 80
149 105 80
149 105 80
149 105 80
149 104 80
149 104 80
149 104 80
149 104 80
149 104 80
149 104 80
149 104 80
149 104 80
149 104 80
149 104 80
149 104 80
149 104 80
149 104 80
149 104 80
149 104 80
149 104 80
149 104 80
149 104 80
149 104 80
149 104 80
149 104 80
149 104 80
149 104 80
149 104 80
149 104 80
149 104 80
149 104 80
149 104 80
149 103 80
149 103 80
149 103 80
149 103 80
149 103 80
149 103 80
149 103 80
149 103 80
149 103 80
149 103 80
149 103 80
149 103 80
149 103 80
149 103 80
149 103 80
149 103 80
149 103 80
149 103 80
149 103 80
149 103 80
149 103 80
149 103 80
149 103 80
149 103 80
149 103 80
149 103 80
149 103 80
149 102 80
149 102 80
149 102 80
149 102 80
149 102 80
149 102 80
149 102 80
149 102 80
149 102 80
149 102 80
149 102 80
149 102 80
149 102 80
149 102 80
149 102 80
149 102 80
149 102 80
149 102 80
149 102 80
149 102 80
149 102 80
149 102 80
149 102 80
149 102 80
149 102 80
149 102 80
149 101 80
149 101 80
149 101 80
149 101 80
149 101 80
149 101 80
149 101 80
149 101 80
149 101 80
149 101 80
149 101 80
149 101 80
149 101 80
149 101 80
149 101 80
149 101 80
149 101 80
149 101 80
149 101 80
149 101 80
149 101 80
149 101 80
149 101 80
149 101 80
149 100 80
149 100 80
149 100 80
149 100 80
149 100 80
149 100 80
149 100 80
149 100 80
149 100 80
149 100 80
149 100 80
149 100 80
149 100 80
149 100 80
149 100 80
149 100 80
149 100 80
149 100 80
149 100 80
149 100 80
149 100 80
149 100 80
149 99 80
149 99 80
149 99 80
149 99 80
149 99 80
149 99 80
149 99 80
149 99 80
149 99 80
149 99 80
149 99 80
149 99 80
149 99 80
149 99 80
149 99 80
149 99 80
149 99 80
149 99 80
149 99 80
149 98 80
149 98 80
149 98 80
149 98 80
149 98 80
149 98 80
149 98 80
149 98 80
149 98 80
149 98 80
149 98 80
149 98 80
149 98 80
149 98 80
149 98 80
149 98 80
149 97 80
149 97 80
149 97 80
149 97 80
149 97 80
149 97 80
149 97 80
149 97 80
149 97 80
149 97 80
149 97 80
149 97 80
149 97 80
149 96 80
149 96 80
149 96 80
149 96 80
149 96 80
149 96 80
149 96 80
149 96 80
149 96 80
149 96 80
149 95 80
149 95 80
149 95 80
149 95 80
149 95 80
149 95 80
149 95 80
149 94 80
149 94 80
149 94 80
149 94 80
149 94 80
149 94 80
149 93 80
149 93 80
149 93 80
149 93 80
149 92 80
149 92 80
149 92 80
149 91 80
149 91 80
149 91 80
149 90 80
149 90 80
149 89 80
149 89 80
149 88 80
149 87 80
149 86 80
149 85 80
149 84 80
149 83 80
149 82 80
149 81 80
149 80 80
149 79 80
149 78 80
149 77 80
149 76 80
149 75 80
149 74 80
149 73 80
149 72 80
149 71 80
149 70 80
149 69 80
149 68 80
149 67 80
149 66 80
149 65 80
149 64 80
149 63 80
149 62 80
149 61 80
149 60 80
149 59 80
149 58 80
149 57 80
149 56 80
149 55 80
149 54 80
188 124 80
187 124 80
186 124 80
185 124 80
184 124 80
183 124 80
182 124 80
181 124 80
180 124 80
179 124 80
178 124 80
177 124 80
176 124 80
175 124 80
174 124 80
173 124 80
172 124 80
171 124 80
170 124 80
169 124 80
168 124 80
167 124 80
167 124 80
166 124 80
166 124 80
165 124 80
165 124 80
165 124 80
164 124 80
164 124 80
164 124 80
163 124 80
163 124 80
163 124 80
163 124 80
162 124 80
162 124 80
162 124 80
162 124 80
162 124 80
162 124 80
161 124 80
161 124 80
161 124 80
161 124 80
161 124 80
161 124 80
161 124 80
161 124 80
160 124 80
160 124 80
160 124 80
160 124 80
160 124 80
160 124 80
160 124 80
160 124 80
160 124 80
160 124 80
159 124 80
159 124 80
159 124 80
159 124 80
159 124 80
159 124 80
159 124 80
159 124 80
159 124 80
159 124 80
159 124 80
159 124 80
159 124 80
158 124 80
158 124 80
158 124 80
158 124 80
158 124 80
158 124 80
158 124 80
158 124 80
158 124 80
158 124 80
158 124 80
158 124 80
158 124 80
158 124 80
158 124 80
158 124 80
157 124 80
157 124 80
157 124 80
157 124 80
157 124 80
157 124 80
157 124 80
157 124 80
157 124 80
157 124 80
157 124 80
157 124 80
157 124 80
157 124 80
157 124 80
157 124 80
157 124 80
157 124 80
157 124 80
156 124 80
156 124 80
156 124 80
156 124 80
156 124 80
156 124 80
156 124 80
156 124 80
156 124 80
156 124 80
156 124 80
156 124 80
156 124 80
156 124 80
156 124 80
156 124 80
156 124 80
156 124 80
156 124 80
156 124 80
156 124 80
156 124 80
156 124 80
155 124 80
155 124 80
155 124 80
155 124 80
155 124 80
155 124 80
155 124 80
155 124 80
155 124 80
155 124 80
155 124 80
155 124 80
155 124 80
155 124 80
155 124 80
155 124 80
155 124 80
155 124 80
155 124 80
155 124 80
155 124 80
155 124 80
155 124 80
155 124 80
155 124 80
155 124 80
154 124 80
154 124 80
154 124 80
154 124 80
154 124 80
154 124 80
154 124 80
154 124 80
154 124 80
154 124 80
154 124 80
154 124 80
154 124 80
154 124 80
154 124 80
154 124 80
154 124 80
154 124 80
154 124 80
154 124 80
154 124 80
154 124 80
154 124 80
154 124 80
154 124 80
154 124 80
154 124 80
154 124 80
154 124 80
153 124 80
153 124 80
153 124 80
153 124 80
153 124 80
153 124 80
153 124 80
153 124 80
153 124 80
153 124 80
153 124 80
153 124 80
153 124 80
153 124 80
153 124 80
153 124 80
153 124 80
153 124 80
153 124 80
153 124 80
153 124 80
153 124 80
153 124 80
153 124 80
153 124 80
153 124 80
153 124 80
153 124 80
153 124 80
153 124 80
153 124 80
152 124 80
152 124 80
152 124 80
152 124 80
152 124 80
152 124 80
152 124 80
152 124 80
152 124 80
152 124 80
152 124 80
152 124 80
152 124 80
152 124 80
152 124 80
152 124 80
152 124 80
152 124 80
152 124 80
152 124 80
152 124 80
152 124 80
152 124 80
152 124 80
152 124 80
152 124 80
152 124 80
152 124 80
152 124 80
152 124 80
152 124 80
152 124 80
151 124 80
151 124 80
151 124 80
151 124 80
151 124 80
151 124 80
151 124 80
151 124 80
151 124 80
151 124 80
151 124 80
151 124 80
151 124 80
151 124 80
151 124 80
151 124 80
151 124 80
151 124 80
151 124 80
151 124 80
151 124 80
151 124 80
151 124 80
151 124 80
151 124 80
151 124 80
151 124 80
151 124 80
151 124 80
151 124 80
151 124 80
151 124 80
150 124 80
150 124 80
150 124 80
150 124 80
150 124 80
150 124 80
150 124 80
150 124 80
150 124 80
150 124 80
150 124 80
150 124 80
150 124 80
150 124 80
150 124 80
150 124 80
150 124 80
150 124 80
150 124 80
150 124 80
150 124 80
150 124 80
150 124 80
150 124 80
150 124 80
150 124 80
150 124 80
150 124 80
150 124 80
150 124 80
150 124 80
