130 150 80
131 150 80
132 150 80
133 150 80
134 150 80
135 150 80
136 150 80
137 150 80
138 150 80
139 150 80
140 150 80
141 150 80
142 150 80
142 150 80
143 150 80
143 150 80
143 150 80
144 150 80
144 150 80
144 150 80
144 150 80
145 150 80
145 150 80
145 150 80
145 150 80
146 150 80
146 150 80
146 150 80
146 150 80
146 150 80
147 150 80
147 150 80
147 150 80
147 150 80
147 150 80
148 150 80
148 150 80
148 150 80
148 150 80
148 150 80
149 150 80
149 150 80
149 150 80
149 150 80
149 150 80
150 150 80
150 150 80
150 150 80
150 150 80
151 150 80
151 150 80
151 150 80
151 150 80
151 150 80
152 150 80
152 150 80
152 150 80
152 150 80
152 150 80
153 150 80
153 150 80
153 150 80
153 150 80
153 150 80
153 150 80
154 150 80
154 150 80
154 150 80
154 150 80
154 150 80
154 150 80
154 150 80
155 150 80
155 150 80
155 150 80
155 150 80
155 150 80
155 150 80
155 150 80
155 150 80
155 150 80
156 150 80
156 150 80
156 150 80
156 150 80
156 150 80
156 150 80
156 150 80
156 150 80
156 150 80
156 150 80
157 150 80
157 150 80
157 150 80
157 150 80
157 150 80
157 150 80
157 150 80
157 150 80
157 150 80
157 150 80
157 150 80
158 150 80
158 150 80
158 150 80
158 150 80
158 150 80
158 150 80
158 150 80
158 150 80
158 150 80
158 150 80
158 150 80
158 150 80
159 150 80
159 150 80
159 150 80
159 150 80
159 150 80
159 150 80
159 150 80
159 150 80
159 150 80
159 150 80
159 150 80
159 150 80
160 150 80
160 150 80
160 150 80
160 150 80
160 150 80
160 150 80
160 150 80
160 150 80
160 150 80
160 150 80
160 150 80
161 150 80
161 150 80
161 150 80
161 150 80
161 150 80
161 150 80
161 150 80
161 150 80
161 150 80
162 150 80
162 150 80
162 150 80
162 150 80
162 150 80
162 150 80
162 150 80
163 150 80
163 150 80
163 150 80
163 150 80
163 150 80
164 150 80
164 150 80
164 150 80
165 150 80
165 150 80
166 150 80
167 150 80
168 150 80
169 150 80
170 150 80
171 150 80
172 150 80
173 150 80
174 150 80
175 150 80
176 150 80
177 150 80
178 150 80
179 150 80
180 150 80
181 150 80
182 150 80
183 150 80
184 150 80
185 150 80
186 150 80
186 151 80
186 152 80
186 153 80
186 154 80
156 183 80
156 183 80
157 183 80
157 183 80
158 183 80
158 183 80
158 183 80
159 183 80
159 183 80
159 183 80
159 183 80
160 183 80
160 183 80
160 183 80
160 183 80
160 183 80
161 183 80
161 183 80
161 183 80
161 183 80
161 183 80
161 183 80
162 183 80
162 183 80
162 183 80
162 183 80
162 183 80
162 183 80
162 183 80
163 183 80
163 183 80
163 183 80
163 183 80
163 183 80
163 183 80
163 183 80
164 183 80
164 183 80
164 183 80
164 183 80
164 183 80
164 183 80
164 183 80
165 183 80
165 183 80
165 183 80
165 183 80
165 183 80
165 183 80
165 183 80
166 183 80
166 183 80
166 183 80
166 183 80
166 183 80
166 183 80
167 183 80
167 183 80
167 183 80
167 183 80
167 183 80
167 183 80
168 183 80
168 183 80
168 183 80
168 183 80
168 183 80
168 183 80
169 183 80
169 183 80
169 183 80
169 183 80
169 183 80
169 183 80
170 183 80
170 183 80
170 183 80
170 183 80
170 183 80
170 183 80
171 183 80
171 183 80
171 183 80
171 183 80
171 183 80
171 183 80
171 183 80
172 183 80
172 183 80
172 183 80
172 183 80
172 183 80
172 183 80
172 183 80
172 183 80
173 183 80
173 183 80
173 183 80
173 183 80
173 183 80
173 183 80
173 183 80
173 183 80
174 183 80
174 183 80
174 183 80
174 183 80
174 183 80
174 183 80
174 183 80
174 183 80
175 183 80
175 183 80
175 183 80
175 183 80
175 183 80
175 183 80
175 183 80
176 183 80
176 183 80
176 183 80
176 183 80
176 183 80
177 183 80
177 183 80
177 183 80
177 183 80
178 183 80
178 183 80
179 183 80
179 183 80
180 183 80
181 183 80
182 183 80
183 183 80
184 183 80
185 183 80
186 183 80
186 182 80
186 181 80
186 180 80
186 179 80
186 178 80
186 177 80
186 176 80
186 175 80
186 174 80
186 173 80
186 172 80
186 171 80
186 170 80
186 169 80
186 168 80
186 167 80
186 166 80
186 165 80
186 164 80
186 163 80
186 162 80
186 161 80
186 160 80
186 159 80
186 158 80
186 157 80
186 156 80
186 155 80
159 149 80
159 149 80
159 149 80
159 149 80
159 149 80
159 149 80
159 149 80
159 149 80
159 149 80
159 149 80
159 149 80
159 149 80
159 149 80
159 149 80
159 149 80
159 148 80
159 148 80
159 148 80
159 148 80
159 148 80
159 148 80
159 148 80
159 148 80
159 148 80
159 148 80
159 148 80
159 148 80
159 148 80
159 148 80
159 148 80
159 148 80
159 148 80
159 148 80
159 147 80
159 147 80
159 147 80
159 147 80
159 147 80
159 147 80
159 147 80
159 147 80
159 147 80
159 147 80
159 147 80
159 147 80
159 147 80
159 147 80
159 147 80
159 147 80
159 147 80
159 147 80
159 147 80
159 147 80
159 146 80
159 146 80
159 146 80
159 146 80
159 146 80
159 146 80
159 146 80
159 146 80
159 146 80
159 146 80
159 146 80
159 146 80
159 146 80
159 146 80
159 146 80
159 146 80
159 146 80
159 146 80
159 146 80
159 146 80
159 146 80
159 145 80
159 145 80
159 145 80
159 145 80
159 145 80
159 145 80
159 145 80
159 145 80
159 145 80
159 145 80
159 145 80
159 145 80
159 145 80
159 145 80
159 145 80
159 145 80
159 145 80
159 145 80
159 145 80
159 145 80
159 145 80
159 144 80
159 144 80
159 144 80
159 144 80
159 144 80
159 144 80
159 144 80
159 144 80
159 144 80
159 144 80
159 144 80
159 144 80
159 144 80
159 144 80
159 144 80
159 144 80
159 144 80
159 144 80
159 144 80
159 144 80
159 144 80
159 144 80
159 143 80
159 143 80
159 143 80
159 143 80
159 143 80
159 143 80
159 143 80
159 143 80
159 143 80
159 143 80
159 143 80
159 143 80
159 143 80
159 143 80
159 143 80
159 143 80
159 143 80
159 143 80
159 143 80
159 143 80
159 143 80
159 143 80
159 143 80
159 142 80
159 142 80
159 142 80
159 142 80
159 142 80
159 142 80
159 142 80
159 142 80
159 142 80
159 142 80
159 142 80
159 142 80
159 142 80
159 142 80
159 142 80
159 142 80
159 142 80
159 142 80
159 142 80
159 142 80
159 142 80
159 142 80
159 142 80
159 142 80
159 141 80
159 141 80
159 141 80
159 141 80
159 141 80
159 141 80
159 141 80
159 141 80
159 141 80
159 141 80
159 141 80
159 141 80
159 141 80
159 141 80
159 141 80
159 141 80
159 141 80
159 141 80
159 141 80
159 141 80
159 141 80
159 141 80
159 141 80
159 141 80
159 141 80
159 140 80
159 140 80
159 140 80
159 140 80
159 140 80
159 140 80
159 140 80
159 140 80
159 140 80
159 140 80
159 140 80
159 140 80
159 140 80
159 140 80
159 140 80
159 140 80
159 140 80
159 140 80
159 140 80
159 140 80
159 140 80
159 140 80
159 140 80
159 140 80
159 140 80
159 140 80
159 139 80
159 139 80
159 139 80
159 139 80
159 139 80
159 139 80
159 139 80
159 139 80
159 139 80
159 139 80
159 139 80
159 139 80
159 139 80
159 139 80
159 139 80
159 139 80
159 139 80
159 139 80
159 139 80
159 139 80
159 139 80
159 139 80
159 139 80
159 139 80
159 139 80
159 139 80
159 139 80
159 138 80
159 138 80
159 138 80
159 138 80
159 138 80
159 138 80
159 138 80
159 138 80
159 138 80
159 138 80
159 138 80
159 138 80
159 138 80
159 138 80
159 138 80
159 138 80
159 138 80
159 138 80
159 138 80
159 138 80
159 138 80
159 138 80
159 138 80
159 138 80
159 138 80
159 138 80
159 138 80
159 138 80
159 138 80
159 138 80
159 137 80
159 137 80
159 137 80
159 137 80
159 137 80
159 137 80
159 137 80
159 137 80
159 137 80
159 137 80
159 137 80
159 137 80
159 137 80
159 137 80
159 137 80
159 137 80
159 137 80
159 137 80
159 137 80
159 137 80
159 137 80
159 137 80
159 137 80
159 137 80
159 137 80
159 137 80
159 137 80
159 137 80
159 137 80
159 137 80
159 137 80
159 137 80
159 137 80
159 136 80
159 136 80
159 136 80
159 136 80
159 136 80
159 136 80
159 136 80
159 136 80
159 136 80
159 136 80
159 136 80
159 136 80
159 136 80
159 136 80
159 136 80
159 136 80
159 136 80
159 136 80
159 136 80
159 136 80
159 136 80
159 136 80
159 136 80
159 136 80
159 136 80
159 136 80
159 136 80
159 136 80
159 136 80
159 136 80
159 136 80
159 136 80
159 136 80
159 136 80
159 136 80
159 136 80
159 136 80
159 136 80
159 135 80
159 135 80
159 135 80
159 135 80
159 135 80
159 135 80
159 135 80
159 135 80
159 135 80
159 135 80
159 135 80
159 135 80
159 135 80
159 135 80
159 135 80
159 135 80
159 135 80
159 135 80
159 135 80
159 135 80
159 135 80
159 135 80
159 135 80
159 135 80
159 135 80
159 135 80
159 135 80
159 135 80
159 135 80
159 135 80
159 135 80
159 135 80
159 135 80
159 135 80
159 135 80
159 135 80
159 135 80
159 135 80
159 135 80
159 135 80
159 135 80
159 135 80
159 134 80
159 134 80
159 134 80
159 134 80
159 134 80
159 134 80
159 134 80
159 134 80
159 134 80
159 134 80
159 134 80
159 134 80
159 134 80
159 134 80
159 134 80
159 134 80
159 134 80
159 134 80
159 134 80
159 134 80
159 134 80
159 134 80
159 134 80
159 134 80
159 134 80
159 134 80
159 134 80
159 134 80
159 134 80
159 134 80
159 134 80
159 134 80
159 134 80
159 134 80
159 134 80
159 134 80
159 134 80
159 134 80
159 134 80
159 134 80
159 134 80
159 134 80
159 134 80
159 134 80
159 134 80
159 134 80
159 133 80
159 133 80
159 133 80
159 133 80
159 133 80
159 133 80
159 133 80
159 133 80
159 133 80
159 133 80
159 133 80
159 133 80
159 133 80
159 133 80
159 133 80
159 133 80
159 133 80
159 133 80
159 133 80
159 133 80
159 133 80
159 133 80
159 133 80
159 133 80
159 133 80
159 133 80
159 133 80
159 133 80
159 133 80
159 133 80
159 133 80
159 133 80
159 133 80
159 133 80
159 133 80
159 133 80
159 133 80
159 133 80
159 133 80
159 133 80
159 133 80
159 133 80
159 133 80
159 133 80
159 133 80
159 133 80
159 133 80
159 133 80
159 133 80
159 132 80
159 132 80
159 132 80
159 132 80
159 132 80
159 132 80
159 132 80
159 132 80
159 132 80
159 132 80
159 132 80
159 132 80
159 132 80
159 132 80
159 132 80
159 132 80
159 132 80
159 132 80
159 132 80
159 132 80
159 132 80
159 132 80
159 132 80
159 132 80
159 132 80
159 132 80
159 132 80
159 132 80
159 132 80
159 132 80
159 132 80
159 132 80
159 132 80
159 132 80
159 132 80
159 132 80
159 132 80
159 132 80
159 132 80
159 132 80
159 132 80
159 132 80
159 132 80
159 132 80
159 132 80
159 132 80
159 132 80
159 132 80
159 132 80
159 132 80
159 132 80
159 131 80
159 131 80
159 131 80
159 131 80
159 131 80
159 131 80
159 131 80
159 131 80
159 131 80
159 131 80
159 131 80
159 131 80
159 131 80
159 131 80
159 131 80
159 131 80
159 131 80
159 131 80
159 131 80
159 131 80
159 131 80
159 131 80
159 131 80
159 131 80
159 131 80
159 131 80
159 131 80
159 131 80
159 131 80
159 131 80
159 131 80
159 131 80
159 131 80
159 131 80
159 131 80
159 131 80
159 131 80
159 131 80
159 131 80
159 131 80
159 131 80
159 131 80
159 131 80
159 131 80
159 131 80
159 131 80
159 131 80
159 131 80
159 131 80
159 131 80
159 131 80
159 131 80
159 130 80
159 130 80
159 130 80
159 130 80
159 130 80
159 130 80
159 130 80
159 130 80
159 130 80
159 130 80
159 130 80
159 130 80
159 130 80
159 130 80
159 130 80
159 130 80
159 130 80
159 130 80
159 130 80
159 130 80
159 130 80
159 130 80
159 130 80
159 130 80
159 130 80
159 130 80
159 130 80
159 130 80
159 130 80
159 130 80
159 130 80
159 130 80
159 130 80
159 130 80
159 130 80
159 130 80
159 130 80
159 130 80
159 130 80
159 130 80
159 130 80
159 130 80
159 130 80
159 130 80
159 130 80
159 130 80
159 130 80
159 130 80
159 130 80
159 130 80
159 130 80
159 130 80
159 130 80
159 129 80
159 129 80
159 129 80
159 129 80
159 129 80
159 129 80
159 129 80
159 129 80
159 129 80
159 129 80
159 129 80
159 129 80
159 129 80
159 129 80
159 129 80
159 129 80
159 129 80
159 129 80
159 129 80
159 129 80
159 129 80
159 129 80
159 129 80
159 129 80
159 129 80
159 129 80
159 129 80
159 129 80
159 129 80
159 129 80
159 129 80
159 129 80
159 129 80
159 129 80
159 129 80
159 129 80
159 129 80
159 129 80
159 129 80
159 129 80
159 129 80
159 129 80
159 129 80
159 129 80
159 129 80
159 129 80
159 129 80
159 129 80
159 129 80
159 129 80
159 129 80
159 129 80
159 128 80
159 128 80
159 128 80
159 128 80
159 128 80
159 128 80
159 128 80
159 128 80
159 128 80
159 128 80
159 128 80
159 128 80
159 128 80
159 128 80
159 128 80
159 128 80
159 128 80
159 128 80
159 128 80
159 128 80
159 128 80
159 128 80
159 128 80
159 128 80
159 128 80
159 128 80
159 128 80
159 128 80
159 128 80
159 128 80
159 128 80
159 128 80
159 128 80
159 128 80
159 128 80
159 128 80
159 128 80
159 128 80
159 128 80
159 128 80
159 128 80
159 128 80
159 128 80
159 128 80
159 128 80
159 128 80
159 128 80
159 128 80
159 128 80
159 128 80
159 127 80
159 127 80
159 127 80
159 127 80
159 127 80
159 127 80
159 127 80
159 127 80
159 127 80
159 127 80
159 127 80
159 127 80
159 127 80
159 127 80
159 127 80
159 127 80
159 127 80
159 127 80
159 127 80
159 127 80
159 127 80
159 127 80
159 127 80
159 127 80
159 127 80
159 127 80
159 127 80
159 127 80
159 127 80
159 127 80
159 127 80
159 127 80
159 127 80
159 127 80
159 127 80
159 127 80
159 127 80
159 127 80
159 127 80
159 127 80
159 127 80
159 127 80
159 127 80
159 127 80
159 127 80
159 127 80
159 126 80
159 126 80
159 126 80
159 126 80
159 126 80
159 126 80
159 126 80
159 126 80
159 126 80
159 126 80
159 126 80
159 126 80
159 126 80
159 126 80
159 126 80
159 126 80
159 126 80
159 126 80
159 126 80
159 126 80
159 126 80
159 126 80
159 126 80
159 126 80
159 126 80
159 126 80
159 126 80
159 126 80
159 126 80
159 126 80
159 126 80
159 126 80
159 126 80
159 126 80
159 126 80
159 126 80
159 126 80
159 126 80
159 126 80
159 126 80
159 126 80
159 125 80
159 125 80
159 125 80
159 125 80
159 125 80
159 125 80
159 125 80
159 125 80
159 125 80
159 125 80
159 125 80
159 125 80
159 125 80
159 125 80
159 125 80
159 125 80
159 125 80
159 125 80
159 125 80
159 125 80
159 125 80
159 125 80
159 125 80
159 125 80
159 125 80
159 125 80
159 125 80
159 125 80
159 125 80
159 125 80
159 125 80
159 125 80
159 125 80
159 125 80
159 124 80
159 124 80
159 124 80
159 124 80
159 124 80
159 124 80
159 124 80
159 124 80
159 124 80
159 124 80
159 124 80
159 124 80
159 124 80
159 124 80
159 124 80
159 124 80
159 124 80
159 124 80
159 124 80
159 124 80
159 124 80
159 124 80
159 124 80
159 124 80
159 124 80
159 124 80
159 124 80
159 124 80
159 123 80
159 123 80
159 123 80
159 123 80
159 123 80
159 123 80
159 123 80
159 123 80
159 123 80
159 123 80
159 123 80
159 123 80
159 123 80
159 123 80
159 123 80
159 123 80
159 123 80
159 123 80
159 123 80
159 123 80
159 123 80
159 123 80
159 123 80
159 122 80
159 122 80
159 122 80
159 122 80
159 122 80
159 122 80
159 122 80
159 122 80
159 122 80
159 122 80
159 122 80
159 122 80
159 122 80
159 122 80
159 122 80
159 122 80
159 122 80
159 122 80
159 121 80
159 121 80
159 121 80
159 121 80
159 121 80
159 121 80
159 121 80
159 121 80
159 121 80
159 121 80
159 121 80
159 121 80
159 121 80
159 121 80
159 120 80
159 120 80
159 120 80
159 120 80
159 120 80
159 120 80
159 120 80
159 120 80
159 120 80
159 120 80
159 119 80
159 119 80
159 119 80
159 119 80
159 119 80
159 119 80
159 119 80
159 118 80
159 118 80
159 118 80
159 118 80
159 118 80
159 117 80
159 117 80
159 117 80
159 117 80
159 116 80
159 116 80
159 116 80
159 115 80
159 115 80
159 115 80
159 114 80
159 114 80
159 114 80
159 113 80
159 113 80
159 113 80
159 112 80
159 112 80
159 112 80
159 111 80
159 111 80
159 111 80
159 110 80
159 110 80
159 110 80
159 109 80
159 109 80
159 109 80
159 108 80
159 108 80
159 107 80
159 107 80
159 106 80
159 105 80
159 104 80
159 103 80
160 103 80
161 103 80
162 103 80
163 103 80
164 103 80
165 103 80
166 103 80
167 103 80
168 103 80
169 103 80
170 103 80
171 103 80
172 103 80
173 103 80
174 103 80
175 103 80
176 103 80
177 103 80
178 103 80
179 103 80
180 103 80
181 103 80
182 103 80
183 103 80
184 103 80
185 103 80
186 103 80
187 103 80
187 102 80
187 101 80
187 100 80
187 99 80
187 98 80
187 97 80
187 96 80
187 95 80
187 94 80
187 93 80
187 92 80
187 91 80
187 90 80
187 89 80
187 88 80
187 87 80
187 86 80
187 85 80
187 84 80
187 83 80
187 82 80
187 81 80
187 80 80
187 79 80
187 78 80
187 77 80
187 76 80
187 75 80
187 74 80
187 73 80
187 72 80
187 71 80
187 70 80
187 69 80
187 68 80
187 67 80
187 66 80
187 65 80
187 64 80
187 63 80
187 62 80
187 61 80
187 60 80
186 60 80
185 60 80
184 60 80
183 60 80
182 60 80
181 60 80
180 60 80
179 60 80
178 60 80
177 60 80
176 60 80
175 60 80
174 60 80
173 60 80
172 60 80
171 60 80
170 60 80
169 60 80
169 60 80
168 60 80
168 60 80
167 60 80
167 60 80
167 60 80
166 60 80
166 60 80
166 60 80
166 60 80
165 60 80
165 60 80
165 60 80
165 60 80
165 60 80
164 60 80
164 60 80
164 60 80
164 60 80
164 60 80
164 60 80
163 60 80
163 60 80
163 60 80
163 60 80
163 60 80
163 60 80
162 60 80
162 60 80
162 60 80
162 60 80
162 60 80
161 60 80
161 60 80
161 60 80
161 60 80
161 60 80
160 60 80
160 60 80
160 60 80
160 60 80
160 60 80
159 60 80
159 60 80
159 60 80
159 60 80
159 60 80
158 60 80
158 60 80
158 60 80
158 60 80
158 60 80
158 60 80
157 60 80
157 60 80
157 60 80
157 60 80
157 60 80
157 60 80
157 60 80
157 60 80
156 60 80
156 60 80
156 60 80
156 60 80
156 60 80
156 60 80
156 60 80
156 60 80
156 60 80
156 60 80
155 60 80
155 60 80
155 60 80
155 60 80
155 60 80
155 60 80
155 60 80
155 60 80
155 60 80
155 60 80
155 60 80
155 60 80
155 60 80
154 60 80
154 60 80
154 60 80
154 60 80
154 60 80
154 60 80
154 60 80
154 60 80
154 60 80
154 60 80
154 60 80
154 60 80
154 60 80
154 60 80
154 60 80
153 60 80
153 60 80
153 60 80
153 60 80
153 60 80
153 60 80
153 60 80
153 60 80
153 60 80
153 60 80
153 60 80
153 60 80
153 60 80
153 60 80
153 60 80
153 60 80
152 60 80
152 60 80
152 60 80
152 60 80
152 60 80
152 60 80
152 60 80
152 60 80
152 60 80
152 60 80
152 60 80
152 60 80
152 60 80
152 60 80
152 60 80
152 60 80
152 60 80
151 60 80
151 60 80
151 60 80
151 60 80
151 60 80
151 60 80
151 60 80
151 60 80
151 60 80
151 60 80
151 60 80
151 60 80
151 60 80
151 60 80
151 60 80
151 60 80
151 60 80
150 60 80
150 60 80
150 60 80
150 60 80
150 60 80
150 60 80
150 60 80
150 60 80
150 60 80
150 60 80
150 60 80
150 60 80
150 60 80
150 60 80
150 60 80
150 60 80
150 60 80
149 60 80
149 60 80
149 60 80
149 60 80
149 60 80
149 60 80
149 60 80
149 60 80
149 60 80
149 60 80
149 60 80
149 60 80
149 60 80
149 60 80
149 60 80
149 60 80
149 60 80
148 60 80
148 60 80
148 60 80
148 60 80
148 60 80
148 60 80
148 60 80
148 60 80
148 60 80
148 60 80
148 60 80
148 60 80
148 60 80
148 60 80
148 60 80
148 60 80
148 60 80
148 60 80
147 60 80
147 60 80
147 60 80
147 60 80
147 60 80
147 60 80
147 60 80
147 60 80
147 60 80
147 60 80
147 60 80
147 60 80
147 60 80
147 60 80
147 60 80
147 60 80
147 60 80
147 60 80
147 60 80
147 60 80
146 60 80
146 60 80
146 60 80
146 60 80
146 60 80
146 60 80
146 60 80
146 60 80
146 60 80
146 60 80
146 60 80
146 60 80
146 60 80
146 60 80
146 60 80
146 60 80
146 60 80
146 60 80
146 60 80
146 60 80
146 60 80
146 60 80
145 60 80
145 60 80
145 60 80
145 60 80
145 60 80
145 60 80
145 60 80
145 60 80
145 60 80
145 60 80
145 60 80
145 60 80
145 60 80
145 60 80
145 60 80
145 60 80
145 60 80
145 60 80
145 60 80
145 60 80
145 60 80
145 60 80
145 60 80
145 60 80
144 60 80
144 60 80
144 60 80
144 60 80
144 60 80
144 60 80
144 60 80
144 60 80
144 60 80
144 60 80
144 60 80
144 60 80
144 60 80
144 60 80
144 60 80
144 60 80
144 60 80
144 60 80
144 60 80
144 60 80
144 60 80
144 60 80
144 60 80
144 60 80
143 60 80
143 60 80
143 60 80
143 60 80
143 60 80
143 60 80
143 60 80
143 60 80
143 60 80
143 60 80
143 60 80
143 60 80
143 60 80
143 60 80
143 60 80
143 60 80
143 60 80
143 60 80
143 60 80
143 60 80
143 60 80
143 60 80
143 60 80
143 60 80
142 60 80
142 60 80
142 60 80
142 60 80
142 60 80
142 60 80
142 60 80
142 60 80
142 60 80
142 60 80
142 60 80
142 60 80
142 60 80
142 60 80
142 60 80
142 60 80
142 60 80
142 60 80
142 60 80
142 60 80
142 60 80
142 60 80
141 60 80
141 60 80
141 60 80
141 60 80
141 60 80
141 60 80
141 60 80
141 60 80
141 60 80
141 60 80
141 60 80
141 60 80
141 60 80
141 60 80
141 60 80
141 60 80
141 60 80
141 60 80
141 60 80
140 60 80
140 60 80
140 60 80
140 60 80
140 60 80
140 60 80
140 60 80
140 60 80
140 60 80
140 60 80
140 60 80
140 60 80
140 60 80
140 60 80
140 60 80
140 60 80
140 60 80
139 60 80
139 60 80
139 60 80
139 60 80
139 60 80
139 60 80
139 60 80
139 60 80
139 60 80
139 60 80
139 60 80
139 60 80
139 60 80
139 60 80
139 60 80
138 60 80
138 60 80
138 60 80
138 60 80
138 60 80
138 60 80
138 60 80
138 60 80
138 60 80
138 60 80
138 60 80
138 60 80
138 60 80
137 60 80
137 60 80
137 60 80
137 60 80
137 60 80
137 60 80
137 60 80
137 60 80
137 60 80
137 60 80
137 60 80
137 60 80
136 60 80
136 60 80
136 60 80
136 60 80
136 60 80
136 60 80
136 60 80
136 60 80
136 60 80
136 60 80
136 60 80
135 60 80
135 60 80
135 60 80
135 60 80
135 60 80
135 60 80
135 60 80
135 60 80
135 60 80
135 60 80
134 60 80
134 60 80
134 60 80
134 60 80
134 60 80
134 60 80
134 60 80
134 60 80
133 60 80
133 60 80
133 60 80
133 60 80
133 60 80
133 60 80
132 60 80
132 60 80
132 60 80
132 60 80
131 60 80
131 60 80
131 60 80
130 60 80
130 60 80
129 60 80
128 60 80
127 60 80
126 60 80
125 60 80
124 60 80
123 60 80
122 60 80
121 60 80
120 60 80
119 60 80
118 60 80
117 60 80
116 60 80
115 60 80
114 60 80
113 60 80
112 60 80
111 60 80
111 59 80
111 58 80
111 57 80
111 56 80
111 55 80
111 54 80
111 53 80
111 52 80
110 52 80
109 52 80
108 52 80
107 52 80
106 52 80
105 52 80
104 52 80
103 52 80
102 52 80
101 52 80
100 52 80
99 52 80
98 52 80
97 52 80
96 52 80
95 52 80
94 52 80
93 52 80
92 52 80
91 52 80
90 52 80
89 52 80
88 52 80
87 52 80
86 52 80
85 52 80
84 52 80
84 52 80
83 52 80
83 52 80
83 52 80
82 52 80
82 52 80
82 52 80
82 52 80
81 52 80
81 52 80
81 52 80
81 52 80
81 52 80
81 52 80
81 53 400
81 54 80
81 54 80
81 54 80
81 54 80
81 54 80
81 55 80
81 55 80
81 55 80
81 55 80
81 56 80
81 56 80
81 56 80
81 57 80
81 57 80
81 58 80
81 58 80
81 59 80
81 59 80
81 60 80
81 60 80
81 61 80
81 61 80
81 62 80
81 62 80
81 63 80
81 63 80
81 64 80
81 64 80
81 65 80
81 65 80
81 66 80
81 66 80
81 67 80
81 68 80
81 69 80
81 70 80
81 71 80
80 71 80
79 71 80
79 71 80
78 71 80
78 71 80
77 71 80
77 71 80
77 71 80
77 71 80
76 71 80
76 71 80
76 71 80
76 71 80
76 71 80
76 71 80
75 71 80
75 71 80
75 71 80
75 71 80
75 71 80
75 71 80
75 71 80
75 71 80
75 71 80
74 71 80
74 71 80
74 71 80
74 71 80
74 71 80
74 71 80
74 71 80
74 71 80
74 71 80
74 71 80
74 71 80
74 71 80
74 71 80
73 71 80
73 71 80
73 71 80
73 71 80
73 71 80
73 71 80
73 71 80
73 71 80
73 71 80
73 71 80
73 71 80
73 71 80
73 71 80
73 71 80
73 71 80
73 71 80
73 71 80
72 71 80
72 71 80
72 71 80
72 71 80
72 71 80
72 71 80
72 71 80
72 71 80
72 71 80
72 71 80
72 71 80
72 71 80
72 71 80
72 71 80
72 71 80
72 71 80
72 71 80
72 71 80
72 71 80
72 71 80
72 71 80
72 71 80
71 71 80
71 71 80
71 71 80
71 71 80
71 71 80
71 71 80
71 71 80
71 71 80
71 71 80
71 71 80
71 71 80
71 71 80
71 71 80
71 71 80
71 71 80
71 71 80
71 71 80
71 71 80
71 71 80
71 71 80
71 71 80
71 71 80
71 71 80
71 71 80
71 71 80
71 71 80
71 71 80
70 71 80
70 71 80
70 71 80
70 71 80
70 71 80
70 71 80
70 71 80
70 71 80
70 71 80
70 71 80
70 71 80
70 71 80
70 71 80
70 71 80
70 71 80
70 71 80
70 71 80
70 71 80
70 71 80
70 71 80
70 71 80
70 71 80
70 71 80
70 71 80
70 71 80
70 71 80
70 71 80
70 71 80
70 71 80
70 71 80
69 71 80
69 71 80
69 71 80
69 71 80
69 71 80
69 71 80
69 71 80
69 71 80
69 71 80
69 71 80
69 71 80
69 71 80
69 71 80
69 71 80
69 71 80
69 71 80
69 71 80
69 71 80
69 71 80
69 71 80
69 71 80
69 71 80
69 71 80
69 71 80
69 71 80
69 71 80
69 71 80
69 71 80
69 71 80
69 71 80
69 71 80
69 70 2400
69 69 80
69 69 80
69 69 80
69 69 80
69 69 80
69 69 80
69 69 80
69 69 80
69 69 80
69 69 80
69 69 80
69 69 80
69 69 80
69 69 80
69 69 80
69 69 80
69 69 80
69 69 80
69 69 80
69 69 80
69 69 80
69 69 80
69 69 80
69 69 80
69 68 80
69 68 80
69 68 80
69 68 80
69 68 80
69 68 80
69 68 80
69 68 80
69 68 80
69 68 80
69 68 80
69 68 80
69 68 80
69 68 80
69 68 80
69 68 80
69 68 80
69 68 80
69 68 80
69 68 80
69 67 80
69 67 80
69 67 80
69 67 80
69 67 80
69 67 80
69 67 80
69 67 80
69 67 80
69 67 80
69 67 80
69 67 80
69 67 80
69 67 80
69 67 80
69 67 80
69 67 80
69 66 80
69 66 80
69 66 80
69 66 80
69 66 80
69 66 80
69 66 80
69 66 80
69 66 80
69 66 80
69 66 80
69 66 80
69 66 80
69 65 80
69 65 80
69 65 80
69 65 80
69 65 80
69 65 80
69 65 80
69 65 80
69 65 80
69 65 80
69 64 80
69 64 80
69 64 80
69 64 80
69 64 80
69 64 80
69 64 80
69 64 80
69 63 80
69 63 80
69 63 80
69 63 80
69 63 80
69 63 80
69 62 80
69 62 80
69 62 80
69 62 80
69 62 80
69 61 80
69 61 80
69 61 80
69 61 80
69 60 80
69 60 80
69 60 80
69 59 80
69 59 80
69 59 80
69 58 80
69 58 80
69 58 80
69 57 80
69 57 80
69 57 80
69 56 80
69 56 80
69 56 80
69 56 80
69 55 80
69 55 80
69 55 80
69 55 80
69 54 80
69 54 80
69 54 80
69 54 80
69 54 80
69 53 80
69 53 80
69 53 80
69 53 80
69 53 80
69 53 80
69 52 80
69 52 80
69 52 80
69 52 80
69 52 80
69 52 80
69 52 80
69 51 80
69 51 80
69 51 80
69 51 80
69 51 80
69 51 80
69 51 80
69 51 80
69 51 80
69 50 80
69 50 80
69 50 80
69 50 80
69 50 80
69 50 80
69 50 80
69 50 80
69 50 80
69 50 80
69 49 80
69 49 80
69 49 80
69 49 80
69 49 80
69 49 80
69 49 80
69 49 80
69 49 80
69 49 80
69 49 80
69 49 80
69 48 80
69 48 80
69 48 80
69 48 80
69 48 80
69 48 80
69 48 80
69 48 80
69 48 80
69 48 80
69 48 80
69 48 80
69 48 80
69 47 80
69 47 80
69 47 80
69 47 80
69 47 80
69 47 80
69 47 80
69 47 80
69 47 80
69 47 80
69 47 80
69 47 80
69 47 80
69 47 80
69 46 80
69 46 80
69 46 80
69 46 80
69 46 80
69 46 80
69 46 80
69 46 80
69 46 80
69 46 80
69 46 80
69 46 80
69 46 80
69 46 80
69 46 80
69 45 80
69 45 80
69 45 80
69 45 80
69 45 80
69 45 80
69 45 80
69 45 80
69 45 80
69 45 80
69 45 80
69 45 80
69 45 80
69 45 80
69 45 80
69 45 80
69 44 80
69 44 80
69 44 80
69 44 80
69 44 80
69 44 80
69 44 80
69 44 80
69 44 80
69 44 80
69 44 80
69 44 80
69 44 80
69 44 80
69 44 80
69 44 80
69 44 80
69 43 80
69 43 80
69 43 80
69 43 80
69 43 80
69 43 80
69 43 80
69 43 80
69 43 80
69 43 80
69 43 80
69 43 80
69 43 80
69 43 80
69 43 80
69 43 80
69 43 80
69 43 80
69 42 80
69 42 80
69 42 80
69 42 80
69 42 80
69 42 80
69 42 80
69 42 80
69 42 80
69 42 80
69 42 80
69 42 80
69 42 80
69 42 80
69 42 80
69 42 80
69 42 80
69 42 80
69 42 80
69 41 80
69 41 80
69 41 80
69 41 80
69 41 80
69 41 80
69 41 80
69 41 80
69 41 80
69 41 80
69 41 80
69 41 80
69 41 80
69 41 80
69 41 80
69 41 80
69 41 80
69 41 80
69 41 80
69 41 80
69 41 80
69 40 80
69 40 80
69 40 80
69 40 80
69 40 80
69 40 80
69 40 80
69 40 80
69 40 80
69 40 80
69 40 80
69 40 80
69 40 80
69 40 80
69 40 80
69 40 80
69 40 80
69 40 80
69 40 80
69 40 80
69 40 80
69 40 80
69 39 80
69 39 80
69 39 80
69 39 80
69 39 80
69 39 80
69 39 80
69 39 80
69 39 80
69 39 80
69 39 80
69 39 80
69 39 80
69 39 80
69 39 80
69 39 80
69 39 80
69 39 80
69 39 80
69 39 80
69 39 80
69 39 80
69 38 80
69 38 80
69 38 80
69 38 80
69 38 80
69 38 80
69 38 80
69 38 80
69 38 80
69 38 80
69 38 80
69 38 80
69 38 80
69 38 80
69 38 80
69 38 80
69 38 80
69 38 80
69 38 80
69 38 80
69 38 80
69 38 80
69 37 80
69 37 80
69 37 80
69 37 80
69 37 80
69 37 80
69 37 80
69 37 80
69 37 80
69 37 80
69 37 80
69 37 80
69 37 80
69 37 80
69 37 80
69 37 80
69 37 80
69 37 80
69 37 80
69 37 80
69 37 80
69 36 80
69 36 80
69 36 80
69 36 80
69 36 80
69 36 80
69 36 80
69 36 80
69 36 80
69 36 80
69 36 80
69 36 80
69 36 80
69 36 80
69 36 80
69 36 80
69 36 80
69 36 80
69 36 80
69 36 80
69 35 80
69 35 80
69 35 80
69 35 80
69 35 80
69 35 80
69 35 80
69 35 80
69 35 80
69 35 80
69 35 80
69 35 80
69 35 80
69 35 80
69 35 80
69 35 80
69 35 80
69 35 80
69 35 80
69 34 80
69 34 80
69 34 80
69 34 80
69 34 80
69 34 80
69 34 80
69 34 80
69 34 80
69 34 80
69 34 80
69 34 80
69 34 80
69 34 80
69 34 80
69 34 80
69 34 80
69 33 80
69 33 80
69 33 80
69 33 80
69 33 80
69 33 80
69 33 80
69 33 80
69 33 80
69 33 80
69 33 80
69 33 80
69 33 80
69 33 80
69 33 80
69 33 80
69 32 80
69 32 80
69 32 80
69 32 80
69 32 80
69 32 80
69 32 80
69 32 80
69 32 80
69 32 80
69 32 80
69 32 80
69 32 80
69 32 80
69 32 80
69 32 80
69 31 80
69 31 80
69 31 80
69 31 80
69 31 80
69 31 80
69 31 80
69 31 80
69 31 80
69 31 80
69 31 80
69 31 80
69 31 80
69 31 80
69 31 80
69 30 80
69 30 80
69 30 80
69 30 80
69 30 80
69 30 80
69 30 80
69 30 80
69 30 80
69 30 80
69 30 80
69 30 80
69 30 80
69 30 80
69 30 80
69 29 80
69 29 80
69 29 80
69 29 80
69 29 80
69 29 80
69 29 80
69 29 80
69 29 80
69 29 80
69 29 80
69 29 80
69 29 80
69 29 80
69 28 80
69 28 80
69 28 80
69 28 80
69 28 80
69 28 80
69 28 80
69 28 80
69 28 80
69 28 80
69 28 80
69 28 80
69 27 80
69 27 80
69 27 80
69 27 80
69 27 80
69 27 80
69 27 80
69 27 80
69 27 80
69 27 80
69 27 80
69 26 80
69 26 80
69 26 80
69 26 80
69 26 80
69 26 80
69 26 80
69 26 80
69 26 80
69 25 80
69 25 80
69 25 80
69 25 80
69 25 80
69 25 80
69 25 80
69 25 80
69 24 80
69 24 80
69 24 80
69 24 80
69 24 80
69 24 80
69 24 80
69 23 80
69 23 80
69 23 80
69 23 80
69 23 80
69 23 80
69 22 80
69 22 80
69 22 80
69 22 80
69 22 80
69 22 80
69 21 80
69 21 80
69 21 80
69 21 80
69 21 80
69 20 80
69 20 80
69 20 80
69 20 80
69 20 80
69 19 80
69 19 80
69 19 80
69 19 80
69 18 80
69 18 80
69 18 80
69 17 80
69 17 80
69 16 80
69 15 80
69 14 80
69 13 80
69 12 80
69 11 80
69 10 80
69 9 80
69 8 80
69 7 80
69 6 80
69 5 80
69 4 80
69 3 80
68 3 80
67 3 80
66 3 80
65 3 80
64 3 80
63 3 80
63 3 80
62 3 80
62 3 80
61 3 80
61 3 80
61 3 80
60 3 80
60 3 80
60 3 80
60 3 80
60 3 80
59 3 80
59 3 80
59 3 80
59 3 80
59 3 80
59 3 80
59 3 80
58 3 80
58 3 80
58 3 80
58 3 80
58 3 80
58 3 80
58 3 80
58 3 80
58 3 80
58 3 80
58 3 80
57 3 80
57 3 80
57 3 80
57 3 80
57 3 80
57 3 80
57 3 80
57 3 80
57 3 80
57 3 80
57 3 80
57 3 80
57 3 80
57 3 80
57 3 80
57 3 80
57 3 80
56 3 80
56 3 80
56 3 80
56 3 80
56 3 80
56 3 80
56 3 80
56 3 80
56 3 80
56 3 80
56 3 80
56 3 80
56 3 80
56 3 80
56 3 80
56 3 80
56 3 80
56 3 80
56 3 80
56 3 80
56 3 80
56 3 80
55 3 80
55 3 80
55 3 80
55 3 80
55 3 80
55 3 80
55 3 80
55 3 80
55 3 80
55 3 80
55 3 80
55 3 80
55 3 80
55 3 80
55 3 80
55 3 80
55 3 80
55 3 80
55 3 80
55 3 80
55 3 80
55 3 80
55 3 80
55 3 80
55 3 80
55 3 80
55 3 80
54 3 80
54 3 80
54 3 80
54 3 80
54 3 80
54 3 80
54 3 80
54 3 80
54 3 80
54 3 80
54 3 80
54 3 80
54 3 80
54 3 80
54 3 80
54 3 80
54 3 80
54 3 80
54 3 80
54 3 80
54 3 80
54 3 80
54 3 80
54 3 80
54 3 80
54 3 80
54 3 80
54 3 80
54 3 80
54 3 80
54 3 80
53 3 80
53 3 80
53 3 80
53 3 80
53 3 80
53 3 80
53 3 80
53 3 80
53 3 80
53 3 80
53 3 80
53 3 80
53 3 80
53 3 80
53 3 80
53 3 80
53 3 80
53 3 80
53 3 80
53 3 80
53 3 80
53 3 80
53 3 80
53 3 80
53 3 80
53 3 80
53 3 80
53 3 80
53 3 80
53 3 80
53 3 80
53 3 80
53 3 80
53 3 80
53 3 80
52 3 80
52 3 80
52 3 80
52 3 80
52 3 80
52 3 80
52 3 80
52 3 80
52 3 80
52 3 80
52 3 80
52 3 80
52 3 80
52 3 80
52 3 80
52 3 80
52 3 80
52 3 80
52 3 80
52 3 80
52 3 80
52 3 80
52 3 80
52 3 80
52 3 80
52 3 80
52 3 80
52 3 80
52 3 80
52 3 80
52 3 80
52 3 80
52 3 80
52 3 80
52 3 80
52 3 80
52 3 80
52 3 80
51 3 80
51 3 80
51 3 80
51 3 80
51 3 80
51 3 80
51 3 80
51 3 80
51 3 80
51 3 80
51 3 80
51 3 80
51 3 80
51 3 80
51 3 80
51 3 80
51 3 80
51 3 80
51 3 80
51 3 80
51 3 80
51 3 80
51 3 80
51 3 80
51 3 80
51 3 80
51 3 80
51 3 80
51 3 80
51 3 80
51 3 80
51 3 80
51 3 80
51 3 80
51 3 80
51 3 80
51 3 80
51 3 80
51 3 80
50 3 80
50 3 80
50 3 80
50 3 80
50 3 80
50 3 80
50 3 80
50 3 80
50 3 80
50 3 80
50 3 80
50 3 80
50 3 80
50 3 80
50 3 80
50 3 80
50 3 80
50 3 80
50 3 80
50 3 80
50 3 80
50 3 80
50 3 80
50 3 80
50 3 80
50 3 80
50 3 80
50 3 80
50 3 80
50 3 80
50 3 80
50 3 80
50 3 80
50 3 80
50 3 80
50 3 80
50 3 80
50 3 80
49 3 80
49 3 80
49 3 80
49 3 80
49 3 80
49 3 80
49 3 80
49 3 80
49 3 80
49 3 80
49 3 80
49 3 80
49 3 80
49 3 80
49 3 80
49 3 80
49 3 80
49 3 80
49 3 80
49 3 80
49 3 80
49 3 80
49 3 80
49 3 80
49 3 80
49 3 80
49 3 80
49 3 80
49 3 80
49 3 80
49 3 80
49 3 80
49 3 80
49 3 80
49 3 80
48 3 80
48 3 80
48 3 80
48 3 80
48 3 80
48 3 80
48 3 80
48 3 80
48 3 80
48 3 80
48 3 80
48 3 80
48 3 80
48 3 80
48 3 80
48 3 80
48 3 80
48 3 80
48 3 80
48 3 80
48 3 80
48 3 80
48 3 80
48 3 80
48 3 80
48 3 80
48 3 80
48 3 80
48 3 80
48 3 80
47 3 80
47 3 80
47 3 80
47 3 80
47 3 80
47 3 80
47 3 80
47 3 80
47 3 80
47 3 80
47 3 80
47 3 80
47 3 80
47 3 80
47 3 80
47 3 80
47 3 80
47 3 80
47 3 80
47 3 80
47 3 80
47 3 80
47 3 80
47 3 80
47 3 80
46 3 80
46 3 80
46 3 80
46 3 80
46 3 80
46 3 80
46 3 80
46 3 80
46 3 80
46 3 80
46 3 80
46 3 80
46 3 80
46 3 80
46 3 80
46 3 80
46 3 80
46 3 80
46 3 80
46 3 80
45 3 80
45 3 80
45 3 80
45 3 80
45 3 80
45 3 80
45 3 80
45 3 80
45 3 80
45 3 80
45 3 80
45 3 80
45 3 80
45 3 80
45 3 80
45 3 80
44 3 80
44 3 80
44 3 80
44 3 80
44 3 80
44 3 80
44 3 80
44 3 80
44 3 80
44 3 80
44 3 80
44 3 80
44 3 80
43 3 80
43 3 80
43 3 80
43 3 80
43 3 80
43 3 80
43 3 80
43 3 80
43 3 80
43 3 80
42 3 80
42 3 80
42 3 80
42 3 80
42 3 80
42 3 80
42 3 80
42 3 80
42 3 80
41 3 80
41 3 80
41 3 80
41 3 80
41 3 80
41 3 80
41 3 80
41 3 80
40 3 80
40 3 80
40 3 80
40 3 80
40 3 80
40 3 80
40 3 80
39 3 80
39 3 80
39 3 80
39 3 80
39 3 80
39 3 80
39 3 80
38 3 80
38 3 80
38 3 80
38 3 80
38 3 80
38 3 80
37 3 80
37 3 80
37 3 80
37 3 80
37 3 80
37 3 80
36 3 80
36 3 80
36 3 80
36 3 80
36 3 80
35 3 80
35 3 80
35 3 80
35 3 80
34 3 80
34 3 80
34 3 80
33 3 80
33 3 80
32 3 80
32 3 80
32 4 80
32 4 80
32 4 80
32 5 80
32 5 80
32 5 80
32 5 80
32 6 80
32 6 80
32 6 80
32 6 80
32 6 80
32 6 80
32 7 80
32 7 80
32 7 80
32 7 80
32 7 80
32 7 80
32 7 80
32 7 80
32 7 80
32 8 80
32 8 80
32 8 80
32 8 80
32 8 80
32 8 80
32 8 80
32 8 80
32 8 80
32 8 80
32 8 80
32 9 80
32 9 80
32 9 80
32 9 80
32 9 80
32 9 80
32 9 80
32 9 80
32 9 80
32 9 80
32 9 80
32 9 80
32 9 80
32 10 80
32 10 80
32 10 80
32 10 80
32 10 80
32 10 80
32 10 80
32 10 80
32 10 80
32 10 80
32 10 80
32 10 80
32 10 80
32 10 80
32 11 80
32 11 80
32 11 80
32 11 80
32 11 80
32 11 80
32 11 80
32 11 80
32 11 80
32 11 80
32 11 80
32 11 80
32 11 80
32 12 80
32 12 80
32 12 80
32 12 80
32 12 80
32 12 80
32 12 80
32 12 80
32 12 80
32 12 80
32 12 80
32 12 80
32 12 80
32 13 80
32 13 80
32 13 80
32 13 80
32 13 80
32 13 80
32 13 80
32 13 80
32 13 80
32 13 80
32 13 80
32 13 80
32 14 80
32 14 80
32 14 80
32 14 80
32 14 80
32 14 80
32 14 80
32 14 80
32 14 80
32 14 80
32 14 80
32 14 80
32 15 80
32 15 80
32 15 80
32 15 80
32 15 80
32 15 80
32 15 80
32 15 80
32 15 80
32 15 80
32 15 80
32 16 80
32 16 80
32 16 80
32 16 80
32 16 80
32 16 80
32 16 80
32 16 80
32 16 80
32 16 80
68 71 720
68 71 80
68 71 80
68 71 80
68 71 80
68 71 80
68 71 80
68 71 80
68 71 80
68 71 80
68 71 80
68 71 80
68 71 80
68 71 80
68 71 80
68 71 80
68 71 80
68 71 80
68 71 80
68 71 80
68 71 80
68 71 80
67 71 80
67 71 80
67 71 80
67 71 80
67 71 80
67 71 80
67 71 80
67 71 80
67 71 80
67 71 80
67 71 80
67 71 80
67 71 80
67 71 80
67 71 80
67 71 80
67 71 80
67 71 80
67 71 80
67 71 80
67 71 80
67 71 80
67 71 80
67 71 80
67 71 80
67 71 80
67 71 80
67 71 80
67 71 80
66 71 80
66 71 80
66 71 80
66 71 80
66 71 80
66 71 80
66 71 80
66 71 80
66 71 80
66 71 80
66 71 80
66 71 80
66 71 80
66 71 80
66 71 80
66 71 80
66 71 80
66 71 80
66 71 80
66 71 80
66 71 80
66 71 80
66 71 80
66 71 80
66 71 80
66 71 80
66 71 80
66 71 80
65 71 80
65 71 80
65 71 80
65 71 80
65 71 80
65 71 80
65 71 80
65 71 80
65 71 80
65 71 80
65 71 80
65 71 80
65 71 80
65 71 80
65 71 80
65 71 80
65 71 80
65 71 80
65 71 80
65 71 80
65 71 80
65 71 80
65 71 80
65 71 80
65 71 80
65 71 80
65 71 80
64 71 80
64 71 80
64 71 80
64 71 80
64 71 80
64 71 80
64 71 80
64 71 80
64 71 80
64 71 80
64 71 80
64 71 80
64 71 80
64 71 80
64 71 80
64 71 80
64 71 80
64 71 80
64 71 80
64 71 80
64 71 80
64 71 80
64 71 80
64 71 80
64 71 80
63 71 80
63 71 80
63 71 80
63 71 80
63 71 80
63 71 80
63 71 80
63 71 80
63 71 80
63 71 80
63 71 80
63 71 80
63 71 80
63 71 80
63 71 80
63 71 80
63 71 80
63 71 80
63 71 80
63 71 80
63 71 80
63 71 80
62 71 80
62 71 80
62 71 80
62 71 80
62 71 80
62 71 80
62 71 80
62 71 80
62 71 80
62 71 80
62 71 80
62 71 80
62 71 80
62 71 80
62 71 80
62 71 80
62 71 80
62 71 80
62 71 80
62 71 80
61 71 80
61 71 80
61 71 80
61 71 80
61 71 80
61 71 80
61 71 80
61 71 80
61 71 80
61 71 80
61 71 80
61 71 80
61 71 80
61 71 80
61 71 80
61 71 80
61 71 80
61 71 80
60 71 80
60 71 80
60 71 80
60 71 80
60 71 80
60 71 80
60 71 80
60 71 80
60 71 80
60 71 80
60 71 80
60 71 80
60 71 80
60 71 80
60 71 80
60 71 80
59 71 80
59 71 80
59 71 80
59 71 80
59 71 80
59 71 80
59 71 80
59 71 80
59 71 80
59 71 80
59 71 80
59 71 80
59 71 80
59 71 80
59 71 80
59 71 80
58 71 80
58 71 80
58 71 80
58 71 80
58 71 80
58 71 80
58 71 80
58 71 80
58 71 80
58 71 80
58 71 80
58 71 80
58 71 80
58 71 80
58 71 80
58 71 80
57 71 80
57 71 80
57 71 80
57 71 80
57 71 80
57 71 80
57 71 80
57 71 80
57 71 80
57 71 80
57 71 80
57 71 80
57 71 80
57 71 80
57 71 80
57 71 80
56 71 80
56 71 80
56 71 80
56 71 80
56 71 80
56 71 80
56 71 80
56 71 80
56 71 80
56 71 80
56 71 80
56 71 80
56 71 80
56 71 80
56 71 80
56 71 80
55 71 80
55 71 80
55 71 80
55 71 80
55 71 80
55 71 80
55 71 80
55 71 80
55 71 80
55 71 80
55 71 80
55 71 80
55 71 80
55 71 80
55 71 80
54 71 80
54 71 80
54 71 80
54 71 80
54 71 80
54 71 80
54 71 80
54 71 80
54 71 80
54 71 80
54 71 80
54 71 80
54 71 80
54 71 80
53 71 80
53 71 80
53 71 80
53 71 80
53 71 80
53 71 80
53 71 80
53 71 80
53 71 80
53 71 80
53 71 80
53 71 80
53 71 80
53 71 80
52 71 80
52 71 80
52 71 80
52 71 80
52 71 80
52 71 80
52 71 80
52 71 80
52 71 80
52 71 80
52 71 80
52 71 80
52 71 80
51 71 80
51 71 80
51 71 80
51 71 80
51 71 80
51 71 80
51 71 80
51 71 80
51 71 80
51 71 80
51 71 80
51 71 80
50 71 80
50 71 80
50 71 80
50 71 80
50 71 80
50 71 80
50 71 80
50 71 80
50 71 80
50 71 80
49 71 80
49 71 80
49 71 80
49 71 80
49 71 80
49 71 80
49 71 80
49 71 80
48 71 80
48 71 80
48 71 80
48 71 80
48 71 80
48 71 80
47 71 80
47 71 80
47 71 80
47 71 80
46 71 80
46 71 80
46 71 80
45 71 80
45 71 80
44 71 80
43 71 80
42 71 80
41 71 80
40 71 80
39 71 80
38 71 80
37 71 80
36 71 80
35 71 80
34 71 80
33 71 80
32 71 80
31 71 80
30 71 80
29 71 80
28 71 80
27 71 80
26 71 80
25 71 80
24 71 80
23 71 80
23 71 80
22 71 80
22 71 80
22 71 80
21 71 80
21 71 80
21 71 80
21 71 80
20 71 80
20 71 80
20 71 80
20 71 80
20 71 80
20 71 80
19 71 80
19 71 80
19 71 80
19 71 80
19 71 80
19 71 80
19 71 80
18 71 80
18 71 80
18 71 80
18 71 80
18 71 80
18 71 80
18 71 80
18 71 80
17 71 80
17 71 80
17 71 80
17 71 80
17 71 80
17 71 80
17 71 80
17 71 80
16 71 80
16 71 80
16 71 80
16 71 80
16 71 80
16 71 80
16 71 80
15 71 80
15 71 80
15 71 80
15 71 80
15 71 80
15 71 80
15 71 80
14 71 80
14 71 80
14 71 80
14 71 80
14 71 80
14 71 80
13 71 80
13 71 80
13 71 80
13 71 80
13 71 80
12 71 80
12 71 80
12 71 80
12 71 80
11 71 80
11 71 80
11 71 80
10 71 80
10 71 80
10 71 80
9 71 80
9 71 80
8 71 80
8 71 80
7 71 80
7 71 80
6 71 80
6 71 80
5 71 80
5 71 80
4 71 80
4 71 80
3 71 80
3 71 80
2 71 80
2 71 80
1 71 80
1 71 80
0 71 80
0 71 80
0 72 80
0 72 80
0 73 80
0 73 80
0 74 80
0 74 80
0 75 80
0 76 80
0 77 80
0 78 80
0 79 80
0 80 80
0 81 80
0 82 80
0 83 80
