198 40 50
198 40 50
198 40 50
198 40 50
198 40 50
198 40 50
198 40 50
198 40 50
198 40 50
198 40 50
198 40 50
198 40 50
198 40 50
198 40 50
198 40 50
198 40 50
198 40 50
198 40 50
198 40 50
198 40 50
198 40 50
197 40 50
197 40 50
197 40 50
197 40 50
197 40 50
197 40 50
197 40 50
197 40 50
197 40 50
197 40 50
197 40 50
197 40 50
197 40 50
197 40 50
197 40 50
197 40 50
197 40 50
197 40 50
197 40 50
197 40 50
197 40 50
197 40 50
196 40 50
196 40 50
196 40 50
196 40 50
196 40 50
196 40 50
196 40 50
196 40 50
196 40 50
196 40 50
196 40 50
196 40 50
196 40 50
196 40 50
196 40 50
196 40 50
196 40 50
196 40 50
196 40 50
196 40 50
196 40 50
195 40 50
195 40 50
195 40 50
195 40 50
195 40 50
195 40 50
195 40 50
195 40 50
195 40 50
195 40 50
195 40 50
195 40 50
195 40 50
195 40 50
195 40 50
195 40 50
195 40 50
195 40 50
195 40 50
195 40 50
194 40 50
194 40 50
194 40 50
194 40 50
194 40 50
194 40 50
194 40 50
194 40 50
194 40 50
194 40 50
194 40 50
194 40 50
194 40 50
194 40 50
194 40 50
194 40 50
194 40 50
194 40 50
194 40 50
193 40 50
193 40 50
193 40 50
193 40 50
193 40 50
193 40 50
193 40 50
193 40 50
193 40 50
193 40 50
193 40 50
193 40 50
193 40 50
193 40 50
193 40 50
193 40 50
192 40 50
192 40 50
192 40 50
192 40 50
192 40 50
192 40 50
192 40 50
192 40 50
192 40 50
192 40 50
192 40 50
192 40 50
192 40 50
192 40 50
191 40 50
191 40 50
191 40 50
191 40 50
191 40 50
191 40 50
191 40 50
191 40 50
191 40 50
191 40 50
191 40 50
190 40 50
190 40 50
190 40 50
190 40 50
190 40 50
190 40 50
190 40 50
190 40 50
190 40 50
189 40 50
189 40 50
189 40 50
189 40 50
189 40 50
189 40 50
188 40 50
188 40 50
188 40 50
188 40 50
188 40 50
187 40 50
187 40 50
187 40 50
187 40 50
186 40 50
186 40 50
186 40 50
185 40 50
185 40 50
184 40 50
184 40 50
183 40 50
183 40 50
182 40 50
182 40 50
181 40 50
180 40 50
179 40 50
178 40 50
177 40 50
176 40 50
175 40 50
174 40 50
173 40 50
172 40 50
172 40 50
171 40 50
171 40 50
170 40 50
170 40 50
170 40 50
169 40 50
169 40 50
169 40 50
169 40 50
168 40 50
168 40 50
168 40 50
168 40 50
168 40 50
168 40 50
167 40 50
167 40 50
167 40 50
167 40 50
167 40 50
167 40 50
167 40 50
167 40 50
166 40 50
166 40 50
166 40 50
166 40 50
166 40 50
166 40 50
166 40 50
166 40 50
166 40 50
166 40 50
165 40 50
165 40 50
165 40 50
165 40 50
165 40 50
165 40 50
165 40 50
165 40 50
165 40 50
165 40 50
165 40 50
165 40 50
164 40 50
164 40 50
164 40 50
164 40 50
164 40 50
164 40 50
164 40 50
164 40 50
164 40 50
164 40 50
164 40 50
164 40 50
164 40 50
164 40 50
163 40 50
163 40 50
163 40 50
163 40 50
163 40 50
163 40 50
163 40 50
163 40 50
163 40 50
163 40 50
163 40 50
163 40 50
163 40 50
163 40 50
163 40 50
163 40 50
163 40 50
162 40 50
162 40 50
162 40 50
162 40 50
162 40 50
162 40 50
162 40 50
162 40 50
162 40 50
162 40 50
162 40 50
162 40 50
162 40 50
162 40 50
162 40 50
162 40 50
162 40 50
162 40 50
162 40 50
162 40 50
162 40 50
161 40 50
161 40 50
161 40 50
161 40 50
161 40 50
161 40 50
161 40 50
161 40 50
161 40 50
161 40 50
161 40 50
161 40 50
161 40 50
161 40 50
161 40 50
161 40 50
161 40 50
161 40 50
161 40 50
161 40 50
161 40 50
161 40 50
161 40 50
161 40 50
161 40 50
160 40 50
160 40 50
160 40 50
160 40 50
160 40 50
160 40 50
160 40 50
160 40 50
160 40 50
160 40 50
160 40 50
160 40 50
160 40 50
160 40 50
160 40 50
160 40 50
160 40 50
160 40 50
160 40 50
160 40 50
160 40 50
160 40 50
160 40 50
160 40 50
160 40 50
160 40 50
160 40 50
160 40 50
160 40 50
160 40 50
160 40 50
159 40 50
159 40 50
159 40 50
159 40 50
159 40 50
159 40 50
159 40 50
159 40 50
159 40 50
159 40 50
159 40 50
159 40 50
159 40 50
159 40 50
159 40 50
159 40 50
159 40 50
159 40 50
159 40 50
159 40 50
159 40 50
159 40 50
159 40 50
159 40 50
159 40 50
159 40 50
159 40 50
159 40 50
159 40 50
159 40 50
159 40 50
159 40 50
159 40 50
159 40 50
159 40 50
159 40 50
159 40 50
158 40 50
158 40 50
158 40 50
158 40 50
158 40 50
158 40 50
158 40 50
158 40 50
158 40 50
158 40 50
158 40 50
158 40 50
158 40 50
158 40 50
158 40 50
158 40 50
158 40 50
158 40 50
158 40 50
158 40 50
158 40 50
158 40 50
158 40 50
158 40 50
158 40 50
158 40 50
158 40 50
158 40 50
158 40 50
158 40 50
158 40 50
158 40 50
158 40 50
158 40 50
158 40 50
158 40 50
158 40 50
158 40 50
158 40 50
158 40 50
158 40 50
158 40 50
157 40 50
157 40 50
157 40 50
157 40 50
157 40 50
157 40 50
157 40 50
157 40 50
157 40 50
157 40 50
157 40 50
157 40 50
157 40 50
157 40 50
157 40 50
157 40 50
157 40 50
157 40 50
157 40 50
157 40 50
157 40 50
157 40 50
157 40 50
157 40 50
157 40 50
157 40 50
157 40 50
157 40 50
157 40 50
157 40 50
157 40 50
157 40 50
157 40 50
157 40 50
157 40 50
157 40 50
157 40 50
157 40 50
157 40 50
157 40 50
157 40 50
157 40 50
157 40 50
157 40 50
157 40 50
157 40 50
157 40 50
156 40 50
156 40 50
156 40 50
156 40 50
156 40 50
156 40 50
156 40 50
156 40 50
156 40 50
156 40 50
156 40 50
156 40 50
156 40 50
156 40 50
156 40 50
156 40 50
156 40 50
156 40 50
156 40 50
156 40 50
156 40 50
156 40 50
156 40 50
156 40 50
156 40 50
156 40 50
156 40 50
156 40 50
156 40 50
156 40 50
156 40 50
156 40 50
156 40 50
156 40 50
156 40 50
156 40 50
156 40 50
156 40 50
156 40 50
156 40 50
156 40 50
156 40 50
156 40 50
156 40 50
156 40 50
156 40 50
156 40 50
156 40 50
156 40 50
156 40 50
156 40 50
155 40 50
155 40 50
155 40 50
155 40 50
155 40 50
155 40 50
155 40 50
155 40 50
155 40 50
155 40 50
155 40 50
155 40 50
155 40 50
155 40 50
155 40 50
155 40 50
155 40 50
155 40 50
155 40 50
155 40 50
155 40 50
155 40 50
155 40 50
155 40 50
155 40 50
155 40 50
155 40 50
155 40 50
155 40 50
155 40 50
155 40 50
155 40 50
155 40 50
155 40 50
155 40 50
155 40 50
155 40 50
155 40 50
155 40 50
155 40 50
155 40 50
155 40 50
155 40 50
155 40 50
155 40 50
155 40 50
155 40 50
155 40 50
155 40 50
155 40 50
155 40 50
155 40 50
155 40 50
154 40 50
154 40 50
154 40 50
154 40 50
154 40 50
154 40 50
154 40 50
154 40 50
154 40 50
154 40 50
154 40 50
154 40 50
154 40 50
154 40 50
154 40 50
154 40 50
154 40 50
154 40 50
154 40 50
154 40 50
154 40 50
154 40 50
154 40 50
154 40 50
154 40 50
154 40 50
154 40 50
154 40 50
154 40 50
154 40 50
154 40 50
154 40 50
154 40 50
154 40 50
154 40 50
154 40 50
154 40 50
154 40 50
154 40 50
154 40 50
154 40 50
154 40 50
154 40 50
154 40 50
154 40 50
154 40 50
154 40 50
154 40 50
154 40 50
154 40 50
154 40 50
154 40 50
154 40 50
153 40 50
153 40 50
153 40 50
153 40 50
153 40 50
153 40 50
153 40 50
153 40 50
153 40 50
153 40 50
153 40 50
153 40 50
153 40 50
153 40 50
153 40 50
153 40 50
153 40 50
153 40 50
153 40 50
153 40 50
153 40 50
153 40 50
153 40 50
153 40 50
153 40 50
153 40 50
153 40 50
153 40 50
153 40 50
153 40 50
153 40 50
153 40 50
153 40 50
153 40 50
153 40 50
153 40 50
153 40 50
153 40 50
153 40 50
153 40 50
153 40 50
153 40 50
153 40 50
153 40 50
153 40 50
153 40 50
153 40 50
153 40 50
153 40 50
153 40 50
152 40 50
152 40 50
152 40 50
152 40 50
152 40 50
152 40 50
152 40 50
152 40 50
152 40 50
152 40 50
152 40 50
152 40 50
152 40 50
152 40 50
152 40 50
152 40 50
152 40 50
152 40 50
152 40 50
152 40 50
152 40 50
152 40 50
152 40 50
152 40 50
152 40 50
152 40 50
152 40 50
152 40 50
152 40 50
152 40 50
152 40 50
152 40 50
152 40 50
152 40 50
152 40 50
152 40 50
152 40 50
152 40 50
152 40 50
152 40 50
152 40 50
152 40 50
152 40 50
152 40 50
152 40 50
152 40 50
151 40 50
151 40 50
151 40 50
151 40 50
151 40 50
151 40 50
151 40 50
151 40 50
151 40 50
151 40 50
151 40 50
151 40 50
151 40 50
151 40 50
151 40 50
151 40 50
151 40 50
151 40 50
151 40 50
151 40 50
151 40 50
151 40 50
151 40 50
151 40 50
151 40 50
151 40 50
151 40 50
151 40 50
151 40 50
151 40 50
151 40 50
151 40 50
151 40 50
151 40 50
151 40 50
151 40 50
151 40 50
151 40 50
151 40 50
151 40 50
150 40 50
150 40 50
150 40 50
150 40 50
150 40 50
150 40 50
150 40 50
150 40 50
150 40 50
150 40 50
150 40 50
150 40 50
150 40 50
150 40 50
150 40 50
150 40 50
150 40 50
150 40 50
150 40 50
150 40 50
150 40 50
150 40 50
150 40 50
150 40 50
150 40 50
150 40 50
150 40 50
150 40 50
150 40 50
150 40 50
150 40 50
150 40 50
150 40 50
150 40 50
149 40 50
149 40 50
149 40 50
149 40 50
149 40 50
149 40 50
149 40 50
149 40 50
149 40 50
149 40 50
149 40 50
149 40 50
149 40 50
149 40 50
149 40 50
149 40 50
149 40 50
149 40 50
149 40 50
149 40 50
149 40 50
149 40 50
149 40 50
149 40 50
149 40 50
149 40 50
149 40 50
149 40 50
148 40 50
148 40 50
148 40 50
148 40 50
148 40 50
148 40 50
148 40 50
148 40 50
148 40 50
148 40 50
148 40 50
148 40 50
148 40 50
148 40 50
148 40 50
148 40 50
148 40 50
148 40 50
148 40 50
148 40 50
148 40 50
148 40 50
148 40 50
147 40 50
147 40 50
147 40 50
147 40 50
147 40 50
147 40 50
147 40 50
147 40 50
147 40 50
147 40 50
147 40 50
147 40 50
147 40 50
147 40 50
147 40 50
147 40 50
147 40 50
147 40 50
147 40 50
146 40 50
146 40 50
146 40 50
146 40 50
146 40 50
146 40 50
146 40 50
146 40 50
146 40 50
146 40 50
146 40 50
146 40 50
146 40 50
146 40 50
146 40 50
145 40 50
145 40 50
145 40 50
145 40 50
145 40 50
145 40 50
145 40 50
145 40 50
145 40 50
145 40 50
145 40 50
145 40 50
144 40 50
144 40 50
144 40 50
144 40 50
144 40 50
144 40 50
144 40 50
144 40 50
144 40 50
144 40 50
143 40 50
143 40 50
143 40 50
143 40 50
143 40 50
143 40 50
143 40 50
143 40 50
142 40 50
142 40 50
142 40 50
142 40 50
142 40 50
142 40 50
142 40 50
142 40 50
141 40 50
141 40 50
141 40 50
141 40 50
141 40 50
141 40 50
141 40 50
141 40 50
140 40 50
140 40 50
140 40 50
140 40 50
140 40 50
140 40 50
140 40 50
140 40 50
140 40 50
139 40 50
139 40 50
139 40 50
139 40 50
139 40 50
139 40 50
139 40 50
139 40 50
139 40 50
139 40 50
138 40 50
138 40 50
138 40 50
138 40 50
138 40 50
138 40 50
138 40 50
138 40 50
138 40 50
138 40 50
138 40 50
138 40 50
137 40 50
137 40 50
137 40 50
137 40 50
137 40 50
137 40 50
137 40 50
137 40 50
137 40 50
137 40 50
137 40 50
137 40 50
137 40 50
137 40 50
136 40 50
136 40 50
136 40 50
136 40 50
136 40 50
136 40 50
136 40 50
136 40 50
136 40 50
136 40 50
136 40 50
136 40 50
136 40 50
136 40 50
136 40 50
136 40 50
136 40 50
135 40 50
135 40 50
135 40 50
135 40 50
135 40 50
135 40 50
135 40 50
135 40 50
135 40 50
135 40 50
135 40 50
135 40 50
135 40 50
135 40 50
135 40 50
135 40 50
135 40 50
135 40 50
135 40 50
135 40 50
134 40 50
134 40 50
134 40 50
134 40 50
134 40 50
134 40 50
134 40 50
134 40 50
134 40 50
134 40 50
134 40 50
134 40 50
134 40 50
134 40 50
134 40 50
134 40 50
134 40 50
134 40 50
134 40 50
134 40 50
134 40 50
134 40 50
133 40 50
133 40 50
133 40 50
133 40 50
133 40 50
133 40 50
133 40 50
133 40 50
133 40 50
133 40 50
133 40 50
133 40 50
133 40 50
133 40 50
133 40 50
133 40 50
133 40 50
133 40 50
133 40 50
133 40 50
133 40 50
133 40 50
133 40 50
132 40 50
132 40 50
132 40 50
132 40 50
132 40 50
132 40 50
132 40 50
132 40 50
132 40 50
132 40 50
132 40 50
132 40 50
132 40 50
132 40 50
132 40 50
132 40 50
132 40 50
132 40 50
132 40 50
132 40 50
132 40 50
132 40 50
131 40 50
131 40 50
131 40 50
131 40 50
131 40 50
131 40 50
131 40 50
131 40 50
131 40 50
131 40 50
131 40 50
131 40 50
131 40 50
131 40 50
131 40 50
131 40 50
131 40 50
131 40 50
131 40 50
131 40 50
130 40 50
130 40 50
130 40 50
130 40 50
130 40 50
130 40 50
130 40 50
130 40 50
130 40 50
130 40 50
130 40 50
130 40 50
130 40 50
130 40 50
130 40 50
130 40 50
130 40 50
129 40 50
129 40 50
129 40 50
129 40 50
129 40 50
129 40 50
129 40 50
129 40 50
129 40 50
129 40 50
129 40 50
129 40 50
129 40 50
129 40 50
128 40 50
128 40 50
128 40 50
128 40 50
128 40 50
128 40 50
128 40 50
128 40 50
128 40 50
128 40 50
128 40 50
127 40 50
127 40 50
127 40 50
127 40 50
127 40 50
127 40 50
127 40 50
127 40 50
126 40 50
126 40 50
126 40 50
126 40 50
126 40 50
126 40 50
125 40 50
125 40 50
125 40 50
125 40 50
125 40 50
125 39 200
125 38 50
125 38 50
125 37 50
125 37 50
125 36 50
125 35 50
125 34 50
125 33 50
125 32 50
125 31 50
125 30 50
125 29 50
125 28 50
125 27 50
171 39 50
171 39 50
171 38 50
171 38 50
171 37 50
171 36 50
171 35 50
171 34 50
171 33 50
171 32 50
171 31 50
144 79 50
143 79 50
142 79 50
141 79 50
140 79 50
139 79 50
139 79 50
138 79 50
138 79 50
137 79 50
137 79 50
137 79 50
136 79 50
136 79 50
136 79 50
136 79 50
136 79 50
135 79 50
135 79 50
135 79 50
135 79 50
135 79 50
135 79 50
135 79 50
134 79 50
134 79 50
134 79 50
134 79 50
134 79 50
134 79 50
134 79 50
134 79 50
134 79 50
134 79 50
133 79 50
133 79 50
133 79 50
133 79 50
133 79 50
133 79 50
133 79 50
133 79 50
133 79 50
133 79 50
133 79 50
133 79 50
133 79 50
133 79 50
132 79 50
132 79 50
132 79 50
132 79 50
132 79 50
132 79 50
132 79 50
132 79 50
132 79 50
132 79 50
132 79 50
132 79 50
132 79 50
132 79 50
132 79 50
132 79 50
132 79 50
132 79 50
132 79 50
132 79 50
131 79 50
131 79 50
131 79 50
131 79 50
131 79 50
131 79 50
131 79 50
131 79 50
131 79 50
131 79 50
131 79 50
131 79 50
131 79 50
131 79 50
131 79 50
131 79 50
131 79 50
131 79 50
131 79 50
131 79 50
131 79 50
131 79 50
131 79 50
131 79 50
131 79 50
131 79 50
131 79 50
130 79 50
130 79 50
130 79 50
130 79 50
130 79 50
130 79 50
130 79 50
130 79 50
130 79 50
130 79 50
130 79 50
130 79 50
130 79 50
130 79 50
130 79 50
130 79 50
130 79 50
130 79 50
130 79 50
130 79 50
130 79 50
130 79 50
130 79 50
130 79 50
130 79 50
130 79 50
130 79 50
130 79 50
130 79 50
130 79 50
130 79 50
130 79 50
130 79 50
130 79 50
130 79 50
129 79 50
129 79 50
129 79 50
129 79 50
129 79 50
129 79 50
129 79 50
129 79 50
129 79 50
129 79 50
129 79 50
129 79 50
129 79 50
129 79 50
129 79 50
129 79 50
129 79 50
129 79 50
129 79 50
129 79 50
129 79 50
129 79 50
129 79 50
129 79 50
129 79 50
129 79 50
129 79 50
129 79 50
129 79 50
129 79 50
129 79 50
129 79 50
129 79 50
129 79 50
129 79 50
129 79 50
129 79 50
129 79 50
129 79 50
129 79 50
129 79 50
128 79 50
128 79 50
128 79 50
128 79 50
128 79 50
128 79 50
128 79 50
128 79 50
128 79 50
128 79 50
128 79 50
128 79 50
128 79 50
128 79 50
128 79 50
128 79 50
128 79 50
128 79 50
128 79 50
128 79 50
128 79 50
128 79 50
128 79 50
128 79 50
128 79 50
128 79 50
128 79 50
128 79 50
128 79 50
128 79 50
128 79 50
128 79 50
128 79 50
128 79 50
128 79 50
128 79 50
128 79 50
128 79 50
128 79 50
128 79 50
128 79 50
128 79 50
128 79 50
128 79 50
128 79 50
128 79 50
128 79 50
127 79 50
127 79 50
127 79 50
127 79 50
127 79 50
127 79 50
127 79 50
127 79 50
127 79 50
127 79 50
127 79 50
127 79 50
127 79 50
127 79 50
127 79 50
127 79 50
127 79 50
127 79 50
127 79 50
127 79 50
127 79 50
127 79 50
127 79 50
127 79 50
127 79 50
127 79 50
127 79 50
127 79 50
127 79 50
127 79 50
127 79 50
127 79 50
127 79 50
127 79 50
127 79 50
127 79 50
127 79 50
127 79 50
127 79 50
127 79 50
127 79 50
127 79 50
127 79 50
127 79 50
127 79 50
127 79 50
127 79 50
127 79 50
127 79 50
127 79 50
127 79 50
126 79 50
126 79 50
126 79 50
126 79 50
126 79 50
126 79 50
126 79 50
126 79 50
126 79 50
126 79 50
126 79 50
126 79 50
126 79 50
126 79 50
126 79 50
126 79 50
126 79 50
126 79 50
126 79 50
126 79 50
126 79 50
126 79 50
126 79 50
126 79 50
126 79 50
126 79 50
126 79 50
126 79 50
126 79 50
126 79 50
126 79 50
126 79 50
126 79 50
126 79 50
126 79 50
126 79 50
126 79 50
126 79 50
126 79 50
126 79 50
126 79 50
126 79 50
126 79 50
126 79 50
126 79 50
126 79 50
126 79 50
126 79 50
126 79 50
126 79 50
126 79 50
126 79 50
126 79 50
126 79 50
126 79 50
125 79 50
125 79 50
125 79 50
125 79 50
125 79 50
125 79 50
125 79 50
125 79 50
125 79 50
125 79 50
125 79 50
125 79 50
125 79 50
125 79 50
125 79 50
125 79 50
125 79 50
125 79 50
125 79 50
125 79 50
125 79 50
125 79 50
125 79 50
125 79 50
125 79 50
125 79 50
125 79 50
125 79 50
125 79 50
125 79 50
125 79 50
125 79 50
125 79 50
125 79 50
125 79 50
125 79 50
125 79 50
125 79 50
125 79 50
125 79 50
125 79 50
125 79 50
125 79 50
125 79 50
125 79 50
125 79 50
125 79 50
125 79 50
125 79 50
125 79 50
125 79 50
125 79 50
125 79 50
125 79 50
125 79 50
125 79 50
125 79 50
125 79 50
125 78 2850
125 77 50
125 77 50
125 77 50
125 77 50
125 77 50
125 77 50
125 77 50
125 77 50
125 77 50
125 77 50
125 77 50
125 77 50
125 77 50
125 77 50
125 77 50
125 77 50
125 77 50
125 77 50
125 77 50
125 77 50
125 77 50
125 77 50
125 77 50
125 77 50
125 77 50
125 77 50
125 77 50
125 77 50
125 77 50
125 77 50
125 77 50
125 77 50
125 77 50
125 77 50
125 77 50
125 77 50
125 77 50
125 77 50
125 77 50
125 77 50
125 77 50
125 76 50
125 76 50
125 76 50
125 76 50
125 76 50
125 76 50
125 76 50
125 76 50
125 76 50
125 76 50
125 76 50
125 76 50
125 76 50
125 76 50
125 76 50
125 76 50
125 76 50
125 76 50
125 76 50
125 76 50
125 76 50
125 76 50
125 76 50
125 76 50
125 76 50
125 76 50
125 76 50
125 76 50
125 76 50
125 76 50
125 76 50
125 76 50
125 76 50
125 75 50
125 75 50
125 75 50
125 75 50
125 75 50
125 75 50
125 75 50
125 75 50
125 75 50
125 75 50
125 75 50
125 75 50
125 75 50
125 75 50
125 75 50
125 75 50
125 75 50
125 75 50
125 75 50
125 75 50
125 75 50
125 75 50
125 75 50
125 75 50
125 75 50
125 74 50
125 74 50
125 74 50
125 74 50
125 74 50
125 74 50
125 74 50
125 74 50
125 74 50
125 74 50
125 74 50
125 74 50
125 74 50
125 74 50
125 74 50
125 74 50
125 74 50
125 74 50
125 73 50
125 73 50
125 73 50
125 73 50
125 73 50
125 73 50
125 73 50
125 73 50
125 73 50
125 73 50
125 73 50
125 73 50
125 72 50
125 72 50
125 72 50
125 72 50
125 72 50
125 72 50
125 72 50
125 72 50
125 72 50
125 71 50
125 71 50
125 71 50
125 71 50
125 71 50
125 71 50
125 70 50
125 70 50
125 70 50
125 70 50
125 70 50
125 69 50
125 69 50
125 69 50
125 69 50
125 69 50
125 68 50
125 68 50
125 68 50
125 68 50
125 67 50
125 67 50
125 67 50
125 67 50
125 66 50
125 66 50
125 66 50
125 66 50
125 65 50
125 65 50
125 65 50
125 65 50
125 64 50
125 64 50
125 64 50
125 64 50
125 63 50
125 63 50
125 63 50
125 63 50
125 63 50
125 62 50
125 62 50
125 62 50
125 62 50
125 62 50
125 61 50
125 61 50
125 61 50
125 61 50
125 61 50
125 60 50
125 60 50
125 60 50
125 60 50
125 60 50
125 59 50
125 59 50
125 59 50
125 59 50
125 59 50
125 58 50
125 58 50
125 58 50
125 58 50
125 58 50
125 58 50
125 57 50
125 57 50
125 57 50
125 57 50
125 57 50
125 57 50
125 57 50
125 56 50
125 56 50
125 56 50
125 56 50
125 56 50
125 56 50
125 56 50
125 56 50
125 55 50
125 55 50
125 55 50
125 55 50
125 55 50
125 55 50
125 55 50
125 55 50
125 55 50
125 54 50
125 54 50
125 54 50
125 54 50
125 54 50
125 54 50
125 54 50
125 54 50
125 54 50
125 54 50
125 54 50
125 54 50
125 53 50
125 53 50
125 53 50
125 53 50
125 53 50
125 53 50
125 53 50
125 53 50
125 53 50
125 53 50
125 53 50
125 53 50
125 53 50
125 53 50
125 53 50
125 52 50
125 52 50
125 52 50
125 52 50
125 52 50
125 52 50
125 52 50
125 52 50
125 52 50
125 52 50
125 52 50
125 52 50
125 52 50
125 52 50
125 52 50
125 52 50
125 52 50
125 52 50
125 51 50
125 51 50
125 51 50
125 51 50
125 51 50
125 51 50
125 51 50
125 51 50
125 51 50
125 51 50
125 51 50
125 51 50
125 51 50
125 51 50
125 51 50
125 51 50
125 51 50
125 51 50
125 51 50
125 51 50
125 51 50
125 51 50
125 51 50
125 50 50
125 50 50
125 50 50
125 50 50
125 50 50
125 50 50
125 50 50
125 50 50
125 50 50
125 50 50
125 50 50
125 50 50
125 50 50
125 50 50
125 50 50
125 50 50
125 50 50
125 50 50
125 50 50
125 50 50
125 50 50
125 50 50
125 50 50
125 50 50
125 50 50
125 50 50
125 50 50
125 49 50
125 49 50
125 49 50
125 49 50
125 49 50
125 49 50
125 49 50
125 49 50
125 49 50
125 49 50
125 49 50
125 49 50
125 49 50
125 49 50
125 49 50
125 49 50
125 49 50
125 49 50
125 49 50
125 49 50
125 49 50
125 49 50
125 49 50
125 49 50
125 49 50
125 49 50
125 49 50
125 49 50
125 49 50
125 49 50
125 49 50
125 48 50
125 48 50
125 48 50
125 48 50
125 48 50
125 48 50
125 48 50
125 48 50
125 48 50
125 48 50
125 48 50
125 48 50
125 48 50
125 48 50
125 48 50
125 48 50
125 48 50
125 48 50
125 48 50
125 48 50
125 48 50
125 48 50
125 48 50
125 48 50
125 48 50
125 48 50
125 48 50
125 48 50
125 48 50
125 48 50
125 48 50
125 48 50
125 48 50
125 47 50
125 47 50
125 47 50
125 47 50
125 47 50
125 47 50
125 47 50
125 47 50
125 47 50
125 47 50
125 47 50
125 47 50
125 47 50
125 47 50
125 47 50
125 47 50
125 47 50
125 47 50
125 47 50
125 47 50
125 47 50
125 47 50
125 47 50
125 47 50
125 47 50
125 47 50
125 47 50
125 47 50
125 47 50
125 47 50
125 47 50
125 47 50
125 47 50
125 46 50
125 46 50
125 46 50
125 46 50
125 46 50
125 46 50
125 46 50
125 46 50
125 46 50
125 46 50
125 46 50
125 46 50
125 46 50
125 46 50
125 46 50
125 46 50
125 46 50
125 46 50
125 46 50
125 46 50
125 46 50
125 46 50
125 46 50
125 46 50
125 46 50
125 46 50
125 46 50
125 46 50
125 46 50
125 46 50
125 46 50
125 45 50
125 45 50
125 45 50
125 45 50
125 45 50
125 45 50
125 45 50
125 45 50
125 45 50
125 45 50
125 45 50
125 45 50
125 45 50
125 45 50
125 45 50
125 45 50
125 45 50
125 45 50
125 45 50
125 45 50
125 45 50
125 45 50
125 45 50
125 45 50
125 45 50
125 45 50
125 45 50
125 44 50
125 44 50
125 44 50
125 44 50
125 44 50
125 44 50
125 44 50
125 44 50
125 44 50
125 44 50
125 44 50
125 44 50
125 44 50
125 44 50
125 44 50
125 44 50
125 44 50
125 44 50
125 44 50
125 44 50
125 44 50
125 43 50
125 43 50
125 43 50
125 43 50
125 43 50
125 43 50
125 43 50
125 43 50
125 43 50
125 43 50
125 43 50
125 43 50
125 43 50
125 43 50
125 43 50
125 43 50
125 42 50
125 42 50
125 42 50
125 42 50
125 42 50
125 42 50
125 42 50
125 42 50
125 42 50
125 42 50
125 42 50
125 41 50
125 41 50
125 41 50
125 41 50
125 41 50
125 41 50
125 41 50
125 41 50
124 79 350
124 79 50
124 79 50
124 79 50
124 79 50
124 79 50
124 79 50
124 79 50
124 79 50
124 79 50
124 79 50
124 79 50
124 79 50
124 79 50
124 79 50
124 79 50
124 79 50
124 79 50
124 79 50
124 79 50
124 79 50
124 79 50
124 79 50
124 79 50
124 79 50
124 79 50
124 79 50
124 79 50
124 79 50
124 79 50
124 79 50
124 79 50
124 79 50
124 79 50
124 79 50
124 79 50
124 79 50
124 79 50
124 79 50
124 79 50
124 79 50
124 79 50
124 79 50
124 79 50
124 79 50
124 79 50
124 79 50
124 79 50
124 79 50
124 79 50
124 79 50
124 79 50
124 79 50
124 79 50
123 79 50
123 79 50
123 79 50
123 79 50
123 79 50
123 79 50
123 79 50
123 79 50
123 79 50
123 79 50
123 79 50
123 79 50
123 79 50
123 79 50
123 79 50
123 79 50
123 79 50
123 79 50
123 79 50
123 79 50
123 79 50
123 79 50
123 79 50
123 79 50
123 79 50
123 79 50
123 79 50
123 79 50
123 79 50
123 79 50
123 79 50
123 79 50
123 79 50
123 79 50
123 79 50
123 79 50
123 79 50
123 79 50
123 79 50
123 79 50
123 79 50
123 79 50
123 79 50
123 79 50
123 79 50
123 79 50
123 79 50
123 79 50
123 79 50
123 79 50
123 79 50
123 79 50
123 79 50
123 79 50
123 79 50
123 79 50
123 79 50
123 79 50
123 79 50
123 79 50
123 79 50
122 79 50
122 79 50
122 79 50
122 79 50
122 79 50
122 79 50
122 79 50
122 79 50
122 79 50
122 79 50
122 79 50
122 79 50
122 79 50
122 79 50
122 79 50
122 79 50
122 79 50
122 79 50
122 79 50
122 79 50
122 79 50
122 79 50
122 79 50
122 79 50
122 79 50
122 79 50
122 79 50
122 79 50
122 79 50
122 79 50
122 79 50
122 79 50
122 79 50
122 79 50
122 79 50
122 79 50
122 79 50
122 79 50
122 79 50
122 79 50
122 79 50
122 79 50
122 79 50
122 79 50
122 79 50
122 79 50
122 79 50
122 79 50
122 79 50
122 79 50
122 79 50
122 79 50
122 79 50
122 79 50
122 79 50
122 79 50
122 79 50
122 79 50
122 79 50
122 79 50
121 79 50
121 79 50
121 79 50
121 79 50
121 79 50
121 79 50
121 79 50
121 79 50
121 79 50
121 79 50
121 79 50
121 79 50
121 79 50
121 79 50
121 79 50
121 79 50
121 79 50
121 79 50
121 79 50
121 79 50
121 79 50
121 79 50
121 79 50
121 79 50
121 79 50
121 79 50
121 79 50
121 79 50
121 79 50
121 79 50
121 79 50
121 79 50
121 79 50
121 79 50
121 79 50
121 79 50
121 79 50
121 79 50
121 79 50
121 79 50
121 79 50
121 79 50
121 79 50
121 79 50
121 79 50
121 79 50
121 79 50
121 79 50
121 79 50
121 79 50
121 79 50
121 79 50
121 79 50
121 79 50
121 79 50
121 79 50
121 79 50
121 79 50
120 79 50
120 79 50
120 79 50
120 79 50
120 79 50
120 79 50
120 79 50
120 79 50
120 79 50
120 79 50
120 79 50
120 79 50
120 79 50
120 79 50
120 79 50
120 79 50
120 79 50
120 79 50
120 79 50
120 79 50
120 79 50
120 79 50
120 79 50
120 79 50
120 79 50
120 79 50
120 79 50
120 79 50
120 79 50
120 79 50
120 79 50
120 79 50
120 79 50
120 79 50
120 79 50
120 79 50
120 79 50
120 79 50
120 79 50
120 79 50
120 79 50
120 79 50
120 79 50
120 79 50
120 79 50
120 79 50
120 79 50
120 79 50
120 79 50
120 79 50
120 79 50
120 79 50
120 79 50
120 79 50
119 79 50
119 79 50
119 79 50
119 79 50
119 79 50
119 79 50
119 79 50
119 79 50
119 79 50
119 79 50
119 79 50
119 79 50
119 79 50
119 79 50
119 79 50
119 79 50
119 79 50
119 79 50
119 79 50
119 79 50
119 79 50
119 79 50
119 79 50
119 79 50
119 79 50
119 79 50
119 79 50
119 79 50
119 79 50
119 79 50
119 79 50
119 79 50
119 79 50
119 79 50
119 79 50
119 79 50
119 79 50
119 79 50
119 79 50
119 79 50
119 79 50
119 79 50
119 79 50
119 79 50
119 79 50
119 79 50
119 79 50
119 79 50
119 79 50
119 79 50
118 79 50
118 79 50
118 79 50
118 79 50
118 79 50
118 79 50
118 79 50
118 79 50
118 79 50
118 79 50
118 79 50
118 79 50
118 79 50
118 79 50
118 79 50
118 79 50
118 79 50
118 79 50
118 79 50
118 79 50
118 79 50
118 79 50
118 79 50
118 79 50
118 79 50
118 79 50
118 79 50
118 79 50
118 79 50
118 79 50
118 79 50
118 79 50
118 79 50
118 79 50
118 79 50
118 79 50
118 79 50
118 79 50
118 79 50
118 79 50
118 79 50
118 79 50
118 79 50
118 79 50
118 79 50
117 79 50
117 79 50
117 79 50
117 79 50
117 79 50
117 79 50
117 79 50
117 79 50
117 79 50
117 79 50
117 79 50
117 79 50
117 79 50
117 79 50
117 79 50
117 79 50
117 79 50
117 79 50
117 79 50
117 79 50
117 79 50
117 79 50
117 79 50
117 79 50
117 79 50
117 79 50
117 79 50
117 79 50
117 79 50
117 79 50
117 79 50
117 79 50
117 79 50
117 79 50
117 79 50
117 79 50
117 79 50
117 79 50
117 79 50
117 79 50
117 79 50
117 79 50
116 79 50
116 79 50
116 79 50
116 79 50
116 79 50
116 79 50
116 79 50
116 79 50
116 79 50
116 79 50
116 79 50
116 79 50
116 79 50
116 79 50
116 79 50
116 79 50
116 79 50
116 79 50
116 79 50
116 79 50
116 79 50
116 79 50
116 79 50
116 79 50
116 79 50
116 79 50
116 79 50
116 79 50
116 79 50
116 79 50
116 79 50
116 79 50
116 79 50
116 79 50
116 79 50
116 79 50
116 79 50
116 79 50
115 79 50
115 79 50
115 79 50
115 79 50
115 79 50
115 79 50
115 79 50
115 79 50
115 79 50
115 79 50
115 79 50
115 79 50
115 79 50
115 79 50
115 79 50
115 79 50
115 79 50
115 79 50
115 79 50
115 79 50
115 79 50
115 79 50
115 79 50
115 79 50
115 79 50
115 79 50
115 79 50
115 79 50
115 79 50
115 79 50
115 79 50
115 79 50
115 79 50
115 79 50
115 79 50
114 79 50
114 79 50
114 79 50
114 79 50
114 79 50
114 79 50
114 79 50
114 79 50
114 79 50
114 79 50
114 79 50
114 79 50
114 79 50
114 79 50
114 79 50
114 79 50
114 79 50
114 79 50
114 79 50
114 79 50
114 79 50
114 79 50
114 79 50
114 79 50
114 79 50
114 79 50
114 79 50
114 79 50
114 79 50
114 79 50
114 79 50
114 79 50
113 79 50
113 79 50
113 79 50
113 79 50
113 79 50
113 79 50
113 79 50
113 79 50
113 79 50
113 79 50
113 79 50
113 79 50
113 79 50
113 79 50
113 79 50
113 79 50
113 79 50
113 79 50
113 79 50
113 79 50
113 79 50
113 79 50
113 79 50
113 79 50
113 79 50
113 79 50
113 79 50
113 79 50
113 79 50
112 79 50
112 79 50
112 79 50
112 79 50
112 79 50
112 79 50
112 79 50
112 79 50
112 79 50
112 79 50
112 79 50
112 79 50
112 79 50
112 79 50
112 79 50
112 79 50
112 79 50
112 79 50
112 79 50
112 79 50
112 79 50
112 79 50
112 79 50
112 79 50
112 79 50
111 79 50
111 79 50
111 79 50
111 79 50
111 79 50
111 79 50
111 79 50
111 79 50
111 79 50
111 79 50
111 79 50
111 79 50
111 79 50
111 79 50
111 79 50
111 79 50
111 79 50
111 79 50
111 79 50
111 79 50
111 79 50
110 79 50
110 79 50
110 79 50
110 79 50
110 79 50
110 79 50
110 79 50
110 79 50
110 79 50
110 79 50
110 79 50
110 79 50
110 79 50
110 79 50
110 79 50
110 79 50
110 79 50
110 79 50
109 79 50
109 79 50
109 79 50
109 79 50
109 79 50
109 79 50
109 79 50
109 79 50
109 79 50
109 79 50
109 79 50
109 79 50
109 79 50
109 79 50
108 79 50
108 79 50
108 79 50
108 79 50
108 79 50
108 79 50
108 79 50
108 79 50
108 79 50
108 79 50
107 79 50
107 79 50
107 79 50
107 79 50
107 79 50
107 79 50
107 79 50
107 79 50
106 79 50
106 79 50
106 79 50
106 79 50
106 79 50
106 79 50
105 79 50
105 79 50
105 79 50
105 79 50
104 79 50
104 79 50
104 79 50
103 79 50
103 79 50
103 79 50
102 79 50
102 79 50
101 79 50
101 79 50
100 79 50
100 79 50
99 79 50
99 79 50
99 79 50
98 79 50
98 79 50
98 79 50
97 79 50
97 79 50
97 79 50
96 79 50
96 79 50
96 79 50
95 79 50
95 79 50
95 79 50
94 79 50
94 79 50
94 79 50
94 79 50
93 79 50
93 79 50
93 79 50
93 79 50
92 79 50
92 79 50
92 79 50
92 79 50
92 79 50
91 79 50
91 79 50
91 79 50
91 79 50
91 79 50
91 79 50
90 79 50
90 79 50
90 79 50
90 79 50
90 79 50
90 79 50
90 79 50
89 79 50
89 79 50
89 79 50
89 79 50
89 79 50
89 79 50
89 79 50
89 79 50
89 79 50
89 79 50
88 79 50
88 79 50
88 79 50
88 79 50
88 79 50
88 79 50
88 79 50
88 79 50
88 79 50
88 79 50
88 79 50
88 79 50
87 79 50
87 79 50
87 79 50
87 79 50
87 79 50
87 79 50
87 79 50
87 79 50
87 79 50
87 79 50
87 79 50
87 79 50
87 79 50
87 79 50
87 79 50
86 79 50
86 79 50
86 79 50
86 79 50
86 79 50
86 79 50
86 79 50
86 79 50
86 79 50
86 79 50
86 79 50
86 79 50
86 79 50
86 79 50
86 79 50
86 79 50
86 79 50
85 79 50
85 79 50
85 79 50
85 79 50
85 79 50
85 79 50
85 79 50
85 79 50
85 79 50
85 79 50
85 79 50
85 79 50
85 79 50
85 79 50
85 79 50
85 79 50
85 79 50
85 79 50
84 79 50
84 79 50
84 79 50
84 79 50
84 79 50
84 79 50
84 79 50
84 79 50
84 79 50
84 79 50
84 79 50
84 79 50
84 79 50
84 79 50
84 79 50
84 79 50
84 79 50
84 79 50
83 79 50
83 79 50
83 79 50
83 79 50
83 79 50
83 79 50
83 79 50
83 79 50
83 79 50
83 79 50
83 79 50
83 79 50
83 79 50
83 79 50
83 79 50
83 79 50
83 79 50
82 79 50
82 79 50
82 79 50
82 79 50
82 79 50
82 79 50
82 79 50
82 79 50
82 79 50
82 79 50
82 79 50
82 79 50
82 79 50
82 79 50
82 79 50
82 79 50
81 79 50
81 79 50
81 79 50
81 79 50
81 79 50
81 79 50
81 79 50
81 79 50
81 79 50
81 79 50
81 79 50
81 79 50
81 79 50
81 79 50
80 79 50
80 79 50
80 79 50
80 79 50
80 79 50
80 79 50
80 79 50
80 79 50
80 79 50
80 79 50
80 79 50
80 79 50
79 79 50
79 79 50
79 79 50
79 79 50
79 79 50
79 79 50
79 79 50
79 79 50
79 79 50
79 79 50
79 79 50
78 79 50
78 79 50
78 79 50
78 79 50
78 79 50
78 79 50
78 79 50
78 79 50
78 79 50
77 79 50
77 79 50
77 79 50
77 79 50
77 79 50
77 79 50
77 79 50
77 79 50
76 79 50
76 79 50
76 79 50
76 79 50
76 79 50
76 79 50
76 79 50
75 79 50
75 79 50
75 79 50
75 79 50
75 79 50
75 79 50
75 79 50
74 79 50
74 79 50
74 79 50
74 79 50
74 79 50
74 79 50
73 79 50
73 79 50
73 79 50
73 79 50
73 79 50
72 79 50
72 79 50
72 79 50
72 79 50
71 79 50
71 79 50
71 79 50
70 79 50
70 79 50
69 79 50
68 79 50
67 79 50
89 78 50
89 78 50
89 78 50
89 78 50
89 78 50
89 78 50
89 78 50
89 78 50
89 77 50
89 77 50
89 77 50
89 77 50
89 77 50
89 77 50
89 77 50
89 77 50
89 76 50
89 76 50
89 76 50
89 76 50
89 76 50
89 76 50
89 76 50
89 75 50
89 75 50
89 75 50
89 75 50
89 75 50
89 75 50
89 75 50
89 74 50
89 74 50
89 74 50
89 74 50
89 74 50
89 74 50
89 73 50
89 73 50
89 73 50
89 73 50
89 73 50
89 73 50
89 72 50
89 72 50
89 72 50
89 72 50
89 72 50
89 71 50
89 71 50
89 71 50
89 71 50
89 71 50
89 70 50
89 70 50
89 70 50
89 70 50
89 69 50
89 69 50
89 69 50
89 69 50
89 69 50
89 68 50
89 68 50
89 68 50
89 68 50
89 68 50
89 67 50
89 67 50
89 67 50
89 67 50
89 67 50
89 67 50
89 66 50
89 66 50
89 66 50
89 66 50
89 66 50
89 66 50
89 66 50
89 65 50
89 65 50
89 65 50
89 65 50
89 65 50
89 65 50
89 65 50
89 65 50
89 65 50
89 64 50
89 64 50
89 64 50
89 64 50
89 64 50
89 64 50
89 64 50
89 64 50
89 64 50
89 64 50
89 64 50
89 63 50
89 63 50
89 63 50
89 63 50
89 63 50
89 63 50
89 63 50
89 63 50
89 63 50
89 63 50
89 63 50
89 63 50
89 63 50
89 63 50
89 62 50
89 62 50
89 62 50
89 62 50
89 62 50
89 62 50
89 62 50
89 62 50
89 62 50
89 62 50
89 62 50
89 62 50
89 62 50
89 62 50
89 62 50
89 62 50
89 62 50
89 62 50
89 61 50
89 61 50
89 61 50
89 61 50
89 61 50
89 61 50
89 61 50
89 61 50
89 61 50
89 61 50
89 61 50
89 61 50
89 61 50
89 61 50
89 61 50
89 61 50
89 61 50
89 61 50
89 61 50
89 61 50
89 61 50
89 60 50
89 60 50
89 60 50
89 60 50
89 60 50
89 60 50
89 60 50
89 60 50
89 60 50
89 60 50
89 60 50
89 60 50
89 60 50
89 60 50
89 60 50
89 60 50
89 60 50
89 60 50
89 60 50
89 60 50
89 60 50
89 60 50
89 60 50
89 59 50
89 59 50
89 59 50
89 59 50
89 59 50
89 59 50
89 59 50
89 59 50
89 59 50
89 59 50
89 59 50
89 59 50
89 59 50
89 59 50
89 59 50
89 59 50
89 59 50
89 59 50
89 59 50
89 59 50
89 59 50
89 59 50
89 59 50
89 59 50
89 58 50
89 58 50
89 58 50
89 58 50
89 58 50
89 58 50
89 58 50
89 58 50
89 58 50
89 58 50
89 58 50
89 58 50
89 58 50
89 58 50
89 58 50
89 58 50
89 58 50
89 58 50
89 58 50
89 58 50
89 58 50
89 58 50
89 58 50
89 57 50
89 57 50
89 57 50
89 57 50
89 57 50
89 57 50
89 57 50
89 57 50
89 57 50
89 57 50
89 57 50
89 57 50
89 57 50
89 57 50
89 57 50
89 57 50
89 57 50
89 57 50
89 57 50
89 57 50
89 56 50
89 56 50
89 56 50
89 56 50
89 56 50
89 56 50
89 56 50
89 56 50
89 56 50
89 56 50
89 56 50
89 56 50
89 56 50
89 56 50
89 56 50
89 56 50
89 56 50
89 55 50
89 55 50
89 55 50
89 55 50
89 55 50
89 55 50
89 55 50
89 55 50
89 55 50
89 55 50
89 55 50
89 55 50
89 55 50
89 54 50
89 54 50
89 54 50
89 54 50
89 54 50
89 54 50
89 54 50
89 54 50
89 54 50
89 54 50
89 53 50
89 53 50
89 53 50
89 53 50
89 53 50
89 53 50
89 53 50
89 53 50
89 52 50
89 52 50
89 52 50
89 52 50
89 52 50
89 52 50
89 51 50
89 51 50
89 51 50
89 51 50
89 50 50
89 50 50
89 50 50
89 49 50
89 49 50
89 48 50
89 48 50
89 47 50
88 47 50
87 47 50
86 47 50
85 47 50
84 47 50
83 47 50
82 47 50
81 47 50
80 47 50
80 47 50
79 47 50
79 47 50
78 47 50
78 47 50
78 47 50
77 47 50
77 47 50
77 47 50
76 47 50
76 47 50
76 47 50
76 47 50
75 47 50
75 47 50
75 47 50
75 47 50
75 47 50
74 47 50
74 47 50
74 47 50
74 47 50
74 47 50
74 47 50
73 47 50
73 47 50
73 47 50
73 47 50
73 47 50
73 47 50
73 47 50
72 47 50
72 47 50
72 47 50
72 47 50
72 47 50
72 47 50
72 47 50
72 47 50
72 47 50
71 47 50
71 47 50
71 47 50
71 47 50
71 47 50
71 47 50
71 47 50
71 47 50
71 47 50
71 47 50
71 47 50
71 47 50
70 47 50
70 47 50
70 47 50
70 47 50
70 47 50
70 47 50
70 47 50
70 47 50
70 47 50
70 47 50
70 47 50
70 47 50
70 47 50
70 47 50
70 47 50
69 47 50
69 47 50
69 47 50
69 47 50
69 47 50
69 47 50
69 47 50
69 47 50
69 47 50
69 47 50
69 47 50
69 47 50
69 47 50
69 47 50
69 47 50
69 47 50
69 47 50
69 47 50
69 47 50
68 47 50
68 47 50
68 47 50
68 47 50
68 47 50
68 47 50
68 47 50
68 47 50
68 47 50
68 47 50
68 47 50
68 47 50
68 47 50
68 47 50
68 47 50
68 47 50
68 47 50
68 47 50
68 47 50
68 47 50
68 47 50
68 47 50
68 47 50
68 47 50
67 47 50
67 47 50
67 47 50
67 47 50
67 47 50
67 47 50
67 47 50
67 47 50
67 47 50
67 47 50
67 47 50
67 47 50
67 47 50
67 47 50
67 47 50
67 47 50
67 47 50
67 47 50
67 47 50
67 47 50
67 47 50
67 47 50
67 47 50
67 47 50
67 47 50
67 47 50
67 47 50
67 47 50
67 47 50
67 47 50
66 47 50
66 47 50
66 47 50
66 47 50
66 47 50
66 47 50
66 47 50
66 47 50
66 47 50
66 47 50
66 47 50
66 47 50
66 47 50
66 47 50
66 47 50
66 47 50
66 47 50
66 47 50
66 47 50
66 47 50
66 47 50
66 47 50
66 47 50
66 47 50
66 47 50
66 47 50
66 47 50
66 47 50
66 47 50
66 47 50
66 47 50
66 47 50
66 47 50
66 47 50
66 47 50
66 47 50
66 47 50
65 47 50
65 47 50
65 47 50
65 47 50
65 47 50
65 47 50
65 47 50
65 47 50
65 47 50
65 47 50
65 47 50
65 47 50
65 47 50
65 47 50
65 47 50
65 47 50
65 47 50
65 47 50
65 47 50
65 47 50
65 47 50
65 47 50
65 47 50
65 47 50
65 47 50
65 47 50
65 47 50
65 47 50
65 47 50
65 47 50
65 47 50
65 47 50
65 47 50
65 47 50
65 47 50
65 47 50
65 47 50
65 47 50
65 47 50
65 47 50
65 47 50
65 47 50
65 47 50
64 47 50
64 47 50
64 47 50
64 47 50
64 47 50
64 47 50
64 47 50
64 47 50
64 47 50
64 47 50
64 47 50
64 47 50
64 47 50
64 47 50
64 47 50
64 47 50
64 47 50
64 47 50
64 47 50
64 47 50
64 47 50
64 47 50
64 47 50
64 47 50
64 47 50
64 47 50
64 47 50
64 47 50
64 47 50
64 47 50
64 47 50
64 47 50
64 47 50
64 47 50
64 47 50
64 47 50
64 47 50
64 47 50
64 47 50
64 47 50
64 47 50
64 47 50
64 47 50
64 47 50
64 47 50
64 47 50
64 47 50
63 47 50
63 47 50
63 47 50
63 47 50
63 47 50
63 47 50
63 47 50
63 47 50
63 47 50
63 47 50
63 47 50
63 47 50
63 47 50
63 47 50
63 47 50
63 47 50
63 47 50
63 47 50
63 47 50
63 47 50
63 47 50
63 47 50
63 47 50
63 47 50
63 47 50
63 47 50
63 47 50
63 47 50
63 47 50
63 47 50
63 47 50
63 47 50
63 47 50
63 47 50
63 47 50
63 47 50
63 47 50
63 47 50
63 47 50
63 47 50
63 47 50
63 47 50
63 47 50
63 47 50
63 47 50
63 47 50
63 47 50
63 47 50
63 47 50
63 47 50
62 47 50
62 47 50
62 47 50
62 47 50
62 47 50
62 47 50
62 47 50
62 47 50
62 47 50
62 47 50
62 47 50
62 47 50
62 47 50
62 47 50
62 47 50
62 47 50
62 47 50
62 47 50
62 47 50
62 47 50
62 47 50
62 47 50
62 47 50
62 47 50
62 47 50
62 47 50
62 47 50
62 47 50
62 47 50
62 47 50
62 47 50
62 47 50
62 47 50
62 47 50
62 47 50
62 47 50
62 47 50
62 47 50
62 47 50
62 47 50
62 47 50
62 47 50
62 47 50
62 47 50
62 47 50
62 47 50
62 47 50
62 47 50
62 47 50
62 47 50
62 47 50
61 47 50
61 47 50
61 47 50
61 47 50
61 47 50
61 47 50
61 47 50
61 47 50
61 47 50
61 47 50
61 47 50
61 47 50
61 47 50
61 47 50
61 47 50
61 47 50
61 47 50
61 47 50
61 47 50
61 47 50
61 47 50
61 47 50
61 47 50
61 47 50
61 47 50
61 47 50
61 47 50
61 47 50
61 47 50
61 47 50
61 47 50
61 47 50
61 47 50
61 47 50
61 47 50
61 47 50
61 47 50
61 47 50
61 47 50
61 47 50
61 47 50
61 47 50
61 47 50
61 47 50
61 47 50
61 47 50
61 47 50
61 47 50
61 47 50
61 47 50
60 47 50
60 47 50
60 47 50
60 47 50
60 47 50
60 47 50
60 47 50
60 47 50
60 47 50
60 47 50
60 47 50
60 47 50
60 47 50
60 47 50
60 47 50
60 47 50
60 47 50
60 47 50
60 47 50
60 47 50
60 47 50
60 47 50
60 47 50
60 47 50
60 47 50
60 47 50
60 47 50
60 47 50
60 47 50
60 47 50
60 47 50
60 47 50
60 47 50
60 47 50
60 47 50
60 47 50
60 47 50
60 47 50
60 47 50
60 47 50
60 47 50
60 47 50
60 47 50
60 47 50
60 47 50
59 47 50
59 47 50
59 47 50
59 47 50
59 47 50
59 47 50
59 47 50
59 47 50
59 47 50
59 47 50
59 47 50
59 47 50
59 47 50
59 47 50
59 47 50
59 47 50
59 47 50
59 47 50
59 47 50
59 47 50
59 47 50
59 47 50
59 47 50
59 47 50
59 47 50
59 47 50
59 47 50
59 47 50
59 47 50
59 47 50
59 47 50
59 47 50
59 47 50
59 47 50
59 47 50
59 47 50
59 47 50
59 47 50
59 47 50
58 47 50
58 47 50
58 47 50
58 47 50
58 47 50
58 47 50
58 47 50
58 47 50
58 47 50
58 47 50
58 47 50
58 47 50
58 47 50
58 47 50
58 47 50
58 47 50
58 47 50
58 47 50
58 47 50
58 47 50
58 47 50
58 47 50
58 47 50
58 47 50
58 47 50
58 47 50
58 47 50
58 47 50
58 47 50
58 47 50
58 47 50
57 47 50
57 47 50
57 47 50
57 47 50
57 47 50
57 47 50
57 47 50
57 47 50
57 47 50
57 47 50
57 47 50
57 47 50
57 47 50
57 47 50
57 47 50
57 47 50
57 47 50
57 47 50
57 47 50
57 47 50
57 47 50
57 47 50
57 47 50
56 47 50
56 47 50
56 47 50
56 47 50
56 47 50
56 47 50
56 47 50
56 47 50
56 47 50
56 47 50
56 47 50
56 47 50
56 47 50
56 47 50
56 47 50
56 47 50
55 47 50
55 47 50
55 47 50
55 47 50
55 47 50
55 47 50
55 47 50
55 47 50
55 47 50
55 47 50
55 47 50
54 47 50
54 47 50
54 47 50
54 47 50
54 47 50
54 47 50
54 47 50
54 47 50
53 47 50
53 47 50
53 47 50
53 47 50
53 47 50
53 47 50
52 47 50
52 47 50
52 47 50
52 47 50
51 47 50
51 47 50
51 47 50
50 47 50
50 47 50
50 47 50
49 47 50
49 47 50
49 47 50
48 47 50
48 47 50
48 47 50
47 47 50
47 47 50
46 47 50
46 47 50
45 47 50
45 47 50
44 47 50
44 47 50
43 47 50
43 47 50
42 47 50
42 47 50
41 47 50
40 47 50
40 46 50
40 45 50
40 44 50
40 43 50
40 42 50
40 41 50
40 40 50
88 80 50
88 80 50
88 80 50
88 80 50
88 80 50
88 80 50
88 80 50
88 80 50
88 80 50
88 80 50
88 80 50
88 80 50
88 80 50
88 80 50
88 80 50
88 81 50
88 81 50
88 81 50
88 81 50
88 81 50
88 81 50
88 81 50
88 81 50
88 81 50
88 81 50
88 81 50
88 81 50
88 81 50
88 81 50
88 81 50
88 81 50
88 81 50
88 81 50
88 82 50
88 82 50
88 82 50
88 82 50
88 82 50
88 82 50
88 82 50
88 82 50
88 82 50
88 82 50
88 82 50
88 82 50
88 82 50
88 82 50
88 82 50
88 82 50
88 82 50
88 82 50
88 82 50
88 82 50
88 82 50
88 82 50
88 82 50
88 83 50
88 83 50
88 83 50
88 83 50
88 83 50
88 83 50
88 83 50
88 83 50
88 83 50
88 83 50
88 83 50
88 83 50
88 83 50
88 83 50
88 83 50
88 83 50
88 83 50
88 83 50
88 83 50
88 83 50
88 83 50
88 83 50
88 83 50
88 83 50
88 83 50
88 83 50
88 83 50
88 83 50
88 83 50
88 84 50
88 84 50
88 84 50
88 84 50
88 84 50
88 84 50
88 84 50
88 84 50
88 84 50
88 84 50
88 84 50
88 84 50
88 84 50
88 84 50
88 84 50
88 84 50
88 84 50
88 84 50
88 84 50
88 84 50
88 84 50
88 84 50
88 84 50
88 84 50
88 84 50
88 84 50
88 84 50
88 84 50
88 84 50
88 84 50
88 84 50
88 84 50
88 84 50
88 84 50
88 84 50
88 84 50
88 84 50
88 85 50
88 85 50
88 85 50
88 85 50
88 85 50
88 85 50
88 85 50
88 85 50
88 85 50
88 85 50
88 85 50
88 85 50
88 85 50
88 85 50
88 85 50
88 85 50
88 85 50
88 85 50
88 85 50
88 85 50
88 85 50
88 85 50
88 85 50
88 85 50
88 85 50
88 85 50
88 85 50
88 85 50
88 85 50
88 85 50
88 85 50
88 85 50
88 85 50
88 85 50
88 85 50
88 85 50
88 85 50
88 85 50
88 85 50
88 85 50
88 85 50
88 85 50
88 85 50
88 85 50
88 85 50
88 86 50
88 86 50
88 86 50
88 86 50
88 86 50
88 86 50
88 86 50
88 86 50
88 86 50
88 86 50
88 86 50
88 86 50
88 86 50
88 86 50
88 86 50
88 86 50
88 86 50
88 86 50
88 86 50
88 86 50
88 86 50
88 86 50
88 86 50
88 86 50
88 86 50
88 86 50
88 86 50
88 86 50
88 86 50
88 86 50
88 86 50
88 86 50
88 86 50
88 86 50
88 86 50
88 86 50
88 86 50
88 86 50
88 86 50
88 86 50
88 86 50
88 86 50
88 86 50
88 86 50
88 86 50
88 86 50
88 86 50
88 86 50
88 86 50
88 86 50
88 86 50
88 86 50
88 86 50
88 87 50
88 87 50
88 87 50
88 87 50
88 87 50
88 87 50
88 87 50
88 87 50
88 87 50
88 87 50
88 87 50
88 87 50
88 87 50
88 87 50
88 87 50
88 87 50
88 87 50
88 87 50
88 87 50
88 87 50
88 87 50
88 87 50
88 87 50
88 87 50
88 87 50
88 87 50
88 87 50
88 87 50
88 87 50
88 87 50
88 87 50
88 87 50
88 87 50
88 87 50
88 87 50
88 87 50
88 87 50
88 87 50
88 87 50
88 87 50
88 87 50
88 87 50
88 87 50
88 87 50
88 87 50
88 87 50
88 87 50
88 87 50
88 87 50
88 87 50
88 87 50
88 87 50
88 87 50
88 87 50
88 87 50
88 87 50
88 87 50
88 87 50
88 87 50
88 88 50
88 88 50
88 88 50
88 88 50
88 88 50
88 88 50
88 88 50
88 88 50
88 88 50
88 88 50
88 88 50
88 88 50
88 88 50
88 88 50
88 88 50
88 88 50
88 88 50
88 88 50
88 88 50
88 88 50
88 88 50
88 88 50
88 88 50
88 88 50
88 88 50
88 88 50
88 88 50
88 88 50
88 88 50
88 88 50
88 88 50
88 88 50
88 88 50
88 88 50
88 88 50
88 88 50
88 88 50
88 88 50
88 88 50
88 88 50
88 88 50
88 88 50
88 88 50
88 88 50
88 88 50
88 88 50
88 88 50
88 88 50
88 88 50
88 88 50
88 88 50
88 88 50
88 88 50
88 88 50
88 88 50
88 88 50
88 88 50
88 88 50
88 88 50
88 88 50
88 88 50
88 88 50
88 88 50
88 88 50
88 89 50
88 89 50
88 89 50
88 89 50
88 89 50
88 89 50
88 89 50
88 89 50
88 89 50
88 89 50
88 89 50
88 89 50
88 89 50
88 89 50
88 89 50
88 89 50
88 89 50
88 89 50
88 89 50
88 89 50
88 89 50
88 89 50
88 89 50
88 89 50
88 89 50
88 89 50
88 89 50
88 89 50
88 89 50
88 89 50
88 89 50
88 89 50
88 89 50
88 89 50
88 89 50
88 89 50
88 89 50
88 89 50
88 89 50
88 89 50
88 89 50
88 89 50
88 89 50
88 89 50
88 89 50
88 89 50
88 89 50
88 89 50
88 89 50
88 89 50
88 89 50
88 89 50
88 89 50
88 89 50
88 89 50
88 89 50
88 89 50
88 89 50
88 89 50
88 89 50
88 89 50
88 89 50
88 89 50
88 89 50
88 89 50
88 89 50
88 89 50
88 89 50
88 90 50
88 90 50
88 90 50
88 90 50
88 90 50
88 90 50
88 90 50
88 90 50
88 90 50
88 90 50
88 90 50
88 90 50
88 90 50
88 90 50
88 90 50
88 90 50
88 90 50
88 90 50
88 90 50
88 90 50
88 90 50
88 90 50
88 90 50
88 90 50
88 90 50
88 90 50
88 90 50
88 90 50
88 90 50
88 90 50
88 90 50
88 90 50
88 90 50
88 90 50
88 90 50
88 90 50
88 90 50
88 90 50
88 90 50
88 90 50
88 90 50
88 90 50
88 90 50
88 90 50
88 90 50
88 90 50
88 90 50
88 90 50
88 90 50
88 90 50
88 90 50
88 90 50
88 90 50
88 90 50
88 90 50
88 90 50
88 90 50
88 90 50
88 90 50
88 90 50
88 90 50
88 90 50
88 90 50
88 90 50
88 90 50
88 90 50
88 90 50
88 90 50
88 90 50
88 90 50
88 91 50
88 91 50
88 91 50
88 91 50
88 91 50
88 91 50
88 91 50
88 91 50
88 91 50
88 91 50
88 91 50
88 91 50
88 91 50
88 91 50
88 91 50
88 91 50
88 91 50
88 91 50
88 91 50
88 91 50
88 91 50
88 91 50
88 91 50
88 91 50
88 91 50
88 91 50
88 91 50
88 91 50
88 91 50
88 91 50
88 91 50
88 91 50
88 91 50
88 91 50
88 91 50
88 91 50
88 91 50
88 91 50
88 91 50
88 91 50
88 91 50
88 91 50
88 91 50
88 91 50
88 91 50
88 91 50
88 91 50
88 91 50
88 91 50
88 91 50
88 91 50
88 91 50
88 91 50
88 91 50
88 91 50
88 91 50
88 91 50
88 91 50
88 91 50
88 91 50
88 91 50
88 91 50
88 91 50
88 91 50
88 91 50
88 91 50
88 91 50
88 91 50
88 91 50
88 91 50
88 91 50
88 91 50
88 91 50
88 92 50
88 92 50
88 92 50
88 92 50
88 92 50
88 92 50
88 92 50
88 92 50
88 92 50
88 92 50
88 92 50
88 92 50
88 92 50
88 92 50
88 92 50
88 92 50
88 92 50
88 92 50
88 92 50
88 92 50
88 92 50
88 92 50
88 92 50
88 92 50
88 92 50
88 92 50
88 92 50
88 92 50
88 92 50
88 92 50
88 92 50
88 92 50
88 92 50
88 92 50
88 92 50
88 92 50
88 92 50
88 92 50
88 92 50
88 92 50
88 92 50
88 92 50
88 92 50
88 92 50
88 92 50
88 92 50
88 92 50
88 92 50
88 92 50
88 92 50
88 92 50
88 92 50
88 92 50
88 92 50
88 92 50
88 92 50
88 92 50
88 92 50
88 92 50
88 92 50
88 92 50
88 92 50
88 92 50
88 92 50
88 92 50
88 92 50
88 92 50
88 92 50
88 92 50
88 92 50
88 92 50
88 92 50
88 92 50
88 92 50
88 92 50
88 93 50
88 93 50
88 93 50
88 93 50
88 93 50
88 93 50
88 93 50
88 93 50
88 93 50
88 93 50
88 93 50
88 93 50
88 93 50
88 93 50
88 93 50
88 93 50
88 93 50
88 93 50
88 93 50
88 93 50
88 93 50
88 93 50
88 93 50
88 93 50
88 93 50
88 93 50
88 93 50
88 93 50
88 93 50
88 93 50
88 93 50
88 93 50
88 93 50
88 93 50
88 93 50
88 93 50
88 93 50
88 93 50
88 93 50
88 93 50
88 93 50
88 93 50
88 93 50
88 93 50
88 93 50
88 93 50
88 93 50
88 93 50
88 93 50
88 93 50
88 93 50
88 93 50
88 93 50
88 93 50
88 93 50
88 93 50
88 93 50
88 93 50
88 93 50
88 93 50
88 93 50
88 93 50
88 93 50
88 93 50
88 93 50
88 93 50
88 93 50
88 93 50
88 93 50
88 93 50
88 93 50
88 93 50
88 93 50
88 93 50
88 93 50
88 93 50
88 93 50
88 94 50
88 94 50
88 94 50
88 94 50
88 94 50
88 94 50
88 94 50
88 94 50
88 94 50
88 94 50
88 94 50
88 94 50
88 94 50
88 94 50
88 94 50
88 94 50
88 94 50
88 94 50
88 94 50
88 94 50
88 94 50
88 94 50
88 94 50
88 94 50
88 94 50
88 94 50
88 94 50
88 94 50
88 94 50
88 94 50
88 94 50
88 94 50
88 94 50
88 94 50
88 94 50
88 94 50
88 94 50
88 94 50
88 94 50
88 94 50
88 94 50
88 94 50
88 94 50
88 94 50
88 94 50
88 94 50
88 94 50
88 94 50
88 94 50
88 94 50
88 94 50
88 94 50
88 94 50
88 94 50
88 94 50
88 94 50
88 94 50
88 94 50
88 94 50
88 94 50
88 94 50
88 94 50
88 94 50
88 94 50
88 94 50
88 94 50
88 94 50
88 94 50
88 94 50
88 94 50
88 94 50
88 94 50
88 94 50
88 94 50
88 94 50
88 94 50
88 94 50
88 94 50
88 94 50
88 95 50
88 95 50
88 95 50
88 95 50
88 95 50
88 95 50
88 95 50
88 95 50
88 95 50
88 95 50
88 95 50
88 95 50
88 95 50
88 95 50
88 95 50
88 95 50
88 95 50
88 95 50
88 95 50
88 95 50
88 95 50
88 95 50
88 95 50
88 95 50
88 95 50
88 95 50
88 95 50
88 95 50
88 95 50
88 95 50
88 95 50
88 95 50
88 95 50
88 95 50
88 95 50
88 95 50
88 95 50
88 95 50
88 95 50
88 95 50
88 95 50
88 95 50
88 95 50
88 95 50
88 95 50
88 95 50
88 95 50
88 95 50
88 95 50
88 95 50
88 95 50
88 95 50
88 95 50
88 95 50
88 95 50
88 95 50
88 95 50
88 95 50
88 95 50
88 95 50
88 95 50
88 95 50
88 95 50
88 95 50
88 95 50
88 95 50
88 95 50
88 95 50
88 95 50
88 95 50
88 95 50
88 95 50
88 95 50
88 95 50
88 95 50
88 95 50
88 95 50
88 95 50
88 95 50
88 95 50
88 96 50
88 96 50
88 96 50
88 96 50
88 96 50
88 96 50
88 96 50
88 96 50
88 96 50
88 96 50
88 96 50
88 96 50
88 96 50
88 96 50
88 96 50
88 96 50
88 96 50
88 96 50
88 96 50
88 96 50
88 96 50
88 96 50
88 96 50
88 96 50
88 96 50
88 96 50
88 96 50
88 96 50
88 96 50
88 96 50
88 96 50
88 96 50
88 96 50
88 96 50
88 96 50
88 96 50
88 96 50
88 96 50
88 96 50
88 96 50
88 96 50
88 96 50
88 96 50
88 96 50
88 96 50
88 96 50
88 96 50
88 96 50
88 96 50
88 96 50
88 96 50
88 96 50
88 96 50
88 96 50
88 96 50
88 96 50
88 96 50
88 96 50
88 96 50
88 96 50
88 96 50
88 96 50
88 96 50
88 96 50
88 96 50
88 96 50
88 96 50
88 96 50
88 96 50
88 96 50
88 96 50
88 96 50
88 96 50
88 96 50
88 96 50
88 96 50
88 96 50
88 96 50
88 96 50
88 97 50
88 97 50
88 97 50
88 97 50
88 97 50
88 97 50
88 97 50
88 97 50
88 97 50
88 97 50
88 97 50
88 97 50
88 97 50
88 97 50
88 97 50
88 97 50
88 97 50
88 97 50
88 97 50
88 97 50
88 97 50
88 97 50
88 97 50
88 97 50
88 97 50
88 97 50
88 97 50
88 97 50
88 97 50
88 97 50
88 97 50
88 97 50
88 97 50
88 97 50
88 97 50
88 97 50
88 97 50
88 97 50
88 97 50
88 97 50
88 97 50
88 97 50
88 97 50
88 97 50
88 97 50
88 97 50
88 97 50
88 97 50
88 97 50
88 97 50
88 97 50
88 97 50
88 97 50
88 97 50
88 97 50
88 97 50
88 97 50
88 97 50
88 97 50
88 97 50
88 97 50
88 97 50
88 97 50
88 97 50
88 97 50
88 97 50
88 97 50
88 97 50
88 97 50
88 97 50
88 97 50
88 97 50
88 97 50
88 97 50
88 97 50
88 97 50
88 97 50
88 97 50
88 98 50
88 98 50
88 98 50
88 98 50
88 98 50
88 98 50
88 98 50
88 98 50
88 98 50
88 98 50
88 98 50
88 98 50
88 98 50
88 98 50
88 98 50
88 98 50
88 98 50
88 98 50
88 98 50
88 98 50
88 98 50
88 98 50
88 98 50
88 98 50
88 98 50
88 98 50
88 98 50
88 98 50
88 98 50
88 98 50
88 98 50
88 98 50
88 98 50
88 98 50
88 98 50
88 98 50
88 98 50
88 98 50
88 98 50
88 98 50
88 98 50
88 98 50
88 98 50
88 98 50
88 98 50
88 98 50
88 98 50
88 98 50
88 98 50
88 98 50
88 98 50
88 98 50
88 98 50
88 98 50
88 98 50
88 98 50
88 98 50
88 98 50
88 98 50
88 98 50
88 98 50
88 98 50
88 98 50
88 98 50
88 98 50
88 98 50
88 98 50
88 98 50
88 98 50
88 98 50
88 98 50
88 98 50
88 98 50
88 98 50
88 98 50
88 99 50
88 99 50
88 99 50
88 99 50
88 99 50
88 99 50
88 99 50
88 99 50
88 99 50
88 99 50
88 99 50
88 99 50
88 99 50
88 99 50
88 99 50
88 99 50
88 99 50
88 99 50
88 99 50
88 99 50
88 99 50
88 99 50
88 99 50
88 99 50
88 99 50
88 99 50
88 99 50
88 99 50
88 99 50
88 99 50
88 99 50
88 99 50
88 99 50
88 99 50
88 99 50
88 99 50
88 99 50
88 99 50
88 99 50
88 99 50
88 99 50
88 99 50
88 99 50
88 99 50
88 99 50
88 99 50
88 99 50
88 99 50
88 99 50
88 99 50
88 99 50
88 99 50
88 99 50
88 99 50
88 99 50
88 99 50
88 99 50
88 99 50
88 99 50
88 99 50
88 99 50
88 99 50
88 99 50
88 99 50
88 99 50
88 99 50
88 99 50
88 99 50
88 99 50
88 99 50
88 100 50
88 100 50
88 100 50
88 100 50
88 100 50
88 100 50
88 100 50
88 100 50
88 100 50
88 100 50
88 100 50
88 100 50
88 100 50
88 100 50
88 100 50
88 100 50
88 100 50
88 100 50
88 100 50
88 100 50
88 100 50
88 100 50
88 100 50
88 100 50
88 100 50
88 100 50
88 100 50
88 100 50
88 100 50
88 100 50
88 100 50
88 100 50
88 100 50
88 100 50
88 100 50
88 100 50
88 100 50
88 100 50
88 100 50
88 100 50
88 100 50
88 100 50
88 100 50
88 100 50
88 100 50
88 100 50
88 100 50
88 100 50
88 100 50
88 100 50
88 100 50
88 100 50
88 100 50
88 100 50
88 100 50
88 100 50
88 100 50
88 100 50
88 100 50
88 100 50
88 100 50
88 100 50
88 101 50
88 101 50
88 101 50
88 101 50
88 101 50
88 101 50
88 101 50
88 101 50
88 101 50
88 101 50
88 101 50
88 101 50
88 101 50
88 101 50
88 101 50
88 101 50
88 101 50
88 101 50
88 101 50
88 101 50
88 101 50
88 101 50
88 101 50
88 101 50
88 101 50
88 101 50
88 101 50
88 101 50
88 101 50
88 101 50
88 101 50
88 101 50
88 101 50
88 101 50
88 101 50
88 101 50
88 101 50
88 101 50
88 101 50
88 101 50
88 101 50
88 101 50
88 101 50
88 101 50
88 101 50
88 101 50
88 101 50
88 101 50
88 101 50
88 101 50
88 101 50
88 101 50
88 101 50
88 101 50
88 102 50
88 102 50
88 102 50
88 102 50
88 102 50
88 102 50
88 102 50
88 102 50
88 102 50
88 102 50
88 102 50
88 102 50
88 102 50
88 102 50
88 102 50
88 102 50
88 102 50
88 102 50
88 102 50
88 102 50
88 102 50
88 102 50
88 102 50
88 102 50
88 102 50
88 102 50
88 102 50
88 102 50
88 102 50
88 102 50
88 102 50
88 102 50
88 102 50
88 102 50
88 102 50
88 102 50
88 102 50
88 102 50
88 102 50
88 102 50
88 102 50
88 102 50
88 102 50
88 102 50
88 102 50
88 103 50
88 103 50
88 103 50
88 103 50
88 103 50
88 103 50
88 103 50
88 103 50
88 103 50
88 103 50
88 103 50
88 103 50
88 103 50
88 103 50
88 103 50
88 103 50
88 103 50
88 103 50
88 103 50
88 103 50
88 103 50
88 103 50
88 103 50
88 103 50
88 103 50
88 103 50
88 103 50
88 103 50
88 103 50
88 103 50
88 103 50
88 103 50
88 103 50
88 103 50
88 103 50
88 103 50
88 103 50
88 104 50
88 104 50
88 104 50
88 104 50
88 104 50
88 104 50
88 104 50
88 104 50
88 104 50
88 104 50
88 104 50
88 104 50
88 104 50
88 104 50
88 104 50
88 104 50
88 104 50
88 104 50
88 104 50
88 104 50
88 104 50
88 104 50
88 104 50
88 104 50
88 104 50
88 104 50
88 104 50
88 104 50
88 104 50
88 104 50
88 105 50
88 105 50
88 105 50
88 105 50
88 105 50
88 105 50
88 105 50
88 105 50
88 105 50
88 105 50
88 105 50
88 105 50
88 105 50
88 105 50
88 105 50
88 105 50
88 105 50
88 105 50
88 105 50
88 105 50
88 105 50
88 105 50
88 105 50
88 105 50
88 105 50
88 105 50
88 106 50
88 106 50
88 106 50
88 106 50
88 106 50
88 106 50
88 106 50
88 106 50
88 106 50
88 106 50
88 106 50
88 106 50
88 106 50
88 106 50
88 106 50
88 106 50
88 106 50
88 106 50
88 106 50
88 106 50
88 106 50
88 106 50
88 107 50
88 107 50
88 107 50
88 107 50
88 107 50
88 107 50
88 107 50
88 107 50
88 107 50
88 107 50
88 107 50
88 107 50
88 107 50
88 107 50
88 107 50
88 107 50
88 107 50
88 107 50
88 107 50
88 107 50
88 108 50
88 108 50
88 108 50
88 108 50
88 108 50
88 108 50
88 108 50
88 108 50
88 108 50
88 108 50
88 108 50
88 108 50
88 108 50
88 108 50
88 108 50
88 108 50
88 108 50
88 109 50
88 109 50
88 109 50
88 109 50
88 109 50
88 109 50
88 109 50
88 109 50
88 109 50
88 109 50
88 109 50
88 109 50
88 109 50
88 109 50
88 109 50
88 110 50
88 110 50
88 110 50
88 110 50
88 110 50
88 110 50
88 110 50
88 110 50
88 110 50
88 110 50
88 110 50
88 110 50
88 110 50
88 111 50
88 111 50
88 111 50
88 111 50
88 111 50
88 111 50
88 111 50
88 111 50
88 111 50
88 111 50
88 112 50
88 112 50
88 112 50
88 112 50
88 112 50
88 112 50
88 112 50
88 113 50
88 113 50
88 113 50
88 113 50
88 114 50
88 114 50
88 114 50
88 115 50
88 115 50
88 116 50
88 117 50
88 118 50
88 119 50
88 120 50
88 121 50
88 122 50
88 123 50
88 124 50
88 125 50
88 126 50
88 127 50
88 128 50
88 129 50
88 130 50
88 131 50
88 132 50
88 133 50
88 134 50
88 135 50
88 136 50
88 137 50
88 138 50
88 139 50
88 140 50
88 141 50
88 142 50
88 143 50
88 144 50
88 145 50
88 146 50
88 146 50
88 147 50
88 147 50
88 148 50
88 148 50
88 149 50
88 149 50
88 150 50
88 150 50
88 151 50
88 151 50
88 152 50
88 152 50
88 153 50
88 153 50
88 154 50
88 154 50
88 155 50
88 155 50
88 156 50
88 157 50
88 158 50
88 159 50
88 160 50
88 161 50
88 162 50
87 162 50
86 162 50
86 163 50
86 164 50
86 165 50
86 166 50
86 167 50
86 168 50
86 169 50
86 170 50
86 171 50
86 172 50
86 172 50
86 173 50
86 173 50
86 174 50
86 174 50
86 174 50
86 175 50
86 175 50
86 175 50
86 176 50
86 176 50
86 176 50
86 176 50
86 176 50
86 177 50
86 177 50
86 177 50
86 177 50
86 177 50
86 177 50
86 177 50
86 178 50
86 178 50
86 178 50
86 178 50
86 178 50
86 178 50
86 178 50
86 178 50
86 178 50
86 178 50
86 179 50
86 179 50
86 179 50
86 179 50
86 179 50
86 179 50
86 179 50
86 179 50
86 179 50
86 179 50
86 179 50
86 179 50
86 179 50
86 180 50
86 180 50
86 180 50
86 180 50
86 180 50
86 180 50
86 180 50
86 180 50
86 180 50
86 180 50
86 180 50
86 180 50
86 180 50
86 180 50
86 180 50
86 180 50
86 181 50
86 181 50
86 181 50
86 181 50
86 181 50
86 181 50
86 181 50
86 181 50
86 181 50
86 181 50
86 181 50
86 181 50
86 181 50
86 181 50
86 181 50
86 181 50
86 181 50
86 181 50
86 182 50
86 182 50
86 182 50
86 182 50
86 182 50
86 182 50
86 182 50
86 182 50
86 182 50
86 182 50
86 182 50
86 182 50
86 182 50
86 182 50
86 182 50
86 182 50
86 182 50
86 182 50
86 182 50
86 182 50
86 183 50
86 183 50
86 183 50
86 183 50
86 183 50
86 183 50
86 183 50
86 183 50
86 183 50
86 183 50
86 183 50
86 183 50
86 183 50
86 183 50
86 183 50
86 183 50
86 183 50
86 183 50
86 183 50
86 184 50
86 184 50
86 184 50
86 184 50
86 184 50
86 184 50
86 184 50
86 184 50
86 184 50
86 184 50
86 184 50
86 184 50
86 184 50
86 184 50
86 184 50
86 184 50
86 184 50
86 184 50
86 185 50
86 185 50
86 185 50
86 185 50
86 185 50
86 185 50
86 185 50
86 185 50
86 185 50
86 185 50
86 185 50
86 185 50
86 185 50
86 185 50
86 185 50
86 185 50
86 186 50
86 186 50
86 186 50
86 186 50
86 186 50
86 186 50
86 186 50
86 186 50
86 186 50
86 186 50
86 186 50
86 186 50
86 186 50
86 186 50
86 187 50
86 187 50
86 187 50
86 187 50
86 187 50
86 187 50
86 187 50
86 187 50
86 187 50
86 187 50
86 187 50
86 187 50
86 187 50
86 188 50
86 188 50
86 188 50
86 188 50
86 188 50
86 188 50
86 188 50
86 188 50
86 188 50
86 188 50
86 188 50
86 188 50
86 189 50
86 189 50
86 189 50
86 189 50
86 189 50
86 189 50
86 189 50
86 189 50
86 189 50
86 189 50
86 189 50
86 189 50
86 190 50
86 190 50
86 190 50
86 190 50
86 190 50
86 190 50
86 190 50
86 190 50
86 190 50
86 190 50
86 190 50
86 191 50
86 191 50
86 191 50
86 191 50
86 191 50
86 191 50
86 191 50
86 191 50
86 191 50
86 191 50
86 191 50
86 192 50
86 192 50
86 192 50
86 192 50
86 192 50
86 192 50
86 192 50
86 192 50
86 192 50
86 192 50
86 193 50
86 193 50
86 193 50
86 193 50
86 193 50
86 193 50
86 193 50
86 193 50
86 193 50
86 194 50
86 194 50
86 194 50
86 194 50
86 194 50
86 194 50
86 194 50
86 195 50
86 195 50
86 195 50
86 195 50
86 195 50
86 196 50
86 196 50
86 196 50
86 196 50
86 197 50
86 197 50
86 197 50
86 198 50
86 198 50
86 199 50
86 199 50
167 176 50
168 176 50
169 176 50
170 176 50
170 176 50
171 176 50
171 176 50
171 176 50
172 176 50
172 176 50
172 176 50
172 176 50
172 176 50
173 176 50
173 176 50
173 176 50
173 176 50
173 176 50
173 176 50
173 176 50
174 176 50
174 176 50
174 176 50
174 176 50
174 176 50
174 176 50
174 176 50
174 176 50
174 176 50
174 176 50
174 176 50
175 176 50
175 176 50
175 176 50
175 176 50
175 176 50
175 176 50
175 176 50
175 176 50
175 176 50
175 176 50
175 176 50
175 176 50
175 176 50
175 176 50
175 176 50
175 176 50
176 176 50
176 176 50
176 176 50
176 176 50
176 176 50
176 176 50
176 176 50
176 176 50
176 176 50
176 176 50
176 176 50
176 176 50
176 176 50
176 176 50
176 176 50
176 176 50
176 176 50
176 176 50
176 176 50
176 176 50
176 176 50
176 176 50
176 176 50
177 176 50
177 176 50
177 176 50
177 176 50
177 176 50
177 176 50
177 176 50
177 176 50
177 176 50
177 176 50
177 176 50
177 176 50
177 176 50
177 176 50
177 176 50
177 176 50
177 176 50
177 176 50
177 176 50
177 176 50
177 176 50
177 176 50
177 176 50
177 176 50
177 176 50
177 176 50
177 176 50
177 176 50
177 176 50
178 176 50
178 176 50
178 176 50
178 176 50
178 176 50
178 176 50
178 176 50
178 176 50
178 176 50
178 176 50
178 176 50
178 176 50
178 176 50
178 176 50
178 176 50
178 176 50
178 176 50
178 176 50
178 176 50
178 176 50
178 176 50
178 176 50
178 176 50
178 176 50
178 176 50
178 176 50
178 176 50
178 176 50
178 176 50
178 176 50
178 176 50
178 176 50
178 176 50
178 176 50
178 176 50
178 176 50
179 176 50
179 176 50
179 176 50
179 176 50
179 176 50
179 176 50
179 176 50
179 176 50
179 176 50
179 176 50
179 176 50
179 176 50
179 176 50
179 176 50
179 176 50
179 176 50
179 176 50
179 176 50
179 176 50
179 176 50
179 176 50
179 176 50
179 176 50
179 176 50
179 176 50
179 176 50
179 176 50
179 176 50
179 176 50
179 176 50
179 176 50
179 176 50
179 176 50
179 176 50
179 176 50
179 176 50
179 176 50
179 176 50
179 176 50
179 176 50
179 176 50
180 176 50
180 176 50
180 176 50
180 176 50
180 176 50
180 176 50
180 176 50
180 176 50
180 176 50
180 176 50
180 176 50
180 176 50
180 176 50
180 176 50
180 176 50
180 176 50
180 176 50
180 176 50
180 176 50
180 176 50
180 176 50
180 176 50
180 176 50
180 176 50
180 176 50
180 176 50
180 176 50
180 176 50
180 176 50
180 176 50
180 176 50
180 176 50
180 176 50
180 176 50
180 176 50
180 176 50
180 176 50
180 176 50
180 176 50
180 176 50
180 176 50
180 176 50
180 176 50
180 176 50
180 176 50
181 176 50
181 176 50
181 176 50
181 176 50
181 176 50
181 176 50
181 176 50
181 176 50
181 176 50
181 176 50
181 176 50
181 176 50
181 176 50
181 176 50
181 176 50
181 176 50
181 176 50
181 176 50
181 176 50
181 176 50
181 176 50
181 176 50
181 176 50
181 176 50
181 176 50
181 176 50
181 176 50
181 176 50
181 176 50
181 176 50
181 176 50
181 176 50
181 176 50
181 176 50
181 176 50
181 176 50
181 176 50
181 176 50
181 176 50
181 176 50
181 176 50
181 176 50
181 176 50
181 176 50
181 176 50
181 176 50
181 176 50
181 176 50
182 176 50
182 176 50
182 176 50
182 176 50
182 176 50
182 176 50
182 176 50
182 176 50
182 176 50
182 176 50
182 176 50
182 176 50
182 176 50
182 176 50
182 176 50
182 176 50
182 176 50
182 176 50
182 176 50
182 176 50
182 176 50
182 176 50
182 176 50
182 176 50
182 176 50
182 176 50
182 176 50
182 176 50
182 176 50
182 176 50
182 176 50
182 176 50
182 176 50
182 176 50
182 176 50
182 176 50
182 176 50
182 176 50
182 176 50
182 176 50
182 176 50
182 176 50
182 176 50
182 176 50
182 176 50
182 176 50
182 176 50
182 176 50
182 176 50
182 176 50
182 175 2450
182 175 50
182 175 50
182 175 50
182 175 50
182 174 50
182 174 50
182 174 50
182 174 50
182 174 50
182 174 50
182 174 50
182 174 50
182 174 50
182 174 50
182 174 50
182 174 50
182 174 50
182 174 50
182 174 50
182 174 50
182 174 50
182 174 50
182 174 50
182 174 50
182 174 50
182 174 50
182 174 50
182 174 50
182 174 50
182 174 50
182 174 50
182 174 50
182 174 50
182 174 50
182 174 50
182 174 50
182 174 50
182 174 50
182 174 50
182 174 50
182 174 50
182 174 50
182 174 50
182 174 50
182 174 50
182 174 50
182 174 50
182 174 50
182 174 50
182 174 50
182 174 50
182 174 50
182 174 50
182 174 50
182 174 50
182 174 50
182 174 50
182 174 50
182 174 50
182 173 50
182 173 50
182 173 50
182 173 50
182 173 50
182 173 50
182 173 50
182 173 50
182 173 50
182 173 50
182 173 50
182 173 50
182 173 50
182 173 50
182 173 50
182 173 50
182 173 50
182 173 50
182 173 50
182 173 50
182 173 50
182 173 50
182 173 50
182 173 50
182 173 50
182 173 50
182 173 50
182 173 50
182 173 50
182 173 50
182 173 50
182 173 50
182 173 50
182 173 50
182 173 50
182 173 50
182 173 50
182 173 50
182 173 50
182 173 50
182 173 50
182 173 50
182 173 50
182 173 50
182 173 50
182 173 50
182 173 50
182 173 50
182 173 50
182 173 50
182 173 50
182 173 50
182 173 50
182 173 50
182 173 50
182 173 50
182 173 50
182 172 50
182 172 50
182 172 50
182 172 50
182 172 50
182 172 50
182 172 50
182 172 50
182 172 50
182 172 50
182 172 50
182 172 50
182 172 50
182 172 50
182 172 50
182 172 50
182 172 50
182 172 50
182 172 50
182 172 50
182 172 50
182 172 50
182 172 50
182 172 50
182 172 50
182 172 50
182 172 50
182 172 50
182 172 50
182 172 50
182 172 50
182 172 50
182 172 50
182 172 50
182 172 50
182 172 50
182 172 50
182 172 50
182 172 50
182 172 50
182 172 50
182 172 50
182 172 50
182 172 50
182 172 50
182 172 50
182 172 50
182 172 50
182 172 50
182 172 50
182 172 50
182 172 50
182 172 50
182 172 50
182 172 50
182 172 50
182 172 50
182 172 50
182 171 50
182 171 50
182 171 50
182 171 50
182 171 50
182 171 50
182 171 50
182 171 50
182 171 50
182 171 50
182 171 50
182 171 50
182 171 50
182 171 50
182 171 50
182 171 50
182 171 50
182 171 50
182 171 50
182 171 50
182 171 50
182 171 50
182 171 50
182 171 50
182 171 50
182 171 50
182 171 50
182 171 50
182 171 50
182 171 50
182 171 50
182 171 50
182 171 50
182 171 50
182 171 50
182 171 50
182 171 50
182 171 50
182 171 50
182 171 50
182 171 50
182 171 50
182 171 50
182 171 50
182 171 50
182 171 50
182 171 50
182 171 50
182 171 50
182 171 50
182 171 50
182 171 50
182 171 50
182 171 50
182 171 50
182 171 50
182 171 50
182 171 50
182 170 50
182 170 50
182 170 50
182 170 50
182 170 50
182 170 50
182 170 50
182 170 50
182 170 50
182 170 50
182 170 50
182 170 50
182 170 50
182 170 50
182 170 50
182 170 50
182 170 50
182 170 50
182 170 50
182 170 50
182 170 50
182 170 50
182 170 50
182 170 50
182 170 50
182 170 50
182 170 50
182 170 50
182 170 50
182 170 50
182 170 50
182 170 50
182 170 50
182 170 50
182 170 50
182 170 50
182 170 50
182 170 50
182 170 50
182 170 50
182 170 50
182 170 50
182 170 50
182 170 50
182 170 50
182 170 50
182 170 50
182 170 50
182 170 50
182 170 50
182 170 50
182 170 50
182 170 50
182 170 50
182 170 50
182 170 50
182 170 50
182 169 50
182 169 50
182 169 50
182 169 50
182 169 50
182 169 50
182 169 50
182 169 50
182 169 50
182 169 50
182 169 50
182 169 50
182 169 50
182 169 50
182 169 50
182 169 50
182 169 50
182 169 50
182 169 50
182 169 50
182 169 50
182 169 50
182 169 50
182 169 50
182 169 50
182 169 50
182 169 50
182 169 50
182 169 50
182 169 50
182 169 50
182 169 50
182 169 50
182 169 50
182 169 50
182 169 50
182 169 50
182 169 50
182 169 50
182 169 50
182 169 50
182 169 50
182 169 50
182 169 50
182 169 50
182 169 50
182 169 50
182 169 50
182 169 50
182 169 50
182 169 50
182 169 50
182 169 50
182 169 50
182 169 50
182 169 50
182 168 50
182 168 50
182 168 50
182 168 50
182 168 50
182 168 50
182 168 50
182 168 50
182 168 50
182 168 50
182 168 50
182 168 50
182 168 50
182 168 50
182 168 50
182 168 50
182 168 50
182 168 50
182 168 50
182 168 50
182 168 50
182 168 50
182 168 50
182 168 50
182 168 50
182 168 50
182 168 50
182 168 50
182 168 50
182 168 50
182 168 50
182 168 50
182 168 50
182 168 50
182 168 50
182 168 50
182 168 50
182 168 50
182 168 50
182 168 50
182 168 50
182 168 50
182 168 50
182 168 50
182 168 50
182 168 50
182 168 50
182 168 50
182 168 50
182 168 50
182 168 50
182 168 50
182 168 50
182 168 50
182 168 50
182 167 50
182 167 50
182 167 50
182 167 50
182 167 50
182 167 50
182 167 50
182 167 50
182 167 50
182 167 50
182 167 50
182 167 50
182 167 50
182 167 50
182 167 50
182 167 50
182 167 50
182 167 50
182 167 50
182 167 50
182 167 50
182 167 50
182 167 50
182 167 50
182 167 50
182 167 50
182 167 50
182 167 50
182 167 50
182 167 50
182 167 50
182 167 50
182 167 50
182 167 50
182 167 50
182 167 50
182 167 50
182 167 50
182 167 50
182 167 50
182 167 50
182 167 50
182 167 50
182 167 50
182 167 50
182 167 50
182 167 50
182 167 50
182 167 50
182 167 50
182 167 50
182 167 50
182 167 50
182 167 50
182 167 50
182 166 50
182 166 50
182 166 50
182 166 50
182 166 50
182 166 50
182 166 50
182 166 50
182 166 50
182 166 50
182 166 50
182 166 50
182 166 50
182 166 50
182 166 50
182 166 50
182 166 50
182 166 50
182 166 50
182 166 50
182 166 50
182 166 50
182 166 50
182 166 50
182 166 50
182 166 50
182 166 50
182 166 50
182 166 50
182 166 50
182 166 50
182 166 50
182 166 50
182 166 50
182 166 50
182 166 50
182 166 50
182 166 50
182 166 50
182 166 50
182 166 50
182 166 50
182 166 50
182 166 50
182 166 50
182 166 50
182 166 50
182 166 50
182 166 50
182 166 50
182 166 50
182 166 50
182 166 50
182 166 50
182 165 50
182 165 50
182 165 50
182 165 50
182 165 50
182 165 50
182 165 50
182 165 50
182 165 50
182 165 50
182 165 50
182 165 50
182 165 50
182 165 50
182 165 50
182 165 50
182 165 50
182 165 50
182 165 50
182 165 50
182 165 50
182 165 50
182 165 50
182 165 50
182 165 50
182 165 50
182 165 50
182 165 50
182 165 50
182 165 50
182 165 50
182 165 50
182 165 50
182 165 50
182 165 50
182 165 50
182 165 50
182 165 50
182 165 50
182 165 50
182 165 50
182 165 50
182 165 50
182 165 50
182 165 50
182 165 50
182 165 50
182 165 50
182 165 50
182 165 50
182 165 50
182 165 50
182 165 50
182 164 50
182 164 50
182 164 50
182 164 50
182 164 50
182 164 50
182 164 50
182 164 50
182 164 50
182 164 50
182 164 50
182 164 50
182 164 50
182 164 50
182 164 50
182 164 50
182 164 50
182 164 50
182 164 50
182 164 50
182 164 50
182 164 50
182 164 50
182 164 50
182 164 50
182 164 50
182 164 50
182 164 50
182 164 50
182 164 50
182 164 50
182 164 50
182 164 50
182 164 50
182 164 50
182 164 50
182 164 50
182 164 50
182 164 50
182 164 50
182 164 50
182 164 50
182 164 50
182 164 50
182 164 50
182 164 50
182 164 50
182 164 50
182 164 50
182 164 50
182 164 50
182 164 50
182 163 50
182 163 50
182 163 50
182 163 50
182 163 50
182 163 50
182 163 50
182 163 50
182 163 50
182 163 50
182 163 50
182 163 50
182 163 50
182 163 50
182 163 50
182 163 50
182 163 50
182 163 50
182 163 50
182 163 50
182 163 50
182 163 50
182 163 50
182 163 50
182 163 50
182 163 50
182 163 50
182 163 50
182 163 50
182 163 50
182 163 50
182 163 50
182 163 50
182 163 50
182 163 50
182 163 50
182 163 50
182 163 50
182 163 50
182 163 50
182 163 50
182 163 50
182 163 50
182 163 50
182 163 50
182 163 50
182 163 50
182 163 50
182 163 50
182 162 50
182 162 50
182 162 50
182 162 50
182 162 50
182 162 50
182 162 50
182 162 50
182 162 50
182 162 50
182 162 50
182 162 50
182 162 50
182 162 50
182 162 50
182 162 50
182 162 50
182 162 50
182 162 50
182 162 50
182 162 50
182 162 50
182 162 50
182 162 50
182 162 50
182 162 50
182 162 50
182 162 50
182 162 50
182 162 50
182 162 50
182 162 50
182 162 50
182 162 50
182 162 50
182 162 50
182 162 50
182 162 50
182 162 50
182 162 50
182 162 50
182 162 50
182 162 50
182 162 50
182 162 50
182 162 50
182 161 50
182 161 50
182 161 50
182 161 50
182 161 50
182 161 50
182 161 50
182 161 50
182 161 50
182 161 50
182 161 50
182 161 50
182 161 50
182 161 50
182 161 50
182 161 50
182 161 50
182 161 50
182 161 50
182 161 50
182 161 50
182 161 50
182 161 50
182 161 50
182 161 50
182 161 50
182 161 50
182 161 50
182 161 50
182 161 50
182 161 50
182 161 50
182 161 50
182 161 50
182 161 50
182 161 50
182 161 50
182 161 50
182 161 50
182 161 50
182 160 50
182 160 50
182 160 50
182 160 50
182 160 50
182 160 50
182 160 50
182 160 50
182 160 50
182 160 50
182 160 50
182 160 50
182 160 50
182 160 50
182 160 50
182 160 50
182 160 50
182 160 50
182 160 50
182 160 50
182 160 50
182 160 50
182 160 50
182 160 50
182 160 50
182 160 50
182 160 50
182 160 50
182 160 50
182 160 50
182 160 50
182 160 50
182 160 50
182 160 50
182 159 50
182 159 50
182 159 50
182 159 50
182 159 50
182 159 50
182 159 50
182 159 50
182 159 50
182 159 50
182 159 50
182 159 50
182 159 50
182 159 50
182 159 50
182 159 50
182 159 50
182 159 50
182 159 50
182 159 50
182 159 50
182 159 50
182 159 50
182 159 50
182 159 50
182 159 50
182 159 50
182 159 50
182 158 50
182 158 50
182 158 50
182 158 50
182 158 50
182 158 50
182 158 50
182 158 50
182 158 50
182 158 50
182 158 50
182 158 50
182 158 50
182 158 50
182 158 50
182 158 50
182 158 50
182 158 50
182 158 50
182 158 50
182 158 50
182 158 50
182 157 50
182 157 50
182 157 50
182 157 50
182 157 50
182 157 50
182 157 50
182 157 50
182 157 50
182 157 50
182 157 50
182 157 50
182 157 50
182 157 50
182 157 50
182 157 50
182 157 50
182 156 50
182 156 50
182 156 50
182 156 50
182 156 50
182 156 50
182 156 50
182 156 50
182 156 50
182 156 50
182 156 50
182 156 50
182 156 50
182 155 50
182 155 50
182 155 50
182 155 50
182 155 50
182 155 50
182 155 50
182 155 50
182 155 50
182 155 50
182 154 50
182 154 50
182 154 50
182 154 50
182 154 50
182 154 50
182 154 50
182 154 50
182 153 50
182 153 50
182 153 50
182 153 50
182 153 50
182 153 50
182 153 50
182 152 50
182 152 50
182 152 50
182 152 50
182 152 50
182 152 50
182 151 50
182 151 50
182 151 50
182 151 50
182 151 50
182 150 50
182 150 50
182 150 50
182 150 50
182 150 50
182 149 50
182 149 50
182 149 50
182 149 50
182 148 50
182 148 50
182 148 50
182 148 50
182 147 50
182 147 50
182 147 50
182 146 50
182 146 50
182 146 50
182 145 50
182 145 50
182 144 50
182 144 50
182 143 50
182 142 50
182 141 50
182 140 50
182 139 50
182 138 50
182 137 50
182 136 50
182 135 50
182 134 50
182 133 50
182 132 50
182 131 50
182 130 50
182 129 50
182 128 50
182 127 50
182 126 50
182 125 50
182 124 50
182 123 50
182 122 50
182 121 50
182 120 50
182 119 50
182 118 50
182 117 50
