119 32 50
118 32 50
117 32 50
117 32 50
116 32 50
116 32 50
116 32 50
115 32 50
115 32 50
115 32 50
115 32 50
115 32 50
115 32 50
114 32 50
114 32 50
114 32 50
114 32 50
114 32 50
114 32 50
114 32 50
114 32 50
114 32 50
114 32 50
114 32 50
113 32 50
113 32 50
113 32 50
113 32 50
113 32 50
113 32 50
113 32 50
113 32 50
113 32 50
113 32 50
113 32 50
113 32 50
113 32 50
113 32 50
113 32 50
113 32 50
113 32 50
112 32 50
112 32 50
112 32 50
112 32 50
112 32 50
112 32 50
112 32 50
112 32 50
112 32 50
112 32 50
112 32 50
112 32 50
112 32 50
112 32 50
112 32 50
112 32 50
112 32 50
112 32 50
112 32 50
112 32 50
112 32 50
112 32 50
112 32 50
112 32 50
111 32 50
111 32 50
111 32 50
111 32 50
111 32 50
111 32 50
111 32 50
111 32 50
111 32 50
111 32 50
111 32 50
111 32 50
111 32 50
111 32 50
111 32 50
111 32 50
111 32 50
111 32 50
111 32 50
111 32 50
111 32 50
111 32 50
111 32 50
111 32 50
111 32 50
111 32 50
111 32 50
111 32 50
111 32 50
111 32 50
110 32 50
110 32 50
110 32 50
110 32 50
110 32 50
110 32 50
110 32 50
110 32 50
110 32 50
110 32 50
110 32 50
110 32 50
110 32 50
110 32 50
110 32 50
110 32 50
110 32 50
110 32 50
110 32 50
110 32 50
110 32 50
110 32 50
110 32 50
110 32 50
110 32 50
110 32 50
110 32 50
110 32 50
110 32 50
110 32 50
110 32 50
110 32 50
110 32 50
110 32 50
110 32 50
110 32 50
109 32 50
109 32 50
109 32 50
109 32 50
109 32 50
109 32 50
109 32 50
109 32 50
109 32 50
109 32 50
109 32 50
109 32 50
109 32 50
109 32 50
109 32 50
109 32 50
109 32 50
109 32 50
109 32 50
109 32 50
109 32 50
109 32 50
109 32 50
109 32 50
109 32 50
109 32 50
109 32 50
109 32 50
109 32 50
109 32 50
109 32 50
109 32 50
109 32 50
109 32 50
109 32 50
109 32 50
109 32 50
109 32 50
109 32 50
109 32 50
109 32 50
108 32 50
108 32 50
108 32 50
108 32 50
108 32 50
108 32 50
108 32 50
108 32 50
108 32 50
108 32 50
108 32 50
108 32 50
108 32 50
108 32 50
108 32 50
108 32 50
108 32 50
108 32 50
108 32 50
108 32 50
108 32 50
108 32 50
108 32 50
108 32 50
108 32 50
108 32 50
108 32 50
108 32 50
108 32 50
108 32 50
108 32 50
108 32 50
108 32 50
108 32 50
108 32 50
108 32 50
108 32 50
108 32 50
108 32 50
108 32 50
108 32 50
108 32 50
108 32 50
108 32 50
108 32 50
108 32 50
108 32 50
107 32 50
107 32 50
107 32 50
107 32 50
107 32 50
107 32 50
107 32 50
107 32 50
107 32 50
107 32 50
107 32 50
107 32 50
107 32 50
107 32 50
107 32 50
107 32 50
107 32 50
107 32 50
107 32 50
107 32 50
107 32 50
107 32 50
107 32 50
107 32 50
107 32 50
107 32 50
107 32 50
107 32 50
107 32 50
107 32 50
107 32 50
107 32 50
107 32 50
107 32 50
107 32 50
107 32 50
107 32 50
107 32 50
107 32 50
107 32 50
107 32 50
107 32 50
107 32 50
107 32 50
107 32 50
107 32 50
107 32 50
107 32 50
107 32 50
107 32 50
107 32 50
107 32 50
107 32 50
106 32 50
106 32 50
106 32 50
106 32 50
106 32 50
106 32 50
106 32 50
106 32 50
106 32 50
106 32 50
106 32 50
106 32 50
106 32 50
106 32 50
106 32 50
106 32 50
106 32 50
106 32 50
106 32 50
106 32 50
106 32 50
106 32 50
106 32 50
106 32 50
106 32 50
106 32 50
106 32 50
106 32 50
106 32 50
106 32 50
106 32 50
106 32 50
106 32 50
106 32 50
106 32 50
106 32 50
106 32 50
106 32 50
106 32 50
106 32 50
106 32 50
106 32 50
106 32 50
106 32 50
106 32 50
106 32 50
106 32 50
106 32 50
106 32 50
106 32 50
106 32 50
106 32 50
106 32 50
106 32 50
106 32 50
106 32 50
106 32 50
106 32 50
106 32 50
105 32 50
105 32 50
105 32 50
105 32 50
105 32 50
105 32 50
105 32 50
105 32 50
105 32 50
105 32 50
105 32 50
105 32 50
105 32 50
105 32 50
105 32 50
105 32 50
105 32 50
105 32 50
105 32 50
105 32 50
105 32 50
105 32 50
105 32 50
105 32 50
105 32 50
105 32 50
105 32 50
105 32 50
105 32 50
105 32 50
105 32 50
105 32 50
105 32 50
105 32 50
105 32 50
105 32 50
105 32 50
105 32 50
105 32 50
105 32 50
105 32 50
105 32 50
105 32 50
105 32 50
105 32 50
105 32 50
105 32 50
105 32 50
105 32 50
105 32 50
105 32 50
105 32 50
105 32 50
105 32 50
105 32 50
105 32 50
105 32 50
105 32 50
105 32 50
105 32 50
105 32 50
105 32 50
105 32 50
105 32 50
104 32 50
104 32 50
104 32 50
104 32 50
104 32 50
104 32 50
104 32 50
104 32 50
104 32 50
104 32 50
104 32 50
104 32 50
104 32 50
104 32 50
104 32 50
104 32 50
104 32 50
104 32 50
104 32 50
104 32 50
104 32 50
104 32 50
104 32 50
104 32 50
104 32 50
104 32 50
104 32 50
104 32 50
104 32 50
104 32 50
104 32 50
104 32 50
104 32 50
104 32 50
104 32 50
104 32 50
104 32 50
104 32 50
104 32 50
104 32 50
104 32 50
104 32 50
104 32 50
104 32 50
104 32 50
104 32 50
104 32 50
104 32 50
104 32 50
104 32 50
104 32 50
104 32 50
104 32 50
104 32 50
104 32 50
104 32 50
104 32 50
104 32 50
104 32 50
104 32 50
104 32 50
104 32 50
104 32 50
104 32 50
104 32 50
104 32 50
104 32 50
103 32 50
103 32 50
103 32 50
103 32 50
103 32 50
103 32 50
103 32 50
103 32 50
103 32 50
103 32 50
103 32 50
103 32 50
103 32 50
103 32 50
103 32 50
103 32 50
103 32 50
103 32 50
103 32 50
103 32 50
103 32 50
103 32 50
103 32 50
103 32 50
103 32 50
103 32 50
103 32 50
103 32 50
103 32 50
103 32 50
103 32 50
103 32 50
103 32 50
103 32 50
103 32 50
103 32 50
103 32 50
103 32 50
103 32 50
103 32 50
103 32 50
103 32 50
103 32 50
103 32 50
103 32 50
103 32 50
103 32 50
103 32 50
103 32 50
103 32 50
103 32 50
103 32 50
103 32 50
103 32 50
103 32 50
103 32 50
103 32 50
103 32 50
103 32 50
103 32 50
103 32 50
103 32 50
103 32 50
103 32 50
103 32 50
103 32 50
103 32 50
103 32 50
103 32 50
102 32 50
102 32 50
102 32 50
102 32 50
102 32 50
102 32 50
102 32 50
102 32 50
102 32 50
102 32 50
102 32 50
102 32 50
102 32 50
102 32 50
102 32 50
102 32 50
102 32 50
102 32 50
102 32 50
102 32 50
102 32 50
102 32 50
102 32 50
102 32 50
102 32 50
102 32 50
102 32 50
102 32 50
102 32 50
102 32 50
102 32 50
102 32 50
102 32 50
102 32 50
102 32 50
102 32 50
102 32 50
102 32 50
102 32 50
102 32 50
102 32 50
102 32 50
102 32 50
102 32 50
102 32 50
102 32 50
102 32 50
102 32 50
102 32 50
102 32 50
102 32 50
102 32 50
102 32 50
102 32 50
102 32 50
102 32 50
102 32 50
102 32 50
102 32 50
102 32 50
102 32 50
102 32 50
102 32 50
102 32 50
102 32 50
102 32 50
102 32 50
102 32 50
101 32 50
101 32 50
101 32 50
101 32 50
101 32 50
101 32 50
101 32 50
101 32 50
101 32 50
101 32 50
101 32 50
101 32 50
101 32 50
101 32 50
101 32 50
101 32 50
101 32 50
101 32 50
101 32 50
101 32 50
101 32 50
101 32 50
101 32 50
101 32 50
101 32 50
101 32 50
101 32 50
101 32 50
101 32 50
101 32 50
101 32 50
101 32 50
101 32 50
101 32 50
101 32 50
101 32 50
101 32 50
101 32 50
101 32 50
101 32 50
101 32 50
101 32 50
101 32 50
101 32 50
101 32 50
101 32 50
101 32 50
101 32 50
101 32 50
101 32 50
101 32 50
101 32 50
101 32 50
101 32 50
101 32 50
101 32 50
101 32 50
101 32 50
101 32 50
101 32 50
101 32 50
101 32 50
101 32 50
101 32 50
100 32 50
100 32 50
100 32 50
100 32 50
100 32 50
100 32 50
100 32 50
100 32 50
100 32 50
100 32 50
100 32 50
100 32 50
100 32 50
100 32 50
100 32 50
100 32 50
100 32 50
100 32 50
100 32 50
100 32 50
100 32 50
100 32 50
100 32 50
100 32 50
100 32 50
100 32 50
100 32 50
100 32 50
100 32 50
100 32 50
100 32 50
100 32 50
100 32 50
100 32 50
100 32 50
100 32 50
100 32 50
100 32 50
100 32 50
100 32 50
100 32 50
100 32 50
100 32 50
100 32 50
100 32 50
100 32 50
100 32 50
100 32 50
100 32 50
100 32 50
100 32 50
100 32 50
100 32 50
100 32 50
100 32 50
100 32 50
99 32 50
99 32 50
99 32 50
99 32 50
99 32 50
99 32 50
99 32 50
99 32 50
99 32 50
99 32 50
99 32 50
99 32 50
99 32 50
99 32 50
99 32 50
99 32 50
99 32 50
99 32 50
99 32 50
99 32 50
99 32 50
99 32 50
99 32 50
99 32 50
99 32 50
99 32 50
99 32 50
99 32 50
99 32 50
99 32 50
99 32 50
99 32 50
99 32 50
99 32 50
99 32 50
99 32 50
99 32 50
99 32 50
99 32 50
99 32 50
99 32 50
99 32 50
99 32 50
99 32 50
98 32 50
98 32 50
98 32 50
98 32 50
98 32 50
98 32 50
98 32 50
98 32 50
98 32 50
98 32 50
98 32 50
98 32 50
98 32 50
98 32 50
98 32 50
98 32 50
98 32 50
98 32 50
98 32 50
98 32 50
98 32 50
98 32 50
98 32 50
98 32 50
98 32 50
98 32 50
98 32 50
98 32 50
98 32 50
98 32 50
98 32 50
97 32 50
97 32 50
97 32 50
97 32 50
97 32 50
97 32 50
97 32 50
97 32 50
97 32 50
97 32 50
97 32 50
97 32 50
97 32 50
97 32 50
97 32 50
97 32 50
97 32 50
97 32 50
97 32 50
96 32 50
96 32 50
96 32 50
96 32 50
96 32 50
96 32 50
96 32 50
96 32 50
96 32 50
96 32 50
96 32 50
95 32 50
95 32 50
95 32 50
95 32 50
95 32 50
95 32 50
94 32 50
94 32 50
94 32 50
93 32 50
93 32 50
92 32 50
91 32 50
90 32 50
89 32 50
88 32 50
87 32 50
86 32 50
85 32 50
84 32 50
83 32 50
82 32 50
81 32 50
80 32 50
79 32 50
79 32 50
78 32 50
78 32 50
77 32 50
77 32 50
76 32 50
76 32 50
75 32 50
75 32 50
75 32 50
74 32 50
74 32 50
74 32 50
73 32 50
73 32 50
73 32 50
72 32 50
72 32 50
72 32 50
72 32 50
71 32 50
71 32 50
71 32 50
71 32 50
70 32 50
70 32 50
70 32 50
70 32 50
69 32 50
69 32 50
69 32 50
69 32 50
68 32 50
68 32 50
68 32 50
68 32 50
67 32 50
67 32 50
67 32 50
66 32 50
66 32 50
65 32 50
65 32 50
64 32 50
63 32 50
62 32 50
61 32 50
60 32 50
59 32 50
58 32 50
57 32 50
56 32 50
55 32 50
54 32 50
53 32 50
52 32 50
51 32 50
50 32 50
49 32 50
48 32 50
47 32 50
46 32 50
45 32 50
44 32 50
43 32 50
42 32 50
41 32 50
40 32 50
39 32 50
38 32 50
37 32 50
37 32 50
36 32 50
36 32 50
36 32 50
35 32 50
35 32 50
35 32 50
35 32 50
35 32 50
34 32 50
34 32 50
34 32 50
34 32 50
34 32 50
34 32 50
34 32 50
34 32 50
33 32 50
33 32 50
33 32 50
33 32 50
33 32 50
33 32 50
33 32 50
33 32 50
33 32 50
33 32 50
33 32 50
33 32 50
32 32 50
32 32 50
32 32 50
32 32 50
32 32 50
32 32 50
32 32 50
32 32 50
32 32 50
32 32 50
32 32 50
32 32 50
32 32 50
32 32 50
32 32 50
32 32 50
32 32 50
32 32 50
31 32 50
31 32 50
31 32 50
31 32 50
31 32 50
31 32 50
31 32 50
31 32 50
31 32 50
31 32 50
31 32 50
31 32 50
31 32 50
31 32 50
31 32 50
31 32 50
31 32 50
31 32 50
31 32 50
31 32 50
31 32 50
31 32 50
31 32 50
30 32 50
30 32 50
30 32 50
30 32 50
30 32 50
30 32 50
30 32 50
30 32 50
30 32 50
30 32 50
30 32 50
30 32 50
30 32 50
30 32 50
30 32 50
30 32 50
30 32 50
30 32 50
30 32 50
30 32 50
30 32 50
30 32 50
30 32 50
30 32 50
30 32 50
30 32 50
30 32 50
30 32 50
29 32 50
29 32 50
29 32 50
29 32 50
29 32 50
29 32 50
29 32 50
29 32 50
29 32 50
29 32 50
29 32 50
29 32 50
29 32 50
29 32 50
29 32 50
29 32 50
29 32 50
29 32 50
29 32 50
29 32 50
29 32 50
29 32 50
29 32 50
29 32 50
29 32 50
29 32 50
29 32 50
29 32 50
29 32 50
29 32 50
29 32 50
28 32 50
28 32 50
28 32 50
28 32 50
28 32 50
28 32 50
28 32 50
28 32 50
28 32 50
28 32 50
28 32 50
28 32 50
28 32 50
28 32 50
28 32 50
28 32 50
28 32 50
28 32 50
28 32 50
28 32 50
28 32 50
28 32 50
28 32 50
28 32 50
28 32 50
28 32 50
28 32 50
28 32 50
28 32 50
28 32 50
28 32 50
28 32 50
27 32 50
27 32 50
27 32 50
27 32 50
27 32 50
27 32 50
27 32 50
27 32 50
27 32 50
27 32 50
27 32 50
27 32 50
27 32 50
27 32 50
27 32 50
27 32 50
27 32 50
27 32 50
27 32 50
27 32 50
27 32 50
27 32 50
27 32 50
27 32 50
27 32 50
27 32 50
27 32 50
27 32 50
27 32 50
27 32 50
27 32 50
27 32 50
26 32 50
26 32 50
26 32 50
26 32 50
26 32 50
26 32 50
26 32 50
26 32 50
26 32 50
26 32 50
26 32 50
26 32 50
26 32 50
26 32 50
26 32 50
26 32 50
26 32 50
26 32 50
26 32 50
26 32 50
26 32 50
26 32 50
26 32 50
26 32 50
26 32 50
26 32 50
26 32 50
26 32 50
26 32 50
26 32 50
25 32 50
25 32 50
25 32 50
25 32 50
25 32 50
25 32 50
25 32 50
25 32 50
25 32 50
25 32 50
25 32 50
25 32 50
25 32 50
25 32 50
25 32 50
25 32 50
25 32 50
25 32 50
25 32 50
25 32 50
25 32 50
25 32 50
25 32 50
25 32 50
25 32 50
25 32 50
25 32 50
25 32 50
24 32 50
24 32 50
24 32 50
24 32 50
24 32 50
24 32 50
24 32 50
24 32 50
24 32 50
24 32 50
24 32 50
24 32 50
24 32 50
24 32 50
24 32 50
24 32 50
24 32 50
24 32 50
24 32 50
24 32 50
24 32 50
24 32 50
24 32 50
24 32 50
24 32 50
23 32 50
23 32 50
23 32 50
23 32 50
23 32 50
23 32 50
23 32 50
23 32 50
23 32 50
23 32 50
23 32 50
23 32 50
23 32 50
23 32 50
23 32 50
23 32 50
23 32 50
23 32 50
23 32 50
23 32 50
23 32 50
22 32 50
22 32 50
22 32 50
22 32 50
22 32 50
22 32 50
22 32 50
22 32 50
22 32 50
22 32 50
22 32 50
22 32 50
22 32 50
22 32 50
22 32 50
22 32 50
22 32 50
21 32 50
21 32 50
21 32 50
21 32 50
21 32 50
21 32 50
21 32 50
21 32 50
21 32 50
21 32 50
21 32 50
21 32 50
21 32 50
21 32 50
21 32 50
20 32 50
20 32 50
20 32 50
20 32 50
20 32 50
20 32 50
20 32 50
20 32 50
20 32 50
20 32 50
20 32 50
20 32 50
20 32 50
19 32 50
19 32 50
19 32 50
19 32 50
19 32 50
19 32 50
19 32 50
19 32 50
19 32 50
19 32 50
19 32 50
19 32 50
18 32 50
18 32 50
18 32 50
18 32 50
18 32 50
18 32 50
18 32 50
18 32 50
18 32 50
18 32 50
18 32 50
18 32 50
17 32 50
17 32 50
17 32 50
17 32 50
17 32 50
17 32 50
17 32 50
17 32 50
17 32 50
17 32 50
17 32 50
17 32 50
16 32 50
16 32 50
16 32 50
16 32 50
16 32 50
16 32 50
16 32 50
16 32 50
16 32 50
16 32 50
16 32 50
15 32 50
15 32 50
15 32 50
15 32 50
15 32 50
15 32 50
15 32 50
15 32 50
15 32 50
15 32 50
15 32 50
14 32 50
14 32 50
14 32 50
14 32 50
14 32 50
14 32 50
14 32 50
14 32 50
14 32 50
14 32 50
13 32 50
13 32 50
13 32 50
13 32 50
13 32 50
13 32 50
13 32 50
13 32 50
13 32 50
13 32 50
12 32 50
12 32 50
12 32 50
12 32 50
12 32 50
12 32 50
12 32 50
12 32 50
12 32 50
11 32 50
11 32 50
11 32 50
11 32 50
11 32 50
11 32 50
11 32 50
11 32 50
10 32 50
10 32 50
10 32 50
10 32 50
10 32 50
10 32 50
10 32 50
9 32 50
9 32 50
9 32 50
9 32 50
9 32 50
9 32 50
9 32 50
8 32 50
8 32 50
8 32 50
8 32 50
8 32 50
8 32 50
8 32 50
7 32 50
7 32 50
7 32 50
7 32 50
7 32 50
7 32 50
7 32 50
7 33 300
7 33 50
7 33 50
7 33 50
7 34 50
7 34 50
7 34 50
7 34 50
7 34 50
7 34 50
7 34 50
7 34 50
7 34 50
7 34 50
7 35 50
7 35 50
7 35 50
7 35 50
7 35 50
7 35 50
7 35 50
7 35 50
7 35 50
7 35 50
7 35 50
7 36 50
7 36 50
7 36 50
7 36 50
7 36 50
7 36 50
7 36 50
7 36 50
7 36 50
7 36 50
7 36 50
7 36 50
7 37 50
7 37 50
7 37 50
7 37 50
7 37 50
7 37 50
7 37 50
7 37 50
7 37 50
7 37 50
7 37 50
7 38 50
7 38 50
7 38 50
7 38 50
7 38 50
7 38 50
7 38 50
7 38 50
7 39 50
7 39 50
7 39 50
7 39 50
7 39 50
7 39 50
7 40 50
7 40 50
7 40 50
7 40 50
7 41 50
7 41 50
7 41 50
7 42 50
7 42 50
7 43 50
7 44 50
7 45 50
7 46 50
7 47 50
7 48 50
7 49 50
7 50 50
7 51 50
7 52 50
7 53 50
7 54 50
7 55 50
7 56 50
7 57 50
7 58 50
7 59 50
7 60 50
7 61 50
7 61 50
7 62 50
7 62 50
7 62 50
7 63 50
7 63 50
7 63 50
7 63 50
7 64 50
7 64 50
7 64 50
7 64 50
7 64 50
7 64 50
7 65 50
7 65 50
7 65 50
7 65 50
7 65 50
7 65 50
7 65 50
7 66 50
7 66 50
7 66 50
7 66 50
7 66 50
7 66 50
7 66 50
7 67 50
7 67 50
7 67 50
7 67 50
7 67 50
7 67 50
7 67 50
7 67 50
7 68 50
7 68 50
7 68 50
7 68 50
7 68 50
7 68 50
7 68 50
7 68 50
7 69 50
7 69 50
7 69 50
7 69 50
7 69 50
7 69 50
7 69 50
7 69 50
7 69 50
7 69 50
7 70 50
7 70 50
7 70 50
7 70 50
7 70 50
7 70 50
7 70 50
7 70 50
7 70 50
7 70 50
7 70 50
7 70 50
7 70 50
7 71 50
7 71 50
7 71 50
7 71 50
7 71 50
7 71 50
7 71 50
7 71 50
7 71 50
7 71 50
7 71 50
7 71 50
7 71 50
7 71 50
7 71 50
7 71 50
7 72 50
7 72 50
7 72 50
7 72 50
7 72 50
7 72 50
7 72 50
7 72 50
7 72 50
7 72 50
7 72 50
7 72 50
7 72 50
7 72 50
7 72 50
7 72 50
7 72 50
7 72 50
7 72 50
7 72 50
7 73 50
7 73 50
7 73 50
7 73 50
7 73 50
7 73 50
7 73 50
7 73 50
7 73 50
7 73 50
7 73 50
7 73 50
7 73 50
7 73 50
7 73 50
7 73 50
7 73 50
7 73 50
7 73 50
7 73 50
7 73 50
7 73 50
7 73 50
7 73 50
7 73 50
7 74 50
7 74 50
7 74 50
7 74 50
7 74 50
7 74 50
7 74 50
7 74 50
7 74 50
7 74 50
7 74 50
7 74 50
7 74 50
7 74 50
7 74 50
7 74 50
7 74 50
7 74 50
7 74 50
7 74 50
7 74 50
7 74 50
7 74 50
7 74 50
7 74 50
7 74 50
7 74 50
7 74 50
7 74 50
7 74 50
7 74 50
7 74 50
7 75 50
7 75 50
7 75 50
7 75 50
7 75 50
7 75 50
7 75 50
7 75 50
7 75 50
7 75 50
7 75 50
7 75 50
7 75 50
7 75 50
7 75 50
7 75 50
7 75 50
7 75 50
7 75 50
7 75 50
7 75 50
7 75 50
7 75 50
7 75 50
7 75 50
7 75 50
7 75 50
7 75 50
7 75 50
7 75 50
7 75 50
7 75 50
7 75 50
7 75 50
7 75 50
7 75 50
7 75 50
7 75 50
7 75 50
7 75 50
7 76 50
7 76 50
7 76 50
7 76 50
7 76 50
7 76 50
7 76 50
7 76 50
7 76 50
7 76 50
7 76 50
7 76 50
7 76 50
7 76 50
7 76 50
7 76 50
7 76 50
7 76 50
7 76 50
7 76 50
7 76 50
7 76 50
7 76 50
7 76 50
7 76 50
7 76 50
7 76 50
7 76 50
7 76 50
7 76 50
7 76 50
7 76 50
7 76 50
7 76 50
7 76 50
7 76 50
7 76 50
7 76 50
7 76 50
7 76 50
7 76 50
7 76 50
7 76 50
7 76 50
7 76 50
7 76 50
7 76 50
7 76 50
7 76 50
7 77 50
7 77 50
7 77 50
7 77 50
7 77 50
7 77 50
7 77 50
7 77 50
7 77 50
7 77 50
7 77 50
7 77 50
7 77 50
7 77 50
7 77 50
7 77 50
7 77 50
7 77 50
7 77 50
7 77 50
7 77 50
7 77 50
7 77 50
7 77 50
7 77 50
7 77 50
7 77 50
7 77 50
7 77 50
7 77 50
7 77 50
7 77 50
7 77 50
7 77 50
7 77 50
7 77 50
7 77 50
7 77 50
7 77 50
7 77 50
7 77 50
7 77 50
7 77 50
7 77 50
7 77 50
7 77 50
7 77 50
7 77 50
7 77 50
7 77 50
7 77 50
7 77 50
7 77 50
7 77 50
7 77 50
7 77 50
7 77 50
7 77 50
7 78 50
7 78 50
7 78 50
7 78 50
7 78 50
7 78 50
7 78 50
7 78 50
7 78 50
7 78 50
7 78 50
7 78 50
7 78 50
7 78 50
7 78 50
7 78 50
7 78 50
7 78 50
7 78 50
7 78 50
7 78 50
7 78 50
7 78 50
7 78 50
7 78 50
7 78 50
7 78 50
7 78 50
7 78 50
7 78 50
7 78 50
7 78 50
7 78 50
7 78 50
7 78 50
7 78 50
7 78 50
7 78 50
7 78 50
7 78 50
7 78 50
7 78 50
7 78 50
7 78 50
7 78 50
7 78 50
7 78 50
7 78 50
7 78 50
7 78 50
7 78 50
7 78 50
7 78 50
7 78 50
7 78 50
7 78 50
7 78 50
7 78 50
7 78 50
7 78 50
7 78 50
7 78 50
7 78 50
7 78 50
7 78 50
7 79 50
7 79 50
7 79 50
7 79 50
7 79 50
7 79 50
7 79 50
7 79 50
7 79 50
7 79 50
7 79 50
7 79 50
7 79 50
7 79 50
7 79 50
7 79 50
7 79 50
7 79 50
7 79 50
7 79 50
7 79 50
7 79 50
7 79 50
7 79 50
7 79 50
7 79 50
7 79 50
7 79 50
7 79 50
7 79 50
7 79 50
7 79 50
7 79 50
7 79 50
7 79 50
7 79 50
7 79 50
7 79 50
7 79 50
7 79 50
7 79 50
7 79 50
7 79 50
7 79 50
7 79 50
7 79 50
7 79 50
7 79 50
7 79 50
7 79 50
7 79 50
7 79 50
7 79 50
7 79 50
7 79 50
7 79 50
7 79 50
7 79 50
7 79 50
7 79 50
7 79 50
7 79 50
7 79 50
7 79 50
7 79 50
7 79 50
7 79 50
7 79 50
7 79 50
7 79 50
7 80 50
7 80 50
7 80 50
7 80 50
7 80 50
7 80 50
7 80 50
7 80 50
7 80 50
7 80 50
7 80 50
7 80 50
7 80 50
7 80 50
7 80 50
7 80 50
7 80 50
7 80 50
7 80 50
7 80 50
7 80 50
7 80 50
7 80 50
7 80 50
7 80 50
7 80 50
7 80 50
7 80 50
7 80 50
7 80 50
7 80 50
7 80 50
7 80 50
7 80 50
7 80 50
7 80 50
7 80 50
7 80 50
7 80 50
7 80 50
7 80 50
7 80 50
7 80 50
7 80 50
7 80 50
7 80 50
7 80 50
7 80 50
7 80 50
7 80 50
7 80 50
7 80 50
7 80 50
7 80 50
7 80 50
7 80 50
7 80 50
7 80 50
7 80 50
7 80 50
7 80 50
7 80 50
7 80 50
7 80 50
7 80 50
7 80 50
7 80 50
7 80 50
7 80 50
7 80 50
7 80 50
7 80 50
7 81 50
7 81 50
7 81 50
7 81 50
7 81 50
7 81 50
7 81 50
7 81 50
7 81 50
7 81 50
7 81 50
7 81 50
7 81 50
7 81 50
7 81 50
7 81 50
7 81 50
7 81 50
7 81 50
7 81 50
7 81 50
7 81 50
7 81 50
7 81 50
7 81 50
7 81 50
7 81 50
7 81 50
7 81 50
7 81 50
7 81 50
7 81 50
7 81 50
7 81 50
7 81 50
7 81 50
7 81 50
7 81 50
7 81 50
7 81 50
7 81 50
7 81 50
7 81 50
7 81 50
7 81 50
7 81 50
7 81 50
7 81 50
7 81 50
7 81 50
7 81 50
7 81 50
7 81 50
7 81 50
7 81 50
7 81 50
7 81 50
7 81 50
7 81 50
7 81 50
7 81 50
7 81 50
7 81 50
7 81 50
7 81 50
7 81 50
7 81 50
7 81 50
7 81 50
7 81 50
7 81 50
7 81 50
7 81 50
7 82 50
7 82 50
7 82 50
7 82 50
7 82 50
7 82 50
7 82 50
7 82 50
7 82 50
7 82 50
7 82 50
7 82 50
7 82 50
7 82 50
7 82 50
7 82 50
7 82 50
7 82 50
7 82 50
7 82 50
7 82 50
7 82 50
7 82 50
7 82 50
7 82 50
7 82 50
7 82 50
7 82 50
7 82 50
7 82 50
7 82 50
7 82 50
7 82 50
7 82 50
7 82 50
7 82 50
7 82 50
7 82 50
7 82 50
7 82 50
7 82 50
7 82 50
7 82 50
7 82 50
7 82 50
7 82 50
7 82 50
7 82 50
7 82 50
7 82 50
7 82 50
7 82 50
7 82 50
7 82 50
7 82 50
7 82 50
7 82 50
7 82 50
7 82 50
7 82 50
7 82 50
7 82 50
7 82 50
7 82 50
7 82 50
7 82 50
7 82 50
7 82 50
7 82 50
7 82 50
7 82 50
7 82 50
7 83 50
7 83 50
7 83 50
7 83 50
7 83 50
7 83 50
7 83 50
7 83 50
7 83 50
7 83 50
7 83 50
7 83 50
7 83 50
7 83 50
7 83 50
7 83 50
7 83 50
7 83 50
7 83 50
7 83 50
7 83 50
7 83 50
7 83 50
7 83 50
7 83 50
7 83 50
7 83 50
7 83 50
7 83 50
7 83 50
7 83 50
7 83 50
7 83 50
7 83 50
7 83 50
7 83 50
7 83 50
7 83 50
7 83 50
7 83 50
7 83 50
7 83 50
7 83 50
7 83 50
7 83 50
7 83 50
7 83 50
7 83 50
7 83 50
7 83 50
7 83 50
7 83 50
7 83 50
7 83 50
7 83 50
7 83 50
7 83 50
7 83 50
7 83 50
7 83 50
7 83 50
7 83 50
7 83 50
7 83 50
7 83 50
7 83 50
7 83 50
7 83 50
7 83 50
7 83 50
7 84 50
7 84 50
7 84 50
7 84 50
7 84 50
7 84 50
7 84 50
7 84 50
7 84 50
7 84 50
7 84 50
7 84 50
7 84 50
7 84 50
7 84 50
7 84 50
7 84 50
7 84 50
7 84 50
7 84 50
7 84 50
7 84 50
7 84 50
7 84 50
7 84 50
7 84 50
7 84 50
7 84 50
7 84 50
7 84 50
7 84 50
7 84 50
7 84 50
7 84 50
7 84 50
7 84 50
7 84 50
7 84 50
7 84 50
7 84 50
7 84 50
7 84 50
7 84 50
7 84 50
7 84 50
7 84 50
7 84 50
7 84 50
7 84 50
7 84 50
7 84 50
7 84 50
7 84 50
7 84 50
7 84 50
7 84 50
7 84 50
7 84 50
7 84 50
7 84 50
7 84 50
7 84 50
7 84 50
7 84 50
7 84 50
7 85 50
7 85 50
7 85 50
7 85 50
7 85 50
7 85 50
7 85 50
7 85 50
7 85 50
7 85 50
7 85 50
7 85 50
7 85 50
7 85 50
7 85 50
7 85 50
7 85 50
7 85 50
7 85 50
7 85 50
7 85 50
7 85 50
7 85 50
7 85 50
7 85 50
7 85 50
7 85 50
7 85 50
7 85 50
7 85 50
7 85 50
7 85 50
7 85 50
7 85 50
7 85 50
7 85 50
7 85 50
7 85 50
7 85 50
7 85 50
7 85 50
7 85 50
7 85 50
7 85 50
7 85 50
7 85 50
7 85 50
7 85 50
7 85 50
7 85 50
7 85 50
7 85 50
7 85 50
7 85 50
7 85 50
7 85 50
7 85 50
7 85 50
7 86 50
7 86 50
7 86 50
7 86 50
7 86 50
7 86 50
7 86 50
7 86 50
7 86 50
7 86 50
7 86 50
7 86 50
7 86 50
7 86 50
7 86 50
7 86 50
7 86 50
7 86 50
7 86 50
7 86 50
7 86 50
7 86 50
7 86 50
7 86 50
7 86 50
7 86 50
7 86 50
7 86 50
7 86 50
7 86 50
7 86 50
7 86 50
7 86 50
7 86 50
7 86 50
7 86 50
7 86 50
7 86 50
7 86 50
7 86 50
7 86 50
7 86 50
7 86 50
7 86 50
7 86 50
7 86 50
7 86 50
7 86 50
7 87 50
7 87 50
7 87 50
7 87 50
7 87 50
7 87 50
7 87 50
7 87 50
7 87 50
7 87 50
7 87 50
7 87 50
7 87 50
7 87 50
7 87 50
7 87 50
7 87 50
7 87 50
7 87 50
7 87 50
7 87 50
7 87 50
7 87 50
7 87 50
7 87 50
7 87 50
7 87 50
7 87 50
7 87 50
7 87 50
7 87 50
7 87 50
7 87 50
7 87 50
7 87 50
7 87 50
7 87 50
7 88 50
7 88 50
7 88 50
7 88 50
7 88 50
7 88 50
7 88 50
7 88 50
7 88 50
7 88 50
7 88 50
7 88 50
7 88 50
7 88 50
7 88 50
7 88 50
7 88 50
7 88 50
7 88 50
7 88 50
7 88 50
7 88 50
7 88 50
7 88 50
7 88 50
7 88 50
7 88 50
7 89 50
7 89 50
7 89 50
7 89 50
7 89 50
7 89 50
7 89 50
7 89 50
7 89 50
7 89 50
7 89 50
7 89 50
7 89 50
7 89 50
7 89 50
7 89 50
7 89 50
7 89 50
7 89 50
7 90 50
7 90 50
7 90 50
7 90 50
7 90 50
7 90 50
7 90 50
7 90 50
7 90 50
7 90 50
7 90 50
7 90 50
7 90 50
7 90 50
7 91 50
7 91 50
7 91 50
7 91 50
7 91 50
7 91 50
7 91 50
7 91 50
7 91 50
7 91 50
7 92 50
7 92 50
7 92 50
7 92 50
7 92 50
7 92 50
7 93 50
7 93 50
7 93 50
7 93 50
7 94 50
7 94 50
7 95 50
7 95 50
7 96 50
7 96 50
7 97 50
7 98 50
7 98 50
7 99 50
7 99 50
7 100 50
7 100 50
7 101 50
7 101 50
7 101 50
7 102 50
7 102 50
7 102 50
7 102 50
7 103 50
7 103 50
7 103 50
7 103 50
7 103 50
7 103 50
7 104 50
7 104 50
7 104 50
7 104 50
7 104 50
7 104 50
7 104 50
7 104 50
7 104 50
7 105 50
7 105 50
7 105 50
7 105 50
7 105 50
7 105 50
7 105 50
7 105 50
7 105 50
7 105 50
7 105 50
7 105 50
7 106 50
7 106 50
7 106 50
7 106 50
7 106 50
7 106 50
7 106 50
7 106 50
7 106 50
7 106 50
7 106 50
7 106 50
7 106 50
7 106 50
7 106 50
7 107 50
7 107 50
7 107 50
7 107 50
7 107 50
7 107 50
7 107 50
7 107 50
7 107 50
7 107 50
7 107 50
7 107 50
7 107 50
7 107 50
7 107 50
7 107 50
7 107 50
7 108 50
7 108 50
7 108 50
7 108 50
7 108 50
7 108 50
7 108 50
7 108 50
7 108 50
7 108 50
7 108 50
7 108 50
7 108 50
7 108 50
7 108 50
7 108 50
7 108 50
7 108 50
7 109 50
7 109 50
7 109 50
7 109 50
7 109 50
7 109 50
7 109 50
7 109 50
7 109 50
7 109 50
7 109 50
7 109 50
7 109 50
7 109 50
7 109 50
7 109 50
7 109 50
7 110 50
7 110 50
7 110 50
7 110 50
7 110 50
7 110 50
7 110 50
7 110 50
7 110 50
7 110 50
7 110 50
7 110 50
7 110 50
7 110 50
7 110 50
7 110 50
7 111 50
7 111 50
7 111 50
7 111 50
7 111 50
7 111 50
7 111 50
7 111 50
7 111 50
7 111 50
7 111 50
7 111 50
7 111 50
7 111 50
7 112 50
7 112 50
7 112 50
7 112 50
7 112 50
7 112 50
7 112 50
7 112 50
7 112 50
7 112 50
7 112 50
7 112 50
7 113 50
7 113 50
7 113 50
7 113 50
7 113 50
7 113 50
7 113 50
7 113 50
7 113 50
7 113 50
7 114 50
7 114 50
7 114 50
7 114 50
7 114 50
7 114 50
7 114 50
7 114 50
7 115 50
7 115 50
7 115 50
7 115 50
7 115 50
7 115 50
7 116 50
7 116 50
7 116 50
7 116 50
7 117 50
7 117 50
7 117 50
7 118 50
7 118 50
7 119 50
7 119 50
7 120 50
7 121 50
7 122 50
7 123 50
7 124 50
7 125 50
7 126 50
7 126 50
7 127 50
7 127 50
7 127 50
7 128 50
7 128 50
7 128 50
7 128 50
7 129 50
7 129 50
7 129 50
7 129 50
7 129 50
7 129 50
7 130 50
7 130 50
7 130 50
7 130 50
7 130 50
7 130 50
7 130 50
7 131 50
7 131 50
7 131 50
7 131 50
7 131 50
7 131 50
7 131 50
7 131 50
7 132 50
7 132 50
7 132 50
7 132 50
7 132 50
7 132 50
7 132 50
7 132 50
7 133 50
7 133 50
7 133 50
7 133 50
7 133 50
7 133 50
7 133 50
7 133 50
7 134 50
7 134 50
7 134 50
7 134 50
7 134 50
7 134 50
7 134 50
7 134 50
7 135 50
7 135 50
7 135 50
7 135 50
7 135 50
7 135 50
7 135 50
7 136 50
7 136 50
7 136 50
7 136 50
7 136 50
7 136 50
7 137 50
7 137 50
7 137 50
7 137 50
7 137 50
7 137 50
7 138 50
7 138 50
7 138 50
7 138 50
7 138 50
7 138 50
7 139 50
7 139 50
7 139 50
7 139 50
7 139 50
7 140 50
7 140 50
7 140 50
7 140 50
7 140 50
7 141 50
7 141 50
7 141 50
7 141 50
7 142 50
7 142 50
7 142 50
7 142 50
7 143 50
7 143 50
7 143 50
7 144 50
7 144 50
7 144 50
7 145 50
7 145 50
7 146 50
7 146 50
7 147 50
7 147 50
7 148 50
7 148 50
7 149 50
7 149 50
7 150 50
7 150 50
7 151 50
7 151 50
7 151 50
7 152 50
7 152 50
7 152 50
7 153 50
7 153 50
7 153 50
7 153 50
7 154 50
7 154 50
7 154 50
7 154 50
7 154 50
7 155 50
7 155 50
7 155 50
7 155 50
7 155 50
7 155 50
7 156 50
7 156 50
7 156 50
7 156 50
7 156 50
7 156 50
7 156 50
7 157 50
7 157 50
7 157 50
7 157 50
7 157 50
7 157 50
7 157 50
7 157 50
7 158 50
7 158 50
7 158 50
7 158 50
7 158 50
7 158 50
7 158 50
7 158 50
7 158 50
7 159 50
7 159 50
7 159 50
7 159 50
7 159 50
7 159 50
7 159 50
7 159 50
7 159 50
7 159 50
7 159 50
7 160 50
7 160 50
7 160 50
7 160 50
7 160 50
7 160 50
7 160 50
7 160 50
7 160 50
7 160 50
7 160 50
7 160 50
7 160 50
7 161 50
7 161 50
7 161 50
7 161 50
7 161 50
7 161 50
7 161 50
7 161 50
7 161 50
7 161 50
7 161 50
7 161 50
7 161 50
7 161 50
7 161 50
7 162 50
7 162 50
7 162 50
7 162 50
7 162 50
7 162 50
7 162 50
7 162 50
7 162 50
7 162 50
7 162 50
7 162 50
7 162 50
7 162 50
7 162 50
7 162 50
7 162 50
7 163 50
7 163 50
7 163 50
7 163 50
7 163 50
7 163 50
7 163 50
7 163 50
7 163 50
7 163 50
7 163 50
7 163 50
7 163 50
7 163 50
7 163 50
7 163 50
7 163 50
7 164 50
7 164 50
7 164 50
7 164 50
7 164 50
7 164 50
7 164 50
7 164 50
7 164 50
7 164 50
7 164 50
7 164 50
7 164 50
7 164 50
7 164 50
7 164 50
7 165 50
7 165 50
7 165 50
7 165 50
7 165 50
7 165 50
7 165 50
7 165 50
7 165 50
7 165 50
7 165 50
7 165 50
7 165 50
7 165 50
7 166 50
7 166 50
7 166 50
7 166 50
7 166 50
7 166 50
7 166 50
7 166 50
7 166 50
7 166 50
7 167 50
7 167 50
7 167 50
7 167 50
7 167 50
7 167 50
7 167 50
7 168 50
7 168 50
7 168 50
7 168 50
7 169 50
7 169 50
7 170 50
7 170 50
7 171 50
7 172 50
7 173 50
7 174 50
7 175 50
7 176 50
7 177 50
7 178 50
7 179 50
7 180 50
7 181 50
7 182 50
68 31 50
68 31 50
68 30 50
68 29 50
68 28 50
67 28 50
66 28 50
65 28 50
64 28 50
63 28 50
62 28 50
61 28 50
60 28 50
59 28 50
58 28 50
57 28 50
56 28 50
55 28 50
54 28 50
53 28 50
52 28 50
51 28 50
50 28 50
49 28 50
48 28 50
47 28 50
46 28 50
45 28 50
44 28 50
43 28 50
42 28 50
41 28 50
40 28 50
39 28 50
38 28 50
37 28 50
36 28 50
35 28 50
35 28 50
34 28 50
34 28 50
34 28 50
33 28 50
33 28 50
33 28 50
33 28 50
33 28 50
32 28 50
32 28 50
32 28 50
32 28 50
32 28 50
32 28 50
32 28 50
32 28 50
31 28 50
31 28 50
31 28 50
31 28 50
31 28 50
31 28 50
31 28 50
31 28 50
31 28 50
31 28 50
31 28 50
31 28 50
30 28 50
30 28 50
30 28 50
30 28 50
30 28 50
30 28 50
30 28 50
30 28 50
30 28 50
30 28 50
30 28 50
30 28 50
30 28 50
30 28 50
30 28 50
30 28 50
30 28 50
29 28 50
29 28 50
29 28 50
29 28 50
29 28 50
29 28 50
29 28 50
29 28 50
29 28 50
29 28 50
29 28 50
29 28 50
29 28 50
29 28 50
29 28 50
29 28 50
29 28 50
29 28 50
29 28 50
29 28 50
29 28 50
29 28 50
28 28 50
28 28 50
28 28 50
28 28 50
28 28 50
28 28 50
28 28 50
28 28 50
28 28 50
28 28 50
28 28 50
28 28 50
28 28 50
28 28 50
28 28 50
28 28 50
28 28 50
28 28 50
28 28 50
28 28 50
28 28 50
28 28 50
28 28 50
28 28 50
28 28 50
27 28 50
27 28 50
27 28 50
27 28 50
27 28 50
27 28 50
27 28 50
27 28 50
27 28 50
27 28 50
27 28 50
27 28 50
27 28 50
27 28 50
27 28 50
27 28 50
27 28 50
27 28 50
27 28 50
27 28 50
27 28 50
27 28 50
27 28 50
27 28 50
27 28 50
26 28 50
26 28 50
26 28 50
26 28 50
26 28 50
26 28 50
26 28 50
26 28 50
26 28 50
26 28 50
26 28 50
26 28 50
26 28 50
26 28 50
26 28 50
26 28 50
26 28 50
26 28 50
26 28 50
26 28 50
26 28 50
26 28 50
26 28 50
26 28 50
25 28 50
25 28 50
25 28 50
25 28 50
25 28 50
25 28 50
25 28 50
25 28 50
25 28 50
25 28 50
25 28 50
25 28 50
25 28 50
25 28 50
25 28 50
25 28 50
25 28 50
25 28 50
25 28 50
25 28 50
25 28 50
25 28 50
24 28 50
24 28 50
24 28 50
24 28 50
24 28 50
24 28 50
24 28 50
24 28 50
24 28 50
24 28 50
24 28 50
24 28 50
24 28 50
24 28 50
24 28 50
24 28 50
24 28 50
24 28 50
24 28 50
24 28 50
23 28 50
23 28 50
23 28 50
23 28 50
23 28 50
23 28 50
23 28 50
23 28 50
23 28 50
23 28 50
23 28 50
23 28 50
23 28 50
23 28 50
23 28 50
23 28 50
22 28 50
22 28 50
22 28 50
22 28 50
22 28 50
22 28 50
22 28 50
22 28 50
22 28 50
22 28 50
22 28 50
22 28 50
21 28 50
21 28 50
21 28 50
21 28 50
21 28 50
21 28 50
21 28 50
21 28 50
20 28 50
20 28 50
20 28 50
20 28 50
20 28 50
20 28 50
19 28 50
19 28 50
19 28 50
19 28 50
18 28 50
18 28 50
18 28 50
18 28 50
17 28 50
17 28 50
17 28 50
16 28 50
16 28 50
16 28 50
15 28 50
15 28 50
15 28 50
14 28 50
14 28 50
14 28 50
13 28 50
13 28 50
13 28 50
12 28 50
12 28 50
12 28 50
11 28 50
11 28 50
11 28 50
10 28 50
10 28 50
10 28 50
9 28 50
9 28 50
9 28 50
8 28 50
8 28 50
8 28 50
8 28 50
8 29 150
8 29 50
8 30 50
8 30 50
8 30 50
8 30 50
8 30 50
8 31 50
8 31 50
8 31 50
8 31 50
8 31 50
8 31 50
8 33 50
8 33 50
8 33 50
8 33 50
8 33 50
8 33 50
8 33 50
8 33 50
8 34 50
8 34 50
8 34 50
8 34 50
8 34 50
8 34 50
8 34 50
8 34 50
8 34 50
8 35 50
8 35 50
8 35 50
8 35 50
8 35 50
8 35 50
8 35 50
8 35 50
8 35 50
8 35 50
8 36 50
8 36 50
8 36 50
8 36 50
8 36 50
8 36 50
8 36 50
8 36 50
8 36 50
8 36 50
8 37 50
8 37 50
8 37 50
8 37 50
8 37 50
8 37 50
8 37 50
8 37 50
8 38 50
8 38 50
8 38 50
8 38 50
8 38 50
8 38 50
8 39 50
8 39 50
8 39 50
8 39 50
8 40 50
8 40 50
8 40 50
8 41 50
8 41 50
8 42 50
8 43 50
8 44 50
8 45 50
8 46 50
8 47 50
47 137 50
46 137 50
45 137 50
44 137 50
43 137 50
42 137 50
41 137 50
40 137 50
39 137 50
38 137 50
37 137 50
36 137 50
35 137 50
34 137 50
33 137 50
32 137 50
31 137 50
30 137 50
29 137 50
28 137 50
28 137 50
27 137 50
27 137 50
26 137 50
26 137 50
25 137 50
25 137 50
25 137 50
24 137 50
24 137 50
24 137 50
24 137 50
23 137 50
23 137 50
23 137 50
23 137 50
22 137 50
22 137 50
22 137 50
22 137 50
22 137 50
21 137 50
21 137 50
21 137 50
21 137 50
21 137 50
20 137 50
20 137 50
20 137 50
20 137 50
20 137 50
19 137 50
19 137 50
19 137 50
19 137 50
19 137 50
18 137 50
18 137 50
18 137 50
18 137 50
18 137 50
17 137 50
17 137 50
17 137 50
17 137 50
17 137 50
17 137 50
16 137 50
16 137 50
16 137 50
16 137 50
16 137 50
16 137 50
15 137 50
15 137 50
15 137 50
15 137 50
15 137 50
15 137 50
14 137 50
14 137 50
14 137 50
14 137 50
14 137 50
14 137 50
14 137 50
13 137 50
13 137 50
13 137 50
13 137 50
13 137 50
13 137 50
13 137 50
13 137 50
12 137 50
12 137 50
12 137 50
12 137 50
12 137 50
12 137 50
12 137 50
12 137 50
12 137 50
11 137 50
11 137 50
11 137 50
11 137 50
11 137 50
11 137 50
11 137 50
11 137 50
10 137 50
10 137 50
10 137 50
10 137 50
10 137 50
10 137 50
10 137 50
9 137 50
9 137 50
9 137 50
9 137 50
9 137 50
9 137 50
8 137 50
8 137 50
8 137 50
8 137 50
8 137 50
8 137 50
48 137 250
49 137 50
50 137 50
51 137 50
52 137 50
53 137 50
54 137 50
55 137 50
56 137 50
57 137 50
58 137 50
58 137 50
59 137 50
59 137 50
60 137 50
60 137 50
61 137 50
61 137 50
61 137 50
62 137 50
62 137 50
62 137 50
63 137 50
63 137 50
63 137 50
63 137 50
63 137 50
64 137 50
64 137 50
64 137 50
64 137 50
64 137 50
64 137 50
64 137 50
64 137 50
65 137 50
65 137 50
65 137 50
65 137 50
65 137 50
65 137 50
65 137 50
65 137 50
65 137 50
65 137 50
65 137 50
65 137 50
65 137 50
65 137 50
66 137 50
66 137 50
66 137 50
66 137 50
66 137 50
66 137 50
66 137 50
66 137 50
66 137 50
66 137 50
66 137 50
66 137 50
66 137 50
66 137 50
66 137 50
66 137 50
66 137 50
66 137 50
66 137 50
66 137 50
66 137 50
66 137 50
66 137 50
67 137 50
67 137 50
67 137 50
67 137 50
67 137 50
67 137 50
67 137 50
67 137 50
67 137 50
67 137 50
67 137 50
67 137 50
67 137 50
67 137 50
67 137 50
67 137 50
67 137 50
67 137 50
67 137 50
67 137 50
67 137 50
67 137 50
67 137 50
67 137 50
67 137 50
67 137 50
67 137 50
67 137 50
67 137 50
67 137 50
67 137 50
67 137 50
67 137 50
67 137 50
68 137 50
68 137 50
68 137 50
68 137 50
68 137 50
68 137 50
68 137 50
68 137 50
68 137 50
68 137 50
68 137 50
68 137 50
68 137 50
68 137 50
68 137 50
68 137 50
68 137 50
68 137 50
68 137 50
68 137 50
68 137 50
68 137 50
68 137 50
68 137 50
68 137 50
68 137 50
68 137 50
68 137 50
68 137 50
68 137 50
68 137 50
68 137 50
68 137 50
68 137 50
68 137 50
68 137 50
68 137 50
68 137 50
68 137 50
68 137 50
68 137 50
68 137 50
68 137 50
68 137 50
68 137 50
68 137 50
69 137 50
69 137 50
69 137 50
69 137 50
69 137 50
69 137 50
69 137 50
69 137 50
69 137 50
69 137 50
69 137 50
69 137 50
69 137 50
69 137 50
69 137 50
69 137 50
69 137 50
69 137 50
69 137 50
69 137 50
69 137 50
69 137 50
69 137 50
69 137 50
69 137 50
69 137 50
69 137 50
69 137 50
69 137 50
69 137 50
69 137 50
69 137 50
69 137 50
69 137 50
69 137 50
69 137 50
69 137 50
69 137 50
69 137 50
69 137 50
69 137 50
69 137 50
69 137 50
69 137 50
69 137 50
69 137 50
69 137 50
69 137 50
69 137 50
69 137 50
69 137 50
69 137 50
69 137 50
69 137 50
69 137 50
69 137 50
69 137 50
69 137 50
70 137 50
70 137 50
70 137 50
70 137 50
70 137 50
70 137 50
70 137 50
70 137 50
70 137 50
70 137 50
70 137 50
70 137 50
70 137 50
70 137 50
70 137 50
70 137 50
70 137 50
70 137 50
70 137 50
70 137 50
70 137 50
70 137 50
70 137 50
70 137 50
70 137 50
70 137 50
70 137 50
70 137 50
70 137 50
70 137 50
70 137 50
70 137 50
70 137 50
70 137 50
70 137 50
70 137 50
70 137 50
70 137 50
70 137 50
70 137 50
70 137 50
70 137 50
70 137 50
70 137 50
70 137 50
70 137 50
70 137 50
70 137 50
70 137 50
70 137 50
70 137 50
70 137 50
70 137 50
70 137 50
70 137 50
70 137 50
70 137 50
70 137 50
70 137 50
70 137 50
70 137 50
70 137 50
70 137 50
70 137 50
70 137 50
70 137 50
70 137 50
70 137 50
71 137 50
71 137 50
71 137 50
71 137 50
71 137 50
71 137 50
71 137 50
71 137 50
71 137 50
71 137 50
71 137 50
71 137 50
71 137 50
71 137 50
71 137 50
71 137 50
71 137 50
71 137 50
71 137 50
71 137 50
71 137 50
71 137 50
71 137 50
71 137 50
71 137 50
71 137 50
71 137 50
71 137 50
71 137 50
71 137 50
71 137 50
71 137 50
71 137 50
71 137 50
71 137 50
71 137 50
71 137 50
71 137 50
71 137 50
71 137 50
71 137 50
71 137 50
71 137 50
71 137 50
71 137 50
71 137 50
71 137 50
71 137 50
71 137 50
71 137 50
71 137 50
71 137 50
71 137 50
71 137 50
71 137 50
71 137 50
71 137 50
71 137 50
71 137 50
71 137 50
71 137 50
71 137 50
71 137 50
71 137 50
71 137 50
71 137 50
71 137 50
71 137 50
71 137 50
71 137 50
71 137 50
71 137 50
71 137 50
72 137 50
72 137 50
72 137 50
72 137 50
72 137 50
72 137 50
72 137 50
72 137 50
72 137 50
72 137 50
72 137 50
72 137 50
72 137 50
72 137 50
72 137 50
72 137 50
72 137 50
72 137 50
72 137 50
72 137 50
72 137 50
72 137 50
72 137 50
72 137 50
72 137 50
72 137 50
72 137 50
72 137 50
72 137 50
72 137 50
72 137 50
72 137 50
72 137 50
72 137 50
72 137 50
72 137 50
72 137 50
72 137 50
72 137 50
72 137 50
72 137 50
72 137 50
72 137 50
72 137 50
72 137 50
72 137 50
72 137 50
72 137 50
72 137 50
72 137 50
72 137 50
72 137 50
72 137 50
72 137 50
72 137 50
72 137 50
72 137 50
72 137 50
72 137 50
72 137 50
72 137 50
72 137 50
72 137 50
72 137 50
72 137 50
72 137 50
72 137 50
72 137 50
72 137 50
72 137 50
72 137 50
72 137 50
72 137 50
72 137 50
72 137 50
73 137 50
73 137 50
73 137 50
73 137 50
73 137 50
73 137 50
73 137 50
73 137 50
73 137 50
73 137 50
73 137 50
73 137 50
73 137 50
73 137 50
73 137 50
73 137 50
73 137 50
73 137 50
73 137 50
73 137 50
73 137 50
73 137 50
73 137 50
73 137 50
73 137 50
73 137 50
73 137 50
73 137 50
73 137 50
73 137 50
73 137 50
73 137 50
73 137 50
73 137 50
73 137 50
73 137 50
73 137 50
73 137 50
73 137 50
73 137 50
73 137 50
73 137 50
73 137 50
73 137 50
73 137 50
73 137 50
73 137 50
73 137 50
73 137 50
73 137 50
73 137 50
73 137 50
73 137 50
73 137 50
73 137 50
73 137 50
73 137 50
73 137 50
73 137 50
73 137 50
73 137 50
73 137 50
73 137 50
73 137 50
73 137 50
73 137 50
73 137 50
73 137 50
73 137 50
73 137 50
73 137 50
73 137 50
73 137 50
73 137 50
73 137 50
74 137 50
74 137 50
74 137 50
74 137 50
74 137 50
74 137 50
74 137 50
74 137 50
74 137 50
74 137 50
74 137 50
74 137 50
74 137 50
74 137 50
74 137 50
74 137 50
74 137 50
74 137 50
74 137 50
74 137 50
74 137 50
74 137 50
74 137 50
74 137 50
74 137 50
74 137 50
74 137 50
74 137 50
74 137 50
74 137 50
74 137 50
74 137 50
74 137 50
74 137 50
74 137 50
74 137 50
74 137 50
74 137 50
74 137 50
74 137 50
74 137 50
74 137 50
74 137 50
74 137 50
74 137 50
74 137 50
74 137 50
74 137 50
74 137 50
74 137 50
74 137 50
74 137 50
74 137 50
74 137 50
74 137 50
74 137 50
74 137 50
74 137 50
74 137 50
74 137 50
74 137 50
74 137 50
74 137 50
74 137 50
74 137 50
74 137 50
74 137 50
74 137 50
74 137 50
74 137 50
74 137 50
75 137 50
75 137 50
75 137 50
75 137 50
75 137 50
75 137 50
75 137 50
75 137 50
75 137 50
75 137 50
75 137 50
75 137 50
75 137 50
75 137 50
75 137 50
75 137 50
75 137 50
75 137 50
75 137 50
75 137 50
75 137 50
75 137 50
75 137 50
75 137 50
75 137 50
75 137 50
75 137 50
75 137 50
75 137 50
75 137 50
75 137 50
75 137 50
75 137 50
75 137 50
75 137 50
75 137 50
75 137 50
75 137 50
75 137 50
75 137 50
75 137 50
75 137 50
75 137 50
75 137 50
75 137 50
75 137 50
75 137 50
75 137 50
75 137 50
75 137 50
75 137 50
75 137 50
75 137 50
75 137 50
75 137 50
75 137 50
75 137 50
75 137 50
75 137 50
75 137 50
75 137 50
75 137 50
75 137 50
75 137 50
75 137 50
75 137 50
76 137 50
76 137 50
76 137 50
76 137 50
76 137 50
76 137 50
76 137 50
76 137 50
76 137 50
76 137 50
76 137 50
76 137 50
76 137 50
76 137 50
76 137 50
76 137 50
76 137 50
76 137 50
76 137 50
76 137 50
76 137 50
76 137 50
76 137 50
76 137 50
76 137 50
76 137 50
76 137 50
76 137 50
76 137 50
76 137 50
76 137 50
76 137 50
76 137 50
76 137 50
76 137 50
76 137 50
76 137 50
76 137 50
76 137 50
76 137 50
76 137 50
76 137 50
76 137 50
76 137 50
76 137 50
76 137 50
76 137 50
76 137 50
76 137 50
76 137 50
76 137 50
76 137 50
76 137 50
76 137 50
76 137 50
76 137 50
76 137 50
76 137 50
76 137 50
76 137 50
77 137 50
77 137 50
77 137 50
77 137 50
77 137 50
77 137 50
77 137 50
77 137 50
77 137 50
77 137 50
77 137 50
77 137 50
77 137 50
77 137 50
77 137 50
77 137 50
77 137 50
77 137 50
77 137 50
77 137 50
77 137 50
77 137 50
77 137 50
77 137 50
77 137 50
77 137 50
77 137 50
77 137 50
77 137 50
77 137 50
77 137 50
77 137 50
77 137 50
77 137 50
77 137 50
77 137 50
77 137 50
77 137 50
77 137 50
77 137 50
77 137 50
77 137 50
77 137 50
77 137 50
77 137 50
77 137 50
77 137 50
77 137 50
77 137 50
77 137 50
77 137 50
77 137 50
77 137 50
78 137 50
78 137 50
78 137 50
78 137 50
78 137 50
78 137 50
78 137 50
78 137 50
78 137 50
78 137 50
78 137 50
78 137 50
78 137 50
78 137 50
78 137 50
78 137 50
78 137 50
78 137 50
78 137 50
78 137 50
78 137 50
78 137 50
78 137 50
78 137 50
78 137 50
78 137 50
78 137 50
78 137 50
78 137 50
78 137 50
78 137 50
78 137 50
78 137 50
78 137 50
78 137 50
78 137 50
78 137 50
78 137 50
78 137 50
78 137 50
78 137 50
78 137 50
78 137 50
78 137 50
78 137 50
79 137 50
79 137 50
79 137 50
79 137 50
79 137 50
79 137 50
79 137 50
79 137 50
79 137 50
79 137 50
79 137 50
79 137 50
79 137 50
79 137 50
79 137 50
79 137 50
79 137 50
79 137 50
79 137 50
79 137 50
79 137 50
79 137 50
79 137 50
79 137 50
79 137 50
79 137 50
79 137 50
79 137 50
79 137 50
79 137 50
79 137 50
79 137 50
79 137 50
79 137 50
79 137 50
79 137 50
79 137 50
79 137 50
80 137 50
80 137 50
80 137 50
80 137 50
80 137 50
80 137 50
80 137 50
80 137 50
80 137 50
80 137 50
80 137 50
80 137 50
80 137 50
80 137 50
80 137 50
80 137 50
80 137 50
80 137 50
80 137 50
80 137 50
80 137 50
80 137 50
80 137 50
80 137 50
80 137 50
80 137 50
80 137 50
80 137 50
80 137 50
80 137 50
80 137 50
80 137 50
81 137 50
81 137 50
81 137 50
81 137 50
81 137 50
81 137 50
81 137 50
81 137 50
81 137 50
81 137 50
81 137 50
81 137 50
81 137 50
81 137 50
81 137 50
81 137 50
81 137 50
81 137 50
81 137 50
81 137 50
81 137 50
81 137 50
81 137 50
81 137 50
81 137 50
81 137 50
82 137 50
82 137 50
82 137 50
82 137 50
82 137 50
82 137 50
82 137 50
82 137 50
82 137 50
82 137 50
82 137 50
82 137 50
82 137 50
82 137 50
82 137 50
82 137 50
82 137 50
82 137 50
82 137 50
82 137 50
82 137 50
83 137 50
83 137 50
83 137 50
83 137 50
83 137 50
83 137 50
83 137 50
83 137 50
83 137 50
83 137 50
83 137 50
83 137 50
83 137 50
83 137 50
83 137 50
83 137 50
84 137 50
84 137 50
84 137 50
84 137 50
84 137 50
84 137 50
84 137 50
84 137 50
84 137 50
84 137 50
84 137 50
84 137 50
85 137 50
85 137 50
85 137 50
85 137 50
85 137 50
85 137 50
85 137 50
85 137 50
85 137 50
85 137 50
86 137 50
86 137 50
86 137 50
86 137 50
86 137 50
86 137 50
86 137 50
86 137 50
87 137 50
87 137 50
87 137 50
87 137 50
87 137 50
87 137 50
88 137 50
88 137 50
88 137 50
88 137 50
88 137 50
88 137 50
89 137 50
89 137 50
89 137 50
89 137 50
89 137 50
90 137 50
90 137 50
90 137 50
90 137 50
90 137 50
90 137 50
91 137 50
91 137 50
91 137 50
91 137 50
91 137 50
91 137 50
92 137 50
92 137 50
92 137 50
92 137 50
92 137 50
92 137 50
92 137 50
93 137 50
93 137 50
93 137 50
93 137 50
93 137 50
93 137 50
93 137 50
93 137 50
94 137 50
94 137 50
94 137 50
94 137 50
94 137 50
94 137 50
94 137 50
94 137 50
94 137 50
94 137 50
95 137 50
95 137 50
95 137 50
95 137 50
95 137 50
95 137 50
95 137 50
95 137 50
95 137 50
95 137 50
95 137 50
95 137 50
96 137 50
96 137 50
96 137 50
96 137 50
96 137 50
96 137 50
96 137 50
96 137 50
96 137 50
96 137 50
96 137 50
96 137 50
96 137 50
96 137 50
97 137 50
97 137 50
97 137 50
97 137 50
97 137 50
97 137 50
97 137 50
97 137 50
97 137 50
97 137 50
97 137 50
97 137 50
97 137 50
97 137 50
97 137 50
97 137 50
97 137 50
98 137 50
98 137 50
98 137 50
98 137 50
98 137 50
98 137 50
98 137 50
98 137 50
98 137 50
98 137 50
98 137 50
98 137 50
98 137 50
98 137 50
98 137 50
98 137 50
98 137 50
98 137 50
98 137 50
98 137 50
99 137 50
99 137 50
99 137 50
99 137 50
99 137 50
99 137 50
99 137 50
99 137 50
99 137 50
99 137 50
99 137 50
99 137 50
99 137 50
99 137 50
99 137 50
99 137 50
99 137 50
99 137 50
99 137 50
99 137 50
99 137 50
99 137 50
99 137 50
99 137 50
100 137 50
100 137 50
100 137 50
100 137 50
100 137 50
100 137 50
100 137 50
100 137 50
100 137 50
100 137 50
100 137 50
100 137 50
100 137 50
100 137 50
100 137 50
100 137 50
100 137 50
100 137 50
100 137 50
100 137 50
100 137 50
100 137 50
100 137 50
100 137 50
100 137 50
100 137 50
100 137 50
100 137 50
101 137 50
101 137 50
101 137 50
101 137 50
101 137 50
101 137 50
101 137 50
101 137 50
101 137 50
101 137 50
101 137 50
101 137 50
101 137 50
101 137 50
101 137 50
101 137 50
101 137 50
101 137 50
101 137 50
101 137 50
101 137 50
101 137 50
101 137 50
101 137 50
101 137 50
101 137 50
101 137 50
101 137 50
101 137 50
101 137 50
101 137 50
101 137 50
101 137 50
102 137 50
102 137 50
102 137 50
102 137 50
102 137 50
102 137 50
102 137 50
102 137 50
102 137 50
102 137 50
102 137 50
102 137 50
102 137 50
102 137 50
102 137 50
102 137 50
102 137 50
102 137 50
102 137 50
102 137 50
102 137 50
102 137 50
102 137 50
102 137 50
102 137 50
102 137 50
102 137 50
102 137 50
102 137 50
102 137 50
102 137 50
102 137 50
102 137 50
102 137 50
102 137 50
102 137 50
102 137 50
103 137 50
103 137 50
103 137 50
103 137 50
103 137 50
103 137 50
103 137 50
103 137 50
103 137 50
103 137 50
103 137 50
103 137 50
103 137 50
103 137 50
103 137 50
103 137 50
103 137 50
103 137 50
103 137 50
103 137 50
103 137 50
103 137 50
103 137 50
103 137 50
103 137 50
103 137 50
103 137 50
103 137 50
103 137 50
103 137 50
103 137 50
103 137 50
103 137 50
103 137 50
103 137 50
103 137 50
103 137 50
103 137 50
103 137 50
103 137 50
103 137 50
104 137 50
104 137 50
104 137 50
104 137 50
104 137 50
104 137 50
104 137 50
104 137 50
104 137 50
104 137 50
104 137 50
104 137 50
104 137 50
104 137 50
104 137 50
104 137 50
104 137 50
104 137 50
104 137 50
104 137 50
104 137 50
104 137 50
104 137 50
104 137 50
104 137 50
104 137 50
104 137 50
104 137 50
104 137 50
104 137 50
104 137 50
104 137 50
104 137 50
104 137 50
104 137 50
104 137 50
104 137 50
104 137 50
104 137 50
104 137 50
104 137 50
104 137 50
105 137 50
105 137 50
105 137 50
105 137 50
105 137 50
105 137 50
105 137 50
105 137 50
105 137 50
105 137 50
105 137 50
105 137 50
105 137 50
105 137 50
105 137 50
105 137 50
105 137 50
105 137 50
105 137 50
105 137 50
105 137 50
105 137 50
105 137 50
105 137 50
105 137 50
105 137 50
105 137 50
105 137 50
105 137 50
105 137 50
105 137 50
105 137 50
105 137 50
105 137 50
105 137 50
105 137 50
105 137 50
105 137 50
105 137 50
105 137 50
105 137 50
105 137 50
106 137 50
106 137 50
106 137 50
106 137 50
106 137 50
106 137 50
106 137 50
106 137 50
106 137 50
106 137 50
106 137 50
106 137 50
106 137 50
106 137 50
106 137 50
106 137 50
106 137 50
106 137 50
106 137 50
106 137 50
106 137 50
106 137 50
106 137 50
106 137 50
106 137 50
106 137 50
106 137 50
106 137 50
106 137 50
106 137 50
106 137 50
106 137 50
106 137 50
106 137 50
106 137 50
106 137 50
106 137 50
106 137 50
106 137 50
107 137 50
107 137 50
107 137 50
107 137 50
107 137 50
107 137 50
107 137 50
107 137 50
107 137 50
107 137 50
107 137 50
107 137 50
107 137 50
107 137 50
107 137 50
107 137 50
107 137 50
107 137 50
107 137 50
107 137 50
107 137 50
107 137 50
107 137 50
107 137 50
107 137 50
107 137 50
107 137 50
107 137 50
107 137 50
107 137 50
107 137 50
107 137 50
107 137 50
107 137 50
107 137 50
108 137 50
108 137 50
108 137 50
108 137 50
108 137 50
108 137 50
108 137 50
108 137 50
108 137 50
108 137 50
108 137 50
108 137 50
108 137 50
108 137 50
108 137 50
108 137 50
108 137 50
108 137 50
108 137 50
108 137 50
108 137 50
108 137 50
108 137 50
108 137 50
108 137 50
108 137 50
108 137 50
108 137 50
108 137 50
109 137 50
109 137 50
109 137 50
109 137 50
109 137 50
109 137 50
109 137 50
109 137 50
109 137 50
109 137 50
109 137 50
109 137 50
109 137 50
109 137 50
109 137 50
109 137 50
109 137 50
109 137 50
109 137 50
109 137 50
109 137 50
109 137 50
110 137 50
110 137 50
110 137 50
110 137 50
110 137 50
110 137 50
110 137 50
110 137 50
110 137 50
110 137 50
110 137 50
110 137 50
110 137 50
110 137 50
110 137 50
111 137 50
111 137 50
111 137 50
111 137 50
111 137 50
111 137 50
111 137 50
111 137 50
111 137 50
111 137 50
112 137 50
112 137 50
112 137 50
112 137 50
112 137 50
112 137 50
113 137 50
113 137 50
113 137 50
114 137 50
114 137 50
115 137 50
115 137 50
116 137 50
117 137 50
118 137 50
119 137 50
120 137 50
121 137 50
122 137 50
123 137 50
124 137 50
125 137 50
126 137 50
127 137 50
128 137 50
128 137 50
129 137 50
129 137 50
129 137 50
130 137 50
130 137 50
130 137 50
130 137 50
130 137 50
131 137 50
131 137 50
131 137 50
131 137 50
131 137 50
131 137 50
131 137 50
131 137 50
132 137 50
132 137 50
132 137 50
132 137 50
132 137 50
132 137 50
132 137 50
132 137 50
132 137 50
132 137 50
132 137 50
133 137 50
133 137 50
133 137 50
133 137 50
133 137 50
133 137 50
133 137 50
133 137 50
133 137 50
133 137 50
133 137 50
133 137 50
133 137 50
134 137 50
134 137 50
134 137 50
134 137 50
134 137 50
134 137 50
134 137 50
134 137 50
134 137 50
134 137 50
134 137 50
134 137 50
134 137 50
134 137 50
134 137 50
134 137 50
135 137 50
135 137 50
135 137 50
135 137 50
135 137 50
135 137 50
135 137 50
135 137 50
135 137 50
135 137 50
135 137 50
135 137 50
135 137 50
135 137 50
135 137 50
135 137 50
135 137 50
135 137 50
136 137 50
136 137 50
136 137 50
136 137 50
136 137 50
136 137 50
136 137 50
136 137 50
136 137 50
136 137 50
136 137 50
136 137 50
136 137 50
136 137 50
136 137 50
136 137 50
136 137 50
136 137 50
136 137 50
136 137 50
136 137 50
137 137 50
137 137 50
137 137 50
137 137 50
137 137 50
137 137 50
137 137 50
137 137 50
137 137 50
137 137 50
137 137 50
137 137 50
137 137 50
137 137 50
137 137 50
137 137 50
137 137 50
137 137 50
137 137 50
137 137 50
137 137 50
137 137 50
137 137 50
137 137 50
137 137 50
138 137 50
138 137 50
138 137 50
138 137 50
138 137 50
138 137 50
138 137 50
138 137 50
138 137 50
138 137 50
138 137 50
138 137 50
138 137 50
138 137 50
138 137 50
138 137 50
138 137 50
138 137 50
138 137 50
138 137 50
138 137 50
138 137 50
138 137 50
138 137 50
138 137 50
138 137 50
138 137 50
138 137 50
138 137 50
138 137 50
138 137 50
139 137 50
139 137 50
139 137 50
139 137 50
139 137 50
139 137 50
139 137 50
139 137 50
139 137 50
139 137 50
139 137 50
139 137 50
139 137 50
139 137 50
139 137 50
139 137 50
139 137 50
139 137 50
139 137 50
139 137 50
139 137 50
139 137 50
139 137 50
139 137 50
139 137 50
139 137 50
139 137 50
139 137 50
139 137 50
139 137 50
139 137 50
139 137 50
139 137 50
139 137 50
139 137 50
139 137 50
139 137 50
139 137 50
140 137 50
140 137 50
140 137 50
140 137 50
140 137 50
140 137 50
140 137 50
140 137 50
140 137 50
140 137 50
140 137 50
140 137 50
140 137 50
140 137 50
140 137 50
140 137 50
140 137 50
140 137 50
140 137 50
140 137 50
140 137 50
140 137 50
140 137 50
140 137 50
140 137 50
140 137 50
140 137 50
140 137 50
140 137 50
140 137 50
140 137 50
140 137 50
140 137 50
140 137 50
140 137 50
140 137 50
140 137 50
140 137 50
140 137 50
140 137 50
140 137 50
140 137 50
140 137 50
140 137 50
140 137 50
140 137 50
140 137 50
141 137 50
141 137 50
141 137 50
141 137 50
141 137 50
141 137 50
141 137 50
141 137 50
141 137 50
141 137 50
141 137 50
141 137 50
141 137 50
141 137 50
141 137 50
141 137 50
141 137 50
141 137 50
141 137 50
141 137 50
141 137 50
141 137 50
141 137 50
141 137 50
141 137 50
141 137 50
141 137 50
141 137 50
141 137 50
141 137 50
141 137 50
141 137 50
141 137 50
141 137 50
141 137 50
141 137 50
141 137 50
141 137 50
141 137 50
141 137 50
141 137 50
141 137 50
141 137 50
141 137 50
141 137 50
141 137 50
141 137 50
141 137 50
141 137 50
141 137 50
141 137 50
141 137 50
141 137 50
141 137 50
141 137 50
142 137 50
142 137 50
142 137 50
142 137 50
142 137 50
142 137 50
142 137 50
142 137 50
142 137 50
142 137 50
142 137 50
142 137 50
142 137 50
142 137 50
142 137 50
142 137 50
142 137 50
142 137 50
142 137 50
142 137 50
142 137 50
142 137 50
142 137 50
142 137 50
142 137 50
142 137 50
142 137 50
142 137 50
142 137 50
142 137 50
142 137 50
142 137 50
142 137 50
142 137 50
142 137 50
142 137 50
142 137 50
142 137 50
142 137 50
142 137 50
142 137 50
142 137 50
142 137 50
142 137 50
142 137 50
142 137 50
142 137 50
142 137 50
142 137 50
142 137 50
142 137 50
142 137 50
142 137 50
142 137 50
142 137 50
142 137 50
142 137 50
142 137 50
142 137 50
142 137 50
142 137 50
142 137 50
143 137 50
143 137 50
143 137 50
143 137 50
143 137 50
143 137 50
143 137 50
143 137 50
143 137 50
143 137 50
143 137 50
143 137 50
143 137 50
143 137 50
143 137 50
143 137 50
143 137 50
143 137 50
143 137 50
143 137 50
143 137 50
143 137 50
143 137 50
143 137 50
143 137 50
143 137 50
143 137 50
143 137 50
143 137 50
143 137 50
143 137 50
143 137 50
143 137 50
143 137 50
143 137 50
143 137 50
143 137 50
143 137 50
143 137 50
143 137 50
143 137 50
143 137 50
143 137 50
143 137 50
143 137 50
143 137 50
143 137 50
143 137 50
143 137 50
143 137 50
143 137 50
143 137 50
143 137 50
143 137 50
143 137 50
143 137 50
143 137 50
143 137 50
143 137 50
143 137 50
143 137 50
143 137 50
143 137 50
143 137 50
143 137 50
143 137 50
143 137 50
143 137 50
144 137 50
144 137 50
144 137 50
144 137 50
144 137 50
144 137 50
144 137 50
144 137 50
144 137 50
144 137 50
144 137 50
144 137 50
144 137 50
144 137 50
144 137 50
144 137 50
144 137 50
144 137 50
144 137 50
144 137 50
144 137 50
144 137 50
144 137 50
144 137 50
144 137 50
144 137 50
144 137 50
144 137 50
144 137 50
144 137 50
144 137 50
144 137 50
144 137 50
144 137 50
144 137 50
144 137 50
144 137 50
144 137 50
144 137 50
144 137 50
144 137 50
144 137 50
144 137 50
144 137 50
144 137 50
144 137 50
144 137 50
144 137 50
144 137 50
144 137 50
144 137 50
144 137 50
144 137 50
144 137 50
144 137 50
144 137 50
144 137 50
144 137 50
144 137 50
144 137 50
144 137 50
144 137 50
144 137 50
144 137 50
144 137 50
144 137 50
144 137 50
144 137 50
144 137 50
144 137 50
144 137 50
144 137 50
145 137 50
145 137 50
145 137 50
145 137 50
145 137 50
145 137 50
145 137 50
145 137 50
145 137 50
145 137 50
145 137 50
145 137 50
145 137 50
145 137 50
145 137 50
145 137 50
145 137 50
145 137 50
145 137 50
145 137 50
145 137 50
145 137 50
145 137 50
145 137 50
145 137 50
145 137 50
145 137 50
145 137 50
145 137 50
145 137 50
145 137 50
145 137 50
145 137 50
145 137 50
145 137 50
145 137 50
145 137 50
145 137 50
145 137 50
145 137 50
145 137 50
145 137 50
145 137 50
145 137 50
145 137 50
145 137 50
145 137 50
145 137 50
145 137 50
145 137 50
145 137 50
145 137 50
145 137 50
145 137 50
145 137 50
145 137 50
145 137 50
145 137 50
145 137 50
145 137 50
145 137 50
145 137 50
145 137 50
145 137 50
145 137 50
145 137 50
145 137 50
145 137 50
145 137 50
145 137 50
145 137 50
145 137 50
145 137 50
146 137 50
146 137 50
146 137 50
146 137 50
146 137 50
146 137 50
146 137 50
146 137 50
146 137 50
146 137 50
146 137 50
146 137 50
146 137 50
146 137 50
146 137 50
146 137 50
146 137 50
146 137 50
146 137 50
146 137 50
146 137 50
146 137 50
146 137 50
146 137 50
146 137 50
146 137 50
146 137 50
146 137 50
146 137 50
146 137 50
146 137 50
146 137 50
146 137 50
146 137 50
146 137 50
146 137 50
146 137 50
146 137 50
146 137 50
146 137 50
146 137 50
146 137 50
146 137 50
146 137 50
146 137 50
146 137 50
146 137 50
146 137 50
146 137 50
146 137 50
146 137 50
146 137 50
146 137 50
146 137 50
146 137 50
146 137 50
146 137 50
146 137 50
146 137 50
146 137 50
146 137 50
146 137 50
146 137 50
146 137 50
146 137 50
146 137 50
146 137 50
146 137 50
146 137 50
146 137 50
146 137 50
146 137 50
146 137 50
147 137 50
147 137 50
147 137 50
147 137 50
147 137 50
147 137 50
147 137 50
147 137 50
147 137 50
147 137 50
147 137 50
147 137 50
147 137 50
147 137 50
147 137 50
147 137 50
147 137 50
147 137 50
147 137 50
147 137 50
147 137 50
147 137 50
147 137 50
147 137 50
147 137 50
147 137 50
147 137 50
147 137 50
147 137 50
147 137 50
147 137 50
147 137 50
147 137 50
147 137 50
147 137 50
147 137 50
147 137 50
147 137 50
147 137 50
147 137 50
147 137 50
147 137 50
147 137 50
147 137 50
147 137 50
147 137 50
147 137 50
147 137 50
147 137 50
147 137 50
147 137 50
147 137 50
147 137 50
147 137 50
147 137 50
147 137 50
147 137 50
147 137 50
147 137 50
147 137 50
147 137 50
147 137 50
147 137 50
147 137 50
147 137 50
147 137 50
147 137 50
147 137 50
147 137 50
147 137 50
147 137 50
147 137 50
148 137 50
148 137 50
148 137 50
148 137 50
148 137 50
148 137 50
148 137 50
148 137 50
148 137 50
148 137 50
148 137 50
148 137 50
148 137 50
148 137 50
148 137 50
148 137 50
148 137 50
148 137 50
148 137 50
148 137 50
148 137 50
148 137 50
148 137 50
148 137 50
148 137 50
148 137 50
148 137 50
148 137 50
148 137 50
148 137 50
148 137 50
148 137 50
148 137 50
148 137 50
148 137 50
148 137 50
148 137 50
148 137 50
148 137 50
148 137 50
148 137 50
148 137 50
148 137 50
148 137 50
148 137 50
148 137 50
148 137 50
148 137 50
148 137 50
148 137 50
148 137 50
148 137 50
148 137 50
148 137 50
148 137 50
148 137 50
148 137 50
148 137 50
148 137 50
148 137 50
148 137 50
148 137 50
148 137 50
148 137 50
148 137 50
148 137 50
148 137 50
148 137 50
148 137 50
149 137 50
149 137 50
149 137 50
149 137 50
149 137 50
149 137 50
149 137 50
149 137 50
149 137 50
149 137 50
149 137 50
149 137 50
149 137 50
149 137 50
149 137 50
149 137 50
149 137 50
149 137 50
149 137 50
149 137 50
149 137 50
149 137 50
149 137 50
149 137 50
149 137 50
149 137 50
149 137 50
149 137 50
149 137 50
149 137 50
149 137 50
149 137 50
149 137 50
149 137 50
149 137 50
149 137 50
149 137 50
149 137 50
149 137 50
149 137 50
149 137 50
149 137 50
149 137 50
149 137 50
149 137 50
149 137 50
149 137 50
149 137 50
149 137 50
149 137 50
149 137 50
149 137 50
149 137 50
149 137 50
149 137 50
149 137 50
149 137 50
149 137 50
149 137 50
149 137 50
149 137 50
149 137 50
149 137 50
149 137 50
150 137 50
150 137 50
150 137 50
150 137 50
150 137 50
150 137 50
150 137 50
150 137 50
150 137 50
150 137 50
150 137 50
150 137 50
150 137 50
150 137 50
150 137 50
150 137 50
150 137 50
150 137 50
150 137 50
150 137 50
150 137 50
150 137 50
150 137 50
150 137 50
150 137 50
150 137 50
150 137 50
150 137 50
150 137 50
150 137 50
150 137 50
150 137 50
150 137 50
150 137 50
150 137 50
150 137 50
150 137 50
150 137 50
150 137 50
150 137 50
150 137 50
150 137 50
150 137 50
150 137 50
150 137 50
150 137 50
150 137 50
150 137 50
150 137 50
150 137 50
150 137 50
150 137 50
150 137 50
150 137 50
150 137 50
150 137 50
150 137 50
150 137 50
150 137 50
150 137 50
150 137 50
151 137 50
151 137 50
151 137 50
151 137 50
151 137 50
151 137 50
151 137 50
151 137 50
151 137 50
151 137 50
151 137 50
151 137 50
151 137 50
151 137 50
151 137 50
151 137 50
151 137 50
151 137 50
151 137 50
151 137 50
151 137 50
151 137 50
151 137 50
151 137 50
151 137 50
151 137 50
151 137 50
151 137 50
151 137 50
151 137 50
151 137 50
151 137 50
151 137 50
151 137 50
151 137 50
151 137 50
151 137 50
151 137 50
151 137 50
151 137 50
151 137 50
151 137 50
151 137 50
151 137 50
151 137 50
151 137 50
151 137 50
151 137 50
151 137 50
151 137 50
151 137 50
151 137 50
151 137 50
151 137 50
151 137 50
151 137 50
151 137 50
152 137 50
152 137 50
152 137 50
152 137 50
152 137 50
152 137 50
152 137 50
152 137 50
152 137 50
152 137 50
152 137 50
152 137 50
152 137 50
152 137 50
152 137 50
152 137 50
152 137 50
152 137 50
152 137 50
152 137 50
152 137 50
152 137 50
152 137 50
152 137 50
152 137 50
152 137 50
152 137 50
152 137 50
152 137 50
152 137 50
152 137 50
152 137 50
152 137 50
152 137 50
152 137 50
152 137 50
152 137 50
152 137 50
152 137 50
152 137 50
152 137 50
152 137 50
152 137 50
152 137 50
152 137 50
152 137 50
152 137 50
152 137 50
152 137 50
152 137 50
152 137 50
153 137 50
153 137 50
153 137 50
153 137 50
153 137 50
153 137 50
153 137 50
153 137 50
153 137 50
153 137 50
153 137 50
153 137 50
153 137 50
153 137 50
153 137 50
153 137 50
153 137 50
153 137 50
153 137 50
153 137 50
153 137 50
153 137 50
153 137 50
153 137 50
153 137 50
153 137 50
153 137 50
153 137 50
153 137 50
153 137 50
153 137 50
153 137 50
153 137 50
153 137 50
153 137 50
153 137 50
153 137 50
153 137 50
153 137 50
153 137 50
153 137 50
153 137 50
153 137 50
153 137 50
153 137 50
154 137 50
154 137 50
154 137 50
154 137 50
154 137 50
154 137 50
154 137 50
154 137 50
154 137 50
154 137 50
154 137 50
154 137 50
154 137 50
154 137 50
154 137 50
154 137 50
154 137 50
154 137 50
154 137 50
154 137 50
154 137 50
154 137 50
154 137 50
154 137 50
154 137 50
154 137 50
154 137 50
154 137 50
154 137 50
154 137 50
154 137 50
154 137 50
154 137 50
154 137 50
154 137 50
154 137 50
154 137 50
154 137 50
154 137 50
154 137 50
154 137 50
155 137 50
155 137 50
155 137 50
155 137 50
155 137 50
155 137 50
155 137 50
155 137 50
155 137 50
155 137 50
155 137 50
155 137 50
155 137 50
155 137 50
155 137 50
155 137 50
155 137 50
155 137 50
155 137 50
155 137 50
155 137 50
155 137 50
155 137 50
155 137 50
155 137 50
155 137 50
155 137 50
155 137 50
155 137 50
155 137 50
155 137 50
155 137 50
155 137 50
155 137 50
155 137 50
155 137 50
156 137 50
156 137 50
156 137 50
156 137 50
156 137 50
156 137 50
156 137 50
156 137 50
156 137 50
156 137 50
156 137 50
156 137 50
156 137 50
156 137 50
156 137 50
156 137 50
156 137 50
156 137 50
156 137 50
156 137 50
156 137 50
156 137 50
156 137 50
156 137 50
156 137 50
156 137 50
156 137 50
156 137 50
156 137 50
156 137 50
156 137 50
156 137 50
157 137 50
157 137 50
157 137 50
157 137 50
157 137 50
157 137 50
157 137 50
157 137 50
157 137 50
157 137 50
157 137 50
157 137 50
157 137 50
157 137 50
157 137 50
157 137 50
157 137 50
157 137 50
157 137 50
157 137 50
157 137 50
157 137 50
157 137 50
157 137 50
157 137 50
157 137 50
157 137 50
158 137 50
158 137 50
158 137 50
158 137 50
158 137 50
158 137 50
158 137 50
158 137 50
158 137 50
158 137 50
158 137 50
158 137 50
158 137 50
158 137 50
158 137 50
158 137 50
158 137 50
158 137 50
158 137 50
158 137 50
158 137 50
158 137 50
158 137 50
158 137 50
158 137 50
159 137 50
159 137 50
159 137 50
159 137 50
159 137 50
159 137 50
159 137 50
159 137 50
159 137 50
159 137 50
159 137 50
159 137 50
159 137 50
159 137 50
159 137 50
159 137 50
159 137 50
159 137 50
159 137 50
159 137 50
159 137 50
159 137 50
159 137 50
159 137 50
160 137 50
160 137 50
160 137 50
160 137 50
160 137 50
160 137 50
160 137 50
160 137 50
160 137 50
160 137 50
160 137 50
160 137 50
160 137 50
160 137 50
160 137 50
160 137 50
160 137 50
160 137 50
160 137 50
160 137 50
160 137 50
160 137 50
160 137 50
160 137 50
161 137 50
161 137 50
161 137 50
161 137 50
161 137 50
161 137 50
161 137 50
161 137 50
161 137 50
161 137 50
161 137 50
161 137 50
161 137 50
161 137 50
161 137 50
161 137 50
161 137 50
161 137 50
161 137 50
161 137 50
161 137 50
161 137 50
161 137 50
161 137 50
161 137 50
162 137 50
162 137 50
162 137 50
162 137 50
162 137 50
162 137 50
162 137 50
162 137 50
162 137 50
162 137 50
162 137 50
162 137 50
162 137 50
162 137 50
162 137 50
162 137 50
162 137 50
162 137 50
162 137 50
162 137 50
162 137 50
162 137 50
162 137 50
162 137 50
162 137 50
163 137 50
163 137 50
163 137 50
163 137 50
163 137 50
163 137 50
163 137 50
163 137 50
163 137 50
163 137 50
163 137 50
163 137 50
163 137 50
163 137 50
163 137 50
163 137 50
163 137 50
163 137 50
163 137 50
163 137 50
163 137 50
163 137 50
163 137 50
164 137 50
164 137 50
164 137 50
164 137 50
164 137 50
164 137 50
164 137 50
164 137 50
164 137 50
164 137 50
164 137 50
164 137 50
164 137 50
164 137 50
164 137 50
164 137 50
164 137 50
164 137 50
164 137 50
164 137 50
164 137 50
165 137 50
165 137 50
165 137 50
165 137 50
165 137 50
165 137 50
165 137 50
165 137 50
165 137 50
165 137 50
165 137 50
165 137 50
165 137 50
165 137 50
165 137 50
165 137 50
165 137 50
166 137 50
166 137 50
166 137 50
166 137 50
166 137 50
166 137 50
166 137 50
166 137 50
166 137 50
166 137 50
166 137 50
166 137 50
166 137 50
166 137 50
167 137 50
167 137 50
167 137 50
167 137 50
167 137 50
167 137 50
167 137 50
167 137 50
167 137 50
167 137 50
167 137 50
168 137 50
168 137 50
168 137 50
168 137 50
168 137 50
168 137 50
168 137 50
168 137 50
168 137 50
169 137 50
169 137 50
169 137 50
169 137 50
169 137 50
169 137 50
169 137 50
169 137 50
170 137 50
170 137 50
170 137 50
170 137 50
170 137 50
170 137 50
170 137 50
171 137 50
171 137 50
171 137 50
171 137 50
171 137 50
171 137 50
171 137 50
172 137 50
172 137 50
172 137 50
172 137 50
172 137 50
172 137 50
172 137 50
173 137 50
173 137 50
173 137 50
173 137 50
173 137 50
173 137 50
173 137 50
174 137 50
174 137 50
174 137 50
174 137 50
174 137 50
174 137 50
174 137 50
175 137 50
175 137 50
175 137 50
175 137 50
175 137 50
175 137 50
175 137 50
176 137 50
176 137 50
176 137 50
176 137 50
176 137 50
176 137 50
177 137 50
177 137 50
177 137 50
177 137 50
177 137 50
178 137 50
178 137 50
178 137 50
178 137 50
178 137 50
179 137 50
179 137 50
179 137 50
179 137 50
180 137 50
180 137 50
180 137 50
181 137 50
181 137 50
181 137 50
182 137 50
182 137 50
183 137 50
183 137 50
184 137 50
184 137 50
185 137 50
185 137 50
186 137 50
187 137 50
188 137 50
189 137 50
190 137 50
191 137 50
192 137 50
193 137 50
194 137 50
195 137 50
196 137 50
196 136 50
196 135 50
196 134 50
196 133 50
195 133 50
194 133 50
193 133 50
192 133 50
192 132 50
192 131 50
192 130 50
192 129 50
192 128 50
192 127 50
192 126 50
192 125 50
192 124 50
192 123 50
192 122 50
192 121 50
192 120 50
192 120 50
192 119 50
192 119 50
192 118 50
192 118 50
192 118 50
192 118 50
192 117 50
192 117 50
192 117 50
192 117 50
192 117 50
192 116 50
192 116 50
192 116 50
192 116 50
192 116 50
192 116 50
192 115 50
192 115 50
192 115 50
192 115 50
192 115 50
192 115 50
192 114 50
192 114 50
192 114 50
192 114 50
192 114 50
192 114 50
192 113 50
192 113 50
192 113 50
192 113 50
192 113 50
192 113 50
192 112 50
192 112 50
192 112 50
192 112 50
192 112 50
192 111 50
192 111 50
192 111 50
192 111 50
192 111 50
192 110 50
192 110 50
192 110 50
192 110 50
192 110 50
192 109 50
192 109 50
192 109 50
192 109 50
192 108 50
192 108 50
192 108 50
192 108 50
192 107 50
192 107 50
192 107 50
192 107 50
192 106 50
192 106 50
192 106 50
192 105 50
192 105 50
192 105 50
192 104 50
192 104 50
192 104 50
192 103 50
192 103 50
192 102 50
192 102 50
192 101 50
192 100 50
192 99 50
192 98 50
192 97 50
192 96 50
192 95 50
192 94 50
192 93 50
192 92 50
192 91 50
192 90 50
192 90 50
192 89 50
192 89 50
192 88 50
192 88 50
192 87 50
192 87 50
192 86 50
192 86 50
192 85 50
192 85 50
192 85 50
192 84 50
192 84 50
192 84 50
192 83 50
192 83 50
192 83 50
192 82 50
192 82 50
192 82 50
192 82 50
192 81 50
192 81 50
192 81 50
192 81 50
192 81 50
192 80 50
192 80 50
192 80 50
192 80 50
192 80 50
192 79 50
192 79 50
192 79 50
192 79 50
192 79 50
192 79 50
192 78 50
192 78 50
192 78 50
192 78 50
192 78 50
191 78 200
191 78 50
191 78 50
191 78 50
191 78 50
191 78 50
190 78 50
190 78 50
190 78 50
190 78 50
190 78 50
190 78 50
190 78 50
190 78 50
190 78 50
190 78 50
190 78 50
190 78 50
190 78 50
190 78 50
190 78 50
190 78 50
190 78 50
189 78 50
189 78 50
189 78 50
189 78 50
189 78 50
189 78 50
189 78 50
189 78 50
189 78 50
189 78 50
189 78 50
189 78 50
189 78 50
189 78 50
189 78 50
189 78 50
189 78 50
189 78 50
189 78 50
189 78 50
189 78 50
189 78 50
189 78 50
189 78 50
189 78 50
189 78 50
189 78 50
189 78 50
189 78 50
188 78 50
188 78 50
188 78 50
188 78 50
188 78 50
188 78 50
188 78 50
188 78 50
188 78 50
188 78 50
188 78 50
188 78 50
188 78 50
188 78 50
188 78 50
188 78 50
188 78 50
188 78 50
188 78 50
188 78 50
188 78 50
188 78 50
188 78 50
188 78 50
188 78 50
188 78 50
188 78 50
188 78 50
188 78 50
188 78 50
188 78 50
188 78 50
188 78 50
188 78 50
188 78 50
188 78 50
188 78 50
188 78 50
188 78 50
188 78 50
188 78 50
187 78 50
187 78 50
187 78 50
187 78 50
187 78 50
187 78 50
187 78 50
187 78 50
187 78 50
187 78 50
187 78 50
187 78 50
187 78 50
187 78 50
187 78 50
187 78 50
187 78 50
187 78 50
187 78 50
187 78 50
187 78 50
187 78 50
187 78 50
187 78 50
187 78 50
187 78 50
187 78 50
187 78 50
187 78 50
187 78 50
187 78 50
187 78 50
187 78 50
187 78 50
187 78 50
187 78 50
187 78 50
187 78 50
187 78 50
187 78 50
187 78 50
187 78 50
187 78 50
187 78 50
187 78 50
187 78 50
187 78 50
187 78 50
187 78 50
187 78 50
187 78 50
187 78 50
187 78 50
186 78 50
186 78 50
186 78 50
186 78 50
186 78 50
186 78 50
186 78 50
186 78 50
186 78 50
186 78 50
186 78 50
186 78 50
186 78 50
186 78 50
186 78 50
186 78 50
186 78 50
186 78 50
186 78 50
186 78 50
186 78 50
186 78 50
186 78 50
186 78 50
186 78 50
186 78 50
186 78 50
186 78 50
186 78 50
186 78 50
186 78 50
186 78 50
186 78 50
186 78 50
186 78 50
186 78 50
186 78 50
186 78 50
186 78 50
186 78 50
186 78 50
186 78 50
186 78 50
186 78 50
186 78 50
186 78 50
186 78 50
186 78 50
186 78 50
186 78 50
186 78 50
186 78 50
186 78 50
186 78 50
186 78 50
186 78 50
186 78 50
186 78 50
186 78 50
186 78 50
186 78 50
186 78 50
186 78 50
185 78 50
185 78 50
185 78 50
185 78 50
185 78 50
185 78 50
185 78 50
185 78 50
185 78 50
185 78 50
185 78 50
185 78 50
185 78 50
185 78 50
185 78 50
185 78 50
185 78 50
185 78 50
185 78 50
185 78 50
185 78 50
185 78 50
185 78 50
185 78 50
185 78 50
185 78 50
185 78 50
185 78 50
185 78 50
185 78 50
185 78 50
185 78 50
185 78 50
185 78 50
185 78 50
185 78 50
185 78 50
185 78 50
185 78 50
185 78 50
185 78 50
185 78 50
185 78 50
185 78 50
185 78 50
185 78 50
185 78 50
185 78 50
185 78 50
185 78 50
185 78 50
185 78 50
185 78 50
185 78 50
185 78 50
185 78 50
185 78 50
185 78 50
185 78 50
185 78 50
185 78 50
185 78 50
185 78 50
185 78 50
185 78 50
185 78 50
185 78 50
185 78 50
185 78 50
185 78 50
184 78 50
184 78 50
184 78 50
184 78 50
184 78 50
184 78 50
184 78 50
184 78 50
184 78 50
184 78 50
184 78 50
184 78 50
184 78 50
184 78 50
184 78 50
184 78 50
184 78 50
184 78 50
184 78 50
184 78 50
184 78 50
184 78 50
184 78 50
184 78 50
184 78 50
184 78 50
184 78 50
184 78 50
184 78 50
184 78 50
184 78 50
184 78 50
184 78 50
184 78 50
184 78 50
184 78 50
184 78 50
184 78 50
184 78 50
184 78 50
184 78 50
184 78 50
184 78 50
184 78 50
184 78 50
184 78 50
184 78 50
184 78 50
184 78 50
184 78 50
184 78 50
184 78 50
184 78 50
184 78 50
184 78 50
184 78 50
184 78 50
184 78 50
184 78 50
184 78 50
184 78 50
184 78 50
184 78 50
184 78 50
184 78 50
184 78 50
184 78 50
184 78 50
184 78 50
184 78 50
184 78 50
184 78 50
184 78 50
184 78 50
184 78 50
184 78 50
183 78 50
183 78 50
183 78 50
183 78 50
183 78 50
183 78 50
183 78 50
183 78 50
183 78 50
183 78 50
183 78 50
183 78 50
183 78 50
183 78 50
183 78 50
183 78 50
183 78 50
183 78 50
183 78 50
183 78 50
183 78 50
183 78 50
183 78 50
183 78 50
183 78 50
183 78 50
183 78 50
183 78 50
183 78 50
183 78 50
183 78 50
183 78 50
183 78 50
183 78 50
183 78 50
183 78 50
183 78 50
183 78 50
183 78 50
183 78 50
183 78 50
183 78 50
183 78 50
183 78 50
183 78 50
183 78 50
183 78 50
183 78 50
183 78 50
183 78 50
183 78 50
183 78 50
183 78 50
183 78 50
183 78 50
183 78 50
183 78 50
183 78 50
183 78 50
183 78 50
183 78 50
183 78 50
183 78 50
183 78 50
183 78 50
183 78 50
183 78 50
183 78 50
183 78 50
183 78 50
183 78 50
183 78 50
183 78 50
183 78 50
183 78 50
183 78 50
183 78 50
183 78 50
183 78 50
183 78 50
183 78 50
182 78 50
182 78 50
182 78 50
182 78 50
182 78 50
182 78 50
182 78 50
182 78 50
182 78 50
182 78 50
182 78 50
182 78 50
182 78 50
182 78 50
182 78 50
182 78 50
182 78 50
182 78 50
182 78 50
182 78 50
182 78 50
182 78 50
182 78 50
182 78 50
182 78 50
182 78 50
182 78 50
182 78 50
182 78 50
182 78 50
182 78 50
182 78 50
182 78 50
182 78 50
182 78 50
182 78 50
182 78 50
182 78 50
182 78 50
182 78 50
182 78 50
182 78 50
182 78 50
182 78 50
182 78 50
182 78 50
182 78 50
182 78 50
182 78 50
182 78 50
182 78 50
182 78 50
182 78 50
182 78 50
182 78 50
182 78 50
182 78 50
182 78 50
182 78 50
182 78 50
182 78 50
182 78 50
182 78 50
182 78 50
182 78 50
182 78 50
182 78 50
182 78 50
182 78 50
182 78 50
182 78 50
182 78 50
182 78 50
182 78 50
182 78 50
182 78 50
182 78 50
182 78 50
182 78 50
182 78 50
182 78 50
182 78 50
182 78 50
182 78 50
182 78 50
181 78 50
181 78 50
181 78 50
181 78 50
181 78 50
181 78 50
181 78 50
181 78 50
181 78 50
181 78 50
181 78 50
181 78 50
181 78 50
181 78 50
181 78 50
181 78 50
181 78 50
181 78 50
181 78 50
181 78 50
181 78 50
181 78 50
181 78 50
181 78 50
181 78 50
181 78 50
181 78 50
181 78 50
181 78 50
181 78 50
181 78 50
181 78 50
181 78 50
181 78 50
181 78 50
181 78 50
181 78 50
181 78 50
181 78 50
181 78 50
181 78 50
181 78 50
181 78 50
181 78 50
181 78 50
181 78 50
181 78 50
181 78 50
181 78 50
181 78 50
181 78 50
181 78 50
181 78 50
181 78 50
181 78 50
181 78 50
181 78 50
181 78 50
181 78 50
181 78 50
181 78 50
181 78 50
181 78 50
181 78 50
181 78 50
181 78 50
181 78 50
181 78 50
181 78 50
181 78 50
181 78 50
181 78 50
181 78 50
181 78 50
181 78 50
181 78 50
181 78 50
181 78 50
181 78 50
181 78 50
181 78 50
181 78 50
181 78 50
181 78 50
181 78 50
181 78 50
181 78 50
181 78 50
181 77 4350
181 77 50
181 77 50
181 76 50
181 76 50
181 76 50
181 76 50
181 76 50
181 76 50
181 76 50
181 76 50
181 76 50
181 76 50
181 76 50
181 76 50
181 76 50
181 76 50
181 76 50
181 76 50
181 76 50
181 76 50
181 76 50
181 76 50
181 76 50
181 76 50
181 76 50
181 76 50
181 76 50
181 76 50
181 76 50
181 76 50
181 76 50
181 76 50
181 76 50
181 76 50
181 76 50
181 76 50
181 76 50
181 76 50
181 76 50
181 76 50
181 76 50
181 76 50
181 76 50
181 76 50
181 76 50
181 76 50
181 76 50
181 76 50
181 76 50
181 76 50
181 76 50
181 76 50
181 76 50
181 76 50
181 76 50
181 76 50
181 76 50
181 76 50
181 76 50
181 76 50
181 76 50
181 76 50
181 76 50
181 76 50
181 76 50
181 76 50
181 76 50
181 76 50
181 76 50
181 76 50
181 76 50
181 76 50
181 76 50
181 76 50
181 76 50
181 76 50
181 76 50
181 76 50
181 76 50
181 76 50
181 76 50
181 76 50
181 76 50
181 76 50
181 76 50
181 76 50
181 76 50
181 76 50
181 76 50
181 76 50
181 75 50
181 75 50
181 75 50
181 75 50
181 75 50
181 75 50
181 75 50
181 75 50
181 75 50
181 75 50
181 75 50
181 75 50
181 75 50
181 75 50
181 75 50
181 75 50
181 75 50
181 75 50
181 75 50
181 75 50
181 75 50
181 75 50
181 75 50
181 75 50
181 75 50
181 75 50
181 75 50
181 75 50
181 75 50
181 75 50
181 75 50
181 75 50
181 75 50
181 75 50
181 75 50
181 75 50
181 75 50
181 75 50
181 75 50
181 75 50
181 75 50
181 75 50
181 75 50
181 75 50
181 75 50
181 75 50
181 75 50
181 75 50
181 75 50
181 75 50
181 75 50
181 75 50
181 75 50
181 75 50
181 75 50
181 75 50
181 75 50
181 75 50
181 75 50
181 75 50
181 75 50
181 75 50
181 75 50
181 75 50
181 75 50
181 75 50
181 75 50
181 75 50
181 75 50
181 75 50
181 75 50
181 75 50
181 75 50
181 75 50
181 75 50
181 75 50
181 75 50
181 75 50
181 75 50
181 75 50
181 75 50
181 75 50
181 75 50
181 75 50
181 75 50
181 74 50
181 74 50
181 74 50
181 74 50
181 74 50
181 74 50
181 74 50
181 74 50
181 74 50
181 74 50
181 74 50
181 74 50
181 74 50
181 74 50
181 74 50
181 74 50
181 74 50
181 74 50
181 74 50
181 74 50
181 74 50
181 74 50
181 74 50
181 74 50
181 74 50
181 74 50
181 74 50
181 74 50
181 74 50
181 74 50
181 74 50
181 74 50
181 74 50
181 74 50
181 74 50
181 74 50
181 74 50
181 74 50
181 74 50
181 74 50
181 74 50
181 74 50
181 74 50
181 74 50
181 74 50
181 74 50
181 74 50
181 74 50
181 74 50
181 74 50
181 74 50
181 74 50
181 74 50
181 74 50
181 74 50
181 74 50
181 74 50
181 74 50
181 74 50
181 74 50
181 74 50
181 74 50
181 74 50
181 74 50
181 74 50
181 74 50
181 74 50
181 74 50
181 74 50
181 74 50
181 74 50
181 74 50
181 74 50
181 74 50
181 74 50
181 74 50
181 74 50
181 74 50
181 74 50
181 74 50
181 73 50
181 73 50
181 73 50
181 73 50
181 73 50
181 73 50
181 73 50
181 73 50
181 73 50
181 73 50
181 73 50
181 73 50
181 73 50
181 73 50
181 73 50
181 73 50
181 73 50
181 73 50
181 73 50
181 73 50
181 73 50
181 73 50
181 73 50
181 73 50
181 73 50
181 73 50
181 73 50
181 73 50
181 73 50
181 73 50
181 73 50
181 73 50
181 73 50
181 73 50
181 73 50
181 73 50
181 73 50
181 73 50
181 73 50
181 73 50
181 73 50
181 73 50
181 73 50
181 73 50
181 73 50
181 73 50
181 73 50
181 73 50
181 73 50
181 73 50
181 73 50
181 73 50
181 73 50
181 73 50
181 73 50
181 73 50
181 73 50
181 73 50
181 73 50
181 73 50
181 73 50
181 73 50
181 73 50
181 73 50
181 73 50
181 73 50
181 73 50
181 73 50
181 73 50
181 73 50
181 73 50
181 73 50
181 72 50
181 72 50
181 72 50
181 72 50
181 72 50
181 72 50
181 72 50
181 72 50
181 72 50
181 72 50
181 72 50
181 72 50
181 72 50
181 72 50
181 72 50
181 72 50
181 72 50
181 72 50
181 72 50
181 72 50
181 72 50
181 72 50
181 72 50
181 72 50
181 72 50
181 72 50
181 72 50
181 72 50
181 72 50
181 72 50
181 72 50
181 72 50
181 72 50
181 72 50
181 72 50
181 72 50
181 72 50
181 72 50
181 72 50
181 72 50
181 72 50
181 72 50
181 72 50
181 72 50
181 72 50
181 72 50
181 72 50
181 72 50
181 72 50
181 72 50
181 72 50
181 72 50
181 72 50
181 72 50
181 72 50
181 72 50
181 72 50
181 72 50
181 72 50
181 72 50
181 72 50
181 72 50
181 72 50
181 71 50
181 71 50
181 71 50
181 71 50
181 71 50
181 71 50
181 71 50
181 71 50
181 71 50
181 71 50
181 71 50
181 71 50
181 71 50
181 71 50
181 71 50
181 71 50
181 71 50
181 71 50
181 71 50
181 71 50
181 71 50
181 71 50
181 71 50
181 71 50
181 71 50
181 71 50
181 71 50
181 71 50
181 71 50
181 71 50
181 71 50
181 71 50
181 71 50
181 71 50
181 71 50
181 71 50
181 71 50
181 71 50
181 71 50
181 71 50
181 71 50
181 71 50
181 71 50
181 71 50
181 71 50
181 71 50
181 71 50
181 71 50
181 71 50
181 71 50
181 71 50
181 71 50
181 71 50
181 70 50
181 70 50
181 70 50
181 70 50
181 70 50
181 70 50
181 70 50
181 70 50
181 70 50
181 70 50
181 70 50
181 70 50
181 70 50
181 70 50
181 70 50
181 70 50
181 70 50
181 70 50
181 70 50
181 70 50
181 70 50
181 70 50
181 70 50
181 70 50
181 70 50
181 70 50
181 70 50
181 70 50
181 70 50
181 70 50
181 70 50
181 70 50
181 70 50
181 70 50
181 70 50
181 70 50
181 70 50
181 70 50
181 70 50
181 70 50
181 70 50
181 70 50
181 70 50
181 70 50
181 69 50
181 69 50
181 69 50
181 69 50
181 69 50
181 69 50
181 69 50
181 69 50
181 69 50
181 69 50
181 69 50
181 69 50
181 69 50
181 69 50
181 69 50
181 69 50
181 69 50
181 69 50
181 69 50
181 69 50
181 69 50
181 69 50
181 69 50
181 69 50
181 69 50
181 69 50
181 69 50
181 69 50
181 69 50
181 69 50
181 69 50
181 69 50
181 69 50
181 69 50
181 69 50
181 68 50
181 68 50
181 68 50
181 68 50
181 68 50
181 68 50
181 68 50
181 68 50
181 68 50
181 68 50
181 68 50
181 68 50
181 68 50
181 68 50
181 68 50
181 68 50
181 68 50
181 68 50
181 68 50
181 68 50
181 68 50
181 68 50
181 68 50
181 68 50
181 68 50
181 68 50
181 68 50
181 68 50
181 68 50
181 67 50
181 67 50
181 67 50
181 67 50
181 67 50
181 67 50
181 67 50
181 67 50
181 67 50
181 67 50
181 67 50
181 67 50
181 67 50
181 67 50
181 67 50
181 67 50
181 67 50
181 67 50
181 67 50
181 67 50
181 67 50
181 67 50
181 67 50
181 67 50
181 67 50
181 66 50
181 66 50
181 66 50
181 66 50
181 66 50
181 66 50
181 66 50
181 66 50
181 66 50
181 66 50
181 66 50
181 66 50
181 66 50
181 66 50
181 66 50
181 66 50
181 66 50
181 66 50
181 66 50
181 66 50
181 66 50
181 65 50
181 65 50
181 65 50
181 65 50
181 65 50
181 65 50
181 65 50
181 65 50
181 65 50
181 65 50
181 65 50
181 65 50
181 65 50
181 65 50
181 65 50
181 65 50
181 65 50
181 65 50
181 65 50
181 64 50
181 64 50
181 64 50
181 64 50
181 64 50
181 64 50
181 64 50
181 64 50
181 64 50
181 64 50
181 64 50
181 64 50
181 64 50
181 64 50
181 64 50
181 64 50
181 63 50
181 63 50
181 63 50
181 63 50
181 63 50
181 63 50
181 63 50
181 63 50
181 63 50
181 63 50
181 63 50
181 63 50
181 63 50
181 62 50
181 62 50
181 62 50
181 62 50
181 62 50
181 62 50
181 62 50
181 62 50
181 62 50
181 62 50
181 61 50
181 61 50
181 61 50
181 61 50
181 61 50
181 61 50
181 61 50
181 61 50
181 60 50
181 60 50
181 60 50
181 60 50
181 60 50
181 60 50
181 60 50
181 59 50
181 59 50
181 59 50
181 59 50
181 59 50
181 58 50
181 58 50
181 58 50
181 58 50
181 58 50
181 57 50
181 57 50
181 57 50
181 57 50
181 56 50
181 56 50
181 56 50
181 56 50
181 55 50
181 55 50
181 55 50
181 55 50
181 54 50
181 54 50
181 54 50
181 54 50
181 54 50
181 53 50
181 53 50
181 53 50
181 53 50
181 53 50
181 53 50
181 52 50
181 52 50
181 52 50
181 52 50
181 52 50
181 52 50
181 52 50
181 51 50
181 51 50
181 51 50
181 51 50
181 51 50
181 51 50
181 51 50
181 51 50
181 51 50
181 50 50
181 50 50
181 50 50
181 50 50
181 50 50
181 50 50
181 50 50
181 50 50
181 50 50
181 50 50
181 50 50
181 50 50
181 49 50
181 49 50
181 49 50
181 49 50
181 49 50
181 49 50
181 49 50
181 49 50
181 49 50
181 49 50
181 49 50
181 49 50
181 49 50
181 49 50
181 48 50
181 48 50
181 48 50
181 48 50
181 48 50
181 48 50
181 48 50
181 48 50
181 48 50
181 48 50
181 48 50
181 48 50
181 48 50
181 48 50
181 48 50
181 48 50
181 47 50
181 47 50
181 47 50
181 47 50
181 47 50
181 47 50
181 47 50
181 47 50
181 47 50
181 47 50
181 47 50
181 47 50
181 47 50
181 47 50
181 47 50
181 47 50
181 47 50
181 47 50
181 46 50
181 46 50
181 46 50
181 46 50
181 46 50
181 46 50
181 46 50
181 46 50
181 46 50
181 46 50
181 46 50
181 46 50
181 46 50
181 46 50
181 46 50
181 46 50
181 46 50
181 46 50
181 46 50
181 45 50
181 45 50
181 45 50
181 45 50
181 45 50
181 45 50
181 45 50
181 45 50
181 45 50
181 45 50
181 45 50
181 45 50
181 45 50
181 45 50
181 45 50
181 45 50
181 45 50
181 45 50
181 45 50
181 45 50
181 44 50
181 44 50
181 44 50
181 44 50
181 44 50
181 44 50
181 44 50
181 44 50
181 44 50
181 44 50
181 44 50
181 44 50
181 44 50
181 44 50
181 44 50
181 44 50
181 44 50
181 44 50
181 44 50
181 44 50
181 43 50
181 43 50
181 43 50
181 43 50
181 43 50
181 43 50
181 43 50
181 43 50
181 43 50
181 43 50
181 43 50
181 43 50
181 43 50
181 43 50
181 43 50
181 43 50
181 43 50
181 43 50
181 43 50
181 42 50
181 42 50
181 42 50
181 42 50
181 42 50
181 42 50
181 42 50
181 42 50
181 42 50
181 42 50
181 42 50
181 42 50
181 42 50
181 42 50
181 42 50
181 42 50
181 42 50
181 42 50
181 41 50
181 41 50
181 41 50
181 41 50
181 41 50
181 41 50
181 41 50
181 41 50
181 41 50
181 41 50
181 41 50
181 41 50
181 41 50
181 41 50
181 41 50
181 41 50
181 40 50
181 40 50
181 40 50
181 40 50
181 40 50
181 40 50
181 40 50
181 40 50
181 40 50
181 40 50
181 40 50
181 40 50
181 40 50
181 39 50
181 39 50
181 39 50
181 39 50
181 39 50
181 39 50
181 39 50
181 39 50
181 39 50
181 39 50
181 39 50
181 38 50
181 38 50
181 38 50
181 38 50
181 38 50
181 38 50
181 38 50
181 38 50
181 38 50
181 37 50
181 37 50
181 37 50
181 37 50
181 37 50
181 37 50
181 37 50
181 36 50
181 36 50
181 36 50
181 36 50
181 36 50
181 36 50
181 35 50
181 35 50
181 35 50
181 35 50
181 34 50
181 34 50
181 34 50
181 33 50
181 33 50
181 32 50
181 31 50
181 30 50
