108 67 120
107 67 120
106 67 120
105 67 120
104 67 120
103 67 120
102 67 120
101 67 120
100 67 120
99 67 120
98 67 120
97 67 120
96 67 120
95 67 120
94 67 120
93 67 120
92 67 120
91 67 120
90 67 120
89 67 120
88 67 120
87 67 120
86 67 120
85 67 120
84 67 120
83 67 120
82 67 120
82 68 120
82 69 120
82 70 120
82 71 120
82 72 120
82 73 120
82 74 120
82 75 120
82 76 120
82 77 120
82 78 120
82 79 120
82 80 120
82 81 120
82 82 120
90 39 120
89 39 120
88 39 120
87 39 120
86 39 120
85 39 120
84 39 120
83 39 120
82 39 120
81 39 120
80 39 120
79 39 120
78 39 120
77 39 120
76 39 120
75 39 120
74 39 120
73 39 120
72 39 120
71 39 120
70 39 120
69 39 120
68 39 120
68 38 120
68 37 120
68 36 120
68 35 120
68 34 120
68 33 120
68 32 120
68 31 120
68 30 120
68 29 120
24 90 120
25 90 120
26 90 120
27 90 120
28 90 120
29 90 120
30 90 120
31 90 120
32 90 120
33 90 120
34 90 120
35 90 120
36 90 120
37 90 120
38 90 120
39 90 120
40 90 120
41 90 120
42 90 120
43 90 120
44 90 120
45 90 120
46 90 120
47 90 120
48 90 120
49 90 120
50 90 120
51 90 120
52 90 120
53 90 120
54 90 120
54 90 120
55 90 120
55 90 120
56 90 120
56 90 120
57 90 120
57 90 120
58 90 120
58 90 120
59 90 120
59 90 120
60 90 120
60 90 120
61 90 120
61 90 120
62 90 120
63 90 120
64 90 120
65 90 120
66 90 120
67 90 120
67 90 120
68 90 120
68 90 120
69 90 120
69 90 120
69 90 120
70 90 240
70 90 120
71 90 240
71 90 120
71 90 120
72 90 360
72 90 120
72 90 120
72 90 120
73 90 600
73 90 120
73 90 120
74 90 720
74 90 120
75 90 720
75 90 120
75 90 120
76 90 840
76 90 120
77 90 840
77 90 120
78 90 840
79 90 840
80 90 840
81 90 120
81 90 120
81 90 120
81 90 120
81 90 120
81 90 120
82 90 600
82 89 600
82 88 600
82 87 120
82 87 120
82 86 120
82 86 120
82 85 120
82 85 120
82 84 120
82 83 120
34 91 120
34 92 120
34 93 120
34 94 120
34 95 120
34 96 120
34 97 120
34 98 120
34 99 120
34 100 120
34 101 120
34 102 120
34 103 120
34 104 120
34 105 120
34 106 120
34 107 120
34 108 120
34 109 120
34 110 120
34 111 120
34 112 120
34 113 120
34 114 120
34 115 120
34 116 120
34 117 120
34 118 120
34 119 120
34 120 120
34 121 120
34 122 120
34 123 120
34 124 120
34 125 120
34 126 120
34 127 120
34 128 120
34 129 120
34 130 120
35 130 120
36 130 120
37 130 120
38 130 120
39 130 120
40 130 120
41 130 120
42 130 120
43 130 120
44 130 120
45 130 120
46 130 120
47 130 120
48 130 120
49 130 120
50 130 120
51 130 120
51 131 120
51 131 120
51 132 120
51 132 120
51 133 120
51 133 120
51 134 120
51 134 120
51 134 120
51 135 240
51 135 120
51 136 240
51 136 120
51 137 240
51 137 120
51 137 120
51 138 360
51 138 120
51 139 360
51 139 120
51 139 120
51 140 480
51 140 120
51 141 480
51 141 120
51 142 480
51 142 120
51 143 480
51 144 480
51 145 480
51 146 120
51 146 120
51 147 120
51 147 120
51 148 120
51 148 120
51 149 120
51 150 120
51 151 120
51 152 120
51 153 120
51 154 120
51 155 120
51 156 120
51 157 120
51 158 120
51 159 120
51 160 120
51 161 120
51 162 120
51 163 120
51 164 120
51 165 120
51 166 120
51 167 120
51 168 120
51 169 120
51 170 120
51 171 120
51 172 120
51 173 120
51 174 120
51 175 120
51 176 120
52 176 120
52 176 120
53 176 120
53 176 120
54 176 120
54 176 120
55 176 120
55 176 120
56 176 120
56 176 120
57 176 120
57 176 120
58 176 120
58 176 120
59 176 120
59 176 120
60 176 120
60 176 120
61 176 120
61 176 120
62 176 120
62 176 120
63 176 120
63 176 120
63 176 120
64 176 240
64 176 120
65 176 240
65 176 120
66 176 240
66 176 120
67 176 240
68 176 240
69 176 240
70 176 120
70 176 120
71 176 120
71 176 120
71 176 120
72 176 240
72 176 120
73 176 240
73 176 120
74 176 240
74 176 120
74 176 120
75 176 360
75 176 120
75 176 120
76 176 480
76 176 120
76 176 120
77 176 600
77 176 120
78 176 600
78 176 120
79 176 600
79 176 120
79 176 120
80 176 720
81 176 720
82 176 720
83 176 120
83 176 120
83 176 120
83 176 120
83 176 120
84 176 480
85 176 480
86 176 480
87 176 120
87 176 120
87 176 120
88 176 240
88 175 240
88 174 240
88 173 120
88 173 120
109 67 120
110 67 120
111 67 120
112 67 120
113 67 120
114 67 120
115 67 120
116 67 120
117 67 120
118 67 120
119 67 120
120 67 120
121 67 120
122 67 120
123 67 120
124 67 120
125 67 120
126 67 120
127 67 120
128 67 120
129 67 120
130 67 120
131 67 120
132 67 120
133 67 120
133 67 120
134 67 120
134 67 120
135 67 120
135 67 120
136 67 120
136 67 120
137 67 120
137 67 120
137 68 120
137 68 120
137 69 120
137 69 120
137 70 120
137 70 120
137 71 120
137 71 120
137 72 120
137 72 120
137 73 120
137 73 120
137 74 120
137 74 120
137 75 120
137 75 120
137 76 120
137 76 120
137 77 120
137 77 120
137 78 120
137 78 120
137 79 120
137 79 120
137 80 120
137 80 120
137 81 120
137 81 120
137 82 120
137 82 120
137 82 120
137 83 240
137 83 120
137 84 240
137 84 120
137 85 240
137 85 120
137 86 240
137 86 120
137 87 240
137 87 120
137 88 240
137 89 240
137 90 240
137 91 120
137 91 120
137 92 120
137 92 120
137 93 120
137 93 120
137 94 120
137 94 120
137 95 120
137 95 120
137 96 120
137 96 120
137 97 120
137 97 120
137 98 120
137 98 120
137 98 120
137 99 240
137 99 120
137 100 240
137 100 120
137 101 240
137 101 120
137 101 120
137 102 360
137 102 120
137 103 360
137 103 120
137 104 360
137 104 120
137 105 360
137 105 120
137 106 360
137 107 360
137 108 360
137 109 120
137 109 120
137 110 120
137 111 120
137 112 120
137 113 120
137 114 120
137 115 120
137 116 120
137 117 120
137 118 120
137 119 120
137 120 120
137 121 120
137 122 120
137 123 120
137 124 120
137 125 120
137 126 120
137 127 120
137 128 120
137 129 120
138 129 120
139 129 120
140 129 120
141 129 120
142 129 120
143 129 120
144 129 120
145 129 120
146 129 120
147 129 120
148 129 120
149 129 120
150 129 120
151 129 120
152 129 120
153 129 120
154 129 120
154 129 120
155 129 120
155 129 120
156 129 120
156 129 120
157 129 120
157 129 120
158 129 120
158 129 120
158 129 120
159 129 240
159 129 120
160 129 240
160 129 120
160 129 120
161 129 360
161 129 120
161 129 120
162 129 480
162 129 120
162 129 120
162 128 600
162 128 120
162 127 600
162 126 600
162 125 600
162 124 120
162 124 120
162 124 120
162 123 240
162 123 120
162 122 240
162 122 120
162 121 240
162 120 240
162 119 240
162 118 120
162 117 120
163 117 120
163 117 120
164 117 120
164 117 120
165 117 120
165 117 120
166 117 120
166 117 120
166 117 120
167 117 240
167 117 120
167 117 120
168 117 360
168 117 120
169 117 360
169 117 120
169 117 120
170 117 480
170 117 120
171 117 480
171 117 120
172 117 480
172 117 120
173 117 480
173 117 120
173 117 120
174 117 600
174 117 120
175 117 600
175 117 120
176 117 600
176 117 120
177 117 600
178 117 600
179 117 600
180 117 120
180 117 120
180 117 120
181 117 240
181 117 120
182 117 240
183 117 240
184 117 240
185 117 120
185 117 120
186 117 120
186 117 120
187 117 120
187 117 120
188 117 120
188 117 120
189 117 120
189 117 120
189 118 120
189 118 120
189 118 120
189 119 240
189 119 120
189 120 240
189 120 120
189 120 120
189 121 360
189 121 120
189 121 120
189 122 480
189 122 120
189 122 120
189 123 600
189 123 120
189 123 120
189 124 720
189 124 120
189 124 120
189 124 120
189 125 960
189 125 120
189 125 120
189 126 1080
189 126 120
189 126 120
189 126 120
189 127 1320
189 127 120
189 127 120
189 128 1440
189 128 120
189 129 1440
189 130 1440
189 131 1440
189 132 120
189 132 120
189 132 120
189 132 120
189 132 120
189 132 120
189 132 120
189 132 120
189 133 840
189 134 840
189 135 840
189 136 120
189 136 120
189 136 120
189 136 120
189 136 120
189 137 480
189 138 480
189 139 480
189 140 120
189 140 120
189 140 120
189 140 120
189 141 360
189 141 120
189 142 360
189 142 120
189 143 360
189 143 120
189 144 360
189 144 120
189 145 360
189 146 360
189 147 360
189 148 120
189 148 120
189 149 120
189 150 120
189 151 120
189 152 120
189 153 120
189 154 120
189 155 120
189 156 120
189 157 120
189 158 120
189 159 120
189 160 120
189 161 120
189 162 120
189 163 120
189 164 120
189 165 120
189 166 120
189 167 120
189 168 120
189 169 120
189 170 120
189 171 120
189 172 120
189 173 120
189 174 120
189 175 120
189 176 120
189 177 120
189 178 120
189 179 120
189 180 120
189 181 120
189 182 120
189 183 120
189 183 120
189 184 120
189 184 120
91 39 120
92 39 120
93 39 120
94 39 120
95 39 120
96 39 120
97 39 120
98 39 120
99 39 120
100 39 120
101 39 120
102 39 120
103 39 120
104 39 120
105 39 120
106 39 120
107 39 120
108 39 120
109 39 120
110 39 120
111 39 120
112 39 120
113 39 120
114 39 120
114 39 120
115 39 120
115 39 120
116 39 120
116 39 120
116 39 120
117 39 240
117 39 120
117 39 120
118 39 360
118 39 120
118 39 120
119 39 480
119 39 120
119 39 120
120 39 600
120 39 120
120 39 120
121 39 720
121 39 120
121 39 120
122 39 840
122 39 120
123 39 840
123 39 120
124 39 840
125 39 840
126 39 840
127 39 120
127 39 120
127 39 120
127 39 120
127 39 120
127 39 120
127 39 120
128 39 720
128 39 120
129 39 720
129 39 120
130 39 720
130 39 120
130 39 120
131 39 840
131 39 120
131 39 120
132 39 960
132 39 120
132 39 120
133 39 1080
133 39 120
133 39 120
134 39 1200
134 39 120
134 39 120
134 39 120
135 39 1440
135 39 120
135 39 120
136 39 1560
136 39 120
137 39 1560
138 39 1560
139 39 1560
140 39 120
140 39 120
140 39 120
140 39 120
140 39 120
140 39 120
140 39 120
140 39 120
140 39 120
140 39 120
141 39 1080
142 39 1080
143 39 1080
144 39 120
144 39 120
144 39 120
144 39 120
144 39 120
145 39 480
145 39 120
146 39 480
146 39 120
147 39 480
147 39 120
148 39 480
148 39 120
149 39 480
149 39 120
149 39 120
150 39 600
150 39 120
151 39 600
151 39 120
152 39 600
152 39 120
153 39 600
154 39 600
155 39 600
156 39 120
156 39 120
156 39 120
157 39 240
158 39 240
159 39 240
160 39 120
161 39 120
162 39 120
163 39 120
164 39 120
165 39 120
166 39 120
167 39 120
168 39 120
169 39 120
170 39 120
171 39 120
172 39 120
173 39 120
174 39 120
175 39 120
176 39 120
177 39 120
178 39 120
179 39 120
180 39 120
181 39 120
182 39 120
183 39 120
184 39 120
185 39 120
186 39 120
187 39 120
188 39 120
189 39 120
190 39 120
190 38 120
190 37 120
190 36 120
190 35 120
190 34 120
190 33 120
190 32 120
190 31 120
190 30 120
190 29 120
190 28 120
190 27 120
190 26 120
190 25 120
190 24 120
190 23 120
190 22 120
190 21 120
190 20 120
190 19 120
190 18 120
190 17 120
190 16 120
