189 130 120
189 131 120
189 132 120
189 133 120
189 134 120
189 135 120
189 136 120
189 137 120
189 138 120
189 139 120
189 140 120
189 141 120
189 142 120
189 143 120
189 144 120
189 145 120
189 146 120
189 147 120
189 148 120
189 149 120
189 150 120
189 151 120
189 152 120
189 153 120
189 154 120
189 155 120
189 156 120
189 157 120
189 158 120
189 159 120
189 160 120
189 161 120
189 162 120
189 162 120
189 163 120
189 163 120
189 163 120
189 164 240
189 164 120
189 164 120
189 165 360
189 165 120
189 165 120
189 166 480
189 166 120
189 166 120
189 167 600
189 167 120
189 168 600
189 168 120
189 169 600
189 169 120
189 169 120
189 170 720
189 170 120
189 171 720
189 171 120
189 171 120
189 172 840
189 172 120
189 172 120
189 173 960
189 173 120
189 173 120
189 173 120
189 174 1200
189 174 120
189 174 120
189 175 1320
189 175 120
189 175 120
189 176 1440
189 176 120
189 177 1440
189 177 120
189 178 1440
189 179 1440
189 180 1440
189 181 120
189 181 120
189 181 120
189 181 120
189 182 360
189 183 360
189 184 360
189 185 120
189 186 120
189 187 120
189 188 120
189 189 120
189 190 120
189 191 120
189 192 120
189 193 120
189 194 120
189 195 120
189 196 120
189 197 120
189 198 120
189 199 120
159 66 120
160 66 120
161 66 120
162 66 120
163 66 120
164 66 120
165 66 120
166 66 120
167 66 120
168 66 120
169 66 120
170 66 120
171 66 120
172 66 120
172 65 120
172 64 120
172 63 120
172 62 120
172 61 120
172 60 120
172 59 120
172 58 120
172 57 120
172 56 120
172 55 120
172 54 120
172 53 120
172 52 120
172 51 120
172 50 120
172 49 120
172 48 120
172 47 120
172 47 120
172 46 120
172 46 120
172 46 120
172 45 240
172 45 120
172 45 120
172 45 120
172 44 480
172 44 120
172 44 120
172 44 120
172 44 120
172 43 840
172 43 120
172 43 120
172 43 120
172 43 120
172 42 1200
172 42 120
172 42 120
172 42 120
172 42 120
172 41 1560
172 41 120
172 41 120
172 41 120
172 41 120
172 40 1920
172 40 120
172 40 120
172 40 120
172 39 2160
172 39 120
172 39 120
172 38 2280
172 38 120
172 38 120
172 38 120
172 37 2520
172 37 120
172 37 120
172 37 120
172 36 2760
172 36 120
172 36 120
172 36 120
172 35 3000
172 35 120
172 35 120
172 34 3120
172 34 120
172 34 120
172 33 3240
172 33 120
172 33 120
172 32 3360
172 31 3360
172 30 3360
172 29 120
172 29 120
172 29 120
172 29 120
172 29 120
172 29 120
172 29 120
172 29 120
172 29 120
172 29 120
172 29 120
172 29 120
172 29 120
172 29 120
172 29 120
172 29 120
172 29 120
172 29 120
172 29 120
172 29 120
172 29 120
172 29 120
172 28 2520
172 27 2520
172 26 2520
172 25 120
172 25 120
172 25 120
172 25 120
172 25 120
172 25 120
172 25 120
172 25 120
172 25 120
172 25 120
172 25 120
172 25 120
172 25 120
172 24 1440
172 23 1440
172 22 1440
172 21 120
172 21 120
172 21 120
172 21 120
172 21 120
172 21 120
172 21 120
172 21 120
172 21 120
172 21 120
172 21 120
172 21 120
172 20 1320
172 20 120
172 19 1320
172 18 1320
172 17 1320
172 16 120
172 16 120
172 16 120
172 16 120
172 16 120
172 16 120
172 15 600
172 14 600
172 13 600
172 12 120
172 11 120
172 10 120
172 9 120
172 8 120
172 7 120
172 6 120
172 5 120
172 4 120
172 3 120
172 2 120
158 66 120
157 66 120
156 66 120
155 66 120
154 66 120
153 66 120
152 66 120
151 66 120
150 66 120
149 66 120
148 66 120
147 66 120
146 66 120
145 66 120
144 66 120
143 66 120
142 66 120
141 66 120
140 66 120
139 66 120
138 66 120
137 66 120
136 66 120
135 66 120
134 66 120
133 66 120
132 66 120
131 66 120
130 66 120
129 66 120
128 66 120
127 66 120
126 66 120
125 66 120
124 66 120
123 66 120
122 66 120
121 66 120
120 66 120
119 66 120
118 66 120
117 66 120
116 66 120
115 66 120
114 66 120
113 66 120
112 66 120
111 66 120
110 66 120
109 66 120
108 66 120
107 66 120
106 66 120
105 66 120
104 66 120
103 66 120
102 66 120
101 66 120
100 66 120
99 66 120
98 66 120
97 66 120
96 66 120
95 66 120
94 66 120
93 66 120
92 66 120
91 66 120
90 66 120
89 66 120
89 66 120
88 66 120
88 66 120
88 66 120
87 66 240
87 66 120
87 66 120
86 66 360
86 66 120
86 66 120
85 66 480
85 66 120
85 66 120
84 66 600
84 66 120
83 66 600
83 66 120
82 66 600
82 66 120
82 65 600
82 64 600
82 63 600
82 62 120
82 62 120
82 61 120
82 61 120
82 60 120
82 59 120
82 58 120
82 57 120
82 56 120
82 55 120
82 54 120
82 53 120
82 52 120
82 51 120
82 50 120
82 49 120
82 48 120
82 47 120
82 46 120
82 45 120
82 44 120
82 43 120
82 42 120
82 41 120
19 35 120
20 35 120
21 35 120
22 35 120
23 35 120
24 35 120
25 35 120
26 35 120
27 35 120
28 35 120
29 35 120
30 35 120
31 35 120
31 35 120
32 35 120
32 35 120
32 35 120
33 35 240
33 35 120
33 35 120
34 35 360
34 35 120
34 35 120
35 35 480
35 35 120
36 35 480
36 35 120
37 35 480
38 35 480
39 35 480
40 35 120
40 35 120
40 35 120
40 34 240
40 34 120
40 34 120
40 33 360
40 33 120
40 33 120
40 32 480
40 32 120
40 32 120
40 31 600
40 31 120
40 31 120
40 31 120
40 30 840
40 30 120
40 30 120
40 29 960
40 29 120
40 29 120
40 29 120
40 28 1200
40 28 120
40 27 1200
40 27 120
40 26 1200
40 26 120
40 25 1200
40 24 1200
40 23 1200
40 22 120
40 22 120
40 22 120
40 22 120
40 22 120
40 22 120
40 22 120
40 22 120
40 21 840
40 20 840
40 19 840
40 18 120
40 18 120
40 18 120
40 18 120
40 18 120
40 17 480
40 16 480
40 15 480
40 14 120
40 13 120
40 12 120
40 11 120
40 10 120
40 9 120
40 8 120
40 7 120
40 6 120
40 5 120
40 4 120
40 3 120
40 2 120
87 67 120
87 67 120
87 67 120
87 67 120
87 67 120
87 68 480
87 68 120
87 68 120
87 68 120
87 69 720
87 69 120
87 69 120
87 69 120
87 69 120
87 70 1080
87 70 120
87 70 120
87 70 120
87 70 120
87 71 1440
87 71 120
87 71 120
87 71 120
87 71 120
87 71 120
87 72 1920
87 72 120
87 72 120
87 72 120
87 72 120
87 73 2280
87 73 120
87 73 120
87 73 120
87 73 120
87 74 2640
87 74 120
87 74 120
87 75 2760
87 75 120
87 76 2760
87 77 2760
87 78 2760
87 79 120
87 79 120
87 79 120
87 79 120
87 79 120
87 79 120
87 79 120
87 79 120
87 79 120
87 79 120
87 79 120
87 79 120
87 79 120
87 79 120
87 79 120
87 79 120
87 79 120
87 79 120
87 79 120
87 79 120
87 80 2280
87 81 2280
87 82 2280
87 83 120
87 83 120
87 83 120
87 83 120
87 83 120
87 83 120
87 83 120
87 83 120
87 83 120
87 83 120
87 83 120
87 83 120
87 83 120
87 83 120
87 83 120
87 83 120
87 83 120
87 83 120
87 84 2040
87 85 2040
87 86 2040
87 87 120
87 87 120
87 87 120
87 87 120
87 87 120
87 87 120
87 87 120
87 87 120
87 87 120
87 88 960
87 89 960
87 90 960
87 91 120
87 91 120
87 91 120
87 91 120
87 91 120
87 92 480
87 92 120
87 93 480
87 93 120
87 94 480
87 95 480
87 96 480
87 97 120
87 97 120
87 98 120
87 98 120
87 99 120
87 99 120
87 100 120
87 100 120
87 101 120
87 101 120
87 102 120
87 102 120
87 103 120
87 103 120
87 103 120
87 104 240
87 104 120
87 105 240
87 105 120
87 106 240
87 107 240
87 108 240
87 109 120
87 109 120
87 110 120
87 110 120
87 111 120
87 111 120
87 112 120
87 112 120
87 113 120
87 113 120
87 114 120
87 114 120
87 115 120
87 115 120
87 116 120
87 116 120
87 117 120
87 118 120
87 119 120
87 120 120
87 121 120
87 122 120
87 123 120
87 124 120
87 125 120
87 126 120
87 127 120
87 128 120
87 129 120
87 130 120
87 131 120
87 132 120
87 133 120
87 134 120
87 135 120
88 135 120
89 135 120
90 135 120
91 135 120
92 135 120
93 135 120
94 135 120
95 135 120
96 135 120
97 135 120
98 135 120
99 135 120
100 135 120
101 135 120
102 135 120
103 135 120
104 135 120
104 136 120
104 137 120
104 137 120
104 138 120
104 138 120
104 139 120
104 139 120
104 140 120
104 140 120
104 141 120
104 141 120
104 142 120
104 142 120
104 143 120
104 143 120
104 144 120
104 144 120
104 145 120
104 146 120
104 147 120
104 148 120
104 149 120
104 150 120
104 151 120
104 152 120
104 153 120
104 154 120
104 155 120
104 156 120
104 157 120
104 158 120
104 159 120
104 160 120
104 161 120
104 162 120
104 163 120
104 164 120
104 165 120
104 166 120
104 167 120
104 168 120
104 169 120
104 170 120
104 171 120
104 172 120
104 173 120
104 174 120
104 175 120
104 176 120
104 177 120
104 178 120
104 179 120
104 180 120
104 181 120
104 182 120
104 183 120
104 184 120
104 185 120
104 186 120
104 187 120
104 188 120
104 189 120
104 190 120
104 191 120
104 192 120
104 193 120
104 194 120
104 195 120
104 196 120
104 197 120
104 198 120
104 199 120
