69 63 100
70 63 100
71 63 100
72 63 100
73 63 100
74 63 100
75 63 100
76 63 100
77 63 100
78 63 100
79 63 100
80 63 100
81 63 100
82 63 100
83 63 100
84 63 100
84 63 100
85 63 100
85 63 100
86 63 100
86 63 100
86 63 100
87 63 100
87 63 100
87 63 100
88 63 100
88 63 100
88 63 100
88 63 100
89 63 100
89 63 100
89 63 100
89 63 100
90 63 100
90 63 100
90 63 100
90 63 100
91 63 100
91 63 100
91 63 100
91 63 100
92 63 100
92 63 100
92 63 100
92 63 100
93 63 100
93 63 100
93 63 100
93 63 100
94 63 100
94 63 100
94 63 100
95 63 100
95 63 100
95 63 100
96 63 100
96 63 100
96 63 100
97 63 100
97 63 100
98 63 100
98 63 100
99 63 100
99 63 100
100 63 100
100 63 100
101 63 100
101 63 100
102 63 100
102 63 100
103 63 100
103 63 100
104 63 100
104 63 100
105 63 100
105 63 100
106 63 100
106 63 100
107 63 100
108 63 100
109 63 100
110 63 100
111 63 100
112 63 100
113 63 100
114 63 100
115 63 100
116 63 100
117 63 100
118 63 100
119 63 100
120 63 100
121 63 100
122 63 100
123 63 100
124 63 100
125 63 100
126 63 100
127 63 100
128 63 100
129 63 100
130 63 100
131 63 100
132 63 100
133 63 100
134 63 100
135 63 100
136 63 100
137 63 100
138 63 100
139 63 100
140 63 100
141 63 100
142 63 100
143 63 100
144 63 100
145 63 100
145 63 100
146 63 100
146 63 100
147 63 100
147 63 100
147 63 100
148 63 100
148 63 100
148 63 100
149 63 100
149 63 100
149 63 100
149 63 100
150 63 100
150 63 100
150 63 100
150 63 100
150 63 100
150 63 100
151 63 100
151 63 100
151 63 100
151 63 100
151 63 100
151 63 100
151 63 100
152 63 100
152 63 100
152 63 100
152 63 100
152 63 100
152 63 100
152 63 100
152 63 100
153 63 100
153 63 100
153 63 100
153 63 100
153 63 100
153 63 100
153 63 100
153 63 100
153 63 100
154 63 100
154 63 100
154 63 100
154 63 100
154 63 100
154 63 100
154 63 100
154 63 100
154 63 100
154 63 100
155 63 100
155 63 100
155 63 100
155 63 100
155 63 100
155 63 100
155 63 100
155 63 100
155 63 100
155 63 100
156 63 100
156 63 100
156 63 100
156 63 100
156 63 100
156 63 100
156 63 100
156 63 100
156 63 100
156 63 100
157 63 100
157 63 100
157 63 100
157 63 100
157 63 100
157 63 100
157 63 100
157 63 100
157 63 100
157 63 100
158 63 100
158 63 100
158 63 100
158 63 100
158 63 100
158 63 100
158 63 100
158 63 100
158 63 100
159 63 100
159 63 100
159 63 100
159 63 100
159 63 100
159 63 100
159 63 100
159 63 100
159 63 100
160 63 100
160 63 100
160 63 100
160 63 100
160 63 100
160 63 100
160 63 100
160 63 100
161 63 100
161 63 100
161 63 100
161 63 100
161 63 100
161 63 100
161 63 100
162 63 100
162 63 100
162 63 100
162 63 100
162 63 100
162 63 100
163 63 100
163 63 100
163 63 100
163 63 100
163 63 100
164 63 100
164 63 100
164 63 100
164 63 100
165 63 100
165 63 100
165 63 100
166 63 100
166 63 100
167 63 100
167 63 100
168 63 100
169 63 100
170 63 100
171 63 100
172 63 100
173 63 100
174 63 100
175 63 100
176 63 100
177 63 100
178 63 100
179 63 100
180 63 100
181 63 100
181 63 100
182 63 100
182 63 100
182 62 100
182 62 100
182 61 100
182 61 100
182 60 100
182 59 100
182 58 100
182 57 100
182 56 100
182 55 100
182 54 100
182 53 100
182 52 100
182 51 100
182 50 100
182 49 100
182 48 100
182 47 100
182 46 100
182 45 100
182 44 100
182 43 100
182 42 100
182 41 100
182 40 100
182 39 100
182 38 100
182 37 100
182 36 100
182 35 100
182 34 100
182 33 100
182 32 100
182 31 100
182 30 100
182 29 100
182 28 100
182 27 100
182 26 100
182 25 100
182 24 100
182 23 100
182 22 100
182 21 100
182 20 100
182 19 100
182 18 100
182 17 100
182 16 100
182 15 100
182 14 100
182 13 100
182 12 100
182 11 100
182 10 100
182 9 100
182 8 100
182 7 100
182 6 100
182 5 100
182 4 100
182 3 100
182 2 100
182 1 100
68 63 100
67 63 100
66 63 100
65 63 100
64 63 100
63 63 100
62 63 100
62 63 100
61 63 100
61 63 100
61 63 100
60 63 100
60 63 100
60 63 100
60 63 100
60 63 100
59 63 100
59 63 100
59 63 100
59 63 100
59 63 100
59 63 100
59 63 100
59 63 100
58 63 100
58 63 100
58 63 100
58 63 100
58 63 100
58 63 100
58 63 100
58 63 100
58 63 100
58 63 100
58 63 100
58 63 100
57 63 100
57 63 100
57 63 100
57 63 100
57 63 100
57 63 100
57 63 100
57 63 100
57 63 100
57 63 100
57 63 100
57 63 100
57 63 100
57 63 100
57 63 100
57 63 100
57 63 100
57 63 100
56 63 100
56 63 100
56 63 100
56 63 100
56 63 100
56 63 100
56 63 100
56 63 100
56 63 100
56 63 100
56 63 100
56 63 100
56 63 100
56 63 100
56 63 100
56 63 100
56 63 100
56 63 100
56 63 100
56 63 100
56 63 100
56 63 100
56 63 100
56 63 100
55 63 100
55 63 100
55 63 100
55 63 100
55 63 100
55 63 100
55 63 100
55 63 100
55 63 100
55 63 100
55 63 100
55 63 100
55 63 100
55 63 100
55 63 100
55 63 100
55 63 100
55 63 100
55 63 100
55 63 100
55 63 100
55 63 100
55 63 100
55 63 100
55 63 100
55 63 100
55 63 100
55 63 100
55 63 100
55 63 100
54 63 100
54 63 100
54 63 100
54 63 100
54 63 100
54 63 100
54 63 100
54 63 100
54 63 100
54 63 100
54 63 100
54 63 100
54 63 100
54 63 100
54 63 100
54 63 100
54 63 100
54 63 100
54 63 100
54 63 100
54 63 100
54 63 100
54 63 100
54 63 100
54 63 100
54 63 100
54 63 100
54 63 100
54 63 100
54 63 100
54 63 100
54 63 100
54 63 100
54 63 100
54 63 100
53 63 100
53 63 100
53 63 100
53 63 100
53 63 100
53 63 100
53 63 100
53 63 100
53 63 100
53 63 100
53 63 100
53 63 100
53 63 100
53 63 100
53 63 100
53 63 100
53 63 100
53 63 100
53 63 100
53 63 100
53 63 100
53 63 100
53 63 100
53 63 100
53 63 100
53 63 100
53 63 100
53 63 100
53 63 100
53 63 100
53 63 100
53 63 100
53 63 100
53 63 100
53 63 100
53 63 100
53 63 100
53 63 100
52 63 100
52 63 100
52 63 100
52 63 100
52 63 100
52 63 100
52 63 100
52 63 100
52 63 100
52 63 100
52 63 100
52 63 100
52 63 100
52 63 100
52 63 100
52 63 100
52 63 100
52 63 100
52 63 100
52 63 100
52 63 100
52 63 100
52 63 100
52 63 100
52 63 100
52 63 100
52 63 100
52 63 100
52 63 100
52 63 100
52 63 100
52 63 100
52 63 100
52 63 100
52 63 100
52 63 100
52 63 100
52 63 100
52 63 100
52 63 100
52 63 100
51 63 100
51 63 100
51 63 100
51 63 100
51 63 100
51 63 100
51 63 100
51 63 100
51 63 100
51 63 100
51 63 100
51 63 100
51 63 100
51 63 100
51 63 100
51 63 100
51 63 100
51 63 100
51 63 100
51 63 100
51 63 100
51 63 100
51 63 100
51 63 100
51 63 100
51 63 100
51 63 100
51 63 100
51 63 100
51 63 100
51 63 100
51 63 100
51 63 100
51 63 100
51 63 100
51 63 100
51 63 100
51 63 100
51 63 100
51 63 100
51 63 100
51 63 100
51 63 100
50 63 100
50 63 100
50 63 100
50 63 100
50 63 100
50 63 100
50 63 100
50 63 100
50 63 100
50 63 100
50 63 100
50 63 100
50 63 100
50 63 100
50 63 100
50 63 100
50 63 100
50 63 100
50 63 100
50 63 100
50 63 100
50 63 100
50 63 100
50 63 100
50 63 100
50 63 100
50 63 100
50 63 100
50 63 100
50 63 100
50 63 100
50 63 100
50 63 100
50 63 100
50 63 100
50 63 100
50 63 100
50 63 100
50 63 100
50 63 100
50 63 100
50 63 100
50 63 100
49 63 100
49 63 100
49 63 100
49 63 100
49 63 100
49 63 100
49 63 100
49 63 100
49 63 100
49 63 100
49 63 100
49 63 100
49 63 100
49 63 100
49 63 100
49 63 100
49 63 100
49 63 100
49 63 100
49 63 100
49 63 100
49 63 100
49 63 100
49 63 100
49 63 100
49 63 100
49 63 100
49 63 100
49 63 100
49 63 100
49 63 100
49 63 100
49 63 100
49 63 100
49 63 100
49 63 100
49 63 100
49 63 100
49 63 100
49 63 100
49 63 100
49 63 100
49 63 100
48 63 100
48 63 100
48 63 100
48 63 100
48 63 100
48 63 100
48 63 100
48 63 100
48 63 100
48 63 100
48 63 100
48 63 100
48 63 100
48 63 100
48 63 100
48 63 100
48 63 100
48 63 100
48 63 100
48 63 100
48 63 100
48 63 100
48 63 100
48 63 100
48 63 100
48 63 100
48 63 100
48 63 100
48 63 100
48 63 100
48 63 100
48 63 100
48 63 100
48 63 100
48 63 100
48 63 100
48 63 100
48 63 100
48 63 100
48 63 100
48 63 100
48 63 100
48 63 100
47 63 100
47 63 100
47 63 100
47 63 100
47 63 100
47 63 100
47 63 100
47 63 100
47 63 100
47 63 100
47 63 100
47 63 100
47 63 100
47 63 100
47 63 100
47 63 100
47 63 100
47 63 100
47 63 100
47 63 100
47 63 100
47 63 100
47 63 100
47 63 100
47 63 100
47 63 100
47 63 100
47 63 100
47 63 100
47 63 100
47 63 100
47 63 100
47 63 100
47 63 100
47 63 100
47 63 100
47 63 100
47 63 100
47 63 100
47 63 100
47 63 100
46 63 100
46 63 100
46 63 100
46 63 100
46 63 100
46 63 100
46 63 100
46 63 100
46 63 100
46 63 100
46 63 100
46 63 100
46 63 100
46 63 100
46 63 100
46 63 100
46 63 100
46 63 100
46 63 100
46 63 100
46 63 100
46 63 100
46 63 100
46 63 100
46 63 100
46 63 100
46 63 100
46 63 100
46 63 100
46 63 100
46 63 100
46 63 100
46 63 100
46 63 100
46 63 100
46 63 100
46 63 100
46 63 100
46 63 100
46 63 100
45 63 100
45 63 100
45 63 100
45 63 100
45 63 100
45 63 100
45 63 100
45 63 100
45 63 100
45 63 100
45 63 100
45 63 100
45 63 100
45 63 100
45 63 100
45 63 100
45 63 100
45 63 100
45 63 100
45 63 100
45 63 100
45 63 100
45 63 100
45 63 100
45 63 100
45 63 100
45 63 100
45 63 100
45 63 100
45 63 100
45 63 100
45 63 100
45 63 100
45 63 100
45 63 100
45 63 100
45 63 100
44 63 100
44 63 100
44 63 100
44 63 100
44 63 100
44 63 100
44 63 100
44 63 100
44 63 100
44 63 100
44 63 100
44 63 100
44 63 100
44 63 100
44 63 100
44 63 100
44 63 100
44 63 100
44 63 100
44 63 100
44 63 100
44 63 100
44 63 100
44 63 100
44 63 100
44 63 100
44 63 100
44 63 100
44 63 100
44 63 100
44 63 100
44 63 100
44 63 100
44 63 100
44 63 100
43 63 100
43 63 100
43 63 100
43 63 100
43 63 100
43 63 100
43 63 100
43 63 100
43 63 100
43 63 100
43 63 100
43 63 100
43 63 100
43 63 100
43 63 100
43 63 100
43 63 100
43 63 100
43 63 100
43 63 100
43 63 100
43 63 100
43 63 100
43 63 100
43 63 100
43 63 100
43 63 100
43 63 100
43 63 100
43 63 100
43 63 100
43 63 100
42 63 100
42 63 100
42 63 100
42 63 100
42 63 100
42 63 100
42 63 100
42 63 100
42 63 100
42 63 100
42 63 100
42 63 100
42 63 100
42 63 100
42 63 100
42 63 100
42 63 100
42 63 100
42 63 100
42 63 100
42 63 100
42 63 100
42 63 100
42 63 100
42 63 100
42 63 100
42 63 100
42 63 100
42 63 100
42 63 100
41 63 100
41 63 100
41 63 100
41 63 100
41 63 100
41 63 100
41 63 100
41 63 100
41 63 100
41 63 100
41 63 100
41 63 100
41 63 100
41 63 100
41 63 100
41 63 100
41 63 100
41 63 100
41 63 100
41 63 100
41 63 100
41 63 100
41 63 100
41 63 100
41 63 100
41 63 100
41 63 100
40 63 100
40 63 100
40 63 100
40 63 100
40 63 100
40 63 100
40 63 100
40 63 100
40 63 100
40 63 100
40 63 100
40 63 100
40 63 100
40 63 100
40 63 100
40 63 100
40 63 100
40 63 100
40 63 100
40 63 100
40 63 100
40 63 100
40 63 100
40 63 100
39 63 100
39 63 100
39 63 100
39 63 100
39 63 100
39 63 100
39 63 100
39 63 100
39 63 100
39 63 100
39 63 100
39 63 100
39 63 100
39 63 100
39 63 100
39 63 100
39 63 100
39 63 100
39 63 100
39 63 100
39 63 100
38 63 100
38 63 100
38 63 100
38 63 100
38 63 100
38 63 100
38 63 100
38 63 100
38 63 100
38 63 100
38 63 100
38 63 100
38 63 100
38 63 100
38 63 100
38 63 100
38 63 100
38 63 100
37 63 100
37 63 100
37 63 100
37 63 100
37 63 100
37 63 100
37 63 100
37 63 100
37 63 100
37 63 100
37 63 100
37 63 100
37 63 100
37 63 100
37 63 100
37 62 1400
37 61 100
37 61 100
37 61 100
37 61 100
37 61 100
37 61 100
37 61 100
37 61 100
37 61 100
37 61 100
37 61 100
37 61 100
37 60 100
37 60 100
37 60 100
37 60 100
37 60 100
37 60 100
37 60 100
37 60 100
37 60 100
37 60 100
37 59 100
37 59 100
37 59 100
37 59 100
37 59 100
37 59 100
37 59 100
37 58 100
37 58 100
37 58 100
37 58 100
37 58 100
37 58 100
37 57 100
37 57 100
37 57 100
37 57 100
37 56 100
37 56 100
37 56 100
37 55 100
37 55 100
37 54 100
37 53 100
37 52 100
37 51 100
37 50 100
37 49 100
37 48 100
37 47 100
37 46 100
37 45 100
37 44 100
37 43 100
37 42 100
37 41 100
37 40 100
37 39 100
37 38 100
37 37 100
37 36 100
36 36 100
35 36 100
34 36 100
33 36 100
32 36 100
31 36 100
30 36 100
29 36 100
28 36 100
27 36 100
26 36 100
25 36 100
24 36 100
23 36 100
22 36 100
22 36 100
22 37 100
22 37 100
22 38 100
22 38 100
22 39 100
22 39 100
22 40 100
22 41 100
22 42 100
22 43 100
22 44 100
22 45 100
22 46 100
22 47 100
22 48 100
22 49 100
22 50 100
22 51 100
22 52 100
22 53 100
22 54 100
22 55 100
22 56 100
22 57 100
22 58 100
22 59 100
22 60 100
22 61 100
22 62 100
22 63 100
22 64 100
22 65 100
22 66 100
22 67 100
22 68 100
22 69 100
22 70 100
22 71 100
22 72 100
22 73 100
22 74 100
22 75 100
22 76 100
22 77 100
22 78 100
22 79 100
22 80 100
22 81 100
22 82 100
22 83 100
22 84 100
22 85 100
22 86 100
22 87 100
22 88 100
22 89 100
21 89 100
20 89 100
19 89 100
18 89 100
17 89 100
16 89 100
15 89 100
14 89 100
13 89 100
12 89 100
11 89 100
10 89 100
9 89 100
9 89 100
9 90 100
9 91 100
9 92 100
9 93 100
9 94 100
9 95 100
9 96 100
9 97 100
9 98 100
9 99 100
9 100 100
9 101 100
9 102 100
9 103 100
9 104 100
9 105 100
9 106 100
9 107 100
9 108 100
9 109 100
9 110 100
9 111 100
9 112 100
9 113 100
9 114 100
9 114 100
9 115 100
9 115 100
9 116 100
9 116 100
9 116 100
9 117 100
9 117 100
9 117 100
9 117 100
9 118 100
9 118 100
9 118 100
9 118 100
9 118 100
9 119 100
9 119 100
9 119 100
9 119 100
9 119 100
9 119 100
9 119 100
9 119 100
9 120 100
9 120 100
9 120 100
9 120 100
9 120 100
9 120 100
9 120 100
9 120 100
9 120 100
9 120 100
9 121 100
9 121 100
9 121 100
9 121 100
9 121 100
9 121 100
9 121 100
9 121 100
9 121 100
9 121 100
9 121 100
9 121 100
9 121 100
9 122 100
9 122 100
9 122 100
9 122 100
9 122 100
9 122 100
9 122 100
9 122 100
9 122 100
9 122 100
9 122 100
9 122 100
9 122 100
9 122 100
9 122 100
9 122 100
9 123 100
9 123 100
9 123 100
9 123 100
9 123 100
9 123 100
9 123 100
9 123 100
9 123 100
9 123 100
9 123 100
9 123 100
9 123 100
9 123 100
9 123 100
9 123 100
9 123 100
9 123 100
9 124 100
9 124 100
9 124 100
9 124 100
9 124 100
9 124 100
9 124 100
9 124 100
9 124 100
9 124 100
9 124 100
9 124 100
9 124 100
9 124 100
9 124 100
9 124 100
9 124 100
9 124 100
9 124 100
9 124 100
9 124 100
9 125 100
9 125 100
9 125 100
9 125 100
9 125 100
9 125 100
9 125 100
9 125 100
9 125 100
9 125 100
9 125 100
9 125 100
9 125 100
9 125 100
9 125 100
9 125 100
9 125 100
9 125 100
9 125 100
9 125 100
9 125 100
9 125 100
9 126 100
9 126 100
9 126 100
9 126 100
9 126 100
9 126 100
9 126 100
9 126 100
9 126 100
9 126 100
9 126 100
9 126 100
9 126 100
9 126 100
9 126 100
9 126 100
9 126 100
9 126 100
9 126 100
9 126 100
9 126 100
9 126 100
9 126 100
9 127 100
9 127 100
9 127 100
9 127 100
9 127 100
9 127 100
9 127 100
9 127 100
9 127 100
9 127 100
9 127 100
9 127 100
9 127 100
9 127 100
9 127 100
9 127 100
9 127 100
9 127 100
9 127 100
9 127 100
9 127 100
9 127 100
9 127 100
9 128 100
9 128 100
9 128 100
9 128 100
9 128 100
9 128 100
9 128 100
9 128 100
9 128 100
9 128 100
9 128 100
9 128 100
9 128 100
9 128 100
9 128 100
9 128 100
9 128 100
9 128 100
9 128 100
9 128 100
9 128 100
9 128 100
9 129 100
9 129 100
9 129 100
9 129 100
9 129 100
9 129 100
9 129 100
9 129 100
9 129 100
9 129 100
9 129 100
9 129 100
9 129 100
9 129 100
9 129 100
9 129 100
9 129 100
9 129 100
9 129 100
9 129 100
9 130 100
9 130 100
9 130 100
9 130 100
9 130 100
9 130 100
9 130 100
9 130 100
9 130 100
9 130 100
9 130 100
9 130 100
9 130 100
9 130 100
9 130 100
9 130 100
9 130 100
9 130 100
9 131 100
9 131 100
9 131 100
9 131 100
9 131 100
9 131 100
9 131 100
9 131 100
9 131 100
9 131 100
9 131 100
9 131 100
9 131 100
9 131 100
9 131 100
9 132 100
9 132 100
9 132 100
9 132 100
9 132 100
9 132 100
9 132 100
9 132 100
9 132 100
9 132 100
9 132 100
9 132 100
9 133 100
9 133 100
9 133 100
9 133 100
9 133 100
9 133 100
9 133 100
9 133 100
9 133 100
9 133 100
9 134 100
9 134 100
9 134 100
9 134 100
9 134 100
9 134 100
9 134 100
9 134 100
9 135 100
9 135 100
9 135 100
9 135 100
9 135 100
9 135 100
9 136 100
9 136 100
9 136 100
9 136 100
9 136 100
9 137 100
9 137 100
9 137 100
9 137 100
9 138 100
9 138 100
9 138 100
9 139 100
9 139 100
9 140 100
9 140 100
9 141 100
9 141 100
9 142 100
9 142 100
9 143 100
9 144 100
9 145 100
9 146 100
9 147 100
9 148 100
9 149 100
9 150 100
9 151 100
9 152 100
9 153 100
9 154 100
9 154 100
9 155 100
9 155 100
9 156 100
9 156 100
9 156 100
9 157 100
9 157 100
9 157 100
9 157 100
9 158 100
9 158 100
9 158 100
9 158 100
9 158 100
9 158 100
9 159 100
9 159 100
9 159 100
9 159 100
9 159 100
9 159 100
9 159 100
9 159 100
9 160 100
9 160 100
9 160 100
9 160 100
9 160 100
9 160 100
9 160 100
9 160 100
9 160 100
9 160 100
9 161 100
9 161 100
9 161 100
9 161 100
9 161 100
9 161 100
9 161 100
9 161 100
9 161 100
9 161 100
9 161 100
9 161 100
9 161 100
9 162 100
9 162 100
9 162 100
9 162 100
9 162 100
9 162 100
9 162 100
9 162 100
9 162 100
9 162 100
9 162 100
9 162 100
9 162 100
9 162 100
9 163 100
9 163 100
9 163 100
9 163 100
9 163 100
9 163 100
9 163 100
9 163 100
9 163 100
9 163 100
9 163 100
9 163 100
9 163 100
9 163 100
9 163 100
9 163 100
9 164 100
9 164 100
9 164 100
9 164 100
9 164 100
9 164 100
9 164 100
9 164 100
9 164 100
9 164 100
9 164 100
9 164 100
9 164 100
9 164 100
9 164 100
9 164 100
9 164 100
9 165 100
9 165 100
9 165 100
9 165 100
9 165 100
9 165 100
9 165 100
9 165 100
9 165 100
9 165 100
9 165 100
9 165 100
9 165 100
9 165 100
9 165 100
9 165 100
9 165 100
9 166 100
9 166 100
9 166 100
9 166 100
9 166 100
9 166 100
9 166 100
9 166 100
9 166 100
9 166 100
9 166 100
9 166 100
9 166 100
9 166 100
9 166 100
9 166 100
9 166 100
9 167 100
9 167 100
9 167 100
9 167 100
9 167 100
9 167 100
9 167 100
9 167 100
9 167 100
9 167 100
9 167 100
9 167 100
9 167 100
9 167 100
9 167 100
9 167 100
9 168 100
9 168 100
9 168 100
9 168 100
9 168 100
9 168 100
9 168 100
9 168 100
9 168 100
9 168 100
9 168 100
9 168 100
9 168 100
9 168 100
9 169 100
9 169 100
9 169 100
9 169 100
9 169 100
9 169 100
9 169 100
9 169 100
9 169 100
9 169 100
9 169 100
9 169 100
9 169 100
9 170 100
9 170 100
9 170 100
9 170 100
9 170 100
9 170 100
9 170 100
9 170 100
9 170 100
9 170 100
9 170 100
9 171 100
9 171 100
9 171 100
9 171 100
9 171 100
9 171 100
9 171 100
9 171 100
9 171 100
9 172 100
9 172 100
9 172 100
9 172 100
9 172 100
9 172 100
9 172 100
9 172 100
9 173 100
9 173 100
9 173 100
9 173 100
9 173 100
9 173 100
9 173 100
9 174 100
9 174 100
9 174 100
9 174 100
9 174 100
9 174 100
9 175 100
9 175 100
9 175 100
9 175 100
9 175 100
9 176 100
9 176 100
9 176 100
9 176 100
9 177 100
9 177 100
9 177 100
9 178 100
9 178 100
9 178 100
9 179 100
9 179 100
9 180 100
9 180 100
9 181 100
9 182 100
9 183 100
9 184 100
9 185 100
10 185 100
11 185 100
12 185 100
13 185 100
14 185 100
15 185 100
16 185 100
17 185 100
18 185 100
19 185 100
20 185 100
21 185 100
22 185 100
23 185 100
24 185 100
25 185 100
26 185 100
27 185 100
28 185 100
29 185 100
30 185 100
31 185 100
31 185 100
32 185 100
32 185 100
33 185 100
33 185 100
34 185 100
34 185 100
34 185 100
35 185 100
35 185 100
35 185 100
36 185 100
36 185 100
36 185 100
36 185 100
37 185 100
37 185 100
37 185 100
37 185 100
38 185 100
38 185 100
38 185 100
38 185 100
39 185 100
39 185 100
39 185 100
39 185 100
40 185 100
40 185 100
40 185 100
40 185 100
41 185 100
41 185 100
41 185 100
41 185 100
42 185 100
42 185 100
42 185 100
43 185 100
43 185 100
43 185 100
44 185 100
44 185 100
44 185 100
45 185 100
45 185 100
45 185 100
46 185 100
46 185 100
46 185 100
47 185 100
47 185 100
47 185 100
48 185 100
48 185 100
48 185 100
49 185 100
49 185 100
49 185 100
50 185 100
50 185 100
50 185 100
50 185 100
51 185 100
51 185 100
51 185 100
51 185 100
51 185 100
52 185 100
52 185 100
52 185 100
52 185 100
52 185 100
52 185 100
52 185 100
53 185 100
53 185 100
53 185 100
53 185 100
53 185 100
53 185 100
53 185 100
53 185 100
53 185 100
53 185 100
54 185 100
54 185 100
54 185 100
54 185 100
54 185 100
54 185 100
54 185 100
54 185 100
54 185 100
54 185 100
54 185 100
54 185 100
54 185 100
55 185 100
55 185 100
55 185 100
55 185 100
55 185 100
55 185 100
55 185 100
55 185 100
55 185 100
55 185 100
55 185 100
55 185 100
55 185 100
55 185 100
55 185 100
55 185 100
55 185 100
55 185 100
56 185 100
56 185 100
56 185 100
56 185 100
56 185 100
56 185 100
56 185 100
56 185 100
56 185 100
56 185 100
56 185 100
56 185 100
56 185 100
56 185 100
56 185 100
56 185 100
56 185 100
56 185 100
56 185 100
56 185 100
56 185 100
56 185 100
56 185 100
56 185 100
57 185 100
57 185 100
57 185 100
57 185 100
57 185 100
57 185 100
57 185 100
57 185 100
57 185 100
57 185 100
57 185 100
57 185 100
57 185 100
57 185 100
57 185 100
57 185 100
57 185 100
57 185 100
57 185 100
57 185 100
57 185 100
57 185 100
57 185 100
57 185 100
57 185 100
57 185 100
57 185 100
57 185 100
57 185 100
58 185 100
58 185 100
58 185 100
58 185 100
58 185 100
58 185 100
58 185 100
58 185 100
58 185 100
58 185 100
58 185 100
58 185 100
58 185 100
58 185 100
58 185 100
58 185 100
58 185 100
58 185 100
58 185 100
58 185 100
58 185 100
58 185 100
58 185 100
58 185 100
58 185 100
58 185 100
58 185 100
58 185 100
58 185 100
58 185 100
58 185 100
58 185 100
58 185 100
58 185 100
59 185 100
59 185 100
59 185 100
59 185 100
59 185 100
59 185 100
59 185 100
59 185 100
59 185 100
59 185 100
59 185 100
59 185 100
59 185 100
59 185 100
59 185 100
59 185 100
59 185 100
59 185 100
59 185 100
59 185 100
59 185 100
59 185 100
59 185 100
59 185 100
59 185 100
59 185 100
59 185 100
59 185 100
59 185 100
59 185 100
59 185 100
59 185 100
59 185 100
59 185 100
59 185 100
59 185 100
59 185 100
59 185 100
60 185 100
60 185 100
60 185 100
60 185 100
60 185 100
60 185 100
60 185 100
60 185 100
60 185 100
60 185 100
60 185 100
60 185 100
60 185 100
60 185 100
60 185 100
60 185 100
60 185 100
60 185 100
60 185 100
60 185 100
60 185 100
60 185 100
60 185 100
60 185 100
60 185 100
60 185 100
60 185 100
60 185 100
60 185 100
60 185 100
60 185 100
60 185 100
60 185 100
60 185 100
60 185 100
60 185 100
60 185 100
60 185 100
60 185 100
60 185 100
60 185 100
60 185 100
61 185 100
61 185 100
61 185 100
61 185 100
61 185 100
61 185 100
61 185 100
61 185 100
61 185 100
61 185 100
61 185 100
61 185 100
61 185 100
61 185 100
61 185 100
61 185 100
61 185 100
61 185 100
61 185 100
61 185 100
61 185 100
61 185 100
61 185 100
61 185 100
61 185 100
61 185 100
61 185 100
61 185 100
61 185 100
61 185 100
61 185 100
61 185 100
61 185 100
61 185 100
61 185 100
61 185 100
61 185 100
61 185 100
61 185 100
61 185 100
61 185 100
61 185 100
61 185 100
61 185 100
62 185 100
62 185 100
62 185 100
62 185 100
62 185 100
62 185 100
62 185 100
62 185 100
62 185 100
62 185 100
62 185 100
62 185 100
62 185 100
62 185 100
62 185 100
62 185 100
62 185 100
62 185 100
62 185 100
62 185 100
62 185 100
62 185 100
62 185 100
62 185 100
62 185 100
62 185 100
62 185 100
62 185 100
62 185 100
62 185 100
62 185 100
62 185 100
62 185 100
62 185 100
62 185 100
62 185 100
62 185 100
62 185 100
62 185 100
62 185 100
62 185 100
62 185 100
62 185 100
62 185 100
62 185 100
62 185 100
63 185 100
63 185 100
63 185 100
63 185 100
63 185 100
63 185 100
63 185 100
63 185 100
63 185 100
63 185 100
63 185 100
63 185 100
63 185 100
63 185 100
63 185 100
63 185 100
63 185 100
63 185 100
63 185 100
63 185 100
63 185 100
63 185 100
63 185 100
63 185 100
63 185 100
63 185 100
63 185 100
63 185 100
63 185 100
63 185 100
63 185 100
63 185 100
63 185 100
63 185 100
63 185 100
63 185 100
63 185 100
63 185 100
63 185 100
63 185 100
63 185 100
63 185 100
63 185 100
63 185 100
63 185 100
63 185 100
63 185 100
64 185 100
64 185 100
64 185 100
64 185 100
64 185 100
64 185 100
64 185 100
64 185 100
64 185 100
64 185 100
64 185 100
64 185 100
64 185 100
64 185 100
64 185 100
64 185 100
64 185 100
64 185 100
64 185 100
64 185 100
64 185 100
64 185 100
64 185 100
64 185 100
64 185 100
64 185 100
64 185 100
64 185 100
64 185 100
64 185 100
64 185 100
64 185 100
64 185 100
64 185 100
64 185 100
64 185 100
64 185 100
64 185 100
64 185 100
64 185 100
64 185 100
64 185 100
64 185 100
64 185 100
64 185 100
64 185 100
64 185 100
65 185 100
65 185 100
65 185 100
65 185 100
65 185 100
65 185 100
65 185 100
65 185 100
65 185 100
65 185 100
65 185 100
65 185 100
65 185 100
65 185 100
65 185 100
65 185 100
65 185 100
65 185 100
65 185 100
65 185 100
65 185 100
65 185 100
65 185 100
65 185 100
65 185 100
65 185 100
65 185 100
65 185 100
65 185 100
65 185 100
65 185 100
65 185 100
65 185 100
65 185 100
65 185 100
65 185 100
65 185 100
65 185 100
65 185 100
65 185 100
65 185 100
65 185 100
65 185 100
65 185 100
65 185 100
65 185 100
65 185 100
66 185 100
66 185 100
66 185 100
66 185 100
66 185 100
66 185 100
66 185 100
66 185 100
66 185 100
66 185 100
66 185 100
66 185 100
66 185 100
66 185 100
66 185 100
66 185 100
66 185 100
66 185 100
66 185 100
66 185 100
66 185 100
66 185 100
66 185 100
66 185 100
66 185 100
66 185 100
66 185 100
66 185 100
66 185 100
66 185 100
66 185 100
66 185 100
66 185 100
66 185 100
66 185 100
66 185 100
66 185 100
66 185 100
66 185 100
66 185 100
66 185 100
66 185 100
66 185 100
66 185 100
66 185 100
66 185 100
66 185 100
67 185 100
67 185 100
67 185 100
67 185 100
67 185 100
67 185 100
67 185 100
67 185 100
67 185 100
67 185 100
67 185 100
67 185 100
67 185 100
67 185 100
67 185 100
67 185 100
67 185 100
67 185 100
67 185 100
67 185 100
67 185 100
67 185 100
67 185 100
67 185 100
67 185 100
67 185 100
67 185 100
67 185 100
67 185 100
67 185 100
67 185 100
67 185 100
67 185 100
67 185 100
67 185 100
67 185 100
67 185 100
67 185 100
67 185 100
67 185 100
67 185 100
67 185 100
67 185 100
67 185 100
67 185 100
67 185 100
67 185 100
68 185 100
68 185 100
68 185 100
68 185 100
68 185 100
68 185 100
68 185 100
68 185 100
68 185 100
68 185 100
68 185 100
68 185 100
68 185 100
68 185 100
68 185 100
68 185 100
68 185 100
68 185 100
68 185 100
68 185 100
68 185 100
68 185 100
68 185 100
68 185 100
68 185 100
68 185 100
68 185 100
68 185 100
68 185 100
68 185 100
68 185 100
68 185 100
68 185 100
68 185 100
68 185 100
68 185 100
68 185 100
68 185 100
68 185 100
68 185 100
68 185 100
68 185 100
68 185 100
68 185 100
68 185 100
68 185 100
69 185 100
69 185 100
69 185 100
69 185 100
69 185 100
69 185 100
69 185 100
69 185 100
69 185 100
69 185 100
69 185 100
69 185 100
69 185 100
69 185 100
69 185 100
69 185 100
69 185 100
69 185 100
69 185 100
69 185 100
69 185 100
69 185 100
69 185 100
69 185 100
69 185 100
69 185 100
69 185 100
69 185 100
69 185 100
69 185 100
69 185 100
69 185 100
69 185 100
69 185 100
69 185 100
69 185 100
69 185 100
69 185 100
69 185 100
69 185 100
69 185 100
69 185 100
69 185 100
69 185 100
69 185 100
70 185 100
70 185 100
70 185 100
70 185 100
70 185 100
70 185 100
70 185 100
70 185 100
70 185 100
70 185 100
70 185 100
70 185 100
70 185 100
70 185 100
70 185 100
70 185 100
70 185 100
70 185 100
70 185 100
70 185 100
70 185 100
70 185 100
70 185 100
70 185 100
70 185 100
70 185 100
70 185 100
70 185 100
70 185 100
70 185 100
70 185 100
70 185 100
70 185 100
70 185 100
70 185 100
70 185 100
70 185 100
70 185 100
70 185 100
70 185 100
70 185 100
70 185 100
70 185 100
71 185 100
71 185 100
71 185 100
71 185 100
71 185 100
71 185 100
71 185 100
71 185 100
71 185 100
71 185 100
71 185 100
71 185 100
71 185 100
71 185 100
71 185 100
71 185 100
71 185 100
71 185 100
71 185 100
71 185 100
71 185 100
71 185 100
71 185 100
71 185 100
71 185 100
71 185 100
71 185 100
71 185 100
71 185 100
71 185 100
71 185 100
71 185 100
71 185 100
71 185 100
71 185 100
71 185 100
71 185 100
71 185 100
71 185 100
71 185 100
71 185 100
72 185 100
72 185 100
72 185 100
72 185 100
72 185 100
72 185 100
72 185 100
72 185 100
72 185 100
72 185 100
72 185 100
72 185 100
72 185 100
72 185 100
72 185 100
72 185 100
72 185 100
72 185 100
72 185 100
72 185 100
72 185 100
72 185 100
72 185 100
72 185 100
72 185 100
72 185 100
72 185 100
72 185 100
72 185 100
72 185 100
72 185 100
72 185 100
72 185 100
72 185 100
72 185 100
72 185 100
72 185 100
72 185 100
72 185 100
73 185 100
73 185 100
73 185 100
73 185 100
73 185 100
73 185 100
73 185 100
73 185 100
73 185 100
73 185 100
73 185 100
73 185 100
73 185 100
73 185 100
73 185 100
73 185 100
73 185 100
73 185 100
73 185 100
73 185 100
73 185 100
73 185 100
73 185 100
73 185 100
73 185 100
73 185 100
73 185 100
73 185 100
73 185 100
73 185 100
73 185 100
73 185 100
73 185 100
73 185 100
73 185 100
73 185 100
73 185 100
74 185 100
74 185 100
74 185 100
74 185 100
74 185 100
74 185 100
74 185 100
74 185 100
74 185 100
74 185 100
74 185 100
74 185 100
74 185 100
74 185 100
74 185 100
74 185 100
74 185 100
74 185 100
74 185 100
74 185 100
74 185 100
74 185 100
74 185 100
74 185 100
74 185 100
74 185 100
74 185 100
74 185 100
74 185 100
74 185 100
74 185 100
74 185 100
74 185 100
74 185 100
74 185 100
75 185 100
75 185 100
75 185 100
75 185 100
75 185 100
75 185 100
75 185 100
75 185 100
75 185 100
75 185 100
75 185 100
75 185 100
75 185 100
75 185 100
75 185 100
75 185 100
75 185 100
75 185 100
75 185 100
75 185 100
75 185 100
75 185 100
75 185 100
75 185 100
75 185 100
75 185 100
75 185 100
75 185 100
75 185 100
75 185 100
75 185 100
75 185 100
75 185 100
76 185 100
76 185 100
76 185 100
76 185 100
76 185 100
76 185 100
76 185 100
76 185 100
76 185 100
76 185 100
76 185 100
76 185 100
76 185 100
76 185 100
76 185 100
76 185 100
76 185 100
76 185 100
76 185 100
76 185 100
76 185 100
76 185 100
76 185 100
76 185 100
76 185 100
76 185 100
76 185 100
76 185 100
76 185 100
76 185 100
77 185 100
77 185 100
77 185 100
77 185 100
77 185 100
77 185 100
77 185 100
77 185 100
77 185 100
77 185 100
77 185 100
77 185 100
77 185 100
77 185 100
77 185 100
77 185 100
77 185 100
77 185 100
77 185 100
77 185 100
77 185 100
77 185 100
77 185 100
77 185 100
77 185 100
77 185 100
77 185 100
77 185 100
78 185 100
78 185 100
78 185 100
78 185 100
78 185 100
78 185 100
78 185 100
78 185 100
78 185 100
78 185 100
78 185 100
78 185 100
78 185 100
78 185 100
78 185 100
78 185 100
78 185 100
78 185 100
78 185 100
78 185 100
78 185 100
78 185 100
78 185 100
78 185 100
78 185 100
79 185 100
79 185 100
79 185 100
79 185 100
79 185 100
79 185 100
79 185 100
79 185 100
79 185 100
79 185 100
79 185 100
79 185 100
79 185 100
79 185 100
79 185 100
79 185 100
79 185 100
79 185 100
79 185 100
79 185 100
79 185 100
80 185 100
80 185 100
80 185 100
80 185 100
80 185 100
80 185 100
80 185 100
80 185 100
80 185 100
80 185 100
80 185 100
80 185 100
80 185 100
80 185 100
80 185 100
80 185 100
80 185 100
80 185 100
81 185 100
81 185 100
81 185 100
81 185 100
81 185 100
81 185 100
81 185 100
81 185 100
81 185 100
81 185 100
81 185 100
81 185 100
81 185 100
81 185 100
82 185 100
82 185 100
82 185 100
82 185 100
82 185 100
82 185 100
82 185 100
82 185 100
82 185 100
82 185 100
82 184 900
82 183 100
82 183 100
82 183 100
82 183 100
82 183 100
82 183 100
82 183 100
82 182 100
82 182 100
82 182 100
82 182 100
82 182 100
82 182 100
82 181 100
82 181 100
82 181 100
82 181 100
82 180 100
82 180 100
82 180 100
82 179 100
82 179 100
82 178 100
82 178 100
82 177 100
82 176 100
82 175 100
82 174 100
82 173 100
82 172 100
82 171 100
82 170 100
82 169 100
82 168 100
82 167 100
82 166 100
82 165 100
82 164 100
82 163 100
82 162 100
82 161 100
83 161 100
84 161 100
85 161 100
86 161 100
87 161 100
88 161 100
89 161 100
90 161 100
91 161 100
92 161 100
93 161 100
94 161 100
94 161 100
95 161 100
95 161 100
96 161 100
96 161 100
96 161 100
97 161 100
97 161 100
97 161 100
98 161 100
98 161 100
98 161 100
99 161 100
99 161 100
99 161 100
99 161 100
100 161 100
100 161 100
100 161 100
100 161 100
101 161 100
101 161 100
101 161 100
101 161 100
101 161 100
102 161 100
102 161 100
102 161 100
102 161 100
102 161 100
103 161 100
103 161 100
103 161 100
103 161 100
103 161 100
104 161 100
104 161 100
104 161 100
104 161 100
104 161 100
105 161 100
105 161 100
105 161 100
105 161 100
105 161 100
105 161 100
106 161 100
106 161 100
106 161 100
106 161 100
106 161 100
106 161 100
107 161 100
107 161 100
107 161 100
107 161 100
107 161 100
107 161 100
107 161 100
108 161 100
108 161 100
108 161 100
108 161 100
108 161 100
108 161 100
108 161 100
108 161 100
109 161 100
109 161 100
109 161 100
109 161 100
109 161 100
109 161 100
109 161 100
109 161 100
109 161 100
109 161 100
110 161 100
110 161 100
110 161 100
110 161 100
110 161 100
110 161 100
110 161 100
110 161 100
110 161 100
110 161 100
110 161 100
111 161 100
111 161 100
111 161 100
111 161 100
111 161 100
111 161 100
111 161 100
111 161 100
111 161 100
111 161 100
111 161 100
111 161 100
112 161 100
112 161 100
112 161 100
112 161 100
112 161 100
112 161 100
112 161 100
112 161 100
112 161 100
112 161 100
112 161 100
112 161 100
112 161 100
112 161 100
113 161 100
113 161 100
113 161 100
113 161 100
113 161 100
113 161 100
113 161 100
113 161 100
113 161 100
113 161 100
113 161 100
113 161 100
113 161 100
113 161 100
113 161 100
114 161 100
114 161 100
114 161 100
114 161 100
114 161 100
114 161 100
114 161 100
114 161 100
114 161 100
114 161 100
114 161 100
114 161 100
114 161 100
114 161 100
114 161 100
114 161 100
115 161 100
115 161 100
115 161 100
115 161 100
115 161 100
115 161 100
115 161 100
115 161 100
115 161 100
115 161 100
115 161 100
115 161 100
115 161 100
115 161 100
115 161 100
115 161 100
116 161 100
116 161 100
116 161 100
116 161 100
116 161 100
116 161 100
116 161 100
116 161 100
116 161 100
116 161 100
116 161 100
116 161 100
116 161 100
116 161 100
116 161 100
117 161 100
117 161 100
117 161 100
117 161 100
117 161 100
117 161 100
117 161 100
117 161 100
117 161 100
117 161 100
117 161 100
117 161 100
117 161 100
117 161 100
118 161 100
118 161 100
118 161 100
118 161 100
118 161 100
118 161 100
118 161 100
118 161 100
118 161 100
118 161 100
118 161 100
118 161 100
118 161 100
119 161 100
119 161 100
119 161 100
119 161 100
119 161 100
119 161 100
119 161 100
119 161 100
119 161 100
119 161 100
119 161 100
120 161 100
120 161 100
120 161 100
120 161 100
120 161 100
120 161 100
120 161 100
120 161 100
120 161 100
121 161 100
121 161 100
121 161 100
121 161 100
121 161 100
121 161 100
121 161 100
122 161 100
122 161 100
122 161 100
122 161 100
122 161 100
123 161 100
123 161 100
123 161 100
123 161 100
124 161 100
124 161 100
124 161 100
125 161 100
125 161 100
126 161 100
126 161 100
127 161 100
128 161 100
129 161 100
130 161 100
131 161 100
132 161 100
133 161 100
134 161 100
135 161 100
136 161 100
137 161 100
138 161 100
139 161 100
140 161 100
141 161 100
142 161 100
143 161 100
144 161 100
145 161 100
146 161 100
147 161 100
148 161 100
149 161 100
150 161 100
151 161 100
152 161 100
153 161 100
154 161 100
155 161 100
156 161 100
157 161 100
158 161 100
159 161 100
160 161 100
161 161 100
161 161 100
162 161 100
162 161 100
162 161 100
163 161 100
163 161 100
163 161 100
163 160 200
163 160 100
163 160 100
163 159 100
163 159 100
163 159 100
163 159 100
163 158 100
163 158 100
163 158 100
163 158 100
163 158 100
163 157 100
163 157 100
163 157 100
163 157 100
163 157 100
163 157 100
163 156 100
163 156 100
163 156 100
163 156 100
163 156 100
163 156 100
163 156 100
163 155 100
163 155 100
163 155 100
163 155 100
163 155 100
163 155 100
163 155 100
163 154 100
163 154 100
163 154 100
163 154 100
163 154 100
163 154 100
163 154 100
163 154 100
163 153 100
163 153 100
163 153 100
163 153 100
163 153 100
163 153 100
163 153 100
163 153 100
163 152 100
163 152 100
163 152 100
163 152 100
163 152 100
163 152 100
163 152 100
163 152 100
163 151 100
163 151 100
163 151 100
163 151 100
163 151 100
163 151 100
163 151 100
163 150 100
163 150 100
163 150 100
163 150 100
163 150 100
163 150 100
163 150 100
163 149 100
163 149 100
163 149 100
163 149 100
163 149 100
163 149 100
163 148 100
163 148 100
163 148 100
163 148 100
163 148 100
163 147 100
163 147 100
163 147 100
163 147 100
163 146 100
163 146 100
163 146 100
163 145 100
163 145 100
163 145 100
163 144 100
163 144 100
163 143 100
163 143 100
163 142 100
163 142 100
163 141 100
163 140 100
163 139 100
163 138 100
163 137 100
163 136 100
163 135 100
163 134 100
163 133 100
163 132 100
163 131 100
163 130 100
