158 181 50
157 181 50
156 181 50
155 181 50
154 181 50
153 181 50
152 181 50
151 181 50
150 181 50
149 181 50
148 181 50
147 181 50
146 181 50
145 181 50
144 181 50
143 181 50
142 181 50
141 181 50
140 181 50
139 181 50
138 181 50
137 181 50
136 181 50
135 181 50
135 181 100
134 181 50
134 181 100
133 181 50
133 181 100
132 181 50
132 181 100
131 181 50
131 181 100
130 181 50
130 181 100
129 181 50
129 181 100
128 181 50
128 181 100
127 181 50
127 181 100
126 181 50
126 181 100
126 181 150
125 181 50
125 181 100
125 181 150
124 181 50
124 181 100
124 181 150
123 181 50
123 181 100
123 181 150
123 181 200
122 181 50
122 181 100
122 181 150
122 181 200
121 181 50
121 181 100
121 181 150
121 181 200
121 181 250
120 181 50
120 181 100
120 181 150
120 181 200
120 181 250
119 181 50
119 181 100
119 181 150
119 181 200
119 181 250
118 181 50
118 181 100
118 181 150
118 181 200
118 181 250
117 181 50
117 181 100
117 181 150
117 181 200
117 181 250
116 181 50
116 181 100
116 181 150
116 181 200
115 181 50
115 181 100
115 181 150
114 181 50
114 181 100
113 181 50
113 181 100
112 181 50
111 181 50
110 181 50
109 181 50
108 181 50
107 181 50
106 181 50
105 181 50
104 181 50
103 181 50
102 181 50
101 181 50
100 181 50
99 181 50
98 181 50
97 181 50
96 181 50
95 181 50
94 181 50
94 180 50
94 179 50
94 178 50
94 177 50
94 176 50
94 175 50
94 174 50
94 173 50
94 172 50
94 171 50
94 170 50
94 169 50
94 168 50
94 168 100
94 167 50
94 167 100
94 166 50
94 166 100
94 165 50
94 165 100
94 165 150
94 164 50
94 164 100
94 164 150
94 164 200
94 163 50
94 163 100
94 163 150
94 163 200
94 163 250
94 162 50
94 162 100
94 162 150
94 162 200
94 162 250
94 162 300
94 161 50
94 161 100
94 161 150
94 161 200
94 161 250
94 161 300
94 160 50
94 160 100
94 160 150
94 160 200
94 160 250
94 160 300
94 159 50
94 159 100
94 159 150
94 159 200
94 159 250
94 159 300
94 158 50
94 158 100
94 158 150
94 158 200
94 158 250
94 158 300
94 157 50
94 157 100
94 157 150
94 157 200
94 157 250
94 157 300
94 156 50
94 156 100
94 156 150
94 156 200
94 156 250
94 155 50
94 155 100
94 155 150
94 155 200
94 155 250
94 154 50
94 154 100
94 154 150
94 154 200
94 153 50
94 153 100
94 153 150
94 153 200
94 152 50
94 152 100
94 152 150
94 152 200
94 151 50
94 151 100
94 151 150
94 151 200
94 150 50
94 150 100
94 150 150
94 149 50
94 149 100
94 149 150
94 148 50
94 148 100
94 148 150
94 147 50
94 147 100
94 146 50
94 146 100
94 145 50
94 145 100
94 144 50
94 144 100
94 143 50
94 142 50
94 141 50
94 140 50
94 139 50
94 138 50
47 197 50
48 197 50
49 197 50
50 197 50
50 197 100
51 197 50
51 197 100
52 197 50
52 197 100
52 197 150
53 197 50
53 197 100
53 197 150
54 197 50
54 197 100
54 197 150
54 197 200
55 197 50
55 197 100
55 197 150
55 197 200
55 197 250
56 197 50
56 197 100
56 197 150
56 197 200
56 197 250
56 197 300
57 197 50
57 197 100
57 197 150
57 197 200
57 197 250
57 197 300
58 197 50
58 197 100
58 197 150
58 197 200
58 197 250
58 197 300
58 197 350
59 197 50
59 197 100
59 197 150
59 197 200
59 197 250
59 197 300
59 197 350
60 197 50
60 197 100
60 197 150
60 197 200
60 197 250
60 197 300
60 197 350
60 197 400
61 197 50
61 197 100
61 197 150
61 197 200
61 197 250
61 197 300
61 197 350
61 197 400
62 197 50
62 197 100
62 197 150
62 197 200
62 197 250
62 197 300
62 197 350
62 197 400
63 197 50
63 197 100
63 197 150
63 197 200
63 197 250
63 197 300
63 197 350
63 197 400
64 197 50
64 197 100
64 197 150
64 197 200
64 197 250
64 197 300
64 197 350
64 197 400
64 197 450
65 197 50
65 197 100
65 197 150
65 197 200
65 197 250
65 197 300
65 197 350
65 197 400
65 197 450
66 197 50
66 197 100
66 197 150
66 197 200
66 197 250
66 197 300
66 197 350
66 197 400
66 197 450
67 197 50
67 197 100
67 197 150
67 197 200
67 197 250
67 197 300
67 197 350
67 197 400
67 197 450
68 197 50
68 197 100
68 197 150
68 197 200
68 197 250
68 197 300
68 197 350
68 197 400
68 197 450
69 197 50
69 197 100
69 197 150
69 197 200
69 197 250
69 197 300
69 197 350
69 197 400
70 197 50
70 197 100
70 197 150
70 197 200
70 197 250
70 197 300
70 197 350
71 197 50
71 197 100
71 197 150
71 197 200
71 197 250
71 197 300
72 197 50
72 197 100
72 197 150
72 197 200
72 197 250
73 197 50
73 197 100
73 197 150
73 197 200
74 197 50
74 197 100
74 197 150
75 197 50
75 197 100
76 197 50
76 197 100
77 197 50
77 197 100
78 197 50
79 197 50
80 197 50
81 197 50
82 197 50
83 197 50
84 197 50
85 197 50
86 197 50
87 197 50
88 197 50
89 197 50
90 197 50
91 197 50
92 197 50
93 197 50
94 197 50
94 196 50
94 195 50
94 194 50
94 193 50
94 192 50
94 191 50
94 190 50
94 189 50
94 188 50
94 187 50
94 186 50
94 185 50
94 184 50
94 183 50
94 182 50
14 54 50
15 54 50
16 54 50
17 54 50
18 54 50
19 54 50
20 54 50
21 54 50
22 54 50
23 54 50
24 54 50
25 54 50
26 54 50
27 54 50
28 54 50
29 54 50
30 54 50
31 54 50
32 54 50
33 54 50
34 54 50
35 54 50
36 54 50
37 54 50
38 54 50
39 54 50
40 54 50
41 54 50
42 54 50
43 54 50
44 54 50
45 54 50
46 54 50
47 54 50
48 54 50
49 54 50
50 54 50
51 54 50
52 54 50
53 54 50
54 54 50
55 54 50
55 54 100
56 54 50
56 54 100
57 54 50
58 54 50
59 54 50
60 54 50
61 54 50
62 54 50
63 54 50
64 54 50
65 54 50
66 54 50
67 54 50
68 54 50
69 54 50
70 54 50
71 54 50
72 54 50
73 54 50
74 54 50
75 54 50
76 54 50
77 54 50
77 54 100
78 54 50
78 54 100
79 54 50
79 54 100
80 54 50
80 54 100
81 54 50
81 54 100
82 54 50
82 54 100
83 54 50
83 54 100
84 54 50
84 54 100
85 54 50
85 54 100
85 54 150
86 54 50
86 54 100
86 54 150
87 54 50
87 54 100
87 54 150
87 54 200
88 54 50
88 54 100
88 54 150
88 54 200
89 54 50
89 54 100
89 54 150
89 54 200
90 54 50
90 54 100
90 54 150
90 54 200
91 54 50
91 54 100
91 54 150
91 54 200
92 54 50
92 54 100
92 54 150
92 54 200
93 54 50
93 54 100
93 54 150
93 54 200
94 54 50
94 54 100
94 54 150
94 54 200
94 54 250
95 54 50
95 54 100
95 54 150
95 54 200
95 54 250
96 54 50
96 54 100
96 54 150
96 54 200
96 54 250
97 54 50
97 54 100
97 54 150
97 54 200
97 54 250
97 54 300
98 54 50
98 54 100
98 54 150
98 54 200
98 54 250
98 54 300
99 54 50
99 54 100
99 54 150
99 54 200
99 54 250
100 54 50
100 54 100
100 54 150
100 54 200
100 54 250
101 54 50
101 54 100
101 54 150
101 54 200
102 54 50
102 54 100
102 54 150
102 54 200
103 54 50
103 54 100
103 54 150
104 54 50
104 54 100
105 54 50
105 54 100
106 54 50
106 54 100
107 54 50
108 54 50
109 54 50
110 54 50
111 54 50
112 54 50
113 54 50
114 54 50
115 54 50
116 54 50
117 54 50
118 54 50
119 54 50
119 55 50
119 56 50
119 57 50
119 58 50
119 59 50
119 60 50
119 61 50
119 62 50
119 63 50
119 64 50
119 65 50
119 66 50
119 67 50
119 68 50
119 69 50
119 70 50
