41 4 50
42 4 50
43 4 50
44 4 50
44 4 100
45 4 50
45 4 100
46 4 50
46 4 100
46 4 150
47 4 50
47 4 100
47 4 150
48 4 50
48 4 100
48 4 150
48 4 200
49 4 50
49 4 100
49 4 150
49 4 200
50 4 50
50 4 100
50 4 150
50 4 200
50 4 250
51 4 50
51 4 100
51 4 150
51 4 200
51 4 250
52 4 50
52 4 100
52 4 150
52 4 200
52 4 250
53 4 50
53 4 100
53 4 150
53 4 200
53 4 250
54 4 50
54 4 100
54 4 150
54 4 200
54 4 250
55 4 50
55 4 100
55 4 150
55 4 200
55 4 250
55 4 300
56 4 50
56 4 100
56 4 150
56 4 200
56 4 250
56 4 300
57 4 50
57 4 100
57 4 150
57 4 200
57 4 250
57 4 300
58 4 50
58 4 100
58 4 150
58 4 200
58 4 250
58 4 300
59 4 50
59 4 100
59 4 150
59 4 200
59 4 250
59 4 300
59 4 350
60 4 50
60 4 100
60 4 150
60 4 200
60 4 250
60 4 300
60 4 350
61 4 50
61 4 100
61 4 150
61 4 200
61 4 250
61 4 300
61 4 350
61 4 400
62 4 50
62 4 100
62 4 150
62 4 200
62 4 250
62 4 300
62 4 350
62 4 400
62 4 450
63 4 50
63 4 100
63 4 150
63 4 200
63 4 250
63 4 300
63 4 350
63 4 400
63 4 450
64 4 50
64 4 100
64 4 150
64 4 200
64 4 250
64 4 300
64 4 350
64 4 400
64 4 450
64 5 50
64 5 100
64 5 150
64 5 200
64 5 250
64 5 300
64 5 350
64 5 400
64 5 450
64 6 50
64 6 100
64 6 150
64 6 200
64 6 250
64 6 300
64 6 350
64 6 400
64 6 450
64 6 500
64 7 50
64 7 100
64 7 150
64 7 200
64 7 250
64 7 300
64 7 350
64 7 400
64 7 450
64 7 500
64 8 50
64 8 100
64 8 150
64 8 200
64 8 250
64 8 300
64 8 350
64 8 400
64 8 450
64 8 500
64 9 50
64 9 100
64 9 150
64 9 200
64 9 250
64 9 300
64 9 350
64 9 400
64 9 450
64 9 500
64 10 50
64 10 100
64 10 150
64 10 200
64 10 250
64 10 300
64 10 350
64 10 400
64 10 450
64 10 500
64 11 50
64 11 100
64 11 150
64 11 200
64 11 250
64 11 300
64 11 350
64 11 400
64 11 450
64 11 500
64 12 50
64 12 100
64 12 150
64 12 200
64 12 250
64 12 300
64 12 350
64 12 400
64 12 450
64 12 500
64 13 50
64 13 100
64 13 150
64 13 200
64 13 250
64 13 300
64 13 350
64 13 400
64 13 450
64 13 500
64 14 50
64 14 100
64 14 150
64 14 200
64 14 250
64 14 300
64 14 350
64 14 400
64 14 450
64 15 50
64 15 100
64 15 150
64 15 200
64 15 250
64 15 300
64 15 350
64 15 400
64 15 450
64 16 50
64 16 100
64 16 150
64 16 200
64 16 250
64 16 300
64 16 350
64 16 400
64 16 450
64 17 50
64 17 100
64 17 150
64 17 200
64 17 250
64 17 300
64 17 350
64 17 400
64 17 450
64 18 50
64 18 100
64 18 150
64 18 200
64 18 250
64 18 300
64 18 350
64 18 400
64 18 450
64 19 50
64 19 100
64 19 150
64 19 200
64 19 250
64 19 300
64 19 350
64 19 400
64 19 450
64 20 50
64 20 100
64 20 150
64 20 200
64 20 250
64 20 300
64 20 350
64 20 400
64 20 450
64 21 50
64 21 100
64 21 150
64 21 200
64 21 250
64 21 300
64 21 350
64 21 400
64 22 50
64 22 100
64 22 150
64 22 200
64 22 250
64 22 300
64 22 350
64 22 400
64 23 50
64 23 100
64 23 150
64 23 200
64 23 250
64 23 300
64 23 350
64 23 400
64 24 50
64 24 100
64 24 150
64 24 200
64 24 250
64 24 300
64 24 350
64 25 50
64 25 100
64 25 150
64 25 200
64 25 250
64 25 300
64 25 350
64 26 50
64 26 100
64 26 150
64 26 200
64 26 250
64 26 300
64 27 50
64 27 100
64 27 150
64 27 200
64 27 250
64 27 300
64 28 50
64 28 100
64 28 150
64 28 200
64 28 250
64 29 50
64 29 100
64 29 150
64 29 200
64 30 50
64 30 100
64 30 150
64 30 200
64 31 50
64 31 100
64 31 150
64 31 200
64 32 50
64 32 100
64 32 150
64 33 50
64 33 100
64 33 150
64 34 50
64 34 100
64 34 150
64 35 50
64 35 100
64 35 150
64 36 50
64 36 100
64 36 150
64 37 50
64 37 100
64 38 50
64 38 100
64 39 50
64 39 100
64 40 50
64 40 100
64 41 50
64 42 50
64 43 50
64 44 50
64 45 50
64 46 50
64 47 50
64 48 50
64 49 50
64 50 50
64 51 50
64 52 50
64 53 50
64 54 50
64 55 50
64 56 50
64 57 50
64 58 50
64 59 50
64 60 50
64 61 50
64 62 50
64 63 50
64 64 50
64 65 50
64 66 50
64 67 50
64 67 100
64 68 50
64 68 100
64 69 50
64 69 100
64 69 150
64 70 50
64 70 100
64 70 150
64 71 50
64 71 100
64 71 150
64 71 200
64 72 50
64 72 100
64 72 150
64 72 200
64 73 50
64 73 100
64 73 150
64 73 200
64 73 250
64 74 50
64 74 100
64 74 150
64 74 200
64 74 250
64 75 50
64 75 100
64 75 150
64 75 200
64 75 250
64 76 50
64 76 100
64 76 150
64 76 200
64 76 250
64 76 300
64 77 50
64 77 100
64 77 150
64 77 200
64 77 250
64 77 300
64 78 50
64 78 100
64 78 150
64 78 200
64 78 250
64 78 300
64 78 350
64 79 50
64 79 100
64 79 150
64 79 200
64 79 250
64 79 300
64 79 350
64 80 50
64 80 100
64 80 150
64 80 200
64 80 250
64 80 300
64 80 350
64 80 400
64 81 50
64 81 100
64 81 150
64 81 200
64 81 250
64 81 300
64 81 350
64 81 400
64 81 450
64 82 50
64 82 100
64 82 150
64 82 200
64 82 250
64 82 300
64 82 350
64 82 400
64 82 450
64 83 50
64 83 100
64 83 150
64 83 200
64 83 250
64 83 300
64 83 350
64 83 400
64 83 450
64 83 500
64 84 50
64 84 100
64 84 150
64 84 200
64 84 250
64 84 300
64 84 350
64 84 400
64 84 450
64 84 500
64 84 550
64 85 50
64 85 100
64 85 150
64 85 200
64 85 250
64 85 300
64 85 350
64 85 400
64 85 450
64 85 500
64 85 550
64 86 50
64 86 100
64 86 150
64 86 200
64 86 250
64 86 300
64 86 350
64 86 400
64 86 450
64 86 500
64 86 550
64 86 600
64 87 50
64 87 100
64 87 150
64 87 200
64 87 250
64 87 300
64 87 350
64 87 400
64 87 450
64 87 500
64 87 550
64 87 600
64 88 50
64 88 100
64 88 150
64 88 200
64 88 250
64 88 300
64 88 350
64 88 400
64 88 450
64 88 500
64 88 550
64 88 600
64 89 50
64 89 100
64 89 150
64 89 200
64 89 250
64 89 300
64 89 350
64 89 400
64 89 450
64 89 500
64 89 550
64 89 600
64 90 50
64 90 100
64 90 150
64 90 200
64 90 250
64 90 300
64 90 350
64 90 400
64 90 450
64 90 500
64 90 550
64 90 600
64 91 50
64 91 100
64 91 150
64 91 200
64 91 250
64 91 300
64 91 350
64 91 400
64 91 450
64 91 500
64 91 550
64 91 600
64 92 50
64 92 100
64 92 150
64 92 200
64 92 250
64 92 300
64 92 350
64 92 400
64 92 450
64 92 500
64 92 550
64 92 600
64 93 50
64 93 100
64 93 150
64 93 200
64 93 250
64 93 300
64 93 350
64 93 400
64 93 450
64 93 500
64 93 550
64 93 600
64 94 50
64 94 100
64 94 150
64 94 200
64 94 250
64 94 300
64 94 350
64 94 400
64 94 450
64 94 500
64 94 550
64 94 600
64 95 50
64 95 100
64 95 150
64 95 200
64 95 250
64 95 300
64 95 350
64 95 400
64 95 450
64 95 500
64 95 550
64 96 50
64 96 100
64 96 150
64 96 200
64 96 250
64 96 300
64 96 350
64 96 400
64 96 450
64 96 500
64 96 550
64 97 50
64 97 100
64 97 150
64 97 200
64 97 250
64 97 300
64 97 350
64 97 400
64 97 450
64 97 500
64 97 550
64 98 50
64 98 100
64 98 150
64 98 200
64 98 250
64 98 300
64 98 350
64 98 400
64 98 450
64 98 500
64 98 550
64 99 50
64 99 100
64 99 150
64 99 200
64 99 250
64 99 300
64 99 350
64 99 400
64 99 450
64 99 500
64 99 550
64 100 50
64 100 100
64 100 150
64 100 200
64 100 250
64 100 300
64 100 350
64 100 400
64 100 450
64 100 500
64 101 50
64 101 100
64 101 150
64 101 200
64 101 250
64 101 300
64 101 350
64 101 400
64 101 450
64 101 500
64 102 50
64 102 100
64 102 150
64 102 200
64 102 250
64 102 300
64 102 350
64 102 400
64 102 450
64 102 500
64 103 50
64 103 100
64 103 150
64 103 200
64 103 250
64 103 300
64 103 350
64 103 400
64 103 450
64 104 50
64 104 100
64 104 150
64 104 200
64 104 250
64 104 300
64 104 350
64 104 400
64 104 450
64 105 50
64 105 100
64 105 150
64 105 200
64 105 250
64 105 300
64 105 350
64 105 400
64 106 50
64 106 100
64 106 150
64 106 200
64 106 250
64 106 300
64 106 350
64 106 400
64 107 50
64 107 100
64 107 150
64 107 200
64 107 250
64 107 300
64 107 350
64 108 50
64 108 100
64 108 150
64 108 200
64 108 250
64 108 300
64 108 350
64 109 50
64 109 100
64 109 150
64 109 200
64 109 250
64 109 300
64 110 50
64 110 100
64 110 150
64 110 200
64 110 250
64 111 50
64 111 100
64 111 150
64 111 200
64 111 250
64 112 50
64 112 100
64 112 150
64 112 200
64 113 50
64 113 100
64 113 150
64 113 200
64 114 50
64 114 100
64 114 150
64 114 200
64 115 50
64 115 100
64 115 150
64 116 50
64 116 100
64 116 150
64 117 50
64 117 100
64 117 150
64 118 50
64 118 100
64 119 50
64 119 100
64 120 50
64 120 100
64 121 50
64 121 100
64 122 50
64 122 100
64 123 50
64 123 100
64 124 50
64 125 50
64 126 50
64 127 50
64 128 50
64 129 50
64 130 50
64 131 50
64 132 50
64 133 50
64 134 50
64 135 50
64 136 50
64 137 50
64 138 50
64 139 50
64 140 50
64 141 50
64 142 50
64 143 50
64 144 50
65 4 50
65 4 100
65 4 150
65 4 200
65 4 250
65 4 300
65 4 350
65 4 400
65 4 450
66 4 50
66 4 100
66 4 150
66 4 200
66 4 250
66 4 300
66 4 350
66 4 400
66 4 450
67 4 50
67 4 100
67 4 150
67 4 200
67 4 250
67 4 300
67 4 350
67 4 400
67 4 450
68 4 50
68 4 100
68 4 150
68 4 200
68 4 250
68 4 300
68 4 350
68 4 400
68 4 450
69 4 50
69 4 100
69 4 150
69 4 200
69 4 250
69 4 300
69 4 350
69 4 400
69 4 450
70 4 50
70 4 100
70 4 150
70 4 200
70 4 250
70 4 300
70 4 350
70 4 400
70 4 450
71 4 50
71 4 100
71 4 150
71 4 200
71 4 250
71 4 300
71 4 350
71 4 400
71 4 450
72 4 50
72 4 100
72 4 150
72 4 200
72 4 250
72 4 300
72 4 350
72 4 400
73 4 50
73 4 100
73 4 150
73 4 200
73 4 250
73 4 300
73 4 350
73 4 400
74 4 50
74 4 100
74 4 150
74 4 200
74 4 250
74 4 300
74 4 350
74 4 400
75 4 50
75 4 100
75 4 150
75 4 200
75 4 250
75 4 300
75 4 350
75 4 400
76 4 50
76 4 100
76 4 150
76 4 200
76 4 250
76 4 300
76 4 350
77 4 50
77 4 100
77 4 150
77 4 200
77 4 250
77 4 300
77 4 350
78 4 50
78 4 100
78 4 150
78 4 200
78 4 250
78 4 300
78 4 350
79 4 50
79 4 100
79 4 150
79 4 200
79 4 250
79 4 300
79 4 350
80 4 50
80 4 100
80 4 150
80 4 200
80 4 250
80 4 300
80 4 350
81 4 50
81 4 100
81 4 150
81 4 200
81 4 250
81 4 300
82 4 50
82 4 100
82 4 150
82 4 200
82 4 250
82 4 300
83 4 50
83 4 100
83 4 150
83 4 200
83 4 250
84 4 50
84 4 100
84 4 150
84 4 200
85 4 50
85 4 100
85 4 150
85 4 200
86 4 50
86 4 100
86 4 150
87 4 50
87 4 100
87 5 50
87 5 100
87 6 50
87 6 100
87 7 50
87 7 100
87 8 50
87 8 100
87 9 50
87 9 100
87 10 50
87 10 100
87 11 50
87 11 100
62 66 50
63 66 50
65 66 50
65 66 100
66 66 50
66 66 100
67 66 50
67 66 100
68 66 50
68 66 100
69 66 50
69 66 100
69 66 150
70 66 50
70 66 100
70 66 150
71 66 50
71 66 100
71 66 150
72 66 50
72 66 100
72 66 150
73 66 50
73 66 100
73 66 150
73 66 200
74 66 50
74 66 100
74 66 150
74 66 200
75 66 50
75 66 100
75 66 150
75 66 200
76 66 50
76 66 100
76 66 150
76 66 200
77 66 50
77 66 100
77 66 150
78 66 50
78 66 100
78 66 150
79 66 50
79 66 100
79 66 150
80 66 50
80 66 100
80 66 150
81 66 50
81 66 100
81 66 150
82 66 50
82 66 100
82 66 150
82 66 200
83 66 50
83 66 100
83 66 150
83 66 200
84 66 50
84 66 100
84 66 150
84 66 200
85 66 50
85 66 100
85 66 150
85 66 200
86 66 50
86 66 100
86 66 150
86 66 200
87 66 50
87 66 100
87 66 150
87 66 200
88 66 50
88 66 100
88 66 150
88 66 200
89 66 50
89 66 100
89 66 150
89 66 200
90 66 50
90 66 100
90 66 150
90 66 200
91 66 50
91 66 100
91 66 150
91 66 200
92 66 50
92 66 100
92 66 150
92 66 200
93 66 50
93 66 100
93 66 150
93 66 200
94 66 50
94 66 100
94 66 150
95 66 50
95 66 100
95 66 150
96 66 50
96 66 100
97 66 50
97 66 100
98 66 50
98 66 100
99 66 50
99 66 100
100 66 50
101 66 50
102 66 50
103 66 50
104 66 50
105 66 50
106 66 50
107 66 50
108 66 50
109 66 50
110 66 50
111 66 50
111 66 100
112 66 50
112 66 100
113 66 50
113 66 100
114 66 50
114 66 100
114 66 150
115 66 50
115 66 100
115 66 150
116 66 50
116 66 100
116 66 150
117 66 50
117 66 100
117 66 150
118 66 50
118 66 100
118 66 150
118 66 200
119 66 50
119 66 100
119 66 150
120 66 50
120 66 100
120 66 150
121 66 50
121 66 100
121 66 150
122 66 50
122 66 100
122 66 150
123 66 50
123 66 100
123 66 150
124 66 50
124 66 100
124 66 150
125 66 50
125 66 100
125 66 150
126 66 50
126 66 100
126 66 150
127 66 50
127 66 100
127 66 150
128 66 50
128 66 100
128 66 150
129 66 50
129 66 100
129 66 150
130 66 50
130 66 100
130 66 150
131 66 50
131 66 100
131 66 150
132 66 50
132 66 100
132 66 150
133 66 50
133 66 100
133 66 150
134 66 50
134 66 100
135 66 50
135 66 100
135 67 50
135 67 100
135 68 50
135 69 50
135 70 50
135 71 50
135 72 50
134 72 50
133 72 50
132 72 50
131 72 50
130 72 50
130 72 100
129 72 50
129 72 100
128 72 50
128 72 100
127 72 50
127 72 100
126 72 50
126 72 100
125 72 50
125 72 100
124 72 50
124 72 100
123 72 50
123 72 100
122 72 50
122 72 100
121 72 50
121 72 100
120 72 50
120 72 100
119 72 50
119 72 100
118 72 50
118 72 100
117 72 50
117 72 100
117 72 150
116 72 50
116 72 100
116 72 150
115 72 50
115 72 100
115 72 150
114 72 50
114 72 100
114 72 150
113 72 50
113 72 100
113 72 150
112 72 50
112 72 100
112 72 150
111 72 50
111 72 100
111 72 150
110 72 50
110 72 100
109 72 50
109 72 100
108 72 50
108 72 100
107 72 50
107 72 100
106 72 50
106 72 100
105 72 50
105 73 50
105 74 50
105 75 50
105 76 50
105 77 50
105 78 50
105 79 50
105 80 50
105 81 50
105 82 50
105 83 50
105 84 50
105 85 50
105 86 50
105 87 50
105 88 50
105 89 50
105 90 50
105 91 50
105 92 50
105 93 50
105 94 50
105 95 50
105 96 50
105 97 50
105 98 50
105 99 50
105 100 50
105 101 50
105 102 50
106 102 50
107 102 50
108 102 50
109 102 50
110 102 50
111 102 50
112 102 50
113 102 50
114 102 50
115 102 50
116 102 50
117 102 50
118 102 50
119 102 50
120 102 50
121 102 50
122 102 50
123 102 50
124 102 50
125 102 50
126 102 50
127 102 50
127 102 100
128 102 50
128 102 100
129 102 50
129 102 100
130 102 50
130 102 100
130 102 150
131 102 50
131 102 100
131 102 150
132 102 50
132 102 100
132 102 150
133 102 50
133 102 100
133 102 150
133 103 50
133 103 100
133 103 150
133 104 50
133 104 100
133 105 50
133 105 100
133 106 50
133 106 100
133 107 50
133 108 50
133 109 50
133 110 50
133 111 50
133 112 50
133 113 50
133 114 50
133 115 50
133 116 50
133 117 50
133 118 50
133 119 50
133 120 50
133 121 50
133 122 50
133 123 50
133 124 50
133 125 50
133 126 50
133 127 50
133 128 50
133 129 50
133 130 50
133 131 50
133 132 50
133 133 50
133 134 50
133 135 50
133 136 50
136 72 50
137 72 50
138 72 50
139 72 50
140 72 50
141 72 50
142 72 50
143 72 50
144 72 50
145 72 50
146 72 50
147 72 50
148 72 50
149 72 50
150 72 50
151 72 50
152 72 50
153 72 50
154 72 50
155 72 50
155 72 100
156 72 50
156 72 100
157 72 50
157 72 100
157 72 150
158 72 50
158 72 100
158 72 150
159 72 50
159 72 100
159 72 150
159 72 200
160 72 50
160 72 100
160 72 150
160 72 200
161 72 50
161 72 100
161 72 150
161 72 200
161 72 250
162 72 50
162 72 100
162 72 150
162 72 200
162 72 250
163 72 50
163 72 100
163 72 150
163 72 200
163 72 250
164 72 50
164 72 100
164 72 150
164 72 200
164 72 250
165 72 50
165 72 100
165 72 150
165 72 200
165 72 250
166 72 50
166 72 100
166 72 150
166 72 200
166 72 250
167 72 50
167 72 100
167 72 150
167 72 200
167 72 250
168 72 50
168 72 100
168 72 150
168 72 200
168 72 250
169 72 50
169 72 100
169 72 150
169 72 200
169 72 250
170 72 50
170 72 100
170 72 150
170 72 200
170 72 250
171 72 50
171 72 100
171 72 150
171 72 200
172 72 50
172 72 100
172 72 150
172 72 200
173 72 50
173 72 100
173 72 150
174 72 50
174 72 100
174 72 150
175 72 50
175 72 100
175 72 150
176 72 50
176 72 100
176 72 150
177 72 50
177 72 100
177 72 150
178 72 50
178 72 100
178 72 150
179 72 50
179 72 100
179 72 150
180 72 50
180 72 100
180 72 150
181 72 50
181 72 100
182 72 50
182 72 100
183 72 50
183 72 100
184 72 50
185 72 50
186 72 50
187 72 50
188 72 50
188 73 50
188 74 50
188 75 50
188 76 50
188 77 50
188 78 50
188 79 50
188 80 50
188 81 50
188 82 50
188 83 50
188 84 50
188 85 50
188 86 50
188 87 50
188 88 50
188 89 50
188 90 50
