25 185 50
25 185 50
25 185 50
25 185 50
25 185 50
25 185 50
26 185 250
26 185 50
26 185 50
27 185 300
27 185 50
27 185 50
27 185 50
27 185 50
28 185 450
28 185 50
28 185 50
28 185 50
28 185 50
29 185 600
29 185 50
29 185 50
29 185 50
29 185 50
29 185 50
29 185 50
30 185 850
30 185 50
30 185 50
30 185 50
30 185 50
30 185 50
30 185 50
30 185 50
30 185 50
31 185 1200
31 185 50
31 185 50
31 185 50
31 185 50
31 185 50
31 185 50
31 185 50
31 185 50
31 185 50
32 185 1600
32 185 50
32 185 50
32 185 50
32 185 50
32 185 50
32 185 50
32 185 50
32 185 50
32 185 50
32 185 50
32 185 50
32 185 50
33 185 2150
33 185 50
33 185 50
33 185 50
33 185 50
33 185 50
33 185 50
33 185 50
33 185 50
33 185 50
33 185 50
33 185 50
34 185 2650
34 185 50
34 185 50
34 185 50
34 185 50
34 185 50
34 185 50
34 185 50
34 185 50
34 185 50
34 185 50
34 185 50
35 185 3150
35 185 50
35 185 50
35 185 50
35 185 50
35 185 50
35 185 50
35 185 50
35 185 50
35 185 50
36 185 3550
36 185 50
36 185 50
36 185 50
36 185 50
36 185 50
36 185 50
36 185 50
37 185 3850
37 185 50
37 185 50
37 185 50
37 185 50
37 185 50
38 185 4050
38 185 50
38 185 50
38 185 50
38 185 50
39 185 4200
39 185 50
39 185 50
39 185 50
40 185 4300
40 185 50
40 185 50
41 185 4350
42 185 4350
43 185 4350
44 185 50
44 185 50
44 185 50
44 185 50
44 185 50
44 185 50
44 185 50
44 185 50
44 185 50
44 185 50
44 185 50
44 185 50
44 185 50
44 185 50
44 185 50
44 185 50
44 185 50
44 185 50
44 185 50
44 185 50
44 185 50
44 185 50
44 185 50
44 185 50
44 185 50
44 185 50
44 185 50
44 185 50
44 185 50
44 185 50
44 185 50
44 185 50
44 185 50
44 185 50
44 185 50
44 185 50
44 185 50
44 185 50
44 185 50
44 185 50
44 185 50
44 185 50
44 185 50
44 185 50
44 185 50
44 185 50
44 185 50
44 185 50
44 185 50
44 185 50
44 185 50
44 185 50
44 185 50
44 185 50
44 185 50
44 185 50
44 185 50
44 185 50
44 185 50
44 185 50
44 185 50
44 185 50
44 185 50
44 185 50
44 185 50
44 185 50
44 185 50
44 185 50
44 185 50
44 185 50
44 185 50
44 185 50
44 185 50
44 185 50
44 185 50
44 185 50
44 185 50
45 185 3800
46 185 3800
47 185 3800
48 185 50
48 185 50
48 185 50
48 185 50
48 185 50
48 185 50
48 185 50
48 185 50
48 185 50
48 185 50
48 185 50
48 185 50
48 185 50
48 185 50
48 185 50
48 185 50
48 185 50
48 185 50
48 185 50
48 185 50
48 185 50
48 185 50
48 185 50
48 185 50
48 185 50
48 185 50
48 185 50
48 185 50
48 185 50
48 185 50
48 185 50
48 185 50
48 185 50
48 185 50
48 185 50
48 185 50
48 185 50
48 185 50
48 185 50
48 185 50
48 185 50
48 185 50
48 185 50
48 185 50
48 185 50
48 185 50
49 185 2250
50 185 2250
51 185 2250
52 185 50
52 185 50
52 185 50
52 185 50
52 185 50
52 185 50
52 185 50
52 185 50
52 185 50
52 185 50
52 185 50
52 185 50
52 185 50
52 185 50
52 185 50
52 185 50
53 185 750
54 185 750
55 185 750
56 185 50
56 185 50
56 185 50
56 185 50
56 185 50
57 185 200
58 185 200
59 185 200
60 185 50
60 185 50
61 185 50
62 185 50
63 185 50
64 185 50
65 185 50
66 185 50
67 185 50
68 185 50
69 185 50
69 184 50
69 183 50
69 182 50
69 181 50
69 180 50
69 179 50
69 178 50
69 177 50
69 176 50
69 175 50
69 174 50
69 173 50
69 172 50
69 171 50
69 171 50
69 170 50
69 170 50
69 169 50
69 169 50
69 168 50
69 168 50
69 167 50
69 167 50
69 166 50
69 166 50
69 165 50
69 165 50
69 164 50
69 164 50
69 163 50
69 163 50
69 162 50
69 162 50
69 161 50
69 160 50
69 159 50
69 158 50
69 157 50
24 185 50
24 185 50
24 185 50
24 185 50
23 185 150
22 185 150
21 185 150
20 185 50
20 185 50
20 185 50
19 185 100
19 185 50
18 185 100
18 185 50
18 184 100
18 184 50
18 183 100
18 183 50
18 182 100
18 181 100
18 180 100
18 179 50
18 179 50
18 178 50
18 178 50
18 177 50
18 177 50
18 176 50
18 176 50
18 175 50
18 175 50
18 174 50
18 174 50
18 173 50
18 173 50
18 172 50
18 172 50
18 171 50
18 171 50
18 170 50
18 170 50
18 169 50
18 169 50
18 168 50
18 168 50
18 167 50
18 167 50
18 166 50
18 166 50
18 165 50
18 165 50
18 164 50
18 164 50
18 163 50
18 163 50
18 162 50
18 162 50
18 161 50
18 160 50
18 159 50
18 158 50
18 157 50
18 156 50
18 155 50
18 154 50
18 153 50
18 152 50
18 152 50
18 151 50
18 151 50
18 150 50
18 150 50
18 150 50
18 150 50
18 149 150
18 149 50
18 149 50
18 149 50
18 148 250
18 148 50
18 148 50
18 148 50
18 148 50
18 148 50
18 147 450
18 147 50
18 147 50
18 147 50
18 147 50
18 147 50
18 147 50
18 146 700
18 146 50
18 146 50
18 146 50
18 146 50
18 146 50
18 146 50
18 146 50
18 146 50
18 146 50
18 145 1100
18 145 50
18 145 50
18 145 50
18 145 50
18 145 50
18 145 50
18 145 50
18 145 50
18 145 50
18 145 50
18 145 50
18 144 1600
18 144 50
18 144 50
18 144 50
18 144 50
18 144 50
18 144 50
18 144 50
18 144 50
18 144 50
18 144 50
18 144 50
18 143 2100
18 143 50
18 143 50
18 143 50
18 143 50
18 143 50
18 143 50
18 143 50
18 143 50
18 143 50
18 143 50
18 142 2550
18 142 50
18 142 50
18 142 50
18 142 50
18 142 50
18 142 50
18 142 50
18 142 50
18 141 2900
18 141 50
18 141 50
18 141 50
18 141 50
18 141 50
18 141 50
18 141 50
18 140 3200
18 140 50
18 140 50
18 140 50
18 140 50
18 139 3350
18 139 50
18 139 50
18 138 3400
18 138 50
18 137 3400
18 136 3400
18 135 3400
18 134 50
18 134 50
18 134 50
18 134 50
18 134 50
18 134 50
18 134 50
18 134 50
18 134 50
18 134 50
18 134 50
18 134 50
18 134 50
18 134 50
18 134 50
18 134 50
18 134 50
18 134 50
18 134 50
18 134 50
18 134 50
18 134 50
18 134 50
18 134 50
18 134 50
18 134 50
18 134 50
18 134 50
18 134 50
18 134 50
18 134 50
18 134 50
18 134 50
18 134 50
18 134 50
18 134 50
18 134 50
18 134 50
18 134 50
18 134 50
18 134 50
18 134 50
18 134 50
18 134 50
18 134 50
18 134 50
18 134 50
18 134 50
18 134 50
18 134 50
18 134 50
18 134 50
18 134 50
18 134 50
18 134 50
18 133 2700
18 132 2700
18 131 2700
18 130 50
18 130 50
18 130 50
18 130 50
18 130 50
18 130 50
18 130 50
18 130 50
18 130 50
18 130 50
18 130 50
18 130 50
18 130 50
18 130 50
18 130 50
18 130 50
18 130 50
18 130 50
18 130 50
18 130 50
18 130 50
18 130 50
18 130 50
18 130 50
18 130 50
18 130 50
18 130 50
18 130 50
18 130 50
18 130 50
18 130 50
18 130 50
18 130 50
18 130 50
18 129 1650
18 128 1650
18 127 1650
18 126 50
18 126 50
18 126 50
18 126 50
18 126 50
18 126 50
18 126 50
18 126 50
18 126 50
18 126 50
18 126 50
18 125 500
18 124 500
18 123 500
18 122 50
18 122 50
18 122 50
18 121 100
18 121 50
18 120 100
18 119 100
18 118 100
18 117 50
18 117 50
18 116 50
18 116 50
18 116 50
64 112 100
65 112 100
66 112 100
67 112 50
68 112 50
69 112 50
69 113 50
69 114 50
69 115 50
69 116 50
69 117 50
69 118 50
69 119 50
69 119 50
69 120 50
69 120 50
69 121 50
69 121 50
69 121 50
69 122 100
69 122 50
69 123 100
69 123 50
69 123 50
69 124 150
69 124 50
69 124 50
69 125 200
69 125 50
69 125 50
69 126 250
69 126 50
69 126 50
69 127 300
69 127 50
69 127 50
69 128 350
69 128 50
69 129 350
69 129 50
69 130 350
69 131 350
69 132 350
69 133 50
69 133 50
69 133 50
69 133 50
69 133 50
69 134 200
69 135 200
69 136 200
69 137 50
69 137 50
69 137 50
69 138 100
69 139 100
69 140 100
69 141 50
69 142 50
69 143 50
69 144 50
69 145 50
69 146 50
69 147 50
69 148 50
69 149 50
69 150 50
69 151 50
69 152 50
69 153 50
69 154 50
69 155 50
69 156 50
70 112 50
71 112 50
72 112 50
73 112 50
73 112 50
74 112 50
74 112 50
75 112 50
75 112 50
75 112 50
76 112 100
76 112 50
77 112 100
77 112 50
77 112 50
78 112 150
78 112 50
78 112 50
79 112 200
79 112 50
79 112 50
80 112 250
80 112 50
80 112 50
80 112 50
81 112 350
81 112 50
81 112 50
81 112 50
82 112 450
82 112 50
82 112 50
82 112 50
82 112 50
83 112 600
83 112 50
83 112 50
83 112 50
83 112 50
83 112 50
84 112 800
84 112 50
84 112 50
84 112 50
84 112 50
84 112 50
84 112 50
84 112 50
85 112 1100
85 112 50
85 112 50
85 112 50
85 112 50
85 112 50
85 112 50
85 112 50
85 112 50
85 112 50
86 112 1500
86 112 50
86 112 50
86 112 50
86 112 50
86 112 50
86 112 50
86 112 50
86 112 50
86 112 50
86 112 50
86 112 50
87 112 2000
87 112 50
87 112 50
87 112 50
87 112 50
87 112 50
87 112 50
87 112 50
87 112 50
87 112 50
87 112 50
87 112 50
88 112 2500
88 112 50
88 112 50
88 112 50
88 112 50
88 112 50
88 112 50
88 112 50
88 112 50
88 112 50
88 112 50
88 112 50
89 112 3000
89 112 50
89 112 50
89 112 50
89 112 50
89 112 50
89 112 50
89 112 50
89 112 50
89 112 50
89 112 50
90 112 3450
90 112 50
90 112 50
90 112 50
90 112 50
90 112 50
90 112 50
90 112 50
90 112 50
91 112 3800
91 112 50
91 112 50
91 112 50
91 112 50
91 112 50
91 112 50
92 112 4050
92 112 50
92 112 50
92 112 50
92 112 50
92 112 50
93 112 4250
93 112 50
93 112 50
94 112 4300
94 112 50
94 112 50
95 112 4350
96 112 4350
97 112 4350
98 112 50
98 112 50
98 112 50
98 112 50
98 112 50
98 112 50
98 112 50
98 112 50
98 112 50
98 112 50
98 112 50
98 112 50
98 112 50
98 112 50
98 112 50
98 112 50
98 112 50
98 112 50
98 112 50
98 112 50
98 112 50
98 112 50
98 112 50
98 112 50
98 112 50
98 112 50
98 112 50
98 112 50
98 112 50
98 112 50
98 112 50
98 112 50
98 112 50
98 112 50
98 112 50
98 112 50
98 112 50
98 112 50
98 112 50
98 112 50
98 112 50
98 112 50
98 112 50
98 112 50
98 112 50
98 112 50
98 112 50
98 112 50
98 112 50
98 112 50
98 112 50
98 112 50
98 112 50
98 112 50
98 112 50
98 112 50
98 112 50
98 112 50
98 112 50
98 112 50
98 112 50
98 112 50
98 112 50
98 112 50
98 112 50
98 112 50
98 112 50
98 112 50
98 112 50
98 112 50
98 112 50
98 112 50
98 112 50
98 112 50
98 112 50
98 112 50
99 112 3750
100 112 3750
101 112 3750
102 112 50
102 112 50
102 112 50
102 112 50
102 112 50
102 112 50
102 112 50
102 112 50
102 112 50
102 112 50
102 112 50
102 112 50
102 112 50
102 112 50
102 112 50
102 112 50
102 112 50
102 112 50
102 112 50
102 112 50
102 112 50
102 112 50
102 112 50
102 112 50
102 112 50
102 112 50
102 112 50
102 112 50
102 112 50
102 112 50
102 112 50
102 112 50
102 112 50
102 112 50
102 112 50
102 112 50
102 112 50
102 112 50
102 112 50
102 112 50
102 112 50
102 112 50
102 112 50
102 112 50
102 112 50
102 112 50
102 112 50
103 112 2300
104 112 2300
105 112 2300
106 112 50
106 112 50
106 112 50
106 112 50
106 112 50
106 112 50
106 112 50
106 112 50
106 112 50
106 112 50
106 112 50
106 112 50
106 112 50
106 112 50
106 112 50
106 112 50
106 112 50
106 112 50
106 112 50
106 112 50
106 112 50
107 112 1000
108 112 1000
109 112 1000
110 112 50
110 112 50
110 112 50
110 112 50
110 112 50
110 112 50
111 112 250
112 112 250
113 112 250
114 112 50
114 112 50
115 112 50
115 112 50
116 112 50
116 112 50
117 112 50
117 111 50
117 110 50
117 109 50
117 108 50
118 108 50
119 108 50
120 108 50
121 108 50
122 108 50
123 108 50
123 108 50
123 109 50
123 109 50
123 110 50
123 110 50
123 111 50
123 111 50
123 112 50
123 112 50
123 113 50
123 113 50
123 114 50
123 114 50
123 115 50
123 115 50
123 116 50
123 116 50
123 117 50
123 117 50
123 118 50
123 118 50
123 119 50
123 119 50
123 120 50
123 121 50
123 122 50
123 123 50
123 124 50
123 125 50
123 126 50
123 127 50
123 128 50
123 129 50
123 130 50
123 131 50
123 132 50
123 132 50
123 133 50
123 133 50
123 134 50
123 134 50
123 135 50
123 135 50
123 136 50
123 136 50
123 136 50
123 137 100
123 137 50
123 138 100
123 138 50
123 139 100
123 139 50
123 139 50
123 140 150
123 140 50
123 141 150
123 141 50
123 142 150
123 142 50
124 142 150
124 142 50
124 142 50
125 142 200
125 142 50
125 142 50
126 142 250
126 142 50
126 142 50
127 142 300
127 142 50
127 142 50
127 142 50
128 142 400
128 142 50
128 142 50
129 142 450
129 142 50
129 142 50
129 142 50
130 142 550
130 142 50
130 142 50
130 142 50
131 142 650
131 142 50
131 142 50
131 142 50
131 142 50
132 142 800
132 142 50
132 142 50
132 142 50
132 142 50
133 142 950
133 142 50
133 142 50
133 142 50
133 142 50
133 142 50
134 142 1150
134 142 50
134 142 50
134 142 50
134 142 50
134 142 50
134 142 50
134 142 50
135 142 1450
135 142 50
135 142 50
135 142 50
135 142 50
135 142 50
135 142 50
135 142 50
136 142 1750
136 142 50
136 142 50
136 142 50
136 142 50
136 142 50
136 142 50
136 142 50
136 142 50
136 142 50
136 143 2150
136 144 2150
136 145 2150
136 146 50
136 146 50
136 146 50
136 146 50
136 146 50
136 146 50
136 146 50
136 146 50
136 146 50
136 146 50
136 146 50
136 146 50
136 146 50
136 146 50
136 146 50
136 146 50
136 146 50
136 146 50
136 146 50
136 146 50
136 146 50
136 146 50
136 146 50
136 147 1100
136 148 1100
136 149 1100
136 150 50
136 150 50
136 150 50
136 150 50
136 150 50
136 150 50
136 150 50
136 150 50
136 150 50
136 150 50
136 151 450
136 152 450
136 153 450
136 154 50
136 154 50
136 154 50
136 154 50
136 154 50
136 154 50
136 154 50
136 154 50
136 155 350
136 155 50
136 155 50
136 156 400
136 156 50
136 156 50
136 157 450
136 157 50
136 157 50
136 157 50
136 158 550
136 158 50
136 158 50
136 158 50
136 158 50
136 159 700
136 159 50
136 159 50
136 159 50
136 159 50
136 160 850
136 160 50
136 160 50
136 160 50
136 160 50
136 160 50
136 160 50
136 161 1100
136 161 50
136 161 50
136 161 50
136 161 50
136 161 50
136 161 50
136 162 1350
136 162 50
136 162 50
136 162 50
136 162 50
136 162 50
136 162 50
136 163 1600
136 163 50
136 163 50
136 163 50
136 163 50
136 163 50
136 163 50
136 164 1850
136 164 50
136 164 50
136 164 50
136 164 50
136 164 50
136 164 50
136 164 50
136 165 2150
136 165 50
136 165 50
136 165 50
136 165 50
136 165 50
136 165 50
136 165 50
136 166 2450
136 166 50
136 166 50
136 166 50
136 166 50
136 166 50
136 166 50
136 166 50
136 167 2750
136 167 50
136 167 50
136 167 50
136 167 50
136 167 50
136 167 50
136 167 50
136 168 3050
136 168 50
136 168 50
136 168 50
136 168 50
136 168 50
136 168 50
136 169 3300
136 169 50
136 169 50
136 169 50
136 169 50
136 169 50
136 169 50
136 170 3550
136 170 50
136 170 50
136 170 50
136 170 50
136 170 50
136 171 3750
136 171 50
136 171 50
136 171 50
136 171 50
136 172 3900
136 172 50
136 172 50
136 172 50
136 172 50
136 173 4050
136 173 50
136 173 50
136 174 4100
136 174 50
136 174 50
136 175 4150
136 175 50
136 176 4150
136 177 4150
136 178 4150
136 179 50
136 179 50
136 179 50
136 179 50
136 179 50
136 179 50
136 179 50
136 179 50
136 179 50
136 179 50
136 179 50
136 179 50
136 179 50
136 179 50
136 179 50
136 179 50
136 179 50
136 179 50
136 179 50
136 179 50
136 179 50
136 179 50
136 179 50
136 179 50
136 179 50
136 179 50
136 179 50
136 179 50
136 179 50
136 179 50
136 179 50
136 179 50
136 179 50
136 179 50
136 179 50
136 179 50
136 179 50
136 179 50
136 179 50
136 179 50
136 179 50
136 179 50
136 179 50
136 179 50
136 179 50
136 179 50
136 179 50
136 179 50
136 179 50
136 179 50
136 179 50
136 179 50
136 179 50
136 179 50
136 179 50
136 179 50
136 179 50
136 179 50
136 179 50
136 179 50
136 179 50
136 179 50
136 179 50
136 179 50
136 179 50
136 179 50
136 179 50
136 179 50
136 179 50
136 179 50
136 179 50
136 179 50
136 179 50
136 180 3600
136 181 3600
136 182 3600
136 183 50
136 183 50
136 183 50
136 183 50
136 183 50
136 183 50
136 183 50
136 183 50
136 183 50
136 183 50
136 183 50
136 183 50
136 183 50
136 183 50
136 183 50
136 183 50
136 183 50
136 183 50
136 183 50
136 183 50
136 183 50
136 183 50
136 183 50
136 183 50
136 183 50
136 183 50
136 183 50
136 183 50
136 183 50
136 183 50
136 183 50
136 183 50
136 183 50
136 183 50
136 183 50
136 183 50
136 183 50
136 183 50
136 183 50
136 183 50
136 183 50
136 183 50
136 183 50
136 183 50
136 183 50
136 183 50
136 184 2250
136 185 2250
136 186 2250
136 187 50
136 187 50
136 187 50
136 187 50
136 187 50
136 187 50
136 187 50
136 187 50
136 187 50
136 187 50
136 187 50
136 187 50
136 187 50
136 187 50
136 187 50
136 187 50
136 187 50
136 187 50
136 187 50
136 187 50
136 187 50
136 188 1000
136 189 1000
136 190 1000
136 191 50
136 191 50
136 191 50
136 191 50
136 191 50
136 191 50
136 191 50
136 192 300
136 193 300
136 194 300
136 195 50
136 195 50
136 196 50
136 196 50
124 108 50
124 108 50
125 108 50
125 108 50
126 108 50
126 108 50
126 108 50
127 108 100
127 108 50
127 108 50
128 108 150
128 108 50
129 108 150
129 108 50
129 108 50
130 108 200
130 108 50
130 108 50
131 108 250
131 108 50
131 108 50
132 108 300
132 108 50
132 108 50
133 108 350
133 108 50
133 108 50
133 108 50
134 108 450
134 108 50
134 108 50
134 108 50
134 108 50
135 108 600
135 108 50
135 108 50
135 108 50
135 108 50
135 108 50
136 108 800
136 108 50
136 108 50
136 108 50
136 108 50
136 108 50
136 108 50
137 108 1050
137 108 50
137 108 50
137 108 50
137 108 50
137 108 50
137 108 50
137 108 50
137 108 50
138 108 1400
138 108 50
138 108 50
138 108 50
138 108 50
138 108 50
138 108 50
138 108 50
138 108 50
139 108 1750
139 108 50
139 108 50
139 108 50
139 108 50
139 108 50
139 108 50
139 108 50
139 108 50
139 108 50
140 108 2150
140 108 50
140 108 50
140 108 50
140 108 50
140 108 50
140 108 50
140 108 50
141 108 2450
141 108 50
141 108 50
141 108 50
141 108 50
141 108 50
141 108 50
141 108 50
142 108 2750
142 108 50
142 108 50
142 108 50
142 108 50
143 108 2900
143 108 50
143 108 50
143 108 50
144 108 3000
144 108 50
144 108 50
145 108 3050
146 108 3050
147 108 3050
148 108 50
148 108 50
148 108 50
148 108 50
148 108 50
148 108 50
148 108 50
148 108 50
148 108 50
148 108 50
148 108 50
148 108 50
148 108 50
148 108 50
148 108 50
148 108 50
148 108 50
148 108 50
148 108 50
148 108 50
148 108 50
148 108 50
148 108 50
148 108 50
148 108 50
148 108 50
148 108 50
148 108 50
148 108 50
148 108 50
148 108 50
148 108 50
148 108 50
148 108 50
148 108 50
148 108 50
148 108 50
148 108 50
148 108 50
148 108 50
148 108 50
148 108 50
148 108 50
148 108 50
148 108 50
148 108 50
148 108 50
148 108 50
149 108 2350
150 108 2350
151 108 2350
152 108 50
152 108 50
152 108 50
152 108 50
152 108 50
152 108 50
152 108 50
152 108 50
152 108 50
152 108 50
152 108 50
152 108 50
152 108 50
152 108 50
152 108 50
152 108 50
152 108 50
152 108 50
152 108 50
152 108 50
152 108 50
152 108 50
152 108 50
152 108 50
153 108 1150
154 108 1150
155 108 1150
156 108 50
156 108 50
156 108 50
156 108 50
156 108 50
156 108 50
156 108 50
156 108 50
156 108 50
156 108 50
156 108 50
157 108 500
158 108 500
159 108 500
160 108 50
160 108 50
160 108 50
160 108 50
160 108 50
160 108 50
160 108 50
161 108 300
162 108 300
163 108 300
164 108 50
164 108 50
164 108 50
164 108 50
164 108 50
164 108 50
165 108 250
165 108 50
166 108 250
166 108 50
167 108 250
167 108 50
167 108 50
168 108 300
168 108 50
168 108 50
169 108 350
169 108 50
170 108 350
170 108 50
170 108 50
171 108 400
171 108 50
171 108 50
172 108 450
172 108 50
172 108 50
173 108 500
173 108 50
173 108 50
173 108 50
174 108 600
174 108 50
174 108 50
175 108 650
175 108 50
175 108 50
176 108 700
176 108 50
177 108 700
177 108 50
178 108 700
178 108 50
179 108 700
179 108 50
180 108 700
181 108 700
182 108 700
183 108 50
183 108 50
183 108 50
183 108 50
183 108 50
183 108 50
183 108 50
183 108 50
183 108 50
183 108 50
184 108 450
185 108 450
185 109 450
185 110 50
185 110 50
185 110 50
185 110 50
185 110 50
185 111 200
185 112 200
185 113 200
185 114 50
185 114 50
185 115 50
185 115 50
185 116 50
185 117 50
185 118 50
185 119 50
185 120 50
185 121 50
186 121 50
187 121 50
188 121 50
189 121 50
190 121 50
191 121 50
191 120 50
191 119 50
191 118 50
191 117 50
191 116 50
191 115 50
191 114 50
191 114 50
191 113 50
191 113 50
191 112 50
191 112 50
191 112 50
191 111 100
191 111 50
191 110 100
191 110 50
191 110 50
191 109 150
191 109 50
191 108 150
191 108 50
191 108 50
191 107 200
191 107 50
191 106 200
191 106 50
191 106 50
191 105 250
191 105 50
191 105 50
191 104 300
191 104 50
191 104 50
191 103 350
191 103 50
191 103 50
191 102 400
191 102 50
191 102 50
191 101 450
191 101 50
191 101 50
191 100 500
191 100 50
191 99 500
191 98 500
191 97 500
191 96 50
191 96 50
191 96 50
191 96 50
191 96 50
191 96 50
191 96 50
191 95 300
191 94 300
191 93 300
191 92 50
191 92 50
191 92 50
191 91 100
191 91 50
191 90 100
191 90 50
191 89 100
191 88 100
191 87 100
191 87 50
191 86 100
191 86 50
191 85 100
191 85 50
191 84 100
191 84 50
191 84 50
191 83 150
191 83 50
191 83 50
191 82 200
191 82 50
191 82 50
191 81 250
191 81 50
191 81 50
191 80 300
191 80 50
191 80 50
191 79 350
191 79 50
191 79 50
191 78 400
191 78 50
191 78 50
191 77 450
191 76 450
191 75 450
191 74 50
191 74 50
191 74 50
191 74 50
191 74 50
191 74 50
191 73 250
191 72 250
191 71 250
186 0 50
186 0 50
186 0 50
185 0 100
185 0 50
185 0 50
184 0 150
184 0 50
184 0 50
183 0 200
183 0 50
183 0 50
182 0 250
182 0 50
182 0 50
181 0 300
181 0 50
181 0 50
180 0 350
180 0 50
180 0 50
180 0 50
179 0 450
179 0 50
179 0 50
178 0 500
178 0 50
178 0 50
177 0 550
177 0 50
177 0 50
176 0 600
176 0 50
175 0 600
175 0 50
174 0 600
174 0 50
173 0 600
173 0 50
172 0 600
171 0 600
170 0 600
169 0 50
169 0 50
169 0 50
169 0 50
169 0 50
169 0 50
169 0 50
169 0 50
169 0 50
169 0 50
169 0 50
168 0 500
168 0 50
167 0 500
167 0 50
166 0 500
166 0 50
166 0 50
165 0 550
165 0 50
164 0 550
164 0 50
164 0 50
163 0 600
163 0 50
163 0 50
162 0 650
162 0 50
162 0 50
162 0 50
161 0 750
161 0 50
161 0 50
160 0 800
160 0 50
160 0 50
160 0 50
160 0 50
159 0 950
159 0 50
159 0 50
159 0 50
158 0 1050
158 0 50
158 0 50
158 0 50
158 0 50
157 0 1200
157 0 50
157 0 50
157 0 50
157 0 50
156 0 1350
156 0 50
156 0 50
156 0 50
156 0 50
156 0 50
155 0 1550
155 0 50
155 0 50
155 0 50
154 0 1650
154 0 50
154 0 50
154 0 50
153 0 1750
153 0 50
153 0 50
152 0 1800
152 0 50
151 0 1800
151 0 50
150 0 1800
149 0 1800
148 0 1800
147 0 50
147 0 50
147 0 50
147 0 50
147 0 50
147 0 50
147 0 50
147 0 50
147 0 50
147 0 50
147 0 50
147 0 50
147 0 50
147 0 50
147 0 50
147 0 50
147 0 50
147 0 50
147 0 50
147 0 50
147 0 50
147 0 50
147 0 50
147 0 50
147 0 50
147 0 50
147 0 50
147 0 50
146 0 1350
145 0 1350
144 0 1350
143 0 50
143 0 50
143 0 50
143 0 50
143 0 50
143 0 50
143 0 50
143 0 50
143 0 50
143 0 50
143 0 50
143 0 50
143 0 50
143 0 50
143 0 50
142 0 700
142 1 700
142 2 700
142 3 50
142 3 50
142 3 50
142 3 50
142 3 50
142 3 50
142 3 50
142 3 50
142 3 50
142 3 50
142 3 50
142 3 50
142 3 50
142 4 600
142 4 50
142 4 50
142 5 650
142 5 50
142 6 650
142 7 650
142 8 650
142 9 50
142 9 50
142 9 50
142 9 50
142 9 50
142 9 50
142 9 50
142 9 50
142 9 50
142 9 50
142 9 50
142 10 500
142 11 500
142 12 500
142 13 50
142 13 50
142 13 50
142 13 50
142 13 50
142 14 200
142 15 200
142 16 200
142 17 50
142 17 50
142 18 50
