174 186 16
22 35 16
22 35 17
181 94 16
181 94 17
130 194 16
109 152 16
109 152 17
109 152 18
109 152 19
171 99 16
162 108 16
148 115 16
162 115 16
148 108 16
156 112 16
162 115 16
171 108 16
181 99 16
171 94 16
177 97 16
149 115 12
149 115 2
149 115 2
149 115 2
150 115 17
150 115 3
151 115 18
151 115 2
151 115 2
151 115 2
152 115 23
152 115 3
152 115 3
153 115 27
153 115 3
153 115 3
153 115 3
153 115 3
154 115 36
154 115 4
154 115 4
154 115 4
154 115 4
155 115 49
155 115 5
155 115 5
155 115 5
156 115 60
156 115 4
156 115 4
156 115 4
157 115 68
157 115 5
157 115 5
158 115 73
159 115 55
160 115 36
160 115 4
160 115 4
161 115 41
162 114 24
162 113 17
162 113 3
162 112 18
162 111 13
162 111 2
162 111 2
162 110 16
162 109 12
162 109 2
162 109 2
163 108 12
163 108 2
164 108 13
165 108 12
166 108 11
167 108 11
168 108 11
169 108 11
170 108 11
171 107 12
171 106 11
171 105 11
171 104 11
171 103 11
171 103 2
171 102 12
171 101 11
171 101 2
171 100 12
171 100 2
171 100 2
172 99 12
172 99 2
173 99 13
173 98 12
173 98 2
174 98 13
175 98 12
175 97 11
175 97 2
176 97 12
177 96 12
177 96 2
178 96 13
179 96 12
179 96 2
179 96 2
179 95 15
179 95 2
180 95 16
180 95 2
180 95 2
181 95 19
181 95 2
181 95 2
181 95 2
181 95 2
117 135 16
126 144 16
135 135 16
126 126 16
144 144 16
144 126 16
135 117 16
27 45 16
36 54 16
45 63 16
36 72 16
53 73 16
36 73 16
27 54 16
36 45 16
22 45 16
27 35 16
52 73 12
52 73 2
51 73 13
50 73 12
49 73 11
48 73 11
47 73 11
46 73 11
45 73 11
44 73 11
43 73 11
42 73 11
41 73 11
40 73 11
39 73 11
38 73 11
37 73 11
36 71 12
36 70 11
36 69 11
36 68 11
36 67 11
36 66 11
36 65 11
36 64 11
36 63 11
36 62 11
36 61 11
36 60 11
36 59 11
36 58 11
36 57 11
36 56 11
36 55 11
36 53 12
36 52 11
36 51 11
36 50 11
36 49 11
36 48 11
36 47 11
36 46 11
35 45 12
34 45 11
33 45 11
32 45 11
31 45 11
30 45 11
29 45 11
28 45 11
27 44 12
27 43 11
27 42 11
27 41 11
27 40 11
27 39 11
27 38 11
27 37 11
27 36 11
26 35 12
25 35 11
25 35 2
24 35 12
24 35 2
23 35 13
23 35 2
171 171 16
162 180 16
135 153 16
153 135 16
126 108 16
144 108 16
135 99 16
126 126 17
162 144 16
108 144 16
144 108 17
135 135 17
180 180 16
180 162 16
144 144 17
135 117 17
126 126 18
135 135 18
126 126 19
135 135 19
117 117 16
117 135 17
99 135 16
108 126 16
117 135 18
135 115 16
148 117 16
109 135 16
117 152 16
148 116 12
148 116 2
148 116 2
147 117 12
147 117 2
147 117 2
146 117 15
145 117 12
145 117 2
145 117 2
144 117 15
144 117 2
143 117 16
143 117 2
142 117 17
142 117 3
141 117 18
141 117 2
140 117 19
140 117 2
140 117 2
139 117 22
139 117 3
138 117 23
138 117 3
138 117 3
137 117 27
137 117 3
136 117 28
136 117 3
134 117 25
134 117 2
134 117 2
134 117 2
133 117 30
133 117 3
132 117 31
132 117 4
131 117 33
131 117 3
130 117 34
130 117 3
130 117 3
129 117 37
129 117 4
128 117 38
128 117 4
127 117 39
126 117 29
126 117 3
125 117 30
124 117 22
123 117 16
123 117 2
122 117 17
121 117 13
120 117 12
119 117 11
118 117 11
117 118 12
117 119 11
117 119 2
117 120 12
117 120 2
117 121 13
117 121 2
117 121 2
117 122 16
117 122 2
117 122 2
117 123 19
117 123 2
117 123 2
117 123 2
117 124 24
117 124 3
117 124 3
117 124 3
117 125 31
117 125 4
117 125 4
117 125 4
117 125 4
117 126 44
117 126 4
117 126 4
117 126 4
117 126 4
117 126 4
117 126 4
117 126 4
117 127 68
117 127 5
117 127 5
117 127 5
117 127 5
117 127 5
117 127 5
117 127 5
117 127 5
117 128 102
117 128 5
117 128 5
117 128 5
117 128 5
117 128 5
117 128 5
117 128 5
117 128 5
117 128 5
117 128 5
117 129 144
117 129 7
117 129 7
117 129 7
117 129 7
117 129 7
117 129 7
117 129 7
117 130 182
117 130 9
117 130 9
117 131 188
117 132 141
117 133 95
117 134 60
117 136 41
117 137 29
117 138 19
117 139 14
117 139 2
117 140 15
117 141 12
117 141 2
117 142 13
117 143 12
117 144 11
117 145 11
117 146 11
117 147 11
117 148 11
117 149 11
117 150 11
117 151 11
116 152 12
115 152 11
115 152 2
115 152 2
114 152 14
114 152 2
113 152 15
113 152 2
113 152 2
112 152 18
112 152 3
112 152 3
111 152 22
111 152 3
111 152 3
111 152 3
110 152 29
110 152 3
110 152 3
110 152 3
110 152 3
110 152 3
126 180 16
117 189 16
117 171 16
108 180 16
135 189 16
117 153 16
117 171 17
117 171 18
117 171 19
99 189 16
126 162 16
108 162 16
117 171 20
117 171 21
117 171 22
99 171 16
144 180 16
108 180 17
126 180 17
117 171 24
135 171 16
108 162 17
117 171 26
126 162 17
189 171 16
189 153 16
198 162 16
198 144 16
171 153 16
198 126 16
180 144 16
108 198 16
90 198 16
189 135 16
90 180 16
117 171 28
108 180 18
126 180 18
117 171 30
99 153 16
108 162 18
126 162 18
126 180 19
126 180 20
126 180 21
171 189 16
144 162 16
126 180 22
135 189 17
135 171 17
135 171 18
135 171 19
135 171 20
135 171 21
135 171 22
126 180 24
153 189 16
153 171 16
135 171 24
126 180 26
144 180 17
135 171 26
153 171 17
126 180 28
144 162 17
135 171 28
126 180 30
135 171 30
144 180 18
117 171 32
162 162 16
153 153 16
108 180 19
153 171 18
126 180 32
135 171 32
171 135 16
144 162 18
198 108 16
117 171 34
180 126 16
108 162 19
189 117 16
126 180 34
135 171 34
117 171 36
108 180 20
99 189 17
144 180 19
126 180 36
153 171 19
135 171 36
108 162 20
144 162 19
99 171 17
117 171 39
81 189 16
126 180 39
108 180 21
135 171 39
144 180 20
171 117 16
171 171 17
180 162 17
189 153 17
198 144 17
171 153 17
171 135 17
171 171 18
180 162 18
189 153 18
171 135 18
162 126 16
171 171 19
180 162 19
189 153 19
171 135 19
171 171 20
180 162 20
189 153 20
171 135 20
171 171 21
180 162 21
90 162 16
117 171 40
189 153 21
189 135 17
99 153 17
171 135 21
180 144 17
180 126 17
198 144 18
180 126 18
198 144 19
180 126 19
198 144 20
180 126 20
153 171 20
198 144 21
126 180 40
180 126 21
180 162 22
171 171 22
189 153 22
198 144 22
180 162 24
180 117 16
174 180 16
180 186 16
171 109 12
171 110 11
171 111 11
171 112 11
171 113 11
171 114 11
171 115 11
171 116 11
172 117 12
173 117 11
174 117 11
175 117 11
176 117 11
177 117 11
178 117 11
179 117 11
180 118 12
180 119 11
180 119 2
180 120 12
180 120 2
180 120 2
180 121 15
180 121 2
180 121 2
180 121 2
180 122 20
180 122 2
180 122 2
180 122 2
180 122 2
180 123 27
180 123 3
180 123 3
180 123 3
180 123 3
180 123 3
180 124 39
180 124 3
180 124 3
180 124 3
180 124 3
180 124 3
180 124 3
180 125 54
180 125 4
180 125 4
180 125 4
180 125 4
180 125 4
180 125 4
180 127 98
180 127 6
180 127 6
180 128 104
180 128 5
180 128 5
180 128 5
180 128 5
180 129 117
180 129 6
180 129 6
180 129 6
180 130 128
180 130 7
180 130 7
180 130 7
180 130 7
180 131 147
180 131 8
180 131 8
180 131 8
180 131 8
180 132 169
180 132 7
180 132 7
180 132 7
180 132 7
180 133 186
180 133 8
180 133 8
180 133 8
180 134 199
180 134 9
180 134 9
180 135 204
180 135 8
180 136 201
180 137 150
180 137 8
180 138 149
180 139 111
180 140 75
180 141 47
180 142 29
180 142 3
180 142 3
180 143 33
180 145 25
180 145 2
180 145 2
180 146 28
180 146 3
180 147 29
180 147 3
180 147 3
180 148 33
180 148 3
180 148 3
180 149 36
180 149 4
180 149 4
180 150 41
180 150 3
180 151 41
180 151 4
180 152 42
180 152 4
180 153 43
180 153 4
180 153 4
180 154 48
180 154 5
180 154 5
180 154 5
180 155 59
180 155 4
180 155 4
180 155 4
180 155 4
180 156 71
180 156 5
180 156 5
180 156 5
180 156 5
180 156 5
180 157 90
180 157 5
180 157 5
180 157 5
180 157 5
180 157 5
180 157 5
180 158 113
180 158 7
180 158 7
180 158 7
180 158 7
180 159 132
180 159 6
180 159 6
180 159 6
180 159 6
180 159 6
180 160 154
180 160 7
180 160 7
180 161 158
180 161 7
180 163 141
180 164 104
180 164 6
180 165 104
180 166 78
180 167 53
180 168 34
180 168 3
180 168 3
180 168 3
180 169 40
180 170 30
180 171 20
180 171 2
180 171 2
180 171 2
180 172 25
180 173 18
180 173 3
180 174 19
180 175 14
180 175 2
180 176 15
180 177 12
180 178 11
180 179 11
180 181 12
180 182 11
180 183 11
180 184 11
180 185 11
179 186 12
178 186 11
177 186 11
176 186 11
175 186 11
175 186 2
162 198 16
171 189 17
171 189 18
130 189 16
135 194 16
173 186 12
173 186 2
173 186 2
173 186 2
173 187 17
172 187 13
172 187 2
172 187 2
172 187 2
172 187 2
172 187 2
172 187 2
172 187 2
172 188 26
171 188 21
171 188 3
171 188 3
171 188 3
171 188 3
171 188 3
171 188 3
171 188 3
170 189 41
170 189 3
170 189 3
170 189 3
170 189 3
170 189 3
170 189 3
170 189 3
170 189 3
169 189 61
169 189 5
169 189 5
169 189 5
169 189 5
169 189 5
169 189 5
169 189 5
168 189 90
168 189 5
168 189 5
168 189 5
168 189 5
168 189 5
168 189 5
168 189 5
168 189 5
167 189 123
167 189 7
167 189 7
167 189 7
167 189 7
167 189 7
166 189 149
166 189 7
166 189 7
166 189 7
166 189 7
165 189 167
165 189 7
165 189 7
164 189 171
164 189 8
163 189 169
163 189 7
162 189 166
161 189 125
161 189 6
160 189 124
159 189 93
158 189 62
157 189 39
156 189 25
155 189 17
155 189 3
154 189 18
152 189 12
152 189 2
152 189 2
151 189 15
150 189 12
150 189 2
149 189 13
148 189 12
148 189 2
147 189 13
147 189 2
146 189 14
145 189 12
145 189 2
145 189 2
144 189 15
143 189 12
143 189 2
143 189 2
142 189 15
141 189 12
141 189 2
141 189 2
140 189 15
140 189 2
139 189 16
139 189 2
138 189 17
138 189 3
137 189 18
137 189 2
137 189 2
136 189 21
136 189 3
135 190 25
135 191 18
135 192 13
135 193 12
134 194 12
133 194 11
132 194 11
131 194 11
