39 130 16
39 130 17
39 130 18
39 130 19
39 130 20
39 130 21
39 130 22
169 112 16
169 112 17
169 112 18
169 112 19
169 112 20
169 112 21
169 112 22
169 112 23
169 112 24
169 112 25
169 112 26
169 112 27
169 112 28
13 152 16
13 152 17
13 152 18
13 152 19
126 146 16
126 146 17
98 67 16
177 60 16
177 60 17
177 60 18
177 60 19
177 60 20
177 60 21
177 60 22
177 60 23
197 33 16
197 33 17
81 81 16
75 89 16
72 90 16
75 89 17
81 89 16
98 81 16
81 67 16
76 89 25
77 89 17
78 89 13
79 89 12
79 89 2
80 89 13
81 88 12
81 87 11
81 87 2
81 86 12
81 85 11
81 84 11
81 83 11
81 82 11
81 80 12
81 79 11
81 78 11
81 77 11
81 76 11
81 75 11
81 74 11
81 73 11
81 72 11
81 71 11
81 70 11
81 69 11
81 68 11
82 67 12
83 67 11
84 67 11
85 67 11
86 67 11
87 67 11
88 67 11
89 67 11
90 67 11
91 67 11
92 67 11
93 67 11
94 67 11
95 67 11
96 67 11
97 67 11
117 153 16
126 162 16
117 171 16
106 176 16
106 176 17
108 180 16
106 176 18
106 176 19
117 176 16
126 171 16
107 176 60
108 176 43
108 176 4
109 176 44
110 176 33
110 176 3
111 176 34
112 176 25
113 176 17
113 176 3
114 176 18
115 176 13
115 176 2
116 176 14
117 175 12
117 174 11
117 174 2
117 173 12
117 172 11
118 171 12
119 171 11
120 171 11
121 171 11
122 171 11
123 171 11
124 171 11
125 171 11
126 170 12
126 169 11
126 168 11
126 167 11
126 166 11
126 165 11
126 164 11
126 163 11
126 161 12
126 160 11
126 159 11
126 158 11
126 157 11
126 156 11
126 155 11
126 154 11
126 153 11
126 152 11
126 151 11
126 150 11
126 150 2
126 149 12
126 149 2
126 148 13
126 148 2
126 147 14
126 147 2
45 117 16
54 126 16
36 126 16
171 117 16
153 117 16
162 126 16
45 135 16
162 108 16
171 63 16
54 108 16
36 108 16
63 117 16
45 99 16
162 54 16
171 135 16
162 72 16
144 108 16
72 126 16
153 63 16
144 126 16
54 144 16
153 135 16
135 117 16
27 153 16
18 162 16
36 162 16
27 171 16
45 171 16
36 180 16
54 180 16
45 189 16
72 180 16
63 171 16
36 198 16
63 135 16
63 189 16
27 117 16
171 45 16
54 162 16
36 144 16
63 99 16
144 54 16
180 126 16
162 144 16
90 180 16
180 36 16
180 72 16
171 99 16
153 99 16
144 72 16
45 153 16
72 108 16
171 81 16
81 117 16
81 171 16
54 198 16
135 63 16
135 135 16
171 153 16
54 90 16
36 90 16
45 81 16
153 45 16
189 27 16
171 27 16
72 144 16
63 153 16
162 90 16
81 189 16
180 18 16
162 18 16
126 108 16
72 162 16
171 9 16
153 27 16
162 36 16
153 81 16
81 135 16
126 54 16
144 18 16
144 144 16
126 144 16
135 153 16
162 126 17
153 117 17
153 135 17
162 126 18
153 117 18
171 117 17
162 126 19
153 117 19
171 135 17
162 126 20
153 117 20
171 117 18
162 126 21
153 117 21
171 135 18
162 126 22
153 117 22
171 117 19
162 126 24
144 153 16
135 144 16
153 144 16
144 135 16
149 140 16
153 144 16
144 135 16
162 135 16
153 126 16
158 131 16
162 135 16
153 126 16
162 112 16
169 126 16
166 119 16
162 112 16
169 126 16
166 119 16
162 112 16
169 126 16
166 119 16
162 112 16
169 126 16
166 119 16
162 112 16
169 126 16
166 119 16
162 112 16
169 126 16
166 119 16
162 112 16
169 126 16
166 119 16
162 112 16
169 126 16
166 119 16
162 112 16
169 126 16
166 119 16
162 112 16
169 126 16
166 119 16
162 112 16
169 126 16
166 119 16
162 112 16
169 126 16
166 119 16
162 112 16
169 126 16
166 119 16
162 112 16
169 126 16
166 119 16
162 112 16
169 126 16
166 119 16
162 112 16
169 126 16
166 119 16
162 112 16
169 126 16
166 119 16
162 112 16
169 126 16
166 119 16
162 112 16
127 153 11
128 153 11
129 153 11
130 153 11
131 153 11
132 153 11
133 153 11
134 153 11
135 152 12
135 151 11
135 150 11
135 149 11
135 149 2
135 148 12
135 147 11
135 147 2
135 146 12
135 146 2
135 145 13
136 144 12
136 144 2
137 144 13
137 144 2
138 144 14
139 144 12
139 144 2
140 144 13
140 144 2
141 144 14
142 144 12
142 144 2
143 144 13
143 144 2
144 143 12
144 143 2
144 142 13
144 142 2
144 141 14
144 141 2
144 140 15
144 140 2
144 139 16
144 139 2
144 138 17
144 137 13
144 137 2
144 137 2
144 137 2
144 136 18
144 136 3
145 135 24
146 135 17
146 135 3
146 135 3
146 135 3
147 135 24
147 135 2
147 135 2
148 135 27
149 135 20
149 135 2
149 135 2
149 135 2
149 135 2
150 135 27
151 135 20
151 135 2
151 135 2
151 135 2
152 135 25
153 134 25
153 133 17
153 133 3
153 133 3
153 133 3
153 132 24
153 132 2
153 131 25
153 130 18
153 130 3
153 130 3
153 129 22
153 128 16
153 128 2
153 128 2
153 128 2
153 127 21
154 126 24
155 126 17
155 126 3
155 126 3
156 126 21
156 126 3
156 126 3
156 126 3
157 126 28
157 126 3
157 126 3
157 126 3
158 126 35
158 126 4
158 126 4
158 126 4
159 126 44
159 126 4
159 126 4
159 126 4
159 126 4
159 126 4
160 126 60
160 126 4
160 126 4
160 126 4
160 126 4
160 126 4
161 126 76
161 126 6
161 126 6
161 126 6
161 126 6
161 126 6
162 125 141
162 124 104
162 124 6
162 124 6
162 124 6
162 124 6
162 124 6
162 124 6
162 123 132
162 123 6
162 123 6
162 123 6
162 122 142
162 122 7
162 122 7
162 122 7
162 122 7
162 121 160
162 121 8
162 121 8
162 121 8
162 121 8
162 120 181
162 120 9
162 120 9
162 120 9
162 120 9
162 120 9
162 119 213
162 119 9
162 119 9
162 119 9
162 119 9
162 119 9
162 118 244
162 118 9
162 118 9
162 118 9
162 118 9
162 117 265
162 117 10
162 117 10
162 117 10
162 117 10
162 116 289
162 116 9
162 116 9
162 115 291
162 115 10
162 115 10
162 114 295
162 114 10
162 113 289
162 113 9
163 112 285
163 112 10
163 112 10
164 112 289
164 112 9
165 112 282
166 112 211
166 112 8
166 112 8
166 112 8
166 112 8
166 112 8
166 112 8
166 112 8
167 112 253
167 112 10
168 112 249
168 112 9
168 112 9
189 63 16
180 90 16
189 81 16
198 36 16
180 108 16
171 63 17
171 81 17
45 117 17
162 72 17
54 126 17
54 180 17
180 72 17
18 144 16
180 54 16
189 45 16
27 99 16
54 108 17
63 117 17
45 99 17
198 54 16
171 99 17
72 180 17
9 135 16
162 90 17
198 72 16
99 171 16
72 198 16
27 135 16
180 90 17
90 126 16
126 72 16
18 126 16
135 45 16
81 153 16
117 63 16
153 9 16
90 144 16
180 0 16
63 99 17
189 99 16
81 99 16
171 63 18
99 189 16
90 180 17
162 108 17
90 162 16
135 27 16
144 36 16
180 108 17
99 135 16
108 54 16
162 54 17
126 18 16
144 54 17
162 0 16
126 54 17
171 81 18
117 45 16
18 108 16
135 9 16
162 72 18
45 117 18
0 144 16
54 126 18
54 108 18
63 117 18
72 126 17
63 99 18
63 81 16
72 108 17
54 108 19
63 117 19
90 108 16
81 117 17
72 90 17
63 99 19
108 126 16
72 126 18
54 90 17
54 108 20
63 117 20
72 108 18
81 99 17
63 99 20
117 135 16
99 117 16
81 117 18
72 90 18
72 126 19
54 90 18
72 108 19
54 90 19
72 126 20
72 108 20
54 90 20
54 108 21
63 117 21
63 99 21
72 108 21
63 99 22
72 108 22
63 99 24
72 108 24
63 99 26
72 108 26
63 99 28
72 108 28
81 99 18
63 99 30
72 108 30
63 108 16
72 117 16
67 112 16
63 108 16
72 117 16
67 112 16
63 108 16
72 117 16
67 112 16
63 108 16
72 117 16
67 112 16
63 108 16
72 117 16
67 112 16
63 108 16
72 117 16
67 112 16
63 108 16
72 117 16
67 112 16
63 108 16
72 117 16
67 112 16
63 108 16
72 117 16
67 112 16
63 108 16
72 117 16
67 112 16
63 108 16
72 117 16
67 112 16
63 108 16
72 117 16
67 112 16
63 108 16
72 117 16
67 112 16
63 108 16
72 117 16
67 112 16
63 108 16
72 117 16
67 112 16
63 108 16
72 117 16
67 112 16
63 108 16
72 117 16
67 112 16
63 108 16
72 117 16
67 112 16
63 108 16
72 117 16
67 112 16
63 108 16
72 117 16
67 112 16
63 108 16
72 117 16
67 112 16
63 108 16
72 117 16
67 112 16
63 108 16
72 117 16
67 112 16
63 108 16
72 117 16
67 112 16
63 108 16
72 117 16
67 112 16
63 108 16
72 117 16
67 112 16
63 108 16
72 117 16
67 112 16
54 117 16
63 126 16
58 121 16
54 117 16
63 126 16
58 121 16
54 117 16
63 126 16
58 121 16
54 117 16
63 126 16
58 121 16
54 117 16
63 126 16
58 121 16
39 126 16
54 130 16
46 128 16
39 126 16
54 130 16
46 128 16
39 126 16
54 130 16
46 128 16
39 126 16
54 130 16
46 128 16
74 89 25
73 89 17
73 89 3
73 89 3
73 89 3
73 89 3
72 89 27
72 89 3
72 89 3
72 89 3
72 91 41
72 91 3
72 91 3
72 91 3
72 92 47
72 92 5
72 92 5
72 92 5
72 93 58
72 93 5
72 93 5
72 93 5
72 93 5
72 93 5
72 94 78
72 94 5
72 94 5
72 94 5
72 94 5
72 94 5
72 94 5
72 94 5
72 95 107
72 95 6
72 95 6
72 95 6
72 95 6
72 95 6
72 95 6
72 95 6
72 96 141
72 96 7
72 96 7
72 96 7
72 96 7
72 96 7
72 96 7
72 97 173
72 97 8
72 97 8
72 97 8
72 97 8
72 97 8
72 97 8
72 98 209
72 98 9
72 98 9
72 98 9
72 99 223
72 99 8
72 100 219
72 101 164
72 101 7
72 101 7
72 101 7
72 102 175
72 103 131
72 103 7
72 103 7
72 103 7
72 104 143
72 104 7
72 105 141
72 105 7
72 106 139
72 106 7
72 106 7
72 107 144
72 107 7
72 107 7
72 107 7
72 107 7
72 107 7
72 107 7
71 108 219
71 108 9
71 108 9
71 108 9
71 108 9
71 108 9
71 109 250
71 109 9
71 109 9
71 109 9
71 109 9
71 109 9
71 109 9
71 109 9
71 109 9
71 109 9
71 109 9
70 109 323
70 109 11
70 109 11
70 109 11
70 110 338
70 110 10
70 110 10
70 110 10
70 110 10
70 110 10
70 110 10
70 110 10
70 110 10
70 110 10
70 110 10
70 110 10
69 110 426
69 110 13
69 111 417
69 111 13
69 111 13
69 111 13
69 111 13
69 111 13
69 111 13
68 111 470
68 112 352
68 112 11
68 112 11
68 112 11
68 112 11
68 112 11
68 112 11
68 112 11
68 112 11
68 112 11
68 112 11
68 112 11
68 112 11
67 113 408
66 113 318
66 113 10
66 113 10
66 114 321
65 114 240
65 115 198
65 115 8
64 115 195
64 116 146
63 116 120
63 116 6
62 117 98
62 117 6
62 118 98
61 118 73
61 118 5
61 118 5
61 118 5
61 118 5
61 119 87
60 119 65
60 119 5
60 119 5
60 119 5
60 119 5
60 120 80
59 120 60
59 120 5
59 120 5
59 120 5
59 120 5
59 121 75
59 121 6
58 122 70
58 122 5
57 122 70
57 123 52
57 123 4
57 123 4
57 123 4
57 123 4
56 123 64
56 124 48
56 124 4
56 124 4
56 124 4
55 124 57
55 125 42
55 125 3
55 125 3
55 125 3
55 125 3
54 125 51
53 126 41
52 126 29
52 126 3
51 126 30
51 127 22
51 127 3
51 127 3
51 127 3
51 127 3
50 127 32
50 127 3
49 127 33
49 127 3
48 127 34
48 127 3
48 127 3
48 127 3
47 127 40
47 127 3
47 127 3
47 127 3
47 128 46
47 128 4
47 128 4
45 128 55
45 128 4
45 128 4
45 128 4
45 128 4
45 128 4
44 128 71
44 128 5
44 128 5
44 128 5
44 128 5
43 128 85
43 128 6
43 128 6
43 128 6
43 128 6
43 128 6
43 129 108
42 129 81
42 129 5
42 129 5
42 129 5
42 129 5
42 129 5
42 129 5
42 129 5
42 129 5
42 129 5
41 129 119
41 129 6
41 129 6
41 129 6
40 129 130
40 129 7
40 129 7
39 129 135
39 129 7
27 135 17
27 135 18
27 135 19
18 144 17
27 153 17
36 144 17
27 135 20
36 162 17
18 144 18
27 135 21
27 153 18
36 144 18
27 135 22
18 144 19
36 162 18
36 144 19
36 144 20
45 153 17
36 144 21
36 144 22
45 135 17
36 144 24
54 162 17
45 153 18
36 144 26
54 144 17
45 135 18
45 153 19
45 153 20
45 153 21
45 153 22
45 153 24
45 153 26
36 144 28
45 153 28
36 153 16
45 162 16
40 157 16
36 153 16
45 162 16
40 157 16
36 153 16
45 162 16
40 157 16
36 153 16
45 162 16
40 157 16
36 153 16
45 162 16
13 162 16
45 129 71
45 129 5
45 130 71
45 131 53
45 131 4
45 131 4
45 131 4
45 132 61
45 133 46
45 133 4
45 133 4
45 134 51
45 136 41
45 136 3
45 136 3
45 136 3
45 136 3
45 136 3
45 137 53
45 137 5
45 137 5
45 137 5
45 138 63
45 138 5
45 138 5
45 138 5
45 138 5
45 138 5
45 139 83
45 139 5
45 139 5
45 139 5
45 139 5
45 139 5
45 139 5
45 140 107
45 140 6
45 140 6
45 140 6
45 140 6
45 140 6
45 140 6
45 140 6
45 140 6
45 141 147
45 141 8
45 141 8
45 141 8
45 141 8
45 141 8
45 141 8
45 141 8
45 141 8
45 142 200
45 142 9
45 142 9
45 142 9
45 142 9
45 142 9
45 142 9
45 142 9
45 142 9
45 142 9
45 143 266
45 143 9
45 143 9
45 143 9
45 143 9
45 143 9
45 143 9
45 143 9
45 143 9
45 143 9
45 144 329
45 144 10
45 144 10
45 144 10
45 144 10
45 144 10
45 144 10
45 144 10
45 145 379
45 145 11
45 145 11
45 145 11
45 146 392
45 146 11
45 147 383
45 148 287
45 148 9
45 148 9
45 148 9
45 148 9
45 149 306
45 150 229
45 150 9
45 150 9
45 150 9
45 150 9
45 151 251
45 152 188
45 152 9
45 152 9
45 152 9
45 152 9
45 154 191
45 154 8
45 154 8
45 154 8
45 155 204
45 155 8
45 156 201
45 156 9
45 157 198
45 158 148
45 158 7
45 158 7
45 158 7
45 158 7
45 158 7
45 159 173
45 160 130
45 161 87
45 161 5
44 162 70
43 162 56
42 162 39
42 162 4
42 162 4
41 162 44
41 162 4
40 162 45
40 162 4
39 162 46
39 162 4
38 162 47
38 162 4
37 162 48
35 162 41
34 162 29
33 162 19
33 162 2
33 162 2
32 162 22
31 162 16
30 162 12
30 162 2
29 162 13
29 162 2
28 162 14
27 162 12
27 162 2
26 162 13
26 162 2
25 162 14
24 162 12
24 162 2
24 162 2
23 162 15
23 162 2
22 162 16
22 162 2
21 162 17
20 162 13
20 162 2
20 162 2
19 162 16
19 162 2
17 162 12
17 162 2
17 162 2
16 162 15
15 162 12
15 162 2
15 162 2
14 162 15
14 162 2
13 161 12
13 161 2
13 161 2
13 161 2
13 160 17
13 159 13
13 159 2
13 159 2
13 159 2
13 158 18
13 157 13
13 157 2
13 157 2
13 157 2
13 156 18
13 156 3
13 155 19
13 155 2
13 155 2
13 154 22
13 154 3
13 154 3
13 153 26
13 153 3
13 153 3
13 153 3
13 153 3
180 72 18
180 90 18
171 99 18
180 108 18
180 90 19
171 81 19
171 99 19
171 99 20
171 99 21
171 99 22
162 90 18
171 99 24
162 108 18
135 81 16
171 99 26
162 90 19
171 99 28
162 108 19
171 99 30
144 90 16
162 90 20
153 81 17
171 99 32
162 108 20
171 99 34
153 99 17
162 90 21
180 108 19
117 81 16
171 99 36
162 108 21
153 81 18
198 90 16
162 90 22
180 90 20
171 99 39
153 99 18
162 108 22
180 108 20
189 117 16
171 99 40
162 90 24
180 90 21
117 27 16
126 36 16
153 81 19
108 72 16
171 99 40
169 99 16
171 112 16
170 105 16
169 99 16
171 112 16
170 105 16
169 99 16
171 112 16
170 105 16
169 99 16
171 112 16
170 105 16
169 99 16
171 112 16
170 105 16
169 99 16
171 112 16
170 105 16
169 99 16
171 112 16
170 105 16
169 99 16
171 112 16
170 105 16
169 99 16
171 112 16
170 105 16
169 99 16
171 112 16
170 105 16
169 99 16
171 112 16
170 105 16
169 99 16
171 112 16
170 105 16
169 99 16
171 112 16
170 105 16
169 99 16
171 112 16
170 105 16
169 99 16
171 112 16
170 105 16
169 99 16
171 112 16
170 105 16
169 99 16
171 112 16
170 105 16
169 99 16
171 112 16
170 105 16
169 99 16
171 112 16
170 105 16
169 99 16
171 112 16
170 105 16
169 99 16
171 112 16
170 105 16
169 99 16
171 112 16
180 81 16
171 72 16
176 77 16
180 81 16
171 72 16
176 77 16
180 81 16
171 72 16
176 77 16
180 81 16
171 72 16
180 60 16
177 72 16
179 65 16
180 60 16
177 72 16
179 65 16
180 60 16
177 72 16
170 112 263
170 112 9
170 112 9
170 112 9
170 112 9
170 112 9
171 111 331
171 111 10
171 111 10
171 111 10
171 111 10
171 111 10
171 110 362
171 110 12
171 110 12
171 110 12
171 110 12
171 110 12
171 109 400
171 109 12
171 109 12
171 109 12
171 109 12
171 109 12
171 109 12
171 109 12
171 108 460
171 108 14
171 108 14
171 108 14
171 108 14
171 108 14
171 107 503
171 107 14
171 107 14
171 107 14
171 107 14
171 106 531
171 106 14
171 106 14
171 106 14
171 105 544
171 104 408
171 104 12
171 104 12
171 104 12
171 104 12
171 104 12
171 104 12
171 104 12
171 103 468
171 102 350
171 102 11
171 102 11
171 102 11
171 102 11
171 102 11
171 102 11
171 101 396
171 100 297
171 100 10
171 100 10
171 100 10
171 100 10
171 100 10
171 100 10
171 100 10
171 100 10
171 100 10
171 100 10
171 100 10
171 98 426
171 98 12
171 98 12
171 98 12
171 98 12
171 97 450
171 97 12
171 97 12
171 97 12
171 97 12
171 96 473
171 96 13
171 96 13
171 96 13
171 95 487
171 94 365
171 94 10
171 94 10
171 94 10
171 94 10
171 94 10
171 94 10
171 94 10
171 93 414
171 92 311
171 91 210
171 91 9
171 90 206
171 89 155
171 88 105
171 87 66
171 87 5
171 86 66
171 85 49
171 85 5
171 85 5
171 84 55
171 84 5
171 83 56
171 83 5
171 82 57
171 82 5
171 82 5
171 80 60
171 80 4
171 80 4
171 79 64
171 79 5
171 79 5
171 78 69
171 78 5
171 78 5
171 78 5
171 77 79
171 77 5
171 77 5
171 77 5
171 76 88
171 76 5
171 76 5
171 75 92
171 74 69
171 74 5
171 74 5
171 74 5
171 73 79
172 72 55
172 72 4
172 72 4
173 72 60
173 72 4
174 72 60
175 72 45
175 72 4
175 72 4
176 72 50
178 72 39
179 72 28
179 72 3
179 72 3
179 72 3
177 71 39
177 70 28
177 70 3
177 69 29
177 68 21
177 68 3
177 68 3
177 67 25
177 67 3
177 67 3
177 66 29
177 66 3
177 66 3
177 65 33
177 65 3
177 65 3
177 65 3
177 65 3
177 64 42
177 64 4
177 64 4
177 64 4
177 64 4
177 64 4
177 63 59
177 63 5
177 63 5
177 63 5
177 63 5
177 63 5
177 62 79
177 62 5
177 62 5
177 62 5
177 62 5
177 62 5
177 62 5
177 61 103
177 61 5
177 61 5
177 61 5
177 61 5
177 61 5
177 61 5
189 45 17
189 62 16
177 45 16
183 53 16
189 62 16
177 45 16
183 53 16
189 62 16
177 45 16
183 53 16
197 45 16
189 33 16
193 39 16
197 45 16
189 33 16
178 61 126
178 60 95
178 60 5
178 60 5
178 60 5
178 60 5
179 60 108
179 59 81
179 59 5
179 59 5
179 58 85
180 58 63
180 58 5
180 57 63
181 57 47
181 57 4
181 56 48
182 56 36
182 56 4
182 55 37
182 55 4
182 55 4
182 54 42
182 54 4
183 54 43
184 53 39
184 52 28
184 52 3
184 52 3
184 52 3
184 52 3
184 51 37
184 51 4
184 51 4
185 51 42
185 50 32
185 50 4
186 50 34
186 49 25
186 49 2
186 48 26
187 48 19
187 48 2
187 47 20
188 47 15
188 47 2
188 47 2
188 47 2
188 46 20
189 46 15
189 46 2
189 46 2
189 46 2
189 44 25
189 43 17
189 43 3
189 42 18
189 41 13
189 41 2
189 41 2
189 41 2
189 40 18
189 39 13
189 39 2
189 39 2
189 38 16
189 38 2
189 37 17
189 36 13
189 36 2
189 36 2
189 35 16
189 35 2
189 34 17
190 33 24
191 33 17
191 33 3
192 33 18
193 33 13
193 33 2
193 33 2
193 33 2
194 33 18
195 33 13
195 33 2
195 33 2
196 33 16
196 33 2
