143 14 128
191 1 128
170 64 128
54 180 128
72 180 88
90 180 88
108 180 88
123 190 88
108 190 88
122 190 60
121 190 43
120 190 32
119 190 25
118 190 25
117 190 25
116 190 25
115 190 25
114 190 25
113 190 25
112 190 25
111 190 25
110 190 25
109 190 25
108 189 37
108 188 28
108 187 25
108 186 25
108 185 25
108 184 25
108 183 25
108 182 25
108 181 25
107 180 37
106 180 28
105 180 25
104 180 25
103 180 25
102 180 25
101 180 25
100 180 25
99 180 25
98 180 25
97 180 25
96 180 25
95 180 25
94 180 25
93 180 25
92 180 25
91 180 25
89 180 37
88 180 28
87 180 25
86 180 25
85 180 25
84 180 25
83 180 25
82 180 25
81 180 25
80 180 25
79 180 25
78 180 25
77 180 25
76 180 25
75 180 25
74 180 25
73 180 25
71 180 37
70 180 28
69 180 25
68 180 25
67 180 25
66 180 25
65 180 25
64 180 25
63 180 25
62 180 25
61 180 25
60 180 25
59 180 25
58 180 25
57 180 25
56 180 25
55 180 25
171 81 88
180 72 88
171 63 88
189 63 88
171 99 88
180 90 88
189 81 88
162 72 88
198 72 88
153 81 88
162 90 88
153 63 88
144 72 88
135 63 88
135 81 88
126 72 88
117 63 88
117 81 88
108 72 88
99 63 88
117 99 88
108 90 88
108 108 88
99 99 88
99 117 88
85 126 88
117 81 134
99 126 88
108 99 88
99 90 88
117 90 88
108 81 88
113 86 88
117 90 127
108 81 127
170 63 88
86 126 60
87 126 43
88 126 32
89 126 25
90 126 25
91 126 25
92 126 25
93 126 25
94 126 25
95 126 25
96 126 25
97 126 25
98 126 25
99 125 37
99 124 28
99 123 25
99 122 25
99 121 25
99 120 25
99 119 25
99 118 25
99 116 37
99 115 28
99 114 25
99 113 25
99 112 25
99 111 25
99 110 25
99 109 25
99 108 25
99 108 25
99 107 44
99 106 37
99 105 32
99 105 25
99 104 52
99 103 45
99 102 38
99 101 32
99 100 26
99 98 38
99 97 28
99 96 25
99 95 25
99 94 25
99 93 25
99 92 25
99 92 25
99 91 44
100 90 63
101 90 47
102 90 35
103 90 27
103 90 25
104 90 46
105 90 40
106 90 34
106 90 25
107 90 54
108 89 66
108 88 52
108 88 25
108 87 75
108 86 68
108 86 26
108 85 94
108 84 86
108 84 25
108 83 113
108 82 105
108 82 25
109 81 179
110 81 154
111 81 130
111 81 25
112 81 163
113 81 154
114 81 138
115 81 120
115 81 25
116 81 151
117 80 183
117 79 153
117 78 125
117 77 102
117 77 25
117 76 131
117 75 123
117 75 25
117 74 155
117 73 147
117 72 131
117 71 113
117 70 96
117 69 80
117 68 66
117 67 54
117 66 44
117 65 35
117 64 28
118 63 41
119 63 31
120 63 25
120 63 25
121 63 44
122 63 37
122 63 25
123 63 58
124 63 51
124 63 25
125 63 73
125 63 29
126 63 101
127 63 93
128 63 81
129 63 69
130 63 58
131 63 47
132 63 38
133 63 31
134 63 25
134 63 25
136 63 64
137 63 47
138 63 35
139 63 27
140 63 25
141 63 25
142 63 25
143 63 25
144 63 25
145 63 25
146 63 25
147 63 25
148 63 25
149 63 25
150 63 25
151 63 25
151 63 25
152 63 44
154 63 63
155 63 45
156 63 33
156 63 25
157 63 53
158 63 46
159 63 40
159 63 25
160 63 61
161 63 54
161 63 25
162 63 77
163 63 70
164 63 61
165 63 52
165 63 25
166 63 75
167 63 68
168 63 59
169 63 50
169 63 25
144 18 88
144 36 88
144 54 88
144 62 25
144 61 25
144 60 25
144 59 25
144 58 25
144 57 25
144 56 25
144 55 25
144 53 37
144 52 28
144 51 25
144 50 25
144 49 25
144 48 25
144 47 25
144 46 25
144 45 25
144 44 25
144 43 25
144 42 25
144 41 25
144 40 25
144 39 25
144 38 25
144 37 25
144 35 37
144 34 28
144 33 25
144 32 25
144 31 25
144 30 25
144 29 25
144 28 25
144 27 25
144 26 25
144 25 25
144 24 25
144 23 25
144 22 25
144 21 25
144 20 25
144 19 25
144 17 37
144 16 28
144 15 25
144 15 25
143 15 44
180 18 88
162 18 88
191 18 88
145 18 37
146 18 28
147 18 25
148 18 25
149 18 25
150 18 25
151 18 25
152 18 25
153 18 25
154 18 25
155 18 25
156 18 25
157 18 25
158 18 25
159 18 25
160 18 25
161 18 25
163 18 37
164 18 28
165 18 25
166 18 25
167 18 25
168 18 25
169 18 25
170 18 25
171 18 25
172 18 25
173 18 25
174 18 25
175 18 25
176 18 25
177 18 25
178 18 25
179 18 25
181 18 37
182 18 28
183 18 25
184 18 25
185 18 25
186 18 25
187 18 25
188 18 25
189 18 25
190 18 25
191 17 37
191 16 28
191 15 25
191 14 25
191 13 25
191 12 25
191 11 25
191 10 25
191 9 25
191 8 25
191 7 25
191 6 25
191 5 25
191 4 25
191 3 25
191 2 25
