33 35 16
33 35 18
45 45 13
54 54 13
45 63 13
63 45 13
63 63 13
54 72 13
72 54 13
45 81 13
81 45 13
36 54 13
54 36 13
72 36 13
90 36 13
63 27 13
72 72 13
27 45 13
63 81 13
81 63 13
36 72 13
54 90 13
90 54 13
45 99 13
99 45 13
81 27 13
108 36 13
108 54 13
108 72 13
117 63 13
126 54 13
108 90 13
108 108 13
117 99 13
126 90 13
126 108 13
135 99 13
135 117 13
144 108 13
153 99 13
135 135 13
144 126 13
153 117 13
162 108 13
126 126 13
144 144 13
153 135 13
135 153 13
144 90 13
162 90 13
162 126 13
171 99 13
171 117 13
171 135 13
180 108 13
162 144 13
180 126 13
171 153 13
156 158 13
72 36 15
54 18 13
90 36 15
108 72 15
99 63 13
171 117 15
189 99 13
171 135 15
72 36 17
72 18 13
99 27 13
90 36 17
108 72 17
171 117 17
189 117 13
180 144 13
171 135 17
72 36 19
63 45 15
54 54 15
72 54 15
90 54 15
72 54 17
90 72 13
90 54 17
72 54 19
81 81 13
72 90 13
90 54 19
90 36 19
63 63 15
81 63 15
72 72 15
99 63 15
90 72 15
63 99 13
99 81 13
63 81 15
81 81 15
81 63 17
72 72 17
63 81 17
90 72 17
81 81 17
99 63 17
81 63 19
72 72 19
63 81 19
90 72 19
81 81 19
99 63 19
90 90 13
72 90 15
72 90 17
72 90 19
81 99 13
36 18 13
171 117 19
171 135 19
54 108 13
72 108 13
63 117 13
81 117 13
72 126 13
90 126 13
81 135 13
72 144 13
99 135 13
90 144 13
81 153 13
108 126 13
108 144 13
117 153 13
108 162 13
126 144 13
126 162 13
54 72 15
54 90 15
90 126 15
126 144 15
153 153 13
117 153 15
144 144 15
54 90 17
90 126 17
126 144 17
54 90 19
90 126 19
99 117 13
126 144 19
117 135 13
135 135 15
135 135 17
135 135 19
54 90 22
90 126 22
135 135 22
126 144 22
135 135 25
126 144 25
135 135 28
126 144 28
126 126 15
135 135 32
126 144 32
135 153 15
144 126 15
135 135 36
126 144 36
117 153 17
117 171 13
126 126 17
144 126 17
144 126 19
144 126 22
144 126 25
144 126 28
144 126 32
144 126 36
135 135 41
126 144 41
144 162 13
135 153 17
144 126 41
135 135 47
126 144 47
117 153 19
144 126 47
135 153 19
108 180 13
99 153 13
135 135 53
126 144 53
135 171 13
153 171 13
108 162 15
126 162 15
117 171 15
144 126 53
117 153 22
135 117 15
144 162 15
135 135 60
126 144 60
153 171 15
135 153 22
153 117 15
144 126 60
108 162 17
126 162 17
117 171 17
144 162 17
153 171 17
126 162 19
117 171 19
144 162 19
153 171 19
126 162 22
117 171 22
126 180 13
144 162 22
153 171 22
144 180 13
126 162 25
117 171 25
144 162 25
153 171 25
117 153 25
135 135 68
144 153 13
153 144 13
135 144 13
144 135 13
139 140 13
135 144 13
144 135 13
108 135 13
63 126 13
54 117 13
45 54 13
54 45 13
33 45 13
45 35 13
156 157 12
155 157 11
155 156 11
155 155 11
154 155 11
154 154 11
153 154 11
153 152 12
153 151 11
153 150 11
153 149 11
153 148 11
153 147 11
153 146 11
153 145 11
152 144 12
151 144 11
150 144 11
149 144 11
148 144 11
147 144 11
146 144 11
145 144 11
145 144 2
144 143 20
144 142 15
144 142 4
144 141 17
144 140 13
144 140 3
144 140 3
144 139 17
144 138 13
144 138 3
144 138 3
144 137 17
144 137 4
144 136 19
143 135 20
143 135 5
143 135 5
142 135 27
142 135 5
142 135 5
142 135 5
141 135 38
141 135 5
141 135 5
141 135 5
141 135 5
140 135 54
140 135 6
140 135 6
140 135 6
140 135 6
140 135 6
139 135 79
139 135 8
139 135 8
139 135 8
139 135 8
139 135 8
138 135 111
138 135 10
138 135 10
138 135 10
138 135 10
138 135 10
138 135 10
138 135 10
137 135 170
137 135 10
137 135 10
137 135 10
137 135 10
137 135 10
137 135 10
137 135 10
137 135 10
136 135 236
136 135 14
136 135 14
136 135 14
136 135 14
136 135 14
136 135 14
136 135 14
134 135 428
134 135 17
134 135 17
134 135 17
133 135 453
133 135 19
133 135 19
132 135 464
132 135 20
131 135 456
130 135 341
129 135 230
129 135 13
128 135 228
127 135 170
126 135 114
125 135 72
124 135 44
123 135 28
122 135 19
121 135 14
120 135 12
120 135 3
119 135 13
118 135 12
116 135 12
115 135 11
114 135 11
113 135 11
112 135 11
111 135 11
110 135 11
109 135 11
108 134 12
108 133 11
108 132 11
108 131 11
108 130 11
108 129 11
108 128 11
108 127 11
107 126 12
106 126 11
105 126 11
104 126 11
103 126 11
102 126 11
102 126 2
101 126 12
100 126 11
100 126 3
99 126 12
99 126 3
98 126 13
98 126 3
97 126 14
97 126 4
97 126 4
96 126 20
96 126 5
95 126 22
95 126 4
95 126 4
95 126 4
94 126 32
94 126 5
94 126 5
94 126 5
93 126 43
93 126 7
93 126 7
92 126 52
92 126 6
92 126 6
92 126 6
92 126 6
91 126 71
91 126 7
91 126 7
89 126 74
89 126 7
88 126 75
87 126 56
87 126 6
86 126 58
85 126 43
84 126 29
83 126 19
83 126 5
82 126 21
81 126 15
81 126 4
80 126 17
79 126 13
79 126 3
78 126 14
77 126 12
76 126 11
76 126 3
75 126 12
74 126 11
74 126 3
73 126 12
71 126 12
70 126 11
69 126 11
68 126 11
67 126 11
66 126 11
65 126 11
64 126 11
63 125 12
63 124 11
63 123 11
63 122 11
63 121 11
63 120 11
63 119 11
63 118 11
62 117 12
61 117 11
60 117 11
59 117 11
58 117 11
57 117 11
56 117 11
55 117 11
54 116 12
54 115 11
54 114 11
54 113 11
54 112 11
54 111 11
54 110 11
54 109 11
54 107 12
54 106 11
54 105 11
54 104 11
54 103 11
54 102 11
54 101 11
54 100 11
54 100 2
54 99 12
54 99 3
54 98 13
54 98 3
54 98 3
54 97 17
54 97 4
54 97 4
54 96 23
54 96 4
54 96 4
54 96 4
54 95 33
54 95 5
54 95 5
54 94 39
54 94 6
54 94 6
54 94 6
54 93 53
54 93 6
54 93 6
54 92 60
54 92 7
54 92 7
54 92 7
54 91 75
54 91 7
54 89 74
54 89 7
54 88 75
54 88 7
54 87 76
54 86 57
54 86 7
54 86 7
54 85 65
54 84 48
54 84 5
54 83 49
54 82 36
54 81 24
54 81 4
54 81 4
54 80 30
54 79 22
54 79 5
54 78 24
54 77 17
54 77 4
54 76 19
54 75 14
54 75 3
54 75 3
54 74 18
54 73 13
54 73 3
54 71 21
54 70 15
54 69 12
54 69 3
54 68 13
54 68 3
54 67 14
54 67 4
54 66 16
54 65 12
54 65 3
54 65 3
54 64 16
54 64 4
54 63 18
54 63 4
54 62 20
54 62 5
54 61 22
54 61 4
54 60 24
54 60 4
54 59 26
54 59 4
54 58 28
54 58 5
54 57 30
54 57 5
54 56 32
54 55 23
54 55 4
54 55 4
54 53 21
54 53 3
54 53 3
54 52 25
54 51 18
54 51 4
54 50 20
54 49 15
54 49 4
54 48 17
54 47 13
54 46 12
53 45 12
52 45 11
51 45 11
50 45 11
49 45 11
48 45 11
47 45 11
46 45 11
45 44 12
45 43 11
45 42 11
45 41 11
45 40 11
45 39 11
45 38 11
45 37 11
45 36 11
44 35 12
43 35 11
42 35 11
41 35 11
40 35 11
39 35 11
39 35 2
38 35 12
38 35 3
37 35 13
37 35 3
36 35 14
36 35 4
35 35 16
34 35 12
34 35 3
34 35 3
